Name,Phone 1 - Type,Phone 1 - Value
Mobitel-076-6567320,Mobile,+8550766567320
Mobitel-076-6567321,Mobile,+8550766567321
Mobitel-076-6567322,Mobile,+8550766567322
Mobitel-076-6567323,Mobile,+8550766567323
Mobitel-076-6567324,Mobile,+8550766567324
Mobitel-076-6567325,Mobile,+8550766567325
Mobitel-076-6567326,Mobile,+8550766567326
Mobitel-076-6567327,Mobile,+8550766567327
Mobitel-076-6567328,Mobile,+8550766567328
Mobitel-076-6567329,Mobile,+8550766567329
Mobitel-076-6567330,Mobile,+8550766567330
Mobitel-076-6567331,Mobile,+8550766567331
Mobitel-076-6567332,Mobile,+8550766567332
Mobitel-076-6567333,Mobile,+8550766567333
Mobitel-076-6567334,Mobile,+8550766567334
Mobitel-076-6567335,Mobile,+8550766567335
Mobitel-076-6567336,Mobile,+8550766567336
Mobitel-076-6567337,Mobile,+8550766567337
Mobitel-076-6567338,Mobile,+8550766567338
Mobitel-076-6567339,Mobile,+8550766567339
Mobitel-076-6567340,Mobile,+8550766567340
Mobitel-076-6567341,Mobile,+8550766567341
Mobitel-076-6567342,Mobile,+8550766567342
Mobitel-076-6567343,Mobile,+8550766567343
Mobitel-076-6567344,Mobile,+8550766567344
Mobitel-076-6567345,Mobile,+8550766567345
Mobitel-076-6567346,Mobile,+8550766567346
Mobitel-076-6567347,Mobile,+8550766567347
Mobitel-076-6567348,Mobile,+8550766567348
Mobitel-076-6567349,Mobile,+8550766567349
Mobitel-076-6567350,Mobile,+8550766567350
Mobitel-076-6567351,Mobile,+8550766567351
Mobitel-076-6567352,Mobile,+8550766567352
Mobitel-076-6567353,Mobile,+8550766567353
Mobitel-076-6567354,Mobile,+8550766567354
Mobitel-076-6567355,Mobile,+8550766567355
Mobitel-076-6567356,Mobile,+8550766567356
Mobitel-076-6567357,Mobile,+8550766567357
Mobitel-076-6567358,Mobile,+8550766567358
Mobitel-076-6567359,Mobile,+8550766567359
Mobitel-076-6567360,Mobile,+8550766567360
Mobitel-076-6567361,Mobile,+8550766567361
Mobitel-076-6567362,Mobile,+8550766567362
Mobitel-076-6567363,Mobile,+8550766567363
Mobitel-076-6567364,Mobile,+8550766567364
Mobitel-076-6567365,Mobile,+8550766567365
Mobitel-076-6567366,Mobile,+8550766567366
Mobitel-076-6567367,Mobile,+8550766567367
Mobitel-076-6567368,Mobile,+8550766567368
Mobitel-076-6567369,Mobile,+8550766567369
Mobitel-076-6567370,Mobile,+8550766567370
Mobitel-076-6567371,Mobile,+8550766567371
Mobitel-076-6567372,Mobile,+8550766567372
Mobitel-076-6567373,Mobile,+8550766567373
Mobitel-076-6567374,Mobile,+8550766567374
Mobitel-076-6567375,Mobile,+8550766567375
Mobitel-076-6567376,Mobile,+8550766567376
Mobitel-076-6567377,Mobile,+8550766567377
Mobitel-076-6567378,Mobile,+8550766567378
Mobitel-076-6567379,Mobile,+8550766567379
Mobitel-076-6567380,Mobile,+8550766567380
Mobitel-076-6567381,Mobile,+8550766567381
Mobitel-076-6567382,Mobile,+8550766567382
Mobitel-076-6567383,Mobile,+8550766567383
Mobitel-076-6567384,Mobile,+8550766567384
Mobitel-076-6567385,Mobile,+8550766567385
Mobitel-076-6567386,Mobile,+8550766567386
Mobitel-076-6567387,Mobile,+8550766567387
Mobitel-076-6567388,Mobile,+8550766567388
Mobitel-076-6567389,Mobile,+8550766567389
Mobitel-076-6567390,Mobile,+8550766567390
Mobitel-076-6567391,Mobile,+8550766567391
Mobitel-076-6567392,Mobile,+8550766567392
Mobitel-076-6567393,Mobile,+8550766567393
Mobitel-076-6567394,Mobile,+8550766567394
Mobitel-076-6567395,Mobile,+8550766567395
Mobitel-076-6567396,Mobile,+8550766567396
Mobitel-076-6567397,Mobile,+8550766567397
Mobitel-076-6567398,Mobile,+8550766567398
Mobitel-076-6567399,Mobile,+8550766567399
Mobitel-076-6567400,Mobile,+8550766567400
Mobitel-076-6567401,Mobile,+8550766567401
Mobitel-076-6567402,Mobile,+8550766567402
Mobitel-076-6567403,Mobile,+8550766567403
Mobitel-076-6567404,Mobile,+8550766567404
Mobitel-076-6567405,Mobile,+8550766567405
Mobitel-076-6567406,Mobile,+8550766567406
Mobitel-076-6567407,Mobile,+8550766567407
Mobitel-076-6567408,Mobile,+8550766567408
Mobitel-076-6567409,Mobile,+8550766567409
Mobitel-076-6567410,Mobile,+8550766567410
Mobitel-076-6567411,Mobile,+8550766567411
Mobitel-076-6567412,Mobile,+8550766567412
Mobitel-076-6567413,Mobile,+8550766567413
Mobitel-076-6567414,Mobile,+8550766567414
Mobitel-076-6567415,Mobile,+8550766567415
Mobitel-076-6567416,Mobile,+8550766567416
Mobitel-076-6567417,Mobile,+8550766567417
Mobitel-076-6567418,Mobile,+8550766567418
Mobitel-076-6567419,Mobile,+8550766567419
Mobitel-076-6567420,Mobile,+8550766567420
Mobitel-076-6567421,Mobile,+8550766567421
Mobitel-076-6567422,Mobile,+8550766567422
Mobitel-076-6567423,Mobile,+8550766567423
Mobitel-076-6567424,Mobile,+8550766567424
Mobitel-076-6567425,Mobile,+8550766567425
Mobitel-076-6567426,Mobile,+8550766567426
Mobitel-076-6567427,Mobile,+8550766567427
Mobitel-076-6567428,Mobile,+8550766567428
Mobitel-076-6567429,Mobile,+8550766567429
Mobitel-076-6567430,Mobile,+8550766567430
Mobitel-076-6567431,Mobile,+8550766567431
Mobitel-076-6567432,Mobile,+8550766567432
Mobitel-076-6567433,Mobile,+8550766567433
Mobitel-076-6567434,Mobile,+8550766567434
Mobitel-076-6567435,Mobile,+8550766567435
Mobitel-076-6567436,Mobile,+8550766567436
Mobitel-076-6567437,Mobile,+8550766567437
Mobitel-076-6567438,Mobile,+8550766567438
Mobitel-076-6567439,Mobile,+8550766567439
Mobitel-076-6567440,Mobile,+8550766567440
Mobitel-076-6567441,Mobile,+8550766567441
Mobitel-076-6567442,Mobile,+8550766567442
Mobitel-076-6567443,Mobile,+8550766567443
Mobitel-076-6567444,Mobile,+8550766567444
Mobitel-076-6567445,Mobile,+8550766567445
Mobitel-076-6567446,Mobile,+8550766567446
Mobitel-076-6567447,Mobile,+8550766567447
Mobitel-076-6567448,Mobile,+8550766567448
Mobitel-076-6567449,Mobile,+8550766567449
Mobitel-076-6567450,Mobile,+8550766567450
Mobitel-076-6567451,Mobile,+8550766567451
Mobitel-076-6567452,Mobile,+8550766567452
Mobitel-076-6567453,Mobile,+8550766567453
Mobitel-076-6567454,Mobile,+8550766567454
Mobitel-076-6567455,Mobile,+8550766567455
Mobitel-076-6567456,Mobile,+8550766567456
Mobitel-076-6567457,Mobile,+8550766567457
Mobitel-076-6567458,Mobile,+8550766567458
Mobitel-076-6567459,Mobile,+8550766567459
Mobitel-076-6567460,Mobile,+8550766567460
Mobitel-076-6567461,Mobile,+8550766567461
Mobitel-076-6567462,Mobile,+8550766567462
Mobitel-076-6567463,Mobile,+8550766567463
Mobitel-076-6567464,Mobile,+8550766567464
Mobitel-076-6567465,Mobile,+8550766567465
Mobitel-076-6567466,Mobile,+8550766567466
Mobitel-076-6567467,Mobile,+8550766567467
Mobitel-076-6567468,Mobile,+8550766567468
Mobitel-076-6567469,Mobile,+8550766567469
Mobitel-076-6567470,Mobile,+8550766567470
Mobitel-076-6567471,Mobile,+8550766567471
Mobitel-076-6567472,Mobile,+8550766567472
Mobitel-076-6567473,Mobile,+8550766567473
Mobitel-076-6567474,Mobile,+8550766567474
Mobitel-076-6567475,Mobile,+8550766567475
Mobitel-076-6567476,Mobile,+8550766567476
Mobitel-076-6567477,Mobile,+8550766567477
Mobitel-076-6567478,Mobile,+8550766567478
Mobitel-076-6567479,Mobile,+8550766567479
Mobitel-076-6567480,Mobile,+8550766567480
Mobitel-076-6567481,Mobile,+8550766567481
Mobitel-076-6567482,Mobile,+8550766567482
Mobitel-076-6567483,Mobile,+8550766567483
Mobitel-076-6567484,Mobile,+8550766567484
Mobitel-076-6567485,Mobile,+8550766567485
Mobitel-076-6567486,Mobile,+8550766567486
Mobitel-076-6567487,Mobile,+8550766567487
Mobitel-076-6567488,Mobile,+8550766567488
Mobitel-076-6567489,Mobile,+8550766567489
Mobitel-076-6567490,Mobile,+8550766567490
Mobitel-076-6567491,Mobile,+8550766567491
Mobitel-076-6567492,Mobile,+8550766567492
Mobitel-076-6567493,Mobile,+8550766567493
Mobitel-076-6567494,Mobile,+8550766567494
Mobitel-076-6567495,Mobile,+8550766567495
Mobitel-076-6567496,Mobile,+8550766567496
Mobitel-076-6567497,Mobile,+8550766567497
Mobitel-076-6567498,Mobile,+8550766567498
Mobitel-076-6567499,Mobile,+8550766567499
Mobitel-076-6567500,Mobile,+8550766567500
Mobitel-076-6567501,Mobile,+8550766567501
Mobitel-076-6567502,Mobile,+8550766567502
Mobitel-076-6567503,Mobile,+8550766567503
Mobitel-076-6567504,Mobile,+8550766567504
Mobitel-076-6567505,Mobile,+8550766567505
Mobitel-076-6567506,Mobile,+8550766567506
Mobitel-076-6567507,Mobile,+8550766567507
Mobitel-076-6567508,Mobile,+8550766567508
Mobitel-076-6567509,Mobile,+8550766567509
Mobitel-076-6567510,Mobile,+8550766567510
Mobitel-076-6567511,Mobile,+8550766567511
Mobitel-076-6567512,Mobile,+8550766567512
Mobitel-076-6567513,Mobile,+8550766567513
Mobitel-076-6567514,Mobile,+8550766567514
Mobitel-076-6567515,Mobile,+8550766567515
Mobitel-076-6567516,Mobile,+8550766567516
Mobitel-076-6567517,Mobile,+8550766567517
Mobitel-076-6567518,Mobile,+8550766567518
Mobitel-076-6567519,Mobile,+8550766567519
Mobitel-076-6567520,Mobile,+8550766567520
Mobitel-076-6567521,Mobile,+8550766567521
Mobitel-076-6567522,Mobile,+8550766567522
Mobitel-076-6567523,Mobile,+8550766567523
Mobitel-076-6567524,Mobile,+8550766567524
Mobitel-076-6567525,Mobile,+8550766567525
Mobitel-076-6567526,Mobile,+8550766567526
Mobitel-076-6567527,Mobile,+8550766567527
Mobitel-076-6567528,Mobile,+8550766567528
Mobitel-076-6567529,Mobile,+8550766567529
Mobitel-076-6567530,Mobile,+8550766567530
Mobitel-076-6567531,Mobile,+8550766567531
Mobitel-076-6567532,Mobile,+8550766567532
Mobitel-076-6567533,Mobile,+8550766567533
Mobitel-076-6567534,Mobile,+8550766567534
Mobitel-076-6567535,Mobile,+8550766567535
Mobitel-076-6567536,Mobile,+8550766567536
Mobitel-076-6567537,Mobile,+8550766567537
Mobitel-076-6567538,Mobile,+8550766567538
Mobitel-076-6567539,Mobile,+8550766567539
Mobitel-076-6567540,Mobile,+8550766567540
Mobitel-076-6567541,Mobile,+8550766567541
Mobitel-076-6567542,Mobile,+8550766567542
Mobitel-076-6567543,Mobile,+8550766567543
Mobitel-076-6567544,Mobile,+8550766567544
Mobitel-076-6567545,Mobile,+8550766567545
Mobitel-076-6567546,Mobile,+8550766567546
Mobitel-076-6567547,Mobile,+8550766567547
Mobitel-076-6567548,Mobile,+8550766567548
Mobitel-076-6567549,Mobile,+8550766567549
Mobitel-076-6567550,Mobile,+8550766567550
Mobitel-076-6567551,Mobile,+8550766567551
Mobitel-076-6567552,Mobile,+8550766567552
Mobitel-076-6567553,Mobile,+8550766567553
Mobitel-076-6567554,Mobile,+8550766567554
Mobitel-076-6567555,Mobile,+8550766567555
Mobitel-076-6567556,Mobile,+8550766567556
Mobitel-076-6567557,Mobile,+8550766567557
Mobitel-076-6567558,Mobile,+8550766567558
Mobitel-076-6567559,Mobile,+8550766567559
Mobitel-076-6567560,Mobile,+8550766567560
Mobitel-076-6567561,Mobile,+8550766567561
Mobitel-076-6567562,Mobile,+8550766567562
Mobitel-076-6567563,Mobile,+8550766567563
Mobitel-076-6567564,Mobile,+8550766567564
Mobitel-076-6567565,Mobile,+8550766567565
Mobitel-076-6567566,Mobile,+8550766567566
Mobitel-076-6567567,Mobile,+8550766567567
Mobitel-076-6567568,Mobile,+8550766567568
Mobitel-076-6567569,Mobile,+8550766567569
Mobitel-076-6567570,Mobile,+8550766567570
Mobitel-076-6567571,Mobile,+8550766567571
Mobitel-076-6567572,Mobile,+8550766567572
Mobitel-076-6567573,Mobile,+8550766567573
Mobitel-076-6567574,Mobile,+8550766567574
Mobitel-076-6567575,Mobile,+8550766567575
Mobitel-076-6567576,Mobile,+8550766567576
Mobitel-076-6567577,Mobile,+8550766567577
Mobitel-076-6567578,Mobile,+8550766567578
Mobitel-076-6567579,Mobile,+8550766567579
Mobitel-076-6567580,Mobile,+8550766567580
Mobitel-076-6567581,Mobile,+8550766567581
Mobitel-076-6567582,Mobile,+8550766567582
Mobitel-076-6567583,Mobile,+8550766567583
Mobitel-076-6567584,Mobile,+8550766567584
Mobitel-076-6567585,Mobile,+8550766567585
Mobitel-076-6567586,Mobile,+8550766567586
Mobitel-076-6567587,Mobile,+8550766567587
Mobitel-076-6567588,Mobile,+8550766567588
Mobitel-076-6567589,Mobile,+8550766567589
Mobitel-076-6567590,Mobile,+8550766567590
Mobitel-076-6567591,Mobile,+8550766567591
Mobitel-076-6567592,Mobile,+8550766567592
Mobitel-076-6567593,Mobile,+8550766567593
Mobitel-076-6567594,Mobile,+8550766567594
Mobitel-076-6567595,Mobile,+8550766567595
Mobitel-076-6567596,Mobile,+8550766567596
Mobitel-076-6567597,Mobile,+8550766567597
Mobitel-076-6567598,Mobile,+8550766567598
Mobitel-076-6567599,Mobile,+8550766567599
Mobitel-076-6567600,Mobile,+8550766567600
Mobitel-076-6567601,Mobile,+8550766567601
Mobitel-076-6567602,Mobile,+8550766567602
Mobitel-076-6567603,Mobile,+8550766567603
Mobitel-076-6567604,Mobile,+8550766567604
Mobitel-076-6567605,Mobile,+8550766567605
Mobitel-076-6567606,Mobile,+8550766567606
Mobitel-076-6567607,Mobile,+8550766567607
Mobitel-076-6567608,Mobile,+8550766567608
Mobitel-076-6567609,Mobile,+8550766567609
Mobitel-076-6567610,Mobile,+8550766567610
Mobitel-076-6567611,Mobile,+8550766567611
Mobitel-076-6567612,Mobile,+8550766567612
Mobitel-076-6567613,Mobile,+8550766567613
Mobitel-076-6567614,Mobile,+8550766567614
Mobitel-076-6567615,Mobile,+8550766567615
Mobitel-076-6567616,Mobile,+8550766567616
Mobitel-076-6567617,Mobile,+8550766567617
Mobitel-076-6567618,Mobile,+8550766567618
Mobitel-076-6567619,Mobile,+8550766567619
Mobitel-076-6567620,Mobile,+8550766567620
Mobitel-076-6567621,Mobile,+8550766567621
Mobitel-076-6567622,Mobile,+8550766567622
Mobitel-076-6567623,Mobile,+8550766567623
Mobitel-076-6567624,Mobile,+8550766567624
Mobitel-076-6567625,Mobile,+8550766567625
Mobitel-076-6567626,Mobile,+8550766567626
Mobitel-076-6567627,Mobile,+8550766567627
Mobitel-076-6567628,Mobile,+8550766567628
Mobitel-076-6567629,Mobile,+8550766567629
Mobitel-076-6567630,Mobile,+8550766567630
Mobitel-076-6567631,Mobile,+8550766567631
Mobitel-076-6567632,Mobile,+8550766567632
Mobitel-076-6567633,Mobile,+8550766567633
Mobitel-076-6567634,Mobile,+8550766567634
Mobitel-076-6567635,Mobile,+8550766567635
Mobitel-076-6567636,Mobile,+8550766567636
Mobitel-076-6567637,Mobile,+8550766567637
Mobitel-076-6567638,Mobile,+8550766567638
Mobitel-076-6567639,Mobile,+8550766567639
Mobitel-076-6567640,Mobile,+8550766567640
Mobitel-076-6567641,Mobile,+8550766567641
Mobitel-076-6567642,Mobile,+8550766567642
Mobitel-076-6567643,Mobile,+8550766567643
Mobitel-076-6567644,Mobile,+8550766567644
Mobitel-076-6567645,Mobile,+8550766567645
Mobitel-076-6567646,Mobile,+8550766567646
Mobitel-076-6567647,Mobile,+8550766567647
Mobitel-076-6567648,Mobile,+8550766567648
Mobitel-076-6567649,Mobile,+8550766567649
Mobitel-076-6567650,Mobile,+8550766567650
Mobitel-076-6567651,Mobile,+8550766567651
Mobitel-076-6567652,Mobile,+8550766567652
Mobitel-076-6567653,Mobile,+8550766567653
Mobitel-076-6567654,Mobile,+8550766567654
Mobitel-076-6567655,Mobile,+8550766567655
Mobitel-076-6567656,Mobile,+8550766567656
Mobitel-076-6567657,Mobile,+8550766567657
Mobitel-076-6567658,Mobile,+8550766567658
Mobitel-076-6567659,Mobile,+8550766567659
Mobitel-076-6567660,Mobile,+8550766567660
Mobitel-076-6567661,Mobile,+8550766567661
Mobitel-076-6567662,Mobile,+8550766567662
Mobitel-076-6567663,Mobile,+8550766567663
Mobitel-076-6567664,Mobile,+8550766567664
Mobitel-076-6567665,Mobile,+8550766567665
Mobitel-076-6567666,Mobile,+8550766567666
Mobitel-076-6567667,Mobile,+8550766567667
Mobitel-076-6567668,Mobile,+8550766567668
Mobitel-076-6567669,Mobile,+8550766567669
Mobitel-076-6567670,Mobile,+8550766567670
Mobitel-076-6567671,Mobile,+8550766567671
Mobitel-076-6567672,Mobile,+8550766567672
Mobitel-076-6567673,Mobile,+8550766567673
Mobitel-076-6567674,Mobile,+8550766567674
Mobitel-076-6567675,Mobile,+8550766567675
Mobitel-076-6567676,Mobile,+8550766567676
Mobitel-076-6567677,Mobile,+8550766567677
Mobitel-076-6567678,Mobile,+8550766567678
Mobitel-076-6567679,Mobile,+8550766567679
Mobitel-076-6567680,Mobile,+8550766567680
Mobitel-076-6567681,Mobile,+8550766567681
Mobitel-076-6567682,Mobile,+8550766567682
Mobitel-076-6567683,Mobile,+8550766567683
Mobitel-076-6567684,Mobile,+8550766567684
Mobitel-076-6567685,Mobile,+8550766567685
Mobitel-076-6567686,Mobile,+8550766567686
Mobitel-076-6567687,Mobile,+8550766567687
Mobitel-076-6567688,Mobile,+8550766567688
Mobitel-076-6567689,Mobile,+8550766567689
Mobitel-076-6567690,Mobile,+8550766567690
Mobitel-076-6567691,Mobile,+8550766567691
Mobitel-076-6567692,Mobile,+8550766567692
Mobitel-076-6567693,Mobile,+8550766567693
Mobitel-076-6567694,Mobile,+8550766567694
Mobitel-076-6567695,Mobile,+8550766567695
Mobitel-076-6567696,Mobile,+8550766567696
Mobitel-076-6567697,Mobile,+8550766567697
Mobitel-076-6567698,Mobile,+8550766567698
Mobitel-076-6567699,Mobile,+8550766567699
Mobitel-076-6567700,Mobile,+8550766567700
Mobitel-076-6567701,Mobile,+8550766567701
Mobitel-076-6567702,Mobile,+8550766567702
Mobitel-076-6567703,Mobile,+8550766567703
Mobitel-076-6567704,Mobile,+8550766567704
Mobitel-076-6567705,Mobile,+8550766567705
Mobitel-076-6567706,Mobile,+8550766567706
Mobitel-076-6567707,Mobile,+8550766567707
Mobitel-076-6567708,Mobile,+8550766567708
Mobitel-076-6567709,Mobile,+8550766567709
Mobitel-076-6567710,Mobile,+8550766567710
Mobitel-076-6567711,Mobile,+8550766567711
Mobitel-076-6567712,Mobile,+8550766567712
Mobitel-076-6567713,Mobile,+8550766567713
Mobitel-076-6567714,Mobile,+8550766567714
Mobitel-076-6567715,Mobile,+8550766567715
Mobitel-076-6567716,Mobile,+8550766567716
Mobitel-076-6567717,Mobile,+8550766567717
Mobitel-076-6567718,Mobile,+8550766567718
Mobitel-076-6567719,Mobile,+8550766567719
Mobitel-076-6567720,Mobile,+8550766567720
Mobitel-076-6567721,Mobile,+8550766567721
Mobitel-076-6567722,Mobile,+8550766567722
Mobitel-076-6567723,Mobile,+8550766567723
Mobitel-076-6567724,Mobile,+8550766567724
Mobitel-076-6567725,Mobile,+8550766567725
Mobitel-076-6567726,Mobile,+8550766567726
Mobitel-076-6567727,Mobile,+8550766567727
Mobitel-076-6567728,Mobile,+8550766567728
Mobitel-076-6567729,Mobile,+8550766567729
Mobitel-076-6567730,Mobile,+8550766567730
Mobitel-076-6567731,Mobile,+8550766567731
Mobitel-076-6567732,Mobile,+8550766567732
Mobitel-076-6567733,Mobile,+8550766567733
Mobitel-076-6567734,Mobile,+8550766567734
Mobitel-076-6567735,Mobile,+8550766567735
Mobitel-076-6567736,Mobile,+8550766567736
Mobitel-076-6567737,Mobile,+8550766567737
Mobitel-076-6567738,Mobile,+8550766567738
Mobitel-076-6567739,Mobile,+8550766567739
Mobitel-076-6567740,Mobile,+8550766567740
Mobitel-076-6567741,Mobile,+8550766567741
Mobitel-076-6567742,Mobile,+8550766567742
Mobitel-076-6567743,Mobile,+8550766567743
Mobitel-076-6567744,Mobile,+8550766567744
Mobitel-076-6567745,Mobile,+8550766567745
Mobitel-076-6567746,Mobile,+8550766567746
Mobitel-076-6567747,Mobile,+8550766567747
Mobitel-076-6567748,Mobile,+8550766567748
Mobitel-076-6567749,Mobile,+8550766567749
Mobitel-076-6567750,Mobile,+8550766567750
Mobitel-076-6567751,Mobile,+8550766567751
Mobitel-076-6567752,Mobile,+8550766567752
Mobitel-076-6567753,Mobile,+8550766567753
Mobitel-076-6567754,Mobile,+8550766567754
Mobitel-076-6567755,Mobile,+8550766567755
Mobitel-076-6567756,Mobile,+8550766567756
Mobitel-076-6567757,Mobile,+8550766567757
Mobitel-076-6567758,Mobile,+8550766567758
Mobitel-076-6567759,Mobile,+8550766567759
Mobitel-076-6567760,Mobile,+8550766567760
Mobitel-076-6567761,Mobile,+8550766567761
Mobitel-076-6567762,Mobile,+8550766567762
Mobitel-076-6567763,Mobile,+8550766567763
Mobitel-076-6567764,Mobile,+8550766567764
Mobitel-076-6567765,Mobile,+8550766567765
Mobitel-076-6567766,Mobile,+8550766567766
Mobitel-076-6567767,Mobile,+8550766567767
Mobitel-076-6567768,Mobile,+8550766567768
Mobitel-076-6567769,Mobile,+8550766567769
Mobitel-076-6567770,Mobile,+8550766567770
Mobitel-076-6567771,Mobile,+8550766567771
Mobitel-076-6567772,Mobile,+8550766567772
Mobitel-076-6567773,Mobile,+8550766567773
Mobitel-076-6567774,Mobile,+8550766567774
Mobitel-076-6567775,Mobile,+8550766567775
Mobitel-076-6567776,Mobile,+8550766567776
Mobitel-076-6567777,Mobile,+8550766567777
Mobitel-076-6567778,Mobile,+8550766567778
Mobitel-076-6567779,Mobile,+8550766567779
Mobitel-076-6567780,Mobile,+8550766567780
Mobitel-076-6567781,Mobile,+8550766567781
Mobitel-076-6567782,Mobile,+8550766567782
Mobitel-076-6567783,Mobile,+8550766567783
Mobitel-076-6567784,Mobile,+8550766567784
Mobitel-076-6567785,Mobile,+8550766567785
Mobitel-076-6567786,Mobile,+8550766567786
Mobitel-076-6567787,Mobile,+8550766567787
Mobitel-076-6567788,Mobile,+8550766567788
Mobitel-076-6567789,Mobile,+8550766567789
Mobitel-076-6567790,Mobile,+8550766567790
Mobitel-076-6567791,Mobile,+8550766567791
Mobitel-076-6567792,Mobile,+8550766567792
Mobitel-076-6567793,Mobile,+8550766567793
Mobitel-076-6567794,Mobile,+8550766567794
Mobitel-076-6567795,Mobile,+8550766567795
Mobitel-076-6567796,Mobile,+8550766567796
Mobitel-076-6567797,Mobile,+8550766567797
Mobitel-076-6567798,Mobile,+8550766567798
Mobitel-076-6567799,Mobile,+8550766567799
Mobitel-076-6567800,Mobile,+8550766567800
Mobitel-076-6567801,Mobile,+8550766567801
Mobitel-076-6567802,Mobile,+8550766567802
Mobitel-076-6567803,Mobile,+8550766567803
Mobitel-076-6567804,Mobile,+8550766567804
Mobitel-076-6567805,Mobile,+8550766567805
Mobitel-076-6567806,Mobile,+8550766567806
Mobitel-076-6567807,Mobile,+8550766567807
Mobitel-076-6567808,Mobile,+8550766567808
Mobitel-076-6567809,Mobile,+8550766567809
Mobitel-076-6567810,Mobile,+8550766567810
Mobitel-076-6567811,Mobile,+8550766567811
Mobitel-076-6567812,Mobile,+8550766567812
Mobitel-076-6567813,Mobile,+8550766567813
Mobitel-076-6567814,Mobile,+8550766567814
Mobitel-076-6567815,Mobile,+8550766567815
Mobitel-076-6567816,Mobile,+8550766567816
Mobitel-076-6567817,Mobile,+8550766567817
Mobitel-076-6567818,Mobile,+8550766567818
Mobitel-076-6567819,Mobile,+8550766567819
Mobitel-076-6567820,Mobile,+8550766567820
Mobitel-076-6567821,Mobile,+8550766567821
Mobitel-076-6567822,Mobile,+8550766567822
Mobitel-076-6567823,Mobile,+8550766567823
Mobitel-076-6567824,Mobile,+8550766567824
Mobitel-076-6567825,Mobile,+8550766567825
Mobitel-076-6567826,Mobile,+8550766567826
Mobitel-076-6567827,Mobile,+8550766567827
Mobitel-076-6567828,Mobile,+8550766567828
Mobitel-076-6567829,Mobile,+8550766567829
Mobitel-076-6567830,Mobile,+8550766567830
Mobitel-076-6567831,Mobile,+8550766567831
Mobitel-076-6567832,Mobile,+8550766567832
Mobitel-076-6567833,Mobile,+8550766567833
Mobitel-076-6567834,Mobile,+8550766567834
Mobitel-076-6567835,Mobile,+8550766567835
Mobitel-076-6567836,Mobile,+8550766567836
Mobitel-076-6567837,Mobile,+8550766567837
Mobitel-076-6567838,Mobile,+8550766567838
Mobitel-076-6567839,Mobile,+8550766567839
Mobitel-076-6567840,Mobile,+8550766567840
Mobitel-076-6567841,Mobile,+8550766567841
Mobitel-076-6567842,Mobile,+8550766567842
Mobitel-076-6567843,Mobile,+8550766567843
Mobitel-076-6567844,Mobile,+8550766567844
Mobitel-076-6567845,Mobile,+8550766567845
Mobitel-076-6567846,Mobile,+8550766567846
Mobitel-076-6567847,Mobile,+8550766567847
Mobitel-076-6567848,Mobile,+8550766567848
Mobitel-076-6567849,Mobile,+8550766567849
Mobitel-076-6567850,Mobile,+8550766567850
Mobitel-076-6567851,Mobile,+8550766567851
Mobitel-076-6567852,Mobile,+8550766567852
Mobitel-076-6567853,Mobile,+8550766567853
Mobitel-076-6567854,Mobile,+8550766567854
Mobitel-076-6567855,Mobile,+8550766567855
Mobitel-076-6567856,Mobile,+8550766567856
Mobitel-076-6567857,Mobile,+8550766567857
Mobitel-076-6567858,Mobile,+8550766567858
Mobitel-076-6567859,Mobile,+8550766567859
Mobitel-076-6567860,Mobile,+8550766567860
Mobitel-076-6567861,Mobile,+8550766567861
Mobitel-076-6567862,Mobile,+8550766567862
Mobitel-076-6567863,Mobile,+8550766567863
Mobitel-076-6567864,Mobile,+8550766567864
Mobitel-076-6567865,Mobile,+8550766567865
Mobitel-076-6567866,Mobile,+8550766567866
Mobitel-076-6567867,Mobile,+8550766567867
Mobitel-076-6567868,Mobile,+8550766567868
Mobitel-076-6567869,Mobile,+8550766567869
Mobitel-076-6567870,Mobile,+8550766567870
Mobitel-076-6567871,Mobile,+8550766567871
Mobitel-076-6567872,Mobile,+8550766567872
Mobitel-076-6567873,Mobile,+8550766567873
Mobitel-076-6567874,Mobile,+8550766567874
Mobitel-076-6567875,Mobile,+8550766567875
Mobitel-076-6567876,Mobile,+8550766567876
Mobitel-076-6567877,Mobile,+8550766567877
Mobitel-076-6567878,Mobile,+8550766567878
Mobitel-076-6567879,Mobile,+8550766567879
Mobitel-076-6567880,Mobile,+8550766567880
Mobitel-076-6567881,Mobile,+8550766567881
Mobitel-076-6567882,Mobile,+8550766567882
Mobitel-076-6567883,Mobile,+8550766567883
Mobitel-076-6567884,Mobile,+8550766567884
Mobitel-076-6567885,Mobile,+8550766567885
Mobitel-076-6567886,Mobile,+8550766567886
Mobitel-076-6567887,Mobile,+8550766567887
Mobitel-076-6567888,Mobile,+8550766567888
Mobitel-076-6567889,Mobile,+8550766567889
Mobitel-076-6567890,Mobile,+8550766567890
Mobitel-076-6567891,Mobile,+8550766567891
Mobitel-076-6567892,Mobile,+8550766567892
Mobitel-076-6567893,Mobile,+8550766567893
Mobitel-076-6567894,Mobile,+8550766567894
Mobitel-076-6567895,Mobile,+8550766567895
Mobitel-076-6567896,Mobile,+8550766567896
Mobitel-076-6567897,Mobile,+8550766567897
Mobitel-076-6567898,Mobile,+8550766567898
Mobitel-076-6567899,Mobile,+8550766567899
Mobitel-076-6567900,Mobile,+8550766567900
Mobitel-076-6567901,Mobile,+8550766567901
Mobitel-076-6567902,Mobile,+8550766567902
Mobitel-076-6567903,Mobile,+8550766567903
Mobitel-076-6567904,Mobile,+8550766567904
Mobitel-076-6567905,Mobile,+8550766567905
Mobitel-076-6567906,Mobile,+8550766567906
Mobitel-076-6567907,Mobile,+8550766567907
Mobitel-076-6567908,Mobile,+8550766567908
Mobitel-076-6567909,Mobile,+8550766567909
Mobitel-076-6567910,Mobile,+8550766567910
Mobitel-076-6567911,Mobile,+8550766567911
Mobitel-076-6567912,Mobile,+8550766567912
Mobitel-076-6567913,Mobile,+8550766567913
Mobitel-076-6567914,Mobile,+8550766567914
Mobitel-076-6567915,Mobile,+8550766567915
Mobitel-076-6567916,Mobile,+8550766567916
Mobitel-076-6567917,Mobile,+8550766567917
Mobitel-076-6567918,Mobile,+8550766567918
Mobitel-076-6567919,Mobile,+8550766567919
Mobitel-076-6567920,Mobile,+8550766567920
Mobitel-076-6567921,Mobile,+8550766567921
Mobitel-076-6567922,Mobile,+8550766567922
Mobitel-076-6567923,Mobile,+8550766567923
Mobitel-076-6567924,Mobile,+8550766567924
Mobitel-076-6567925,Mobile,+8550766567925
Mobitel-076-6567926,Mobile,+8550766567926
Mobitel-076-6567927,Mobile,+8550766567927
Mobitel-076-6567928,Mobile,+8550766567928
Mobitel-076-6567929,Mobile,+8550766567929
Mobitel-076-6567930,Mobile,+8550766567930
Mobitel-076-6567931,Mobile,+8550766567931
Mobitel-076-6567932,Mobile,+8550766567932
Mobitel-076-6567933,Mobile,+8550766567933
Mobitel-076-6567934,Mobile,+8550766567934
Mobitel-076-6567935,Mobile,+8550766567935
Mobitel-076-6567936,Mobile,+8550766567936
Mobitel-076-6567937,Mobile,+8550766567937
Mobitel-076-6567938,Mobile,+8550766567938
Mobitel-076-6567939,Mobile,+8550766567939
Mobitel-076-6567940,Mobile,+8550766567940
Mobitel-076-6567941,Mobile,+8550766567941
Mobitel-076-6567942,Mobile,+8550766567942
Mobitel-076-6567943,Mobile,+8550766567943
Mobitel-076-6567944,Mobile,+8550766567944
Mobitel-076-6567945,Mobile,+8550766567945
Mobitel-076-6567946,Mobile,+8550766567946
Mobitel-076-6567947,Mobile,+8550766567947
Mobitel-076-6567948,Mobile,+8550766567948
Mobitel-076-6567949,Mobile,+8550766567949
Mobitel-076-6567950,Mobile,+8550766567950
Mobitel-076-6567951,Mobile,+8550766567951
Mobitel-076-6567952,Mobile,+8550766567952
Mobitel-076-6567953,Mobile,+8550766567953
Mobitel-076-6567954,Mobile,+8550766567954
Mobitel-076-6567955,Mobile,+8550766567955
Mobitel-076-6567956,Mobile,+8550766567956
Mobitel-076-6567957,Mobile,+8550766567957
Mobitel-076-6567958,Mobile,+8550766567958
Mobitel-076-6567959,Mobile,+8550766567959
Mobitel-076-6567960,Mobile,+8550766567960
Mobitel-076-6567961,Mobile,+8550766567961
Mobitel-076-6567962,Mobile,+8550766567962
Mobitel-076-6567963,Mobile,+8550766567963
Mobitel-076-6567964,Mobile,+8550766567964
Mobitel-076-6567965,Mobile,+8550766567965
Mobitel-076-6567966,Mobile,+8550766567966
Mobitel-076-6567967,Mobile,+8550766567967
Mobitel-076-6567968,Mobile,+8550766567968
Mobitel-076-6567969,Mobile,+8550766567969
Mobitel-076-6567970,Mobile,+8550766567970
Mobitel-076-6567971,Mobile,+8550766567971
Mobitel-076-6567972,Mobile,+8550766567972
Mobitel-076-6567973,Mobile,+8550766567973
Mobitel-076-6567974,Mobile,+8550766567974
Mobitel-076-6567975,Mobile,+8550766567975
Mobitel-076-6567976,Mobile,+8550766567976
Mobitel-076-6567977,Mobile,+8550766567977
Mobitel-076-6567978,Mobile,+8550766567978
Mobitel-076-6567979,Mobile,+8550766567979
Mobitel-076-6567980,Mobile,+8550766567980
Mobitel-076-6567981,Mobile,+8550766567981
Mobitel-076-6567982,Mobile,+8550766567982
Mobitel-076-6567983,Mobile,+8550766567983
Mobitel-076-6567984,Mobile,+8550766567984
Mobitel-076-6567985,Mobile,+8550766567985
Mobitel-076-6567986,Mobile,+8550766567986
Mobitel-076-6567987,Mobile,+8550766567987
Mobitel-076-6567988,Mobile,+8550766567988
Mobitel-076-6567989,Mobile,+8550766567989
Mobitel-076-6567990,Mobile,+8550766567990
Mobitel-076-6567991,Mobile,+8550766567991
Mobitel-076-6567992,Mobile,+8550766567992
Mobitel-076-6567993,Mobile,+8550766567993
Mobitel-076-6567994,Mobile,+8550766567994
Mobitel-076-6567995,Mobile,+8550766567995
Mobitel-076-6567996,Mobile,+8550766567996
Mobitel-076-6567997,Mobile,+8550766567997
Mobitel-076-6567998,Mobile,+8550766567998
Mobitel-076-6567999,Mobile,+8550766567999
Mobitel-076-6568000,Mobile,+8550766568000
Mobitel-076-6568001,Mobile,+8550766568001
Mobitel-076-6568002,Mobile,+8550766568002
Mobitel-076-6568003,Mobile,+8550766568003
Mobitel-076-6568004,Mobile,+8550766568004
Mobitel-076-6568005,Mobile,+8550766568005
Mobitel-076-6568006,Mobile,+8550766568006
Mobitel-076-6568007,Mobile,+8550766568007
Mobitel-076-6568008,Mobile,+8550766568008
Mobitel-076-6568009,Mobile,+8550766568009
Mobitel-076-6568010,Mobile,+8550766568010
Mobitel-076-6568011,Mobile,+8550766568011
Mobitel-076-6568012,Mobile,+8550766568012
Mobitel-076-6568013,Mobile,+8550766568013
Mobitel-076-6568014,Mobile,+8550766568014
Mobitel-076-6568015,Mobile,+8550766568015
Mobitel-076-6568016,Mobile,+8550766568016
Mobitel-076-6568017,Mobile,+8550766568017
Mobitel-076-6568018,Mobile,+8550766568018
Mobitel-076-6568019,Mobile,+8550766568019
Mobitel-076-6568020,Mobile,+8550766568020
Mobitel-076-6568021,Mobile,+8550766568021
Mobitel-076-6568022,Mobile,+8550766568022
Mobitel-076-6568023,Mobile,+8550766568023
Mobitel-076-6568024,Mobile,+8550766568024
Mobitel-076-6568025,Mobile,+8550766568025
Mobitel-076-6568026,Mobile,+8550766568026
Mobitel-076-6568027,Mobile,+8550766568027
Mobitel-076-6568028,Mobile,+8550766568028
Mobitel-076-6568029,Mobile,+8550766568029
Mobitel-076-6568030,Mobile,+8550766568030
Mobitel-076-6568031,Mobile,+8550766568031
Mobitel-076-6568032,Mobile,+8550766568032
Mobitel-076-6568033,Mobile,+8550766568033
Mobitel-076-6568034,Mobile,+8550766568034
Mobitel-076-6568035,Mobile,+8550766568035
Mobitel-076-6568036,Mobile,+8550766568036
Mobitel-076-6568037,Mobile,+8550766568037
Mobitel-076-6568038,Mobile,+8550766568038
Mobitel-076-6568039,Mobile,+8550766568039
Mobitel-076-6568040,Mobile,+8550766568040
Mobitel-076-6568041,Mobile,+8550766568041
Mobitel-076-6568042,Mobile,+8550766568042
Mobitel-076-6568043,Mobile,+8550766568043
Mobitel-076-6568044,Mobile,+8550766568044
Mobitel-076-6568045,Mobile,+8550766568045
Mobitel-076-6568046,Mobile,+8550766568046
Mobitel-076-6568047,Mobile,+8550766568047
Mobitel-076-6568048,Mobile,+8550766568048
Mobitel-076-6568049,Mobile,+8550766568049
Mobitel-076-6568050,Mobile,+8550766568050
Mobitel-076-6568051,Mobile,+8550766568051
Mobitel-076-6568052,Mobile,+8550766568052
Mobitel-076-6568053,Mobile,+8550766568053
Mobitel-076-6568054,Mobile,+8550766568054
Mobitel-076-6568055,Mobile,+8550766568055
Mobitel-076-6568056,Mobile,+8550766568056
Mobitel-076-6568057,Mobile,+8550766568057
Mobitel-076-6568058,Mobile,+8550766568058
Mobitel-076-6568059,Mobile,+8550766568059
Mobitel-076-6568060,Mobile,+8550766568060
Mobitel-076-6568061,Mobile,+8550766568061
Mobitel-076-6568062,Mobile,+8550766568062
Mobitel-076-6568063,Mobile,+8550766568063
Mobitel-076-6568064,Mobile,+8550766568064
Mobitel-076-6568065,Mobile,+8550766568065
Mobitel-076-6568066,Mobile,+8550766568066
Mobitel-076-6568067,Mobile,+8550766568067
Mobitel-076-6568068,Mobile,+8550766568068
Mobitel-076-6568069,Mobile,+8550766568069
Mobitel-076-6568070,Mobile,+8550766568070
Mobitel-076-6568071,Mobile,+8550766568071
Mobitel-076-6568072,Mobile,+8550766568072
Mobitel-076-6568073,Mobile,+8550766568073
Mobitel-076-6568074,Mobile,+8550766568074
Mobitel-076-6568075,Mobile,+8550766568075
Mobitel-076-6568076,Mobile,+8550766568076
Mobitel-076-6568077,Mobile,+8550766568077
Mobitel-076-6568078,Mobile,+8550766568078
Mobitel-076-6568079,Mobile,+8550766568079
Mobitel-076-6568080,Mobile,+8550766568080
Mobitel-076-6568081,Mobile,+8550766568081
Mobitel-076-6568082,Mobile,+8550766568082
Mobitel-076-6568083,Mobile,+8550766568083
Mobitel-076-6568084,Mobile,+8550766568084
Mobitel-076-6568085,Mobile,+8550766568085
Mobitel-076-6568086,Mobile,+8550766568086
Mobitel-076-6568087,Mobile,+8550766568087
Mobitel-076-6568088,Mobile,+8550766568088
Mobitel-076-6568089,Mobile,+8550766568089
Mobitel-076-6568090,Mobile,+8550766568090
Mobitel-076-6568091,Mobile,+8550766568091
Mobitel-076-6568092,Mobile,+8550766568092
Mobitel-076-6568093,Mobile,+8550766568093
Mobitel-076-6568094,Mobile,+8550766568094
Mobitel-076-6568095,Mobile,+8550766568095
Mobitel-076-6568096,Mobile,+8550766568096
Mobitel-076-6568097,Mobile,+8550766568097
Mobitel-076-6568098,Mobile,+8550766568098
Mobitel-076-6568099,Mobile,+8550766568099
Mobitel-076-6568100,Mobile,+8550766568100
Mobitel-076-6568101,Mobile,+8550766568101
Mobitel-076-6568102,Mobile,+8550766568102
Mobitel-076-6568103,Mobile,+8550766568103
Mobitel-076-6568104,Mobile,+8550766568104
Mobitel-076-6568105,Mobile,+8550766568105
Mobitel-076-6568106,Mobile,+8550766568106
Mobitel-076-6568107,Mobile,+8550766568107
Mobitel-076-6568108,Mobile,+8550766568108
Mobitel-076-6568109,Mobile,+8550766568109
Mobitel-076-6568110,Mobile,+8550766568110
Mobitel-076-6568111,Mobile,+8550766568111
Mobitel-076-6568112,Mobile,+8550766568112
Mobitel-076-6568113,Mobile,+8550766568113
Mobitel-076-6568114,Mobile,+8550766568114
Mobitel-076-6568115,Mobile,+8550766568115
Mobitel-076-6568116,Mobile,+8550766568116
Mobitel-076-6568117,Mobile,+8550766568117
Mobitel-076-6568118,Mobile,+8550766568118
Mobitel-076-6568119,Mobile,+8550766568119
Mobitel-076-6568120,Mobile,+8550766568120
Mobitel-076-6568121,Mobile,+8550766568121
Mobitel-076-6568122,Mobile,+8550766568122
Mobitel-076-6568123,Mobile,+8550766568123
Mobitel-076-6568124,Mobile,+8550766568124
Mobitel-076-6568125,Mobile,+8550766568125
Mobitel-076-6568126,Mobile,+8550766568126
Mobitel-076-6568127,Mobile,+8550766568127
Mobitel-076-6568128,Mobile,+8550766568128
Mobitel-076-6568129,Mobile,+8550766568129
Mobitel-076-6568130,Mobile,+8550766568130
Mobitel-076-6568131,Mobile,+8550766568131
Mobitel-076-6568132,Mobile,+8550766568132
Mobitel-076-6568133,Mobile,+8550766568133
Mobitel-076-6568134,Mobile,+8550766568134
Mobitel-076-6568135,Mobile,+8550766568135
Mobitel-076-6568136,Mobile,+8550766568136
Mobitel-076-6568137,Mobile,+8550766568137
Mobitel-076-6568138,Mobile,+8550766568138
Mobitel-076-6568139,Mobile,+8550766568139
Mobitel-076-6568140,Mobile,+8550766568140
Mobitel-076-6568141,Mobile,+8550766568141
Mobitel-076-6568142,Mobile,+8550766568142
Mobitel-076-6568143,Mobile,+8550766568143
Mobitel-076-6568144,Mobile,+8550766568144
Mobitel-076-6568145,Mobile,+8550766568145
Mobitel-076-6568146,Mobile,+8550766568146
Mobitel-076-6568147,Mobile,+8550766568147
Mobitel-076-6568148,Mobile,+8550766568148
Mobitel-076-6568149,Mobile,+8550766568149
Mobitel-076-6568150,Mobile,+8550766568150
Mobitel-076-6568151,Mobile,+8550766568151
Mobitel-076-6568152,Mobile,+8550766568152
Mobitel-076-6568153,Mobile,+8550766568153
Mobitel-076-6568154,Mobile,+8550766568154
Mobitel-076-6568155,Mobile,+8550766568155
Mobitel-076-6568156,Mobile,+8550766568156
Mobitel-076-6568157,Mobile,+8550766568157
Mobitel-076-6568158,Mobile,+8550766568158
Mobitel-076-6568159,Mobile,+8550766568159
Mobitel-076-6568160,Mobile,+8550766568160
Mobitel-076-6568161,Mobile,+8550766568161
Mobitel-076-6568162,Mobile,+8550766568162
Mobitel-076-6568163,Mobile,+8550766568163
Mobitel-076-6568164,Mobile,+8550766568164
Mobitel-076-6568165,Mobile,+8550766568165
Mobitel-076-6568166,Mobile,+8550766568166
Mobitel-076-6568167,Mobile,+8550766568167
Mobitel-076-6568168,Mobile,+8550766568168
Mobitel-076-6568169,Mobile,+8550766568169
Mobitel-076-6568170,Mobile,+8550766568170
Mobitel-076-6568171,Mobile,+8550766568171
Mobitel-076-6568172,Mobile,+8550766568172
Mobitel-076-6568173,Mobile,+8550766568173
Mobitel-076-6568174,Mobile,+8550766568174
Mobitel-076-6568175,Mobile,+8550766568175
Mobitel-076-6568176,Mobile,+8550766568176
Mobitel-076-6568177,Mobile,+8550766568177
Mobitel-076-6568178,Mobile,+8550766568178
Mobitel-076-6568179,Mobile,+8550766568179
Mobitel-076-6568180,Mobile,+8550766568180
Mobitel-076-6568181,Mobile,+8550766568181
Mobitel-076-6568182,Mobile,+8550766568182
Mobitel-076-6568183,Mobile,+8550766568183
Mobitel-076-6568184,Mobile,+8550766568184
Mobitel-076-6568185,Mobile,+8550766568185
Mobitel-076-6568186,Mobile,+8550766568186
Mobitel-076-6568187,Mobile,+8550766568187
Mobitel-076-6568188,Mobile,+8550766568188
Mobitel-076-6568189,Mobile,+8550766568189
Mobitel-076-6568190,Mobile,+8550766568190
Mobitel-076-6568191,Mobile,+8550766568191
Mobitel-076-6568192,Mobile,+8550766568192
Mobitel-076-6568193,Mobile,+8550766568193
Mobitel-076-6568194,Mobile,+8550766568194
Mobitel-076-6568195,Mobile,+8550766568195
Mobitel-076-6568196,Mobile,+8550766568196
Mobitel-076-6568197,Mobile,+8550766568197
Mobitel-076-6568198,Mobile,+8550766568198
Mobitel-076-6568199,Mobile,+8550766568199
Mobitel-076-6568200,Mobile,+8550766568200
Mobitel-076-6568201,Mobile,+8550766568201
Mobitel-076-6568202,Mobile,+8550766568202
Mobitel-076-6568203,Mobile,+8550766568203
Mobitel-076-6568204,Mobile,+8550766568204
Mobitel-076-6568205,Mobile,+8550766568205
Mobitel-076-6568206,Mobile,+8550766568206
Mobitel-076-6568207,Mobile,+8550766568207
Mobitel-076-6568208,Mobile,+8550766568208
Mobitel-076-6568209,Mobile,+8550766568209
Mobitel-076-6568210,Mobile,+8550766568210
Mobitel-076-6568211,Mobile,+8550766568211
Mobitel-076-6568212,Mobile,+8550766568212
Mobitel-076-6568213,Mobile,+8550766568213
Mobitel-076-6568214,Mobile,+8550766568214
Mobitel-076-6568215,Mobile,+8550766568215
Mobitel-076-6568216,Mobile,+8550766568216
Mobitel-076-6568217,Mobile,+8550766568217
Mobitel-076-6568218,Mobile,+8550766568218
Mobitel-076-6568219,Mobile,+8550766568219
Mobitel-076-6568220,Mobile,+8550766568220
Mobitel-076-6568221,Mobile,+8550766568221
Mobitel-076-6568222,Mobile,+8550766568222
Mobitel-076-6568223,Mobile,+8550766568223
Mobitel-076-6568224,Mobile,+8550766568224
Mobitel-076-6568225,Mobile,+8550766568225
Mobitel-076-6568226,Mobile,+8550766568226
Mobitel-076-6568227,Mobile,+8550766568227
Mobitel-076-6568228,Mobile,+8550766568228
Mobitel-076-6568229,Mobile,+8550766568229
Mobitel-076-6568230,Mobile,+8550766568230
Mobitel-076-6568231,Mobile,+8550766568231
Mobitel-076-6568232,Mobile,+8550766568232
Mobitel-076-6568233,Mobile,+8550766568233
Mobitel-076-6568234,Mobile,+8550766568234
Mobitel-076-6568235,Mobile,+8550766568235
Mobitel-076-6568236,Mobile,+8550766568236
Mobitel-076-6568237,Mobile,+8550766568237
Mobitel-076-6568238,Mobile,+8550766568238
Mobitel-076-6568239,Mobile,+8550766568239
Mobitel-076-6568240,Mobile,+8550766568240
Mobitel-076-6568241,Mobile,+8550766568241
Mobitel-076-6568242,Mobile,+8550766568242
Mobitel-076-6568243,Mobile,+8550766568243
Mobitel-076-6568244,Mobile,+8550766568244
Mobitel-076-6568245,Mobile,+8550766568245
Mobitel-076-6568246,Mobile,+8550766568246
Mobitel-076-6568247,Mobile,+8550766568247
Mobitel-076-6568248,Mobile,+8550766568248
Mobitel-076-6568249,Mobile,+8550766568249
Mobitel-076-6568250,Mobile,+8550766568250
Mobitel-076-6568251,Mobile,+8550766568251
Mobitel-076-6568252,Mobile,+8550766568252
Mobitel-076-6568253,Mobile,+8550766568253
Mobitel-076-6568254,Mobile,+8550766568254
Mobitel-076-6568255,Mobile,+8550766568255
Mobitel-076-6568256,Mobile,+8550766568256
Mobitel-076-6568257,Mobile,+8550766568257
Mobitel-076-6568258,Mobile,+8550766568258
Mobitel-076-6568259,Mobile,+8550766568259
Mobitel-076-6568260,Mobile,+8550766568260
Mobitel-076-6568261,Mobile,+8550766568261
Mobitel-076-6568262,Mobile,+8550766568262
Mobitel-076-6568263,Mobile,+8550766568263
Mobitel-076-6568264,Mobile,+8550766568264
Mobitel-076-6568265,Mobile,+8550766568265
Mobitel-076-6568266,Mobile,+8550766568266
Mobitel-076-6568267,Mobile,+8550766568267
Mobitel-076-6568268,Mobile,+8550766568268
Mobitel-076-6568269,Mobile,+8550766568269
Mobitel-076-6568270,Mobile,+8550766568270
Mobitel-076-6568271,Mobile,+8550766568271
Mobitel-076-6568272,Mobile,+8550766568272
Mobitel-076-6568273,Mobile,+8550766568273
Mobitel-076-6568274,Mobile,+8550766568274
Mobitel-076-6568275,Mobile,+8550766568275
Mobitel-076-6568276,Mobile,+8550766568276
Mobitel-076-6568277,Mobile,+8550766568277
Mobitel-076-6568278,Mobile,+8550766568278
Mobitel-076-6568279,Mobile,+8550766568279
Mobitel-076-6568280,Mobile,+8550766568280
Mobitel-076-6568281,Mobile,+8550766568281
Mobitel-076-6568282,Mobile,+8550766568282
Mobitel-076-6568283,Mobile,+8550766568283
Mobitel-076-6568284,Mobile,+8550766568284
Mobitel-076-6568285,Mobile,+8550766568285
Mobitel-076-6568286,Mobile,+8550766568286
Mobitel-076-6568287,Mobile,+8550766568287
Mobitel-076-6568288,Mobile,+8550766568288
Mobitel-076-6568289,Mobile,+8550766568289
Mobitel-076-6568290,Mobile,+8550766568290
Mobitel-076-6568291,Mobile,+8550766568291
Mobitel-076-6568292,Mobile,+8550766568292
Mobitel-076-6568293,Mobile,+8550766568293
Mobitel-076-6568294,Mobile,+8550766568294
Mobitel-076-6568295,Mobile,+8550766568295
Mobitel-076-6568296,Mobile,+8550766568296
Mobitel-076-6568297,Mobile,+8550766568297
Mobitel-076-6568298,Mobile,+8550766568298
Mobitel-076-6568299,Mobile,+8550766568299
Mobitel-076-6568300,Mobile,+8550766568300
Mobitel-076-6568301,Mobile,+8550766568301
Mobitel-076-6568302,Mobile,+8550766568302
Mobitel-076-6568303,Mobile,+8550766568303
Mobitel-076-6568304,Mobile,+8550766568304
Mobitel-076-6568305,Mobile,+8550766568305
Mobitel-076-6568306,Mobile,+8550766568306
Mobitel-076-6568307,Mobile,+8550766568307
Mobitel-076-6568308,Mobile,+8550766568308
Mobitel-076-6568309,Mobile,+8550766568309
Mobitel-076-6568310,Mobile,+8550766568310
Mobitel-076-6568311,Mobile,+8550766568311
Mobitel-076-6568312,Mobile,+8550766568312
Mobitel-076-6568313,Mobile,+8550766568313
Mobitel-076-6568314,Mobile,+8550766568314
Mobitel-076-6568315,Mobile,+8550766568315
Mobitel-076-6568316,Mobile,+8550766568316
Mobitel-076-6568317,Mobile,+8550766568317
Mobitel-076-6568318,Mobile,+8550766568318
Mobitel-076-6568319,Mobile,+8550766568319
Mobitel-076-6568320,Mobile,+8550766568320
Mobitel-076-6568321,Mobile,+8550766568321
Mobitel-076-6568322,Mobile,+8550766568322
Mobitel-076-6568323,Mobile,+8550766568323
Mobitel-076-6568324,Mobile,+8550766568324
Mobitel-076-6568325,Mobile,+8550766568325
Mobitel-076-6568326,Mobile,+8550766568326
Mobitel-076-6568327,Mobile,+8550766568327
Mobitel-076-6568328,Mobile,+8550766568328
Mobitel-076-6568329,Mobile,+8550766568329
Mobitel-076-6568330,Mobile,+8550766568330
Mobitel-076-6568331,Mobile,+8550766568331
Mobitel-076-6568332,Mobile,+8550766568332
Mobitel-076-6568333,Mobile,+8550766568333
Mobitel-076-6568334,Mobile,+8550766568334
Mobitel-076-6568335,Mobile,+8550766568335
Mobitel-076-6568336,Mobile,+8550766568336
Mobitel-076-6568337,Mobile,+8550766568337
Mobitel-076-6568338,Mobile,+8550766568338
Mobitel-076-6568339,Mobile,+8550766568339
Mobitel-076-6568340,Mobile,+8550766568340
Mobitel-076-6568341,Mobile,+8550766568341
Mobitel-076-6568342,Mobile,+8550766568342
Mobitel-076-6568343,Mobile,+8550766568343
Mobitel-076-6568344,Mobile,+8550766568344
Mobitel-076-6568345,Mobile,+8550766568345
Mobitel-076-6568346,Mobile,+8550766568346
Mobitel-076-6568347,Mobile,+8550766568347
Mobitel-076-6568348,Mobile,+8550766568348
Mobitel-076-6568349,Mobile,+8550766568349
Mobitel-076-6568350,Mobile,+8550766568350
Mobitel-076-6568351,Mobile,+8550766568351
Mobitel-076-6568352,Mobile,+8550766568352
Mobitel-076-6568353,Mobile,+8550766568353
Mobitel-076-6568354,Mobile,+8550766568354
Mobitel-076-6568355,Mobile,+8550766568355
Mobitel-076-6568356,Mobile,+8550766568356
Mobitel-076-6568357,Mobile,+8550766568357
Mobitel-076-6568358,Mobile,+8550766568358
Mobitel-076-6568359,Mobile,+8550766568359
Mobitel-076-6568360,Mobile,+8550766568360
Mobitel-076-6568361,Mobile,+8550766568361
Mobitel-076-6568362,Mobile,+8550766568362
Mobitel-076-6568363,Mobile,+8550766568363
Mobitel-076-6568364,Mobile,+8550766568364
Mobitel-076-6568365,Mobile,+8550766568365
Mobitel-076-6568366,Mobile,+8550766568366
Mobitel-076-6568367,Mobile,+8550766568367
Mobitel-076-6568368,Mobile,+8550766568368
Mobitel-076-6568369,Mobile,+8550766568369
Mobitel-076-6568370,Mobile,+8550766568370
Mobitel-076-6568371,Mobile,+8550766568371
Mobitel-076-6568372,Mobile,+8550766568372
Mobitel-076-6568373,Mobile,+8550766568373
Mobitel-076-6568374,Mobile,+8550766568374
Mobitel-076-6568375,Mobile,+8550766568375
Mobitel-076-6568376,Mobile,+8550766568376
Mobitel-076-6568377,Mobile,+8550766568377
Mobitel-076-6568378,Mobile,+8550766568378
Mobitel-076-6568379,Mobile,+8550766568379
Mobitel-076-6568380,Mobile,+8550766568380
Mobitel-076-6568381,Mobile,+8550766568381
Mobitel-076-6568382,Mobile,+8550766568382
Mobitel-076-6568383,Mobile,+8550766568383
Mobitel-076-6568384,Mobile,+8550766568384
Mobitel-076-6568385,Mobile,+8550766568385
Mobitel-076-6568386,Mobile,+8550766568386
Mobitel-076-6568387,Mobile,+8550766568387
Mobitel-076-6568388,Mobile,+8550766568388
Mobitel-076-6568389,Mobile,+8550766568389
Mobitel-076-6568390,Mobile,+8550766568390
Mobitel-076-6568391,Mobile,+8550766568391
Mobitel-076-6568392,Mobile,+8550766568392
Mobitel-076-6568393,Mobile,+8550766568393
Mobitel-076-6568394,Mobile,+8550766568394
Mobitel-076-6568395,Mobile,+8550766568395
Mobitel-076-6568396,Mobile,+8550766568396
Mobitel-076-6568397,Mobile,+8550766568397
Mobitel-076-6568398,Mobile,+8550766568398
Mobitel-076-6568399,Mobile,+8550766568399
Mobitel-076-6568400,Mobile,+8550766568400
Mobitel-076-6568401,Mobile,+8550766568401
Mobitel-076-6568402,Mobile,+8550766568402
Mobitel-076-6568403,Mobile,+8550766568403
Mobitel-076-6568404,Mobile,+8550766568404
Mobitel-076-6568405,Mobile,+8550766568405
Mobitel-076-6568406,Mobile,+8550766568406
Mobitel-076-6568407,Mobile,+8550766568407
Mobitel-076-6568408,Mobile,+8550766568408
Mobitel-076-6568409,Mobile,+8550766568409
Mobitel-076-6568410,Mobile,+8550766568410
Mobitel-076-6568411,Mobile,+8550766568411
Mobitel-076-6568412,Mobile,+8550766568412
Mobitel-076-6568413,Mobile,+8550766568413
Mobitel-076-6568414,Mobile,+8550766568414
Mobitel-076-6568415,Mobile,+8550766568415
Mobitel-076-6568416,Mobile,+8550766568416
Mobitel-076-6568417,Mobile,+8550766568417
Mobitel-076-6568418,Mobile,+8550766568418
Mobitel-076-6568419,Mobile,+8550766568419
Mobitel-076-6568420,Mobile,+8550766568420
Mobitel-076-6568421,Mobile,+8550766568421
Mobitel-076-6568422,Mobile,+8550766568422
Mobitel-076-6568423,Mobile,+8550766568423
Mobitel-076-6568424,Mobile,+8550766568424
Mobitel-076-6568425,Mobile,+8550766568425
Mobitel-076-6568426,Mobile,+8550766568426
Mobitel-076-6568427,Mobile,+8550766568427
Mobitel-076-6568428,Mobile,+8550766568428
Mobitel-076-6568429,Mobile,+8550766568429
Mobitel-076-6568430,Mobile,+8550766568430
Mobitel-076-6568431,Mobile,+8550766568431
Mobitel-076-6568432,Mobile,+8550766568432
Mobitel-076-6568433,Mobile,+8550766568433
Mobitel-076-6568434,Mobile,+8550766568434
Mobitel-076-6568435,Mobile,+8550766568435
Mobitel-076-6568436,Mobile,+8550766568436
Mobitel-076-6568437,Mobile,+8550766568437
Mobitel-076-6568438,Mobile,+8550766568438
Mobitel-076-6568439,Mobile,+8550766568439
Mobitel-076-6568440,Mobile,+8550766568440
Mobitel-076-6568441,Mobile,+8550766568441
Mobitel-076-6568442,Mobile,+8550766568442
Mobitel-076-6568443,Mobile,+8550766568443
Mobitel-076-6568444,Mobile,+8550766568444
Mobitel-076-6568445,Mobile,+8550766568445
Mobitel-076-6568446,Mobile,+8550766568446
Mobitel-076-6568447,Mobile,+8550766568447
Mobitel-076-6568448,Mobile,+8550766568448
Mobitel-076-6568449,Mobile,+8550766568449
Mobitel-076-6568450,Mobile,+8550766568450
Mobitel-076-6568451,Mobile,+8550766568451
Mobitel-076-6568452,Mobile,+8550766568452
Mobitel-076-6568453,Mobile,+8550766568453
Mobitel-076-6568454,Mobile,+8550766568454
Mobitel-076-6568455,Mobile,+8550766568455
Mobitel-076-6568456,Mobile,+8550766568456
Mobitel-076-6568457,Mobile,+8550766568457
Mobitel-076-6568458,Mobile,+8550766568458
Mobitel-076-6568459,Mobile,+8550766568459
Mobitel-076-6568460,Mobile,+8550766568460
Mobitel-076-6568461,Mobile,+8550766568461
Mobitel-076-6568462,Mobile,+8550766568462
Mobitel-076-6568463,Mobile,+8550766568463
Mobitel-076-6568464,Mobile,+8550766568464
Mobitel-076-6568465,Mobile,+8550766568465
Mobitel-076-6568466,Mobile,+8550766568466
Mobitel-076-6568467,Mobile,+8550766568467
Mobitel-076-6568468,Mobile,+8550766568468
Mobitel-076-6568469,Mobile,+8550766568469
Mobitel-076-6568470,Mobile,+8550766568470
Mobitel-076-6568471,Mobile,+8550766568471
Mobitel-076-6568472,Mobile,+8550766568472
Mobitel-076-6568473,Mobile,+8550766568473
Mobitel-076-6568474,Mobile,+8550766568474
Mobitel-076-6568475,Mobile,+8550766568475
Mobitel-076-6568476,Mobile,+8550766568476
Mobitel-076-6568477,Mobile,+8550766568477
Mobitel-076-6568478,Mobile,+8550766568478
Mobitel-076-6568479,Mobile,+8550766568479
Mobitel-076-6568480,Mobile,+8550766568480
Mobitel-076-6568481,Mobile,+8550766568481
Mobitel-076-6568482,Mobile,+8550766568482
Mobitel-076-6568483,Mobile,+8550766568483
Mobitel-076-6568484,Mobile,+8550766568484
Mobitel-076-6568485,Mobile,+8550766568485
Mobitel-076-6568486,Mobile,+8550766568486
Mobitel-076-6568487,Mobile,+8550766568487
Mobitel-076-6568488,Mobile,+8550766568488
Mobitel-076-6568489,Mobile,+8550766568489
Mobitel-076-6568490,Mobile,+8550766568490
Mobitel-076-6568491,Mobile,+8550766568491
Mobitel-076-6568492,Mobile,+8550766568492
Mobitel-076-6568493,Mobile,+8550766568493
Mobitel-076-6568494,Mobile,+8550766568494
Mobitel-076-6568495,Mobile,+8550766568495
Mobitel-076-6568496,Mobile,+8550766568496
Mobitel-076-6568497,Mobile,+8550766568497
Mobitel-076-6568498,Mobile,+8550766568498
Mobitel-076-6568499,Mobile,+8550766568499
Mobitel-076-6568500,Mobile,+8550766568500
Mobitel-076-6568501,Mobile,+8550766568501
Mobitel-076-6568502,Mobile,+8550766568502
Mobitel-076-6568503,Mobile,+8550766568503
Mobitel-076-6568504,Mobile,+8550766568504
Mobitel-076-6568505,Mobile,+8550766568505
Mobitel-076-6568506,Mobile,+8550766568506
Mobitel-076-6568507,Mobile,+8550766568507
Mobitel-076-6568508,Mobile,+8550766568508
Mobitel-076-6568509,Mobile,+8550766568509
Mobitel-076-6568510,Mobile,+8550766568510
Mobitel-076-6568511,Mobile,+8550766568511
Mobitel-076-6568512,Mobile,+8550766568512
Mobitel-076-6568513,Mobile,+8550766568513
Mobitel-076-6568514,Mobile,+8550766568514
Mobitel-076-6568515,Mobile,+8550766568515
Mobitel-076-6568516,Mobile,+8550766568516
Mobitel-076-6568517,Mobile,+8550766568517
Mobitel-076-6568518,Mobile,+8550766568518
Mobitel-076-6568519,Mobile,+8550766568519
Mobitel-076-6568520,Mobile,+8550766568520
Mobitel-076-6568521,Mobile,+8550766568521
Mobitel-076-6568522,Mobile,+8550766568522
Mobitel-076-6568523,Mobile,+8550766568523
Mobitel-076-6568524,Mobile,+8550766568524
Mobitel-076-6568525,Mobile,+8550766568525
Mobitel-076-6568526,Mobile,+8550766568526
Mobitel-076-6568527,Mobile,+8550766568527
Mobitel-076-6568528,Mobile,+8550766568528
Mobitel-076-6568529,Mobile,+8550766568529
Mobitel-076-6568530,Mobile,+8550766568530
Mobitel-076-6568531,Mobile,+8550766568531
Mobitel-076-6568532,Mobile,+8550766568532
Mobitel-076-6568533,Mobile,+8550766568533
Mobitel-076-6568534,Mobile,+8550766568534
Mobitel-076-6568535,Mobile,+8550766568535
Mobitel-076-6568536,Mobile,+8550766568536
Mobitel-076-6568537,Mobile,+8550766568537
Mobitel-076-6568538,Mobile,+8550766568538
Mobitel-076-6568539,Mobile,+8550766568539
Mobitel-076-6568540,Mobile,+8550766568540
Mobitel-076-6568541,Mobile,+8550766568541
Mobitel-076-6568542,Mobile,+8550766568542
Mobitel-076-6568543,Mobile,+8550766568543
Mobitel-076-6568544,Mobile,+8550766568544
Mobitel-076-6568545,Mobile,+8550766568545
Mobitel-076-6568546,Mobile,+8550766568546
Mobitel-076-6568547,Mobile,+8550766568547
Mobitel-076-6568548,Mobile,+8550766568548
Mobitel-076-6568549,Mobile,+8550766568549
Mobitel-076-6568550,Mobile,+8550766568550
Mobitel-076-6568551,Mobile,+8550766568551
Mobitel-076-6568552,Mobile,+8550766568552
Mobitel-076-6568553,Mobile,+8550766568553
Mobitel-076-6568554,Mobile,+8550766568554
Mobitel-076-6568555,Mobile,+8550766568555
Mobitel-076-6568556,Mobile,+8550766568556
Mobitel-076-6568557,Mobile,+8550766568557
Mobitel-076-6568558,Mobile,+8550766568558
Mobitel-076-6568559,Mobile,+8550766568559
Mobitel-076-6568560,Mobile,+8550766568560
Mobitel-076-6568561,Mobile,+8550766568561
Mobitel-076-6568562,Mobile,+8550766568562
Mobitel-076-6568563,Mobile,+8550766568563
Mobitel-076-6568564,Mobile,+8550766568564
Mobitel-076-6568565,Mobile,+8550766568565
Mobitel-076-6568566,Mobile,+8550766568566
Mobitel-076-6568567,Mobile,+8550766568567
Mobitel-076-6568568,Mobile,+8550766568568
Mobitel-076-6568569,Mobile,+8550766568569
Mobitel-076-6568570,Mobile,+8550766568570
Mobitel-076-6568571,Mobile,+8550766568571
Mobitel-076-6568572,Mobile,+8550766568572
Mobitel-076-6568573,Mobile,+8550766568573
Mobitel-076-6568574,Mobile,+8550766568574
Mobitel-076-6568575,Mobile,+8550766568575
Mobitel-076-6568576,Mobile,+8550766568576
Mobitel-076-6568577,Mobile,+8550766568577
Mobitel-076-6568578,Mobile,+8550766568578
Mobitel-076-6568579,Mobile,+8550766568579
Mobitel-076-6568580,Mobile,+8550766568580
Mobitel-076-6568581,Mobile,+8550766568581
Mobitel-076-6568582,Mobile,+8550766568582
Mobitel-076-6568583,Mobile,+8550766568583
Mobitel-076-6568584,Mobile,+8550766568584
Mobitel-076-6568585,Mobile,+8550766568585
Mobitel-076-6568586,Mobile,+8550766568586
Mobitel-076-6568587,Mobile,+8550766568587
Mobitel-076-6568588,Mobile,+8550766568588
Mobitel-076-6568589,Mobile,+8550766568589
Mobitel-076-6568590,Mobile,+8550766568590
Mobitel-076-6568591,Mobile,+8550766568591
Mobitel-076-6568592,Mobile,+8550766568592
Mobitel-076-6568593,Mobile,+8550766568593
Mobitel-076-6568594,Mobile,+8550766568594
Mobitel-076-6568595,Mobile,+8550766568595
Mobitel-076-6568596,Mobile,+8550766568596
Mobitel-076-6568597,Mobile,+8550766568597
Mobitel-076-6568598,Mobile,+8550766568598
Mobitel-076-6568599,Mobile,+8550766568599
Mobitel-076-6568600,Mobile,+8550766568600
Mobitel-076-6568601,Mobile,+8550766568601
Mobitel-076-6568602,Mobile,+8550766568602
Mobitel-076-6568603,Mobile,+8550766568603
Mobitel-076-6568604,Mobile,+8550766568604
Mobitel-076-6568605,Mobile,+8550766568605
Mobitel-076-6568606,Mobile,+8550766568606
Mobitel-076-6568607,Mobile,+8550766568607
Mobitel-076-6568608,Mobile,+8550766568608
Mobitel-076-6568609,Mobile,+8550766568609
Mobitel-076-6568610,Mobile,+8550766568610
Mobitel-076-6568611,Mobile,+8550766568611
Mobitel-076-6568612,Mobile,+8550766568612
Mobitel-076-6568613,Mobile,+8550766568613
Mobitel-076-6568614,Mobile,+8550766568614
Mobitel-076-6568615,Mobile,+8550766568615
Mobitel-076-6568616,Mobile,+8550766568616
Mobitel-076-6568617,Mobile,+8550766568617
Mobitel-076-6568618,Mobile,+8550766568618
Mobitel-076-6568619,Mobile,+8550766568619
Mobitel-076-6568620,Mobile,+8550766568620
Mobitel-076-6568621,Mobile,+8550766568621
Mobitel-076-6568622,Mobile,+8550766568622
Mobitel-076-6568623,Mobile,+8550766568623
Mobitel-076-6568624,Mobile,+8550766568624
Mobitel-076-6568625,Mobile,+8550766568625
Mobitel-076-6568626,Mobile,+8550766568626
Mobitel-076-6568627,Mobile,+8550766568627
Mobitel-076-6568628,Mobile,+8550766568628
Mobitel-076-6568629,Mobile,+8550766568629
Mobitel-076-6568630,Mobile,+8550766568630
Mobitel-076-6568631,Mobile,+8550766568631
Mobitel-076-6568632,Mobile,+8550766568632
Mobitel-076-6568633,Mobile,+8550766568633
Mobitel-076-6568634,Mobile,+8550766568634
Mobitel-076-6568635,Mobile,+8550766568635
Mobitel-076-6568636,Mobile,+8550766568636
Mobitel-076-6568637,Mobile,+8550766568637
Mobitel-076-6568638,Mobile,+8550766568638
Mobitel-076-6568639,Mobile,+8550766568639
Mobitel-076-6568640,Mobile,+8550766568640
Mobitel-076-6568641,Mobile,+8550766568641
Mobitel-076-6568642,Mobile,+8550766568642
Mobitel-076-6568643,Mobile,+8550766568643
Mobitel-076-6568644,Mobile,+8550766568644
Mobitel-076-6568645,Mobile,+8550766568645
Mobitel-076-6568646,Mobile,+8550766568646
Mobitel-076-6568647,Mobile,+8550766568647
Mobitel-076-6568648,Mobile,+8550766568648
Mobitel-076-6568649,Mobile,+8550766568649
Mobitel-076-6568650,Mobile,+8550766568650
Mobitel-076-6568651,Mobile,+8550766568651
Mobitel-076-6568652,Mobile,+8550766568652
Mobitel-076-6568653,Mobile,+8550766568653
Mobitel-076-6568654,Mobile,+8550766568654
Mobitel-076-6568655,Mobile,+8550766568655
Mobitel-076-6568656,Mobile,+8550766568656
Mobitel-076-6568657,Mobile,+8550766568657
Mobitel-076-6568658,Mobile,+8550766568658
Mobitel-076-6568659,Mobile,+8550766568659
Mobitel-076-6568660,Mobile,+8550766568660
Mobitel-076-6568661,Mobile,+8550766568661
Mobitel-076-6568662,Mobile,+8550766568662
Mobitel-076-6568663,Mobile,+8550766568663
Mobitel-076-6568664,Mobile,+8550766568664
Mobitel-076-6568665,Mobile,+8550766568665
Mobitel-076-6568666,Mobile,+8550766568666
Mobitel-076-6568667,Mobile,+8550766568667
Mobitel-076-6568668,Mobile,+8550766568668
Mobitel-076-6568669,Mobile,+8550766568669
Mobitel-076-6568670,Mobile,+8550766568670
Mobitel-076-6568671,Mobile,+8550766568671
Mobitel-076-6568672,Mobile,+8550766568672
Mobitel-076-6568673,Mobile,+8550766568673
Mobitel-076-6568674,Mobile,+8550766568674
Mobitel-076-6568675,Mobile,+8550766568675
Mobitel-076-6568676,Mobile,+8550766568676
Mobitel-076-6568677,Mobile,+8550766568677
Mobitel-076-6568678,Mobile,+8550766568678
Mobitel-076-6568679,Mobile,+8550766568679
Mobitel-076-6568680,Mobile,+8550766568680
Mobitel-076-6568681,Mobile,+8550766568681
Mobitel-076-6568682,Mobile,+8550766568682
Mobitel-076-6568683,Mobile,+8550766568683
Mobitel-076-6568684,Mobile,+8550766568684
Mobitel-076-6568685,Mobile,+8550766568685
Mobitel-076-6568686,Mobile,+8550766568686
Mobitel-076-6568687,Mobile,+8550766568687
Mobitel-076-6568688,Mobile,+8550766568688
Mobitel-076-6568689,Mobile,+8550766568689
Mobitel-076-6568690,Mobile,+8550766568690
Mobitel-076-6568691,Mobile,+8550766568691
Mobitel-076-6568692,Mobile,+8550766568692
Mobitel-076-6568693,Mobile,+8550766568693
Mobitel-076-6568694,Mobile,+8550766568694
Mobitel-076-6568695,Mobile,+8550766568695
Mobitel-076-6568696,Mobile,+8550766568696
Mobitel-076-6568697,Mobile,+8550766568697
Mobitel-076-6568698,Mobile,+8550766568698
Mobitel-076-6568699,Mobile,+8550766568699
Mobitel-076-6568700,Mobile,+8550766568700
Mobitel-076-6568701,Mobile,+8550766568701
Mobitel-076-6568702,Mobile,+8550766568702
Mobitel-076-6568703,Mobile,+8550766568703
Mobitel-076-6568704,Mobile,+8550766568704
Mobitel-076-6568705,Mobile,+8550766568705
Mobitel-076-6568706,Mobile,+8550766568706
Mobitel-076-6568707,Mobile,+8550766568707
Mobitel-076-6568708,Mobile,+8550766568708
Mobitel-076-6568709,Mobile,+8550766568709
Mobitel-076-6568710,Mobile,+8550766568710
Mobitel-076-6568711,Mobile,+8550766568711
Mobitel-076-6568712,Mobile,+8550766568712
Mobitel-076-6568713,Mobile,+8550766568713
Mobitel-076-6568714,Mobile,+8550766568714
Mobitel-076-6568715,Mobile,+8550766568715
Mobitel-076-6568716,Mobile,+8550766568716
Mobitel-076-6568717,Mobile,+8550766568717
Mobitel-076-6568718,Mobile,+8550766568718
Mobitel-076-6568719,Mobile,+8550766568719
Mobitel-076-6568720,Mobile,+8550766568720
Mobitel-076-6568721,Mobile,+8550766568721
Mobitel-076-6568722,Mobile,+8550766568722
Mobitel-076-6568723,Mobile,+8550766568723
Mobitel-076-6568724,Mobile,+8550766568724
Mobitel-076-6568725,Mobile,+8550766568725
Mobitel-076-6568726,Mobile,+8550766568726
Mobitel-076-6568727,Mobile,+8550766568727
Mobitel-076-6568728,Mobile,+8550766568728
Mobitel-076-6568729,Mobile,+8550766568729
Mobitel-076-6568730,Mobile,+8550766568730
Mobitel-076-6568731,Mobile,+8550766568731
Mobitel-076-6568732,Mobile,+8550766568732
Mobitel-076-6568733,Mobile,+8550766568733
Mobitel-076-6568734,Mobile,+8550766568734
Mobitel-076-6568735,Mobile,+8550766568735
Mobitel-076-6568736,Mobile,+8550766568736
Mobitel-076-6568737,Mobile,+8550766568737
Mobitel-076-6568738,Mobile,+8550766568738
Mobitel-076-6568739,Mobile,+8550766568739
Mobitel-076-6568740,Mobile,+8550766568740
Mobitel-076-6568741,Mobile,+8550766568741
Mobitel-076-6568742,Mobile,+8550766568742
Mobitel-076-6568743,Mobile,+8550766568743
Mobitel-076-6568744,Mobile,+8550766568744
Mobitel-076-6568745,Mobile,+8550766568745
Mobitel-076-6568746,Mobile,+8550766568746
Mobitel-076-6568747,Mobile,+8550766568747
Mobitel-076-6568748,Mobile,+8550766568748
Mobitel-076-6568749,Mobile,+8550766568749
Mobitel-076-6568750,Mobile,+8550766568750
Mobitel-076-6568751,Mobile,+8550766568751
Mobitel-076-6568752,Mobile,+8550766568752
Mobitel-076-6568753,Mobile,+8550766568753
Mobitel-076-6568754,Mobile,+8550766568754
Mobitel-076-6568755,Mobile,+8550766568755
Mobitel-076-6568756,Mobile,+8550766568756
Mobitel-076-6568757,Mobile,+8550766568757
Mobitel-076-6568758,Mobile,+8550766568758
Mobitel-076-6568759,Mobile,+8550766568759
Mobitel-076-6568760,Mobile,+8550766568760
Mobitel-076-6568761,Mobile,+8550766568761
Mobitel-076-6568762,Mobile,+8550766568762
Mobitel-076-6568763,Mobile,+8550766568763
Mobitel-076-6568764,Mobile,+8550766568764
Mobitel-076-6568765,Mobile,+8550766568765
Mobitel-076-6568766,Mobile,+8550766568766
Mobitel-076-6568767,Mobile,+8550766568767
Mobitel-076-6568768,Mobile,+8550766568768
Mobitel-076-6568769,Mobile,+8550766568769
Mobitel-076-6568770,Mobile,+8550766568770
Mobitel-076-6568771,Mobile,+8550766568771
Mobitel-076-6568772,Mobile,+8550766568772
Mobitel-076-6568773,Mobile,+8550766568773
Mobitel-076-6568774,Mobile,+8550766568774
Mobitel-076-6568775,Mobile,+8550766568775
Mobitel-076-6568776,Mobile,+8550766568776
Mobitel-076-6568777,Mobile,+8550766568777
Mobitel-076-6568778,Mobile,+8550766568778
Mobitel-076-6568779,Mobile,+8550766568779
Mobitel-076-6568780,Mobile,+8550766568780
Mobitel-076-6568781,Mobile,+8550766568781
Mobitel-076-6568782,Mobile,+8550766568782
Mobitel-076-6568783,Mobile,+8550766568783
Mobitel-076-6568784,Mobile,+8550766568784
Mobitel-076-6568785,Mobile,+8550766568785
Mobitel-076-6568786,Mobile,+8550766568786
Mobitel-076-6568787,Mobile,+8550766568787
Mobitel-076-6568788,Mobile,+8550766568788
Mobitel-076-6568789,Mobile,+8550766568789
Mobitel-076-6568790,Mobile,+8550766568790
Mobitel-076-6568791,Mobile,+8550766568791
Mobitel-076-6568792,Mobile,+8550766568792
Mobitel-076-6568793,Mobile,+8550766568793
Mobitel-076-6568794,Mobile,+8550766568794
Mobitel-076-6568795,Mobile,+8550766568795
Mobitel-076-6568796,Mobile,+8550766568796
Mobitel-076-6568797,Mobile,+8550766568797
Mobitel-076-6568798,Mobile,+8550766568798
Mobitel-076-6568799,Mobile,+8550766568799
Mobitel-076-6568800,Mobile,+8550766568800
Mobitel-076-6568801,Mobile,+8550766568801
Mobitel-076-6568802,Mobile,+8550766568802
Mobitel-076-6568803,Mobile,+8550766568803
Mobitel-076-6568804,Mobile,+8550766568804
Mobitel-076-6568805,Mobile,+8550766568805
Mobitel-076-6568806,Mobile,+8550766568806
Mobitel-076-6568807,Mobile,+8550766568807
Mobitel-076-6568808,Mobile,+8550766568808
Mobitel-076-6568809,Mobile,+8550766568809
Mobitel-076-6568810,Mobile,+8550766568810
Mobitel-076-6568811,Mobile,+8550766568811
Mobitel-076-6568812,Mobile,+8550766568812
Mobitel-076-6568813,Mobile,+8550766568813
Mobitel-076-6568814,Mobile,+8550766568814
Mobitel-076-6568815,Mobile,+8550766568815
Mobitel-076-6568816,Mobile,+8550766568816
Mobitel-076-6568817,Mobile,+8550766568817
Mobitel-076-6568818,Mobile,+8550766568818
Mobitel-076-6568819,Mobile,+8550766568819
Mobitel-076-6568820,Mobile,+8550766568820
Mobitel-076-6568821,Mobile,+8550766568821
Mobitel-076-6568822,Mobile,+8550766568822
Mobitel-076-6568823,Mobile,+8550766568823
Mobitel-076-6568824,Mobile,+8550766568824
Mobitel-076-6568825,Mobile,+8550766568825
Mobitel-076-6568826,Mobile,+8550766568826
Mobitel-076-6568827,Mobile,+8550766568827
Mobitel-076-6568828,Mobile,+8550766568828
Mobitel-076-6568829,Mobile,+8550766568829
Mobitel-076-6568830,Mobile,+8550766568830
Mobitel-076-6568831,Mobile,+8550766568831
Mobitel-076-6568832,Mobile,+8550766568832
Mobitel-076-6568833,Mobile,+8550766568833
Mobitel-076-6568834,Mobile,+8550766568834
Mobitel-076-6568835,Mobile,+8550766568835
Mobitel-076-6568836,Mobile,+8550766568836
Mobitel-076-6568837,Mobile,+8550766568837
Mobitel-076-6568838,Mobile,+8550766568838
Mobitel-076-6568839,Mobile,+8550766568839
Mobitel-076-6568840,Mobile,+8550766568840
Mobitel-076-6568841,Mobile,+8550766568841
Mobitel-076-6568842,Mobile,+8550766568842
Mobitel-076-6568843,Mobile,+8550766568843
Mobitel-076-6568844,Mobile,+8550766568844
Mobitel-076-6568845,Mobile,+8550766568845
Mobitel-076-6568846,Mobile,+8550766568846
Mobitel-076-6568847,Mobile,+8550766568847
Mobitel-076-6568848,Mobile,+8550766568848
Mobitel-076-6568849,Mobile,+8550766568849
Mobitel-076-6568850,Mobile,+8550766568850
Mobitel-076-6568851,Mobile,+8550766568851
Mobitel-076-6568852,Mobile,+8550766568852
Mobitel-076-6568853,Mobile,+8550766568853
Mobitel-076-6568854,Mobile,+8550766568854
Mobitel-076-6568855,Mobile,+8550766568855
Mobitel-076-6568856,Mobile,+8550766568856
Mobitel-076-6568857,Mobile,+8550766568857
Mobitel-076-6568858,Mobile,+8550766568858
Mobitel-076-6568859,Mobile,+8550766568859
Mobitel-076-6568860,Mobile,+8550766568860
Mobitel-076-6568861,Mobile,+8550766568861
Mobitel-076-6568862,Mobile,+8550766568862
Mobitel-076-6568863,Mobile,+8550766568863
Mobitel-076-6568864,Mobile,+8550766568864
Mobitel-076-6568865,Mobile,+8550766568865
Mobitel-076-6568866,Mobile,+8550766568866
Mobitel-076-6568867,Mobile,+8550766568867
Mobitel-076-6568868,Mobile,+8550766568868
Mobitel-076-6568869,Mobile,+8550766568869
Mobitel-076-6568870,Mobile,+8550766568870
Mobitel-076-6568871,Mobile,+8550766568871
Mobitel-076-6568872,Mobile,+8550766568872
Mobitel-076-6568873,Mobile,+8550766568873
Mobitel-076-6568874,Mobile,+8550766568874
Mobitel-076-6568875,Mobile,+8550766568875
Mobitel-076-6568876,Mobile,+8550766568876
Mobitel-076-6568877,Mobile,+8550766568877
Mobitel-076-6568878,Mobile,+8550766568878
Mobitel-076-6568879,Mobile,+8550766568879
Mobitel-076-6568880,Mobile,+8550766568880
Mobitel-076-6568881,Mobile,+8550766568881
Mobitel-076-6568882,Mobile,+8550766568882
Mobitel-076-6568883,Mobile,+8550766568883
Mobitel-076-6568884,Mobile,+8550766568884
Mobitel-076-6568885,Mobile,+8550766568885
Mobitel-076-6568886,Mobile,+8550766568886
Mobitel-076-6568887,Mobile,+8550766568887
Mobitel-076-6568888,Mobile,+8550766568888
Mobitel-076-6568889,Mobile,+8550766568889
Mobitel-076-6568890,Mobile,+8550766568890
Mobitel-076-6568891,Mobile,+8550766568891
Mobitel-076-6568892,Mobile,+8550766568892
Mobitel-076-6568893,Mobile,+8550766568893
Mobitel-076-6568894,Mobile,+8550766568894
Mobitel-076-6568895,Mobile,+8550766568895
Mobitel-076-6568896,Mobile,+8550766568896
Mobitel-076-6568897,Mobile,+8550766568897
Mobitel-076-6568898,Mobile,+8550766568898
Mobitel-076-6568899,Mobile,+8550766568899
Mobitel-076-6568900,Mobile,+8550766568900
Mobitel-076-6568901,Mobile,+8550766568901
Mobitel-076-6568902,Mobile,+8550766568902
Mobitel-076-6568903,Mobile,+8550766568903
Mobitel-076-6568904,Mobile,+8550766568904
Mobitel-076-6568905,Mobile,+8550766568905
Mobitel-076-6568906,Mobile,+8550766568906
Mobitel-076-6568907,Mobile,+8550766568907
Mobitel-076-6568908,Mobile,+8550766568908
Mobitel-076-6568909,Mobile,+8550766568909
Mobitel-076-6568910,Mobile,+8550766568910
Mobitel-076-6568911,Mobile,+8550766568911
Mobitel-076-6568912,Mobile,+8550766568912
Mobitel-076-6568913,Mobile,+8550766568913
Mobitel-076-6568914,Mobile,+8550766568914
Mobitel-076-6568915,Mobile,+8550766568915
Mobitel-076-6568916,Mobile,+8550766568916
Mobitel-076-6568917,Mobile,+8550766568917
Mobitel-076-6568918,Mobile,+8550766568918
Mobitel-076-6568919,Mobile,+8550766568919
Mobitel-076-6568920,Mobile,+8550766568920
Mobitel-076-6568921,Mobile,+8550766568921
Mobitel-076-6568922,Mobile,+8550766568922
Mobitel-076-6568923,Mobile,+8550766568923
Mobitel-076-6568924,Mobile,+8550766568924
Mobitel-076-6568925,Mobile,+8550766568925
Mobitel-076-6568926,Mobile,+8550766568926
Mobitel-076-6568927,Mobile,+8550766568927
Mobitel-076-6568928,Mobile,+8550766568928
Mobitel-076-6568929,Mobile,+8550766568929
Mobitel-076-6568930,Mobile,+8550766568930
Mobitel-076-6568931,Mobile,+8550766568931
Mobitel-076-6568932,Mobile,+8550766568932
Mobitel-076-6568933,Mobile,+8550766568933
Mobitel-076-6568934,Mobile,+8550766568934
Mobitel-076-6568935,Mobile,+8550766568935
Mobitel-076-6568936,Mobile,+8550766568936
Mobitel-076-6568937,Mobile,+8550766568937
Mobitel-076-6568938,Mobile,+8550766568938
Mobitel-076-6568939,Mobile,+8550766568939
Mobitel-076-6568940,Mobile,+8550766568940
Mobitel-076-6568941,Mobile,+8550766568941
Mobitel-076-6568942,Mobile,+8550766568942
Mobitel-076-6568943,Mobile,+8550766568943
Mobitel-076-6568944,Mobile,+8550766568944
Mobitel-076-6568945,Mobile,+8550766568945
Mobitel-076-6568946,Mobile,+8550766568946
Mobitel-076-6568947,Mobile,+8550766568947
Mobitel-076-6568948,Mobile,+8550766568948
Mobitel-076-6568949,Mobile,+8550766568949
Mobitel-076-6568950,Mobile,+8550766568950
Mobitel-076-6568951,Mobile,+8550766568951
Mobitel-076-6568952,Mobile,+8550766568952
Mobitel-076-6568953,Mobile,+8550766568953
Mobitel-076-6568954,Mobile,+8550766568954
Mobitel-076-6568955,Mobile,+8550766568955
Mobitel-076-6568956,Mobile,+8550766568956
Mobitel-076-6568957,Mobile,+8550766568957
Mobitel-076-6568958,Mobile,+8550766568958
Mobitel-076-6568959,Mobile,+8550766568959
Mobitel-076-6568960,Mobile,+8550766568960
Mobitel-076-6568961,Mobile,+8550766568961
Mobitel-076-6568962,Mobile,+8550766568962
Mobitel-076-6568963,Mobile,+8550766568963
Mobitel-076-6568964,Mobile,+8550766568964
Mobitel-076-6568965,Mobile,+8550766568965
Mobitel-076-6568966,Mobile,+8550766568966
Mobitel-076-6568967,Mobile,+8550766568967
Mobitel-076-6568968,Mobile,+8550766568968
Mobitel-076-6568969,Mobile,+8550766568969
Mobitel-076-6568970,Mobile,+8550766568970
Mobitel-076-6568971,Mobile,+8550766568971
Mobitel-076-6568972,Mobile,+8550766568972
Mobitel-076-6568973,Mobile,+8550766568973
Mobitel-076-6568974,Mobile,+8550766568974
Mobitel-076-6568975,Mobile,+8550766568975
Mobitel-076-6568976,Mobile,+8550766568976
Mobitel-076-6568977,Mobile,+8550766568977
Mobitel-076-6568978,Mobile,+8550766568978
Mobitel-076-6568979,Mobile,+8550766568979
Mobitel-076-6568980,Mobile,+8550766568980
Mobitel-076-6568981,Mobile,+8550766568981
Mobitel-076-6568982,Mobile,+8550766568982
Mobitel-076-6568983,Mobile,+8550766568983
Mobitel-076-6568984,Mobile,+8550766568984
Mobitel-076-6568985,Mobile,+8550766568985
Mobitel-076-6568986,Mobile,+8550766568986
Mobitel-076-6568987,Mobile,+8550766568987
Mobitel-076-6568988,Mobile,+8550766568988
Mobitel-076-6568989,Mobile,+8550766568989
Mobitel-076-6568990,Mobile,+8550766568990
Mobitel-076-6568991,Mobile,+8550766568991
Mobitel-076-6568992,Mobile,+8550766568992
Mobitel-076-6568993,Mobile,+8550766568993
Mobitel-076-6568994,Mobile,+8550766568994
Mobitel-076-6568995,Mobile,+8550766568995
Mobitel-076-6568996,Mobile,+8550766568996
Mobitel-076-6568997,Mobile,+8550766568997
Mobitel-076-6568998,Mobile,+8550766568998
Mobitel-076-6568999,Mobile,+8550766568999
Mobitel-076-6569000,Mobile,+8550766569000
Mobitel-076-6569001,Mobile,+8550766569001
Mobitel-076-6569002,Mobile,+8550766569002
Mobitel-076-6569003,Mobile,+8550766569003
Mobitel-076-6569004,Mobile,+8550766569004
Mobitel-076-6569005,Mobile,+8550766569005
Mobitel-076-6569006,Mobile,+8550766569006
Mobitel-076-6569007,Mobile,+8550766569007
Mobitel-076-6569008,Mobile,+8550766569008
Mobitel-076-6569009,Mobile,+8550766569009
Mobitel-076-6569010,Mobile,+8550766569010
Mobitel-076-6569011,Mobile,+8550766569011
Mobitel-076-6569012,Mobile,+8550766569012
Mobitel-076-6569013,Mobile,+8550766569013
Mobitel-076-6569014,Mobile,+8550766569014
Mobitel-076-6569015,Mobile,+8550766569015
Mobitel-076-6569016,Mobile,+8550766569016
Mobitel-076-6569017,Mobile,+8550766569017
Mobitel-076-6569018,Mobile,+8550766569018
Mobitel-076-6569019,Mobile,+8550766569019
Mobitel-076-6569020,Mobile,+8550766569020
Mobitel-076-6569021,Mobile,+8550766569021
Mobitel-076-6569022,Mobile,+8550766569022
Mobitel-076-6569023,Mobile,+8550766569023
Mobitel-076-6569024,Mobile,+8550766569024
Mobitel-076-6569025,Mobile,+8550766569025
Mobitel-076-6569026,Mobile,+8550766569026
Mobitel-076-6569027,Mobile,+8550766569027
Mobitel-076-6569028,Mobile,+8550766569028
Mobitel-076-6569029,Mobile,+8550766569029
Mobitel-076-6569030,Mobile,+8550766569030
Mobitel-076-6569031,Mobile,+8550766569031
Mobitel-076-6569032,Mobile,+8550766569032
Mobitel-076-6569033,Mobile,+8550766569033
Mobitel-076-6569034,Mobile,+8550766569034
Mobitel-076-6569035,Mobile,+8550766569035
Mobitel-076-6569036,Mobile,+8550766569036
Mobitel-076-6569037,Mobile,+8550766569037
Mobitel-076-6569038,Mobile,+8550766569038
Mobitel-076-6569039,Mobile,+8550766569039
Mobitel-076-6569040,Mobile,+8550766569040
Mobitel-076-6569041,Mobile,+8550766569041
Mobitel-076-6569042,Mobile,+8550766569042
Mobitel-076-6569043,Mobile,+8550766569043
Mobitel-076-6569044,Mobile,+8550766569044
Mobitel-076-6569045,Mobile,+8550766569045
Mobitel-076-6569046,Mobile,+8550766569046
Mobitel-076-6569047,Mobile,+8550766569047
Mobitel-076-6569048,Mobile,+8550766569048
Mobitel-076-6569049,Mobile,+8550766569049
Mobitel-076-6569050,Mobile,+8550766569050
Mobitel-076-6569051,Mobile,+8550766569051
Mobitel-076-6569052,Mobile,+8550766569052
Mobitel-076-6569053,Mobile,+8550766569053
Mobitel-076-6569054,Mobile,+8550766569054
Mobitel-076-6569055,Mobile,+8550766569055
Mobitel-076-6569056,Mobile,+8550766569056
Mobitel-076-6569057,Mobile,+8550766569057
Mobitel-076-6569058,Mobile,+8550766569058
Mobitel-076-6569059,Mobile,+8550766569059
Mobitel-076-6569060,Mobile,+8550766569060
Mobitel-076-6569061,Mobile,+8550766569061
Mobitel-076-6569062,Mobile,+8550766569062
Mobitel-076-6569063,Mobile,+8550766569063
Mobitel-076-6569064,Mobile,+8550766569064
Mobitel-076-6569065,Mobile,+8550766569065
Mobitel-076-6569066,Mobile,+8550766569066
Mobitel-076-6569067,Mobile,+8550766569067
Mobitel-076-6569068,Mobile,+8550766569068
Mobitel-076-6569069,Mobile,+8550766569069
Mobitel-076-6569070,Mobile,+8550766569070
Mobitel-076-6569071,Mobile,+8550766569071
Mobitel-076-6569072,Mobile,+8550766569072
Mobitel-076-6569073,Mobile,+8550766569073
Mobitel-076-6569074,Mobile,+8550766569074
Mobitel-076-6569075,Mobile,+8550766569075
Mobitel-076-6569076,Mobile,+8550766569076
Mobitel-076-6569077,Mobile,+8550766569077
Mobitel-076-6569078,Mobile,+8550766569078
Mobitel-076-6569079,Mobile,+8550766569079
Mobitel-076-6569080,Mobile,+8550766569080
Mobitel-076-6569081,Mobile,+8550766569081
Mobitel-076-6569082,Mobile,+8550766569082
Mobitel-076-6569083,Mobile,+8550766569083
Mobitel-076-6569084,Mobile,+8550766569084
Mobitel-076-6569085,Mobile,+8550766569085
Mobitel-076-6569086,Mobile,+8550766569086
Mobitel-076-6569087,Mobile,+8550766569087
Mobitel-076-6569088,Mobile,+8550766569088
Mobitel-076-6569089,Mobile,+8550766569089
Mobitel-076-6569090,Mobile,+8550766569090
Mobitel-076-6569091,Mobile,+8550766569091
Mobitel-076-6569092,Mobile,+8550766569092
Mobitel-076-6569093,Mobile,+8550766569093
Mobitel-076-6569094,Mobile,+8550766569094
Mobitel-076-6569095,Mobile,+8550766569095
Mobitel-076-6569096,Mobile,+8550766569096
Mobitel-076-6569097,Mobile,+8550766569097
Mobitel-076-6569098,Mobile,+8550766569098
Mobitel-076-6569099,Mobile,+8550766569099
Mobitel-076-6569100,Mobile,+8550766569100
Mobitel-076-6569101,Mobile,+8550766569101
Mobitel-076-6569102,Mobile,+8550766569102
Mobitel-076-6569103,Mobile,+8550766569103
Mobitel-076-6569104,Mobile,+8550766569104
Mobitel-076-6569105,Mobile,+8550766569105
Mobitel-076-6569106,Mobile,+8550766569106
Mobitel-076-6569107,Mobile,+8550766569107
Mobitel-076-6569108,Mobile,+8550766569108
Mobitel-076-6569109,Mobile,+8550766569109
Mobitel-076-6569110,Mobile,+8550766569110
Mobitel-076-6569111,Mobile,+8550766569111
Mobitel-076-6569112,Mobile,+8550766569112
Mobitel-076-6569113,Mobile,+8550766569113
Mobitel-076-6569114,Mobile,+8550766569114
Mobitel-076-6569115,Mobile,+8550766569115
Mobitel-076-6569116,Mobile,+8550766569116
Mobitel-076-6569117,Mobile,+8550766569117
Mobitel-076-6569118,Mobile,+8550766569118
Mobitel-076-6569119,Mobile,+8550766569119
Mobitel-076-6569120,Mobile,+8550766569120
Mobitel-076-6569121,Mobile,+8550766569121
Mobitel-076-6569122,Mobile,+8550766569122
Mobitel-076-6569123,Mobile,+8550766569123
Mobitel-076-6569124,Mobile,+8550766569124
Mobitel-076-6569125,Mobile,+8550766569125
Mobitel-076-6569126,Mobile,+8550766569126
Mobitel-076-6569127,Mobile,+8550766569127
Mobitel-076-6569128,Mobile,+8550766569128
Mobitel-076-6569129,Mobile,+8550766569129
Mobitel-076-6569130,Mobile,+8550766569130
Mobitel-076-6569131,Mobile,+8550766569131
Mobitel-076-6569132,Mobile,+8550766569132
Mobitel-076-6569133,Mobile,+8550766569133
Mobitel-076-6569134,Mobile,+8550766569134
Mobitel-076-6569135,Mobile,+8550766569135
Mobitel-076-6569136,Mobile,+8550766569136
Mobitel-076-6569137,Mobile,+8550766569137
Mobitel-076-6569138,Mobile,+8550766569138
Mobitel-076-6569139,Mobile,+8550766569139
Mobitel-076-6569140,Mobile,+8550766569140
Mobitel-076-6569141,Mobile,+8550766569141
Mobitel-076-6569142,Mobile,+8550766569142
Mobitel-076-6569143,Mobile,+8550766569143
Mobitel-076-6569144,Mobile,+8550766569144
Mobitel-076-6569145,Mobile,+8550766569145
Mobitel-076-6569146,Mobile,+8550766569146
Mobitel-076-6569147,Mobile,+8550766569147
Mobitel-076-6569148,Mobile,+8550766569148
Mobitel-076-6569149,Mobile,+8550766569149
Mobitel-076-6569150,Mobile,+8550766569150
Mobitel-076-6569151,Mobile,+8550766569151
Mobitel-076-6569152,Mobile,+8550766569152
Mobitel-076-6569153,Mobile,+8550766569153
Mobitel-076-6569154,Mobile,+8550766569154
Mobitel-076-6569155,Mobile,+8550766569155
Mobitel-076-6569156,Mobile,+8550766569156
Mobitel-076-6569157,Mobile,+8550766569157
Mobitel-076-6569158,Mobile,+8550766569158
Mobitel-076-6569159,Mobile,+8550766569159
Mobitel-076-6569160,Mobile,+8550766569160
Mobitel-076-6569161,Mobile,+8550766569161
Mobitel-076-6569162,Mobile,+8550766569162
Mobitel-076-6569163,Mobile,+8550766569163
Mobitel-076-6569164,Mobile,+8550766569164
Mobitel-076-6569165,Mobile,+8550766569165
Mobitel-076-6569166,Mobile,+8550766569166
Mobitel-076-6569167,Mobile,+8550766569167
Mobitel-076-6569168,Mobile,+8550766569168
Mobitel-076-6569169,Mobile,+8550766569169
Mobitel-076-6569170,Mobile,+8550766569170
Mobitel-076-6569171,Mobile,+8550766569171
Mobitel-076-6569172,Mobile,+8550766569172
Mobitel-076-6569173,Mobile,+8550766569173
Mobitel-076-6569174,Mobile,+8550766569174
Mobitel-076-6569175,Mobile,+8550766569175
Mobitel-076-6569176,Mobile,+8550766569176
Mobitel-076-6569177,Mobile,+8550766569177
Mobitel-076-6569178,Mobile,+8550766569178
Mobitel-076-6569179,Mobile,+8550766569179
Mobitel-076-6569180,Mobile,+8550766569180
Mobitel-076-6569181,Mobile,+8550766569181
Mobitel-076-6569182,Mobile,+8550766569182
Mobitel-076-6569183,Mobile,+8550766569183
Mobitel-076-6569184,Mobile,+8550766569184
Mobitel-076-6569185,Mobile,+8550766569185
Mobitel-076-6569186,Mobile,+8550766569186
Mobitel-076-6569187,Mobile,+8550766569187
Mobitel-076-6569188,Mobile,+8550766569188
Mobitel-076-6569189,Mobile,+8550766569189
Mobitel-076-6569190,Mobile,+8550766569190
Mobitel-076-6569191,Mobile,+8550766569191
Mobitel-076-6569192,Mobile,+8550766569192
Mobitel-076-6569193,Mobile,+8550766569193
Mobitel-076-6569194,Mobile,+8550766569194
Mobitel-076-6569195,Mobile,+8550766569195
Mobitel-076-6569196,Mobile,+8550766569196
Mobitel-076-6569197,Mobile,+8550766569197
Mobitel-076-6569198,Mobile,+8550766569198
Mobitel-076-6569199,Mobile,+8550766569199
Mobitel-076-6569200,Mobile,+8550766569200
Mobitel-076-6569201,Mobile,+8550766569201
Mobitel-076-6569202,Mobile,+8550766569202
Mobitel-076-6569203,Mobile,+8550766569203
Mobitel-076-6569204,Mobile,+8550766569204
Mobitel-076-6569205,Mobile,+8550766569205
Mobitel-076-6569206,Mobile,+8550766569206
Mobitel-076-6569207,Mobile,+8550766569207
Mobitel-076-6569208,Mobile,+8550766569208
Mobitel-076-6569209,Mobile,+8550766569209
Mobitel-076-6569210,Mobile,+8550766569210
Mobitel-076-6569211,Mobile,+8550766569211
Mobitel-076-6569212,Mobile,+8550766569212
Mobitel-076-6569213,Mobile,+8550766569213
Mobitel-076-6569214,Mobile,+8550766569214
Mobitel-076-6569215,Mobile,+8550766569215
Mobitel-076-6569216,Mobile,+8550766569216
Mobitel-076-6569217,Mobile,+8550766569217
Mobitel-076-6569218,Mobile,+8550766569218
Mobitel-076-6569219,Mobile,+8550766569219
Mobitel-076-6569220,Mobile,+8550766569220
Mobitel-076-6569221,Mobile,+8550766569221
Mobitel-076-6569222,Mobile,+8550766569222
Mobitel-076-6569223,Mobile,+8550766569223
Mobitel-076-6569224,Mobile,+8550766569224
Mobitel-076-6569225,Mobile,+8550766569225
Mobitel-076-6569226,Mobile,+8550766569226
Mobitel-076-6569227,Mobile,+8550766569227
Mobitel-076-6569228,Mobile,+8550766569228
Mobitel-076-6569229,Mobile,+8550766569229
Mobitel-076-6569230,Mobile,+8550766569230
Mobitel-076-6569231,Mobile,+8550766569231
Mobitel-076-6569232,Mobile,+8550766569232
Mobitel-076-6569233,Mobile,+8550766569233
Mobitel-076-6569234,Mobile,+8550766569234
Mobitel-076-6569235,Mobile,+8550766569235
Mobitel-076-6569236,Mobile,+8550766569236
Mobitel-076-6569237,Mobile,+8550766569237
Mobitel-076-6569238,Mobile,+8550766569238
Mobitel-076-6569239,Mobile,+8550766569239
Mobitel-076-6569240,Mobile,+8550766569240
Mobitel-076-6569241,Mobile,+8550766569241
Mobitel-076-6569242,Mobile,+8550766569242
Mobitel-076-6569243,Mobile,+8550766569243
Mobitel-076-6569244,Mobile,+8550766569244
Mobitel-076-6569245,Mobile,+8550766569245
Mobitel-076-6569246,Mobile,+8550766569246
Mobitel-076-6569247,Mobile,+8550766569247
Mobitel-076-6569248,Mobile,+8550766569248
Mobitel-076-6569249,Mobile,+8550766569249
Mobitel-076-6569250,Mobile,+8550766569250
Mobitel-076-6569251,Mobile,+8550766569251
Mobitel-076-6569252,Mobile,+8550766569252
Mobitel-076-6569253,Mobile,+8550766569253
Mobitel-076-6569254,Mobile,+8550766569254
Mobitel-076-6569255,Mobile,+8550766569255
Mobitel-076-6569256,Mobile,+8550766569256
Mobitel-076-6569257,Mobile,+8550766569257
Mobitel-076-6569258,Mobile,+8550766569258
Mobitel-076-6569259,Mobile,+8550766569259
Mobitel-076-6569260,Mobile,+8550766569260
Mobitel-076-6569261,Mobile,+8550766569261
Mobitel-076-6569262,Mobile,+8550766569262
Mobitel-076-6569263,Mobile,+8550766569263
Mobitel-076-6569264,Mobile,+8550766569264
Mobitel-076-6569265,Mobile,+8550766569265
Mobitel-076-6569266,Mobile,+8550766569266
Mobitel-076-6569267,Mobile,+8550766569267
Mobitel-076-6569268,Mobile,+8550766569268
Mobitel-076-6569269,Mobile,+8550766569269
Mobitel-076-6569270,Mobile,+8550766569270
Mobitel-076-6569271,Mobile,+8550766569271
Mobitel-076-6569272,Mobile,+8550766569272
Mobitel-076-6569273,Mobile,+8550766569273
Mobitel-076-6569274,Mobile,+8550766569274
Mobitel-076-6569275,Mobile,+8550766569275
Mobitel-076-6569276,Mobile,+8550766569276
Mobitel-076-6569277,Mobile,+8550766569277
Mobitel-076-6569278,Mobile,+8550766569278
Mobitel-076-6569279,Mobile,+8550766569279
Mobitel-076-6569280,Mobile,+8550766569280
Mobitel-076-6569281,Mobile,+8550766569281
Mobitel-076-6569282,Mobile,+8550766569282
Mobitel-076-6569283,Mobile,+8550766569283
Mobitel-076-6569284,Mobile,+8550766569284
Mobitel-076-6569285,Mobile,+8550766569285
Mobitel-076-6569286,Mobile,+8550766569286
Mobitel-076-6569287,Mobile,+8550766569287
Mobitel-076-6569288,Mobile,+8550766569288
Mobitel-076-6569289,Mobile,+8550766569289
Mobitel-076-6569290,Mobile,+8550766569290
Mobitel-076-6569291,Mobile,+8550766569291
Mobitel-076-6569292,Mobile,+8550766569292
Mobitel-076-6569293,Mobile,+8550766569293
Mobitel-076-6569294,Mobile,+8550766569294
Mobitel-076-6569295,Mobile,+8550766569295
Mobitel-076-6569296,Mobile,+8550766569296
Mobitel-076-6569297,Mobile,+8550766569297
Mobitel-076-6569298,Mobile,+8550766569298
Mobitel-076-6569299,Mobile,+8550766569299
Mobitel-076-6569300,Mobile,+8550766569300
Mobitel-076-6569301,Mobile,+8550766569301
Mobitel-076-6569302,Mobile,+8550766569302
Mobitel-076-6569303,Mobile,+8550766569303
Mobitel-076-6569304,Mobile,+8550766569304
Mobitel-076-6569305,Mobile,+8550766569305
Mobitel-076-6569306,Mobile,+8550766569306
Mobitel-076-6569307,Mobile,+8550766569307
Mobitel-076-6569308,Mobile,+8550766569308
Mobitel-076-6569309,Mobile,+8550766569309
Mobitel-076-6569310,Mobile,+8550766569310
Mobitel-076-6569311,Mobile,+8550766569311
Mobitel-076-6569312,Mobile,+8550766569312
Mobitel-076-6569313,Mobile,+8550766569313
Mobitel-076-6569314,Mobile,+8550766569314
Mobitel-076-6569315,Mobile,+8550766569315
Mobitel-076-6569316,Mobile,+8550766569316
Mobitel-076-6569317,Mobile,+8550766569317
Mobitel-076-6569318,Mobile,+8550766569318
Mobitel-076-6569319,Mobile,+8550766569319
Mobitel-076-6569320,Mobile,+8550766569320
Mobitel-076-6569321,Mobile,+8550766569321
Mobitel-076-6569322,Mobile,+8550766569322
Mobitel-076-6569323,Mobile,+8550766569323
Mobitel-076-6569324,Mobile,+8550766569324
Mobitel-076-6569325,Mobile,+8550766569325
Mobitel-076-6569326,Mobile,+8550766569326
Mobitel-076-6569327,Mobile,+8550766569327
Mobitel-076-6569328,Mobile,+8550766569328
Mobitel-076-6569329,Mobile,+8550766569329
Mobitel-076-6569330,Mobile,+8550766569330
Mobitel-076-6569331,Mobile,+8550766569331
Mobitel-076-6569332,Mobile,+8550766569332
Mobitel-076-6569333,Mobile,+8550766569333
Mobitel-076-6569334,Mobile,+8550766569334
Mobitel-076-6569335,Mobile,+8550766569335
Mobitel-076-6569336,Mobile,+8550766569336
Mobitel-076-6569337,Mobile,+8550766569337
Mobitel-076-6569338,Mobile,+8550766569338
Mobitel-076-6569339,Mobile,+8550766569339
Mobitel-076-6569340,Mobile,+8550766569340
Mobitel-076-6569341,Mobile,+8550766569341
Mobitel-076-6569342,Mobile,+8550766569342
Mobitel-076-6569343,Mobile,+8550766569343
Mobitel-076-6569344,Mobile,+8550766569344
Mobitel-076-6569345,Mobile,+8550766569345
Mobitel-076-6569346,Mobile,+8550766569346
Mobitel-076-6569347,Mobile,+8550766569347
Mobitel-076-6569348,Mobile,+8550766569348
Mobitel-076-6569349,Mobile,+8550766569349
Mobitel-076-6569350,Mobile,+8550766569350
Mobitel-076-6569351,Mobile,+8550766569351
Mobitel-076-6569352,Mobile,+8550766569352
Mobitel-076-6569353,Mobile,+8550766569353
Mobitel-076-6569354,Mobile,+8550766569354
Mobitel-076-6569355,Mobile,+8550766569355
Mobitel-076-6569356,Mobile,+8550766569356
Mobitel-076-6569357,Mobile,+8550766569357
Mobitel-076-6569358,Mobile,+8550766569358
Mobitel-076-6569359,Mobile,+8550766569359
Mobitel-076-6569360,Mobile,+8550766569360
Mobitel-076-6569361,Mobile,+8550766569361
Mobitel-076-6569362,Mobile,+8550766569362
Mobitel-076-6569363,Mobile,+8550766569363
Mobitel-076-6569364,Mobile,+8550766569364
Mobitel-076-6569365,Mobile,+8550766569365
Mobitel-076-6569366,Mobile,+8550766569366
Mobitel-076-6569367,Mobile,+8550766569367
Mobitel-076-6569368,Mobile,+8550766569368
Mobitel-076-6569369,Mobile,+8550766569369
Mobitel-076-6569370,Mobile,+8550766569370
Mobitel-076-6569371,Mobile,+8550766569371
Mobitel-076-6569372,Mobile,+8550766569372
Mobitel-076-6569373,Mobile,+8550766569373
Mobitel-076-6569374,Mobile,+8550766569374
Mobitel-076-6569375,Mobile,+8550766569375
Mobitel-076-6569376,Mobile,+8550766569376
Mobitel-076-6569377,Mobile,+8550766569377
Mobitel-076-6569378,Mobile,+8550766569378
Mobitel-076-6569379,Mobile,+8550766569379
Mobitel-076-6569380,Mobile,+8550766569380
Mobitel-076-6569381,Mobile,+8550766569381
Mobitel-076-6569382,Mobile,+8550766569382
Mobitel-076-6569383,Mobile,+8550766569383
Mobitel-076-6569384,Mobile,+8550766569384
Mobitel-076-6569385,Mobile,+8550766569385
Mobitel-076-6569386,Mobile,+8550766569386
Mobitel-076-6569387,Mobile,+8550766569387
Mobitel-076-6569388,Mobile,+8550766569388
Mobitel-076-6569389,Mobile,+8550766569389
Mobitel-076-6569390,Mobile,+8550766569390
Mobitel-076-6569391,Mobile,+8550766569391
Mobitel-076-6569392,Mobile,+8550766569392
Mobitel-076-6569393,Mobile,+8550766569393
Mobitel-076-6569394,Mobile,+8550766569394
Mobitel-076-6569395,Mobile,+8550766569395
Mobitel-076-6569396,Mobile,+8550766569396
Mobitel-076-6569397,Mobile,+8550766569397
Mobitel-076-6569398,Mobile,+8550766569398
Mobitel-076-6569399,Mobile,+8550766569399
Mobitel-076-6569400,Mobile,+8550766569400
Mobitel-076-6569401,Mobile,+8550766569401
Mobitel-076-6569402,Mobile,+8550766569402
Mobitel-076-6569403,Mobile,+8550766569403
Mobitel-076-6569404,Mobile,+8550766569404
Mobitel-076-6569405,Mobile,+8550766569405
Mobitel-076-6569406,Mobile,+8550766569406
Mobitel-076-6569407,Mobile,+8550766569407
Mobitel-076-6569408,Mobile,+8550766569408
Mobitel-076-6569409,Mobile,+8550766569409
Mobitel-076-6569410,Mobile,+8550766569410
Mobitel-076-6569411,Mobile,+8550766569411
Mobitel-076-6569412,Mobile,+8550766569412
Mobitel-076-6569413,Mobile,+8550766569413
Mobitel-076-6569414,Mobile,+8550766569414
Mobitel-076-6569415,Mobile,+8550766569415
Mobitel-076-6569416,Mobile,+8550766569416
Mobitel-076-6569417,Mobile,+8550766569417
Mobitel-076-6569418,Mobile,+8550766569418
Mobitel-076-6569419,Mobile,+8550766569419
Mobitel-076-6569420,Mobile,+8550766569420
Mobitel-076-6569421,Mobile,+8550766569421
Mobitel-076-6569422,Mobile,+8550766569422
Mobitel-076-6569423,Mobile,+8550766569423
Mobitel-076-6569424,Mobile,+8550766569424
Mobitel-076-6569425,Mobile,+8550766569425
Mobitel-076-6569426,Mobile,+8550766569426
Mobitel-076-6569427,Mobile,+8550766569427
Mobitel-076-6569428,Mobile,+8550766569428
Mobitel-076-6569429,Mobile,+8550766569429
Mobitel-076-6569430,Mobile,+8550766569430
Mobitel-076-6569431,Mobile,+8550766569431
Mobitel-076-6569432,Mobile,+8550766569432
Mobitel-076-6569433,Mobile,+8550766569433
Mobitel-076-6569434,Mobile,+8550766569434
Mobitel-076-6569435,Mobile,+8550766569435
Mobitel-076-6569436,Mobile,+8550766569436
Mobitel-076-6569437,Mobile,+8550766569437
Mobitel-076-6569438,Mobile,+8550766569438
Mobitel-076-6569439,Mobile,+8550766569439
Mobitel-076-6569440,Mobile,+8550766569440
Mobitel-076-6569441,Mobile,+8550766569441
Mobitel-076-6569442,Mobile,+8550766569442
Mobitel-076-6569443,Mobile,+8550766569443
Mobitel-076-6569444,Mobile,+8550766569444
Mobitel-076-6569445,Mobile,+8550766569445
Mobitel-076-6569446,Mobile,+8550766569446
Mobitel-076-6569447,Mobile,+8550766569447
Mobitel-076-6569448,Mobile,+8550766569448
Mobitel-076-6569449,Mobile,+8550766569449
Mobitel-076-6569450,Mobile,+8550766569450
Mobitel-076-6569451,Mobile,+8550766569451
Mobitel-076-6569452,Mobile,+8550766569452
Mobitel-076-6569453,Mobile,+8550766569453
Mobitel-076-6569454,Mobile,+8550766569454
Mobitel-076-6569455,Mobile,+8550766569455
Mobitel-076-6569456,Mobile,+8550766569456
Mobitel-076-6569457,Mobile,+8550766569457
Mobitel-076-6569458,Mobile,+8550766569458
Mobitel-076-6569459,Mobile,+8550766569459
Mobitel-076-6569460,Mobile,+8550766569460
Mobitel-076-6569461,Mobile,+8550766569461
Mobitel-076-6569462,Mobile,+8550766569462
Mobitel-076-6569463,Mobile,+8550766569463
Mobitel-076-6569464,Mobile,+8550766569464
Mobitel-076-6569465,Mobile,+8550766569465
Mobitel-076-6569466,Mobile,+8550766569466
Mobitel-076-6569467,Mobile,+8550766569467
Mobitel-076-6569468,Mobile,+8550766569468
Mobitel-076-6569469,Mobile,+8550766569469
Mobitel-076-6569470,Mobile,+8550766569470
Mobitel-076-6569471,Mobile,+8550766569471
Mobitel-076-6569472,Mobile,+8550766569472
Mobitel-076-6569473,Mobile,+8550766569473
Mobitel-076-6569474,Mobile,+8550766569474
Mobitel-076-6569475,Mobile,+8550766569475
Mobitel-076-6569476,Mobile,+8550766569476
Mobitel-076-6569477,Mobile,+8550766569477
Mobitel-076-6569478,Mobile,+8550766569478
Mobitel-076-6569479,Mobile,+8550766569479
Mobitel-076-6569480,Mobile,+8550766569480
Mobitel-076-6569481,Mobile,+8550766569481
Mobitel-076-6569482,Mobile,+8550766569482
Mobitel-076-6569483,Mobile,+8550766569483
Mobitel-076-6569484,Mobile,+8550766569484
Mobitel-076-6569485,Mobile,+8550766569485
Mobitel-076-6569486,Mobile,+8550766569486
Mobitel-076-6569487,Mobile,+8550766569487
Mobitel-076-6569488,Mobile,+8550766569488
Mobitel-076-6569489,Mobile,+8550766569489
Mobitel-076-6569490,Mobile,+8550766569490
Mobitel-076-6569491,Mobile,+8550766569491
Mobitel-076-6569492,Mobile,+8550766569492
Mobitel-076-6569493,Mobile,+8550766569493
Mobitel-076-6569494,Mobile,+8550766569494
Mobitel-076-6569495,Mobile,+8550766569495
Mobitel-076-6569496,Mobile,+8550766569496
Mobitel-076-6569497,Mobile,+8550766569497
Mobitel-076-6569498,Mobile,+8550766569498
Mobitel-076-6569499,Mobile,+8550766569499
Mobitel-076-6569500,Mobile,+8550766569500
Mobitel-076-6569501,Mobile,+8550766569501
Mobitel-076-6569502,Mobile,+8550766569502
Mobitel-076-6569503,Mobile,+8550766569503
Mobitel-076-6569504,Mobile,+8550766569504
Mobitel-076-6569505,Mobile,+8550766569505
Mobitel-076-6569506,Mobile,+8550766569506
Mobitel-076-6569507,Mobile,+8550766569507
Mobitel-076-6569508,Mobile,+8550766569508
Mobitel-076-6569509,Mobile,+8550766569509
Mobitel-076-6569510,Mobile,+8550766569510
Mobitel-076-6569511,Mobile,+8550766569511
Mobitel-076-6569512,Mobile,+8550766569512
Mobitel-076-6569513,Mobile,+8550766569513
Mobitel-076-6569514,Mobile,+8550766569514
Mobitel-076-6569515,Mobile,+8550766569515
Mobitel-076-6569516,Mobile,+8550766569516
Mobitel-076-6569517,Mobile,+8550766569517
Mobitel-076-6569518,Mobile,+8550766569518
Mobitel-076-6569519,Mobile,+8550766569519
Mobitel-076-6569520,Mobile,+8550766569520
Mobitel-076-6569521,Mobile,+8550766569521
Mobitel-076-6569522,Mobile,+8550766569522
Mobitel-076-6569523,Mobile,+8550766569523
Mobitel-076-6569524,Mobile,+8550766569524
Mobitel-076-6569525,Mobile,+8550766569525
Mobitel-076-6569526,Mobile,+8550766569526
Mobitel-076-6569527,Mobile,+8550766569527
Mobitel-076-6569528,Mobile,+8550766569528
Mobitel-076-6569529,Mobile,+8550766569529
Mobitel-076-6569530,Mobile,+8550766569530
Mobitel-076-6569531,Mobile,+8550766569531
Mobitel-076-6569532,Mobile,+8550766569532
Mobitel-076-6569533,Mobile,+8550766569533
Mobitel-076-6569534,Mobile,+8550766569534
Mobitel-076-6569535,Mobile,+8550766569535
Mobitel-076-6569536,Mobile,+8550766569536
Mobitel-076-6569537,Mobile,+8550766569537
Mobitel-076-6569538,Mobile,+8550766569538
Mobitel-076-6569539,Mobile,+8550766569539
Mobitel-076-6569540,Mobile,+8550766569540
Mobitel-076-6569541,Mobile,+8550766569541
Mobitel-076-6569542,Mobile,+8550766569542
Mobitel-076-6569543,Mobile,+8550766569543
Mobitel-076-6569544,Mobile,+8550766569544
Mobitel-076-6569545,Mobile,+8550766569545
Mobitel-076-6569546,Mobile,+8550766569546
Mobitel-076-6569547,Mobile,+8550766569547
Mobitel-076-6569548,Mobile,+8550766569548
Mobitel-076-6569549,Mobile,+8550766569549
Mobitel-076-6569550,Mobile,+8550766569550
Mobitel-076-6569551,Mobile,+8550766569551
Mobitel-076-6569552,Mobile,+8550766569552
Mobitel-076-6569553,Mobile,+8550766569553
Mobitel-076-6569554,Mobile,+8550766569554
Mobitel-076-6569555,Mobile,+8550766569555
Mobitel-076-6569556,Mobile,+8550766569556
Mobitel-076-6569557,Mobile,+8550766569557
Mobitel-076-6569558,Mobile,+8550766569558
Mobitel-076-6569559,Mobile,+8550766569559
Mobitel-076-6569560,Mobile,+8550766569560
Mobitel-076-6569561,Mobile,+8550766569561
Mobitel-076-6569562,Mobile,+8550766569562
Mobitel-076-6569563,Mobile,+8550766569563
Mobitel-076-6569564,Mobile,+8550766569564
Mobitel-076-6569565,Mobile,+8550766569565
Mobitel-076-6569566,Mobile,+8550766569566
Mobitel-076-6569567,Mobile,+8550766569567
Mobitel-076-6569568,Mobile,+8550766569568
Mobitel-076-6569569,Mobile,+8550766569569
Mobitel-076-6569570,Mobile,+8550766569570
Mobitel-076-6569571,Mobile,+8550766569571
Mobitel-076-6569572,Mobile,+8550766569572
Mobitel-076-6569573,Mobile,+8550766569573
Mobitel-076-6569574,Mobile,+8550766569574
Mobitel-076-6569575,Mobile,+8550766569575
Mobitel-076-6569576,Mobile,+8550766569576
Mobitel-076-6569577,Mobile,+8550766569577
Mobitel-076-6569578,Mobile,+8550766569578
Mobitel-076-6569579,Mobile,+8550766569579
Mobitel-076-6569580,Mobile,+8550766569580
Mobitel-076-6569581,Mobile,+8550766569581
Mobitel-076-6569582,Mobile,+8550766569582
Mobitel-076-6569583,Mobile,+8550766569583
Mobitel-076-6569584,Mobile,+8550766569584
Mobitel-076-6569585,Mobile,+8550766569585
Mobitel-076-6569586,Mobile,+8550766569586
Mobitel-076-6569587,Mobile,+8550766569587
Mobitel-076-6569588,Mobile,+8550766569588
Mobitel-076-6569589,Mobile,+8550766569589
Mobitel-076-6569590,Mobile,+8550766569590
Mobitel-076-6569591,Mobile,+8550766569591
Mobitel-076-6569592,Mobile,+8550766569592
Mobitel-076-6569593,Mobile,+8550766569593
Mobitel-076-6569594,Mobile,+8550766569594
Mobitel-076-6569595,Mobile,+8550766569595
Mobitel-076-6569596,Mobile,+8550766569596
Mobitel-076-6569597,Mobile,+8550766569597
Mobitel-076-6569598,Mobile,+8550766569598
Mobitel-076-6569599,Mobile,+8550766569599
Mobitel-076-6569600,Mobile,+8550766569600
Mobitel-076-6569601,Mobile,+8550766569601
Mobitel-076-6569602,Mobile,+8550766569602
Mobitel-076-6569603,Mobile,+8550766569603
Mobitel-076-6569604,Mobile,+8550766569604
Mobitel-076-6569605,Mobile,+8550766569605
Mobitel-076-6569606,Mobile,+8550766569606
Mobitel-076-6569607,Mobile,+8550766569607
Mobitel-076-6569608,Mobile,+8550766569608
Mobitel-076-6569609,Mobile,+8550766569609
Mobitel-076-6569610,Mobile,+8550766569610
Mobitel-076-6569611,Mobile,+8550766569611
Mobitel-076-6569612,Mobile,+8550766569612
Mobitel-076-6569613,Mobile,+8550766569613
Mobitel-076-6569614,Mobile,+8550766569614
Mobitel-076-6569615,Mobile,+8550766569615
Mobitel-076-6569616,Mobile,+8550766569616
Mobitel-076-6569617,Mobile,+8550766569617
Mobitel-076-6569618,Mobile,+8550766569618
Mobitel-076-6569619,Mobile,+8550766569619
Mobitel-076-6569620,Mobile,+8550766569620
Mobitel-076-6569621,Mobile,+8550766569621
Mobitel-076-6569622,Mobile,+8550766569622
Mobitel-076-6569623,Mobile,+8550766569623
Mobitel-076-6569624,Mobile,+8550766569624
Mobitel-076-6569625,Mobile,+8550766569625
Mobitel-076-6569626,Mobile,+8550766569626
Mobitel-076-6569627,Mobile,+8550766569627
Mobitel-076-6569628,Mobile,+8550766569628
Mobitel-076-6569629,Mobile,+8550766569629
Mobitel-076-6569630,Mobile,+8550766569630
Mobitel-076-6569631,Mobile,+8550766569631
Mobitel-076-6569632,Mobile,+8550766569632
Mobitel-076-6569633,Mobile,+8550766569633
Mobitel-076-6569634,Mobile,+8550766569634
Mobitel-076-6569635,Mobile,+8550766569635
Mobitel-076-6569636,Mobile,+8550766569636
Mobitel-076-6569637,Mobile,+8550766569637
Mobitel-076-6569638,Mobile,+8550766569638
Mobitel-076-6569639,Mobile,+8550766569639
Mobitel-076-6569640,Mobile,+8550766569640
Mobitel-076-6569641,Mobile,+8550766569641
Mobitel-076-6569642,Mobile,+8550766569642
Mobitel-076-6569643,Mobile,+8550766569643
Mobitel-076-6569644,Mobile,+8550766569644
Mobitel-076-6569645,Mobile,+8550766569645
Mobitel-076-6569646,Mobile,+8550766569646
Mobitel-076-6569647,Mobile,+8550766569647
Mobitel-076-6569648,Mobile,+8550766569648
Mobitel-076-6569649,Mobile,+8550766569649
Mobitel-076-6569650,Mobile,+8550766569650
Mobitel-076-6569651,Mobile,+8550766569651
Mobitel-076-6569652,Mobile,+8550766569652
Mobitel-076-6569653,Mobile,+8550766569653
Mobitel-076-6569654,Mobile,+8550766569654
Mobitel-076-6569655,Mobile,+8550766569655
Mobitel-076-6569656,Mobile,+8550766569656
Mobitel-076-6569657,Mobile,+8550766569657
Mobitel-076-6569658,Mobile,+8550766569658
Mobitel-076-6569659,Mobile,+8550766569659
Mobitel-076-6569660,Mobile,+8550766569660
Mobitel-076-6569661,Mobile,+8550766569661
Mobitel-076-6569662,Mobile,+8550766569662
Mobitel-076-6569663,Mobile,+8550766569663
Mobitel-076-6569664,Mobile,+8550766569664
Mobitel-076-6569665,Mobile,+8550766569665
Mobitel-076-6569666,Mobile,+8550766569666
Mobitel-076-6569667,Mobile,+8550766569667
Mobitel-076-6569668,Mobile,+8550766569668
Mobitel-076-6569669,Mobile,+8550766569669
Mobitel-076-6569670,Mobile,+8550766569670
Mobitel-076-6569671,Mobile,+8550766569671
Mobitel-076-6569672,Mobile,+8550766569672
Mobitel-076-6569673,Mobile,+8550766569673
Mobitel-076-6569674,Mobile,+8550766569674
Mobitel-076-6569675,Mobile,+8550766569675
Mobitel-076-6569676,Mobile,+8550766569676
Mobitel-076-6569677,Mobile,+8550766569677
Mobitel-076-6569678,Mobile,+8550766569678
Mobitel-076-6569679,Mobile,+8550766569679
Mobitel-076-6569680,Mobile,+8550766569680
Mobitel-076-6569681,Mobile,+8550766569681
Mobitel-076-6569682,Mobile,+8550766569682
Mobitel-076-6569683,Mobile,+8550766569683
Mobitel-076-6569684,Mobile,+8550766569684
Mobitel-076-6569685,Mobile,+8550766569685
Mobitel-076-6569686,Mobile,+8550766569686
Mobitel-076-6569687,Mobile,+8550766569687
Mobitel-076-6569688,Mobile,+8550766569688
Mobitel-076-6569689,Mobile,+8550766569689
Mobitel-076-6569690,Mobile,+8550766569690
Mobitel-076-6569691,Mobile,+8550766569691
Mobitel-076-6569692,Mobile,+8550766569692
Mobitel-076-6569693,Mobile,+8550766569693
Mobitel-076-6569694,Mobile,+8550766569694
Mobitel-076-6569695,Mobile,+8550766569695
Mobitel-076-6569696,Mobile,+8550766569696
Mobitel-076-6569697,Mobile,+8550766569697
Mobitel-076-6569698,Mobile,+8550766569698
Mobitel-076-6569699,Mobile,+8550766569699
Mobitel-076-6569700,Mobile,+8550766569700
Mobitel-076-6569701,Mobile,+8550766569701
Mobitel-076-6569702,Mobile,+8550766569702
Mobitel-076-6569703,Mobile,+8550766569703
Mobitel-076-6569704,Mobile,+8550766569704
Mobitel-076-6569705,Mobile,+8550766569705
Mobitel-076-6569706,Mobile,+8550766569706
Mobitel-076-6569707,Mobile,+8550766569707
Mobitel-076-6569708,Mobile,+8550766569708
Mobitel-076-6569709,Mobile,+8550766569709
Mobitel-076-6569710,Mobile,+8550766569710
Mobitel-076-6569711,Mobile,+8550766569711
Mobitel-076-6569712,Mobile,+8550766569712
Mobitel-076-6569713,Mobile,+8550766569713
Mobitel-076-6569714,Mobile,+8550766569714
Mobitel-076-6569715,Mobile,+8550766569715
Mobitel-076-6569716,Mobile,+8550766569716
Mobitel-076-6569717,Mobile,+8550766569717
Mobitel-076-6569718,Mobile,+8550766569718
Mobitel-076-6569719,Mobile,+8550766569719
Mobitel-076-6569720,Mobile,+8550766569720
Mobitel-076-6569721,Mobile,+8550766569721
Mobitel-076-6569722,Mobile,+8550766569722
Mobitel-076-6569723,Mobile,+8550766569723
Mobitel-076-6569724,Mobile,+8550766569724
Mobitel-076-6569725,Mobile,+8550766569725
Mobitel-076-6569726,Mobile,+8550766569726
Mobitel-076-6569727,Mobile,+8550766569727
Mobitel-076-6569728,Mobile,+8550766569728
Mobitel-076-6569729,Mobile,+8550766569729
Mobitel-076-6569730,Mobile,+8550766569730
Mobitel-076-6569731,Mobile,+8550766569731
Mobitel-076-6569732,Mobile,+8550766569732
Mobitel-076-6569733,Mobile,+8550766569733
Mobitel-076-6569734,Mobile,+8550766569734
Mobitel-076-6569735,Mobile,+8550766569735
Mobitel-076-6569736,Mobile,+8550766569736
Mobitel-076-6569737,Mobile,+8550766569737
Mobitel-076-6569738,Mobile,+8550766569738
Mobitel-076-6569739,Mobile,+8550766569739
Mobitel-076-6569740,Mobile,+8550766569740
Mobitel-076-6569741,Mobile,+8550766569741
Mobitel-076-6569742,Mobile,+8550766569742
Mobitel-076-6569743,Mobile,+8550766569743
Mobitel-076-6569744,Mobile,+8550766569744
Mobitel-076-6569745,Mobile,+8550766569745
Mobitel-076-6569746,Mobile,+8550766569746
Mobitel-076-6569747,Mobile,+8550766569747
Mobitel-076-6569748,Mobile,+8550766569748
Mobitel-076-6569749,Mobile,+8550766569749
Mobitel-076-6569750,Mobile,+8550766569750
Mobitel-076-6569751,Mobile,+8550766569751
Mobitel-076-6569752,Mobile,+8550766569752
Mobitel-076-6569753,Mobile,+8550766569753
Mobitel-076-6569754,Mobile,+8550766569754
Mobitel-076-6569755,Mobile,+8550766569755
Mobitel-076-6569756,Mobile,+8550766569756
Mobitel-076-6569757,Mobile,+8550766569757
Mobitel-076-6569758,Mobile,+8550766569758
Mobitel-076-6569759,Mobile,+8550766569759
Mobitel-076-6569760,Mobile,+8550766569760
Mobitel-076-6569761,Mobile,+8550766569761
Mobitel-076-6569762,Mobile,+8550766569762
Mobitel-076-6569763,Mobile,+8550766569763
Mobitel-076-6569764,Mobile,+8550766569764
Mobitel-076-6569765,Mobile,+8550766569765
Mobitel-076-6569766,Mobile,+8550766569766
Mobitel-076-6569767,Mobile,+8550766569767
Mobitel-076-6569768,Mobile,+8550766569768
Mobitel-076-6569769,Mobile,+8550766569769
Mobitel-076-6569770,Mobile,+8550766569770
Mobitel-076-6569771,Mobile,+8550766569771
Mobitel-076-6569772,Mobile,+8550766569772
Mobitel-076-6569773,Mobile,+8550766569773
Mobitel-076-6569774,Mobile,+8550766569774
Mobitel-076-6569775,Mobile,+8550766569775
Mobitel-076-6569776,Mobile,+8550766569776
Mobitel-076-6569777,Mobile,+8550766569777
Mobitel-076-6569778,Mobile,+8550766569778
Mobitel-076-6569779,Mobile,+8550766569779
Mobitel-076-6569780,Mobile,+8550766569780
Mobitel-076-6569781,Mobile,+8550766569781
Mobitel-076-6569782,Mobile,+8550766569782
Mobitel-076-6569783,Mobile,+8550766569783
Mobitel-076-6569784,Mobile,+8550766569784
Mobitel-076-6569785,Mobile,+8550766569785
Mobitel-076-6569786,Mobile,+8550766569786
Mobitel-076-6569787,Mobile,+8550766569787
Mobitel-076-6569788,Mobile,+8550766569788
Mobitel-076-6569789,Mobile,+8550766569789
Mobitel-076-6569790,Mobile,+8550766569790
Mobitel-076-6569791,Mobile,+8550766569791
Mobitel-076-6569792,Mobile,+8550766569792
Mobitel-076-6569793,Mobile,+8550766569793
Mobitel-076-6569794,Mobile,+8550766569794
Mobitel-076-6569795,Mobile,+8550766569795
Mobitel-076-6569796,Mobile,+8550766569796
Mobitel-076-6569797,Mobile,+8550766569797
Mobitel-076-6569798,Mobile,+8550766569798
Mobitel-076-6569799,Mobile,+8550766569799
Mobitel-076-6569800,Mobile,+8550766569800
Mobitel-076-6569801,Mobile,+8550766569801
Mobitel-076-6569802,Mobile,+8550766569802
Mobitel-076-6569803,Mobile,+8550766569803
Mobitel-076-6569804,Mobile,+8550766569804
Mobitel-076-6569805,Mobile,+8550766569805
Mobitel-076-6569806,Mobile,+8550766569806
Mobitel-076-6569807,Mobile,+8550766569807
Mobitel-076-6569808,Mobile,+8550766569808
Mobitel-076-6569809,Mobile,+8550766569809
Mobitel-076-6569810,Mobile,+8550766569810
Mobitel-076-6569811,Mobile,+8550766569811
Mobitel-076-6569812,Mobile,+8550766569812
Mobitel-076-6569813,Mobile,+8550766569813
Mobitel-076-6569814,Mobile,+8550766569814
Mobitel-076-6569815,Mobile,+8550766569815
Mobitel-076-6569816,Mobile,+8550766569816
Mobitel-076-6569817,Mobile,+8550766569817
Mobitel-076-6569818,Mobile,+8550766569818
Mobitel-076-6569819,Mobile,+8550766569819
Mobitel-076-6569820,Mobile,+8550766569820
Mobitel-076-6569821,Mobile,+8550766569821
Mobitel-076-6569822,Mobile,+8550766569822
Mobitel-076-6569823,Mobile,+8550766569823
Mobitel-076-6569824,Mobile,+8550766569824
Mobitel-076-6569825,Mobile,+8550766569825
Mobitel-076-6569826,Mobile,+8550766569826
Mobitel-076-6569827,Mobile,+8550766569827
Mobitel-076-6569828,Mobile,+8550766569828
Mobitel-076-6569829,Mobile,+8550766569829
Mobitel-076-6569830,Mobile,+8550766569830
Mobitel-076-6569831,Mobile,+8550766569831
Mobitel-076-6569832,Mobile,+8550766569832
Mobitel-076-6569833,Mobile,+8550766569833
Mobitel-076-6569834,Mobile,+8550766569834
Mobitel-076-6569835,Mobile,+8550766569835
Mobitel-076-6569836,Mobile,+8550766569836
Mobitel-076-6569837,Mobile,+8550766569837
Mobitel-076-6569838,Mobile,+8550766569838
Mobitel-076-6569839,Mobile,+8550766569839
Mobitel-076-6569840,Mobile,+8550766569840
Mobitel-076-6569841,Mobile,+8550766569841
Mobitel-076-6569842,Mobile,+8550766569842
Mobitel-076-6569843,Mobile,+8550766569843
Mobitel-076-6569844,Mobile,+8550766569844
Mobitel-076-6569845,Mobile,+8550766569845
Mobitel-076-6569846,Mobile,+8550766569846
Mobitel-076-6569847,Mobile,+8550766569847
Mobitel-076-6569848,Mobile,+8550766569848
Mobitel-076-6569849,Mobile,+8550766569849
Mobitel-076-6569850,Mobile,+8550766569850
Mobitel-076-6569851,Mobile,+8550766569851
Mobitel-076-6569852,Mobile,+8550766569852
Mobitel-076-6569853,Mobile,+8550766569853
Mobitel-076-6569854,Mobile,+8550766569854
Mobitel-076-6569855,Mobile,+8550766569855
Mobitel-076-6569856,Mobile,+8550766569856
Mobitel-076-6569857,Mobile,+8550766569857
Mobitel-076-6569858,Mobile,+8550766569858
Mobitel-076-6569859,Mobile,+8550766569859
Mobitel-076-6569860,Mobile,+8550766569860
Mobitel-076-6569861,Mobile,+8550766569861
Mobitel-076-6569862,Mobile,+8550766569862
Mobitel-076-6569863,Mobile,+8550766569863
Mobitel-076-6569864,Mobile,+8550766569864
Mobitel-076-6569865,Mobile,+8550766569865
Mobitel-076-6569866,Mobile,+8550766569866
Mobitel-076-6569867,Mobile,+8550766569867
Mobitel-076-6569868,Mobile,+8550766569868
Mobitel-076-6569869,Mobile,+8550766569869
Mobitel-076-6569870,Mobile,+8550766569870
Mobitel-076-6569871,Mobile,+8550766569871
Mobitel-076-6569872,Mobile,+8550766569872
Mobitel-076-6569873,Mobile,+8550766569873
Mobitel-076-6569874,Mobile,+8550766569874
Mobitel-076-6569875,Mobile,+8550766569875
Mobitel-076-6569876,Mobile,+8550766569876
Mobitel-076-6569877,Mobile,+8550766569877
Mobitel-076-6569878,Mobile,+8550766569878
Mobitel-076-6569879,Mobile,+8550766569879
Mobitel-076-6569880,Mobile,+8550766569880
Mobitel-076-6569881,Mobile,+8550766569881
Mobitel-076-6569882,Mobile,+8550766569882
Mobitel-076-6569883,Mobile,+8550766569883
Mobitel-076-6569884,Mobile,+8550766569884
Mobitel-076-6569885,Mobile,+8550766569885
Mobitel-076-6569886,Mobile,+8550766569886
Mobitel-076-6569887,Mobile,+8550766569887
Mobitel-076-6569888,Mobile,+8550766569888
Mobitel-076-6569889,Mobile,+8550766569889
Mobitel-076-6569890,Mobile,+8550766569890
Mobitel-076-6569891,Mobile,+8550766569891
Mobitel-076-6569892,Mobile,+8550766569892
Mobitel-076-6569893,Mobile,+8550766569893
Mobitel-076-6569894,Mobile,+8550766569894
Mobitel-076-6569895,Mobile,+8550766569895
Mobitel-076-6569896,Mobile,+8550766569896
Mobitel-076-6569897,Mobile,+8550766569897
Mobitel-076-6569898,Mobile,+8550766569898
Mobitel-076-6569899,Mobile,+8550766569899
Mobitel-076-6569900,Mobile,+8550766569900
Mobitel-076-6569901,Mobile,+8550766569901
Mobitel-076-6569902,Mobile,+8550766569902
Mobitel-076-6569903,Mobile,+8550766569903
Mobitel-076-6569904,Mobile,+8550766569904
Mobitel-076-6569905,Mobile,+8550766569905
Mobitel-076-6569906,Mobile,+8550766569906
Mobitel-076-6569907,Mobile,+8550766569907
Mobitel-076-6569908,Mobile,+8550766569908
Mobitel-076-6569909,Mobile,+8550766569909
Mobitel-076-6569910,Mobile,+8550766569910
Mobitel-076-6569911,Mobile,+8550766569911
Mobitel-076-6569912,Mobile,+8550766569912
Mobitel-076-6569913,Mobile,+8550766569913
Mobitel-076-6569914,Mobile,+8550766569914
Mobitel-076-6569915,Mobile,+8550766569915
Mobitel-076-6569916,Mobile,+8550766569916
Mobitel-076-6569917,Mobile,+8550766569917
Mobitel-076-6569918,Mobile,+8550766569918
Mobitel-076-6569919,Mobile,+8550766569919
Mobitel-076-6569920,Mobile,+8550766569920
Mobitel-076-6569921,Mobile,+8550766569921
Mobitel-076-6569922,Mobile,+8550766569922
Mobitel-076-6569923,Mobile,+8550766569923
Mobitel-076-6569924,Mobile,+8550766569924
Mobitel-076-6569925,Mobile,+8550766569925
Mobitel-076-6569926,Mobile,+8550766569926
Mobitel-076-6569927,Mobile,+8550766569927
Mobitel-076-6569928,Mobile,+8550766569928
Mobitel-076-6569929,Mobile,+8550766569929
Mobitel-076-6569930,Mobile,+8550766569930
Mobitel-076-6569931,Mobile,+8550766569931
Mobitel-076-6569932,Mobile,+8550766569932
Mobitel-076-6569933,Mobile,+8550766569933
Mobitel-076-6569934,Mobile,+8550766569934
Mobitel-076-6569935,Mobile,+8550766569935
Mobitel-076-6569936,Mobile,+8550766569936
Mobitel-076-6569937,Mobile,+8550766569937
Mobitel-076-6569938,Mobile,+8550766569938
Mobitel-076-6569939,Mobile,+8550766569939
Mobitel-076-6569940,Mobile,+8550766569940
Mobitel-076-6569941,Mobile,+8550766569941
Mobitel-076-6569942,Mobile,+8550766569942
Mobitel-076-6569943,Mobile,+8550766569943
Mobitel-076-6569944,Mobile,+8550766569944
Mobitel-076-6569945,Mobile,+8550766569945
Mobitel-076-6569946,Mobile,+8550766569946
Mobitel-076-6569947,Mobile,+8550766569947
Mobitel-076-6569948,Mobile,+8550766569948
Mobitel-076-6569949,Mobile,+8550766569949
Mobitel-076-6569950,Mobile,+8550766569950
Mobitel-076-6569951,Mobile,+8550766569951
Mobitel-076-6569952,Mobile,+8550766569952
Mobitel-076-6569953,Mobile,+8550766569953
Mobitel-076-6569954,Mobile,+8550766569954
Mobitel-076-6569955,Mobile,+8550766569955
Mobitel-076-6569956,Mobile,+8550766569956
Mobitel-076-6569957,Mobile,+8550766569957
Mobitel-076-6569958,Mobile,+8550766569958
Mobitel-076-6569959,Mobile,+8550766569959
Mobitel-076-6569960,Mobile,+8550766569960
Mobitel-076-6569961,Mobile,+8550766569961
Mobitel-076-6569962,Mobile,+8550766569962
Mobitel-076-6569963,Mobile,+8550766569963
Mobitel-076-6569964,Mobile,+8550766569964
Mobitel-076-6569965,Mobile,+8550766569965
Mobitel-076-6569966,Mobile,+8550766569966
Mobitel-076-6569967,Mobile,+8550766569967
Mobitel-076-6569968,Mobile,+8550766569968
Mobitel-076-6569969,Mobile,+8550766569969
Mobitel-076-6569970,Mobile,+8550766569970
Mobitel-076-6569971,Mobile,+8550766569971
Mobitel-076-6569972,Mobile,+8550766569972
Mobitel-076-6569973,Mobile,+8550766569973
Mobitel-076-6569974,Mobile,+8550766569974
Mobitel-076-6569975,Mobile,+8550766569975
Mobitel-076-6569976,Mobile,+8550766569976
Mobitel-076-6569977,Mobile,+8550766569977
Mobitel-076-6569978,Mobile,+8550766569978
Mobitel-076-6569979,Mobile,+8550766569979
Mobitel-076-6569980,Mobile,+8550766569980
Mobitel-076-6569981,Mobile,+8550766569981
Mobitel-076-6569982,Mobile,+8550766569982
Mobitel-076-6569983,Mobile,+8550766569983
Mobitel-076-6569984,Mobile,+8550766569984
Mobitel-076-6569985,Mobile,+8550766569985
Mobitel-076-6569986,Mobile,+8550766569986
Mobitel-076-6569987,Mobile,+8550766569987
Mobitel-076-6569988,Mobile,+8550766569988
Mobitel-076-6569989,Mobile,+8550766569989
Mobitel-076-6569990,Mobile,+8550766569990
Mobitel-076-6569991,Mobile,+8550766569991
Mobitel-076-6569992,Mobile,+8550766569992
Mobitel-076-6569993,Mobile,+8550766569993
Mobitel-076-6569994,Mobile,+8550766569994
Mobitel-076-6569995,Mobile,+8550766569995
Mobitel-076-6569996,Mobile,+8550766569996
Mobitel-076-6569997,Mobile,+8550766569997
Mobitel-076-6569998,Mobile,+8550766569998
Mobitel-076-6569999,Mobile,+8550766569999
Mobitel-076-6570000,Mobile,+8550766570000
Mobitel-076-6570001,Mobile,+8550766570001
Mobitel-076-6570002,Mobile,+8550766570002
Mobitel-076-6570003,Mobile,+8550766570003
Mobitel-076-6570004,Mobile,+8550766570004
Mobitel-076-6570005,Mobile,+8550766570005
Mobitel-076-6570006,Mobile,+8550766570006
Mobitel-076-6570007,Mobile,+8550766570007
Mobitel-076-6570008,Mobile,+8550766570008
Mobitel-076-6570009,Mobile,+8550766570009
Mobitel-076-6570010,Mobile,+8550766570010
Mobitel-076-6570011,Mobile,+8550766570011
Mobitel-076-6570012,Mobile,+8550766570012
Mobitel-076-6570013,Mobile,+8550766570013
Mobitel-076-6570014,Mobile,+8550766570014
Mobitel-076-6570015,Mobile,+8550766570015
Mobitel-076-6570016,Mobile,+8550766570016
Mobitel-076-6570017,Mobile,+8550766570017
Mobitel-076-6570018,Mobile,+8550766570018
Mobitel-076-6570019,Mobile,+8550766570019
Mobitel-076-6570020,Mobile,+8550766570020
Mobitel-076-6570021,Mobile,+8550766570021
Mobitel-076-6570022,Mobile,+8550766570022
Mobitel-076-6570023,Mobile,+8550766570023
Mobitel-076-6570024,Mobile,+8550766570024
Mobitel-076-6570025,Mobile,+8550766570025
Mobitel-076-6570026,Mobile,+8550766570026
Mobitel-076-6570027,Mobile,+8550766570027
Mobitel-076-6570028,Mobile,+8550766570028
Mobitel-076-6570029,Mobile,+8550766570029
Mobitel-076-6570030,Mobile,+8550766570030
Mobitel-076-6570031,Mobile,+8550766570031
Mobitel-076-6570032,Mobile,+8550766570032
Mobitel-076-6570033,Mobile,+8550766570033
Mobitel-076-6570034,Mobile,+8550766570034
Mobitel-076-6570035,Mobile,+8550766570035
Mobitel-076-6570036,Mobile,+8550766570036
Mobitel-076-6570037,Mobile,+8550766570037
Mobitel-076-6570038,Mobile,+8550766570038
Mobitel-076-6570039,Mobile,+8550766570039
Mobitel-076-6570040,Mobile,+8550766570040
Mobitel-076-6570041,Mobile,+8550766570041
Mobitel-076-6570042,Mobile,+8550766570042
Mobitel-076-6570043,Mobile,+8550766570043
Mobitel-076-6570044,Mobile,+8550766570044
Mobitel-076-6570045,Mobile,+8550766570045
Mobitel-076-6570046,Mobile,+8550766570046
Mobitel-076-6570047,Mobile,+8550766570047
Mobitel-076-6570048,Mobile,+8550766570048
Mobitel-076-6570049,Mobile,+8550766570049
Mobitel-076-6570050,Mobile,+8550766570050
Mobitel-076-6570051,Mobile,+8550766570051
Mobitel-076-6570052,Mobile,+8550766570052
Mobitel-076-6570053,Mobile,+8550766570053
Mobitel-076-6570054,Mobile,+8550766570054
Mobitel-076-6570055,Mobile,+8550766570055
Mobitel-076-6570056,Mobile,+8550766570056
Mobitel-076-6570057,Mobile,+8550766570057
Mobitel-076-6570058,Mobile,+8550766570058
Mobitel-076-6570059,Mobile,+8550766570059
Mobitel-076-6570060,Mobile,+8550766570060
Mobitel-076-6570061,Mobile,+8550766570061
Mobitel-076-6570062,Mobile,+8550766570062
Mobitel-076-6570063,Mobile,+8550766570063
Mobitel-076-6570064,Mobile,+8550766570064
Mobitel-076-6570065,Mobile,+8550766570065
Mobitel-076-6570066,Mobile,+8550766570066
Mobitel-076-6570067,Mobile,+8550766570067
Mobitel-076-6570068,Mobile,+8550766570068
Mobitel-076-6570069,Mobile,+8550766570069
Mobitel-076-6570070,Mobile,+8550766570070
Mobitel-076-6570071,Mobile,+8550766570071
Mobitel-076-6570072,Mobile,+8550766570072
Mobitel-076-6570073,Mobile,+8550766570073
Mobitel-076-6570074,Mobile,+8550766570074
Mobitel-076-6570075,Mobile,+8550766570075
Mobitel-076-6570076,Mobile,+8550766570076
Mobitel-076-6570077,Mobile,+8550766570077
Mobitel-076-6570078,Mobile,+8550766570078
Mobitel-076-6570079,Mobile,+8550766570079
Mobitel-076-6570080,Mobile,+8550766570080
Mobitel-076-6570081,Mobile,+8550766570081
Mobitel-076-6570082,Mobile,+8550766570082
Mobitel-076-6570083,Mobile,+8550766570083
Mobitel-076-6570084,Mobile,+8550766570084
Mobitel-076-6570085,Mobile,+8550766570085
Mobitel-076-6570086,Mobile,+8550766570086
Mobitel-076-6570087,Mobile,+8550766570087
Mobitel-076-6570088,Mobile,+8550766570088
Mobitel-076-6570089,Mobile,+8550766570089
Mobitel-076-6570090,Mobile,+8550766570090
Mobitel-076-6570091,Mobile,+8550766570091
Mobitel-076-6570092,Mobile,+8550766570092
Mobitel-076-6570093,Mobile,+8550766570093
Mobitel-076-6570094,Mobile,+8550766570094
Mobitel-076-6570095,Mobile,+8550766570095
Mobitel-076-6570096,Mobile,+8550766570096
Mobitel-076-6570097,Mobile,+8550766570097
Mobitel-076-6570098,Mobile,+8550766570098
Mobitel-076-6570099,Mobile,+8550766570099
Mobitel-076-6570100,Mobile,+8550766570100
Mobitel-076-6570101,Mobile,+8550766570101
Mobitel-076-6570102,Mobile,+8550766570102
Mobitel-076-6570103,Mobile,+8550766570103
Mobitel-076-6570104,Mobile,+8550766570104
Mobitel-076-6570105,Mobile,+8550766570105
Mobitel-076-6570106,Mobile,+8550766570106
Mobitel-076-6570107,Mobile,+8550766570107
Mobitel-076-6570108,Mobile,+8550766570108
Mobitel-076-6570109,Mobile,+8550766570109
Mobitel-076-6570110,Mobile,+8550766570110
Mobitel-076-6570111,Mobile,+8550766570111
Mobitel-076-6570112,Mobile,+8550766570112
Mobitel-076-6570113,Mobile,+8550766570113
Mobitel-076-6570114,Mobile,+8550766570114
Mobitel-076-6570115,Mobile,+8550766570115
Mobitel-076-6570116,Mobile,+8550766570116
Mobitel-076-6570117,Mobile,+8550766570117
Mobitel-076-6570118,Mobile,+8550766570118
Mobitel-076-6570119,Mobile,+8550766570119
Mobitel-076-6570120,Mobile,+8550766570120
Mobitel-076-6570121,Mobile,+8550766570121
Mobitel-076-6570122,Mobile,+8550766570122
Mobitel-076-6570123,Mobile,+8550766570123
Mobitel-076-6570124,Mobile,+8550766570124
Mobitel-076-6570125,Mobile,+8550766570125
Mobitel-076-6570126,Mobile,+8550766570126
Mobitel-076-6570127,Mobile,+8550766570127
Mobitel-076-6570128,Mobile,+8550766570128
Mobitel-076-6570129,Mobile,+8550766570129
Mobitel-076-6570130,Mobile,+8550766570130
Mobitel-076-6570131,Mobile,+8550766570131
Mobitel-076-6570132,Mobile,+8550766570132
Mobitel-076-6570133,Mobile,+8550766570133
Mobitel-076-6570134,Mobile,+8550766570134
Mobitel-076-6570135,Mobile,+8550766570135
Mobitel-076-6570136,Mobile,+8550766570136
Mobitel-076-6570137,Mobile,+8550766570137
Mobitel-076-6570138,Mobile,+8550766570138
Mobitel-076-6570139,Mobile,+8550766570139
Mobitel-076-6570140,Mobile,+8550766570140
Mobitel-076-6570141,Mobile,+8550766570141
Mobitel-076-6570142,Mobile,+8550766570142
Mobitel-076-6570143,Mobile,+8550766570143
Mobitel-076-6570144,Mobile,+8550766570144
Mobitel-076-6570145,Mobile,+8550766570145
Mobitel-076-6570146,Mobile,+8550766570146
Mobitel-076-6570147,Mobile,+8550766570147
Mobitel-076-6570148,Mobile,+8550766570148
Mobitel-076-6570149,Mobile,+8550766570149
Mobitel-076-6570150,Mobile,+8550766570150
Mobitel-076-6570151,Mobile,+8550766570151
Mobitel-076-6570152,Mobile,+8550766570152
Mobitel-076-6570153,Mobile,+8550766570153
Mobitel-076-6570154,Mobile,+8550766570154
Mobitel-076-6570155,Mobile,+8550766570155
Mobitel-076-6570156,Mobile,+8550766570156
Mobitel-076-6570157,Mobile,+8550766570157
Mobitel-076-6570158,Mobile,+8550766570158
Mobitel-076-6570159,Mobile,+8550766570159
Mobitel-076-6570160,Mobile,+8550766570160
Mobitel-076-6570161,Mobile,+8550766570161
Mobitel-076-6570162,Mobile,+8550766570162
Mobitel-076-6570163,Mobile,+8550766570163
Mobitel-076-6570164,Mobile,+8550766570164
Mobitel-076-6570165,Mobile,+8550766570165
Mobitel-076-6570166,Mobile,+8550766570166
Mobitel-076-6570167,Mobile,+8550766570167
Mobitel-076-6570168,Mobile,+8550766570168
Mobitel-076-6570169,Mobile,+8550766570169
Mobitel-076-6570170,Mobile,+8550766570170
Mobitel-076-6570171,Mobile,+8550766570171
Mobitel-076-6570172,Mobile,+8550766570172
Mobitel-076-6570173,Mobile,+8550766570173
Mobitel-076-6570174,Mobile,+8550766570174
Mobitel-076-6570175,Mobile,+8550766570175
Mobitel-076-6570176,Mobile,+8550766570176
Mobitel-076-6570177,Mobile,+8550766570177
Mobitel-076-6570178,Mobile,+8550766570178
Mobitel-076-6570179,Mobile,+8550766570179
Mobitel-076-6570180,Mobile,+8550766570180
Mobitel-076-6570181,Mobile,+8550766570181
Mobitel-076-6570182,Mobile,+8550766570182
Mobitel-076-6570183,Mobile,+8550766570183
Mobitel-076-6570184,Mobile,+8550766570184
Mobitel-076-6570185,Mobile,+8550766570185
Mobitel-076-6570186,Mobile,+8550766570186
Mobitel-076-6570187,Mobile,+8550766570187
Mobitel-076-6570188,Mobile,+8550766570188
Mobitel-076-6570189,Mobile,+8550766570189
Mobitel-076-6570190,Mobile,+8550766570190
Mobitel-076-6570191,Mobile,+8550766570191
Mobitel-076-6570192,Mobile,+8550766570192
Mobitel-076-6570193,Mobile,+8550766570193
Mobitel-076-6570194,Mobile,+8550766570194
Mobitel-076-6570195,Mobile,+8550766570195
Mobitel-076-6570196,Mobile,+8550766570196
Mobitel-076-6570197,Mobile,+8550766570197
Mobitel-076-6570198,Mobile,+8550766570198
Mobitel-076-6570199,Mobile,+8550766570199
Mobitel-076-6570200,Mobile,+8550766570200
Mobitel-076-6570201,Mobile,+8550766570201
Mobitel-076-6570202,Mobile,+8550766570202
Mobitel-076-6570203,Mobile,+8550766570203
Mobitel-076-6570204,Mobile,+8550766570204
Mobitel-076-6570205,Mobile,+8550766570205
Mobitel-076-6570206,Mobile,+8550766570206
Mobitel-076-6570207,Mobile,+8550766570207
Mobitel-076-6570208,Mobile,+8550766570208
Mobitel-076-6570209,Mobile,+8550766570209
Mobitel-076-6570210,Mobile,+8550766570210
Mobitel-076-6570211,Mobile,+8550766570211
Mobitel-076-6570212,Mobile,+8550766570212
Mobitel-076-6570213,Mobile,+8550766570213
Mobitel-076-6570214,Mobile,+8550766570214
Mobitel-076-6570215,Mobile,+8550766570215
Mobitel-076-6570216,Mobile,+8550766570216
Mobitel-076-6570217,Mobile,+8550766570217
Mobitel-076-6570218,Mobile,+8550766570218
Mobitel-076-6570219,Mobile,+8550766570219
Mobitel-076-6570220,Mobile,+8550766570220
Mobitel-076-6570221,Mobile,+8550766570221
Mobitel-076-6570222,Mobile,+8550766570222
Mobitel-076-6570223,Mobile,+8550766570223
Mobitel-076-6570224,Mobile,+8550766570224
Mobitel-076-6570225,Mobile,+8550766570225
Mobitel-076-6570226,Mobile,+8550766570226
Mobitel-076-6570227,Mobile,+8550766570227
Mobitel-076-6570228,Mobile,+8550766570228
Mobitel-076-6570229,Mobile,+8550766570229
Mobitel-076-6570230,Mobile,+8550766570230
Mobitel-076-6570231,Mobile,+8550766570231
Mobitel-076-6570232,Mobile,+8550766570232
Mobitel-076-6570233,Mobile,+8550766570233
Mobitel-076-6570234,Mobile,+8550766570234
Mobitel-076-6570235,Mobile,+8550766570235
Mobitel-076-6570236,Mobile,+8550766570236
Mobitel-076-6570237,Mobile,+8550766570237
Mobitel-076-6570238,Mobile,+8550766570238
Mobitel-076-6570239,Mobile,+8550766570239
Mobitel-076-6570240,Mobile,+8550766570240
Mobitel-076-6570241,Mobile,+8550766570241
Mobitel-076-6570242,Mobile,+8550766570242
Mobitel-076-6570243,Mobile,+8550766570243
Mobitel-076-6570244,Mobile,+8550766570244
Mobitel-076-6570245,Mobile,+8550766570245
Mobitel-076-6570246,Mobile,+8550766570246
Mobitel-076-6570247,Mobile,+8550766570247
Mobitel-076-6570248,Mobile,+8550766570248
Mobitel-076-6570249,Mobile,+8550766570249
Mobitel-076-6570250,Mobile,+8550766570250
Mobitel-076-6570251,Mobile,+8550766570251
Mobitel-076-6570252,Mobile,+8550766570252
Mobitel-076-6570253,Mobile,+8550766570253
Mobitel-076-6570254,Mobile,+8550766570254
Mobitel-076-6570255,Mobile,+8550766570255
Mobitel-076-6570256,Mobile,+8550766570256
Mobitel-076-6570257,Mobile,+8550766570257
Mobitel-076-6570258,Mobile,+8550766570258
Mobitel-076-6570259,Mobile,+8550766570259
Mobitel-076-6570260,Mobile,+8550766570260
Mobitel-076-6570261,Mobile,+8550766570261
Mobitel-076-6570262,Mobile,+8550766570262
Mobitel-076-6570263,Mobile,+8550766570263
Mobitel-076-6570264,Mobile,+8550766570264
Mobitel-076-6570265,Mobile,+8550766570265
Mobitel-076-6570266,Mobile,+8550766570266
Mobitel-076-6570267,Mobile,+8550766570267
Mobitel-076-6570268,Mobile,+8550766570268
Mobitel-076-6570269,Mobile,+8550766570269
Mobitel-076-6570270,Mobile,+8550766570270
Mobitel-076-6570271,Mobile,+8550766570271
Mobitel-076-6570272,Mobile,+8550766570272
Mobitel-076-6570273,Mobile,+8550766570273
Mobitel-076-6570274,Mobile,+8550766570274
Mobitel-076-6570275,Mobile,+8550766570275
Mobitel-076-6570276,Mobile,+8550766570276
Mobitel-076-6570277,Mobile,+8550766570277
Mobitel-076-6570278,Mobile,+8550766570278
Mobitel-076-6570279,Mobile,+8550766570279
Mobitel-076-6570280,Mobile,+8550766570280
Mobitel-076-6570281,Mobile,+8550766570281
Mobitel-076-6570282,Mobile,+8550766570282
Mobitel-076-6570283,Mobile,+8550766570283
Mobitel-076-6570284,Mobile,+8550766570284
Mobitel-076-6570285,Mobile,+8550766570285
Mobitel-076-6570286,Mobile,+8550766570286
Mobitel-076-6570287,Mobile,+8550766570287
Mobitel-076-6570288,Mobile,+8550766570288
Mobitel-076-6570289,Mobile,+8550766570289
Mobitel-076-6570290,Mobile,+8550766570290
Mobitel-076-6570291,Mobile,+8550766570291
Mobitel-076-6570292,Mobile,+8550766570292
Mobitel-076-6570293,Mobile,+8550766570293
Mobitel-076-6570294,Mobile,+8550766570294
Mobitel-076-6570295,Mobile,+8550766570295
Mobitel-076-6570296,Mobile,+8550766570296
Mobitel-076-6570297,Mobile,+8550766570297
Mobitel-076-6570298,Mobile,+8550766570298
Mobitel-076-6570299,Mobile,+8550766570299
Mobitel-076-6570300,Mobile,+8550766570300
Mobitel-076-6570301,Mobile,+8550766570301
Mobitel-076-6570302,Mobile,+8550766570302
Mobitel-076-6570303,Mobile,+8550766570303
Mobitel-076-6570304,Mobile,+8550766570304
Mobitel-076-6570305,Mobile,+8550766570305
Mobitel-076-6570306,Mobile,+8550766570306
Mobitel-076-6570307,Mobile,+8550766570307
Mobitel-076-6570308,Mobile,+8550766570308
Mobitel-076-6570309,Mobile,+8550766570309
Mobitel-076-6570310,Mobile,+8550766570310
Mobitel-076-6570311,Mobile,+8550766570311
Mobitel-076-6570312,Mobile,+8550766570312
Mobitel-076-6570313,Mobile,+8550766570313
Mobitel-076-6570314,Mobile,+8550766570314
Mobitel-076-6570315,Mobile,+8550766570315
Mobitel-076-6570316,Mobile,+8550766570316
Mobitel-076-6570317,Mobile,+8550766570317
Mobitel-076-6570318,Mobile,+8550766570318
Mobitel-076-6570319,Mobile,+8550766570319
Mobitel-076-6570320,Mobile,+8550766570320
Mobitel-076-6570321,Mobile,+8550766570321
Mobitel-076-6570322,Mobile,+8550766570322
Mobitel-076-6570323,Mobile,+8550766570323
Mobitel-076-6570324,Mobile,+8550766570324
Mobitel-076-6570325,Mobile,+8550766570325
Mobitel-076-6570326,Mobile,+8550766570326
Mobitel-076-6570327,Mobile,+8550766570327
Mobitel-076-6570328,Mobile,+8550766570328
Mobitel-076-6570329,Mobile,+8550766570329
Mobitel-076-6570330,Mobile,+8550766570330
Mobitel-076-6570331,Mobile,+8550766570331
Mobitel-076-6570332,Mobile,+8550766570332
Mobitel-076-6570333,Mobile,+8550766570333
Mobitel-076-6570334,Mobile,+8550766570334
Mobitel-076-6570335,Mobile,+8550766570335
Mobitel-076-6570336,Mobile,+8550766570336
Mobitel-076-6570337,Mobile,+8550766570337
Mobitel-076-6570338,Mobile,+8550766570338
Mobitel-076-6570339,Mobile,+8550766570339
Mobitel-076-6570340,Mobile,+8550766570340
Mobitel-076-6570341,Mobile,+8550766570341
Mobitel-076-6570342,Mobile,+8550766570342
Mobitel-076-6570343,Mobile,+8550766570343
Mobitel-076-6570344,Mobile,+8550766570344
Mobitel-076-6570345,Mobile,+8550766570345
Mobitel-076-6570346,Mobile,+8550766570346
Mobitel-076-6570347,Mobile,+8550766570347
Mobitel-076-6570348,Mobile,+8550766570348
Mobitel-076-6570349,Mobile,+8550766570349
Mobitel-076-6570350,Mobile,+8550766570350
Mobitel-076-6570351,Mobile,+8550766570351
Mobitel-076-6570352,Mobile,+8550766570352
Mobitel-076-6570353,Mobile,+8550766570353
Mobitel-076-6570354,Mobile,+8550766570354
Mobitel-076-6570355,Mobile,+8550766570355
Mobitel-076-6570356,Mobile,+8550766570356
Mobitel-076-6570357,Mobile,+8550766570357
Mobitel-076-6570358,Mobile,+8550766570358
Mobitel-076-6570359,Mobile,+8550766570359
Mobitel-076-6570360,Mobile,+8550766570360
Mobitel-076-6570361,Mobile,+8550766570361
Mobitel-076-6570362,Mobile,+8550766570362
Mobitel-076-6570363,Mobile,+8550766570363
Mobitel-076-6570364,Mobile,+8550766570364
Mobitel-076-6570365,Mobile,+8550766570365
Mobitel-076-6570366,Mobile,+8550766570366
Mobitel-076-6570367,Mobile,+8550766570367
Mobitel-076-6570368,Mobile,+8550766570368
Mobitel-076-6570369,Mobile,+8550766570369
Mobitel-076-6570370,Mobile,+8550766570370
Mobitel-076-6570371,Mobile,+8550766570371
Mobitel-076-6570372,Mobile,+8550766570372
Mobitel-076-6570373,Mobile,+8550766570373
Mobitel-076-6570374,Mobile,+8550766570374
Mobitel-076-6570375,Mobile,+8550766570375
Mobitel-076-6570376,Mobile,+8550766570376
Mobitel-076-6570377,Mobile,+8550766570377
Mobitel-076-6570378,Mobile,+8550766570378
Mobitel-076-6570379,Mobile,+8550766570379
Mobitel-076-6570380,Mobile,+8550766570380
Mobitel-076-6570381,Mobile,+8550766570381
Mobitel-076-6570382,Mobile,+8550766570382
Mobitel-076-6570383,Mobile,+8550766570383
Mobitel-076-6570384,Mobile,+8550766570384
Mobitel-076-6570385,Mobile,+8550766570385
Mobitel-076-6570386,Mobile,+8550766570386
Mobitel-076-6570387,Mobile,+8550766570387
Mobitel-076-6570388,Mobile,+8550766570388
Mobitel-076-6570389,Mobile,+8550766570389
Mobitel-076-6570390,Mobile,+8550766570390
Mobitel-076-6570391,Mobile,+8550766570391
Mobitel-076-6570392,Mobile,+8550766570392
Mobitel-076-6570393,Mobile,+8550766570393
Mobitel-076-6570394,Mobile,+8550766570394
Mobitel-076-6570395,Mobile,+8550766570395
Mobitel-076-6570396,Mobile,+8550766570396
Mobitel-076-6570397,Mobile,+8550766570397
Mobitel-076-6570398,Mobile,+8550766570398
Mobitel-076-6570399,Mobile,+8550766570399
Mobitel-076-6570400,Mobile,+8550766570400
Mobitel-076-6570401,Mobile,+8550766570401
Mobitel-076-6570402,Mobile,+8550766570402
Mobitel-076-6570403,Mobile,+8550766570403
Mobitel-076-6570404,Mobile,+8550766570404
Mobitel-076-6570405,Mobile,+8550766570405
Mobitel-076-6570406,Mobile,+8550766570406
Mobitel-076-6570407,Mobile,+8550766570407
Mobitel-076-6570408,Mobile,+8550766570408
Mobitel-076-6570409,Mobile,+8550766570409
Mobitel-076-6570410,Mobile,+8550766570410
Mobitel-076-6570411,Mobile,+8550766570411
Mobitel-076-6570412,Mobile,+8550766570412
Mobitel-076-6570413,Mobile,+8550766570413
Mobitel-076-6570414,Mobile,+8550766570414
Mobitel-076-6570415,Mobile,+8550766570415
Mobitel-076-6570416,Mobile,+8550766570416
Mobitel-076-6570417,Mobile,+8550766570417
Mobitel-076-6570418,Mobile,+8550766570418
Mobitel-076-6570419,Mobile,+8550766570419
Mobitel-076-6570420,Mobile,+8550766570420
Mobitel-076-6570421,Mobile,+8550766570421
Mobitel-076-6570422,Mobile,+8550766570422
Mobitel-076-6570423,Mobile,+8550766570423
Mobitel-076-6570424,Mobile,+8550766570424
Mobitel-076-6570425,Mobile,+8550766570425
Mobitel-076-6570426,Mobile,+8550766570426
Mobitel-076-6570427,Mobile,+8550766570427
Mobitel-076-6570428,Mobile,+8550766570428
Mobitel-076-6570429,Mobile,+8550766570429
Mobitel-076-6570430,Mobile,+8550766570430
Mobitel-076-6570431,Mobile,+8550766570431
Mobitel-076-6570432,Mobile,+8550766570432
Mobitel-076-6570433,Mobile,+8550766570433
Mobitel-076-6570434,Mobile,+8550766570434
Mobitel-076-6570435,Mobile,+8550766570435
Mobitel-076-6570436,Mobile,+8550766570436
Mobitel-076-6570437,Mobile,+8550766570437
Mobitel-076-6570438,Mobile,+8550766570438
Mobitel-076-6570439,Mobile,+8550766570439
Mobitel-076-6570440,Mobile,+8550766570440
Mobitel-076-6570441,Mobile,+8550766570441
Mobitel-076-6570442,Mobile,+8550766570442
Mobitel-076-6570443,Mobile,+8550766570443
Mobitel-076-6570444,Mobile,+8550766570444
Mobitel-076-6570445,Mobile,+8550766570445
Mobitel-076-6570446,Mobile,+8550766570446
Mobitel-076-6570447,Mobile,+8550766570447
Mobitel-076-6570448,Mobile,+8550766570448
Mobitel-076-6570449,Mobile,+8550766570449
Mobitel-076-6570450,Mobile,+8550766570450
Mobitel-076-6570451,Mobile,+8550766570451
Mobitel-076-6570452,Mobile,+8550766570452
Mobitel-076-6570453,Mobile,+8550766570453
Mobitel-076-6570454,Mobile,+8550766570454
Mobitel-076-6570455,Mobile,+8550766570455
Mobitel-076-6570456,Mobile,+8550766570456
Mobitel-076-6570457,Mobile,+8550766570457
Mobitel-076-6570458,Mobile,+8550766570458
Mobitel-076-6570459,Mobile,+8550766570459
Mobitel-076-6570460,Mobile,+8550766570460
Mobitel-076-6570461,Mobile,+8550766570461
Mobitel-076-6570462,Mobile,+8550766570462
Mobitel-076-6570463,Mobile,+8550766570463
Mobitel-076-6570464,Mobile,+8550766570464
Mobitel-076-6570465,Mobile,+8550766570465
Mobitel-076-6570466,Mobile,+8550766570466
Mobitel-076-6570467,Mobile,+8550766570467
Mobitel-076-6570468,Mobile,+8550766570468
Mobitel-076-6570469,Mobile,+8550766570469
Mobitel-076-6570470,Mobile,+8550766570470
Mobitel-076-6570471,Mobile,+8550766570471
Mobitel-076-6570472,Mobile,+8550766570472
Mobitel-076-6570473,Mobile,+8550766570473
Mobitel-076-6570474,Mobile,+8550766570474
Mobitel-076-6570475,Mobile,+8550766570475
Mobitel-076-6570476,Mobile,+8550766570476
Mobitel-076-6570477,Mobile,+8550766570477
Mobitel-076-6570478,Mobile,+8550766570478
Mobitel-076-6570479,Mobile,+8550766570479
Mobitel-076-6570480,Mobile,+8550766570480
Mobitel-076-6570481,Mobile,+8550766570481
Mobitel-076-6570482,Mobile,+8550766570482
Mobitel-076-6570483,Mobile,+8550766570483
Mobitel-076-6570484,Mobile,+8550766570484
Mobitel-076-6570485,Mobile,+8550766570485
Mobitel-076-6570486,Mobile,+8550766570486
Mobitel-076-6570487,Mobile,+8550766570487
Mobitel-076-6570488,Mobile,+8550766570488
Mobitel-076-6570489,Mobile,+8550766570489
Mobitel-076-6570490,Mobile,+8550766570490
Mobitel-076-6570491,Mobile,+8550766570491
Mobitel-076-6570492,Mobile,+8550766570492
Mobitel-076-6570493,Mobile,+8550766570493
Mobitel-076-6570494,Mobile,+8550766570494
Mobitel-076-6570495,Mobile,+8550766570495
Mobitel-076-6570496,Mobile,+8550766570496
Mobitel-076-6570497,Mobile,+8550766570497
Mobitel-076-6570498,Mobile,+8550766570498
Mobitel-076-6570499,Mobile,+8550766570499
Mobitel-076-6570500,Mobile,+8550766570500
Mobitel-076-6570501,Mobile,+8550766570501
Mobitel-076-6570502,Mobile,+8550766570502
Mobitel-076-6570503,Mobile,+8550766570503
Mobitel-076-6570504,Mobile,+8550766570504
Mobitel-076-6570505,Mobile,+8550766570505
Mobitel-076-6570506,Mobile,+8550766570506
Mobitel-076-6570507,Mobile,+8550766570507
Mobitel-076-6570508,Mobile,+8550766570508
Mobitel-076-6570509,Mobile,+8550766570509
Mobitel-076-6570510,Mobile,+8550766570510
Mobitel-076-6570511,Mobile,+8550766570511
Mobitel-076-6570512,Mobile,+8550766570512
Mobitel-076-6570513,Mobile,+8550766570513
Mobitel-076-6570514,Mobile,+8550766570514
Mobitel-076-6570515,Mobile,+8550766570515
Mobitel-076-6570516,Mobile,+8550766570516
Mobitel-076-6570517,Mobile,+8550766570517
Mobitel-076-6570518,Mobile,+8550766570518
Mobitel-076-6570519,Mobile,+8550766570519
Mobitel-076-6570520,Mobile,+8550766570520
Mobitel-076-6570521,Mobile,+8550766570521
Mobitel-076-6570522,Mobile,+8550766570522
Mobitel-076-6570523,Mobile,+8550766570523
Mobitel-076-6570524,Mobile,+8550766570524
Mobitel-076-6570525,Mobile,+8550766570525
Mobitel-076-6570526,Mobile,+8550766570526
Mobitel-076-6570527,Mobile,+8550766570527
Mobitel-076-6570528,Mobile,+8550766570528
Mobitel-076-6570529,Mobile,+8550766570529
Mobitel-076-6570530,Mobile,+8550766570530
Mobitel-076-6570531,Mobile,+8550766570531
Mobitel-076-6570532,Mobile,+8550766570532
Mobitel-076-6570533,Mobile,+8550766570533
Mobitel-076-6570534,Mobile,+8550766570534
Mobitel-076-6570535,Mobile,+8550766570535
Mobitel-076-6570536,Mobile,+8550766570536
Mobitel-076-6570537,Mobile,+8550766570537
Mobitel-076-6570538,Mobile,+8550766570538
Mobitel-076-6570539,Mobile,+8550766570539
Mobitel-076-6570540,Mobile,+8550766570540
Mobitel-076-6570541,Mobile,+8550766570541
Mobitel-076-6570542,Mobile,+8550766570542
Mobitel-076-6570543,Mobile,+8550766570543
Mobitel-076-6570544,Mobile,+8550766570544
Mobitel-076-6570545,Mobile,+8550766570545
Mobitel-076-6570546,Mobile,+8550766570546
Mobitel-076-6570547,Mobile,+8550766570547
Mobitel-076-6570548,Mobile,+8550766570548
Mobitel-076-6570549,Mobile,+8550766570549
Mobitel-076-6570550,Mobile,+8550766570550
Mobitel-076-6570551,Mobile,+8550766570551
Mobitel-076-6570552,Mobile,+8550766570552
Mobitel-076-6570553,Mobile,+8550766570553
Mobitel-076-6570554,Mobile,+8550766570554
Mobitel-076-6570555,Mobile,+8550766570555
Mobitel-076-6570556,Mobile,+8550766570556
Mobitel-076-6570557,Mobile,+8550766570557
Mobitel-076-6570558,Mobile,+8550766570558
Mobitel-076-6570559,Mobile,+8550766570559
Mobitel-076-6570560,Mobile,+8550766570560
Mobitel-076-6570561,Mobile,+8550766570561
Mobitel-076-6570562,Mobile,+8550766570562
Mobitel-076-6570563,Mobile,+8550766570563
Mobitel-076-6570564,Mobile,+8550766570564
Mobitel-076-6570565,Mobile,+8550766570565
Mobitel-076-6570566,Mobile,+8550766570566
Mobitel-076-6570567,Mobile,+8550766570567
Mobitel-076-6570568,Mobile,+8550766570568
Mobitel-076-6570569,Mobile,+8550766570569
Mobitel-076-6570570,Mobile,+8550766570570
Mobitel-076-6570571,Mobile,+8550766570571
Mobitel-076-6570572,Mobile,+8550766570572
Mobitel-076-6570573,Mobile,+8550766570573
Mobitel-076-6570574,Mobile,+8550766570574
Mobitel-076-6570575,Mobile,+8550766570575
Mobitel-076-6570576,Mobile,+8550766570576
Mobitel-076-6570577,Mobile,+8550766570577
Mobitel-076-6570578,Mobile,+8550766570578
Mobitel-076-6570579,Mobile,+8550766570579
Mobitel-076-6570580,Mobile,+8550766570580
Mobitel-076-6570581,Mobile,+8550766570581
Mobitel-076-6570582,Mobile,+8550766570582
Mobitel-076-6570583,Mobile,+8550766570583
Mobitel-076-6570584,Mobile,+8550766570584
Mobitel-076-6570585,Mobile,+8550766570585
Mobitel-076-6570586,Mobile,+8550766570586
Mobitel-076-6570587,Mobile,+8550766570587
Mobitel-076-6570588,Mobile,+8550766570588
Mobitel-076-6570589,Mobile,+8550766570589
Mobitel-076-6570590,Mobile,+8550766570590
Mobitel-076-6570591,Mobile,+8550766570591
Mobitel-076-6570592,Mobile,+8550766570592
Mobitel-076-6570593,Mobile,+8550766570593
Mobitel-076-6570594,Mobile,+8550766570594
Mobitel-076-6570595,Mobile,+8550766570595
Mobitel-076-6570596,Mobile,+8550766570596
Mobitel-076-6570597,Mobile,+8550766570597
Mobitel-076-6570598,Mobile,+8550766570598
Mobitel-076-6570599,Mobile,+8550766570599
Mobitel-076-6570600,Mobile,+8550766570600
Mobitel-076-6570601,Mobile,+8550766570601
Mobitel-076-6570602,Mobile,+8550766570602
Mobitel-076-6570603,Mobile,+8550766570603
Mobitel-076-6570604,Mobile,+8550766570604
Mobitel-076-6570605,Mobile,+8550766570605
Mobitel-076-6570606,Mobile,+8550766570606
Mobitel-076-6570607,Mobile,+8550766570607
Mobitel-076-6570608,Mobile,+8550766570608
Mobitel-076-6570609,Mobile,+8550766570609
Mobitel-076-6570610,Mobile,+8550766570610
Mobitel-076-6570611,Mobile,+8550766570611
Mobitel-076-6570612,Mobile,+8550766570612
Mobitel-076-6570613,Mobile,+8550766570613
Mobitel-076-6570614,Mobile,+8550766570614
Mobitel-076-6570615,Mobile,+8550766570615
Mobitel-076-6570616,Mobile,+8550766570616
Mobitel-076-6570617,Mobile,+8550766570617
Mobitel-076-6570618,Mobile,+8550766570618
Mobitel-076-6570619,Mobile,+8550766570619
Mobitel-076-6570620,Mobile,+8550766570620
Mobitel-076-6570621,Mobile,+8550766570621
Mobitel-076-6570622,Mobile,+8550766570622
Mobitel-076-6570623,Mobile,+8550766570623
Mobitel-076-6570624,Mobile,+8550766570624
Mobitel-076-6570625,Mobile,+8550766570625
Mobitel-076-6570626,Mobile,+8550766570626
Mobitel-076-6570627,Mobile,+8550766570627
Mobitel-076-6570628,Mobile,+8550766570628
Mobitel-076-6570629,Mobile,+8550766570629
Mobitel-076-6570630,Mobile,+8550766570630
Mobitel-076-6570631,Mobile,+8550766570631
Mobitel-076-6570632,Mobile,+8550766570632
Mobitel-076-6570633,Mobile,+8550766570633
Mobitel-076-6570634,Mobile,+8550766570634
Mobitel-076-6570635,Mobile,+8550766570635
Mobitel-076-6570636,Mobile,+8550766570636
Mobitel-076-6570637,Mobile,+8550766570637
Mobitel-076-6570638,Mobile,+8550766570638
Mobitel-076-6570639,Mobile,+8550766570639
Mobitel-076-6570640,Mobile,+8550766570640
Mobitel-076-6570641,Mobile,+8550766570641
Mobitel-076-6570642,Mobile,+8550766570642
Mobitel-076-6570643,Mobile,+8550766570643
Mobitel-076-6570644,Mobile,+8550766570644
Mobitel-076-6570645,Mobile,+8550766570645
Mobitel-076-6570646,Mobile,+8550766570646
Mobitel-076-6570647,Mobile,+8550766570647
Mobitel-076-6570648,Mobile,+8550766570648
Mobitel-076-6570649,Mobile,+8550766570649
Mobitel-076-6570650,Mobile,+8550766570650
Mobitel-076-6570651,Mobile,+8550766570651
Mobitel-076-6570652,Mobile,+8550766570652
Mobitel-076-6570653,Mobile,+8550766570653
Mobitel-076-6570654,Mobile,+8550766570654
Mobitel-076-6570655,Mobile,+8550766570655
Mobitel-076-6570656,Mobile,+8550766570656
Mobitel-076-6570657,Mobile,+8550766570657
Mobitel-076-6570658,Mobile,+8550766570658
Mobitel-076-6570659,Mobile,+8550766570659
Mobitel-076-6570660,Mobile,+8550766570660
Mobitel-076-6570661,Mobile,+8550766570661
Mobitel-076-6570662,Mobile,+8550766570662
Mobitel-076-6570663,Mobile,+8550766570663
Mobitel-076-6570664,Mobile,+8550766570664
Mobitel-076-6570665,Mobile,+8550766570665
Mobitel-076-6570666,Mobile,+8550766570666
Mobitel-076-6570667,Mobile,+8550766570667
Mobitel-076-6570668,Mobile,+8550766570668
Mobitel-076-6570669,Mobile,+8550766570669
Mobitel-076-6570670,Mobile,+8550766570670
Mobitel-076-6570671,Mobile,+8550766570671
Mobitel-076-6570672,Mobile,+8550766570672
Mobitel-076-6570673,Mobile,+8550766570673
Mobitel-076-6570674,Mobile,+8550766570674
Mobitel-076-6570675,Mobile,+8550766570675
Mobitel-076-6570676,Mobile,+8550766570676
Mobitel-076-6570677,Mobile,+8550766570677
Mobitel-076-6570678,Mobile,+8550766570678
Mobitel-076-6570679,Mobile,+8550766570679
Mobitel-076-6570680,Mobile,+8550766570680
Mobitel-076-6570681,Mobile,+8550766570681
Mobitel-076-6570682,Mobile,+8550766570682
Mobitel-076-6570683,Mobile,+8550766570683
Mobitel-076-6570684,Mobile,+8550766570684
Mobitel-076-6570685,Mobile,+8550766570685
Mobitel-076-6570686,Mobile,+8550766570686
Mobitel-076-6570687,Mobile,+8550766570687
Mobitel-076-6570688,Mobile,+8550766570688
Mobitel-076-6570689,Mobile,+8550766570689
Mobitel-076-6570690,Mobile,+8550766570690
Mobitel-076-6570691,Mobile,+8550766570691
Mobitel-076-6570692,Mobile,+8550766570692
Mobitel-076-6570693,Mobile,+8550766570693
Mobitel-076-6570694,Mobile,+8550766570694
Mobitel-076-6570695,Mobile,+8550766570695
Mobitel-076-6570696,Mobile,+8550766570696
Mobitel-076-6570697,Mobile,+8550766570697
Mobitel-076-6570698,Mobile,+8550766570698
Mobitel-076-6570699,Mobile,+8550766570699
Mobitel-076-6570700,Mobile,+8550766570700
Mobitel-076-6570701,Mobile,+8550766570701
Mobitel-076-6570702,Mobile,+8550766570702
Mobitel-076-6570703,Mobile,+8550766570703
Mobitel-076-6570704,Mobile,+8550766570704
Mobitel-076-6570705,Mobile,+8550766570705
Mobitel-076-6570706,Mobile,+8550766570706
Mobitel-076-6570707,Mobile,+8550766570707
Mobitel-076-6570708,Mobile,+8550766570708
Mobitel-076-6570709,Mobile,+8550766570709
Mobitel-076-6570710,Mobile,+8550766570710
Mobitel-076-6570711,Mobile,+8550766570711
Mobitel-076-6570712,Mobile,+8550766570712
Mobitel-076-6570713,Mobile,+8550766570713
Mobitel-076-6570714,Mobile,+8550766570714
Mobitel-076-6570715,Mobile,+8550766570715
Mobitel-076-6570716,Mobile,+8550766570716
Mobitel-076-6570717,Mobile,+8550766570717
Mobitel-076-6570718,Mobile,+8550766570718
Mobitel-076-6570719,Mobile,+8550766570719
Mobitel-076-6570720,Mobile,+8550766570720
Mobitel-076-6570721,Mobile,+8550766570721
Mobitel-076-6570722,Mobile,+8550766570722
Mobitel-076-6570723,Mobile,+8550766570723
Mobitel-076-6570724,Mobile,+8550766570724
Mobitel-076-6570725,Mobile,+8550766570725
Mobitel-076-6570726,Mobile,+8550766570726
Mobitel-076-6570727,Mobile,+8550766570727
Mobitel-076-6570728,Mobile,+8550766570728
Mobitel-076-6570729,Mobile,+8550766570729
Mobitel-076-6570730,Mobile,+8550766570730
Mobitel-076-6570731,Mobile,+8550766570731
Mobitel-076-6570732,Mobile,+8550766570732
Mobitel-076-6570733,Mobile,+8550766570733
Mobitel-076-6570734,Mobile,+8550766570734
Mobitel-076-6570735,Mobile,+8550766570735
Mobitel-076-6570736,Mobile,+8550766570736
Mobitel-076-6570737,Mobile,+8550766570737
Mobitel-076-6570738,Mobile,+8550766570738
Mobitel-076-6570739,Mobile,+8550766570739
Mobitel-076-6570740,Mobile,+8550766570740
Mobitel-076-6570741,Mobile,+8550766570741
Mobitel-076-6570742,Mobile,+8550766570742
Mobitel-076-6570743,Mobile,+8550766570743
Mobitel-076-6570744,Mobile,+8550766570744
Mobitel-076-6570745,Mobile,+8550766570745
Mobitel-076-6570746,Mobile,+8550766570746
Mobitel-076-6570747,Mobile,+8550766570747
Mobitel-076-6570748,Mobile,+8550766570748
Mobitel-076-6570749,Mobile,+8550766570749
Mobitel-076-6570750,Mobile,+8550766570750
Mobitel-076-6570751,Mobile,+8550766570751
Mobitel-076-6570752,Mobile,+8550766570752
Mobitel-076-6570753,Mobile,+8550766570753
Mobitel-076-6570754,Mobile,+8550766570754
Mobitel-076-6570755,Mobile,+8550766570755
Mobitel-076-6570756,Mobile,+8550766570756
Mobitel-076-6570757,Mobile,+8550766570757
Mobitel-076-6570758,Mobile,+8550766570758
Mobitel-076-6570759,Mobile,+8550766570759
Mobitel-076-6570760,Mobile,+8550766570760
Mobitel-076-6570761,Mobile,+8550766570761
Mobitel-076-6570762,Mobile,+8550766570762
Mobitel-076-6570763,Mobile,+8550766570763
Mobitel-076-6570764,Mobile,+8550766570764
Mobitel-076-6570765,Mobile,+8550766570765
Mobitel-076-6570766,Mobile,+8550766570766
Mobitel-076-6570767,Mobile,+8550766570767
Mobitel-076-6570768,Mobile,+8550766570768
Mobitel-076-6570769,Mobile,+8550766570769
Mobitel-076-6570770,Mobile,+8550766570770
Mobitel-076-6570771,Mobile,+8550766570771
Mobitel-076-6570772,Mobile,+8550766570772
Mobitel-076-6570773,Mobile,+8550766570773
Mobitel-076-6570774,Mobile,+8550766570774
Mobitel-076-6570775,Mobile,+8550766570775
Mobitel-076-6570776,Mobile,+8550766570776
Mobitel-076-6570777,Mobile,+8550766570777
Mobitel-076-6570778,Mobile,+8550766570778
Mobitel-076-6570779,Mobile,+8550766570779
Mobitel-076-6570780,Mobile,+8550766570780
Mobitel-076-6570781,Mobile,+8550766570781
Mobitel-076-6570782,Mobile,+8550766570782
Mobitel-076-6570783,Mobile,+8550766570783
Mobitel-076-6570784,Mobile,+8550766570784
Mobitel-076-6570785,Mobile,+8550766570785
Mobitel-076-6570786,Mobile,+8550766570786
Mobitel-076-6570787,Mobile,+8550766570787
Mobitel-076-6570788,Mobile,+8550766570788
Mobitel-076-6570789,Mobile,+8550766570789
Mobitel-076-6570790,Mobile,+8550766570790
Mobitel-076-6570791,Mobile,+8550766570791
Mobitel-076-6570792,Mobile,+8550766570792
Mobitel-076-6570793,Mobile,+8550766570793
Mobitel-076-6570794,Mobile,+8550766570794
Mobitel-076-6570795,Mobile,+8550766570795
Mobitel-076-6570796,Mobile,+8550766570796
Mobitel-076-6570797,Mobile,+8550766570797
Mobitel-076-6570798,Mobile,+8550766570798
Mobitel-076-6570799,Mobile,+8550766570799
Mobitel-076-6570800,Mobile,+8550766570800
Mobitel-076-6570801,Mobile,+8550766570801
Mobitel-076-6570802,Mobile,+8550766570802
Mobitel-076-6570803,Mobile,+8550766570803
Mobitel-076-6570804,Mobile,+8550766570804
Mobitel-076-6570805,Mobile,+8550766570805
Mobitel-076-6570806,Mobile,+8550766570806
Mobitel-076-6570807,Mobile,+8550766570807
Mobitel-076-6570808,Mobile,+8550766570808
Mobitel-076-6570809,Mobile,+8550766570809
Mobitel-076-6570810,Mobile,+8550766570810
Mobitel-076-6570811,Mobile,+8550766570811
Mobitel-076-6570812,Mobile,+8550766570812
Mobitel-076-6570813,Mobile,+8550766570813
Mobitel-076-6570814,Mobile,+8550766570814
Mobitel-076-6570815,Mobile,+8550766570815
Mobitel-076-6570816,Mobile,+8550766570816
Mobitel-076-6570817,Mobile,+8550766570817
Mobitel-076-6570818,Mobile,+8550766570818
Mobitel-076-6570819,Mobile,+8550766570819
Mobitel-076-6570820,Mobile,+8550766570820
Mobitel-076-6570821,Mobile,+8550766570821
Mobitel-076-6570822,Mobile,+8550766570822
Mobitel-076-6570823,Mobile,+8550766570823
Mobitel-076-6570824,Mobile,+8550766570824
Mobitel-076-6570825,Mobile,+8550766570825
Mobitel-076-6570826,Mobile,+8550766570826
Mobitel-076-6570827,Mobile,+8550766570827
Mobitel-076-6570828,Mobile,+8550766570828
Mobitel-076-6570829,Mobile,+8550766570829
Mobitel-076-6570830,Mobile,+8550766570830
Mobitel-076-6570831,Mobile,+8550766570831
Mobitel-076-6570832,Mobile,+8550766570832
Mobitel-076-6570833,Mobile,+8550766570833
Mobitel-076-6570834,Mobile,+8550766570834
Mobitel-076-6570835,Mobile,+8550766570835
Mobitel-076-6570836,Mobile,+8550766570836
Mobitel-076-6570837,Mobile,+8550766570837
Mobitel-076-6570838,Mobile,+8550766570838
Mobitel-076-6570839,Mobile,+8550766570839
Mobitel-076-6570840,Mobile,+8550766570840
Mobitel-076-6570841,Mobile,+8550766570841
Mobitel-076-6570842,Mobile,+8550766570842
Mobitel-076-6570843,Mobile,+8550766570843
Mobitel-076-6570844,Mobile,+8550766570844
Mobitel-076-6570845,Mobile,+8550766570845
Mobitel-076-6570846,Mobile,+8550766570846
Mobitel-076-6570847,Mobile,+8550766570847
Mobitel-076-6570848,Mobile,+8550766570848
Mobitel-076-6570849,Mobile,+8550766570849
Mobitel-076-6570850,Mobile,+8550766570850
Mobitel-076-6570851,Mobile,+8550766570851
Mobitel-076-6570852,Mobile,+8550766570852
Mobitel-076-6570853,Mobile,+8550766570853
Mobitel-076-6570854,Mobile,+8550766570854
Mobitel-076-6570855,Mobile,+8550766570855
Mobitel-076-6570856,Mobile,+8550766570856
Mobitel-076-6570857,Mobile,+8550766570857
Mobitel-076-6570858,Mobile,+8550766570858
Mobitel-076-6570859,Mobile,+8550766570859
Mobitel-076-6570860,Mobile,+8550766570860
Mobitel-076-6570861,Mobile,+8550766570861
Mobitel-076-6570862,Mobile,+8550766570862
Mobitel-076-6570863,Mobile,+8550766570863
Mobitel-076-6570864,Mobile,+8550766570864
Mobitel-076-6570865,Mobile,+8550766570865
Mobitel-076-6570866,Mobile,+8550766570866
Mobitel-076-6570867,Mobile,+8550766570867
Mobitel-076-6570868,Mobile,+8550766570868
Mobitel-076-6570869,Mobile,+8550766570869
Mobitel-076-6570870,Mobile,+8550766570870
Mobitel-076-6570871,Mobile,+8550766570871
Mobitel-076-6570872,Mobile,+8550766570872
Mobitel-076-6570873,Mobile,+8550766570873
Mobitel-076-6570874,Mobile,+8550766570874
Mobitel-076-6570875,Mobile,+8550766570875
Mobitel-076-6570876,Mobile,+8550766570876
Mobitel-076-6570877,Mobile,+8550766570877
Mobitel-076-6570878,Mobile,+8550766570878
Mobitel-076-6570879,Mobile,+8550766570879
Mobitel-076-6570880,Mobile,+8550766570880
Mobitel-076-6570881,Mobile,+8550766570881
Mobitel-076-6570882,Mobile,+8550766570882
Mobitel-076-6570883,Mobile,+8550766570883
Mobitel-076-6570884,Mobile,+8550766570884
Mobitel-076-6570885,Mobile,+8550766570885
Mobitel-076-6570886,Mobile,+8550766570886
Mobitel-076-6570887,Mobile,+8550766570887
Mobitel-076-6570888,Mobile,+8550766570888
Mobitel-076-6570889,Mobile,+8550766570889
Mobitel-076-6570890,Mobile,+8550766570890
Mobitel-076-6570891,Mobile,+8550766570891
Mobitel-076-6570892,Mobile,+8550766570892
Mobitel-076-6570893,Mobile,+8550766570893
Mobitel-076-6570894,Mobile,+8550766570894
Mobitel-076-6570895,Mobile,+8550766570895
Mobitel-076-6570896,Mobile,+8550766570896
Mobitel-076-6570897,Mobile,+8550766570897
Mobitel-076-6570898,Mobile,+8550766570898
Mobitel-076-6570899,Mobile,+8550766570899
Mobitel-076-6570900,Mobile,+8550766570900
Mobitel-076-6570901,Mobile,+8550766570901
Mobitel-076-6570902,Mobile,+8550766570902
Mobitel-076-6570903,Mobile,+8550766570903
Mobitel-076-6570904,Mobile,+8550766570904
Mobitel-076-6570905,Mobile,+8550766570905
Mobitel-076-6570906,Mobile,+8550766570906
Mobitel-076-6570907,Mobile,+8550766570907
Mobitel-076-6570908,Mobile,+8550766570908
Mobitel-076-6570909,Mobile,+8550766570909
Mobitel-076-6570910,Mobile,+8550766570910
Mobitel-076-6570911,Mobile,+8550766570911
Mobitel-076-6570912,Mobile,+8550766570912
Mobitel-076-6570913,Mobile,+8550766570913
Mobitel-076-6570914,Mobile,+8550766570914
Mobitel-076-6570915,Mobile,+8550766570915
Mobitel-076-6570916,Mobile,+8550766570916
Mobitel-076-6570917,Mobile,+8550766570917
Mobitel-076-6570918,Mobile,+8550766570918
Mobitel-076-6570919,Mobile,+8550766570919
Mobitel-076-6570920,Mobile,+8550766570920
Mobitel-076-6570921,Mobile,+8550766570921
Mobitel-076-6570922,Mobile,+8550766570922
Mobitel-076-6570923,Mobile,+8550766570923
Mobitel-076-6570924,Mobile,+8550766570924
Mobitel-076-6570925,Mobile,+8550766570925
Mobitel-076-6570926,Mobile,+8550766570926
Mobitel-076-6570927,Mobile,+8550766570927
Mobitel-076-6570928,Mobile,+8550766570928
Mobitel-076-6570929,Mobile,+8550766570929
Mobitel-076-6570930,Mobile,+8550766570930
Mobitel-076-6570931,Mobile,+8550766570931
Mobitel-076-6570932,Mobile,+8550766570932
Mobitel-076-6570933,Mobile,+8550766570933
Mobitel-076-6570934,Mobile,+8550766570934
Mobitel-076-6570935,Mobile,+8550766570935
Mobitel-076-6570936,Mobile,+8550766570936
Mobitel-076-6570937,Mobile,+8550766570937
Mobitel-076-6570938,Mobile,+8550766570938
Mobitel-076-6570939,Mobile,+8550766570939
Mobitel-076-6570940,Mobile,+8550766570940
Mobitel-076-6570941,Mobile,+8550766570941
Mobitel-076-6570942,Mobile,+8550766570942
Mobitel-076-6570943,Mobile,+8550766570943
Mobitel-076-6570944,Mobile,+8550766570944
Mobitel-076-6570945,Mobile,+8550766570945
Mobitel-076-6570946,Mobile,+8550766570946
Mobitel-076-6570947,Mobile,+8550766570947
Mobitel-076-6570948,Mobile,+8550766570948
Mobitel-076-6570949,Mobile,+8550766570949
Mobitel-076-6570950,Mobile,+8550766570950
Mobitel-076-6570951,Mobile,+8550766570951
Mobitel-076-6570952,Mobile,+8550766570952
Mobitel-076-6570953,Mobile,+8550766570953
Mobitel-076-6570954,Mobile,+8550766570954
Mobitel-076-6570955,Mobile,+8550766570955
Mobitel-076-6570956,Mobile,+8550766570956
Mobitel-076-6570957,Mobile,+8550766570957
Mobitel-076-6570958,Mobile,+8550766570958
Mobitel-076-6570959,Mobile,+8550766570959
Mobitel-076-6570960,Mobile,+8550766570960
Mobitel-076-6570961,Mobile,+8550766570961
Mobitel-076-6570962,Mobile,+8550766570962
Mobitel-076-6570963,Mobile,+8550766570963
Mobitel-076-6570964,Mobile,+8550766570964
Mobitel-076-6570965,Mobile,+8550766570965
Mobitel-076-6570966,Mobile,+8550766570966
Mobitel-076-6570967,Mobile,+8550766570967
Mobitel-076-6570968,Mobile,+8550766570968
Mobitel-076-6570969,Mobile,+8550766570969
Mobitel-076-6570970,Mobile,+8550766570970
Mobitel-076-6570971,Mobile,+8550766570971
Mobitel-076-6570972,Mobile,+8550766570972
Mobitel-076-6570973,Mobile,+8550766570973
Mobitel-076-6570974,Mobile,+8550766570974
Mobitel-076-6570975,Mobile,+8550766570975
Mobitel-076-6570976,Mobile,+8550766570976
Mobitel-076-6570977,Mobile,+8550766570977
Mobitel-076-6570978,Mobile,+8550766570978
Mobitel-076-6570979,Mobile,+8550766570979
Mobitel-076-6570980,Mobile,+8550766570980
Mobitel-076-6570981,Mobile,+8550766570981
Mobitel-076-6570982,Mobile,+8550766570982
Mobitel-076-6570983,Mobile,+8550766570983
Mobitel-076-6570984,Mobile,+8550766570984
Mobitel-076-6570985,Mobile,+8550766570985
Mobitel-076-6570986,Mobile,+8550766570986
Mobitel-076-6570987,Mobile,+8550766570987
Mobitel-076-6570988,Mobile,+8550766570988
Mobitel-076-6570989,Mobile,+8550766570989
Mobitel-076-6570990,Mobile,+8550766570990
Mobitel-076-6570991,Mobile,+8550766570991
Mobitel-076-6570992,Mobile,+8550766570992
Mobitel-076-6570993,Mobile,+8550766570993
Mobitel-076-6570994,Mobile,+8550766570994
Mobitel-076-6570995,Mobile,+8550766570995
Mobitel-076-6570996,Mobile,+8550766570996
Mobitel-076-6570997,Mobile,+8550766570997
Mobitel-076-6570998,Mobile,+8550766570998
Mobitel-076-6570999,Mobile,+8550766570999
Mobitel-076-6571000,Mobile,+8550766571000
Mobitel-076-6571001,Mobile,+8550766571001
Mobitel-076-6571002,Mobile,+8550766571002
Mobitel-076-6571003,Mobile,+8550766571003
Mobitel-076-6571004,Mobile,+8550766571004
Mobitel-076-6571005,Mobile,+8550766571005
Mobitel-076-6571006,Mobile,+8550766571006
Mobitel-076-6571007,Mobile,+8550766571007
Mobitel-076-6571008,Mobile,+8550766571008
Mobitel-076-6571009,Mobile,+8550766571009
Mobitel-076-6571010,Mobile,+8550766571010
Mobitel-076-6571011,Mobile,+8550766571011
Mobitel-076-6571012,Mobile,+8550766571012
Mobitel-076-6571013,Mobile,+8550766571013
Mobitel-076-6571014,Mobile,+8550766571014
Mobitel-076-6571015,Mobile,+8550766571015
Mobitel-076-6571016,Mobile,+8550766571016
Mobitel-076-6571017,Mobile,+8550766571017
Mobitel-076-6571018,Mobile,+8550766571018
Mobitel-076-6571019,Mobile,+8550766571019
Mobitel-076-6571020,Mobile,+8550766571020
Mobitel-076-6571021,Mobile,+8550766571021
Mobitel-076-6571022,Mobile,+8550766571022
Mobitel-076-6571023,Mobile,+8550766571023
Mobitel-076-6571024,Mobile,+8550766571024
Mobitel-076-6571025,Mobile,+8550766571025
Mobitel-076-6571026,Mobile,+8550766571026
Mobitel-076-6571027,Mobile,+8550766571027
Mobitel-076-6571028,Mobile,+8550766571028
Mobitel-076-6571029,Mobile,+8550766571029
Mobitel-076-6571030,Mobile,+8550766571030
Mobitel-076-6571031,Mobile,+8550766571031
Mobitel-076-6571032,Mobile,+8550766571032
Mobitel-076-6571033,Mobile,+8550766571033
Mobitel-076-6571034,Mobile,+8550766571034
Mobitel-076-6571035,Mobile,+8550766571035
Mobitel-076-6571036,Mobile,+8550766571036
Mobitel-076-6571037,Mobile,+8550766571037
Mobitel-076-6571038,Mobile,+8550766571038
Mobitel-076-6571039,Mobile,+8550766571039
Mobitel-076-6571040,Mobile,+8550766571040
Mobitel-076-6571041,Mobile,+8550766571041
Mobitel-076-6571042,Mobile,+8550766571042
Mobitel-076-6571043,Mobile,+8550766571043
Mobitel-076-6571044,Mobile,+8550766571044
Mobitel-076-6571045,Mobile,+8550766571045
Mobitel-076-6571046,Mobile,+8550766571046
Mobitel-076-6571047,Mobile,+8550766571047
Mobitel-076-6571048,Mobile,+8550766571048
Mobitel-076-6571049,Mobile,+8550766571049
Mobitel-076-6571050,Mobile,+8550766571050
Mobitel-076-6571051,Mobile,+8550766571051
Mobitel-076-6571052,Mobile,+8550766571052
Mobitel-076-6571053,Mobile,+8550766571053
Mobitel-076-6571054,Mobile,+8550766571054
Mobitel-076-6571055,Mobile,+8550766571055
Mobitel-076-6571056,Mobile,+8550766571056
Mobitel-076-6571057,Mobile,+8550766571057
Mobitel-076-6571058,Mobile,+8550766571058
Mobitel-076-6571059,Mobile,+8550766571059
Mobitel-076-6571060,Mobile,+8550766571060
Mobitel-076-6571061,Mobile,+8550766571061
Mobitel-076-6571062,Mobile,+8550766571062
Mobitel-076-6571063,Mobile,+8550766571063
Mobitel-076-6571064,Mobile,+8550766571064
Mobitel-076-6571065,Mobile,+8550766571065
Mobitel-076-6571066,Mobile,+8550766571066
Mobitel-076-6571067,Mobile,+8550766571067
Mobitel-076-6571068,Mobile,+8550766571068
Mobitel-076-6571069,Mobile,+8550766571069
Mobitel-076-6571070,Mobile,+8550766571070
Mobitel-076-6571071,Mobile,+8550766571071
Mobitel-076-6571072,Mobile,+8550766571072
Mobitel-076-6571073,Mobile,+8550766571073
Mobitel-076-6571074,Mobile,+8550766571074
Mobitel-076-6571075,Mobile,+8550766571075
Mobitel-076-6571076,Mobile,+8550766571076
Mobitel-076-6571077,Mobile,+8550766571077
Mobitel-076-6571078,Mobile,+8550766571078
Mobitel-076-6571079,Mobile,+8550766571079
Mobitel-076-6571080,Mobile,+8550766571080
Mobitel-076-6571081,Mobile,+8550766571081
Mobitel-076-6571082,Mobile,+8550766571082
Mobitel-076-6571083,Mobile,+8550766571083
Mobitel-076-6571084,Mobile,+8550766571084
Mobitel-076-6571085,Mobile,+8550766571085
Mobitel-076-6571086,Mobile,+8550766571086
Mobitel-076-6571087,Mobile,+8550766571087
Mobitel-076-6571088,Mobile,+8550766571088
Mobitel-076-6571089,Mobile,+8550766571089
Mobitel-076-6571090,Mobile,+8550766571090
Mobitel-076-6571091,Mobile,+8550766571091
Mobitel-076-6571092,Mobile,+8550766571092
Mobitel-076-6571093,Mobile,+8550766571093
Mobitel-076-6571094,Mobile,+8550766571094
Mobitel-076-6571095,Mobile,+8550766571095
Mobitel-076-6571096,Mobile,+8550766571096
Mobitel-076-6571097,Mobile,+8550766571097
Mobitel-076-6571098,Mobile,+8550766571098
Mobitel-076-6571099,Mobile,+8550766571099
Mobitel-076-6571100,Mobile,+8550766571100
Mobitel-076-6571101,Mobile,+8550766571101
Mobitel-076-6571102,Mobile,+8550766571102
Mobitel-076-6571103,Mobile,+8550766571103
Mobitel-076-6571104,Mobile,+8550766571104
Mobitel-076-6571105,Mobile,+8550766571105
Mobitel-076-6571106,Mobile,+8550766571106
Mobitel-076-6571107,Mobile,+8550766571107
Mobitel-076-6571108,Mobile,+8550766571108
Mobitel-076-6571109,Mobile,+8550766571109
Mobitel-076-6571110,Mobile,+8550766571110
Mobitel-076-6571111,Mobile,+8550766571111
Mobitel-076-6571112,Mobile,+8550766571112
Mobitel-076-6571113,Mobile,+8550766571113
Mobitel-076-6571114,Mobile,+8550766571114
Mobitel-076-6571115,Mobile,+8550766571115
Mobitel-076-6571116,Mobile,+8550766571116
Mobitel-076-6571117,Mobile,+8550766571117
Mobitel-076-6571118,Mobile,+8550766571118
Mobitel-076-6571119,Mobile,+8550766571119
Mobitel-076-6571120,Mobile,+8550766571120
Mobitel-076-6571121,Mobile,+8550766571121
Mobitel-076-6571122,Mobile,+8550766571122
Mobitel-076-6571123,Mobile,+8550766571123
Mobitel-076-6571124,Mobile,+8550766571124
Mobitel-076-6571125,Mobile,+8550766571125
Mobitel-076-6571126,Mobile,+8550766571126
Mobitel-076-6571127,Mobile,+8550766571127
Mobitel-076-6571128,Mobile,+8550766571128
Mobitel-076-6571129,Mobile,+8550766571129
Mobitel-076-6571130,Mobile,+8550766571130
Mobitel-076-6571131,Mobile,+8550766571131
Mobitel-076-6571132,Mobile,+8550766571132
Mobitel-076-6571133,Mobile,+8550766571133
Mobitel-076-6571134,Mobile,+8550766571134
Mobitel-076-6571135,Mobile,+8550766571135
Mobitel-076-6571136,Mobile,+8550766571136
Mobitel-076-6571137,Mobile,+8550766571137
Mobitel-076-6571138,Mobile,+8550766571138
Mobitel-076-6571139,Mobile,+8550766571139
Mobitel-076-6571140,Mobile,+8550766571140
Mobitel-076-6571141,Mobile,+8550766571141
Mobitel-076-6571142,Mobile,+8550766571142
Mobitel-076-6571143,Mobile,+8550766571143
Mobitel-076-6571144,Mobile,+8550766571144
Mobitel-076-6571145,Mobile,+8550766571145
Mobitel-076-6571146,Mobile,+8550766571146
Mobitel-076-6571147,Mobile,+8550766571147
Mobitel-076-6571148,Mobile,+8550766571148
Mobitel-076-6571149,Mobile,+8550766571149
Mobitel-076-6571150,Mobile,+8550766571150
Mobitel-076-6571151,Mobile,+8550766571151
Mobitel-076-6571152,Mobile,+8550766571152
Mobitel-076-6571153,Mobile,+8550766571153
Mobitel-076-6571154,Mobile,+8550766571154
Mobitel-076-6571155,Mobile,+8550766571155
Mobitel-076-6571156,Mobile,+8550766571156
Mobitel-076-6571157,Mobile,+8550766571157
Mobitel-076-6571158,Mobile,+8550766571158
Mobitel-076-6571159,Mobile,+8550766571159
Mobitel-076-6571160,Mobile,+8550766571160
Mobitel-076-6571161,Mobile,+8550766571161
Mobitel-076-6571162,Mobile,+8550766571162
Mobitel-076-6571163,Mobile,+8550766571163
Mobitel-076-6571164,Mobile,+8550766571164
Mobitel-076-6571165,Mobile,+8550766571165
Mobitel-076-6571166,Mobile,+8550766571166
Mobitel-076-6571167,Mobile,+8550766571167
Mobitel-076-6571168,Mobile,+8550766571168
Mobitel-076-6571169,Mobile,+8550766571169
Mobitel-076-6571170,Mobile,+8550766571170
Mobitel-076-6571171,Mobile,+8550766571171
Mobitel-076-6571172,Mobile,+8550766571172
Mobitel-076-6571173,Mobile,+8550766571173
Mobitel-076-6571174,Mobile,+8550766571174
Mobitel-076-6571175,Mobile,+8550766571175
Mobitel-076-6571176,Mobile,+8550766571176
Mobitel-076-6571177,Mobile,+8550766571177
Mobitel-076-6571178,Mobile,+8550766571178
Mobitel-076-6571179,Mobile,+8550766571179
Mobitel-076-6571180,Mobile,+8550766571180
Mobitel-076-6571181,Mobile,+8550766571181
Mobitel-076-6571182,Mobile,+8550766571182
Mobitel-076-6571183,Mobile,+8550766571183
Mobitel-076-6571184,Mobile,+8550766571184
Mobitel-076-6571185,Mobile,+8550766571185
Mobitel-076-6571186,Mobile,+8550766571186
Mobitel-076-6571187,Mobile,+8550766571187
Mobitel-076-6571188,Mobile,+8550766571188
Mobitel-076-6571189,Mobile,+8550766571189
Mobitel-076-6571190,Mobile,+8550766571190
Mobitel-076-6571191,Mobile,+8550766571191
Mobitel-076-6571192,Mobile,+8550766571192
Mobitel-076-6571193,Mobile,+8550766571193
Mobitel-076-6571194,Mobile,+8550766571194
Mobitel-076-6571195,Mobile,+8550766571195
Mobitel-076-6571196,Mobile,+8550766571196
Mobitel-076-6571197,Mobile,+8550766571197
Mobitel-076-6571198,Mobile,+8550766571198
Mobitel-076-6571199,Mobile,+8550766571199
Mobitel-076-6571200,Mobile,+8550766571200
Mobitel-076-6571201,Mobile,+8550766571201
Mobitel-076-6571202,Mobile,+8550766571202
Mobitel-076-6571203,Mobile,+8550766571203
Mobitel-076-6571204,Mobile,+8550766571204
Mobitel-076-6571205,Mobile,+8550766571205
Mobitel-076-6571206,Mobile,+8550766571206
Mobitel-076-6571207,Mobile,+8550766571207
Mobitel-076-6571208,Mobile,+8550766571208
Mobitel-076-6571209,Mobile,+8550766571209
Mobitel-076-6571210,Mobile,+8550766571210
Mobitel-076-6571211,Mobile,+8550766571211
Mobitel-076-6571212,Mobile,+8550766571212
Mobitel-076-6571213,Mobile,+8550766571213
Mobitel-076-6571214,Mobile,+8550766571214
Mobitel-076-6571215,Mobile,+8550766571215
Mobitel-076-6571216,Mobile,+8550766571216
Mobitel-076-6571217,Mobile,+8550766571217
Mobitel-076-6571218,Mobile,+8550766571218
Mobitel-076-6571219,Mobile,+8550766571219
Mobitel-076-6571220,Mobile,+8550766571220
Mobitel-076-6571221,Mobile,+8550766571221
Mobitel-076-6571222,Mobile,+8550766571222
Mobitel-076-6571223,Mobile,+8550766571223
Mobitel-076-6571224,Mobile,+8550766571224
Mobitel-076-6571225,Mobile,+8550766571225
Mobitel-076-6571226,Mobile,+8550766571226
Mobitel-076-6571227,Mobile,+8550766571227
Mobitel-076-6571228,Mobile,+8550766571228
Mobitel-076-6571229,Mobile,+8550766571229
Mobitel-076-6571230,Mobile,+8550766571230
Mobitel-076-6571231,Mobile,+8550766571231
Mobitel-076-6571232,Mobile,+8550766571232
Mobitel-076-6571233,Mobile,+8550766571233
Mobitel-076-6571234,Mobile,+8550766571234
Mobitel-076-6571235,Mobile,+8550766571235
Mobitel-076-6571236,Mobile,+8550766571236
Mobitel-076-6571237,Mobile,+8550766571237
Mobitel-076-6571238,Mobile,+8550766571238
Mobitel-076-6571239,Mobile,+8550766571239
Mobitel-076-6571240,Mobile,+8550766571240
Mobitel-076-6571241,Mobile,+8550766571241
Mobitel-076-6571242,Mobile,+8550766571242
Mobitel-076-6571243,Mobile,+8550766571243
Mobitel-076-6571244,Mobile,+8550766571244
Mobitel-076-6571245,Mobile,+8550766571245
Mobitel-076-6571246,Mobile,+8550766571246
Mobitel-076-6571247,Mobile,+8550766571247
Mobitel-076-6571248,Mobile,+8550766571248
Mobitel-076-6571249,Mobile,+8550766571249
Mobitel-076-6571250,Mobile,+8550766571250
Mobitel-076-6571251,Mobile,+8550766571251
Mobitel-076-6571252,Mobile,+8550766571252
Mobitel-076-6571253,Mobile,+8550766571253
Mobitel-076-6571254,Mobile,+8550766571254
Mobitel-076-6571255,Mobile,+8550766571255
Mobitel-076-6571256,Mobile,+8550766571256
Mobitel-076-6571257,Mobile,+8550766571257
Mobitel-076-6571258,Mobile,+8550766571258
Mobitel-076-6571259,Mobile,+8550766571259
Mobitel-076-6571260,Mobile,+8550766571260
Mobitel-076-6571261,Mobile,+8550766571261
Mobitel-076-6571262,Mobile,+8550766571262
Mobitel-076-6571263,Mobile,+8550766571263
Mobitel-076-6571264,Mobile,+8550766571264
Mobitel-076-6571265,Mobile,+8550766571265
Mobitel-076-6571266,Mobile,+8550766571266
Mobitel-076-6571267,Mobile,+8550766571267
Mobitel-076-6571268,Mobile,+8550766571268
Mobitel-076-6571269,Mobile,+8550766571269
Mobitel-076-6571270,Mobile,+8550766571270
Mobitel-076-6571271,Mobile,+8550766571271
Mobitel-076-6571272,Mobile,+8550766571272
Mobitel-076-6571273,Mobile,+8550766571273
Mobitel-076-6571274,Mobile,+8550766571274
Mobitel-076-6571275,Mobile,+8550766571275
Mobitel-076-6571276,Mobile,+8550766571276
Mobitel-076-6571277,Mobile,+8550766571277
Mobitel-076-6571278,Mobile,+8550766571278
Mobitel-076-6571279,Mobile,+8550766571279
Mobitel-076-6571280,Mobile,+8550766571280
Mobitel-076-6571281,Mobile,+8550766571281
Mobitel-076-6571282,Mobile,+8550766571282
Mobitel-076-6571283,Mobile,+8550766571283
Mobitel-076-6571284,Mobile,+8550766571284
Mobitel-076-6571285,Mobile,+8550766571285
Mobitel-076-6571286,Mobile,+8550766571286
Mobitel-076-6571287,Mobile,+8550766571287
Mobitel-076-6571288,Mobile,+8550766571288
Mobitel-076-6571289,Mobile,+8550766571289
Mobitel-076-6571290,Mobile,+8550766571290
Mobitel-076-6571291,Mobile,+8550766571291
Mobitel-076-6571292,Mobile,+8550766571292
Mobitel-076-6571293,Mobile,+8550766571293
Mobitel-076-6571294,Mobile,+8550766571294
Mobitel-076-6571295,Mobile,+8550766571295
Mobitel-076-6571296,Mobile,+8550766571296
Mobitel-076-6571297,Mobile,+8550766571297
Mobitel-076-6571298,Mobile,+8550766571298
Mobitel-076-6571299,Mobile,+8550766571299
Mobitel-076-6571300,Mobile,+8550766571300
Mobitel-076-6571301,Mobile,+8550766571301
Mobitel-076-6571302,Mobile,+8550766571302
Mobitel-076-6571303,Mobile,+8550766571303
Mobitel-076-6571304,Mobile,+8550766571304
Mobitel-076-6571305,Mobile,+8550766571305
Mobitel-076-6571306,Mobile,+8550766571306
Mobitel-076-6571307,Mobile,+8550766571307
Mobitel-076-6571308,Mobile,+8550766571308
Mobitel-076-6571309,Mobile,+8550766571309
Mobitel-076-6571310,Mobile,+8550766571310
Mobitel-076-6571311,Mobile,+8550766571311
Mobitel-076-6571312,Mobile,+8550766571312
Mobitel-076-6571313,Mobile,+8550766571313
Mobitel-076-6571314,Mobile,+8550766571314
Mobitel-076-6571315,Mobile,+8550766571315
Mobitel-076-6571316,Mobile,+8550766571316
Mobitel-076-6571317,Mobile,+8550766571317
Mobitel-076-6571318,Mobile,+8550766571318
Mobitel-076-6571319,Mobile,+8550766571319
Mobitel-076-6571320,Mobile,+8550766571320
Mobitel-076-6571321,Mobile,+8550766571321
Mobitel-076-6571322,Mobile,+8550766571322
Mobitel-076-6571323,Mobile,+8550766571323
Mobitel-076-6571324,Mobile,+8550766571324
Mobitel-076-6571325,Mobile,+8550766571325
Mobitel-076-6571326,Mobile,+8550766571326
Mobitel-076-6571327,Mobile,+8550766571327
Mobitel-076-6571328,Mobile,+8550766571328
Mobitel-076-6571329,Mobile,+8550766571329
Mobitel-076-6571330,Mobile,+8550766571330
Mobitel-076-6571331,Mobile,+8550766571331
Mobitel-076-6571332,Mobile,+8550766571332
Mobitel-076-6571333,Mobile,+8550766571333
Mobitel-076-6571334,Mobile,+8550766571334
Mobitel-076-6571335,Mobile,+8550766571335
Mobitel-076-6571336,Mobile,+8550766571336
Mobitel-076-6571337,Mobile,+8550766571337
Mobitel-076-6571338,Mobile,+8550766571338
Mobitel-076-6571339,Mobile,+8550766571339
Mobitel-076-6571340,Mobile,+8550766571340
Mobitel-076-6571341,Mobile,+8550766571341
Mobitel-076-6571342,Mobile,+8550766571342
Mobitel-076-6571343,Mobile,+8550766571343
Mobitel-076-6571344,Mobile,+8550766571344
Mobitel-076-6571345,Mobile,+8550766571345
Mobitel-076-6571346,Mobile,+8550766571346
Mobitel-076-6571347,Mobile,+8550766571347
Mobitel-076-6571348,Mobile,+8550766571348
Mobitel-076-6571349,Mobile,+8550766571349
Mobitel-076-6571350,Mobile,+8550766571350
Mobitel-076-6571351,Mobile,+8550766571351
Mobitel-076-6571352,Mobile,+8550766571352
Mobitel-076-6571353,Mobile,+8550766571353
Mobitel-076-6571354,Mobile,+8550766571354
Mobitel-076-6571355,Mobile,+8550766571355
Mobitel-076-6571356,Mobile,+8550766571356
Mobitel-076-6571357,Mobile,+8550766571357
Mobitel-076-6571358,Mobile,+8550766571358
Mobitel-076-6571359,Mobile,+8550766571359
Mobitel-076-6571360,Mobile,+8550766571360
Mobitel-076-6571361,Mobile,+8550766571361
Mobitel-076-6571362,Mobile,+8550766571362
Mobitel-076-6571363,Mobile,+8550766571363
Mobitel-076-6571364,Mobile,+8550766571364
Mobitel-076-6571365,Mobile,+8550766571365
Mobitel-076-6571366,Mobile,+8550766571366
Mobitel-076-6571367,Mobile,+8550766571367
Mobitel-076-6571368,Mobile,+8550766571368
Mobitel-076-6571369,Mobile,+8550766571369
Mobitel-076-6571370,Mobile,+8550766571370
Mobitel-076-6571371,Mobile,+8550766571371
Mobitel-076-6571372,Mobile,+8550766571372
Mobitel-076-6571373,Mobile,+8550766571373
Mobitel-076-6571374,Mobile,+8550766571374
Mobitel-076-6571375,Mobile,+8550766571375
Mobitel-076-6571376,Mobile,+8550766571376
Mobitel-076-6571377,Mobile,+8550766571377
Mobitel-076-6571378,Mobile,+8550766571378
Mobitel-076-6571379,Mobile,+8550766571379
Mobitel-076-6571380,Mobile,+8550766571380
Mobitel-076-6571381,Mobile,+8550766571381
Mobitel-076-6571382,Mobile,+8550766571382
Mobitel-076-6571383,Mobile,+8550766571383
Mobitel-076-6571384,Mobile,+8550766571384
Mobitel-076-6571385,Mobile,+8550766571385
Mobitel-076-6571386,Mobile,+8550766571386
Mobitel-076-6571387,Mobile,+8550766571387
Mobitel-076-6571388,Mobile,+8550766571388
Mobitel-076-6571389,Mobile,+8550766571389
Mobitel-076-6571390,Mobile,+8550766571390
Mobitel-076-6571391,Mobile,+8550766571391
Mobitel-076-6571392,Mobile,+8550766571392
Mobitel-076-6571393,Mobile,+8550766571393
Mobitel-076-6571394,Mobile,+8550766571394
Mobitel-076-6571395,Mobile,+8550766571395
Mobitel-076-6571396,Mobile,+8550766571396
Mobitel-076-6571397,Mobile,+8550766571397
Mobitel-076-6571398,Mobile,+8550766571398
Mobitel-076-6571399,Mobile,+8550766571399
Mobitel-076-6571400,Mobile,+8550766571400
Mobitel-076-6571401,Mobile,+8550766571401
Mobitel-076-6571402,Mobile,+8550766571402
Mobitel-076-6571403,Mobile,+8550766571403
Mobitel-076-6571404,Mobile,+8550766571404
Mobitel-076-6571405,Mobile,+8550766571405
Mobitel-076-6571406,Mobile,+8550766571406
Mobitel-076-6571407,Mobile,+8550766571407
Mobitel-076-6571408,Mobile,+8550766571408
Mobitel-076-6571409,Mobile,+8550766571409
Mobitel-076-6571410,Mobile,+8550766571410
Mobitel-076-6571411,Mobile,+8550766571411
Mobitel-076-6571412,Mobile,+8550766571412
Mobitel-076-6571413,Mobile,+8550766571413
Mobitel-076-6571414,Mobile,+8550766571414
Mobitel-076-6571415,Mobile,+8550766571415
Mobitel-076-6571416,Mobile,+8550766571416
Mobitel-076-6571417,Mobile,+8550766571417
Mobitel-076-6571418,Mobile,+8550766571418
Mobitel-076-6571419,Mobile,+8550766571419
Mobitel-076-6571420,Mobile,+8550766571420
Mobitel-076-6571421,Mobile,+8550766571421
Mobitel-076-6571422,Mobile,+8550766571422
Mobitel-076-6571423,Mobile,+8550766571423
Mobitel-076-6571424,Mobile,+8550766571424
Mobitel-076-6571425,Mobile,+8550766571425
Mobitel-076-6571426,Mobile,+8550766571426
Mobitel-076-6571427,Mobile,+8550766571427
Mobitel-076-6571428,Mobile,+8550766571428
Mobitel-076-6571429,Mobile,+8550766571429
Mobitel-076-6571430,Mobile,+8550766571430
Mobitel-076-6571431,Mobile,+8550766571431
Mobitel-076-6571432,Mobile,+8550766571432
Mobitel-076-6571433,Mobile,+8550766571433
Mobitel-076-6571434,Mobile,+8550766571434
Mobitel-076-6571435,Mobile,+8550766571435
Mobitel-076-6571436,Mobile,+8550766571436
Mobitel-076-6571437,Mobile,+8550766571437
Mobitel-076-6571438,Mobile,+8550766571438
Mobitel-076-6571439,Mobile,+8550766571439
Mobitel-076-6571440,Mobile,+8550766571440
Mobitel-076-6571441,Mobile,+8550766571441
Mobitel-076-6571442,Mobile,+8550766571442
Mobitel-076-6571443,Mobile,+8550766571443
Mobitel-076-6571444,Mobile,+8550766571444
Mobitel-076-6571445,Mobile,+8550766571445
Mobitel-076-6571446,Mobile,+8550766571446
Mobitel-076-6571447,Mobile,+8550766571447
Mobitel-076-6571448,Mobile,+8550766571448
Mobitel-076-6571449,Mobile,+8550766571449
Mobitel-076-6571450,Mobile,+8550766571450
Mobitel-076-6571451,Mobile,+8550766571451
Mobitel-076-6571452,Mobile,+8550766571452
Mobitel-076-6571453,Mobile,+8550766571453
Mobitel-076-6571454,Mobile,+8550766571454
Mobitel-076-6571455,Mobile,+8550766571455
Mobitel-076-6571456,Mobile,+8550766571456
Mobitel-076-6571457,Mobile,+8550766571457
Mobitel-076-6571458,Mobile,+8550766571458
Mobitel-076-6571459,Mobile,+8550766571459
Mobitel-076-6571460,Mobile,+8550766571460
Mobitel-076-6571461,Mobile,+8550766571461
Mobitel-076-6571462,Mobile,+8550766571462
Mobitel-076-6571463,Mobile,+8550766571463
Mobitel-076-6571464,Mobile,+8550766571464
Mobitel-076-6571465,Mobile,+8550766571465
Mobitel-076-6571466,Mobile,+8550766571466
Mobitel-076-6571467,Mobile,+8550766571467
Mobitel-076-6571468,Mobile,+8550766571468
Mobitel-076-6571469,Mobile,+8550766571469
Mobitel-076-6571470,Mobile,+8550766571470
Mobitel-076-6571471,Mobile,+8550766571471
Mobitel-076-6571472,Mobile,+8550766571472
Mobitel-076-6571473,Mobile,+8550766571473
Mobitel-076-6571474,Mobile,+8550766571474
Mobitel-076-6571475,Mobile,+8550766571475
Mobitel-076-6571476,Mobile,+8550766571476
Mobitel-076-6571477,Mobile,+8550766571477
Mobitel-076-6571478,Mobile,+8550766571478
Mobitel-076-6571479,Mobile,+8550766571479
Mobitel-076-6571480,Mobile,+8550766571480
Mobitel-076-6571481,Mobile,+8550766571481
Mobitel-076-6571482,Mobile,+8550766571482
Mobitel-076-6571483,Mobile,+8550766571483
Mobitel-076-6571484,Mobile,+8550766571484
Mobitel-076-6571485,Mobile,+8550766571485
Mobitel-076-6571486,Mobile,+8550766571486
Mobitel-076-6571487,Mobile,+8550766571487
Mobitel-076-6571488,Mobile,+8550766571488
Mobitel-076-6571489,Mobile,+8550766571489
Mobitel-076-6571490,Mobile,+8550766571490
Mobitel-076-6571491,Mobile,+8550766571491
Mobitel-076-6571492,Mobile,+8550766571492
Mobitel-076-6571493,Mobile,+8550766571493
Mobitel-076-6571494,Mobile,+8550766571494
Mobitel-076-6571495,Mobile,+8550766571495
Mobitel-076-6571496,Mobile,+8550766571496
Mobitel-076-6571497,Mobile,+8550766571497
Mobitel-076-6571498,Mobile,+8550766571498
Mobitel-076-6571499,Mobile,+8550766571499
Mobitel-076-6571500,Mobile,+8550766571500
Mobitel-076-6571501,Mobile,+8550766571501
Mobitel-076-6571502,Mobile,+8550766571502
Mobitel-076-6571503,Mobile,+8550766571503
Mobitel-076-6571504,Mobile,+8550766571504
Mobitel-076-6571505,Mobile,+8550766571505
Mobitel-076-6571506,Mobile,+8550766571506
Mobitel-076-6571507,Mobile,+8550766571507
Mobitel-076-6571508,Mobile,+8550766571508
Mobitel-076-6571509,Mobile,+8550766571509
Mobitel-076-6571510,Mobile,+8550766571510
Mobitel-076-6571511,Mobile,+8550766571511
Mobitel-076-6571512,Mobile,+8550766571512
Mobitel-076-6571513,Mobile,+8550766571513
Mobitel-076-6571514,Mobile,+8550766571514
Mobitel-076-6571515,Mobile,+8550766571515
Mobitel-076-6571516,Mobile,+8550766571516
Mobitel-076-6571517,Mobile,+8550766571517
Mobitel-076-6571518,Mobile,+8550766571518
Mobitel-076-6571519,Mobile,+8550766571519
Mobitel-076-6571520,Mobile,+8550766571520
Mobitel-076-6571521,Mobile,+8550766571521
Mobitel-076-6571522,Mobile,+8550766571522
Mobitel-076-6571523,Mobile,+8550766571523
Mobitel-076-6571524,Mobile,+8550766571524
Mobitel-076-6571525,Mobile,+8550766571525
Mobitel-076-6571526,Mobile,+8550766571526
Mobitel-076-6571527,Mobile,+8550766571527
Mobitel-076-6571528,Mobile,+8550766571528
Mobitel-076-6571529,Mobile,+8550766571529
Mobitel-076-6571530,Mobile,+8550766571530
Mobitel-076-6571531,Mobile,+8550766571531
Mobitel-076-6571532,Mobile,+8550766571532
Mobitel-076-6571533,Mobile,+8550766571533
Mobitel-076-6571534,Mobile,+8550766571534
Mobitel-076-6571535,Mobile,+8550766571535
Mobitel-076-6571536,Mobile,+8550766571536
Mobitel-076-6571537,Mobile,+8550766571537
Mobitel-076-6571538,Mobile,+8550766571538
Mobitel-076-6571539,Mobile,+8550766571539
Mobitel-076-6571540,Mobile,+8550766571540
Mobitel-076-6571541,Mobile,+8550766571541
Mobitel-076-6571542,Mobile,+8550766571542
Mobitel-076-6571543,Mobile,+8550766571543
Mobitel-076-6571544,Mobile,+8550766571544
Mobitel-076-6571545,Mobile,+8550766571545
Mobitel-076-6571546,Mobile,+8550766571546
Mobitel-076-6571547,Mobile,+8550766571547
Mobitel-076-6571548,Mobile,+8550766571548
Mobitel-076-6571549,Mobile,+8550766571549
Mobitel-076-6571550,Mobile,+8550766571550
Mobitel-076-6571551,Mobile,+8550766571551
Mobitel-076-6571552,Mobile,+8550766571552
Mobitel-076-6571553,Mobile,+8550766571553
Mobitel-076-6571554,Mobile,+8550766571554
Mobitel-076-6571555,Mobile,+8550766571555
Mobitel-076-6571556,Mobile,+8550766571556
Mobitel-076-6571557,Mobile,+8550766571557
Mobitel-076-6571558,Mobile,+8550766571558
Mobitel-076-6571559,Mobile,+8550766571559
Mobitel-076-6571560,Mobile,+8550766571560
Mobitel-076-6571561,Mobile,+8550766571561
Mobitel-076-6571562,Mobile,+8550766571562
Mobitel-076-6571563,Mobile,+8550766571563
Mobitel-076-6571564,Mobile,+8550766571564
Mobitel-076-6571565,Mobile,+8550766571565
Mobitel-076-6571566,Mobile,+8550766571566
Mobitel-076-6571567,Mobile,+8550766571567
Mobitel-076-6571568,Mobile,+8550766571568
Mobitel-076-6571569,Mobile,+8550766571569
Mobitel-076-6571570,Mobile,+8550766571570
Mobitel-076-6571571,Mobile,+8550766571571
Mobitel-076-6571572,Mobile,+8550766571572
Mobitel-076-6571573,Mobile,+8550766571573
Mobitel-076-6571574,Mobile,+8550766571574
Mobitel-076-6571575,Mobile,+8550766571575
Mobitel-076-6571576,Mobile,+8550766571576
Mobitel-076-6571577,Mobile,+8550766571577
Mobitel-076-6571578,Mobile,+8550766571578
Mobitel-076-6571579,Mobile,+8550766571579
Mobitel-076-6571580,Mobile,+8550766571580
Mobitel-076-6571581,Mobile,+8550766571581
Mobitel-076-6571582,Mobile,+8550766571582
Mobitel-076-6571583,Mobile,+8550766571583
Mobitel-076-6571584,Mobile,+8550766571584
Mobitel-076-6571585,Mobile,+8550766571585
Mobitel-076-6571586,Mobile,+8550766571586
Mobitel-076-6571587,Mobile,+8550766571587
Mobitel-076-6571588,Mobile,+8550766571588
Mobitel-076-6571589,Mobile,+8550766571589
Mobitel-076-6571590,Mobile,+8550766571590
Mobitel-076-6571591,Mobile,+8550766571591
Mobitel-076-6571592,Mobile,+8550766571592
Mobitel-076-6571593,Mobile,+8550766571593
Mobitel-076-6571594,Mobile,+8550766571594
Mobitel-076-6571595,Mobile,+8550766571595
Mobitel-076-6571596,Mobile,+8550766571596
Mobitel-076-6571597,Mobile,+8550766571597
Mobitel-076-6571598,Mobile,+8550766571598
Mobitel-076-6571599,Mobile,+8550766571599
Mobitel-076-6571600,Mobile,+8550766571600
Mobitel-076-6571601,Mobile,+8550766571601
Mobitel-076-6571602,Mobile,+8550766571602
Mobitel-076-6571603,Mobile,+8550766571603
Mobitel-076-6571604,Mobile,+8550766571604
Mobitel-076-6571605,Mobile,+8550766571605
Mobitel-076-6571606,Mobile,+8550766571606
Mobitel-076-6571607,Mobile,+8550766571607
Mobitel-076-6571608,Mobile,+8550766571608
Mobitel-076-6571609,Mobile,+8550766571609
Mobitel-076-6571610,Mobile,+8550766571610
Mobitel-076-6571611,Mobile,+8550766571611
Mobitel-076-6571612,Mobile,+8550766571612
Mobitel-076-6571613,Mobile,+8550766571613
Mobitel-076-6571614,Mobile,+8550766571614
Mobitel-076-6571615,Mobile,+8550766571615
Mobitel-076-6571616,Mobile,+8550766571616
Mobitel-076-6571617,Mobile,+8550766571617
Mobitel-076-6571618,Mobile,+8550766571618
Mobitel-076-6571619,Mobile,+8550766571619
Mobitel-076-6571620,Mobile,+8550766571620
Mobitel-076-6571621,Mobile,+8550766571621
Mobitel-076-6571622,Mobile,+8550766571622
Mobitel-076-6571623,Mobile,+8550766571623
Mobitel-076-6571624,Mobile,+8550766571624
Mobitel-076-6571625,Mobile,+8550766571625
Mobitel-076-6571626,Mobile,+8550766571626
Mobitel-076-6571627,Mobile,+8550766571627
Mobitel-076-6571628,Mobile,+8550766571628
Mobitel-076-6571629,Mobile,+8550766571629
Mobitel-076-6571630,Mobile,+8550766571630
Mobitel-076-6571631,Mobile,+8550766571631
Mobitel-076-6571632,Mobile,+8550766571632
Mobitel-076-6571633,Mobile,+8550766571633
Mobitel-076-6571634,Mobile,+8550766571634
Mobitel-076-6571635,Mobile,+8550766571635
Mobitel-076-6571636,Mobile,+8550766571636
Mobitel-076-6571637,Mobile,+8550766571637
Mobitel-076-6571638,Mobile,+8550766571638
Mobitel-076-6571639,Mobile,+8550766571639
Mobitel-076-6571640,Mobile,+8550766571640
Mobitel-076-6571641,Mobile,+8550766571641
Mobitel-076-6571642,Mobile,+8550766571642
Mobitel-076-6571643,Mobile,+8550766571643
Mobitel-076-6571644,Mobile,+8550766571644
Mobitel-076-6571645,Mobile,+8550766571645
Mobitel-076-6571646,Mobile,+8550766571646
Mobitel-076-6571647,Mobile,+8550766571647
Mobitel-076-6571648,Mobile,+8550766571648
Mobitel-076-6571649,Mobile,+8550766571649
Mobitel-076-6571650,Mobile,+8550766571650
Mobitel-076-6571651,Mobile,+8550766571651
Mobitel-076-6571652,Mobile,+8550766571652
Mobitel-076-6571653,Mobile,+8550766571653
Mobitel-076-6571654,Mobile,+8550766571654
Mobitel-076-6571655,Mobile,+8550766571655
Mobitel-076-6571656,Mobile,+8550766571656
Mobitel-076-6571657,Mobile,+8550766571657
Mobitel-076-6571658,Mobile,+8550766571658
Mobitel-076-6571659,Mobile,+8550766571659
Mobitel-076-6571660,Mobile,+8550766571660
Mobitel-076-6571661,Mobile,+8550766571661
Mobitel-076-6571662,Mobile,+8550766571662
Mobitel-076-6571663,Mobile,+8550766571663
Mobitel-076-6571664,Mobile,+8550766571664
Mobitel-076-6571665,Mobile,+8550766571665
Mobitel-076-6571666,Mobile,+8550766571666
Mobitel-076-6571667,Mobile,+8550766571667
Mobitel-076-6571668,Mobile,+8550766571668
Mobitel-076-6571669,Mobile,+8550766571669
Mobitel-076-6571670,Mobile,+8550766571670
Mobitel-076-6571671,Mobile,+8550766571671
Mobitel-076-6571672,Mobile,+8550766571672
Mobitel-076-6571673,Mobile,+8550766571673
Mobitel-076-6571674,Mobile,+8550766571674
Mobitel-076-6571675,Mobile,+8550766571675
Mobitel-076-6571676,Mobile,+8550766571676
Mobitel-076-6571677,Mobile,+8550766571677
Mobitel-076-6571678,Mobile,+8550766571678
Mobitel-076-6571679,Mobile,+8550766571679
Mobitel-076-6571680,Mobile,+8550766571680
Mobitel-076-6571681,Mobile,+8550766571681
Mobitel-076-6571682,Mobile,+8550766571682
Mobitel-076-6571683,Mobile,+8550766571683
Mobitel-076-6571684,Mobile,+8550766571684
Mobitel-076-6571685,Mobile,+8550766571685
Mobitel-076-6571686,Mobile,+8550766571686
Mobitel-076-6571687,Mobile,+8550766571687
Mobitel-076-6571688,Mobile,+8550766571688
Mobitel-076-6571689,Mobile,+8550766571689
Mobitel-076-6571690,Mobile,+8550766571690
Mobitel-076-6571691,Mobile,+8550766571691
Mobitel-076-6571692,Mobile,+8550766571692
Mobitel-076-6571693,Mobile,+8550766571693
Mobitel-076-6571694,Mobile,+8550766571694
Mobitel-076-6571695,Mobile,+8550766571695
Mobitel-076-6571696,Mobile,+8550766571696
Mobitel-076-6571697,Mobile,+8550766571697
Mobitel-076-6571698,Mobile,+8550766571698
Mobitel-076-6571699,Mobile,+8550766571699
Mobitel-076-6571700,Mobile,+8550766571700
Mobitel-076-6571701,Mobile,+8550766571701
Mobitel-076-6571702,Mobile,+8550766571702
Mobitel-076-6571703,Mobile,+8550766571703
Mobitel-076-6571704,Mobile,+8550766571704
Mobitel-076-6571705,Mobile,+8550766571705
Mobitel-076-6571706,Mobile,+8550766571706
Mobitel-076-6571707,Mobile,+8550766571707
Mobitel-076-6571708,Mobile,+8550766571708
Mobitel-076-6571709,Mobile,+8550766571709
Mobitel-076-6571710,Mobile,+8550766571710
Mobitel-076-6571711,Mobile,+8550766571711
Mobitel-076-6571712,Mobile,+8550766571712
Mobitel-076-6571713,Mobile,+8550766571713
Mobitel-076-6571714,Mobile,+8550766571714
Mobitel-076-6571715,Mobile,+8550766571715
Mobitel-076-6571716,Mobile,+8550766571716
Mobitel-076-6571717,Mobile,+8550766571717
Mobitel-076-6571718,Mobile,+8550766571718
Mobitel-076-6571719,Mobile,+8550766571719
Mobitel-076-6571720,Mobile,+8550766571720
Mobitel-076-6571721,Mobile,+8550766571721
Mobitel-076-6571722,Mobile,+8550766571722
Mobitel-076-6571723,Mobile,+8550766571723
Mobitel-076-6571724,Mobile,+8550766571724
Mobitel-076-6571725,Mobile,+8550766571725
Mobitel-076-6571726,Mobile,+8550766571726
Mobitel-076-6571727,Mobile,+8550766571727
Mobitel-076-6571728,Mobile,+8550766571728
Mobitel-076-6571729,Mobile,+8550766571729
Mobitel-076-6571730,Mobile,+8550766571730
Mobitel-076-6571731,Mobile,+8550766571731
Mobitel-076-6571732,Mobile,+8550766571732
Mobitel-076-6571733,Mobile,+8550766571733
Mobitel-076-6571734,Mobile,+8550766571734
Mobitel-076-6571735,Mobile,+8550766571735
Mobitel-076-6571736,Mobile,+8550766571736
Mobitel-076-6571737,Mobile,+8550766571737
Mobitel-076-6571738,Mobile,+8550766571738
Mobitel-076-6571739,Mobile,+8550766571739
Mobitel-076-6571740,Mobile,+8550766571740
Mobitel-076-6571741,Mobile,+8550766571741
Mobitel-076-6571742,Mobile,+8550766571742
Mobitel-076-6571743,Mobile,+8550766571743
Mobitel-076-6571744,Mobile,+8550766571744
Mobitel-076-6571745,Mobile,+8550766571745
Mobitel-076-6571746,Mobile,+8550766571746
Mobitel-076-6571747,Mobile,+8550766571747
Mobitel-076-6571748,Mobile,+8550766571748
Mobitel-076-6571749,Mobile,+8550766571749
Mobitel-076-6571750,Mobile,+8550766571750
Mobitel-076-6571751,Mobile,+8550766571751
Mobitel-076-6571752,Mobile,+8550766571752
Mobitel-076-6571753,Mobile,+8550766571753
Mobitel-076-6571754,Mobile,+8550766571754
Mobitel-076-6571755,Mobile,+8550766571755
Mobitel-076-6571756,Mobile,+8550766571756
Mobitel-076-6571757,Mobile,+8550766571757
Mobitel-076-6571758,Mobile,+8550766571758
Mobitel-076-6571759,Mobile,+8550766571759
Mobitel-076-6571760,Mobile,+8550766571760
Mobitel-076-6571761,Mobile,+8550766571761
Mobitel-076-6571762,Mobile,+8550766571762
Mobitel-076-6571763,Mobile,+8550766571763
Mobitel-076-6571764,Mobile,+8550766571764
Mobitel-076-6571765,Mobile,+8550766571765
Mobitel-076-6571766,Mobile,+8550766571766
Mobitel-076-6571767,Mobile,+8550766571767
Mobitel-076-6571768,Mobile,+8550766571768
Mobitel-076-6571769,Mobile,+8550766571769
Mobitel-076-6571770,Mobile,+8550766571770
Mobitel-076-6571771,Mobile,+8550766571771
Mobitel-076-6571772,Mobile,+8550766571772
Mobitel-076-6571773,Mobile,+8550766571773
Mobitel-076-6571774,Mobile,+8550766571774
Mobitel-076-6571775,Mobile,+8550766571775
Mobitel-076-6571776,Mobile,+8550766571776
Mobitel-076-6571777,Mobile,+8550766571777
Mobitel-076-6571778,Mobile,+8550766571778
Mobitel-076-6571779,Mobile,+8550766571779
Mobitel-076-6571780,Mobile,+8550766571780
Mobitel-076-6571781,Mobile,+8550766571781
Mobitel-076-6571782,Mobile,+8550766571782
Mobitel-076-6571783,Mobile,+8550766571783
Mobitel-076-6571784,Mobile,+8550766571784
Mobitel-076-6571785,Mobile,+8550766571785
Mobitel-076-6571786,Mobile,+8550766571786
Mobitel-076-6571787,Mobile,+8550766571787
Mobitel-076-6571788,Mobile,+8550766571788
Mobitel-076-6571789,Mobile,+8550766571789
Mobitel-076-6571790,Mobile,+8550766571790
Mobitel-076-6571791,Mobile,+8550766571791
Mobitel-076-6571792,Mobile,+8550766571792
Mobitel-076-6571793,Mobile,+8550766571793
Mobitel-076-6571794,Mobile,+8550766571794
Mobitel-076-6571795,Mobile,+8550766571795
Mobitel-076-6571796,Mobile,+8550766571796
Mobitel-076-6571797,Mobile,+8550766571797
Mobitel-076-6571798,Mobile,+8550766571798
Mobitel-076-6571799,Mobile,+8550766571799
Mobitel-076-6571800,Mobile,+8550766571800
Mobitel-076-6571801,Mobile,+8550766571801
Mobitel-076-6571802,Mobile,+8550766571802
Mobitel-076-6571803,Mobile,+8550766571803
Mobitel-076-6571804,Mobile,+8550766571804
Mobitel-076-6571805,Mobile,+8550766571805
Mobitel-076-6571806,Mobile,+8550766571806
Mobitel-076-6571807,Mobile,+8550766571807
Mobitel-076-6571808,Mobile,+8550766571808
Mobitel-076-6571809,Mobile,+8550766571809
Mobitel-076-6571810,Mobile,+8550766571810
Mobitel-076-6571811,Mobile,+8550766571811
Mobitel-076-6571812,Mobile,+8550766571812
Mobitel-076-6571813,Mobile,+8550766571813
Mobitel-076-6571814,Mobile,+8550766571814
Mobitel-076-6571815,Mobile,+8550766571815
Mobitel-076-6571816,Mobile,+8550766571816
Mobitel-076-6571817,Mobile,+8550766571817
Mobitel-076-6571818,Mobile,+8550766571818
Mobitel-076-6571819,Mobile,+8550766571819
Mobitel-076-6571820,Mobile,+8550766571820
Mobitel-076-6571821,Mobile,+8550766571821
Mobitel-076-6571822,Mobile,+8550766571822
Mobitel-076-6571823,Mobile,+8550766571823
Mobitel-076-6571824,Mobile,+8550766571824
Mobitel-076-6571825,Mobile,+8550766571825
Mobitel-076-6571826,Mobile,+8550766571826
Mobitel-076-6571827,Mobile,+8550766571827
Mobitel-076-6571828,Mobile,+8550766571828
Mobitel-076-6571829,Mobile,+8550766571829
Mobitel-076-6571830,Mobile,+8550766571830
Mobitel-076-6571831,Mobile,+8550766571831
Mobitel-076-6571832,Mobile,+8550766571832
Mobitel-076-6571833,Mobile,+8550766571833
Mobitel-076-6571834,Mobile,+8550766571834
Mobitel-076-6571835,Mobile,+8550766571835
Mobitel-076-6571836,Mobile,+8550766571836
Mobitel-076-6571837,Mobile,+8550766571837
Mobitel-076-6571838,Mobile,+8550766571838
Mobitel-076-6571839,Mobile,+8550766571839
Mobitel-076-6571840,Mobile,+8550766571840
Mobitel-076-6571841,Mobile,+8550766571841
Mobitel-076-6571842,Mobile,+8550766571842
Mobitel-076-6571843,Mobile,+8550766571843
Mobitel-076-6571844,Mobile,+8550766571844
Mobitel-076-6571845,Mobile,+8550766571845
Mobitel-076-6571846,Mobile,+8550766571846
Mobitel-076-6571847,Mobile,+8550766571847
Mobitel-076-6571848,Mobile,+8550766571848
Mobitel-076-6571849,Mobile,+8550766571849
Mobitel-076-6571850,Mobile,+8550766571850
Mobitel-076-6571851,Mobile,+8550766571851
Mobitel-076-6571852,Mobile,+8550766571852
Mobitel-076-6571853,Mobile,+8550766571853
Mobitel-076-6571854,Mobile,+8550766571854
Mobitel-076-6571855,Mobile,+8550766571855
Mobitel-076-6571856,Mobile,+8550766571856
Mobitel-076-6571857,Mobile,+8550766571857
Mobitel-076-6571858,Mobile,+8550766571858
Mobitel-076-6571859,Mobile,+8550766571859
Mobitel-076-6571860,Mobile,+8550766571860
Mobitel-076-6571861,Mobile,+8550766571861
Mobitel-076-6571862,Mobile,+8550766571862
Mobitel-076-6571863,Mobile,+8550766571863
Mobitel-076-6571864,Mobile,+8550766571864
Mobitel-076-6571865,Mobile,+8550766571865
Mobitel-076-6571866,Mobile,+8550766571866
Mobitel-076-6571867,Mobile,+8550766571867
Mobitel-076-6571868,Mobile,+8550766571868
Mobitel-076-6571869,Mobile,+8550766571869
Mobitel-076-6571870,Mobile,+8550766571870
Mobitel-076-6571871,Mobile,+8550766571871
Mobitel-076-6571872,Mobile,+8550766571872
Mobitel-076-6571873,Mobile,+8550766571873
Mobitel-076-6571874,Mobile,+8550766571874
Mobitel-076-6571875,Mobile,+8550766571875
Mobitel-076-6571876,Mobile,+8550766571876
Mobitel-076-6571877,Mobile,+8550766571877
Mobitel-076-6571878,Mobile,+8550766571878
Mobitel-076-6571879,Mobile,+8550766571879
Mobitel-076-6571880,Mobile,+8550766571880
Mobitel-076-6571881,Mobile,+8550766571881
Mobitel-076-6571882,Mobile,+8550766571882
Mobitel-076-6571883,Mobile,+8550766571883
Mobitel-076-6571884,Mobile,+8550766571884
Mobitel-076-6571885,Mobile,+8550766571885
Mobitel-076-6571886,Mobile,+8550766571886
Mobitel-076-6571887,Mobile,+8550766571887
Mobitel-076-6571888,Mobile,+8550766571888
Mobitel-076-6571889,Mobile,+8550766571889
Mobitel-076-6571890,Mobile,+8550766571890
Mobitel-076-6571891,Mobile,+8550766571891
Mobitel-076-6571892,Mobile,+8550766571892
Mobitel-076-6571893,Mobile,+8550766571893
Mobitel-076-6571894,Mobile,+8550766571894
Mobitel-076-6571895,Mobile,+8550766571895
Mobitel-076-6571896,Mobile,+8550766571896
Mobitel-076-6571897,Mobile,+8550766571897
Mobitel-076-6571898,Mobile,+8550766571898
Mobitel-076-6571899,Mobile,+8550766571899
Mobitel-076-6571900,Mobile,+8550766571900
Mobitel-076-6571901,Mobile,+8550766571901
Mobitel-076-6571902,Mobile,+8550766571902
Mobitel-076-6571903,Mobile,+8550766571903
Mobitel-076-6571904,Mobile,+8550766571904
Mobitel-076-6571905,Mobile,+8550766571905
Mobitel-076-6571906,Mobile,+8550766571906
Mobitel-076-6571907,Mobile,+8550766571907
Mobitel-076-6571908,Mobile,+8550766571908
Mobitel-076-6571909,Mobile,+8550766571909
Mobitel-076-6571910,Mobile,+8550766571910
Mobitel-076-6571911,Mobile,+8550766571911
Mobitel-076-6571912,Mobile,+8550766571912
Mobitel-076-6571913,Mobile,+8550766571913
Mobitel-076-6571914,Mobile,+8550766571914
Mobitel-076-6571915,Mobile,+8550766571915
Mobitel-076-6571916,Mobile,+8550766571916
Mobitel-076-6571917,Mobile,+8550766571917
Mobitel-076-6571918,Mobile,+8550766571918
Mobitel-076-6571919,Mobile,+8550766571919
Mobitel-076-6571920,Mobile,+8550766571920
Mobitel-076-6571921,Mobile,+8550766571921
Mobitel-076-6571922,Mobile,+8550766571922
Mobitel-076-6571923,Mobile,+8550766571923
Mobitel-076-6571924,Mobile,+8550766571924
Mobitel-076-6571925,Mobile,+8550766571925
Mobitel-076-6571926,Mobile,+8550766571926
Mobitel-076-6571927,Mobile,+8550766571927
Mobitel-076-6571928,Mobile,+8550766571928
Mobitel-076-6571929,Mobile,+8550766571929
Mobitel-076-6571930,Mobile,+8550766571930
Mobitel-076-6571931,Mobile,+8550766571931
Mobitel-076-6571932,Mobile,+8550766571932
Mobitel-076-6571933,Mobile,+8550766571933
Mobitel-076-6571934,Mobile,+8550766571934
Mobitel-076-6571935,Mobile,+8550766571935
Mobitel-076-6571936,Mobile,+8550766571936
Mobitel-076-6571937,Mobile,+8550766571937
Mobitel-076-6571938,Mobile,+8550766571938
Mobitel-076-6571939,Mobile,+8550766571939
Mobitel-076-6571940,Mobile,+8550766571940
Mobitel-076-6571941,Mobile,+8550766571941
Mobitel-076-6571942,Mobile,+8550766571942
Mobitel-076-6571943,Mobile,+8550766571943
Mobitel-076-6571944,Mobile,+8550766571944
Mobitel-076-6571945,Mobile,+8550766571945
Mobitel-076-6571946,Mobile,+8550766571946
Mobitel-076-6571947,Mobile,+8550766571947
Mobitel-076-6571948,Mobile,+8550766571948
Mobitel-076-6571949,Mobile,+8550766571949
Mobitel-076-6571950,Mobile,+8550766571950
Mobitel-076-6571951,Mobile,+8550766571951
Mobitel-076-6571952,Mobile,+8550766571952
Mobitel-076-6571953,Mobile,+8550766571953
Mobitel-076-6571954,Mobile,+8550766571954
Mobitel-076-6571955,Mobile,+8550766571955
Mobitel-076-6571956,Mobile,+8550766571956
Mobitel-076-6571957,Mobile,+8550766571957
Mobitel-076-6571958,Mobile,+8550766571958
Mobitel-076-6571959,Mobile,+8550766571959
Mobitel-076-6571960,Mobile,+8550766571960
Mobitel-076-6571961,Mobile,+8550766571961
Mobitel-076-6571962,Mobile,+8550766571962
Mobitel-076-6571963,Mobile,+8550766571963
Mobitel-076-6571964,Mobile,+8550766571964
Mobitel-076-6571965,Mobile,+8550766571965
Mobitel-076-6571966,Mobile,+8550766571966
Mobitel-076-6571967,Mobile,+8550766571967
Mobitel-076-6571968,Mobile,+8550766571968
Mobitel-076-6571969,Mobile,+8550766571969
Mobitel-076-6571970,Mobile,+8550766571970
Mobitel-076-6571971,Mobile,+8550766571971
Mobitel-076-6571972,Mobile,+8550766571972
Mobitel-076-6571973,Mobile,+8550766571973
Mobitel-076-6571974,Mobile,+8550766571974
Mobitel-076-6571975,Mobile,+8550766571975
Mobitel-076-6571976,Mobile,+8550766571976
Mobitel-076-6571977,Mobile,+8550766571977
Mobitel-076-6571978,Mobile,+8550766571978
Mobitel-076-6571979,Mobile,+8550766571979
Mobitel-076-6571980,Mobile,+8550766571980
Mobitel-076-6571981,Mobile,+8550766571981
Mobitel-076-6571982,Mobile,+8550766571982
Mobitel-076-6571983,Mobile,+8550766571983
Mobitel-076-6571984,Mobile,+8550766571984
Mobitel-076-6571985,Mobile,+8550766571985
Mobitel-076-6571986,Mobile,+8550766571986
Mobitel-076-6571987,Mobile,+8550766571987
Mobitel-076-6571988,Mobile,+8550766571988
Mobitel-076-6571989,Mobile,+8550766571989
Mobitel-076-6571990,Mobile,+8550766571990
Mobitel-076-6571991,Mobile,+8550766571991
Mobitel-076-6571992,Mobile,+8550766571992
Mobitel-076-6571993,Mobile,+8550766571993
Mobitel-076-6571994,Mobile,+8550766571994
Mobitel-076-6571995,Mobile,+8550766571995
Mobitel-076-6571996,Mobile,+8550766571996
Mobitel-076-6571997,Mobile,+8550766571997
Mobitel-076-6571998,Mobile,+8550766571998
Mobitel-076-6571999,Mobile,+8550766571999
Mobitel-076-6572000,Mobile,+8550766572000
Mobitel-076-6572001,Mobile,+8550766572001
Mobitel-076-6572002,Mobile,+8550766572002
Mobitel-076-6572003,Mobile,+8550766572003
Mobitel-076-6572004,Mobile,+8550766572004
Mobitel-076-6572005,Mobile,+8550766572005
Mobitel-076-6572006,Mobile,+8550766572006
Mobitel-076-6572007,Mobile,+8550766572007
Mobitel-076-6572008,Mobile,+8550766572008
Mobitel-076-6572009,Mobile,+8550766572009
Mobitel-076-6572010,Mobile,+8550766572010
Mobitel-076-6572011,Mobile,+8550766572011
Mobitel-076-6572012,Mobile,+8550766572012
Mobitel-076-6572013,Mobile,+8550766572013
Mobitel-076-6572014,Mobile,+8550766572014
Mobitel-076-6572015,Mobile,+8550766572015
Mobitel-076-6572016,Mobile,+8550766572016
Mobitel-076-6572017,Mobile,+8550766572017
Mobitel-076-6572018,Mobile,+8550766572018
Mobitel-076-6572019,Mobile,+8550766572019
Mobitel-076-6572020,Mobile,+8550766572020
Mobitel-076-6572021,Mobile,+8550766572021
Mobitel-076-6572022,Mobile,+8550766572022
Mobitel-076-6572023,Mobile,+8550766572023
Mobitel-076-6572024,Mobile,+8550766572024
Mobitel-076-6572025,Mobile,+8550766572025
Mobitel-076-6572026,Mobile,+8550766572026
Mobitel-076-6572027,Mobile,+8550766572027
Mobitel-076-6572028,Mobile,+8550766572028
Mobitel-076-6572029,Mobile,+8550766572029
Mobitel-076-6572030,Mobile,+8550766572030
Mobitel-076-6572031,Mobile,+8550766572031
Mobitel-076-6572032,Mobile,+8550766572032
Mobitel-076-6572033,Mobile,+8550766572033
Mobitel-076-6572034,Mobile,+8550766572034
Mobitel-076-6572035,Mobile,+8550766572035
Mobitel-076-6572036,Mobile,+8550766572036
Mobitel-076-6572037,Mobile,+8550766572037
Mobitel-076-6572038,Mobile,+8550766572038
Mobitel-076-6572039,Mobile,+8550766572039
Mobitel-076-6572040,Mobile,+8550766572040
Mobitel-076-6572041,Mobile,+8550766572041
Mobitel-076-6572042,Mobile,+8550766572042
Mobitel-076-6572043,Mobile,+8550766572043
Mobitel-076-6572044,Mobile,+8550766572044
Mobitel-076-6572045,Mobile,+8550766572045
Mobitel-076-6572046,Mobile,+8550766572046
Mobitel-076-6572047,Mobile,+8550766572047
Mobitel-076-6572048,Mobile,+8550766572048
Mobitel-076-6572049,Mobile,+8550766572049
Mobitel-076-6572050,Mobile,+8550766572050
Mobitel-076-6572051,Mobile,+8550766572051
Mobitel-076-6572052,Mobile,+8550766572052
Mobitel-076-6572053,Mobile,+8550766572053
Mobitel-076-6572054,Mobile,+8550766572054
Mobitel-076-6572055,Mobile,+8550766572055
Mobitel-076-6572056,Mobile,+8550766572056
Mobitel-076-6572057,Mobile,+8550766572057
Mobitel-076-6572058,Mobile,+8550766572058
Mobitel-076-6572059,Mobile,+8550766572059
Mobitel-076-6572060,Mobile,+8550766572060
Mobitel-076-6572061,Mobile,+8550766572061
Mobitel-076-6572062,Mobile,+8550766572062
Mobitel-076-6572063,Mobile,+8550766572063
Mobitel-076-6572064,Mobile,+8550766572064
Mobitel-076-6572065,Mobile,+8550766572065
Mobitel-076-6572066,Mobile,+8550766572066
Mobitel-076-6572067,Mobile,+8550766572067
Mobitel-076-6572068,Mobile,+8550766572068
Mobitel-076-6572069,Mobile,+8550766572069
Mobitel-076-6572070,Mobile,+8550766572070
Mobitel-076-6572071,Mobile,+8550766572071
Mobitel-076-6572072,Mobile,+8550766572072
Mobitel-076-6572073,Mobile,+8550766572073
Mobitel-076-6572074,Mobile,+8550766572074
Mobitel-076-6572075,Mobile,+8550766572075
Mobitel-076-6572076,Mobile,+8550766572076
Mobitel-076-6572077,Mobile,+8550766572077
Mobitel-076-6572078,Mobile,+8550766572078
Mobitel-076-6572079,Mobile,+8550766572079
Mobitel-076-6572080,Mobile,+8550766572080
Mobitel-076-6572081,Mobile,+8550766572081
Mobitel-076-6572082,Mobile,+8550766572082
Mobitel-076-6572083,Mobile,+8550766572083
Mobitel-076-6572084,Mobile,+8550766572084
Mobitel-076-6572085,Mobile,+8550766572085
Mobitel-076-6572086,Mobile,+8550766572086
Mobitel-076-6572087,Mobile,+8550766572087
Mobitel-076-6572088,Mobile,+8550766572088
Mobitel-076-6572089,Mobile,+8550766572089
Mobitel-076-6572090,Mobile,+8550766572090
Mobitel-076-6572091,Mobile,+8550766572091
Mobitel-076-6572092,Mobile,+8550766572092
Mobitel-076-6572093,Mobile,+8550766572093
Mobitel-076-6572094,Mobile,+8550766572094
Mobitel-076-6572095,Mobile,+8550766572095
Mobitel-076-6572096,Mobile,+8550766572096
Mobitel-076-6572097,Mobile,+8550766572097
Mobitel-076-6572098,Mobile,+8550766572098
Mobitel-076-6572099,Mobile,+8550766572099
Mobitel-076-6572100,Mobile,+8550766572100
Mobitel-076-6572101,Mobile,+8550766572101
Mobitel-076-6572102,Mobile,+8550766572102
Mobitel-076-6572103,Mobile,+8550766572103
Mobitel-076-6572104,Mobile,+8550766572104
Mobitel-076-6572105,Mobile,+8550766572105
Mobitel-076-6572106,Mobile,+8550766572106
Mobitel-076-6572107,Mobile,+8550766572107
Mobitel-076-6572108,Mobile,+8550766572108
Mobitel-076-6572109,Mobile,+8550766572109
Mobitel-076-6572110,Mobile,+8550766572110
Mobitel-076-6572111,Mobile,+8550766572111
Mobitel-076-6572112,Mobile,+8550766572112
Mobitel-076-6572113,Mobile,+8550766572113
Mobitel-076-6572114,Mobile,+8550766572114
Mobitel-076-6572115,Mobile,+8550766572115
Mobitel-076-6572116,Mobile,+8550766572116
Mobitel-076-6572117,Mobile,+8550766572117
Mobitel-076-6572118,Mobile,+8550766572118
Mobitel-076-6572119,Mobile,+8550766572119
Mobitel-076-6572120,Mobile,+8550766572120
Mobitel-076-6572121,Mobile,+8550766572121
Mobitel-076-6572122,Mobile,+8550766572122
Mobitel-076-6572123,Mobile,+8550766572123
Mobitel-076-6572124,Mobile,+8550766572124
Mobitel-076-6572125,Mobile,+8550766572125
Mobitel-076-6572126,Mobile,+8550766572126
Mobitel-076-6572127,Mobile,+8550766572127
Mobitel-076-6572128,Mobile,+8550766572128
Mobitel-076-6572129,Mobile,+8550766572129
Mobitel-076-6572130,Mobile,+8550766572130
Mobitel-076-6572131,Mobile,+8550766572131
Mobitel-076-6572132,Mobile,+8550766572132
Mobitel-076-6572133,Mobile,+8550766572133
Mobitel-076-6572134,Mobile,+8550766572134
Mobitel-076-6572135,Mobile,+8550766572135
Mobitel-076-6572136,Mobile,+8550766572136
Mobitel-076-6572137,Mobile,+8550766572137
Mobitel-076-6572138,Mobile,+8550766572138
Mobitel-076-6572139,Mobile,+8550766572139
Mobitel-076-6572140,Mobile,+8550766572140
Mobitel-076-6572141,Mobile,+8550766572141
Mobitel-076-6572142,Mobile,+8550766572142
Mobitel-076-6572143,Mobile,+8550766572143
Mobitel-076-6572144,Mobile,+8550766572144
Mobitel-076-6572145,Mobile,+8550766572145
Mobitel-076-6572146,Mobile,+8550766572146
Mobitel-076-6572147,Mobile,+8550766572147
Mobitel-076-6572148,Mobile,+8550766572148
Mobitel-076-6572149,Mobile,+8550766572149
Mobitel-076-6572150,Mobile,+8550766572150
Mobitel-076-6572151,Mobile,+8550766572151
Mobitel-076-6572152,Mobile,+8550766572152
Mobitel-076-6572153,Mobile,+8550766572153
Mobitel-076-6572154,Mobile,+8550766572154
Mobitel-076-6572155,Mobile,+8550766572155
Mobitel-076-6572156,Mobile,+8550766572156
Mobitel-076-6572157,Mobile,+8550766572157
Mobitel-076-6572158,Mobile,+8550766572158
Mobitel-076-6572159,Mobile,+8550766572159
Mobitel-076-6572160,Mobile,+8550766572160
Mobitel-076-6572161,Mobile,+8550766572161
Mobitel-076-6572162,Mobile,+8550766572162
Mobitel-076-6572163,Mobile,+8550766572163
Mobitel-076-6572164,Mobile,+8550766572164
Mobitel-076-6572165,Mobile,+8550766572165
Mobitel-076-6572166,Mobile,+8550766572166
Mobitel-076-6572167,Mobile,+8550766572167
Mobitel-076-6572168,Mobile,+8550766572168
Mobitel-076-6572169,Mobile,+8550766572169
Mobitel-076-6572170,Mobile,+8550766572170
Mobitel-076-6572171,Mobile,+8550766572171
Mobitel-076-6572172,Mobile,+8550766572172
Mobitel-076-6572173,Mobile,+8550766572173
Mobitel-076-6572174,Mobile,+8550766572174
Mobitel-076-6572175,Mobile,+8550766572175
Mobitel-076-6572176,Mobile,+8550766572176
Mobitel-076-6572177,Mobile,+8550766572177
Mobitel-076-6572178,Mobile,+8550766572178
Mobitel-076-6572179,Mobile,+8550766572179
Mobitel-076-6572180,Mobile,+8550766572180
Mobitel-076-6572181,Mobile,+8550766572181
Mobitel-076-6572182,Mobile,+8550766572182
Mobitel-076-6572183,Mobile,+8550766572183
Mobitel-076-6572184,Mobile,+8550766572184
Mobitel-076-6572185,Mobile,+8550766572185
Mobitel-076-6572186,Mobile,+8550766572186
Mobitel-076-6572187,Mobile,+8550766572187
Mobitel-076-6572188,Mobile,+8550766572188
Mobitel-076-6572189,Mobile,+8550766572189
Mobitel-076-6572190,Mobile,+8550766572190
Mobitel-076-6572191,Mobile,+8550766572191
Mobitel-076-6572192,Mobile,+8550766572192
Mobitel-076-6572193,Mobile,+8550766572193
Mobitel-076-6572194,Mobile,+8550766572194
Mobitel-076-6572195,Mobile,+8550766572195
Mobitel-076-6572196,Mobile,+8550766572196
Mobitel-076-6572197,Mobile,+8550766572197
Mobitel-076-6572198,Mobile,+8550766572198
Mobitel-076-6572199,Mobile,+8550766572199
Mobitel-076-6572200,Mobile,+8550766572200
Mobitel-076-6572201,Mobile,+8550766572201
Mobitel-076-6572202,Mobile,+8550766572202
Mobitel-076-6572203,Mobile,+8550766572203
Mobitel-076-6572204,Mobile,+8550766572204
Mobitel-076-6572205,Mobile,+8550766572205
Mobitel-076-6572206,Mobile,+8550766572206
Mobitel-076-6572207,Mobile,+8550766572207
Mobitel-076-6572208,Mobile,+8550766572208
Mobitel-076-6572209,Mobile,+8550766572209
Mobitel-076-6572210,Mobile,+8550766572210
Mobitel-076-6572211,Mobile,+8550766572211
Mobitel-076-6572212,Mobile,+8550766572212
Mobitel-076-6572213,Mobile,+8550766572213
Mobitel-076-6572214,Mobile,+8550766572214
Mobitel-076-6572215,Mobile,+8550766572215
Mobitel-076-6572216,Mobile,+8550766572216
Mobitel-076-6572217,Mobile,+8550766572217
Mobitel-076-6572218,Mobile,+8550766572218
Mobitel-076-6572219,Mobile,+8550766572219
Mobitel-076-6572220,Mobile,+8550766572220
Mobitel-076-6572221,Mobile,+8550766572221
Mobitel-076-6572222,Mobile,+8550766572222
Mobitel-076-6572223,Mobile,+8550766572223
Mobitel-076-6572224,Mobile,+8550766572224
Mobitel-076-6572225,Mobile,+8550766572225
Mobitel-076-6572226,Mobile,+8550766572226
Mobitel-076-6572227,Mobile,+8550766572227
Mobitel-076-6572228,Mobile,+8550766572228
Mobitel-076-6572229,Mobile,+8550766572229
Mobitel-076-6572230,Mobile,+8550766572230
Mobitel-076-6572231,Mobile,+8550766572231
Mobitel-076-6572232,Mobile,+8550766572232
Mobitel-076-6572233,Mobile,+8550766572233
Mobitel-076-6572234,Mobile,+8550766572234
Mobitel-076-6572235,Mobile,+8550766572235
Mobitel-076-6572236,Mobile,+8550766572236
Mobitel-076-6572237,Mobile,+8550766572237
Mobitel-076-6572238,Mobile,+8550766572238
Mobitel-076-6572239,Mobile,+8550766572239
Mobitel-076-6572240,Mobile,+8550766572240
Mobitel-076-6572241,Mobile,+8550766572241
Mobitel-076-6572242,Mobile,+8550766572242
Mobitel-076-6572243,Mobile,+8550766572243
Mobitel-076-6572244,Mobile,+8550766572244
Mobitel-076-6572245,Mobile,+8550766572245
Mobitel-076-6572246,Mobile,+8550766572246
Mobitel-076-6572247,Mobile,+8550766572247
Mobitel-076-6572248,Mobile,+8550766572248
Mobitel-076-6572249,Mobile,+8550766572249
Mobitel-076-6572250,Mobile,+8550766572250
Mobitel-076-6572251,Mobile,+8550766572251
Mobitel-076-6572252,Mobile,+8550766572252
Mobitel-076-6572253,Mobile,+8550766572253
Mobitel-076-6572254,Mobile,+8550766572254
Mobitel-076-6572255,Mobile,+8550766572255
Mobitel-076-6572256,Mobile,+8550766572256
Mobitel-076-6572257,Mobile,+8550766572257
Mobitel-076-6572258,Mobile,+8550766572258
Mobitel-076-6572259,Mobile,+8550766572259
Mobitel-076-6572260,Mobile,+8550766572260
Mobitel-076-6572261,Mobile,+8550766572261
Mobitel-076-6572262,Mobile,+8550766572262
Mobitel-076-6572263,Mobile,+8550766572263
Mobitel-076-6572264,Mobile,+8550766572264
Mobitel-076-6572265,Mobile,+8550766572265
Mobitel-076-6572266,Mobile,+8550766572266
Mobitel-076-6572267,Mobile,+8550766572267
Mobitel-076-6572268,Mobile,+8550766572268
Mobitel-076-6572269,Mobile,+8550766572269
Mobitel-076-6572270,Mobile,+8550766572270
Mobitel-076-6572271,Mobile,+8550766572271
Mobitel-076-6572272,Mobile,+8550766572272
Mobitel-076-6572273,Mobile,+8550766572273
Mobitel-076-6572274,Mobile,+8550766572274
Mobitel-076-6572275,Mobile,+8550766572275
Mobitel-076-6572276,Mobile,+8550766572276
Mobitel-076-6572277,Mobile,+8550766572277
Mobitel-076-6572278,Mobile,+8550766572278
Mobitel-076-6572279,Mobile,+8550766572279
Mobitel-076-6572280,Mobile,+8550766572280
Mobitel-076-6572281,Mobile,+8550766572281
Mobitel-076-6572282,Mobile,+8550766572282
Mobitel-076-6572283,Mobile,+8550766572283
Mobitel-076-6572284,Mobile,+8550766572284
Mobitel-076-6572285,Mobile,+8550766572285
Mobitel-076-6572286,Mobile,+8550766572286
Mobitel-076-6572287,Mobile,+8550766572287
Mobitel-076-6572288,Mobile,+8550766572288
Mobitel-076-6572289,Mobile,+8550766572289
Mobitel-076-6572290,Mobile,+8550766572290
Mobitel-076-6572291,Mobile,+8550766572291
Mobitel-076-6572292,Mobile,+8550766572292
Mobitel-076-6572293,Mobile,+8550766572293
Mobitel-076-6572294,Mobile,+8550766572294
Mobitel-076-6572295,Mobile,+8550766572295
Mobitel-076-6572296,Mobile,+8550766572296
Mobitel-076-6572297,Mobile,+8550766572297
Mobitel-076-6572298,Mobile,+8550766572298
Mobitel-076-6572299,Mobile,+8550766572299
Mobitel-076-6572300,Mobile,+8550766572300
Mobitel-076-6572301,Mobile,+8550766572301
Mobitel-076-6572302,Mobile,+8550766572302
Mobitel-076-6572303,Mobile,+8550766572303
Mobitel-076-6572304,Mobile,+8550766572304
Mobitel-076-6572305,Mobile,+8550766572305
Mobitel-076-6572306,Mobile,+8550766572306
Mobitel-076-6572307,Mobile,+8550766572307
Mobitel-076-6572308,Mobile,+8550766572308
Mobitel-076-6572309,Mobile,+8550766572309
Mobitel-076-6572310,Mobile,+8550766572310
Mobitel-076-6572311,Mobile,+8550766572311
Mobitel-076-6572312,Mobile,+8550766572312
Mobitel-076-6572313,Mobile,+8550766572313
Mobitel-076-6572314,Mobile,+8550766572314
Mobitel-076-6572315,Mobile,+8550766572315
Mobitel-076-6572316,Mobile,+8550766572316
Mobitel-076-6572317,Mobile,+8550766572317
Mobitel-076-6572318,Mobile,+8550766572318
Mobitel-076-6572319,Mobile,+8550766572319
Mobitel-076-6572320,Mobile,+8550766572320
Mobitel-076-6572321,Mobile,+8550766572321
Mobitel-076-6572322,Mobile,+8550766572322
Mobitel-076-6572323,Mobile,+8550766572323
Mobitel-076-6572324,Mobile,+8550766572324
Mobitel-076-6572325,Mobile,+8550766572325
Mobitel-076-6572326,Mobile,+8550766572326
Mobitel-076-6572327,Mobile,+8550766572327
Mobitel-076-6572328,Mobile,+8550766572328
Mobitel-076-6572329,Mobile,+8550766572329
Mobitel-076-6572330,Mobile,+8550766572330
Mobitel-076-6572331,Mobile,+8550766572331
Mobitel-076-6572332,Mobile,+8550766572332
Mobitel-076-6572333,Mobile,+8550766572333
Mobitel-076-6572334,Mobile,+8550766572334
Mobitel-076-6572335,Mobile,+8550766572335
Mobitel-076-6572336,Mobile,+8550766572336
Mobitel-076-6572337,Mobile,+8550766572337
Mobitel-076-6572338,Mobile,+8550766572338
Mobitel-076-6572339,Mobile,+8550766572339
Mobitel-076-6572340,Mobile,+8550766572340
Mobitel-076-6572341,Mobile,+8550766572341
Mobitel-076-6572342,Mobile,+8550766572342
Mobitel-076-6572343,Mobile,+8550766572343
Mobitel-076-6572344,Mobile,+8550766572344
Mobitel-076-6572345,Mobile,+8550766572345
Mobitel-076-6572346,Mobile,+8550766572346
Mobitel-076-6572347,Mobile,+8550766572347
Mobitel-076-6572348,Mobile,+8550766572348
Mobitel-076-6572349,Mobile,+8550766572349
Mobitel-076-6572350,Mobile,+8550766572350
Mobitel-076-6572351,Mobile,+8550766572351
Mobitel-076-6572352,Mobile,+8550766572352
Mobitel-076-6572353,Mobile,+8550766572353
Mobitel-076-6572354,Mobile,+8550766572354
Mobitel-076-6572355,Mobile,+8550766572355
Mobitel-076-6572356,Mobile,+8550766572356
Mobitel-076-6572357,Mobile,+8550766572357
Mobitel-076-6572358,Mobile,+8550766572358
Mobitel-076-6572359,Mobile,+8550766572359
Mobitel-076-6572360,Mobile,+8550766572360
Mobitel-076-6572361,Mobile,+8550766572361
Mobitel-076-6572362,Mobile,+8550766572362
Mobitel-076-6572363,Mobile,+8550766572363
Mobitel-076-6572364,Mobile,+8550766572364
Mobitel-076-6572365,Mobile,+8550766572365
Mobitel-076-6572366,Mobile,+8550766572366
Mobitel-076-6572367,Mobile,+8550766572367
Mobitel-076-6572368,Mobile,+8550766572368
Mobitel-076-6572369,Mobile,+8550766572369
Mobitel-076-6572370,Mobile,+8550766572370
Mobitel-076-6572371,Mobile,+8550766572371
Mobitel-076-6572372,Mobile,+8550766572372
Mobitel-076-6572373,Mobile,+8550766572373
Mobitel-076-6572374,Mobile,+8550766572374
Mobitel-076-6572375,Mobile,+8550766572375
Mobitel-076-6572376,Mobile,+8550766572376
Mobitel-076-6572377,Mobile,+8550766572377
Mobitel-076-6572378,Mobile,+8550766572378
Mobitel-076-6572379,Mobile,+8550766572379
Mobitel-076-6572380,Mobile,+8550766572380
Mobitel-076-6572381,Mobile,+8550766572381
Mobitel-076-6572382,Mobile,+8550766572382
Mobitel-076-6572383,Mobile,+8550766572383
Mobitel-076-6572384,Mobile,+8550766572384
Mobitel-076-6572385,Mobile,+8550766572385
Mobitel-076-6572386,Mobile,+8550766572386
Mobitel-076-6572387,Mobile,+8550766572387
Mobitel-076-6572388,Mobile,+8550766572388
Mobitel-076-6572389,Mobile,+8550766572389
Mobitel-076-6572390,Mobile,+8550766572390
Mobitel-076-6572391,Mobile,+8550766572391
Mobitel-076-6572392,Mobile,+8550766572392
Mobitel-076-6572393,Mobile,+8550766572393
Mobitel-076-6572394,Mobile,+8550766572394
Mobitel-076-6572395,Mobile,+8550766572395
Mobitel-076-6572396,Mobile,+8550766572396
Mobitel-076-6572397,Mobile,+8550766572397
Mobitel-076-6572398,Mobile,+8550766572398
Mobitel-076-6572399,Mobile,+8550766572399
Mobitel-076-6572400,Mobile,+8550766572400
Mobitel-076-6572401,Mobile,+8550766572401
Mobitel-076-6572402,Mobile,+8550766572402
Mobitel-076-6572403,Mobile,+8550766572403
Mobitel-076-6572404,Mobile,+8550766572404
Mobitel-076-6572405,Mobile,+8550766572405
Mobitel-076-6572406,Mobile,+8550766572406
Mobitel-076-6572407,Mobile,+8550766572407
Mobitel-076-6572408,Mobile,+8550766572408
Mobitel-076-6572409,Mobile,+8550766572409
Mobitel-076-6572410,Mobile,+8550766572410
Mobitel-076-6572411,Mobile,+8550766572411
Mobitel-076-6572412,Mobile,+8550766572412
Mobitel-076-6572413,Mobile,+8550766572413
Mobitel-076-6572414,Mobile,+8550766572414
Mobitel-076-6572415,Mobile,+8550766572415
Mobitel-076-6572416,Mobile,+8550766572416
Mobitel-076-6572417,Mobile,+8550766572417
Mobitel-076-6572418,Mobile,+8550766572418
Mobitel-076-6572419,Mobile,+8550766572419
Mobitel-076-6572420,Mobile,+8550766572420
Mobitel-076-6572421,Mobile,+8550766572421
Mobitel-076-6572422,Mobile,+8550766572422
Mobitel-076-6572423,Mobile,+8550766572423
Mobitel-076-6572424,Mobile,+8550766572424
Mobitel-076-6572425,Mobile,+8550766572425
Mobitel-076-6572426,Mobile,+8550766572426
Mobitel-076-6572427,Mobile,+8550766572427
Mobitel-076-6572428,Mobile,+8550766572428
Mobitel-076-6572429,Mobile,+8550766572429
Mobitel-076-6572430,Mobile,+8550766572430
Mobitel-076-6572431,Mobile,+8550766572431
Mobitel-076-6572432,Mobile,+8550766572432
Mobitel-076-6572433,Mobile,+8550766572433
Mobitel-076-6572434,Mobile,+8550766572434
Mobitel-076-6572435,Mobile,+8550766572435
Mobitel-076-6572436,Mobile,+8550766572436
Mobitel-076-6572437,Mobile,+8550766572437
Mobitel-076-6572438,Mobile,+8550766572438
Mobitel-076-6572439,Mobile,+8550766572439
Mobitel-076-6572440,Mobile,+8550766572440
Mobitel-076-6572441,Mobile,+8550766572441
Mobitel-076-6572442,Mobile,+8550766572442
Mobitel-076-6572443,Mobile,+8550766572443
Mobitel-076-6572444,Mobile,+8550766572444
Mobitel-076-6572445,Mobile,+8550766572445
Mobitel-076-6572446,Mobile,+8550766572446
Mobitel-076-6572447,Mobile,+8550766572447
Mobitel-076-6572448,Mobile,+8550766572448
Mobitel-076-6572449,Mobile,+8550766572449
Mobitel-076-6572450,Mobile,+8550766572450
Mobitel-076-6572451,Mobile,+8550766572451
Mobitel-076-6572452,Mobile,+8550766572452
Mobitel-076-6572453,Mobile,+8550766572453
Mobitel-076-6572454,Mobile,+8550766572454
Mobitel-076-6572455,Mobile,+8550766572455
Mobitel-076-6572456,Mobile,+8550766572456
Mobitel-076-6572457,Mobile,+8550766572457
Mobitel-076-6572458,Mobile,+8550766572458
Mobitel-076-6572459,Mobile,+8550766572459
Mobitel-076-6572460,Mobile,+8550766572460
Mobitel-076-6572461,Mobile,+8550766572461
Mobitel-076-6572462,Mobile,+8550766572462
Mobitel-076-6572463,Mobile,+8550766572463
Mobitel-076-6572464,Mobile,+8550766572464
Mobitel-076-6572465,Mobile,+8550766572465
Mobitel-076-6572466,Mobile,+8550766572466
Mobitel-076-6572467,Mobile,+8550766572467
Mobitel-076-6572468,Mobile,+8550766572468
Mobitel-076-6572469,Mobile,+8550766572469
Mobitel-076-6572470,Mobile,+8550766572470
Mobitel-076-6572471,Mobile,+8550766572471
Mobitel-076-6572472,Mobile,+8550766572472
Mobitel-076-6572473,Mobile,+8550766572473
Mobitel-076-6572474,Mobile,+8550766572474
Mobitel-076-6572475,Mobile,+8550766572475
Mobitel-076-6572476,Mobile,+8550766572476
Mobitel-076-6572477,Mobile,+8550766572477
Mobitel-076-6572478,Mobile,+8550766572478
Mobitel-076-6572479,Mobile,+8550766572479
Mobitel-076-6572480,Mobile,+8550766572480
Mobitel-076-6572481,Mobile,+8550766572481
Mobitel-076-6572482,Mobile,+8550766572482
Mobitel-076-6572483,Mobile,+8550766572483
Mobitel-076-6572484,Mobile,+8550766572484
Mobitel-076-6572485,Mobile,+8550766572485
Mobitel-076-6572486,Mobile,+8550766572486
Mobitel-076-6572487,Mobile,+8550766572487
Mobitel-076-6572488,Mobile,+8550766572488
Mobitel-076-6572489,Mobile,+8550766572489
Mobitel-076-6572490,Mobile,+8550766572490
Mobitel-076-6572491,Mobile,+8550766572491
Mobitel-076-6572492,Mobile,+8550766572492
Mobitel-076-6572493,Mobile,+8550766572493
Mobitel-076-6572494,Mobile,+8550766572494
Mobitel-076-6572495,Mobile,+8550766572495
Mobitel-076-6572496,Mobile,+8550766572496
Mobitel-076-6572497,Mobile,+8550766572497
Mobitel-076-6572498,Mobile,+8550766572498
Mobitel-076-6572499,Mobile,+8550766572499
Mobitel-076-6572500,Mobile,+8550766572500
Mobitel-076-6572501,Mobile,+8550766572501
Mobitel-076-6572502,Mobile,+8550766572502
Mobitel-076-6572503,Mobile,+8550766572503
Mobitel-076-6572504,Mobile,+8550766572504
Mobitel-076-6572505,Mobile,+8550766572505
Mobitel-076-6572506,Mobile,+8550766572506
Mobitel-076-6572507,Mobile,+8550766572507
Mobitel-076-6572508,Mobile,+8550766572508
Mobitel-076-6572509,Mobile,+8550766572509
Mobitel-076-6572510,Mobile,+8550766572510
Mobitel-076-6572511,Mobile,+8550766572511
Mobitel-076-6572512,Mobile,+8550766572512
Mobitel-076-6572513,Mobile,+8550766572513
Mobitel-076-6572514,Mobile,+8550766572514
Mobitel-076-6572515,Mobile,+8550766572515
Mobitel-076-6572516,Mobile,+8550766572516
Mobitel-076-6572517,Mobile,+8550766572517
Mobitel-076-6572518,Mobile,+8550766572518
Mobitel-076-6572519,Mobile,+8550766572519
Mobitel-076-6572520,Mobile,+8550766572520
Mobitel-076-6572521,Mobile,+8550766572521
Mobitel-076-6572522,Mobile,+8550766572522
Mobitel-076-6572523,Mobile,+8550766572523
Mobitel-076-6572524,Mobile,+8550766572524
Mobitel-076-6572525,Mobile,+8550766572525
Mobitel-076-6572526,Mobile,+8550766572526
Mobitel-076-6572527,Mobile,+8550766572527
Mobitel-076-6572528,Mobile,+8550766572528
Mobitel-076-6572529,Mobile,+8550766572529
Mobitel-076-6572530,Mobile,+8550766572530
Mobitel-076-6572531,Mobile,+8550766572531
Mobitel-076-6572532,Mobile,+8550766572532
Mobitel-076-6572533,Mobile,+8550766572533
Mobitel-076-6572534,Mobile,+8550766572534
Mobitel-076-6572535,Mobile,+8550766572535
Mobitel-076-6572536,Mobile,+8550766572536
Mobitel-076-6572537,Mobile,+8550766572537
Mobitel-076-6572538,Mobile,+8550766572538
Mobitel-076-6572539,Mobile,+8550766572539
Mobitel-076-6572540,Mobile,+8550766572540
Mobitel-076-6572541,Mobile,+8550766572541
Mobitel-076-6572542,Mobile,+8550766572542
Mobitel-076-6572543,Mobile,+8550766572543
Mobitel-076-6572544,Mobile,+8550766572544
Mobitel-076-6572545,Mobile,+8550766572545
Mobitel-076-6572546,Mobile,+8550766572546
Mobitel-076-6572547,Mobile,+8550766572547
Mobitel-076-6572548,Mobile,+8550766572548
Mobitel-076-6572549,Mobile,+8550766572549
Mobitel-076-6572550,Mobile,+8550766572550
Mobitel-076-6572551,Mobile,+8550766572551
Mobitel-076-6572552,Mobile,+8550766572552
Mobitel-076-6572553,Mobile,+8550766572553
Mobitel-076-6572554,Mobile,+8550766572554
Mobitel-076-6572555,Mobile,+8550766572555
Mobitel-076-6572556,Mobile,+8550766572556
Mobitel-076-6572557,Mobile,+8550766572557
Mobitel-076-6572558,Mobile,+8550766572558
Mobitel-076-6572559,Mobile,+8550766572559
Mobitel-076-6572560,Mobile,+8550766572560
Mobitel-076-6572561,Mobile,+8550766572561
Mobitel-076-6572562,Mobile,+8550766572562
Mobitel-076-6572563,Mobile,+8550766572563
Mobitel-076-6572564,Mobile,+8550766572564
Mobitel-076-6572565,Mobile,+8550766572565
Mobitel-076-6572566,Mobile,+8550766572566
Mobitel-076-6572567,Mobile,+8550766572567
Mobitel-076-6572568,Mobile,+8550766572568
Mobitel-076-6572569,Mobile,+8550766572569
Mobitel-076-6572570,Mobile,+8550766572570
Mobitel-076-6572571,Mobile,+8550766572571
Mobitel-076-6572572,Mobile,+8550766572572
Mobitel-076-6572573,Mobile,+8550766572573
Mobitel-076-6572574,Mobile,+8550766572574
Mobitel-076-6572575,Mobile,+8550766572575
Mobitel-076-6572576,Mobile,+8550766572576
Mobitel-076-6572577,Mobile,+8550766572577
Mobitel-076-6572578,Mobile,+8550766572578
Mobitel-076-6572579,Mobile,+8550766572579
Mobitel-076-6572580,Mobile,+8550766572580
Mobitel-076-6572581,Mobile,+8550766572581
Mobitel-076-6572582,Mobile,+8550766572582
Mobitel-076-6572583,Mobile,+8550766572583
Mobitel-076-6572584,Mobile,+8550766572584
Mobitel-076-6572585,Mobile,+8550766572585
Mobitel-076-6572586,Mobile,+8550766572586
Mobitel-076-6572587,Mobile,+8550766572587
Mobitel-076-6572588,Mobile,+8550766572588
Mobitel-076-6572589,Mobile,+8550766572589
Mobitel-076-6572590,Mobile,+8550766572590
Mobitel-076-6572591,Mobile,+8550766572591
Mobitel-076-6572592,Mobile,+8550766572592
Mobitel-076-6572593,Mobile,+8550766572593
Mobitel-076-6572594,Mobile,+8550766572594
Mobitel-076-6572595,Mobile,+8550766572595
Mobitel-076-6572596,Mobile,+8550766572596
Mobitel-076-6572597,Mobile,+8550766572597
Mobitel-076-6572598,Mobile,+8550766572598
Mobitel-076-6572599,Mobile,+8550766572599
Mobitel-076-6572600,Mobile,+8550766572600
Mobitel-076-6572601,Mobile,+8550766572601
Mobitel-076-6572602,Mobile,+8550766572602
Mobitel-076-6572603,Mobile,+8550766572603
Mobitel-076-6572604,Mobile,+8550766572604
Mobitel-076-6572605,Mobile,+8550766572605
Mobitel-076-6572606,Mobile,+8550766572606
Mobitel-076-6572607,Mobile,+8550766572607
Mobitel-076-6572608,Mobile,+8550766572608
Mobitel-076-6572609,Mobile,+8550766572609
Mobitel-076-6572610,Mobile,+8550766572610
Mobitel-076-6572611,Mobile,+8550766572611
Mobitel-076-6572612,Mobile,+8550766572612
Mobitel-076-6572613,Mobile,+8550766572613
Mobitel-076-6572614,Mobile,+8550766572614
Mobitel-076-6572615,Mobile,+8550766572615
Mobitel-076-6572616,Mobile,+8550766572616
Mobitel-076-6572617,Mobile,+8550766572617
Mobitel-076-6572618,Mobile,+8550766572618
Mobitel-076-6572619,Mobile,+8550766572619
Mobitel-076-6572620,Mobile,+8550766572620
Mobitel-076-6572621,Mobile,+8550766572621
Mobitel-076-6572622,Mobile,+8550766572622
Mobitel-076-6572623,Mobile,+8550766572623
Mobitel-076-6572624,Mobile,+8550766572624
Mobitel-076-6572625,Mobile,+8550766572625
Mobitel-076-6572626,Mobile,+8550766572626
Mobitel-076-6572627,Mobile,+8550766572627
Mobitel-076-6572628,Mobile,+8550766572628
Mobitel-076-6572629,Mobile,+8550766572629
Mobitel-076-6572630,Mobile,+8550766572630
Mobitel-076-6572631,Mobile,+8550766572631
Mobitel-076-6572632,Mobile,+8550766572632
Mobitel-076-6572633,Mobile,+8550766572633
Mobitel-076-6572634,Mobile,+8550766572634
Mobitel-076-6572635,Mobile,+8550766572635
Mobitel-076-6572636,Mobile,+8550766572636
Mobitel-076-6572637,Mobile,+8550766572637
Mobitel-076-6572638,Mobile,+8550766572638
Mobitel-076-6572639,Mobile,+8550766572639
Mobitel-076-6572640,Mobile,+8550766572640
Mobitel-076-6572641,Mobile,+8550766572641
Mobitel-076-6572642,Mobile,+8550766572642
Mobitel-076-6572643,Mobile,+8550766572643
Mobitel-076-6572644,Mobile,+8550766572644
Mobitel-076-6572645,Mobile,+8550766572645
Mobitel-076-6572646,Mobile,+8550766572646
Mobitel-076-6572647,Mobile,+8550766572647
Mobitel-076-6572648,Mobile,+8550766572648
Mobitel-076-6572649,Mobile,+8550766572649
Mobitel-076-6572650,Mobile,+8550766572650
Mobitel-076-6572651,Mobile,+8550766572651
Mobitel-076-6572652,Mobile,+8550766572652
Mobitel-076-6572653,Mobile,+8550766572653
Mobitel-076-6572654,Mobile,+8550766572654
Mobitel-076-6572655,Mobile,+8550766572655
Mobitel-076-6572656,Mobile,+8550766572656
Mobitel-076-6572657,Mobile,+8550766572657
Mobitel-076-6572658,Mobile,+8550766572658
Mobitel-076-6572659,Mobile,+8550766572659
Mobitel-076-6572660,Mobile,+8550766572660
Mobitel-076-6572661,Mobile,+8550766572661
Mobitel-076-6572662,Mobile,+8550766572662
Mobitel-076-6572663,Mobile,+8550766572663
Mobitel-076-6572664,Mobile,+8550766572664
Mobitel-076-6572665,Mobile,+8550766572665
Mobitel-076-6572666,Mobile,+8550766572666
Mobitel-076-6572667,Mobile,+8550766572667
Mobitel-076-6572668,Mobile,+8550766572668
Mobitel-076-6572669,Mobile,+8550766572669
Mobitel-076-6572670,Mobile,+8550766572670
Mobitel-076-6572671,Mobile,+8550766572671
Mobitel-076-6572672,Mobile,+8550766572672
Mobitel-076-6572673,Mobile,+8550766572673
Mobitel-076-6572674,Mobile,+8550766572674
Mobitel-076-6572675,Mobile,+8550766572675
Mobitel-076-6572676,Mobile,+8550766572676
Mobitel-076-6572677,Mobile,+8550766572677
Mobitel-076-6572678,Mobile,+8550766572678
Mobitel-076-6572679,Mobile,+8550766572679
Mobitel-076-6572680,Mobile,+8550766572680
Mobitel-076-6572681,Mobile,+8550766572681
Mobitel-076-6572682,Mobile,+8550766572682
Mobitel-076-6572683,Mobile,+8550766572683
Mobitel-076-6572684,Mobile,+8550766572684
Mobitel-076-6572685,Mobile,+8550766572685
Mobitel-076-6572686,Mobile,+8550766572686
Mobitel-076-6572687,Mobile,+8550766572687
Mobitel-076-6572688,Mobile,+8550766572688
Mobitel-076-6572689,Mobile,+8550766572689
Mobitel-076-6572690,Mobile,+8550766572690
Mobitel-076-6572691,Mobile,+8550766572691
Mobitel-076-6572692,Mobile,+8550766572692
Mobitel-076-6572693,Mobile,+8550766572693
Mobitel-076-6572694,Mobile,+8550766572694
Mobitel-076-6572695,Mobile,+8550766572695
Mobitel-076-6572696,Mobile,+8550766572696
Mobitel-076-6572697,Mobile,+8550766572697
Mobitel-076-6572698,Mobile,+8550766572698
Mobitel-076-6572699,Mobile,+8550766572699
Mobitel-076-6572700,Mobile,+8550766572700
Mobitel-076-6572701,Mobile,+8550766572701
Mobitel-076-6572702,Mobile,+8550766572702
Mobitel-076-6572703,Mobile,+8550766572703
Mobitel-076-6572704,Mobile,+8550766572704
Mobitel-076-6572705,Mobile,+8550766572705
Mobitel-076-6572706,Mobile,+8550766572706
Mobitel-076-6572707,Mobile,+8550766572707
Mobitel-076-6572708,Mobile,+8550766572708
Mobitel-076-6572709,Mobile,+8550766572709
Mobitel-076-6572710,Mobile,+8550766572710
Mobitel-076-6572711,Mobile,+8550766572711
Mobitel-076-6572712,Mobile,+8550766572712
Mobitel-076-6572713,Mobile,+8550766572713
Mobitel-076-6572714,Mobile,+8550766572714
Mobitel-076-6572715,Mobile,+8550766572715
Mobitel-076-6572716,Mobile,+8550766572716
Mobitel-076-6572717,Mobile,+8550766572717
Mobitel-076-6572718,Mobile,+8550766572718
Mobitel-076-6572719,Mobile,+8550766572719
Mobitel-076-6572720,Mobile,+8550766572720
Mobitel-076-6572721,Mobile,+8550766572721
Mobitel-076-6572722,Mobile,+8550766572722
Mobitel-076-6572723,Mobile,+8550766572723
Mobitel-076-6572724,Mobile,+8550766572724
Mobitel-076-6572725,Mobile,+8550766572725
Mobitel-076-6572726,Mobile,+8550766572726
Mobitel-076-6572727,Mobile,+8550766572727
Mobitel-076-6572728,Mobile,+8550766572728
Mobitel-076-6572729,Mobile,+8550766572729
Mobitel-076-6572730,Mobile,+8550766572730
Mobitel-076-6572731,Mobile,+8550766572731
Mobitel-076-6572732,Mobile,+8550766572732
Mobitel-076-6572733,Mobile,+8550766572733
Mobitel-076-6572734,Mobile,+8550766572734
Mobitel-076-6572735,Mobile,+8550766572735
Mobitel-076-6572736,Mobile,+8550766572736
Mobitel-076-6572737,Mobile,+8550766572737
Mobitel-076-6572738,Mobile,+8550766572738
Mobitel-076-6572739,Mobile,+8550766572739
Mobitel-076-6572740,Mobile,+8550766572740
Mobitel-076-6572741,Mobile,+8550766572741
Mobitel-076-6572742,Mobile,+8550766572742
Mobitel-076-6572743,Mobile,+8550766572743
Mobitel-076-6572744,Mobile,+8550766572744
Mobitel-076-6572745,Mobile,+8550766572745
Mobitel-076-6572746,Mobile,+8550766572746
Mobitel-076-6572747,Mobile,+8550766572747
Mobitel-076-6572748,Mobile,+8550766572748
Mobitel-076-6572749,Mobile,+8550766572749
Mobitel-076-6572750,Mobile,+8550766572750
Mobitel-076-6572751,Mobile,+8550766572751
Mobitel-076-6572752,Mobile,+8550766572752
Mobitel-076-6572753,Mobile,+8550766572753
Mobitel-076-6572754,Mobile,+8550766572754
Mobitel-076-6572755,Mobile,+8550766572755
Mobitel-076-6572756,Mobile,+8550766572756
Mobitel-076-6572757,Mobile,+8550766572757
Mobitel-076-6572758,Mobile,+8550766572758
Mobitel-076-6572759,Mobile,+8550766572759
Mobitel-076-6572760,Mobile,+8550766572760
Mobitel-076-6572761,Mobile,+8550766572761
Mobitel-076-6572762,Mobile,+8550766572762
Mobitel-076-6572763,Mobile,+8550766572763
Mobitel-076-6572764,Mobile,+8550766572764
Mobitel-076-6572765,Mobile,+8550766572765
Mobitel-076-6572766,Mobile,+8550766572766
Mobitel-076-6572767,Mobile,+8550766572767
Mobitel-076-6572768,Mobile,+8550766572768
Mobitel-076-6572769,Mobile,+8550766572769
Mobitel-076-6572770,Mobile,+8550766572770
Mobitel-076-6572771,Mobile,+8550766572771
Mobitel-076-6572772,Mobile,+8550766572772
Mobitel-076-6572773,Mobile,+8550766572773
Mobitel-076-6572774,Mobile,+8550766572774
Mobitel-076-6572775,Mobile,+8550766572775
Mobitel-076-6572776,Mobile,+8550766572776
Mobitel-076-6572777,Mobile,+8550766572777
Mobitel-076-6572778,Mobile,+8550766572778
Mobitel-076-6572779,Mobile,+8550766572779
Mobitel-076-6572780,Mobile,+8550766572780
Mobitel-076-6572781,Mobile,+8550766572781
Mobitel-076-6572782,Mobile,+8550766572782
Mobitel-076-6572783,Mobile,+8550766572783
Mobitel-076-6572784,Mobile,+8550766572784
Mobitel-076-6572785,Mobile,+8550766572785
Mobitel-076-6572786,Mobile,+8550766572786
Mobitel-076-6572787,Mobile,+8550766572787
Mobitel-076-6572788,Mobile,+8550766572788
Mobitel-076-6572789,Mobile,+8550766572789
Mobitel-076-6572790,Mobile,+8550766572790
Mobitel-076-6572791,Mobile,+8550766572791
Mobitel-076-6572792,Mobile,+8550766572792
Mobitel-076-6572793,Mobile,+8550766572793
Mobitel-076-6572794,Mobile,+8550766572794
Mobitel-076-6572795,Mobile,+8550766572795
Mobitel-076-6572796,Mobile,+8550766572796
Mobitel-076-6572797,Mobile,+8550766572797
Mobitel-076-6572798,Mobile,+8550766572798
Mobitel-076-6572799,Mobile,+8550766572799
Mobitel-076-6572800,Mobile,+8550766572800
Mobitel-076-6572801,Mobile,+8550766572801
Mobitel-076-6572802,Mobile,+8550766572802
Mobitel-076-6572803,Mobile,+8550766572803
Mobitel-076-6572804,Mobile,+8550766572804
Mobitel-076-6572805,Mobile,+8550766572805
Mobitel-076-6572806,Mobile,+8550766572806
Mobitel-076-6572807,Mobile,+8550766572807
Mobitel-076-6572808,Mobile,+8550766572808
Mobitel-076-6572809,Mobile,+8550766572809
Mobitel-076-6572810,Mobile,+8550766572810
Mobitel-076-6572811,Mobile,+8550766572811
Mobitel-076-6572812,Mobile,+8550766572812
Mobitel-076-6572813,Mobile,+8550766572813
Mobitel-076-6572814,Mobile,+8550766572814
Mobitel-076-6572815,Mobile,+8550766572815
Mobitel-076-6572816,Mobile,+8550766572816
Mobitel-076-6572817,Mobile,+8550766572817
Mobitel-076-6572818,Mobile,+8550766572818
Mobitel-076-6572819,Mobile,+8550766572819
Mobitel-076-6572820,Mobile,+8550766572820
Mobitel-076-6572821,Mobile,+8550766572821
Mobitel-076-6572822,Mobile,+8550766572822
Mobitel-076-6572823,Mobile,+8550766572823
Mobitel-076-6572824,Mobile,+8550766572824
Mobitel-076-6572825,Mobile,+8550766572825
Mobitel-076-6572826,Mobile,+8550766572826
Mobitel-076-6572827,Mobile,+8550766572827
Mobitel-076-6572828,Mobile,+8550766572828
Mobitel-076-6572829,Mobile,+8550766572829
Mobitel-076-6572830,Mobile,+8550766572830
Mobitel-076-6572831,Mobile,+8550766572831
Mobitel-076-6572832,Mobile,+8550766572832
Mobitel-076-6572833,Mobile,+8550766572833
Mobitel-076-6572834,Mobile,+8550766572834
Mobitel-076-6572835,Mobile,+8550766572835
Mobitel-076-6572836,Mobile,+8550766572836
Mobitel-076-6572837,Mobile,+8550766572837
Mobitel-076-6572838,Mobile,+8550766572838
Mobitel-076-6572839,Mobile,+8550766572839
Mobitel-076-6572840,Mobile,+8550766572840
Mobitel-076-6572841,Mobile,+8550766572841
Mobitel-076-6572842,Mobile,+8550766572842
Mobitel-076-6572843,Mobile,+8550766572843
Mobitel-076-6572844,Mobile,+8550766572844
Mobitel-076-6572845,Mobile,+8550766572845
Mobitel-076-6572846,Mobile,+8550766572846
Mobitel-076-6572847,Mobile,+8550766572847
Mobitel-076-6572848,Mobile,+8550766572848
Mobitel-076-6572849,Mobile,+8550766572849
Mobitel-076-6572850,Mobile,+8550766572850
Mobitel-076-6572851,Mobile,+8550766572851
Mobitel-076-6572852,Mobile,+8550766572852
Mobitel-076-6572853,Mobile,+8550766572853
Mobitel-076-6572854,Mobile,+8550766572854
Mobitel-076-6572855,Mobile,+8550766572855
Mobitel-076-6572856,Mobile,+8550766572856
Mobitel-076-6572857,Mobile,+8550766572857
Mobitel-076-6572858,Mobile,+8550766572858
Mobitel-076-6572859,Mobile,+8550766572859
Mobitel-076-6572860,Mobile,+8550766572860
Mobitel-076-6572861,Mobile,+8550766572861
Mobitel-076-6572862,Mobile,+8550766572862
Mobitel-076-6572863,Mobile,+8550766572863
Mobitel-076-6572864,Mobile,+8550766572864
Mobitel-076-6572865,Mobile,+8550766572865
Mobitel-076-6572866,Mobile,+8550766572866
Mobitel-076-6572867,Mobile,+8550766572867
Mobitel-076-6572868,Mobile,+8550766572868
Mobitel-076-6572869,Mobile,+8550766572869
Mobitel-076-6572870,Mobile,+8550766572870
Mobitel-076-6572871,Mobile,+8550766572871
Mobitel-076-6572872,Mobile,+8550766572872
Mobitel-076-6572873,Mobile,+8550766572873
Mobitel-076-6572874,Mobile,+8550766572874
Mobitel-076-6572875,Mobile,+8550766572875
Mobitel-076-6572876,Mobile,+8550766572876
Mobitel-076-6572877,Mobile,+8550766572877
Mobitel-076-6572878,Mobile,+8550766572878
Mobitel-076-6572879,Mobile,+8550766572879
Mobitel-076-6572880,Mobile,+8550766572880
Mobitel-076-6572881,Mobile,+8550766572881
Mobitel-076-6572882,Mobile,+8550766572882
Mobitel-076-6572883,Mobile,+8550766572883
Mobitel-076-6572884,Mobile,+8550766572884
Mobitel-076-6572885,Mobile,+8550766572885
Mobitel-076-6572886,Mobile,+8550766572886
Mobitel-076-6572887,Mobile,+8550766572887
Mobitel-076-6572888,Mobile,+8550766572888
Mobitel-076-6572889,Mobile,+8550766572889
Mobitel-076-6572890,Mobile,+8550766572890
Mobitel-076-6572891,Mobile,+8550766572891
Mobitel-076-6572892,Mobile,+8550766572892
Mobitel-076-6572893,Mobile,+8550766572893
Mobitel-076-6572894,Mobile,+8550766572894
Mobitel-076-6572895,Mobile,+8550766572895
Mobitel-076-6572896,Mobile,+8550766572896
Mobitel-076-6572897,Mobile,+8550766572897
Mobitel-076-6572898,Mobile,+8550766572898
Mobitel-076-6572899,Mobile,+8550766572899
Mobitel-076-6572900,Mobile,+8550766572900
Mobitel-076-6572901,Mobile,+8550766572901
Mobitel-076-6572902,Mobile,+8550766572902
Mobitel-076-6572903,Mobile,+8550766572903
Mobitel-076-6572904,Mobile,+8550766572904
Mobitel-076-6572905,Mobile,+8550766572905
Mobitel-076-6572906,Mobile,+8550766572906
Mobitel-076-6572907,Mobile,+8550766572907
Mobitel-076-6572908,Mobile,+8550766572908
Mobitel-076-6572909,Mobile,+8550766572909
Mobitel-076-6572910,Mobile,+8550766572910
Mobitel-076-6572911,Mobile,+8550766572911
Mobitel-076-6572912,Mobile,+8550766572912
Mobitel-076-6572913,Mobile,+8550766572913
Mobitel-076-6572914,Mobile,+8550766572914
Mobitel-076-6572915,Mobile,+8550766572915
Mobitel-076-6572916,Mobile,+8550766572916
Mobitel-076-6572917,Mobile,+8550766572917
Mobitel-076-6572918,Mobile,+8550766572918
Mobitel-076-6572919,Mobile,+8550766572919
Mobitel-076-6572920,Mobile,+8550766572920
Mobitel-076-6572921,Mobile,+8550766572921
Mobitel-076-6572922,Mobile,+8550766572922
Mobitel-076-6572923,Mobile,+8550766572923
Mobitel-076-6572924,Mobile,+8550766572924
Mobitel-076-6572925,Mobile,+8550766572925
Mobitel-076-6572926,Mobile,+8550766572926
Mobitel-076-6572927,Mobile,+8550766572927
Mobitel-076-6572928,Mobile,+8550766572928
Mobitel-076-6572929,Mobile,+8550766572929
Mobitel-076-6572930,Mobile,+8550766572930
Mobitel-076-6572931,Mobile,+8550766572931
Mobitel-076-6572932,Mobile,+8550766572932
Mobitel-076-6572933,Mobile,+8550766572933
Mobitel-076-6572934,Mobile,+8550766572934
Mobitel-076-6572935,Mobile,+8550766572935
Mobitel-076-6572936,Mobile,+8550766572936
Mobitel-076-6572937,Mobile,+8550766572937
Mobitel-076-6572938,Mobile,+8550766572938
Mobitel-076-6572939,Mobile,+8550766572939
Mobitel-076-6572940,Mobile,+8550766572940
Mobitel-076-6572941,Mobile,+8550766572941
Mobitel-076-6572942,Mobile,+8550766572942
Mobitel-076-6572943,Mobile,+8550766572943
Mobitel-076-6572944,Mobile,+8550766572944
Mobitel-076-6572945,Mobile,+8550766572945
Mobitel-076-6572946,Mobile,+8550766572946
Mobitel-076-6572947,Mobile,+8550766572947
Mobitel-076-6572948,Mobile,+8550766572948
Mobitel-076-6572949,Mobile,+8550766572949
Mobitel-076-6572950,Mobile,+8550766572950
Mobitel-076-6572951,Mobile,+8550766572951
Mobitel-076-6572952,Mobile,+8550766572952
Mobitel-076-6572953,Mobile,+8550766572953
Mobitel-076-6572954,Mobile,+8550766572954
Mobitel-076-6572955,Mobile,+8550766572955
Mobitel-076-6572956,Mobile,+8550766572956
Mobitel-076-6572957,Mobile,+8550766572957
Mobitel-076-6572958,Mobile,+8550766572958
Mobitel-076-6572959,Mobile,+8550766572959
Mobitel-076-6572960,Mobile,+8550766572960
Mobitel-076-6572961,Mobile,+8550766572961
Mobitel-076-6572962,Mobile,+8550766572962
Mobitel-076-6572963,Mobile,+8550766572963
Mobitel-076-6572964,Mobile,+8550766572964
Mobitel-076-6572965,Mobile,+8550766572965
Mobitel-076-6572966,Mobile,+8550766572966
Mobitel-076-6572967,Mobile,+8550766572967
Mobitel-076-6572968,Mobile,+8550766572968
Mobitel-076-6572969,Mobile,+8550766572969
Mobitel-076-6572970,Mobile,+8550766572970
Mobitel-076-6572971,Mobile,+8550766572971
Mobitel-076-6572972,Mobile,+8550766572972
Mobitel-076-6572973,Mobile,+8550766572973
Mobitel-076-6572974,Mobile,+8550766572974
Mobitel-076-6572975,Mobile,+8550766572975
Mobitel-076-6572976,Mobile,+8550766572976
Mobitel-076-6572977,Mobile,+8550766572977
Mobitel-076-6572978,Mobile,+8550766572978
Mobitel-076-6572979,Mobile,+8550766572979
Mobitel-076-6572980,Mobile,+8550766572980
Mobitel-076-6572981,Mobile,+8550766572981
Mobitel-076-6572982,Mobile,+8550766572982
Mobitel-076-6572983,Mobile,+8550766572983
Mobitel-076-6572984,Mobile,+8550766572984
Mobitel-076-6572985,Mobile,+8550766572985
Mobitel-076-6572986,Mobile,+8550766572986
Mobitel-076-6572987,Mobile,+8550766572987
Mobitel-076-6572988,Mobile,+8550766572988
Mobitel-076-6572989,Mobile,+8550766572989
Mobitel-076-6572990,Mobile,+8550766572990
Mobitel-076-6572991,Mobile,+8550766572991
Mobitel-076-6572992,Mobile,+8550766572992
Mobitel-076-6572993,Mobile,+8550766572993
Mobitel-076-6572994,Mobile,+8550766572994
Mobitel-076-6572995,Mobile,+8550766572995
Mobitel-076-6572996,Mobile,+8550766572996
Mobitel-076-6572997,Mobile,+8550766572997
Mobitel-076-6572998,Mobile,+8550766572998
Mobitel-076-6572999,Mobile,+8550766572999
Mobitel-076-6573000,Mobile,+8550766573000
Mobitel-076-6573001,Mobile,+8550766573001
Mobitel-076-6573002,Mobile,+8550766573002
Mobitel-076-6573003,Mobile,+8550766573003
Mobitel-076-6573004,Mobile,+8550766573004
Mobitel-076-6573005,Mobile,+8550766573005
Mobitel-076-6573006,Mobile,+8550766573006
Mobitel-076-6573007,Mobile,+8550766573007
Mobitel-076-6573008,Mobile,+8550766573008
Mobitel-076-6573009,Mobile,+8550766573009
Mobitel-076-6573010,Mobile,+8550766573010
Mobitel-076-6573011,Mobile,+8550766573011
Mobitel-076-6573012,Mobile,+8550766573012
Mobitel-076-6573013,Mobile,+8550766573013
Mobitel-076-6573014,Mobile,+8550766573014
Mobitel-076-6573015,Mobile,+8550766573015
Mobitel-076-6573016,Mobile,+8550766573016
Mobitel-076-6573017,Mobile,+8550766573017
Mobitel-076-6573018,Mobile,+8550766573018
Mobitel-076-6573019,Mobile,+8550766573019
Mobitel-076-6573020,Mobile,+8550766573020
Mobitel-076-6573021,Mobile,+8550766573021
Mobitel-076-6573022,Mobile,+8550766573022
Mobitel-076-6573023,Mobile,+8550766573023
Mobitel-076-6573024,Mobile,+8550766573024
Mobitel-076-6573025,Mobile,+8550766573025
Mobitel-076-6573026,Mobile,+8550766573026
Mobitel-076-6573027,Mobile,+8550766573027
Mobitel-076-6573028,Mobile,+8550766573028
Mobitel-076-6573029,Mobile,+8550766573029
Mobitel-076-6573030,Mobile,+8550766573030
Mobitel-076-6573031,Mobile,+8550766573031
Mobitel-076-6573032,Mobile,+8550766573032
Mobitel-076-6573033,Mobile,+8550766573033
Mobitel-076-6573034,Mobile,+8550766573034
Mobitel-076-6573035,Mobile,+8550766573035
Mobitel-076-6573036,Mobile,+8550766573036
Mobitel-076-6573037,Mobile,+8550766573037
Mobitel-076-6573038,Mobile,+8550766573038
Mobitel-076-6573039,Mobile,+8550766573039
Mobitel-076-6573040,Mobile,+8550766573040
Mobitel-076-6573041,Mobile,+8550766573041
Mobitel-076-6573042,Mobile,+8550766573042
Mobitel-076-6573043,Mobile,+8550766573043
Mobitel-076-6573044,Mobile,+8550766573044
Mobitel-076-6573045,Mobile,+8550766573045
Mobitel-076-6573046,Mobile,+8550766573046
Mobitel-076-6573047,Mobile,+8550766573047
Mobitel-076-6573048,Mobile,+8550766573048
Mobitel-076-6573049,Mobile,+8550766573049
Mobitel-076-6573050,Mobile,+8550766573050
Mobitel-076-6573051,Mobile,+8550766573051
Mobitel-076-6573052,Mobile,+8550766573052
Mobitel-076-6573053,Mobile,+8550766573053
Mobitel-076-6573054,Mobile,+8550766573054
Mobitel-076-6573055,Mobile,+8550766573055
Mobitel-076-6573056,Mobile,+8550766573056
Mobitel-076-6573057,Mobile,+8550766573057
Mobitel-076-6573058,Mobile,+8550766573058
Mobitel-076-6573059,Mobile,+8550766573059
Mobitel-076-6573060,Mobile,+8550766573060
Mobitel-076-6573061,Mobile,+8550766573061
Mobitel-076-6573062,Mobile,+8550766573062
Mobitel-076-6573063,Mobile,+8550766573063
Mobitel-076-6573064,Mobile,+8550766573064
Mobitel-076-6573065,Mobile,+8550766573065
Mobitel-076-6573066,Mobile,+8550766573066
Mobitel-076-6573067,Mobile,+8550766573067
Mobitel-076-6573068,Mobile,+8550766573068
Mobitel-076-6573069,Mobile,+8550766573069
Mobitel-076-6573070,Mobile,+8550766573070
Mobitel-076-6573071,Mobile,+8550766573071
Mobitel-076-6573072,Mobile,+8550766573072
Mobitel-076-6573073,Mobile,+8550766573073
Mobitel-076-6573074,Mobile,+8550766573074
Mobitel-076-6573075,Mobile,+8550766573075
Mobitel-076-6573076,Mobile,+8550766573076
Mobitel-076-6573077,Mobile,+8550766573077
Mobitel-076-6573078,Mobile,+8550766573078
Mobitel-076-6573079,Mobile,+8550766573079
Mobitel-076-6573080,Mobile,+8550766573080
Mobitel-076-6573081,Mobile,+8550766573081
Mobitel-076-6573082,Mobile,+8550766573082
Mobitel-076-6573083,Mobile,+8550766573083
Mobitel-076-6573084,Mobile,+8550766573084
Mobitel-076-6573085,Mobile,+8550766573085
Mobitel-076-6573086,Mobile,+8550766573086
Mobitel-076-6573087,Mobile,+8550766573087
Mobitel-076-6573088,Mobile,+8550766573088
Mobitel-076-6573089,Mobile,+8550766573089
Mobitel-076-6573090,Mobile,+8550766573090
Mobitel-076-6573091,Mobile,+8550766573091
Mobitel-076-6573092,Mobile,+8550766573092
Mobitel-076-6573093,Mobile,+8550766573093
Mobitel-076-6573094,Mobile,+8550766573094
Mobitel-076-6573095,Mobile,+8550766573095
Mobitel-076-6573096,Mobile,+8550766573096
Mobitel-076-6573097,Mobile,+8550766573097
Mobitel-076-6573098,Mobile,+8550766573098
Mobitel-076-6573099,Mobile,+8550766573099
Mobitel-076-6573100,Mobile,+8550766573100
Mobitel-076-6573101,Mobile,+8550766573101
Mobitel-076-6573102,Mobile,+8550766573102
Mobitel-076-6573103,Mobile,+8550766573103
Mobitel-076-6573104,Mobile,+8550766573104
Mobitel-076-6573105,Mobile,+8550766573105
Mobitel-076-6573106,Mobile,+8550766573106
Mobitel-076-6573107,Mobile,+8550766573107
Mobitel-076-6573108,Mobile,+8550766573108
Mobitel-076-6573109,Mobile,+8550766573109
Mobitel-076-6573110,Mobile,+8550766573110
Mobitel-076-6573111,Mobile,+8550766573111
Mobitel-076-6573112,Mobile,+8550766573112
Mobitel-076-6573113,Mobile,+8550766573113
Mobitel-076-6573114,Mobile,+8550766573114
Mobitel-076-6573115,Mobile,+8550766573115
Mobitel-076-6573116,Mobile,+8550766573116
Mobitel-076-6573117,Mobile,+8550766573117
Mobitel-076-6573118,Mobile,+8550766573118
Mobitel-076-6573119,Mobile,+8550766573119
Mobitel-076-6573120,Mobile,+8550766573120
Mobitel-076-6573121,Mobile,+8550766573121
Mobitel-076-6573122,Mobile,+8550766573122
Mobitel-076-6573123,Mobile,+8550766573123
Mobitel-076-6573124,Mobile,+8550766573124
Mobitel-076-6573125,Mobile,+8550766573125
Mobitel-076-6573126,Mobile,+8550766573126
Mobitel-076-6573127,Mobile,+8550766573127
Mobitel-076-6573128,Mobile,+8550766573128
Mobitel-076-6573129,Mobile,+8550766573129
Mobitel-076-6573130,Mobile,+8550766573130
Mobitel-076-6573131,Mobile,+8550766573131
Mobitel-076-6573132,Mobile,+8550766573132
Mobitel-076-6573133,Mobile,+8550766573133
Mobitel-076-6573134,Mobile,+8550766573134
Mobitel-076-6573135,Mobile,+8550766573135
Mobitel-076-6573136,Mobile,+8550766573136
Mobitel-076-6573137,Mobile,+8550766573137
Mobitel-076-6573138,Mobile,+8550766573138
Mobitel-076-6573139,Mobile,+8550766573139
Mobitel-076-6573140,Mobile,+8550766573140
Mobitel-076-6573141,Mobile,+8550766573141
Mobitel-076-6573142,Mobile,+8550766573142
Mobitel-076-6573143,Mobile,+8550766573143
Mobitel-076-6573144,Mobile,+8550766573144
Mobitel-076-6573145,Mobile,+8550766573145
Mobitel-076-6573146,Mobile,+8550766573146
Mobitel-076-6573147,Mobile,+8550766573147
Mobitel-076-6573148,Mobile,+8550766573148
Mobitel-076-6573149,Mobile,+8550766573149
Mobitel-076-6573150,Mobile,+8550766573150
Mobitel-076-6573151,Mobile,+8550766573151
Mobitel-076-6573152,Mobile,+8550766573152
Mobitel-076-6573153,Mobile,+8550766573153
Mobitel-076-6573154,Mobile,+8550766573154
Mobitel-076-6573155,Mobile,+8550766573155
Mobitel-076-6573156,Mobile,+8550766573156
Mobitel-076-6573157,Mobile,+8550766573157
Mobitel-076-6573158,Mobile,+8550766573158
Mobitel-076-6573159,Mobile,+8550766573159
Mobitel-076-6573160,Mobile,+8550766573160
Mobitel-076-6573161,Mobile,+8550766573161
Mobitel-076-6573162,Mobile,+8550766573162
Mobitel-076-6573163,Mobile,+8550766573163
Mobitel-076-6573164,Mobile,+8550766573164
Mobitel-076-6573165,Mobile,+8550766573165
Mobitel-076-6573166,Mobile,+8550766573166
Mobitel-076-6573167,Mobile,+8550766573167
Mobitel-076-6573168,Mobile,+8550766573168
Mobitel-076-6573169,Mobile,+8550766573169
Mobitel-076-6573170,Mobile,+8550766573170
Mobitel-076-6573171,Mobile,+8550766573171
Mobitel-076-6573172,Mobile,+8550766573172
Mobitel-076-6573173,Mobile,+8550766573173
Mobitel-076-6573174,Mobile,+8550766573174
Mobitel-076-6573175,Mobile,+8550766573175
Mobitel-076-6573176,Mobile,+8550766573176
Mobitel-076-6573177,Mobile,+8550766573177
Mobitel-076-6573178,Mobile,+8550766573178
Mobitel-076-6573179,Mobile,+8550766573179
Mobitel-076-6573180,Mobile,+8550766573180
Mobitel-076-6573181,Mobile,+8550766573181
Mobitel-076-6573182,Mobile,+8550766573182
Mobitel-076-6573183,Mobile,+8550766573183
Mobitel-076-6573184,Mobile,+8550766573184
Mobitel-076-6573185,Mobile,+8550766573185
Mobitel-076-6573186,Mobile,+8550766573186
Mobitel-076-6573187,Mobile,+8550766573187
Mobitel-076-6573188,Mobile,+8550766573188
Mobitel-076-6573189,Mobile,+8550766573189
Mobitel-076-6573190,Mobile,+8550766573190
Mobitel-076-6573191,Mobile,+8550766573191
Mobitel-076-6573192,Mobile,+8550766573192
Mobitel-076-6573193,Mobile,+8550766573193
Mobitel-076-6573194,Mobile,+8550766573194
Mobitel-076-6573195,Mobile,+8550766573195
Mobitel-076-6573196,Mobile,+8550766573196
Mobitel-076-6573197,Mobile,+8550766573197
Mobitel-076-6573198,Mobile,+8550766573198
Mobitel-076-6573199,Mobile,+8550766573199
Mobitel-076-6573200,Mobile,+8550766573200
Mobitel-076-6573201,Mobile,+8550766573201
Mobitel-076-6573202,Mobile,+8550766573202
Mobitel-076-6573203,Mobile,+8550766573203
Mobitel-076-6573204,Mobile,+8550766573204
Mobitel-076-6573205,Mobile,+8550766573205
Mobitel-076-6573206,Mobile,+8550766573206
Mobitel-076-6573207,Mobile,+8550766573207
Mobitel-076-6573208,Mobile,+8550766573208
Mobitel-076-6573209,Mobile,+8550766573209
Mobitel-076-6573210,Mobile,+8550766573210
Mobitel-076-6573211,Mobile,+8550766573211
Mobitel-076-6573212,Mobile,+8550766573212
Mobitel-076-6573213,Mobile,+8550766573213
Mobitel-076-6573214,Mobile,+8550766573214
Mobitel-076-6573215,Mobile,+8550766573215
Mobitel-076-6573216,Mobile,+8550766573216
Mobitel-076-6573217,Mobile,+8550766573217
Mobitel-076-6573218,Mobile,+8550766573218
Mobitel-076-6573219,Mobile,+8550766573219
Mobitel-076-6573220,Mobile,+8550766573220
Mobitel-076-6573221,Mobile,+8550766573221
Mobitel-076-6573222,Mobile,+8550766573222
Mobitel-076-6573223,Mobile,+8550766573223
Mobitel-076-6573224,Mobile,+8550766573224
Mobitel-076-6573225,Mobile,+8550766573225
Mobitel-076-6573226,Mobile,+8550766573226
Mobitel-076-6573227,Mobile,+8550766573227
Mobitel-076-6573228,Mobile,+8550766573228
Mobitel-076-6573229,Mobile,+8550766573229
Mobitel-076-6573230,Mobile,+8550766573230
Mobitel-076-6573231,Mobile,+8550766573231
Mobitel-076-6573232,Mobile,+8550766573232
Mobitel-076-6573233,Mobile,+8550766573233
Mobitel-076-6573234,Mobile,+8550766573234
Mobitel-076-6573235,Mobile,+8550766573235
Mobitel-076-6573236,Mobile,+8550766573236
Mobitel-076-6573237,Mobile,+8550766573237
Mobitel-076-6573238,Mobile,+8550766573238
Mobitel-076-6573239,Mobile,+8550766573239
Mobitel-076-6573240,Mobile,+8550766573240
Mobitel-076-6573241,Mobile,+8550766573241
Mobitel-076-6573242,Mobile,+8550766573242
Mobitel-076-6573243,Mobile,+8550766573243
Mobitel-076-6573244,Mobile,+8550766573244
Mobitel-076-6573245,Mobile,+8550766573245
Mobitel-076-6573246,Mobile,+8550766573246
Mobitel-076-6573247,Mobile,+8550766573247
Mobitel-076-6573248,Mobile,+8550766573248
Mobitel-076-6573249,Mobile,+8550766573249
Mobitel-076-6573250,Mobile,+8550766573250
Mobitel-076-6573251,Mobile,+8550766573251
Mobitel-076-6573252,Mobile,+8550766573252
Mobitel-076-6573253,Mobile,+8550766573253
Mobitel-076-6573254,Mobile,+8550766573254
Mobitel-076-6573255,Mobile,+8550766573255
Mobitel-076-6573256,Mobile,+8550766573256
Mobitel-076-6573257,Mobile,+8550766573257
Mobitel-076-6573258,Mobile,+8550766573258
Mobitel-076-6573259,Mobile,+8550766573259
Mobitel-076-6573260,Mobile,+8550766573260
Mobitel-076-6573261,Mobile,+8550766573261
Mobitel-076-6573262,Mobile,+8550766573262
Mobitel-076-6573263,Mobile,+8550766573263
Mobitel-076-6573264,Mobile,+8550766573264
Mobitel-076-6573265,Mobile,+8550766573265
Mobitel-076-6573266,Mobile,+8550766573266
Mobitel-076-6573267,Mobile,+8550766573267
Mobitel-076-6573268,Mobile,+8550766573268
Mobitel-076-6573269,Mobile,+8550766573269
Mobitel-076-6573270,Mobile,+8550766573270
Mobitel-076-6573271,Mobile,+8550766573271
Mobitel-076-6573272,Mobile,+8550766573272
Mobitel-076-6573273,Mobile,+8550766573273
Mobitel-076-6573274,Mobile,+8550766573274
Mobitel-076-6573275,Mobile,+8550766573275
Mobitel-076-6573276,Mobile,+8550766573276
Mobitel-076-6573277,Mobile,+8550766573277
Mobitel-076-6573278,Mobile,+8550766573278
Mobitel-076-6573279,Mobile,+8550766573279
Mobitel-076-6573280,Mobile,+8550766573280
Mobitel-076-6573281,Mobile,+8550766573281
Mobitel-076-6573282,Mobile,+8550766573282
Mobitel-076-6573283,Mobile,+8550766573283
Mobitel-076-6573284,Mobile,+8550766573284
Mobitel-076-6573285,Mobile,+8550766573285
Mobitel-076-6573286,Mobile,+8550766573286
Mobitel-076-6573287,Mobile,+8550766573287
Mobitel-076-6573288,Mobile,+8550766573288
Mobitel-076-6573289,Mobile,+8550766573289
Mobitel-076-6573290,Mobile,+8550766573290
Mobitel-076-6573291,Mobile,+8550766573291
Mobitel-076-6573292,Mobile,+8550766573292
Mobitel-076-6573293,Mobile,+8550766573293
Mobitel-076-6573294,Mobile,+8550766573294
Mobitel-076-6573295,Mobile,+8550766573295
Mobitel-076-6573296,Mobile,+8550766573296
Mobitel-076-6573297,Mobile,+8550766573297
Mobitel-076-6573298,Mobile,+8550766573298
Mobitel-076-6573299,Mobile,+8550766573299
Mobitel-076-6573300,Mobile,+8550766573300
Mobitel-076-6573301,Mobile,+8550766573301
Mobitel-076-6573302,Mobile,+8550766573302
Mobitel-076-6573303,Mobile,+8550766573303
Mobitel-076-6573304,Mobile,+8550766573304
Mobitel-076-6573305,Mobile,+8550766573305
Mobitel-076-6573306,Mobile,+8550766573306
Mobitel-076-6573307,Mobile,+8550766573307
Mobitel-076-6573308,Mobile,+8550766573308
Mobitel-076-6573309,Mobile,+8550766573309
Mobitel-076-6573310,Mobile,+8550766573310
Mobitel-076-6573311,Mobile,+8550766573311
Mobitel-076-6573312,Mobile,+8550766573312
Mobitel-076-6573313,Mobile,+8550766573313
Mobitel-076-6573314,Mobile,+8550766573314
Mobitel-076-6573315,Mobile,+8550766573315
Mobitel-076-6573316,Mobile,+8550766573316
Mobitel-076-6573317,Mobile,+8550766573317
Mobitel-076-6573318,Mobile,+8550766573318
Mobitel-076-6573319,Mobile,+8550766573319
Mobitel-076-6573320,Mobile,+8550766573320
Mobitel-076-6573321,Mobile,+8550766573321
Mobitel-076-6573322,Mobile,+8550766573322
Mobitel-076-6573323,Mobile,+8550766573323
Mobitel-076-6573324,Mobile,+8550766573324
Mobitel-076-6573325,Mobile,+8550766573325
Mobitel-076-6573326,Mobile,+8550766573326
Mobitel-076-6573327,Mobile,+8550766573327
Mobitel-076-6573328,Mobile,+8550766573328
Mobitel-076-6573329,Mobile,+8550766573329
Mobitel-076-6573330,Mobile,+8550766573330
Mobitel-076-6573331,Mobile,+8550766573331
Mobitel-076-6573332,Mobile,+8550766573332
Mobitel-076-6573333,Mobile,+8550766573333
Mobitel-076-6573334,Mobile,+8550766573334
Mobitel-076-6573335,Mobile,+8550766573335
Mobitel-076-6573336,Mobile,+8550766573336
Mobitel-076-6573337,Mobile,+8550766573337
Mobitel-076-6573338,Mobile,+8550766573338
Mobitel-076-6573339,Mobile,+8550766573339
Mobitel-076-6573340,Mobile,+8550766573340
Mobitel-076-6573341,Mobile,+8550766573341
Mobitel-076-6573342,Mobile,+8550766573342
Mobitel-076-6573343,Mobile,+8550766573343
Mobitel-076-6573344,Mobile,+8550766573344
Mobitel-076-6573345,Mobile,+8550766573345
Mobitel-076-6573346,Mobile,+8550766573346
Mobitel-076-6573347,Mobile,+8550766573347
Mobitel-076-6573348,Mobile,+8550766573348
Mobitel-076-6573349,Mobile,+8550766573349
Mobitel-076-6573350,Mobile,+8550766573350
Mobitel-076-6573351,Mobile,+8550766573351
Mobitel-076-6573352,Mobile,+8550766573352
Mobitel-076-6573353,Mobile,+8550766573353
Mobitel-076-6573354,Mobile,+8550766573354
Mobitel-076-6573355,Mobile,+8550766573355
Mobitel-076-6573356,Mobile,+8550766573356
Mobitel-076-6573357,Mobile,+8550766573357
Mobitel-076-6573358,Mobile,+8550766573358
Mobitel-076-6573359,Mobile,+8550766573359
Mobitel-076-6573360,Mobile,+8550766573360
Mobitel-076-6573361,Mobile,+8550766573361
Mobitel-076-6573362,Mobile,+8550766573362
Mobitel-076-6573363,Mobile,+8550766573363
Mobitel-076-6573364,Mobile,+8550766573364
Mobitel-076-6573365,Mobile,+8550766573365
Mobitel-076-6573366,Mobile,+8550766573366
Mobitel-076-6573367,Mobile,+8550766573367
Mobitel-076-6573368,Mobile,+8550766573368
Mobitel-076-6573369,Mobile,+8550766573369
Mobitel-076-6573370,Mobile,+8550766573370
Mobitel-076-6573371,Mobile,+8550766573371
Mobitel-076-6573372,Mobile,+8550766573372
Mobitel-076-6573373,Mobile,+8550766573373
Mobitel-076-6573374,Mobile,+8550766573374
Mobitel-076-6573375,Mobile,+8550766573375
Mobitel-076-6573376,Mobile,+8550766573376
Mobitel-076-6573377,Mobile,+8550766573377
Mobitel-076-6573378,Mobile,+8550766573378
Mobitel-076-6573379,Mobile,+8550766573379
Mobitel-076-6573380,Mobile,+8550766573380
Mobitel-076-6573381,Mobile,+8550766573381
Mobitel-076-6573382,Mobile,+8550766573382
Mobitel-076-6573383,Mobile,+8550766573383
Mobitel-076-6573384,Mobile,+8550766573384
Mobitel-076-6573385,Mobile,+8550766573385
Mobitel-076-6573386,Mobile,+8550766573386
Mobitel-076-6573387,Mobile,+8550766573387
Mobitel-076-6573388,Mobile,+8550766573388
Mobitel-076-6573389,Mobile,+8550766573389
Mobitel-076-6573390,Mobile,+8550766573390
Mobitel-076-6573391,Mobile,+8550766573391
Mobitel-076-6573392,Mobile,+8550766573392
Mobitel-076-6573393,Mobile,+8550766573393
Mobitel-076-6573394,Mobile,+8550766573394
Mobitel-076-6573395,Mobile,+8550766573395
Mobitel-076-6573396,Mobile,+8550766573396
Mobitel-076-6573397,Mobile,+8550766573397
Mobitel-076-6573398,Mobile,+8550766573398
Mobitel-076-6573399,Mobile,+8550766573399
Mobitel-076-6573400,Mobile,+8550766573400
Mobitel-076-6573401,Mobile,+8550766573401
Mobitel-076-6573402,Mobile,+8550766573402
Mobitel-076-6573403,Mobile,+8550766573403
Mobitel-076-6573404,Mobile,+8550766573404
Mobitel-076-6573405,Mobile,+8550766573405
Mobitel-076-6573406,Mobile,+8550766573406
Mobitel-076-6573407,Mobile,+8550766573407
Mobitel-076-6573408,Mobile,+8550766573408
Mobitel-076-6573409,Mobile,+8550766573409
Mobitel-076-6573410,Mobile,+8550766573410
Mobitel-076-6573411,Mobile,+8550766573411
Mobitel-076-6573412,Mobile,+8550766573412
Mobitel-076-6573413,Mobile,+8550766573413
Mobitel-076-6573414,Mobile,+8550766573414
Mobitel-076-6573415,Mobile,+8550766573415
Mobitel-076-6573416,Mobile,+8550766573416
Mobitel-076-6573417,Mobile,+8550766573417
Mobitel-076-6573418,Mobile,+8550766573418
Mobitel-076-6573419,Mobile,+8550766573419
Mobitel-076-6573420,Mobile,+8550766573420
Mobitel-076-6573421,Mobile,+8550766573421
Mobitel-076-6573422,Mobile,+8550766573422
Mobitel-076-6573423,Mobile,+8550766573423
Mobitel-076-6573424,Mobile,+8550766573424
Mobitel-076-6573425,Mobile,+8550766573425
Mobitel-076-6573426,Mobile,+8550766573426
Mobitel-076-6573427,Mobile,+8550766573427
Mobitel-076-6573428,Mobile,+8550766573428
Mobitel-076-6573429,Mobile,+8550766573429
Mobitel-076-6573430,Mobile,+8550766573430
Mobitel-076-6573431,Mobile,+8550766573431
Mobitel-076-6573432,Mobile,+8550766573432
Mobitel-076-6573433,Mobile,+8550766573433
Mobitel-076-6573434,Mobile,+8550766573434
Mobitel-076-6573435,Mobile,+8550766573435
Mobitel-076-6573436,Mobile,+8550766573436
Mobitel-076-6573437,Mobile,+8550766573437
Mobitel-076-6573438,Mobile,+8550766573438
Mobitel-076-6573439,Mobile,+8550766573439
Mobitel-076-6573440,Mobile,+8550766573440
Mobitel-076-6573441,Mobile,+8550766573441
Mobitel-076-6573442,Mobile,+8550766573442
Mobitel-076-6573443,Mobile,+8550766573443
Mobitel-076-6573444,Mobile,+8550766573444
Mobitel-076-6573445,Mobile,+8550766573445
Mobitel-076-6573446,Mobile,+8550766573446
Mobitel-076-6573447,Mobile,+8550766573447
Mobitel-076-6573448,Mobile,+8550766573448
Mobitel-076-6573449,Mobile,+8550766573449
Mobitel-076-6573450,Mobile,+8550766573450
Mobitel-076-6573451,Mobile,+8550766573451
Mobitel-076-6573452,Mobile,+8550766573452
Mobitel-076-6573453,Mobile,+8550766573453
Mobitel-076-6573454,Mobile,+8550766573454
Mobitel-076-6573455,Mobile,+8550766573455
Mobitel-076-6573456,Mobile,+8550766573456
Mobitel-076-6573457,Mobile,+8550766573457
Mobitel-076-6573458,Mobile,+8550766573458
Mobitel-076-6573459,Mobile,+8550766573459
Mobitel-076-6573460,Mobile,+8550766573460
Mobitel-076-6573461,Mobile,+8550766573461
Mobitel-076-6573462,Mobile,+8550766573462
Mobitel-076-6573463,Mobile,+8550766573463
Mobitel-076-6573464,Mobile,+8550766573464
Mobitel-076-6573465,Mobile,+8550766573465
Mobitel-076-6573466,Mobile,+8550766573466
Mobitel-076-6573467,Mobile,+8550766573467
Mobitel-076-6573468,Mobile,+8550766573468
Mobitel-076-6573469,Mobile,+8550766573469
Mobitel-076-6573470,Mobile,+8550766573470
Mobitel-076-6573471,Mobile,+8550766573471
Mobitel-076-6573472,Mobile,+8550766573472
Mobitel-076-6573473,Mobile,+8550766573473
Mobitel-076-6573474,Mobile,+8550766573474
Mobitel-076-6573475,Mobile,+8550766573475
Mobitel-076-6573476,Mobile,+8550766573476
Mobitel-076-6573477,Mobile,+8550766573477
Mobitel-076-6573478,Mobile,+8550766573478
Mobitel-076-6573479,Mobile,+8550766573479
Mobitel-076-6573480,Mobile,+8550766573480
Mobitel-076-6573481,Mobile,+8550766573481
Mobitel-076-6573482,Mobile,+8550766573482
Mobitel-076-6573483,Mobile,+8550766573483
Mobitel-076-6573484,Mobile,+8550766573484
Mobitel-076-6573485,Mobile,+8550766573485
Mobitel-076-6573486,Mobile,+8550766573486
Mobitel-076-6573487,Mobile,+8550766573487
Mobitel-076-6573488,Mobile,+8550766573488
Mobitel-076-6573489,Mobile,+8550766573489
Mobitel-076-6573490,Mobile,+8550766573490
Mobitel-076-6573491,Mobile,+8550766573491
Mobitel-076-6573492,Mobile,+8550766573492
Mobitel-076-6573493,Mobile,+8550766573493
Mobitel-076-6573494,Mobile,+8550766573494
Mobitel-076-6573495,Mobile,+8550766573495
Mobitel-076-6573496,Mobile,+8550766573496
Mobitel-076-6573497,Mobile,+8550766573497
Mobitel-076-6573498,Mobile,+8550766573498
Mobitel-076-6573499,Mobile,+8550766573499
Mobitel-076-6573500,Mobile,+8550766573500
Mobitel-076-6573501,Mobile,+8550766573501
Mobitel-076-6573502,Mobile,+8550766573502
Mobitel-076-6573503,Mobile,+8550766573503
Mobitel-076-6573504,Mobile,+8550766573504
Mobitel-076-6573505,Mobile,+8550766573505
Mobitel-076-6573506,Mobile,+8550766573506
Mobitel-076-6573507,Mobile,+8550766573507
Mobitel-076-6573508,Mobile,+8550766573508
Mobitel-076-6573509,Mobile,+8550766573509
Mobitel-076-6573510,Mobile,+8550766573510
Mobitel-076-6573511,Mobile,+8550766573511
Mobitel-076-6573512,Mobile,+8550766573512
Mobitel-076-6573513,Mobile,+8550766573513
Mobitel-076-6573514,Mobile,+8550766573514
Mobitel-076-6573515,Mobile,+8550766573515
Mobitel-076-6573516,Mobile,+8550766573516
Mobitel-076-6573517,Mobile,+8550766573517
Mobitel-076-6573518,Mobile,+8550766573518
Mobitel-076-6573519,Mobile,+8550766573519
Mobitel-076-6573520,Mobile,+8550766573520
Mobitel-076-6573521,Mobile,+8550766573521
Mobitel-076-6573522,Mobile,+8550766573522
Mobitel-076-6573523,Mobile,+8550766573523
Mobitel-076-6573524,Mobile,+8550766573524
Mobitel-076-6573525,Mobile,+8550766573525
Mobitel-076-6573526,Mobile,+8550766573526
Mobitel-076-6573527,Mobile,+8550766573527
Mobitel-076-6573528,Mobile,+8550766573528
Mobitel-076-6573529,Mobile,+8550766573529
Mobitel-076-6573530,Mobile,+8550766573530
Mobitel-076-6573531,Mobile,+8550766573531
Mobitel-076-6573532,Mobile,+8550766573532
Mobitel-076-6573533,Mobile,+8550766573533
Mobitel-076-6573534,Mobile,+8550766573534
Mobitel-076-6573535,Mobile,+8550766573535
Mobitel-076-6573536,Mobile,+8550766573536
Mobitel-076-6573537,Mobile,+8550766573537
Mobitel-076-6573538,Mobile,+8550766573538
Mobitel-076-6573539,Mobile,+8550766573539
Mobitel-076-6573540,Mobile,+8550766573540
Mobitel-076-6573541,Mobile,+8550766573541
Mobitel-076-6573542,Mobile,+8550766573542
Mobitel-076-6573543,Mobile,+8550766573543
Mobitel-076-6573544,Mobile,+8550766573544
Mobitel-076-6573545,Mobile,+8550766573545
Mobitel-076-6573546,Mobile,+8550766573546
Mobitel-076-6573547,Mobile,+8550766573547
Mobitel-076-6573548,Mobile,+8550766573548
Mobitel-076-6573549,Mobile,+8550766573549
Mobitel-076-6573550,Mobile,+8550766573550
Mobitel-076-6573551,Mobile,+8550766573551
Mobitel-076-6573552,Mobile,+8550766573552
Mobitel-076-6573553,Mobile,+8550766573553
Mobitel-076-6573554,Mobile,+8550766573554
Mobitel-076-6573555,Mobile,+8550766573555
Mobitel-076-6573556,Mobile,+8550766573556
Mobitel-076-6573557,Mobile,+8550766573557
Mobitel-076-6573558,Mobile,+8550766573558
Mobitel-076-6573559,Mobile,+8550766573559
Mobitel-076-6573560,Mobile,+8550766573560
Mobitel-076-6573561,Mobile,+8550766573561
Mobitel-076-6573562,Mobile,+8550766573562
Mobitel-076-6573563,Mobile,+8550766573563
Mobitel-076-6573564,Mobile,+8550766573564
Mobitel-076-6573565,Mobile,+8550766573565
Mobitel-076-6573566,Mobile,+8550766573566
Mobitel-076-6573567,Mobile,+8550766573567
Mobitel-076-6573568,Mobile,+8550766573568
Mobitel-076-6573569,Mobile,+8550766573569
Mobitel-076-6573570,Mobile,+8550766573570
Mobitel-076-6573571,Mobile,+8550766573571
Mobitel-076-6573572,Mobile,+8550766573572
Mobitel-076-6573573,Mobile,+8550766573573
Mobitel-076-6573574,Mobile,+8550766573574
Mobitel-076-6573575,Mobile,+8550766573575
Mobitel-076-6573576,Mobile,+8550766573576
Mobitel-076-6573577,Mobile,+8550766573577
Mobitel-076-6573578,Mobile,+8550766573578
Mobitel-076-6573579,Mobile,+8550766573579
Mobitel-076-6573580,Mobile,+8550766573580
Mobitel-076-6573581,Mobile,+8550766573581
Mobitel-076-6573582,Mobile,+8550766573582
Mobitel-076-6573583,Mobile,+8550766573583
Mobitel-076-6573584,Mobile,+8550766573584
Mobitel-076-6573585,Mobile,+8550766573585
Mobitel-076-6573586,Mobile,+8550766573586
Mobitel-076-6573587,Mobile,+8550766573587
Mobitel-076-6573588,Mobile,+8550766573588
Mobitel-076-6573589,Mobile,+8550766573589
Mobitel-076-6573590,Mobile,+8550766573590
Mobitel-076-6573591,Mobile,+8550766573591
Mobitel-076-6573592,Mobile,+8550766573592
Mobitel-076-6573593,Mobile,+8550766573593
Mobitel-076-6573594,Mobile,+8550766573594
Mobitel-076-6573595,Mobile,+8550766573595
Mobitel-076-6573596,Mobile,+8550766573596
Mobitel-076-6573597,Mobile,+8550766573597
Mobitel-076-6573598,Mobile,+8550766573598
Mobitel-076-6573599,Mobile,+8550766573599
Mobitel-076-6573600,Mobile,+8550766573600
Mobitel-076-6573601,Mobile,+8550766573601
Mobitel-076-6573602,Mobile,+8550766573602
Mobitel-076-6573603,Mobile,+8550766573603
Mobitel-076-6573604,Mobile,+8550766573604
Mobitel-076-6573605,Mobile,+8550766573605
Mobitel-076-6573606,Mobile,+8550766573606
Mobitel-076-6573607,Mobile,+8550766573607
Mobitel-076-6573608,Mobile,+8550766573608
Mobitel-076-6573609,Mobile,+8550766573609
Mobitel-076-6573610,Mobile,+8550766573610
Mobitel-076-6573611,Mobile,+8550766573611
Mobitel-076-6573612,Mobile,+8550766573612
Mobitel-076-6573613,Mobile,+8550766573613
Mobitel-076-6573614,Mobile,+8550766573614
Mobitel-076-6573615,Mobile,+8550766573615
Mobitel-076-6573616,Mobile,+8550766573616
Mobitel-076-6573617,Mobile,+8550766573617
Mobitel-076-6573618,Mobile,+8550766573618
Mobitel-076-6573619,Mobile,+8550766573619
Mobitel-076-6573620,Mobile,+8550766573620
Mobitel-076-6573621,Mobile,+8550766573621
Mobitel-076-6573622,Mobile,+8550766573622
Mobitel-076-6573623,Mobile,+8550766573623
Mobitel-076-6573624,Mobile,+8550766573624
Mobitel-076-6573625,Mobile,+8550766573625
Mobitel-076-6573626,Mobile,+8550766573626
Mobitel-076-6573627,Mobile,+8550766573627
Mobitel-076-6573628,Mobile,+8550766573628
Mobitel-076-6573629,Mobile,+8550766573629
Mobitel-076-6573630,Mobile,+8550766573630
Mobitel-076-6573631,Mobile,+8550766573631
Mobitel-076-6573632,Mobile,+8550766573632
Mobitel-076-6573633,Mobile,+8550766573633
Mobitel-076-6573634,Mobile,+8550766573634
Mobitel-076-6573635,Mobile,+8550766573635
Mobitel-076-6573636,Mobile,+8550766573636
Mobitel-076-6573637,Mobile,+8550766573637
Mobitel-076-6573638,Mobile,+8550766573638
Mobitel-076-6573639,Mobile,+8550766573639
Mobitel-076-6573640,Mobile,+8550766573640
Mobitel-076-6573641,Mobile,+8550766573641
Mobitel-076-6573642,Mobile,+8550766573642
Mobitel-076-6573643,Mobile,+8550766573643
Mobitel-076-6573644,Mobile,+8550766573644
Mobitel-076-6573645,Mobile,+8550766573645
Mobitel-076-6573646,Mobile,+8550766573646
Mobitel-076-6573647,Mobile,+8550766573647
Mobitel-076-6573648,Mobile,+8550766573648
Mobitel-076-6573649,Mobile,+8550766573649
Mobitel-076-6573650,Mobile,+8550766573650
Mobitel-076-6573651,Mobile,+8550766573651
Mobitel-076-6573652,Mobile,+8550766573652
Mobitel-076-6573653,Mobile,+8550766573653
Mobitel-076-6573654,Mobile,+8550766573654
Mobitel-076-6573655,Mobile,+8550766573655
Mobitel-076-6573656,Mobile,+8550766573656
Mobitel-076-6573657,Mobile,+8550766573657
Mobitel-076-6573658,Mobile,+8550766573658
Mobitel-076-6573659,Mobile,+8550766573659
Mobitel-076-6573660,Mobile,+8550766573660
Mobitel-076-6573661,Mobile,+8550766573661
Mobitel-076-6573662,Mobile,+8550766573662
Mobitel-076-6573663,Mobile,+8550766573663
Mobitel-076-6573664,Mobile,+8550766573664
Mobitel-076-6573665,Mobile,+8550766573665
Mobitel-076-6573666,Mobile,+8550766573666
Mobitel-076-6573667,Mobile,+8550766573667
Mobitel-076-6573668,Mobile,+8550766573668
Mobitel-076-6573669,Mobile,+8550766573669
Mobitel-076-6573670,Mobile,+8550766573670
Mobitel-076-6573671,Mobile,+8550766573671
Mobitel-076-6573672,Mobile,+8550766573672
Mobitel-076-6573673,Mobile,+8550766573673
Mobitel-076-6573674,Mobile,+8550766573674
Mobitel-076-6573675,Mobile,+8550766573675
Mobitel-076-6573676,Mobile,+8550766573676
Mobitel-076-6573677,Mobile,+8550766573677
Mobitel-076-6573678,Mobile,+8550766573678
Mobitel-076-6573679,Mobile,+8550766573679
Mobitel-076-6573680,Mobile,+8550766573680
Mobitel-076-6573681,Mobile,+8550766573681
Mobitel-076-6573682,Mobile,+8550766573682
Mobitel-076-6573683,Mobile,+8550766573683
Mobitel-076-6573684,Mobile,+8550766573684
Mobitel-076-6573685,Mobile,+8550766573685
Mobitel-076-6573686,Mobile,+8550766573686
Mobitel-076-6573687,Mobile,+8550766573687
Mobitel-076-6573688,Mobile,+8550766573688
Mobitel-076-6573689,Mobile,+8550766573689
Mobitel-076-6573690,Mobile,+8550766573690
Mobitel-076-6573691,Mobile,+8550766573691
Mobitel-076-6573692,Mobile,+8550766573692
Mobitel-076-6573693,Mobile,+8550766573693
Mobitel-076-6573694,Mobile,+8550766573694
Mobitel-076-6573695,Mobile,+8550766573695
Mobitel-076-6573696,Mobile,+8550766573696
Mobitel-076-6573697,Mobile,+8550766573697
Mobitel-076-6573698,Mobile,+8550766573698
Mobitel-076-6573699,Mobile,+8550766573699
Mobitel-076-6573700,Mobile,+8550766573700
Mobitel-076-6573701,Mobile,+8550766573701
Mobitel-076-6573702,Mobile,+8550766573702
Mobitel-076-6573703,Mobile,+8550766573703
Mobitel-076-6573704,Mobile,+8550766573704
Mobitel-076-6573705,Mobile,+8550766573705
Mobitel-076-6573706,Mobile,+8550766573706
Mobitel-076-6573707,Mobile,+8550766573707
Mobitel-076-6573708,Mobile,+8550766573708
Mobitel-076-6573709,Mobile,+8550766573709
Mobitel-076-6573710,Mobile,+8550766573710
Mobitel-076-6573711,Mobile,+8550766573711
Mobitel-076-6573712,Mobile,+8550766573712
Mobitel-076-6573713,Mobile,+8550766573713
Mobitel-076-6573714,Mobile,+8550766573714
Mobitel-076-6573715,Mobile,+8550766573715
Mobitel-076-6573716,Mobile,+8550766573716
Mobitel-076-6573717,Mobile,+8550766573717
Mobitel-076-6573718,Mobile,+8550766573718
Mobitel-076-6573719,Mobile,+8550766573719
Mobitel-076-6573720,Mobile,+8550766573720
Mobitel-076-6573721,Mobile,+8550766573721
Mobitel-076-6573722,Mobile,+8550766573722
Mobitel-076-6573723,Mobile,+8550766573723
Mobitel-076-6573724,Mobile,+8550766573724
Mobitel-076-6573725,Mobile,+8550766573725
Mobitel-076-6573726,Mobile,+8550766573726
Mobitel-076-6573727,Mobile,+8550766573727
Mobitel-076-6573728,Mobile,+8550766573728
Mobitel-076-6573729,Mobile,+8550766573729
Mobitel-076-6573730,Mobile,+8550766573730
Mobitel-076-6573731,Mobile,+8550766573731
Mobitel-076-6573732,Mobile,+8550766573732
Mobitel-076-6573733,Mobile,+8550766573733
Mobitel-076-6573734,Mobile,+8550766573734
Mobitel-076-6573735,Mobile,+8550766573735
Mobitel-076-6573736,Mobile,+8550766573736
Mobitel-076-6573737,Mobile,+8550766573737
Mobitel-076-6573738,Mobile,+8550766573738
Mobitel-076-6573739,Mobile,+8550766573739
Mobitel-076-6573740,Mobile,+8550766573740
Mobitel-076-6573741,Mobile,+8550766573741
Mobitel-076-6573742,Mobile,+8550766573742
Mobitel-076-6573743,Mobile,+8550766573743
Mobitel-076-6573744,Mobile,+8550766573744
Mobitel-076-6573745,Mobile,+8550766573745
Mobitel-076-6573746,Mobile,+8550766573746
Mobitel-076-6573747,Mobile,+8550766573747
Mobitel-076-6573748,Mobile,+8550766573748
Mobitel-076-6573749,Mobile,+8550766573749
Mobitel-076-6573750,Mobile,+8550766573750
Mobitel-076-6573751,Mobile,+8550766573751
Mobitel-076-6573752,Mobile,+8550766573752
Mobitel-076-6573753,Mobile,+8550766573753
Mobitel-076-6573754,Mobile,+8550766573754
Mobitel-076-6573755,Mobile,+8550766573755
Mobitel-076-6573756,Mobile,+8550766573756
Mobitel-076-6573757,Mobile,+8550766573757
Mobitel-076-6573758,Mobile,+8550766573758
Mobitel-076-6573759,Mobile,+8550766573759
Mobitel-076-6573760,Mobile,+8550766573760
Mobitel-076-6573761,Mobile,+8550766573761
Mobitel-076-6573762,Mobile,+8550766573762
Mobitel-076-6573763,Mobile,+8550766573763
Mobitel-076-6573764,Mobile,+8550766573764
Mobitel-076-6573765,Mobile,+8550766573765
Mobitel-076-6573766,Mobile,+8550766573766
Mobitel-076-6573767,Mobile,+8550766573767
Mobitel-076-6573768,Mobile,+8550766573768
Mobitel-076-6573769,Mobile,+8550766573769
Mobitel-076-6573770,Mobile,+8550766573770
Mobitel-076-6573771,Mobile,+8550766573771
Mobitel-076-6573772,Mobile,+8550766573772
Mobitel-076-6573773,Mobile,+8550766573773
Mobitel-076-6573774,Mobile,+8550766573774
Mobitel-076-6573775,Mobile,+8550766573775
Mobitel-076-6573776,Mobile,+8550766573776
Mobitel-076-6573777,Mobile,+8550766573777
Mobitel-076-6573778,Mobile,+8550766573778
Mobitel-076-6573779,Mobile,+8550766573779
Mobitel-076-6573780,Mobile,+8550766573780
Mobitel-076-6573781,Mobile,+8550766573781
Mobitel-076-6573782,Mobile,+8550766573782
Mobitel-076-6573783,Mobile,+8550766573783
Mobitel-076-6573784,Mobile,+8550766573784
Mobitel-076-6573785,Mobile,+8550766573785
Mobitel-076-6573786,Mobile,+8550766573786
Mobitel-076-6573787,Mobile,+8550766573787
Mobitel-076-6573788,Mobile,+8550766573788
Mobitel-076-6573789,Mobile,+8550766573789
Mobitel-076-6573790,Mobile,+8550766573790
Mobitel-076-6573791,Mobile,+8550766573791
Mobitel-076-6573792,Mobile,+8550766573792
Mobitel-076-6573793,Mobile,+8550766573793
Mobitel-076-6573794,Mobile,+8550766573794
Mobitel-076-6573795,Mobile,+8550766573795
Mobitel-076-6573796,Mobile,+8550766573796
Mobitel-076-6573797,Mobile,+8550766573797
Mobitel-076-6573798,Mobile,+8550766573798
Mobitel-076-6573799,Mobile,+8550766573799
Mobitel-076-6573800,Mobile,+8550766573800
Mobitel-076-6573801,Mobile,+8550766573801
Mobitel-076-6573802,Mobile,+8550766573802
Mobitel-076-6573803,Mobile,+8550766573803
Mobitel-076-6573804,Mobile,+8550766573804
Mobitel-076-6573805,Mobile,+8550766573805
Mobitel-076-6573806,Mobile,+8550766573806
Mobitel-076-6573807,Mobile,+8550766573807
Mobitel-076-6573808,Mobile,+8550766573808
Mobitel-076-6573809,Mobile,+8550766573809
Mobitel-076-6573810,Mobile,+8550766573810
Mobitel-076-6573811,Mobile,+8550766573811
Mobitel-076-6573812,Mobile,+8550766573812
Mobitel-076-6573813,Mobile,+8550766573813
Mobitel-076-6573814,Mobile,+8550766573814
Mobitel-076-6573815,Mobile,+8550766573815
Mobitel-076-6573816,Mobile,+8550766573816
Mobitel-076-6573817,Mobile,+8550766573817
Mobitel-076-6573818,Mobile,+8550766573818
Mobitel-076-6573819,Mobile,+8550766573819
Mobitel-076-6573820,Mobile,+8550766573820
Mobitel-076-6573821,Mobile,+8550766573821
Mobitel-076-6573822,Mobile,+8550766573822
Mobitel-076-6573823,Mobile,+8550766573823
Mobitel-076-6573824,Mobile,+8550766573824
Mobitel-076-6573825,Mobile,+8550766573825
Mobitel-076-6573826,Mobile,+8550766573826
Mobitel-076-6573827,Mobile,+8550766573827
Mobitel-076-6573828,Mobile,+8550766573828
Mobitel-076-6573829,Mobile,+8550766573829
Mobitel-076-6573830,Mobile,+8550766573830
Mobitel-076-6573831,Mobile,+8550766573831
Mobitel-076-6573832,Mobile,+8550766573832
Mobitel-076-6573833,Mobile,+8550766573833
Mobitel-076-6573834,Mobile,+8550766573834
Mobitel-076-6573835,Mobile,+8550766573835
Mobitel-076-6573836,Mobile,+8550766573836
Mobitel-076-6573837,Mobile,+8550766573837
Mobitel-076-6573838,Mobile,+8550766573838
Mobitel-076-6573839,Mobile,+8550766573839
Mobitel-076-6573840,Mobile,+8550766573840
Mobitel-076-6573841,Mobile,+8550766573841
Mobitel-076-6573842,Mobile,+8550766573842
Mobitel-076-6573843,Mobile,+8550766573843
Mobitel-076-6573844,Mobile,+8550766573844
Mobitel-076-6573845,Mobile,+8550766573845
Mobitel-076-6573846,Mobile,+8550766573846
Mobitel-076-6573847,Mobile,+8550766573847
Mobitel-076-6573848,Mobile,+8550766573848
Mobitel-076-6573849,Mobile,+8550766573849
Mobitel-076-6573850,Mobile,+8550766573850
Mobitel-076-6573851,Mobile,+8550766573851
Mobitel-076-6573852,Mobile,+8550766573852
Mobitel-076-6573853,Mobile,+8550766573853
Mobitel-076-6573854,Mobile,+8550766573854
Mobitel-076-6573855,Mobile,+8550766573855
Mobitel-076-6573856,Mobile,+8550766573856
Mobitel-076-6573857,Mobile,+8550766573857
Mobitel-076-6573858,Mobile,+8550766573858
Mobitel-076-6573859,Mobile,+8550766573859
Mobitel-076-6573860,Mobile,+8550766573860
Mobitel-076-6573861,Mobile,+8550766573861
Mobitel-076-6573862,Mobile,+8550766573862
Mobitel-076-6573863,Mobile,+8550766573863
Mobitel-076-6573864,Mobile,+8550766573864
Mobitel-076-6573865,Mobile,+8550766573865
Mobitel-076-6573866,Mobile,+8550766573866
Mobitel-076-6573867,Mobile,+8550766573867
Mobitel-076-6573868,Mobile,+8550766573868
Mobitel-076-6573869,Mobile,+8550766573869
Mobitel-076-6573870,Mobile,+8550766573870
Mobitel-076-6573871,Mobile,+8550766573871
Mobitel-076-6573872,Mobile,+8550766573872
Mobitel-076-6573873,Mobile,+8550766573873
Mobitel-076-6573874,Mobile,+8550766573874
Mobitel-076-6573875,Mobile,+8550766573875
Mobitel-076-6573876,Mobile,+8550766573876
Mobitel-076-6573877,Mobile,+8550766573877
Mobitel-076-6573878,Mobile,+8550766573878
Mobitel-076-6573879,Mobile,+8550766573879
Mobitel-076-6573880,Mobile,+8550766573880
Mobitel-076-6573881,Mobile,+8550766573881
Mobitel-076-6573882,Mobile,+8550766573882
Mobitel-076-6573883,Mobile,+8550766573883
Mobitel-076-6573884,Mobile,+8550766573884
Mobitel-076-6573885,Mobile,+8550766573885
Mobitel-076-6573886,Mobile,+8550766573886
Mobitel-076-6573887,Mobile,+8550766573887
Mobitel-076-6573888,Mobile,+8550766573888
Mobitel-076-6573889,Mobile,+8550766573889
Mobitel-076-6573890,Mobile,+8550766573890
Mobitel-076-6573891,Mobile,+8550766573891
Mobitel-076-6573892,Mobile,+8550766573892
Mobitel-076-6573893,Mobile,+8550766573893
Mobitel-076-6573894,Mobile,+8550766573894
Mobitel-076-6573895,Mobile,+8550766573895
Mobitel-076-6573896,Mobile,+8550766573896
Mobitel-076-6573897,Mobile,+8550766573897
Mobitel-076-6573898,Mobile,+8550766573898
Mobitel-076-6573899,Mobile,+8550766573899
Mobitel-076-6573900,Mobile,+8550766573900
Mobitel-076-6573901,Mobile,+8550766573901
Mobitel-076-6573902,Mobile,+8550766573902
Mobitel-076-6573903,Mobile,+8550766573903
Mobitel-076-6573904,Mobile,+8550766573904
Mobitel-076-6573905,Mobile,+8550766573905
Mobitel-076-6573906,Mobile,+8550766573906
Mobitel-076-6573907,Mobile,+8550766573907
Mobitel-076-6573908,Mobile,+8550766573908
Mobitel-076-6573909,Mobile,+8550766573909
Mobitel-076-6573910,Mobile,+8550766573910
Mobitel-076-6573911,Mobile,+8550766573911
Mobitel-076-6573912,Mobile,+8550766573912
Mobitel-076-6573913,Mobile,+8550766573913
Mobitel-076-6573914,Mobile,+8550766573914
Mobitel-076-6573915,Mobile,+8550766573915
Mobitel-076-6573916,Mobile,+8550766573916
Mobitel-076-6573917,Mobile,+8550766573917
Mobitel-076-6573918,Mobile,+8550766573918
Mobitel-076-6573919,Mobile,+8550766573919
Mobitel-076-6573920,Mobile,+8550766573920
Mobitel-076-6573921,Mobile,+8550766573921
Mobitel-076-6573922,Mobile,+8550766573922
Mobitel-076-6573923,Mobile,+8550766573923
Mobitel-076-6573924,Mobile,+8550766573924
Mobitel-076-6573925,Mobile,+8550766573925
Mobitel-076-6573926,Mobile,+8550766573926
Mobitel-076-6573927,Mobile,+8550766573927
Mobitel-076-6573928,Mobile,+8550766573928
Mobitel-076-6573929,Mobile,+8550766573929
Mobitel-076-6573930,Mobile,+8550766573930
Mobitel-076-6573931,Mobile,+8550766573931
Mobitel-076-6573932,Mobile,+8550766573932
Mobitel-076-6573933,Mobile,+8550766573933
Mobitel-076-6573934,Mobile,+8550766573934
Mobitel-076-6573935,Mobile,+8550766573935
Mobitel-076-6573936,Mobile,+8550766573936
Mobitel-076-6573937,Mobile,+8550766573937
Mobitel-076-6573938,Mobile,+8550766573938
Mobitel-076-6573939,Mobile,+8550766573939
Mobitel-076-6573940,Mobile,+8550766573940
Mobitel-076-6573941,Mobile,+8550766573941
Mobitel-076-6573942,Mobile,+8550766573942
Mobitel-076-6573943,Mobile,+8550766573943
Mobitel-076-6573944,Mobile,+8550766573944
Mobitel-076-6573945,Mobile,+8550766573945
Mobitel-076-6573946,Mobile,+8550766573946
Mobitel-076-6573947,Mobile,+8550766573947
Mobitel-076-6573948,Mobile,+8550766573948
Mobitel-076-6573949,Mobile,+8550766573949
Mobitel-076-6573950,Mobile,+8550766573950
Mobitel-076-6573951,Mobile,+8550766573951
Mobitel-076-6573952,Mobile,+8550766573952
Mobitel-076-6573953,Mobile,+8550766573953
Mobitel-076-6573954,Mobile,+8550766573954
Mobitel-076-6573955,Mobile,+8550766573955
Mobitel-076-6573956,Mobile,+8550766573956
Mobitel-076-6573957,Mobile,+8550766573957
Mobitel-076-6573958,Mobile,+8550766573958
Mobitel-076-6573959,Mobile,+8550766573959
Mobitel-076-6573960,Mobile,+8550766573960
Mobitel-076-6573961,Mobile,+8550766573961
Mobitel-076-6573962,Mobile,+8550766573962
Mobitel-076-6573963,Mobile,+8550766573963
Mobitel-076-6573964,Mobile,+8550766573964
Mobitel-076-6573965,Mobile,+8550766573965
Mobitel-076-6573966,Mobile,+8550766573966
Mobitel-076-6573967,Mobile,+8550766573967
Mobitel-076-6573968,Mobile,+8550766573968
Mobitel-076-6573969,Mobile,+8550766573969
Mobitel-076-6573970,Mobile,+8550766573970
Mobitel-076-6573971,Mobile,+8550766573971
Mobitel-076-6573972,Mobile,+8550766573972
Mobitel-076-6573973,Mobile,+8550766573973
Mobitel-076-6573974,Mobile,+8550766573974
Mobitel-076-6573975,Mobile,+8550766573975
Mobitel-076-6573976,Mobile,+8550766573976
Mobitel-076-6573977,Mobile,+8550766573977
Mobitel-076-6573978,Mobile,+8550766573978
Mobitel-076-6573979,Mobile,+8550766573979
Mobitel-076-6573980,Mobile,+8550766573980
Mobitel-076-6573981,Mobile,+8550766573981
Mobitel-076-6573982,Mobile,+8550766573982
Mobitel-076-6573983,Mobile,+8550766573983
Mobitel-076-6573984,Mobile,+8550766573984
Mobitel-076-6573985,Mobile,+8550766573985
Mobitel-076-6573986,Mobile,+8550766573986
Mobitel-076-6573987,Mobile,+8550766573987
Mobitel-076-6573988,Mobile,+8550766573988
Mobitel-076-6573989,Mobile,+8550766573989
Mobitel-076-6573990,Mobile,+8550766573990
Mobitel-076-6573991,Mobile,+8550766573991
Mobitel-076-6573992,Mobile,+8550766573992
Mobitel-076-6573993,Mobile,+8550766573993
Mobitel-076-6573994,Mobile,+8550766573994
Mobitel-076-6573995,Mobile,+8550766573995
Mobitel-076-6573996,Mobile,+8550766573996
Mobitel-076-6573997,Mobile,+8550766573997
Mobitel-076-6573998,Mobile,+8550766573998
Mobitel-076-6573999,Mobile,+8550766573999
Mobitel-076-6574000,Mobile,+8550766574000
Mobitel-076-6574001,Mobile,+8550766574001
Mobitel-076-6574002,Mobile,+8550766574002
Mobitel-076-6574003,Mobile,+8550766574003
Mobitel-076-6574004,Mobile,+8550766574004
Mobitel-076-6574005,Mobile,+8550766574005
Mobitel-076-6574006,Mobile,+8550766574006
Mobitel-076-6574007,Mobile,+8550766574007
Mobitel-076-6574008,Mobile,+8550766574008
Mobitel-076-6574009,Mobile,+8550766574009
Mobitel-076-6574010,Mobile,+8550766574010
Mobitel-076-6574011,Mobile,+8550766574011
Mobitel-076-6574012,Mobile,+8550766574012
Mobitel-076-6574013,Mobile,+8550766574013
Mobitel-076-6574014,Mobile,+8550766574014
Mobitel-076-6574015,Mobile,+8550766574015
Mobitel-076-6574016,Mobile,+8550766574016
Mobitel-076-6574017,Mobile,+8550766574017
Mobitel-076-6574018,Mobile,+8550766574018
Mobitel-076-6574019,Mobile,+8550766574019
Mobitel-076-6574020,Mobile,+8550766574020
Mobitel-076-6574021,Mobile,+8550766574021
Mobitel-076-6574022,Mobile,+8550766574022
Mobitel-076-6574023,Mobile,+8550766574023
Mobitel-076-6574024,Mobile,+8550766574024
Mobitel-076-6574025,Mobile,+8550766574025
Mobitel-076-6574026,Mobile,+8550766574026
Mobitel-076-6574027,Mobile,+8550766574027
Mobitel-076-6574028,Mobile,+8550766574028
Mobitel-076-6574029,Mobile,+8550766574029
Mobitel-076-6574030,Mobile,+8550766574030
Mobitel-076-6574031,Mobile,+8550766574031
Mobitel-076-6574032,Mobile,+8550766574032
Mobitel-076-6574033,Mobile,+8550766574033
Mobitel-076-6574034,Mobile,+8550766574034
Mobitel-076-6574035,Mobile,+8550766574035
Mobitel-076-6574036,Mobile,+8550766574036
Mobitel-076-6574037,Mobile,+8550766574037
Mobitel-076-6574038,Mobile,+8550766574038
Mobitel-076-6574039,Mobile,+8550766574039
Mobitel-076-6574040,Mobile,+8550766574040
Mobitel-076-6574041,Mobile,+8550766574041
Mobitel-076-6574042,Mobile,+8550766574042
Mobitel-076-6574043,Mobile,+8550766574043
Mobitel-076-6574044,Mobile,+8550766574044
Mobitel-076-6574045,Mobile,+8550766574045
Mobitel-076-6574046,Mobile,+8550766574046
Mobitel-076-6574047,Mobile,+8550766574047
Mobitel-076-6574048,Mobile,+8550766574048
Mobitel-076-6574049,Mobile,+8550766574049
Mobitel-076-6574050,Mobile,+8550766574050
Mobitel-076-6574051,Mobile,+8550766574051
Mobitel-076-6574052,Mobile,+8550766574052
Mobitel-076-6574053,Mobile,+8550766574053
Mobitel-076-6574054,Mobile,+8550766574054
Mobitel-076-6574055,Mobile,+8550766574055
Mobitel-076-6574056,Mobile,+8550766574056
Mobitel-076-6574057,Mobile,+8550766574057
Mobitel-076-6574058,Mobile,+8550766574058
Mobitel-076-6574059,Mobile,+8550766574059
Mobitel-076-6574060,Mobile,+8550766574060
Mobitel-076-6574061,Mobile,+8550766574061
Mobitel-076-6574062,Mobile,+8550766574062
Mobitel-076-6574063,Mobile,+8550766574063
Mobitel-076-6574064,Mobile,+8550766574064
Mobitel-076-6574065,Mobile,+8550766574065
Mobitel-076-6574066,Mobile,+8550766574066
Mobitel-076-6574067,Mobile,+8550766574067
Mobitel-076-6574068,Mobile,+8550766574068
Mobitel-076-6574069,Mobile,+8550766574069
Mobitel-076-6574070,Mobile,+8550766574070
Mobitel-076-6574071,Mobile,+8550766574071
Mobitel-076-6574072,Mobile,+8550766574072
Mobitel-076-6574073,Mobile,+8550766574073
Mobitel-076-6574074,Mobile,+8550766574074
Mobitel-076-6574075,Mobile,+8550766574075
Mobitel-076-6574076,Mobile,+8550766574076
Mobitel-076-6574077,Mobile,+8550766574077
Mobitel-076-6574078,Mobile,+8550766574078
Mobitel-076-6574079,Mobile,+8550766574079
Mobitel-076-6574080,Mobile,+8550766574080
Mobitel-076-6574081,Mobile,+8550766574081
Mobitel-076-6574082,Mobile,+8550766574082
Mobitel-076-6574083,Mobile,+8550766574083
Mobitel-076-6574084,Mobile,+8550766574084
Mobitel-076-6574085,Mobile,+8550766574085
Mobitel-076-6574086,Mobile,+8550766574086
Mobitel-076-6574087,Mobile,+8550766574087
Mobitel-076-6574088,Mobile,+8550766574088
Mobitel-076-6574089,Mobile,+8550766574089
Mobitel-076-6574090,Mobile,+8550766574090
Mobitel-076-6574091,Mobile,+8550766574091
Mobitel-076-6574092,Mobile,+8550766574092
Mobitel-076-6574093,Mobile,+8550766574093
Mobitel-076-6574094,Mobile,+8550766574094
Mobitel-076-6574095,Mobile,+8550766574095
Mobitel-076-6574096,Mobile,+8550766574096
Mobitel-076-6574097,Mobile,+8550766574097
Mobitel-076-6574098,Mobile,+8550766574098
Mobitel-076-6574099,Mobile,+8550766574099
Mobitel-076-6574100,Mobile,+8550766574100
Mobitel-076-6574101,Mobile,+8550766574101
Mobitel-076-6574102,Mobile,+8550766574102
Mobitel-076-6574103,Mobile,+8550766574103
Mobitel-076-6574104,Mobile,+8550766574104
Mobitel-076-6574105,Mobile,+8550766574105
Mobitel-076-6574106,Mobile,+8550766574106
Mobitel-076-6574107,Mobile,+8550766574107
Mobitel-076-6574108,Mobile,+8550766574108
Mobitel-076-6574109,Mobile,+8550766574109
Mobitel-076-6574110,Mobile,+8550766574110
Mobitel-076-6574111,Mobile,+8550766574111
Mobitel-076-6574112,Mobile,+8550766574112
Mobitel-076-6574113,Mobile,+8550766574113
Mobitel-076-6574114,Mobile,+8550766574114
Mobitel-076-6574115,Mobile,+8550766574115
Mobitel-076-6574116,Mobile,+8550766574116
Mobitel-076-6574117,Mobile,+8550766574117
Mobitel-076-6574118,Mobile,+8550766574118
Mobitel-076-6574119,Mobile,+8550766574119
Mobitel-076-6574120,Mobile,+8550766574120
Mobitel-076-6574121,Mobile,+8550766574121
Mobitel-076-6574122,Mobile,+8550766574122
Mobitel-076-6574123,Mobile,+8550766574123
Mobitel-076-6574124,Mobile,+8550766574124
Mobitel-076-6574125,Mobile,+8550766574125
Mobitel-076-6574126,Mobile,+8550766574126
Mobitel-076-6574127,Mobile,+8550766574127
Mobitel-076-6574128,Mobile,+8550766574128
Mobitel-076-6574129,Mobile,+8550766574129
Mobitel-076-6574130,Mobile,+8550766574130
Mobitel-076-6574131,Mobile,+8550766574131
Mobitel-076-6574132,Mobile,+8550766574132
Mobitel-076-6574133,Mobile,+8550766574133
Mobitel-076-6574134,Mobile,+8550766574134
Mobitel-076-6574135,Mobile,+8550766574135
Mobitel-076-6574136,Mobile,+8550766574136
Mobitel-076-6574137,Mobile,+8550766574137
Mobitel-076-6574138,Mobile,+8550766574138
Mobitel-076-6574139,Mobile,+8550766574139
Mobitel-076-6574140,Mobile,+8550766574140
Mobitel-076-6574141,Mobile,+8550766574141
Mobitel-076-6574142,Mobile,+8550766574142
Mobitel-076-6574143,Mobile,+8550766574143
Mobitel-076-6574144,Mobile,+8550766574144
Mobitel-076-6574145,Mobile,+8550766574145
Mobitel-076-6574146,Mobile,+8550766574146
Mobitel-076-6574147,Mobile,+8550766574147
Mobitel-076-6574148,Mobile,+8550766574148
Mobitel-076-6574149,Mobile,+8550766574149
Mobitel-076-6574150,Mobile,+8550766574150
Mobitel-076-6574151,Mobile,+8550766574151
Mobitel-076-6574152,Mobile,+8550766574152
Mobitel-076-6574153,Mobile,+8550766574153
Mobitel-076-6574154,Mobile,+8550766574154
Mobitel-076-6574155,Mobile,+8550766574155
Mobitel-076-6574156,Mobile,+8550766574156
Mobitel-076-6574157,Mobile,+8550766574157
Mobitel-076-6574158,Mobile,+8550766574158
Mobitel-076-6574159,Mobile,+8550766574159
Mobitel-076-6574160,Mobile,+8550766574160
Mobitel-076-6574161,Mobile,+8550766574161
Mobitel-076-6574162,Mobile,+8550766574162
Mobitel-076-6574163,Mobile,+8550766574163
Mobitel-076-6574164,Mobile,+8550766574164
Mobitel-076-6574165,Mobile,+8550766574165
Mobitel-076-6574166,Mobile,+8550766574166
Mobitel-076-6574167,Mobile,+8550766574167
Mobitel-076-6574168,Mobile,+8550766574168
Mobitel-076-6574169,Mobile,+8550766574169
Mobitel-076-6574170,Mobile,+8550766574170
Mobitel-076-6574171,Mobile,+8550766574171
Mobitel-076-6574172,Mobile,+8550766574172
Mobitel-076-6574173,Mobile,+8550766574173
Mobitel-076-6574174,Mobile,+8550766574174
Mobitel-076-6574175,Mobile,+8550766574175
Mobitel-076-6574176,Mobile,+8550766574176
Mobitel-076-6574177,Mobile,+8550766574177
Mobitel-076-6574178,Mobile,+8550766574178
Mobitel-076-6574179,Mobile,+8550766574179
Mobitel-076-6574180,Mobile,+8550766574180
Mobitel-076-6574181,Mobile,+8550766574181
Mobitel-076-6574182,Mobile,+8550766574182
Mobitel-076-6574183,Mobile,+8550766574183
Mobitel-076-6574184,Mobile,+8550766574184
Mobitel-076-6574185,Mobile,+8550766574185
Mobitel-076-6574186,Mobile,+8550766574186
Mobitel-076-6574187,Mobile,+8550766574187
Mobitel-076-6574188,Mobile,+8550766574188
Mobitel-076-6574189,Mobile,+8550766574189
Mobitel-076-6574190,Mobile,+8550766574190
Mobitel-076-6574191,Mobile,+8550766574191
Mobitel-076-6574192,Mobile,+8550766574192
Mobitel-076-6574193,Mobile,+8550766574193
Mobitel-076-6574194,Mobile,+8550766574194
Mobitel-076-6574195,Mobile,+8550766574195
Mobitel-076-6574196,Mobile,+8550766574196
Mobitel-076-6574197,Mobile,+8550766574197
Mobitel-076-6574198,Mobile,+8550766574198
Mobitel-076-6574199,Mobile,+8550766574199
Mobitel-076-6574200,Mobile,+8550766574200
Mobitel-076-6574201,Mobile,+8550766574201
Mobitel-076-6574202,Mobile,+8550766574202
Mobitel-076-6574203,Mobile,+8550766574203
Mobitel-076-6574204,Mobile,+8550766574204
Mobitel-076-6574205,Mobile,+8550766574205
Mobitel-076-6574206,Mobile,+8550766574206
Mobitel-076-6574207,Mobile,+8550766574207
Mobitel-076-6574208,Mobile,+8550766574208
Mobitel-076-6574209,Mobile,+8550766574209
Mobitel-076-6574210,Mobile,+8550766574210
Mobitel-076-6574211,Mobile,+8550766574211
Mobitel-076-6574212,Mobile,+8550766574212
Mobitel-076-6574213,Mobile,+8550766574213
Mobitel-076-6574214,Mobile,+8550766574214
Mobitel-076-6574215,Mobile,+8550766574215
Mobitel-076-6574216,Mobile,+8550766574216
Mobitel-076-6574217,Mobile,+8550766574217
Mobitel-076-6574218,Mobile,+8550766574218
Mobitel-076-6574219,Mobile,+8550766574219
Mobitel-076-6574220,Mobile,+8550766574220
Mobitel-076-6574221,Mobile,+8550766574221
Mobitel-076-6574222,Mobile,+8550766574222
Mobitel-076-6574223,Mobile,+8550766574223
Mobitel-076-6574224,Mobile,+8550766574224
Mobitel-076-6574225,Mobile,+8550766574225
Mobitel-076-6574226,Mobile,+8550766574226
Mobitel-076-6574227,Mobile,+8550766574227
Mobitel-076-6574228,Mobile,+8550766574228
Mobitel-076-6574229,Mobile,+8550766574229
Mobitel-076-6574230,Mobile,+8550766574230
Mobitel-076-6574231,Mobile,+8550766574231
Mobitel-076-6574232,Mobile,+8550766574232
Mobitel-076-6574233,Mobile,+8550766574233
Mobitel-076-6574234,Mobile,+8550766574234
Mobitel-076-6574235,Mobile,+8550766574235
Mobitel-076-6574236,Mobile,+8550766574236
Mobitel-076-6574237,Mobile,+8550766574237
Mobitel-076-6574238,Mobile,+8550766574238
Mobitel-076-6574239,Mobile,+8550766574239
Mobitel-076-6574240,Mobile,+8550766574240
Mobitel-076-6574241,Mobile,+8550766574241
Mobitel-076-6574242,Mobile,+8550766574242
Mobitel-076-6574243,Mobile,+8550766574243
Mobitel-076-6574244,Mobile,+8550766574244
Mobitel-076-6574245,Mobile,+8550766574245
Mobitel-076-6574246,Mobile,+8550766574246
Mobitel-076-6574247,Mobile,+8550766574247
Mobitel-076-6574248,Mobile,+8550766574248
Mobitel-076-6574249,Mobile,+8550766574249
Mobitel-076-6574250,Mobile,+8550766574250
Mobitel-076-6574251,Mobile,+8550766574251
Mobitel-076-6574252,Mobile,+8550766574252
Mobitel-076-6574253,Mobile,+8550766574253
Mobitel-076-6574254,Mobile,+8550766574254
Mobitel-076-6574255,Mobile,+8550766574255
Mobitel-076-6574256,Mobile,+8550766574256
Mobitel-076-6574257,Mobile,+8550766574257
Mobitel-076-6574258,Mobile,+8550766574258
Mobitel-076-6574259,Mobile,+8550766574259
Mobitel-076-6574260,Mobile,+8550766574260
Mobitel-076-6574261,Mobile,+8550766574261
Mobitel-076-6574262,Mobile,+8550766574262
Mobitel-076-6574263,Mobile,+8550766574263
Mobitel-076-6574264,Mobile,+8550766574264
Mobitel-076-6574265,Mobile,+8550766574265
Mobitel-076-6574266,Mobile,+8550766574266
Mobitel-076-6574267,Mobile,+8550766574267
Mobitel-076-6574268,Mobile,+8550766574268
Mobitel-076-6574269,Mobile,+8550766574269
Mobitel-076-6574270,Mobile,+8550766574270
Mobitel-076-6574271,Mobile,+8550766574271
Mobitel-076-6574272,Mobile,+8550766574272
Mobitel-076-6574273,Mobile,+8550766574273
Mobitel-076-6574274,Mobile,+8550766574274
Mobitel-076-6574275,Mobile,+8550766574275
Mobitel-076-6574276,Mobile,+8550766574276
Mobitel-076-6574277,Mobile,+8550766574277
Mobitel-076-6574278,Mobile,+8550766574278
Mobitel-076-6574279,Mobile,+8550766574279
Mobitel-076-6574280,Mobile,+8550766574280
Mobitel-076-6574281,Mobile,+8550766574281
Mobitel-076-6574282,Mobile,+8550766574282
Mobitel-076-6574283,Mobile,+8550766574283
Mobitel-076-6574284,Mobile,+8550766574284
Mobitel-076-6574285,Mobile,+8550766574285
Mobitel-076-6574286,Mobile,+8550766574286
Mobitel-076-6574287,Mobile,+8550766574287
Mobitel-076-6574288,Mobile,+8550766574288
Mobitel-076-6574289,Mobile,+8550766574289
Mobitel-076-6574290,Mobile,+8550766574290
Mobitel-076-6574291,Mobile,+8550766574291
Mobitel-076-6574292,Mobile,+8550766574292
Mobitel-076-6574293,Mobile,+8550766574293
Mobitel-076-6574294,Mobile,+8550766574294
Mobitel-076-6574295,Mobile,+8550766574295
Mobitel-076-6574296,Mobile,+8550766574296
Mobitel-076-6574297,Mobile,+8550766574297
Mobitel-076-6574298,Mobile,+8550766574298
Mobitel-076-6574299,Mobile,+8550766574299
Mobitel-076-6574300,Mobile,+8550766574300
Mobitel-076-6574301,Mobile,+8550766574301
Mobitel-076-6574302,Mobile,+8550766574302
Mobitel-076-6574303,Mobile,+8550766574303
Mobitel-076-6574304,Mobile,+8550766574304
Mobitel-076-6574305,Mobile,+8550766574305
Mobitel-076-6574306,Mobile,+8550766574306
Mobitel-076-6574307,Mobile,+8550766574307
Mobitel-076-6574308,Mobile,+8550766574308
Mobitel-076-6574309,Mobile,+8550766574309
Mobitel-076-6574310,Mobile,+8550766574310
Mobitel-076-6574311,Mobile,+8550766574311
Mobitel-076-6574312,Mobile,+8550766574312
Mobitel-076-6574313,Mobile,+8550766574313
Mobitel-076-6574314,Mobile,+8550766574314
Mobitel-076-6574315,Mobile,+8550766574315
Mobitel-076-6574316,Mobile,+8550766574316
Mobitel-076-6574317,Mobile,+8550766574317
Mobitel-076-6574318,Mobile,+8550766574318
Mobitel-076-6574319,Mobile,+8550766574319
Mobitel-076-6574320,Mobile,+8550766574320
Mobitel-076-6574321,Mobile,+8550766574321
Mobitel-076-6574322,Mobile,+8550766574322
Mobitel-076-6574323,Mobile,+8550766574323
Mobitel-076-6574324,Mobile,+8550766574324
Mobitel-076-6574325,Mobile,+8550766574325
Mobitel-076-6574326,Mobile,+8550766574326
Mobitel-076-6574327,Mobile,+8550766574327
Mobitel-076-6574328,Mobile,+8550766574328
Mobitel-076-6574329,Mobile,+8550766574329
Mobitel-076-6574330,Mobile,+8550766574330
Mobitel-076-6574331,Mobile,+8550766574331
Mobitel-076-6574332,Mobile,+8550766574332
Mobitel-076-6574333,Mobile,+8550766574333
Mobitel-076-6574334,Mobile,+8550766574334
Mobitel-076-6574335,Mobile,+8550766574335
Mobitel-076-6574336,Mobile,+8550766574336
Mobitel-076-6574337,Mobile,+8550766574337
Mobitel-076-6574338,Mobile,+8550766574338
Mobitel-076-6574339,Mobile,+8550766574339
Mobitel-076-6574340,Mobile,+8550766574340
Mobitel-076-6574341,Mobile,+8550766574341
Mobitel-076-6574342,Mobile,+8550766574342
Mobitel-076-6574343,Mobile,+8550766574343
Mobitel-076-6574344,Mobile,+8550766574344
Mobitel-076-6574345,Mobile,+8550766574345
Mobitel-076-6574346,Mobile,+8550766574346
Mobitel-076-6574347,Mobile,+8550766574347
Mobitel-076-6574348,Mobile,+8550766574348
Mobitel-076-6574349,Mobile,+8550766574349
Mobitel-076-6574350,Mobile,+8550766574350
Mobitel-076-6574351,Mobile,+8550766574351
Mobitel-076-6574352,Mobile,+8550766574352
Mobitel-076-6574353,Mobile,+8550766574353
Mobitel-076-6574354,Mobile,+8550766574354
Mobitel-076-6574355,Mobile,+8550766574355
Mobitel-076-6574356,Mobile,+8550766574356
Mobitel-076-6574357,Mobile,+8550766574357
Mobitel-076-6574358,Mobile,+8550766574358
Mobitel-076-6574359,Mobile,+8550766574359
Mobitel-076-6574360,Mobile,+8550766574360
Mobitel-076-6574361,Mobile,+8550766574361
Mobitel-076-6574362,Mobile,+8550766574362
Mobitel-076-6574363,Mobile,+8550766574363
Mobitel-076-6574364,Mobile,+8550766574364
Mobitel-076-6574365,Mobile,+8550766574365
Mobitel-076-6574366,Mobile,+8550766574366
Mobitel-076-6574367,Mobile,+8550766574367
Mobitel-076-6574368,Mobile,+8550766574368
Mobitel-076-6574369,Mobile,+8550766574369
Mobitel-076-6574370,Mobile,+8550766574370
Mobitel-076-6574371,Mobile,+8550766574371
Mobitel-076-6574372,Mobile,+8550766574372
Mobitel-076-6574373,Mobile,+8550766574373
Mobitel-076-6574374,Mobile,+8550766574374
Mobitel-076-6574375,Mobile,+8550766574375
Mobitel-076-6574376,Mobile,+8550766574376
Mobitel-076-6574377,Mobile,+8550766574377
Mobitel-076-6574378,Mobile,+8550766574378
Mobitel-076-6574379,Mobile,+8550766574379
Mobitel-076-6574380,Mobile,+8550766574380
Mobitel-076-6574381,Mobile,+8550766574381
Mobitel-076-6574382,Mobile,+8550766574382
Mobitel-076-6574383,Mobile,+8550766574383
Mobitel-076-6574384,Mobile,+8550766574384
Mobitel-076-6574385,Mobile,+8550766574385
Mobitel-076-6574386,Mobile,+8550766574386
Mobitel-076-6574387,Mobile,+8550766574387
Mobitel-076-6574388,Mobile,+8550766574388
Mobitel-076-6574389,Mobile,+8550766574389
Mobitel-076-6574390,Mobile,+8550766574390
Mobitel-076-6574391,Mobile,+8550766574391
Mobitel-076-6574392,Mobile,+8550766574392
Mobitel-076-6574393,Mobile,+8550766574393
Mobitel-076-6574394,Mobile,+8550766574394
Mobitel-076-6574395,Mobile,+8550766574395
Mobitel-076-6574396,Mobile,+8550766574396
Mobitel-076-6574397,Mobile,+8550766574397
Mobitel-076-6574398,Mobile,+8550766574398
Mobitel-076-6574399,Mobile,+8550766574399
Mobitel-076-6574400,Mobile,+8550766574400
Mobitel-076-6574401,Mobile,+8550766574401
Mobitel-076-6574402,Mobile,+8550766574402
Mobitel-076-6574403,Mobile,+8550766574403
Mobitel-076-6574404,Mobile,+8550766574404
Mobitel-076-6574405,Mobile,+8550766574405
Mobitel-076-6574406,Mobile,+8550766574406
Mobitel-076-6574407,Mobile,+8550766574407
Mobitel-076-6574408,Mobile,+8550766574408
Mobitel-076-6574409,Mobile,+8550766574409
Mobitel-076-6574410,Mobile,+8550766574410
Mobitel-076-6574411,Mobile,+8550766574411
Mobitel-076-6574412,Mobile,+8550766574412
Mobitel-076-6574413,Mobile,+8550766574413
Mobitel-076-6574414,Mobile,+8550766574414
Mobitel-076-6574415,Mobile,+8550766574415
Mobitel-076-6574416,Mobile,+8550766574416
Mobitel-076-6574417,Mobile,+8550766574417
Mobitel-076-6574418,Mobile,+8550766574418
Mobitel-076-6574419,Mobile,+8550766574419
Mobitel-076-6574420,Mobile,+8550766574420
Mobitel-076-6574421,Mobile,+8550766574421
Mobitel-076-6574422,Mobile,+8550766574422
Mobitel-076-6574423,Mobile,+8550766574423
Mobitel-076-6574424,Mobile,+8550766574424
Mobitel-076-6574425,Mobile,+8550766574425
Mobitel-076-6574426,Mobile,+8550766574426
Mobitel-076-6574427,Mobile,+8550766574427
Mobitel-076-6574428,Mobile,+8550766574428
Mobitel-076-6574429,Mobile,+8550766574429
Mobitel-076-6574430,Mobile,+8550766574430
Mobitel-076-6574431,Mobile,+8550766574431
Mobitel-076-6574432,Mobile,+8550766574432
Mobitel-076-6574433,Mobile,+8550766574433
Mobitel-076-6574434,Mobile,+8550766574434
Mobitel-076-6574435,Mobile,+8550766574435
Mobitel-076-6574436,Mobile,+8550766574436
Mobitel-076-6574437,Mobile,+8550766574437
Mobitel-076-6574438,Mobile,+8550766574438
Mobitel-076-6574439,Mobile,+8550766574439
Mobitel-076-6574440,Mobile,+8550766574440
Mobitel-076-6574441,Mobile,+8550766574441
Mobitel-076-6574442,Mobile,+8550766574442
Mobitel-076-6574443,Mobile,+8550766574443
Mobitel-076-6574444,Mobile,+8550766574444
Mobitel-076-6574445,Mobile,+8550766574445
Mobitel-076-6574446,Mobile,+8550766574446
Mobitel-076-6574447,Mobile,+8550766574447
Mobitel-076-6574448,Mobile,+8550766574448
Mobitel-076-6574449,Mobile,+8550766574449
Mobitel-076-6574450,Mobile,+8550766574450
Mobitel-076-6574451,Mobile,+8550766574451
Mobitel-076-6574452,Mobile,+8550766574452
Mobitel-076-6574453,Mobile,+8550766574453
Mobitel-076-6574454,Mobile,+8550766574454
Mobitel-076-6574455,Mobile,+8550766574455
Mobitel-076-6574456,Mobile,+8550766574456
Mobitel-076-6574457,Mobile,+8550766574457
Mobitel-076-6574458,Mobile,+8550766574458
Mobitel-076-6574459,Mobile,+8550766574459
Mobitel-076-6574460,Mobile,+8550766574460
Mobitel-076-6574461,Mobile,+8550766574461
Mobitel-076-6574462,Mobile,+8550766574462
Mobitel-076-6574463,Mobile,+8550766574463
Mobitel-076-6574464,Mobile,+8550766574464
Mobitel-076-6574465,Mobile,+8550766574465
Mobitel-076-6574466,Mobile,+8550766574466
Mobitel-076-6574467,Mobile,+8550766574467
Mobitel-076-6574468,Mobile,+8550766574468
Mobitel-076-6574469,Mobile,+8550766574469
Mobitel-076-6574470,Mobile,+8550766574470
Mobitel-076-6574471,Mobile,+8550766574471
Mobitel-076-6574472,Mobile,+8550766574472
Mobitel-076-6574473,Mobile,+8550766574473
Mobitel-076-6574474,Mobile,+8550766574474
Mobitel-076-6574475,Mobile,+8550766574475
Mobitel-076-6574476,Mobile,+8550766574476
Mobitel-076-6574477,Mobile,+8550766574477
Mobitel-076-6574478,Mobile,+8550766574478
Mobitel-076-6574479,Mobile,+8550766574479
Mobitel-076-6574480,Mobile,+8550766574480
Mobitel-076-6574481,Mobile,+8550766574481
Mobitel-076-6574482,Mobile,+8550766574482
Mobitel-076-6574483,Mobile,+8550766574483
Mobitel-076-6574484,Mobile,+8550766574484
Mobitel-076-6574485,Mobile,+8550766574485
Mobitel-076-6574486,Mobile,+8550766574486
Mobitel-076-6574487,Mobile,+8550766574487
Mobitel-076-6574488,Mobile,+8550766574488
Mobitel-076-6574489,Mobile,+8550766574489
Mobitel-076-6574490,Mobile,+8550766574490
Mobitel-076-6574491,Mobile,+8550766574491
Mobitel-076-6574492,Mobile,+8550766574492
Mobitel-076-6574493,Mobile,+8550766574493
Mobitel-076-6574494,Mobile,+8550766574494
Mobitel-076-6574495,Mobile,+8550766574495
Mobitel-076-6574496,Mobile,+8550766574496
Mobitel-076-6574497,Mobile,+8550766574497
Mobitel-076-6574498,Mobile,+8550766574498
Mobitel-076-6574499,Mobile,+8550766574499
Mobitel-076-6574500,Mobile,+8550766574500
Mobitel-076-6574501,Mobile,+8550766574501
Mobitel-076-6574502,Mobile,+8550766574502
Mobitel-076-6574503,Mobile,+8550766574503
Mobitel-076-6574504,Mobile,+8550766574504
Mobitel-076-6574505,Mobile,+8550766574505
Mobitel-076-6574506,Mobile,+8550766574506
Mobitel-076-6574507,Mobile,+8550766574507
Mobitel-076-6574508,Mobile,+8550766574508
Mobitel-076-6574509,Mobile,+8550766574509
Mobitel-076-6574510,Mobile,+8550766574510
Mobitel-076-6574511,Mobile,+8550766574511
Mobitel-076-6574512,Mobile,+8550766574512
Mobitel-076-6574513,Mobile,+8550766574513
Mobitel-076-6574514,Mobile,+8550766574514
Mobitel-076-6574515,Mobile,+8550766574515
Mobitel-076-6574516,Mobile,+8550766574516
Mobitel-076-6574517,Mobile,+8550766574517
Mobitel-076-6574518,Mobile,+8550766574518
Mobitel-076-6574519,Mobile,+8550766574519
Mobitel-076-6574520,Mobile,+8550766574520
Mobitel-076-6574521,Mobile,+8550766574521
Mobitel-076-6574522,Mobile,+8550766574522
Mobitel-076-6574523,Mobile,+8550766574523
Mobitel-076-6574524,Mobile,+8550766574524
Mobitel-076-6574525,Mobile,+8550766574525
Mobitel-076-6574526,Mobile,+8550766574526
Mobitel-076-6574527,Mobile,+8550766574527
Mobitel-076-6574528,Mobile,+8550766574528
Mobitel-076-6574529,Mobile,+8550766574529
Mobitel-076-6574530,Mobile,+8550766574530
Mobitel-076-6574531,Mobile,+8550766574531
Mobitel-076-6574532,Mobile,+8550766574532
Mobitel-076-6574533,Mobile,+8550766574533
Mobitel-076-6574534,Mobile,+8550766574534
Mobitel-076-6574535,Mobile,+8550766574535
Mobitel-076-6574536,Mobile,+8550766574536
Mobitel-076-6574537,Mobile,+8550766574537
Mobitel-076-6574538,Mobile,+8550766574538
Mobitel-076-6574539,Mobile,+8550766574539
Mobitel-076-6574540,Mobile,+8550766574540
Mobitel-076-6574541,Mobile,+8550766574541
Mobitel-076-6574542,Mobile,+8550766574542
Mobitel-076-6574543,Mobile,+8550766574543
Mobitel-076-6574544,Mobile,+8550766574544
Mobitel-076-6574545,Mobile,+8550766574545
Mobitel-076-6574546,Mobile,+8550766574546
Mobitel-076-6574547,Mobile,+8550766574547
Mobitel-076-6574548,Mobile,+8550766574548
Mobitel-076-6574549,Mobile,+8550766574549
Mobitel-076-6574550,Mobile,+8550766574550
Mobitel-076-6574551,Mobile,+8550766574551
Mobitel-076-6574552,Mobile,+8550766574552
Mobitel-076-6574553,Mobile,+8550766574553
Mobitel-076-6574554,Mobile,+8550766574554
Mobitel-076-6574555,Mobile,+8550766574555
Mobitel-076-6574556,Mobile,+8550766574556
Mobitel-076-6574557,Mobile,+8550766574557
Mobitel-076-6574558,Mobile,+8550766574558
Mobitel-076-6574559,Mobile,+8550766574559
Mobitel-076-6574560,Mobile,+8550766574560
Mobitel-076-6574561,Mobile,+8550766574561
Mobitel-076-6574562,Mobile,+8550766574562
Mobitel-076-6574563,Mobile,+8550766574563
Mobitel-076-6574564,Mobile,+8550766574564
Mobitel-076-6574565,Mobile,+8550766574565
Mobitel-076-6574566,Mobile,+8550766574566
Mobitel-076-6574567,Mobile,+8550766574567
Mobitel-076-6574568,Mobile,+8550766574568
Mobitel-076-6574569,Mobile,+8550766574569
Mobitel-076-6574570,Mobile,+8550766574570
Mobitel-076-6574571,Mobile,+8550766574571
Mobitel-076-6574572,Mobile,+8550766574572
Mobitel-076-6574573,Mobile,+8550766574573
Mobitel-076-6574574,Mobile,+8550766574574
Mobitel-076-6574575,Mobile,+8550766574575
Mobitel-076-6574576,Mobile,+8550766574576
Mobitel-076-6574577,Mobile,+8550766574577
Mobitel-076-6574578,Mobile,+8550766574578
Mobitel-076-6574579,Mobile,+8550766574579
Mobitel-076-6574580,Mobile,+8550766574580
Mobitel-076-6574581,Mobile,+8550766574581
Mobitel-076-6574582,Mobile,+8550766574582
Mobitel-076-6574583,Mobile,+8550766574583
Mobitel-076-6574584,Mobile,+8550766574584
Mobitel-076-6574585,Mobile,+8550766574585
Mobitel-076-6574586,Mobile,+8550766574586
Mobitel-076-6574587,Mobile,+8550766574587
Mobitel-076-6574588,Mobile,+8550766574588
Mobitel-076-6574589,Mobile,+8550766574589
Mobitel-076-6574590,Mobile,+8550766574590
Mobitel-076-6574591,Mobile,+8550766574591
Mobitel-076-6574592,Mobile,+8550766574592
Mobitel-076-6574593,Mobile,+8550766574593
Mobitel-076-6574594,Mobile,+8550766574594
Mobitel-076-6574595,Mobile,+8550766574595
Mobitel-076-6574596,Mobile,+8550766574596
Mobitel-076-6574597,Mobile,+8550766574597
Mobitel-076-6574598,Mobile,+8550766574598
Mobitel-076-6574599,Mobile,+8550766574599
Mobitel-076-6574600,Mobile,+8550766574600
Mobitel-076-6574601,Mobile,+8550766574601
Mobitel-076-6574602,Mobile,+8550766574602
Mobitel-076-6574603,Mobile,+8550766574603
Mobitel-076-6574604,Mobile,+8550766574604
Mobitel-076-6574605,Mobile,+8550766574605
Mobitel-076-6574606,Mobile,+8550766574606
Mobitel-076-6574607,Mobile,+8550766574607
Mobitel-076-6574608,Mobile,+8550766574608
Mobitel-076-6574609,Mobile,+8550766574609
Mobitel-076-6574610,Mobile,+8550766574610
Mobitel-076-6574611,Mobile,+8550766574611
Mobitel-076-6574612,Mobile,+8550766574612
Mobitel-076-6574613,Mobile,+8550766574613
Mobitel-076-6574614,Mobile,+8550766574614
Mobitel-076-6574615,Mobile,+8550766574615
Mobitel-076-6574616,Mobile,+8550766574616
Mobitel-076-6574617,Mobile,+8550766574617
Mobitel-076-6574618,Mobile,+8550766574618
Mobitel-076-6574619,Mobile,+8550766574619
Mobitel-076-6574620,Mobile,+8550766574620
Mobitel-076-6574621,Mobile,+8550766574621
Mobitel-076-6574622,Mobile,+8550766574622
Mobitel-076-6574623,Mobile,+8550766574623
Mobitel-076-6574624,Mobile,+8550766574624
Mobitel-076-6574625,Mobile,+8550766574625
Mobitel-076-6574626,Mobile,+8550766574626
Mobitel-076-6574627,Mobile,+8550766574627
Mobitel-076-6574628,Mobile,+8550766574628
Mobitel-076-6574629,Mobile,+8550766574629
Mobitel-076-6574630,Mobile,+8550766574630
Mobitel-076-6574631,Mobile,+8550766574631
Mobitel-076-6574632,Mobile,+8550766574632
Mobitel-076-6574633,Mobile,+8550766574633
Mobitel-076-6574634,Mobile,+8550766574634
Mobitel-076-6574635,Mobile,+8550766574635
Mobitel-076-6574636,Mobile,+8550766574636
Mobitel-076-6574637,Mobile,+8550766574637
Mobitel-076-6574638,Mobile,+8550766574638
Mobitel-076-6574639,Mobile,+8550766574639
Mobitel-076-6574640,Mobile,+8550766574640
Mobitel-076-6574641,Mobile,+8550766574641
Mobitel-076-6574642,Mobile,+8550766574642
Mobitel-076-6574643,Mobile,+8550766574643
Mobitel-076-6574644,Mobile,+8550766574644
Mobitel-076-6574645,Mobile,+8550766574645
Mobitel-076-6574646,Mobile,+8550766574646
Mobitel-076-6574647,Mobile,+8550766574647
Mobitel-076-6574648,Mobile,+8550766574648
Mobitel-076-6574649,Mobile,+8550766574649
Mobitel-076-6574650,Mobile,+8550766574650
Mobitel-076-6574651,Mobile,+8550766574651
Mobitel-076-6574652,Mobile,+8550766574652
Mobitel-076-6574653,Mobile,+8550766574653
Mobitel-076-6574654,Mobile,+8550766574654
Mobitel-076-6574655,Mobile,+8550766574655
Mobitel-076-6574656,Mobile,+8550766574656
Mobitel-076-6574657,Mobile,+8550766574657
Mobitel-076-6574658,Mobile,+8550766574658
Mobitel-076-6574659,Mobile,+8550766574659
Mobitel-076-6574660,Mobile,+8550766574660
Mobitel-076-6574661,Mobile,+8550766574661
Mobitel-076-6574662,Mobile,+8550766574662
Mobitel-076-6574663,Mobile,+8550766574663
Mobitel-076-6574664,Mobile,+8550766574664
Mobitel-076-6574665,Mobile,+8550766574665
Mobitel-076-6574666,Mobile,+8550766574666
Mobitel-076-6574667,Mobile,+8550766574667
Mobitel-076-6574668,Mobile,+8550766574668
Mobitel-076-6574669,Mobile,+8550766574669
Mobitel-076-6574670,Mobile,+8550766574670
Mobitel-076-6574671,Mobile,+8550766574671
Mobitel-076-6574672,Mobile,+8550766574672
Mobitel-076-6574673,Mobile,+8550766574673
Mobitel-076-6574674,Mobile,+8550766574674
Mobitel-076-6574675,Mobile,+8550766574675
Mobitel-076-6574676,Mobile,+8550766574676
Mobitel-076-6574677,Mobile,+8550766574677
Mobitel-076-6574678,Mobile,+8550766574678
Mobitel-076-6574679,Mobile,+8550766574679
Mobitel-076-6574680,Mobile,+8550766574680
Mobitel-076-6574681,Mobile,+8550766574681
Mobitel-076-6574682,Mobile,+8550766574682
Mobitel-076-6574683,Mobile,+8550766574683
Mobitel-076-6574684,Mobile,+8550766574684
Mobitel-076-6574685,Mobile,+8550766574685
Mobitel-076-6574686,Mobile,+8550766574686
Mobitel-076-6574687,Mobile,+8550766574687
Mobitel-076-6574688,Mobile,+8550766574688
Mobitel-076-6574689,Mobile,+8550766574689
Mobitel-076-6574690,Mobile,+8550766574690
Mobitel-076-6574691,Mobile,+8550766574691
Mobitel-076-6574692,Mobile,+8550766574692
Mobitel-076-6574693,Mobile,+8550766574693
Mobitel-076-6574694,Mobile,+8550766574694
Mobitel-076-6574695,Mobile,+8550766574695
Mobitel-076-6574696,Mobile,+8550766574696
Mobitel-076-6574697,Mobile,+8550766574697
Mobitel-076-6574698,Mobile,+8550766574698
Mobitel-076-6574699,Mobile,+8550766574699
Mobitel-076-6574700,Mobile,+8550766574700
Mobitel-076-6574701,Mobile,+8550766574701
Mobitel-076-6574702,Mobile,+8550766574702
Mobitel-076-6574703,Mobile,+8550766574703
Mobitel-076-6574704,Mobile,+8550766574704
Mobitel-076-6574705,Mobile,+8550766574705
Mobitel-076-6574706,Mobile,+8550766574706
Mobitel-076-6574707,Mobile,+8550766574707
Mobitel-076-6574708,Mobile,+8550766574708
Mobitel-076-6574709,Mobile,+8550766574709
Mobitel-076-6574710,Mobile,+8550766574710
Mobitel-076-6574711,Mobile,+8550766574711
Mobitel-076-6574712,Mobile,+8550766574712
Mobitel-076-6574713,Mobile,+8550766574713
Mobitel-076-6574714,Mobile,+8550766574714
Mobitel-076-6574715,Mobile,+8550766574715
Mobitel-076-6574716,Mobile,+8550766574716
Mobitel-076-6574717,Mobile,+8550766574717
Mobitel-076-6574718,Mobile,+8550766574718
Mobitel-076-6574719,Mobile,+8550766574719
Mobitel-076-6574720,Mobile,+8550766574720
Mobitel-076-6574721,Mobile,+8550766574721
Mobitel-076-6574722,Mobile,+8550766574722
Mobitel-076-6574723,Mobile,+8550766574723
Mobitel-076-6574724,Mobile,+8550766574724
Mobitel-076-6574725,Mobile,+8550766574725
Mobitel-076-6574726,Mobile,+8550766574726
Mobitel-076-6574727,Mobile,+8550766574727
Mobitel-076-6574728,Mobile,+8550766574728
Mobitel-076-6574729,Mobile,+8550766574729
Mobitel-076-6574730,Mobile,+8550766574730
Mobitel-076-6574731,Mobile,+8550766574731
Mobitel-076-6574732,Mobile,+8550766574732
Mobitel-076-6574733,Mobile,+8550766574733
Mobitel-076-6574734,Mobile,+8550766574734
Mobitel-076-6574735,Mobile,+8550766574735
Mobitel-076-6574736,Mobile,+8550766574736
Mobitel-076-6574737,Mobile,+8550766574737
Mobitel-076-6574738,Mobile,+8550766574738
Mobitel-076-6574739,Mobile,+8550766574739
Mobitel-076-6574740,Mobile,+8550766574740
Mobitel-076-6574741,Mobile,+8550766574741
Mobitel-076-6574742,Mobile,+8550766574742
Mobitel-076-6574743,Mobile,+8550766574743
Mobitel-076-6574744,Mobile,+8550766574744
Mobitel-076-6574745,Mobile,+8550766574745
Mobitel-076-6574746,Mobile,+8550766574746
Mobitel-076-6574747,Mobile,+8550766574747
Mobitel-076-6574748,Mobile,+8550766574748
Mobitel-076-6574749,Mobile,+8550766574749
Mobitel-076-6574750,Mobile,+8550766574750
Mobitel-076-6574751,Mobile,+8550766574751
Mobitel-076-6574752,Mobile,+8550766574752
Mobitel-076-6574753,Mobile,+8550766574753
Mobitel-076-6574754,Mobile,+8550766574754
Mobitel-076-6574755,Mobile,+8550766574755
Mobitel-076-6574756,Mobile,+8550766574756
Mobitel-076-6574757,Mobile,+8550766574757
Mobitel-076-6574758,Mobile,+8550766574758
Mobitel-076-6574759,Mobile,+8550766574759
Mobitel-076-6574760,Mobile,+8550766574760
Mobitel-076-6574761,Mobile,+8550766574761
Mobitel-076-6574762,Mobile,+8550766574762
Mobitel-076-6574763,Mobile,+8550766574763
Mobitel-076-6574764,Mobile,+8550766574764
Mobitel-076-6574765,Mobile,+8550766574765
Mobitel-076-6574766,Mobile,+8550766574766
Mobitel-076-6574767,Mobile,+8550766574767
Mobitel-076-6574768,Mobile,+8550766574768
Mobitel-076-6574769,Mobile,+8550766574769
Mobitel-076-6574770,Mobile,+8550766574770
Mobitel-076-6574771,Mobile,+8550766574771
Mobitel-076-6574772,Mobile,+8550766574772
Mobitel-076-6574773,Mobile,+8550766574773
Mobitel-076-6574774,Mobile,+8550766574774
Mobitel-076-6574775,Mobile,+8550766574775
Mobitel-076-6574776,Mobile,+8550766574776
Mobitel-076-6574777,Mobile,+8550766574777
Mobitel-076-6574778,Mobile,+8550766574778
Mobitel-076-6574779,Mobile,+8550766574779
Mobitel-076-6574780,Mobile,+8550766574780
Mobitel-076-6574781,Mobile,+8550766574781
Mobitel-076-6574782,Mobile,+8550766574782
Mobitel-076-6574783,Mobile,+8550766574783
Mobitel-076-6574784,Mobile,+8550766574784
Mobitel-076-6574785,Mobile,+8550766574785
Mobitel-076-6574786,Mobile,+8550766574786
Mobitel-076-6574787,Mobile,+8550766574787
Mobitel-076-6574788,Mobile,+8550766574788
Mobitel-076-6574789,Mobile,+8550766574789
Mobitel-076-6574790,Mobile,+8550766574790
Mobitel-076-6574791,Mobile,+8550766574791
Mobitel-076-6574792,Mobile,+8550766574792
Mobitel-076-6574793,Mobile,+8550766574793
Mobitel-076-6574794,Mobile,+8550766574794
Mobitel-076-6574795,Mobile,+8550766574795
Mobitel-076-6574796,Mobile,+8550766574796
Mobitel-076-6574797,Mobile,+8550766574797
Mobitel-076-6574798,Mobile,+8550766574798
Mobitel-076-6574799,Mobile,+8550766574799
Mobitel-076-6574800,Mobile,+8550766574800
Mobitel-076-6574801,Mobile,+8550766574801
Mobitel-076-6574802,Mobile,+8550766574802
Mobitel-076-6574803,Mobile,+8550766574803
Mobitel-076-6574804,Mobile,+8550766574804
Mobitel-076-6574805,Mobile,+8550766574805
Mobitel-076-6574806,Mobile,+8550766574806
Mobitel-076-6574807,Mobile,+8550766574807
Mobitel-076-6574808,Mobile,+8550766574808
Mobitel-076-6574809,Mobile,+8550766574809
Mobitel-076-6574810,Mobile,+8550766574810
Mobitel-076-6574811,Mobile,+8550766574811
Mobitel-076-6574812,Mobile,+8550766574812
Mobitel-076-6574813,Mobile,+8550766574813
Mobitel-076-6574814,Mobile,+8550766574814
Mobitel-076-6574815,Mobile,+8550766574815
Mobitel-076-6574816,Mobile,+8550766574816
Mobitel-076-6574817,Mobile,+8550766574817
Mobitel-076-6574818,Mobile,+8550766574818
Mobitel-076-6574819,Mobile,+8550766574819
Mobitel-076-6574820,Mobile,+8550766574820
Mobitel-076-6574821,Mobile,+8550766574821
Mobitel-076-6574822,Mobile,+8550766574822
Mobitel-076-6574823,Mobile,+8550766574823
Mobitel-076-6574824,Mobile,+8550766574824
Mobitel-076-6574825,Mobile,+8550766574825
Mobitel-076-6574826,Mobile,+8550766574826
Mobitel-076-6574827,Mobile,+8550766574827
Mobitel-076-6574828,Mobile,+8550766574828
Mobitel-076-6574829,Mobile,+8550766574829
Mobitel-076-6574830,Mobile,+8550766574830
Mobitel-076-6574831,Mobile,+8550766574831
Mobitel-076-6574832,Mobile,+8550766574832
Mobitel-076-6574833,Mobile,+8550766574833
Mobitel-076-6574834,Mobile,+8550766574834
Mobitel-076-6574835,Mobile,+8550766574835
Mobitel-076-6574836,Mobile,+8550766574836
Mobitel-076-6574837,Mobile,+8550766574837
Mobitel-076-6574838,Mobile,+8550766574838
Mobitel-076-6574839,Mobile,+8550766574839
Mobitel-076-6574840,Mobile,+8550766574840
Mobitel-076-6574841,Mobile,+8550766574841
Mobitel-076-6574842,Mobile,+8550766574842
Mobitel-076-6574843,Mobile,+8550766574843
Mobitel-076-6574844,Mobile,+8550766574844
Mobitel-076-6574845,Mobile,+8550766574845
Mobitel-076-6574846,Mobile,+8550766574846
Mobitel-076-6574847,Mobile,+8550766574847
Mobitel-076-6574848,Mobile,+8550766574848
Mobitel-076-6574849,Mobile,+8550766574849
Mobitel-076-6574850,Mobile,+8550766574850
Mobitel-076-6574851,Mobile,+8550766574851
Mobitel-076-6574852,Mobile,+8550766574852
Mobitel-076-6574853,Mobile,+8550766574853
Mobitel-076-6574854,Mobile,+8550766574854
Mobitel-076-6574855,Mobile,+8550766574855
Mobitel-076-6574856,Mobile,+8550766574856
Mobitel-076-6574857,Mobile,+8550766574857
Mobitel-076-6574858,Mobile,+8550766574858
Mobitel-076-6574859,Mobile,+8550766574859
Mobitel-076-6574860,Mobile,+8550766574860
Mobitel-076-6574861,Mobile,+8550766574861
Mobitel-076-6574862,Mobile,+8550766574862
Mobitel-076-6574863,Mobile,+8550766574863
Mobitel-076-6574864,Mobile,+8550766574864
Mobitel-076-6574865,Mobile,+8550766574865
Mobitel-076-6574866,Mobile,+8550766574866
Mobitel-076-6574867,Mobile,+8550766574867
Mobitel-076-6574868,Mobile,+8550766574868
Mobitel-076-6574869,Mobile,+8550766574869
Mobitel-076-6574870,Mobile,+8550766574870
Mobitel-076-6574871,Mobile,+8550766574871
Mobitel-076-6574872,Mobile,+8550766574872
Mobitel-076-6574873,Mobile,+8550766574873
Mobitel-076-6574874,Mobile,+8550766574874
Mobitel-076-6574875,Mobile,+8550766574875
Mobitel-076-6574876,Mobile,+8550766574876
Mobitel-076-6574877,Mobile,+8550766574877
Mobitel-076-6574878,Mobile,+8550766574878
Mobitel-076-6574879,Mobile,+8550766574879
Mobitel-076-6574880,Mobile,+8550766574880
Mobitel-076-6574881,Mobile,+8550766574881
Mobitel-076-6574882,Mobile,+8550766574882
Mobitel-076-6574883,Mobile,+8550766574883
Mobitel-076-6574884,Mobile,+8550766574884
Mobitel-076-6574885,Mobile,+8550766574885
Mobitel-076-6574886,Mobile,+8550766574886
Mobitel-076-6574887,Mobile,+8550766574887
Mobitel-076-6574888,Mobile,+8550766574888
Mobitel-076-6574889,Mobile,+8550766574889
Mobitel-076-6574890,Mobile,+8550766574890
Mobitel-076-6574891,Mobile,+8550766574891
Mobitel-076-6574892,Mobile,+8550766574892
Mobitel-076-6574893,Mobile,+8550766574893
Mobitel-076-6574894,Mobile,+8550766574894
Mobitel-076-6574895,Mobile,+8550766574895
Mobitel-076-6574896,Mobile,+8550766574896
Mobitel-076-6574897,Mobile,+8550766574897
Mobitel-076-6574898,Mobile,+8550766574898
Mobitel-076-6574899,Mobile,+8550766574899
Mobitel-076-6574900,Mobile,+8550766574900
Mobitel-076-6574901,Mobile,+8550766574901
Mobitel-076-6574902,Mobile,+8550766574902
Mobitel-076-6574903,Mobile,+8550766574903
Mobitel-076-6574904,Mobile,+8550766574904
Mobitel-076-6574905,Mobile,+8550766574905
Mobitel-076-6574906,Mobile,+8550766574906
Mobitel-076-6574907,Mobile,+8550766574907
Mobitel-076-6574908,Mobile,+8550766574908
Mobitel-076-6574909,Mobile,+8550766574909
Mobitel-076-6574910,Mobile,+8550766574910
Mobitel-076-6574911,Mobile,+8550766574911
Mobitel-076-6574912,Mobile,+8550766574912
Mobitel-076-6574913,Mobile,+8550766574913
Mobitel-076-6574914,Mobile,+8550766574914
Mobitel-076-6574915,Mobile,+8550766574915
Mobitel-076-6574916,Mobile,+8550766574916
Mobitel-076-6574917,Mobile,+8550766574917
Mobitel-076-6574918,Mobile,+8550766574918
Mobitel-076-6574919,Mobile,+8550766574919
Mobitel-076-6574920,Mobile,+8550766574920
Mobitel-076-6574921,Mobile,+8550766574921
Mobitel-076-6574922,Mobile,+8550766574922
Mobitel-076-6574923,Mobile,+8550766574923
Mobitel-076-6574924,Mobile,+8550766574924
Mobitel-076-6574925,Mobile,+8550766574925
Mobitel-076-6574926,Mobile,+8550766574926
Mobitel-076-6574927,Mobile,+8550766574927
Mobitel-076-6574928,Mobile,+8550766574928
Mobitel-076-6574929,Mobile,+8550766574929
Mobitel-076-6574930,Mobile,+8550766574930
Mobitel-076-6574931,Mobile,+8550766574931
Mobitel-076-6574932,Mobile,+8550766574932
Mobitel-076-6574933,Mobile,+8550766574933
Mobitel-076-6574934,Mobile,+8550766574934
Mobitel-076-6574935,Mobile,+8550766574935
Mobitel-076-6574936,Mobile,+8550766574936
Mobitel-076-6574937,Mobile,+8550766574937
Mobitel-076-6574938,Mobile,+8550766574938
Mobitel-076-6574939,Mobile,+8550766574939
Mobitel-076-6574940,Mobile,+8550766574940
Mobitel-076-6574941,Mobile,+8550766574941
Mobitel-076-6574942,Mobile,+8550766574942
Mobitel-076-6574943,Mobile,+8550766574943
Mobitel-076-6574944,Mobile,+8550766574944
Mobitel-076-6574945,Mobile,+8550766574945
Mobitel-076-6574946,Mobile,+8550766574946
Mobitel-076-6574947,Mobile,+8550766574947
Mobitel-076-6574948,Mobile,+8550766574948
Mobitel-076-6574949,Mobile,+8550766574949
Mobitel-076-6574950,Mobile,+8550766574950
Mobitel-076-6574951,Mobile,+8550766574951
Mobitel-076-6574952,Mobile,+8550766574952
Mobitel-076-6574953,Mobile,+8550766574953
Mobitel-076-6574954,Mobile,+8550766574954
Mobitel-076-6574955,Mobile,+8550766574955
Mobitel-076-6574956,Mobile,+8550766574956
Mobitel-076-6574957,Mobile,+8550766574957
Mobitel-076-6574958,Mobile,+8550766574958
Mobitel-076-6574959,Mobile,+8550766574959
Mobitel-076-6574960,Mobile,+8550766574960
Mobitel-076-6574961,Mobile,+8550766574961
Mobitel-076-6574962,Mobile,+8550766574962
Mobitel-076-6574963,Mobile,+8550766574963
Mobitel-076-6574964,Mobile,+8550766574964
Mobitel-076-6574965,Mobile,+8550766574965
Mobitel-076-6574966,Mobile,+8550766574966
Mobitel-076-6574967,Mobile,+8550766574967
Mobitel-076-6574968,Mobile,+8550766574968
Mobitel-076-6574969,Mobile,+8550766574969
Mobitel-076-6574970,Mobile,+8550766574970
Mobitel-076-6574971,Mobile,+8550766574971
Mobitel-076-6574972,Mobile,+8550766574972
Mobitel-076-6574973,Mobile,+8550766574973
Mobitel-076-6574974,Mobile,+8550766574974
Mobitel-076-6574975,Mobile,+8550766574975
Mobitel-076-6574976,Mobile,+8550766574976
Mobitel-076-6574977,Mobile,+8550766574977
Mobitel-076-6574978,Mobile,+8550766574978
Mobitel-076-6574979,Mobile,+8550766574979
Mobitel-076-6574980,Mobile,+8550766574980
Mobitel-076-6574981,Mobile,+8550766574981
Mobitel-076-6574982,Mobile,+8550766574982
Mobitel-076-6574983,Mobile,+8550766574983
Mobitel-076-6574984,Mobile,+8550766574984
Mobitel-076-6574985,Mobile,+8550766574985
Mobitel-076-6574986,Mobile,+8550766574986
Mobitel-076-6574987,Mobile,+8550766574987
Mobitel-076-6574988,Mobile,+8550766574988
Mobitel-076-6574989,Mobile,+8550766574989
Mobitel-076-6574990,Mobile,+8550766574990
Mobitel-076-6574991,Mobile,+8550766574991
Mobitel-076-6574992,Mobile,+8550766574992
Mobitel-076-6574993,Mobile,+8550766574993
Mobitel-076-6574994,Mobile,+8550766574994
Mobitel-076-6574995,Mobile,+8550766574995
Mobitel-076-6574996,Mobile,+8550766574996
Mobitel-076-6574997,Mobile,+8550766574997
Mobitel-076-6574998,Mobile,+8550766574998
Mobitel-076-6574999,Mobile,+8550766574999
Mobitel-076-6575000,Mobile,+8550766575000
Mobitel-076-6575001,Mobile,+8550766575001
Mobitel-076-6575002,Mobile,+8550766575002
Mobitel-076-6575003,Mobile,+8550766575003
Mobitel-076-6575004,Mobile,+8550766575004
Mobitel-076-6575005,Mobile,+8550766575005
Mobitel-076-6575006,Mobile,+8550766575006
Mobitel-076-6575007,Mobile,+8550766575007
Mobitel-076-6575008,Mobile,+8550766575008
Mobitel-076-6575009,Mobile,+8550766575009
Mobitel-076-6575010,Mobile,+8550766575010
Mobitel-076-6575011,Mobile,+8550766575011
Mobitel-076-6575012,Mobile,+8550766575012
Mobitel-076-6575013,Mobile,+8550766575013
Mobitel-076-6575014,Mobile,+8550766575014
Mobitel-076-6575015,Mobile,+8550766575015
Mobitel-076-6575016,Mobile,+8550766575016
Mobitel-076-6575017,Mobile,+8550766575017
Mobitel-076-6575018,Mobile,+8550766575018
Mobitel-076-6575019,Mobile,+8550766575019
Mobitel-076-6575020,Mobile,+8550766575020
Mobitel-076-6575021,Mobile,+8550766575021
Mobitel-076-6575022,Mobile,+8550766575022
Mobitel-076-6575023,Mobile,+8550766575023
Mobitel-076-6575024,Mobile,+8550766575024
Mobitel-076-6575025,Mobile,+8550766575025
Mobitel-076-6575026,Mobile,+8550766575026
Mobitel-076-6575027,Mobile,+8550766575027
Mobitel-076-6575028,Mobile,+8550766575028
Mobitel-076-6575029,Mobile,+8550766575029
Mobitel-076-6575030,Mobile,+8550766575030
Mobitel-076-6575031,Mobile,+8550766575031
Mobitel-076-6575032,Mobile,+8550766575032
Mobitel-076-6575033,Mobile,+8550766575033
Mobitel-076-6575034,Mobile,+8550766575034
Mobitel-076-6575035,Mobile,+8550766575035
Mobitel-076-6575036,Mobile,+8550766575036
Mobitel-076-6575037,Mobile,+8550766575037
Mobitel-076-6575038,Mobile,+8550766575038
Mobitel-076-6575039,Mobile,+8550766575039
Mobitel-076-6575040,Mobile,+8550766575040
Mobitel-076-6575041,Mobile,+8550766575041
Mobitel-076-6575042,Mobile,+8550766575042
Mobitel-076-6575043,Mobile,+8550766575043
Mobitel-076-6575044,Mobile,+8550766575044
Mobitel-076-6575045,Mobile,+8550766575045
Mobitel-076-6575046,Mobile,+8550766575046
Mobitel-076-6575047,Mobile,+8550766575047
Mobitel-076-6575048,Mobile,+8550766575048
Mobitel-076-6575049,Mobile,+8550766575049
Mobitel-076-6575050,Mobile,+8550766575050
Mobitel-076-6575051,Mobile,+8550766575051
Mobitel-076-6575052,Mobile,+8550766575052
Mobitel-076-6575053,Mobile,+8550766575053
Mobitel-076-6575054,Mobile,+8550766575054
Mobitel-076-6575055,Mobile,+8550766575055
Mobitel-076-6575056,Mobile,+8550766575056
Mobitel-076-6575057,Mobile,+8550766575057
Mobitel-076-6575058,Mobile,+8550766575058
Mobitel-076-6575059,Mobile,+8550766575059
Mobitel-076-6575060,Mobile,+8550766575060
Mobitel-076-6575061,Mobile,+8550766575061
Mobitel-076-6575062,Mobile,+8550766575062
Mobitel-076-6575063,Mobile,+8550766575063
Mobitel-076-6575064,Mobile,+8550766575064
Mobitel-076-6575065,Mobile,+8550766575065
Mobitel-076-6575066,Mobile,+8550766575066
Mobitel-076-6575067,Mobile,+8550766575067
Mobitel-076-6575068,Mobile,+8550766575068
Mobitel-076-6575069,Mobile,+8550766575069
Mobitel-076-6575070,Mobile,+8550766575070
Mobitel-076-6575071,Mobile,+8550766575071
Mobitel-076-6575072,Mobile,+8550766575072
Mobitel-076-6575073,Mobile,+8550766575073
Mobitel-076-6575074,Mobile,+8550766575074
Mobitel-076-6575075,Mobile,+8550766575075
Mobitel-076-6575076,Mobile,+8550766575076
Mobitel-076-6575077,Mobile,+8550766575077
Mobitel-076-6575078,Mobile,+8550766575078
Mobitel-076-6575079,Mobile,+8550766575079
Mobitel-076-6575080,Mobile,+8550766575080
Mobitel-076-6575081,Mobile,+8550766575081
Mobitel-076-6575082,Mobile,+8550766575082
Mobitel-076-6575083,Mobile,+8550766575083
Mobitel-076-6575084,Mobile,+8550766575084
Mobitel-076-6575085,Mobile,+8550766575085
Mobitel-076-6575086,Mobile,+8550766575086
Mobitel-076-6575087,Mobile,+8550766575087
Mobitel-076-6575088,Mobile,+8550766575088
Mobitel-076-6575089,Mobile,+8550766575089
Mobitel-076-6575090,Mobile,+8550766575090
Mobitel-076-6575091,Mobile,+8550766575091
Mobitel-076-6575092,Mobile,+8550766575092
Mobitel-076-6575093,Mobile,+8550766575093
Mobitel-076-6575094,Mobile,+8550766575094
Mobitel-076-6575095,Mobile,+8550766575095
Mobitel-076-6575096,Mobile,+8550766575096
Mobitel-076-6575097,Mobile,+8550766575097
Mobitel-076-6575098,Mobile,+8550766575098
Mobitel-076-6575099,Mobile,+8550766575099
Mobitel-076-6575100,Mobile,+8550766575100
Mobitel-076-6575101,Mobile,+8550766575101
Mobitel-076-6575102,Mobile,+8550766575102
Mobitel-076-6575103,Mobile,+8550766575103
Mobitel-076-6575104,Mobile,+8550766575104
Mobitel-076-6575105,Mobile,+8550766575105
Mobitel-076-6575106,Mobile,+8550766575106
Mobitel-076-6575107,Mobile,+8550766575107
Mobitel-076-6575108,Mobile,+8550766575108
Mobitel-076-6575109,Mobile,+8550766575109
Mobitel-076-6575110,Mobile,+8550766575110
Mobitel-076-6575111,Mobile,+8550766575111
Mobitel-076-6575112,Mobile,+8550766575112
Mobitel-076-6575113,Mobile,+8550766575113
Mobitel-076-6575114,Mobile,+8550766575114
Mobitel-076-6575115,Mobile,+8550766575115
Mobitel-076-6575116,Mobile,+8550766575116
Mobitel-076-6575117,Mobile,+8550766575117
Mobitel-076-6575118,Mobile,+8550766575118
Mobitel-076-6575119,Mobile,+8550766575119
Mobitel-076-6575120,Mobile,+8550766575120
Mobitel-076-6575121,Mobile,+8550766575121
Mobitel-076-6575122,Mobile,+8550766575122
Mobitel-076-6575123,Mobile,+8550766575123
Mobitel-076-6575124,Mobile,+8550766575124
Mobitel-076-6575125,Mobile,+8550766575125
Mobitel-076-6575126,Mobile,+8550766575126
Mobitel-076-6575127,Mobile,+8550766575127
Mobitel-076-6575128,Mobile,+8550766575128
Mobitel-076-6575129,Mobile,+8550766575129
Mobitel-076-6575130,Mobile,+8550766575130
Mobitel-076-6575131,Mobile,+8550766575131
Mobitel-076-6575132,Mobile,+8550766575132
Mobitel-076-6575133,Mobile,+8550766575133
Mobitel-076-6575134,Mobile,+8550766575134
Mobitel-076-6575135,Mobile,+8550766575135
Mobitel-076-6575136,Mobile,+8550766575136
Mobitel-076-6575137,Mobile,+8550766575137
Mobitel-076-6575138,Mobile,+8550766575138
Mobitel-076-6575139,Mobile,+8550766575139
Mobitel-076-6575140,Mobile,+8550766575140
Mobitel-076-6575141,Mobile,+8550766575141
Mobitel-076-6575142,Mobile,+8550766575142
Mobitel-076-6575143,Mobile,+8550766575143
Mobitel-076-6575144,Mobile,+8550766575144
Mobitel-076-6575145,Mobile,+8550766575145
Mobitel-076-6575146,Mobile,+8550766575146
Mobitel-076-6575147,Mobile,+8550766575147
Mobitel-076-6575148,Mobile,+8550766575148
Mobitel-076-6575149,Mobile,+8550766575149
Mobitel-076-6575150,Mobile,+8550766575150
Mobitel-076-6575151,Mobile,+8550766575151
Mobitel-076-6575152,Mobile,+8550766575152
Mobitel-076-6575153,Mobile,+8550766575153
Mobitel-076-6575154,Mobile,+8550766575154
Mobitel-076-6575155,Mobile,+8550766575155
Mobitel-076-6575156,Mobile,+8550766575156
Mobitel-076-6575157,Mobile,+8550766575157
Mobitel-076-6575158,Mobile,+8550766575158
Mobitel-076-6575159,Mobile,+8550766575159
Mobitel-076-6575160,Mobile,+8550766575160
Mobitel-076-6575161,Mobile,+8550766575161
Mobitel-076-6575162,Mobile,+8550766575162
Mobitel-076-6575163,Mobile,+8550766575163
Mobitel-076-6575164,Mobile,+8550766575164
Mobitel-076-6575165,Mobile,+8550766575165
Mobitel-076-6575166,Mobile,+8550766575166
Mobitel-076-6575167,Mobile,+8550766575167
Mobitel-076-6575168,Mobile,+8550766575168
Mobitel-076-6575169,Mobile,+8550766575169
Mobitel-076-6575170,Mobile,+8550766575170
Mobitel-076-6575171,Mobile,+8550766575171
Mobitel-076-6575172,Mobile,+8550766575172
Mobitel-076-6575173,Mobile,+8550766575173
Mobitel-076-6575174,Mobile,+8550766575174
Mobitel-076-6575175,Mobile,+8550766575175
Mobitel-076-6575176,Mobile,+8550766575176
Mobitel-076-6575177,Mobile,+8550766575177
Mobitel-076-6575178,Mobile,+8550766575178
Mobitel-076-6575179,Mobile,+8550766575179
Mobitel-076-6575180,Mobile,+8550766575180
Mobitel-076-6575181,Mobile,+8550766575181
Mobitel-076-6575182,Mobile,+8550766575182
Mobitel-076-6575183,Mobile,+8550766575183
Mobitel-076-6575184,Mobile,+8550766575184
Mobitel-076-6575185,Mobile,+8550766575185
Mobitel-076-6575186,Mobile,+8550766575186
Mobitel-076-6575187,Mobile,+8550766575187
Mobitel-076-6575188,Mobile,+8550766575188
Mobitel-076-6575189,Mobile,+8550766575189
Mobitel-076-6575190,Mobile,+8550766575190
Mobitel-076-6575191,Mobile,+8550766575191
Mobitel-076-6575192,Mobile,+8550766575192
Mobitel-076-6575193,Mobile,+8550766575193
Mobitel-076-6575194,Mobile,+8550766575194
Mobitel-076-6575195,Mobile,+8550766575195
Mobitel-076-6575196,Mobile,+8550766575196
Mobitel-076-6575197,Mobile,+8550766575197
Mobitel-076-6575198,Mobile,+8550766575198
Mobitel-076-6575199,Mobile,+8550766575199
Mobitel-076-6575200,Mobile,+8550766575200
Mobitel-076-6575201,Mobile,+8550766575201
Mobitel-076-6575202,Mobile,+8550766575202
Mobitel-076-6575203,Mobile,+8550766575203
Mobitel-076-6575204,Mobile,+8550766575204
Mobitel-076-6575205,Mobile,+8550766575205
Mobitel-076-6575206,Mobile,+8550766575206
Mobitel-076-6575207,Mobile,+8550766575207
Mobitel-076-6575208,Mobile,+8550766575208
Mobitel-076-6575209,Mobile,+8550766575209
Mobitel-076-6575210,Mobile,+8550766575210
Mobitel-076-6575211,Mobile,+8550766575211
Mobitel-076-6575212,Mobile,+8550766575212
Mobitel-076-6575213,Mobile,+8550766575213
Mobitel-076-6575214,Mobile,+8550766575214
Mobitel-076-6575215,Mobile,+8550766575215
Mobitel-076-6575216,Mobile,+8550766575216
Mobitel-076-6575217,Mobile,+8550766575217
Mobitel-076-6575218,Mobile,+8550766575218
Mobitel-076-6575219,Mobile,+8550766575219
Mobitel-076-6575220,Mobile,+8550766575220
Mobitel-076-6575221,Mobile,+8550766575221
Mobitel-076-6575222,Mobile,+8550766575222
Mobitel-076-6575223,Mobile,+8550766575223
Mobitel-076-6575224,Mobile,+8550766575224
Mobitel-076-6575225,Mobile,+8550766575225
Mobitel-076-6575226,Mobile,+8550766575226
Mobitel-076-6575227,Mobile,+8550766575227
Mobitel-076-6575228,Mobile,+8550766575228
Mobitel-076-6575229,Mobile,+8550766575229
Mobitel-076-6575230,Mobile,+8550766575230
Mobitel-076-6575231,Mobile,+8550766575231
Mobitel-076-6575232,Mobile,+8550766575232
Mobitel-076-6575233,Mobile,+8550766575233
Mobitel-076-6575234,Mobile,+8550766575234
Mobitel-076-6575235,Mobile,+8550766575235
Mobitel-076-6575236,Mobile,+8550766575236
Mobitel-076-6575237,Mobile,+8550766575237
Mobitel-076-6575238,Mobile,+8550766575238
Mobitel-076-6575239,Mobile,+8550766575239
Mobitel-076-6575240,Mobile,+8550766575240
Mobitel-076-6575241,Mobile,+8550766575241
Mobitel-076-6575242,Mobile,+8550766575242
Mobitel-076-6575243,Mobile,+8550766575243
Mobitel-076-6575244,Mobile,+8550766575244
Mobitel-076-6575245,Mobile,+8550766575245
Mobitel-076-6575246,Mobile,+8550766575246
Mobitel-076-6575247,Mobile,+8550766575247
Mobitel-076-6575248,Mobile,+8550766575248
Mobitel-076-6575249,Mobile,+8550766575249
Mobitel-076-6575250,Mobile,+8550766575250
Mobitel-076-6575251,Mobile,+8550766575251
Mobitel-076-6575252,Mobile,+8550766575252
Mobitel-076-6575253,Mobile,+8550766575253
Mobitel-076-6575254,Mobile,+8550766575254
Mobitel-076-6575255,Mobile,+8550766575255
Mobitel-076-6575256,Mobile,+8550766575256
Mobitel-076-6575257,Mobile,+8550766575257
Mobitel-076-6575258,Mobile,+8550766575258
Mobitel-076-6575259,Mobile,+8550766575259
Mobitel-076-6575260,Mobile,+8550766575260
Mobitel-076-6575261,Mobile,+8550766575261
Mobitel-076-6575262,Mobile,+8550766575262
Mobitel-076-6575263,Mobile,+8550766575263
Mobitel-076-6575264,Mobile,+8550766575264
Mobitel-076-6575265,Mobile,+8550766575265
Mobitel-076-6575266,Mobile,+8550766575266
Mobitel-076-6575267,Mobile,+8550766575267
Mobitel-076-6575268,Mobile,+8550766575268
Mobitel-076-6575269,Mobile,+8550766575269
Mobitel-076-6575270,Mobile,+8550766575270
Mobitel-076-6575271,Mobile,+8550766575271
Mobitel-076-6575272,Mobile,+8550766575272
Mobitel-076-6575273,Mobile,+8550766575273
Mobitel-076-6575274,Mobile,+8550766575274
Mobitel-076-6575275,Mobile,+8550766575275
Mobitel-076-6575276,Mobile,+8550766575276
Mobitel-076-6575277,Mobile,+8550766575277
Mobitel-076-6575278,Mobile,+8550766575278
Mobitel-076-6575279,Mobile,+8550766575279
Mobitel-076-6575280,Mobile,+8550766575280
Mobitel-076-6575281,Mobile,+8550766575281
Mobitel-076-6575282,Mobile,+8550766575282
Mobitel-076-6575283,Mobile,+8550766575283
Mobitel-076-6575284,Mobile,+8550766575284
Mobitel-076-6575285,Mobile,+8550766575285
Mobitel-076-6575286,Mobile,+8550766575286
Mobitel-076-6575287,Mobile,+8550766575287
Mobitel-076-6575288,Mobile,+8550766575288
Mobitel-076-6575289,Mobile,+8550766575289
Mobitel-076-6575290,Mobile,+8550766575290
Mobitel-076-6575291,Mobile,+8550766575291
Mobitel-076-6575292,Mobile,+8550766575292
Mobitel-076-6575293,Mobile,+8550766575293
Mobitel-076-6575294,Mobile,+8550766575294
Mobitel-076-6575295,Mobile,+8550766575295
Mobitel-076-6575296,Mobile,+8550766575296
Mobitel-076-6575297,Mobile,+8550766575297
Mobitel-076-6575298,Mobile,+8550766575298
Mobitel-076-6575299,Mobile,+8550766575299
Mobitel-076-6575300,Mobile,+8550766575300
Mobitel-076-6575301,Mobile,+8550766575301
Mobitel-076-6575302,Mobile,+8550766575302
Mobitel-076-6575303,Mobile,+8550766575303
Mobitel-076-6575304,Mobile,+8550766575304
Mobitel-076-6575305,Mobile,+8550766575305
Mobitel-076-6575306,Mobile,+8550766575306
Mobitel-076-6575307,Mobile,+8550766575307
Mobitel-076-6575308,Mobile,+8550766575308
Mobitel-076-6575309,Mobile,+8550766575309
Mobitel-076-6575310,Mobile,+8550766575310
Mobitel-076-6575311,Mobile,+8550766575311
Mobitel-076-6575312,Mobile,+8550766575312
Mobitel-076-6575313,Mobile,+8550766575313
Mobitel-076-6575314,Mobile,+8550766575314
Mobitel-076-6575315,Mobile,+8550766575315
Mobitel-076-6575316,Mobile,+8550766575316
Mobitel-076-6575317,Mobile,+8550766575317
Mobitel-076-6575318,Mobile,+8550766575318
Mobitel-076-6575319,Mobile,+8550766575319
Mobitel-076-6575320,Mobile,+8550766575320
Mobitel-076-6575321,Mobile,+8550766575321
Mobitel-076-6575322,Mobile,+8550766575322
Mobitel-076-6575323,Mobile,+8550766575323
Mobitel-076-6575324,Mobile,+8550766575324
Mobitel-076-6575325,Mobile,+8550766575325
Mobitel-076-6575326,Mobile,+8550766575326
Mobitel-076-6575327,Mobile,+8550766575327
Mobitel-076-6575328,Mobile,+8550766575328
Mobitel-076-6575329,Mobile,+8550766575329
Mobitel-076-6575330,Mobile,+8550766575330
Mobitel-076-6575331,Mobile,+8550766575331
Mobitel-076-6575332,Mobile,+8550766575332
Mobitel-076-6575333,Mobile,+8550766575333
Mobitel-076-6575334,Mobile,+8550766575334
Mobitel-076-6575335,Mobile,+8550766575335
Mobitel-076-6575336,Mobile,+8550766575336
Mobitel-076-6575337,Mobile,+8550766575337
Mobitel-076-6575338,Mobile,+8550766575338
Mobitel-076-6575339,Mobile,+8550766575339
Mobitel-076-6575340,Mobile,+8550766575340
Mobitel-076-6575341,Mobile,+8550766575341
Mobitel-076-6575342,Mobile,+8550766575342
Mobitel-076-6575343,Mobile,+8550766575343
Mobitel-076-6575344,Mobile,+8550766575344
Mobitel-076-6575345,Mobile,+8550766575345
Mobitel-076-6575346,Mobile,+8550766575346
Mobitel-076-6575347,Mobile,+8550766575347
Mobitel-076-6575348,Mobile,+8550766575348
Mobitel-076-6575349,Mobile,+8550766575349
Mobitel-076-6575350,Mobile,+8550766575350
Mobitel-076-6575351,Mobile,+8550766575351
Mobitel-076-6575352,Mobile,+8550766575352
Mobitel-076-6575353,Mobile,+8550766575353
Mobitel-076-6575354,Mobile,+8550766575354
Mobitel-076-6575355,Mobile,+8550766575355
Mobitel-076-6575356,Mobile,+8550766575356
Mobitel-076-6575357,Mobile,+8550766575357
Mobitel-076-6575358,Mobile,+8550766575358
Mobitel-076-6575359,Mobile,+8550766575359
Mobitel-076-6575360,Mobile,+8550766575360
Mobitel-076-6575361,Mobile,+8550766575361
Mobitel-076-6575362,Mobile,+8550766575362
Mobitel-076-6575363,Mobile,+8550766575363
Mobitel-076-6575364,Mobile,+8550766575364
Mobitel-076-6575365,Mobile,+8550766575365
Mobitel-076-6575366,Mobile,+8550766575366
Mobitel-076-6575367,Mobile,+8550766575367
Mobitel-076-6575368,Mobile,+8550766575368
Mobitel-076-6575369,Mobile,+8550766575369
Mobitel-076-6575370,Mobile,+8550766575370
Mobitel-076-6575371,Mobile,+8550766575371
Mobitel-076-6575372,Mobile,+8550766575372
Mobitel-076-6575373,Mobile,+8550766575373
Mobitel-076-6575374,Mobile,+8550766575374
Mobitel-076-6575375,Mobile,+8550766575375
Mobitel-076-6575376,Mobile,+8550766575376
Mobitel-076-6575377,Mobile,+8550766575377
Mobitel-076-6575378,Mobile,+8550766575378
Mobitel-076-6575379,Mobile,+8550766575379
Mobitel-076-6575380,Mobile,+8550766575380
Mobitel-076-6575381,Mobile,+8550766575381
Mobitel-076-6575382,Mobile,+8550766575382
Mobitel-076-6575383,Mobile,+8550766575383
Mobitel-076-6575384,Mobile,+8550766575384
Mobitel-076-6575385,Mobile,+8550766575385
Mobitel-076-6575386,Mobile,+8550766575386
Mobitel-076-6575387,Mobile,+8550766575387
Mobitel-076-6575388,Mobile,+8550766575388
Mobitel-076-6575389,Mobile,+8550766575389
Mobitel-076-6575390,Mobile,+8550766575390
Mobitel-076-6575391,Mobile,+8550766575391
Mobitel-076-6575392,Mobile,+8550766575392
Mobitel-076-6575393,Mobile,+8550766575393
Mobitel-076-6575394,Mobile,+8550766575394
Mobitel-076-6575395,Mobile,+8550766575395
Mobitel-076-6575396,Mobile,+8550766575396
Mobitel-076-6575397,Mobile,+8550766575397
Mobitel-076-6575398,Mobile,+8550766575398
Mobitel-076-6575399,Mobile,+8550766575399
Mobitel-076-6575400,Mobile,+8550766575400
Mobitel-076-6575401,Mobile,+8550766575401
Mobitel-076-6575402,Mobile,+8550766575402
Mobitel-076-6575403,Mobile,+8550766575403
Mobitel-076-6575404,Mobile,+8550766575404
Mobitel-076-6575405,Mobile,+8550766575405
Mobitel-076-6575406,Mobile,+8550766575406
Mobitel-076-6575407,Mobile,+8550766575407
Mobitel-076-6575408,Mobile,+8550766575408
Mobitel-076-6575409,Mobile,+8550766575409
Mobitel-076-6575410,Mobile,+8550766575410
Mobitel-076-6575411,Mobile,+8550766575411
Mobitel-076-6575412,Mobile,+8550766575412
Mobitel-076-6575413,Mobile,+8550766575413
Mobitel-076-6575414,Mobile,+8550766575414
Mobitel-076-6575415,Mobile,+8550766575415
Mobitel-076-6575416,Mobile,+8550766575416
Mobitel-076-6575417,Mobile,+8550766575417
Mobitel-076-6575418,Mobile,+8550766575418
Mobitel-076-6575419,Mobile,+8550766575419
Mobitel-076-6575420,Mobile,+8550766575420
Mobitel-076-6575421,Mobile,+8550766575421
Mobitel-076-6575422,Mobile,+8550766575422
Mobitel-076-6575423,Mobile,+8550766575423
Mobitel-076-6575424,Mobile,+8550766575424
Mobitel-076-6575425,Mobile,+8550766575425
Mobitel-076-6575426,Mobile,+8550766575426
Mobitel-076-6575427,Mobile,+8550766575427
Mobitel-076-6575428,Mobile,+8550766575428
Mobitel-076-6575429,Mobile,+8550766575429
Mobitel-076-6575430,Mobile,+8550766575430
Mobitel-076-6575431,Mobile,+8550766575431
Mobitel-076-6575432,Mobile,+8550766575432
Mobitel-076-6575433,Mobile,+8550766575433
Mobitel-076-6575434,Mobile,+8550766575434
Mobitel-076-6575435,Mobile,+8550766575435
Mobitel-076-6575436,Mobile,+8550766575436
Mobitel-076-6575437,Mobile,+8550766575437
Mobitel-076-6575438,Mobile,+8550766575438
Mobitel-076-6575439,Mobile,+8550766575439
Mobitel-076-6575440,Mobile,+8550766575440
Mobitel-076-6575441,Mobile,+8550766575441
Mobitel-076-6575442,Mobile,+8550766575442
Mobitel-076-6575443,Mobile,+8550766575443
Mobitel-076-6575444,Mobile,+8550766575444
Mobitel-076-6575445,Mobile,+8550766575445
Mobitel-076-6575446,Mobile,+8550766575446
Mobitel-076-6575447,Mobile,+8550766575447
Mobitel-076-6575448,Mobile,+8550766575448
Mobitel-076-6575449,Mobile,+8550766575449
Mobitel-076-6575450,Mobile,+8550766575450
Mobitel-076-6575451,Mobile,+8550766575451
Mobitel-076-6575452,Mobile,+8550766575452
Mobitel-076-6575453,Mobile,+8550766575453
Mobitel-076-6575454,Mobile,+8550766575454
Mobitel-076-6575455,Mobile,+8550766575455
Mobitel-076-6575456,Mobile,+8550766575456
Mobitel-076-6575457,Mobile,+8550766575457
Mobitel-076-6575458,Mobile,+8550766575458
Mobitel-076-6575459,Mobile,+8550766575459
Mobitel-076-6575460,Mobile,+8550766575460
Mobitel-076-6575461,Mobile,+8550766575461
Mobitel-076-6575462,Mobile,+8550766575462
Mobitel-076-6575463,Mobile,+8550766575463
Mobitel-076-6575464,Mobile,+8550766575464
Mobitel-076-6575465,Mobile,+8550766575465
Mobitel-076-6575466,Mobile,+8550766575466
Mobitel-076-6575467,Mobile,+8550766575467
Mobitel-076-6575468,Mobile,+8550766575468
Mobitel-076-6575469,Mobile,+8550766575469
Mobitel-076-6575470,Mobile,+8550766575470
Mobitel-076-6575471,Mobile,+8550766575471
Mobitel-076-6575472,Mobile,+8550766575472
Mobitel-076-6575473,Mobile,+8550766575473
Mobitel-076-6575474,Mobile,+8550766575474
Mobitel-076-6575475,Mobile,+8550766575475
Mobitel-076-6575476,Mobile,+8550766575476
Mobitel-076-6575477,Mobile,+8550766575477
Mobitel-076-6575478,Mobile,+8550766575478
Mobitel-076-6575479,Mobile,+8550766575479
Mobitel-076-6575480,Mobile,+8550766575480
Mobitel-076-6575481,Mobile,+8550766575481
Mobitel-076-6575482,Mobile,+8550766575482
Mobitel-076-6575483,Mobile,+8550766575483
Mobitel-076-6575484,Mobile,+8550766575484
Mobitel-076-6575485,Mobile,+8550766575485
Mobitel-076-6575486,Mobile,+8550766575486
Mobitel-076-6575487,Mobile,+8550766575487
Mobitel-076-6575488,Mobile,+8550766575488
Mobitel-076-6575489,Mobile,+8550766575489
Mobitel-076-6575490,Mobile,+8550766575490
Mobitel-076-6575491,Mobile,+8550766575491
Mobitel-076-6575492,Mobile,+8550766575492
Mobitel-076-6575493,Mobile,+8550766575493
Mobitel-076-6575494,Mobile,+8550766575494
Mobitel-076-6575495,Mobile,+8550766575495
Mobitel-076-6575496,Mobile,+8550766575496
Mobitel-076-6575497,Mobile,+8550766575497
Mobitel-076-6575498,Mobile,+8550766575498
Mobitel-076-6575499,Mobile,+8550766575499
Mobitel-076-6575500,Mobile,+8550766575500
Mobitel-076-6575501,Mobile,+8550766575501
Mobitel-076-6575502,Mobile,+8550766575502
Mobitel-076-6575503,Mobile,+8550766575503
Mobitel-076-6575504,Mobile,+8550766575504
Mobitel-076-6575505,Mobile,+8550766575505
Mobitel-076-6575506,Mobile,+8550766575506
Mobitel-076-6575507,Mobile,+8550766575507
Mobitel-076-6575508,Mobile,+8550766575508
Mobitel-076-6575509,Mobile,+8550766575509
Mobitel-076-6575510,Mobile,+8550766575510
Mobitel-076-6575511,Mobile,+8550766575511
Mobitel-076-6575512,Mobile,+8550766575512
Mobitel-076-6575513,Mobile,+8550766575513
Mobitel-076-6575514,Mobile,+8550766575514
Mobitel-076-6575515,Mobile,+8550766575515
Mobitel-076-6575516,Mobile,+8550766575516
Mobitel-076-6575517,Mobile,+8550766575517
Mobitel-076-6575518,Mobile,+8550766575518
Mobitel-076-6575519,Mobile,+8550766575519
Mobitel-076-6575520,Mobile,+8550766575520
Mobitel-076-6575521,Mobile,+8550766575521
Mobitel-076-6575522,Mobile,+8550766575522
Mobitel-076-6575523,Mobile,+8550766575523
Mobitel-076-6575524,Mobile,+8550766575524
Mobitel-076-6575525,Mobile,+8550766575525
Mobitel-076-6575526,Mobile,+8550766575526
Mobitel-076-6575527,Mobile,+8550766575527
Mobitel-076-6575528,Mobile,+8550766575528
Mobitel-076-6575529,Mobile,+8550766575529
Mobitel-076-6575530,Mobile,+8550766575530
Mobitel-076-6575531,Mobile,+8550766575531
Mobitel-076-6575532,Mobile,+8550766575532
Mobitel-076-6575533,Mobile,+8550766575533
Mobitel-076-6575534,Mobile,+8550766575534
Mobitel-076-6575535,Mobile,+8550766575535
Mobitel-076-6575536,Mobile,+8550766575536
Mobitel-076-6575537,Mobile,+8550766575537
Mobitel-076-6575538,Mobile,+8550766575538
Mobitel-076-6575539,Mobile,+8550766575539
Mobitel-076-6575540,Mobile,+8550766575540
Mobitel-076-6575541,Mobile,+8550766575541
Mobitel-076-6575542,Mobile,+8550766575542
Mobitel-076-6575543,Mobile,+8550766575543
Mobitel-076-6575544,Mobile,+8550766575544
Mobitel-076-6575545,Mobile,+8550766575545
Mobitel-076-6575546,Mobile,+8550766575546
Mobitel-076-6575547,Mobile,+8550766575547
Mobitel-076-6575548,Mobile,+8550766575548
Mobitel-076-6575549,Mobile,+8550766575549
Mobitel-076-6575550,Mobile,+8550766575550
Mobitel-076-6575551,Mobile,+8550766575551
Mobitel-076-6575552,Mobile,+8550766575552
Mobitel-076-6575553,Mobile,+8550766575553
Mobitel-076-6575554,Mobile,+8550766575554
Mobitel-076-6575555,Mobile,+8550766575555
Mobitel-076-6575556,Mobile,+8550766575556
Mobitel-076-6575557,Mobile,+8550766575557
Mobitel-076-6575558,Mobile,+8550766575558
Mobitel-076-6575559,Mobile,+8550766575559
Mobitel-076-6575560,Mobile,+8550766575560
Mobitel-076-6575561,Mobile,+8550766575561
Mobitel-076-6575562,Mobile,+8550766575562
Mobitel-076-6575563,Mobile,+8550766575563
Mobitel-076-6575564,Mobile,+8550766575564
Mobitel-076-6575565,Mobile,+8550766575565
Mobitel-076-6575566,Mobile,+8550766575566
Mobitel-076-6575567,Mobile,+8550766575567
Mobitel-076-6575568,Mobile,+8550766575568
Mobitel-076-6575569,Mobile,+8550766575569
Mobitel-076-6575570,Mobile,+8550766575570
Mobitel-076-6575571,Mobile,+8550766575571
Mobitel-076-6575572,Mobile,+8550766575572
Mobitel-076-6575573,Mobile,+8550766575573
Mobitel-076-6575574,Mobile,+8550766575574
Mobitel-076-6575575,Mobile,+8550766575575
Mobitel-076-6575576,Mobile,+8550766575576
Mobitel-076-6575577,Mobile,+8550766575577
Mobitel-076-6575578,Mobile,+8550766575578
Mobitel-076-6575579,Mobile,+8550766575579
Mobitel-076-6575580,Mobile,+8550766575580
Mobitel-076-6575581,Mobile,+8550766575581
Mobitel-076-6575582,Mobile,+8550766575582
Mobitel-076-6575583,Mobile,+8550766575583
Mobitel-076-6575584,Mobile,+8550766575584
Mobitel-076-6575585,Mobile,+8550766575585
Mobitel-076-6575586,Mobile,+8550766575586
Mobitel-076-6575587,Mobile,+8550766575587
Mobitel-076-6575588,Mobile,+8550766575588
Mobitel-076-6575589,Mobile,+8550766575589
Mobitel-076-6575590,Mobile,+8550766575590
Mobitel-076-6575591,Mobile,+8550766575591
Mobitel-076-6575592,Mobile,+8550766575592
Mobitel-076-6575593,Mobile,+8550766575593
Mobitel-076-6575594,Mobile,+8550766575594
Mobitel-076-6575595,Mobile,+8550766575595
Mobitel-076-6575596,Mobile,+8550766575596
Mobitel-076-6575597,Mobile,+8550766575597
Mobitel-076-6575598,Mobile,+8550766575598
Mobitel-076-6575599,Mobile,+8550766575599
Mobitel-076-6575600,Mobile,+8550766575600
Mobitel-076-6575601,Mobile,+8550766575601
Mobitel-076-6575602,Mobile,+8550766575602
Mobitel-076-6575603,Mobile,+8550766575603
Mobitel-076-6575604,Mobile,+8550766575604
Mobitel-076-6575605,Mobile,+8550766575605
Mobitel-076-6575606,Mobile,+8550766575606
Mobitel-076-6575607,Mobile,+8550766575607
Mobitel-076-6575608,Mobile,+8550766575608
Mobitel-076-6575609,Mobile,+8550766575609
Mobitel-076-6575610,Mobile,+8550766575610
Mobitel-076-6575611,Mobile,+8550766575611
Mobitel-076-6575612,Mobile,+8550766575612
Mobitel-076-6575613,Mobile,+8550766575613
Mobitel-076-6575614,Mobile,+8550766575614
Mobitel-076-6575615,Mobile,+8550766575615
Mobitel-076-6575616,Mobile,+8550766575616
Mobitel-076-6575617,Mobile,+8550766575617
Mobitel-076-6575618,Mobile,+8550766575618
Mobitel-076-6575619,Mobile,+8550766575619
Mobitel-076-6575620,Mobile,+8550766575620
Mobitel-076-6575621,Mobile,+8550766575621
Mobitel-076-6575622,Mobile,+8550766575622
Mobitel-076-6575623,Mobile,+8550766575623
Mobitel-076-6575624,Mobile,+8550766575624
Mobitel-076-6575625,Mobile,+8550766575625
Mobitel-076-6575626,Mobile,+8550766575626
Mobitel-076-6575627,Mobile,+8550766575627
Mobitel-076-6575628,Mobile,+8550766575628
Mobitel-076-6575629,Mobile,+8550766575629
Mobitel-076-6575630,Mobile,+8550766575630
Mobitel-076-6575631,Mobile,+8550766575631
Mobitel-076-6575632,Mobile,+8550766575632
Mobitel-076-6575633,Mobile,+8550766575633
Mobitel-076-6575634,Mobile,+8550766575634
Mobitel-076-6575635,Mobile,+8550766575635
Mobitel-076-6575636,Mobile,+8550766575636
Mobitel-076-6575637,Mobile,+8550766575637
Mobitel-076-6575638,Mobile,+8550766575638
Mobitel-076-6575639,Mobile,+8550766575639
Mobitel-076-6575640,Mobile,+8550766575640
Mobitel-076-6575641,Mobile,+8550766575641
Mobitel-076-6575642,Mobile,+8550766575642
Mobitel-076-6575643,Mobile,+8550766575643
Mobitel-076-6575644,Mobile,+8550766575644
Mobitel-076-6575645,Mobile,+8550766575645
Mobitel-076-6575646,Mobile,+8550766575646
Mobitel-076-6575647,Mobile,+8550766575647
Mobitel-076-6575648,Mobile,+8550766575648
Mobitel-076-6575649,Mobile,+8550766575649
Mobitel-076-6575650,Mobile,+8550766575650
Mobitel-076-6575651,Mobile,+8550766575651
Mobitel-076-6575652,Mobile,+8550766575652
Mobitel-076-6575653,Mobile,+8550766575653
Mobitel-076-6575654,Mobile,+8550766575654
Mobitel-076-6575655,Mobile,+8550766575655
Mobitel-076-6575656,Mobile,+8550766575656
Mobitel-076-6575657,Mobile,+8550766575657
Mobitel-076-6575658,Mobile,+8550766575658
Mobitel-076-6575659,Mobile,+8550766575659
Mobitel-076-6575660,Mobile,+8550766575660
Mobitel-076-6575661,Mobile,+8550766575661
Mobitel-076-6575662,Mobile,+8550766575662
Mobitel-076-6575663,Mobile,+8550766575663
Mobitel-076-6575664,Mobile,+8550766575664
Mobitel-076-6575665,Mobile,+8550766575665
Mobitel-076-6575666,Mobile,+8550766575666
Mobitel-076-6575667,Mobile,+8550766575667
Mobitel-076-6575668,Mobile,+8550766575668
Mobitel-076-6575669,Mobile,+8550766575669
Mobitel-076-6575670,Mobile,+8550766575670
Mobitel-076-6575671,Mobile,+8550766575671
Mobitel-076-6575672,Mobile,+8550766575672
Mobitel-076-6575673,Mobile,+8550766575673
Mobitel-076-6575674,Mobile,+8550766575674
Mobitel-076-6575675,Mobile,+8550766575675
Mobitel-076-6575676,Mobile,+8550766575676
Mobitel-076-6575677,Mobile,+8550766575677
Mobitel-076-6575678,Mobile,+8550766575678
Mobitel-076-6575679,Mobile,+8550766575679
Mobitel-076-6575680,Mobile,+8550766575680
Mobitel-076-6575681,Mobile,+8550766575681
Mobitel-076-6575682,Mobile,+8550766575682
Mobitel-076-6575683,Mobile,+8550766575683
Mobitel-076-6575684,Mobile,+8550766575684
Mobitel-076-6575685,Mobile,+8550766575685
Mobitel-076-6575686,Mobile,+8550766575686
Mobitel-076-6575687,Mobile,+8550766575687
Mobitel-076-6575688,Mobile,+8550766575688
Mobitel-076-6575689,Mobile,+8550766575689
Mobitel-076-6575690,Mobile,+8550766575690
Mobitel-076-6575691,Mobile,+8550766575691
Mobitel-076-6575692,Mobile,+8550766575692
Mobitel-076-6575693,Mobile,+8550766575693
Mobitel-076-6575694,Mobile,+8550766575694
Mobitel-076-6575695,Mobile,+8550766575695
Mobitel-076-6575696,Mobile,+8550766575696
Mobitel-076-6575697,Mobile,+8550766575697
Mobitel-076-6575698,Mobile,+8550766575698
Mobitel-076-6575699,Mobile,+8550766575699
Mobitel-076-6575700,Mobile,+8550766575700
Mobitel-076-6575701,Mobile,+8550766575701
Mobitel-076-6575702,Mobile,+8550766575702
Mobitel-076-6575703,Mobile,+8550766575703
Mobitel-076-6575704,Mobile,+8550766575704
Mobitel-076-6575705,Mobile,+8550766575705
Mobitel-076-6575706,Mobile,+8550766575706
Mobitel-076-6575707,Mobile,+8550766575707
Mobitel-076-6575708,Mobile,+8550766575708
Mobitel-076-6575709,Mobile,+8550766575709
Mobitel-076-6575710,Mobile,+8550766575710
Mobitel-076-6575711,Mobile,+8550766575711
Mobitel-076-6575712,Mobile,+8550766575712
Mobitel-076-6575713,Mobile,+8550766575713
Mobitel-076-6575714,Mobile,+8550766575714
Mobitel-076-6575715,Mobile,+8550766575715
Mobitel-076-6575716,Mobile,+8550766575716
Mobitel-076-6575717,Mobile,+8550766575717
Mobitel-076-6575718,Mobile,+8550766575718
Mobitel-076-6575719,Mobile,+8550766575719
Mobitel-076-6575720,Mobile,+8550766575720
Mobitel-076-6575721,Mobile,+8550766575721
Mobitel-076-6575722,Mobile,+8550766575722
Mobitel-076-6575723,Mobile,+8550766575723
Mobitel-076-6575724,Mobile,+8550766575724
Mobitel-076-6575725,Mobile,+8550766575725
Mobitel-076-6575726,Mobile,+8550766575726
Mobitel-076-6575727,Mobile,+8550766575727
Mobitel-076-6575728,Mobile,+8550766575728
Mobitel-076-6575729,Mobile,+8550766575729
Mobitel-076-6575730,Mobile,+8550766575730
Mobitel-076-6575731,Mobile,+8550766575731
Mobitel-076-6575732,Mobile,+8550766575732
Mobitel-076-6575733,Mobile,+8550766575733
Mobitel-076-6575734,Mobile,+8550766575734
Mobitel-076-6575735,Mobile,+8550766575735
Mobitel-076-6575736,Mobile,+8550766575736
Mobitel-076-6575737,Mobile,+8550766575737
Mobitel-076-6575738,Mobile,+8550766575738
Mobitel-076-6575739,Mobile,+8550766575739
Mobitel-076-6575740,Mobile,+8550766575740
Mobitel-076-6575741,Mobile,+8550766575741
Mobitel-076-6575742,Mobile,+8550766575742
Mobitel-076-6575743,Mobile,+8550766575743
Mobitel-076-6575744,Mobile,+8550766575744
Mobitel-076-6575745,Mobile,+8550766575745
Mobitel-076-6575746,Mobile,+8550766575746
Mobitel-076-6575747,Mobile,+8550766575747
Mobitel-076-6575748,Mobile,+8550766575748
Mobitel-076-6575749,Mobile,+8550766575749
Mobitel-076-6575750,Mobile,+8550766575750
Mobitel-076-6575751,Mobile,+8550766575751
Mobitel-076-6575752,Mobile,+8550766575752
Mobitel-076-6575753,Mobile,+8550766575753
Mobitel-076-6575754,Mobile,+8550766575754
Mobitel-076-6575755,Mobile,+8550766575755
Mobitel-076-6575756,Mobile,+8550766575756
Mobitel-076-6575757,Mobile,+8550766575757
Mobitel-076-6575758,Mobile,+8550766575758
Mobitel-076-6575759,Mobile,+8550766575759
Mobitel-076-6575760,Mobile,+8550766575760
Mobitel-076-6575761,Mobile,+8550766575761
Mobitel-076-6575762,Mobile,+8550766575762
Mobitel-076-6575763,Mobile,+8550766575763
Mobitel-076-6575764,Mobile,+8550766575764
Mobitel-076-6575765,Mobile,+8550766575765
Mobitel-076-6575766,Mobile,+8550766575766
Mobitel-076-6575767,Mobile,+8550766575767
Mobitel-076-6575768,Mobile,+8550766575768
Mobitel-076-6575769,Mobile,+8550766575769
Mobitel-076-6575770,Mobile,+8550766575770
Mobitel-076-6575771,Mobile,+8550766575771
Mobitel-076-6575772,Mobile,+8550766575772
Mobitel-076-6575773,Mobile,+8550766575773
Mobitel-076-6575774,Mobile,+8550766575774
Mobitel-076-6575775,Mobile,+8550766575775
Mobitel-076-6575776,Mobile,+8550766575776
Mobitel-076-6575777,Mobile,+8550766575777
Mobitel-076-6575778,Mobile,+8550766575778
Mobitel-076-6575779,Mobile,+8550766575779
Mobitel-076-6575780,Mobile,+8550766575780
Mobitel-076-6575781,Mobile,+8550766575781
Mobitel-076-6575782,Mobile,+8550766575782
Mobitel-076-6575783,Mobile,+8550766575783
Mobitel-076-6575784,Mobile,+8550766575784
Mobitel-076-6575785,Mobile,+8550766575785
Mobitel-076-6575786,Mobile,+8550766575786
Mobitel-076-6575787,Mobile,+8550766575787
Mobitel-076-6575788,Mobile,+8550766575788
Mobitel-076-6575789,Mobile,+8550766575789
Mobitel-076-6575790,Mobile,+8550766575790
Mobitel-076-6575791,Mobile,+8550766575791
Mobitel-076-6575792,Mobile,+8550766575792
Mobitel-076-6575793,Mobile,+8550766575793
Mobitel-076-6575794,Mobile,+8550766575794
Mobitel-076-6575795,Mobile,+8550766575795
Mobitel-076-6575796,Mobile,+8550766575796
Mobitel-076-6575797,Mobile,+8550766575797
Mobitel-076-6575798,Mobile,+8550766575798
Mobitel-076-6575799,Mobile,+8550766575799
Mobitel-076-6575800,Mobile,+8550766575800
Mobitel-076-6575801,Mobile,+8550766575801
Mobitel-076-6575802,Mobile,+8550766575802
Mobitel-076-6575803,Mobile,+8550766575803
Mobitel-076-6575804,Mobile,+8550766575804
Mobitel-076-6575805,Mobile,+8550766575805
Mobitel-076-6575806,Mobile,+8550766575806
Mobitel-076-6575807,Mobile,+8550766575807
Mobitel-076-6575808,Mobile,+8550766575808
Mobitel-076-6575809,Mobile,+8550766575809
Mobitel-076-6575810,Mobile,+8550766575810
Mobitel-076-6575811,Mobile,+8550766575811
Mobitel-076-6575812,Mobile,+8550766575812
Mobitel-076-6575813,Mobile,+8550766575813
Mobitel-076-6575814,Mobile,+8550766575814
Mobitel-076-6575815,Mobile,+8550766575815
Mobitel-076-6575816,Mobile,+8550766575816
Mobitel-076-6575817,Mobile,+8550766575817
Mobitel-076-6575818,Mobile,+8550766575818
Mobitel-076-6575819,Mobile,+8550766575819
Mobitel-076-6575820,Mobile,+8550766575820
Mobitel-076-6575821,Mobile,+8550766575821
Mobitel-076-6575822,Mobile,+8550766575822
Mobitel-076-6575823,Mobile,+8550766575823
Mobitel-076-6575824,Mobile,+8550766575824
Mobitel-076-6575825,Mobile,+8550766575825
Mobitel-076-6575826,Mobile,+8550766575826
Mobitel-076-6575827,Mobile,+8550766575827
Mobitel-076-6575828,Mobile,+8550766575828
Mobitel-076-6575829,Mobile,+8550766575829
Mobitel-076-6575830,Mobile,+8550766575830
Mobitel-076-6575831,Mobile,+8550766575831
Mobitel-076-6575832,Mobile,+8550766575832
Mobitel-076-6575833,Mobile,+8550766575833
Mobitel-076-6575834,Mobile,+8550766575834
Mobitel-076-6575835,Mobile,+8550766575835
Mobitel-076-6575836,Mobile,+8550766575836
Mobitel-076-6575837,Mobile,+8550766575837
Mobitel-076-6575838,Mobile,+8550766575838
Mobitel-076-6575839,Mobile,+8550766575839
Mobitel-076-6575840,Mobile,+8550766575840
Mobitel-076-6575841,Mobile,+8550766575841
Mobitel-076-6575842,Mobile,+8550766575842
Mobitel-076-6575843,Mobile,+8550766575843
Mobitel-076-6575844,Mobile,+8550766575844
Mobitel-076-6575845,Mobile,+8550766575845
Mobitel-076-6575846,Mobile,+8550766575846
Mobitel-076-6575847,Mobile,+8550766575847
Mobitel-076-6575848,Mobile,+8550766575848
Mobitel-076-6575849,Mobile,+8550766575849
Mobitel-076-6575850,Mobile,+8550766575850
Mobitel-076-6575851,Mobile,+8550766575851
Mobitel-076-6575852,Mobile,+8550766575852
Mobitel-076-6575853,Mobile,+8550766575853
Mobitel-076-6575854,Mobile,+8550766575854
Mobitel-076-6575855,Mobile,+8550766575855
Mobitel-076-6575856,Mobile,+8550766575856
Mobitel-076-6575857,Mobile,+8550766575857
Mobitel-076-6575858,Mobile,+8550766575858
Mobitel-076-6575859,Mobile,+8550766575859
Mobitel-076-6575860,Mobile,+8550766575860
Mobitel-076-6575861,Mobile,+8550766575861
Mobitel-076-6575862,Mobile,+8550766575862
Mobitel-076-6575863,Mobile,+8550766575863
Mobitel-076-6575864,Mobile,+8550766575864
Mobitel-076-6575865,Mobile,+8550766575865
Mobitel-076-6575866,Mobile,+8550766575866
Mobitel-076-6575867,Mobile,+8550766575867
Mobitel-076-6575868,Mobile,+8550766575868
Mobitel-076-6575869,Mobile,+8550766575869
Mobitel-076-6575870,Mobile,+8550766575870
Mobitel-076-6575871,Mobile,+8550766575871
Mobitel-076-6575872,Mobile,+8550766575872
Mobitel-076-6575873,Mobile,+8550766575873
Mobitel-076-6575874,Mobile,+8550766575874
Mobitel-076-6575875,Mobile,+8550766575875
Mobitel-076-6575876,Mobile,+8550766575876
Mobitel-076-6575877,Mobile,+8550766575877
Mobitel-076-6575878,Mobile,+8550766575878
Mobitel-076-6575879,Mobile,+8550766575879
Mobitel-076-6575880,Mobile,+8550766575880
Mobitel-076-6575881,Mobile,+8550766575881
Mobitel-076-6575882,Mobile,+8550766575882
Mobitel-076-6575883,Mobile,+8550766575883
Mobitel-076-6575884,Mobile,+8550766575884
Mobitel-076-6575885,Mobile,+8550766575885
Mobitel-076-6575886,Mobile,+8550766575886
Mobitel-076-6575887,Mobile,+8550766575887
Mobitel-076-6575888,Mobile,+8550766575888
Mobitel-076-6575889,Mobile,+8550766575889
Mobitel-076-6575890,Mobile,+8550766575890
Mobitel-076-6575891,Mobile,+8550766575891
Mobitel-076-6575892,Mobile,+8550766575892
Mobitel-076-6575893,Mobile,+8550766575893
Mobitel-076-6575894,Mobile,+8550766575894
Mobitel-076-6575895,Mobile,+8550766575895
Mobitel-076-6575896,Mobile,+8550766575896
Mobitel-076-6575897,Mobile,+8550766575897
Mobitel-076-6575898,Mobile,+8550766575898
Mobitel-076-6575899,Mobile,+8550766575899
Mobitel-076-6575900,Mobile,+8550766575900
Mobitel-076-6575901,Mobile,+8550766575901
Mobitel-076-6575902,Mobile,+8550766575902
Mobitel-076-6575903,Mobile,+8550766575903
Mobitel-076-6575904,Mobile,+8550766575904
Mobitel-076-6575905,Mobile,+8550766575905
Mobitel-076-6575906,Mobile,+8550766575906
Mobitel-076-6575907,Mobile,+8550766575907
Mobitel-076-6575908,Mobile,+8550766575908
Mobitel-076-6575909,Mobile,+8550766575909
Mobitel-076-6575910,Mobile,+8550766575910
Mobitel-076-6575911,Mobile,+8550766575911
Mobitel-076-6575912,Mobile,+8550766575912
Mobitel-076-6575913,Mobile,+8550766575913
Mobitel-076-6575914,Mobile,+8550766575914
Mobitel-076-6575915,Mobile,+8550766575915
Mobitel-076-6575916,Mobile,+8550766575916
Mobitel-076-6575917,Mobile,+8550766575917
Mobitel-076-6575918,Mobile,+8550766575918
Mobitel-076-6575919,Mobile,+8550766575919
Mobitel-076-6575920,Mobile,+8550766575920
Mobitel-076-6575921,Mobile,+8550766575921
Mobitel-076-6575922,Mobile,+8550766575922
Mobitel-076-6575923,Mobile,+8550766575923
Mobitel-076-6575924,Mobile,+8550766575924
Mobitel-076-6575925,Mobile,+8550766575925
Mobitel-076-6575926,Mobile,+8550766575926
Mobitel-076-6575927,Mobile,+8550766575927
Mobitel-076-6575928,Mobile,+8550766575928
Mobitel-076-6575929,Mobile,+8550766575929
Mobitel-076-6575930,Mobile,+8550766575930
Mobitel-076-6575931,Mobile,+8550766575931
Mobitel-076-6575932,Mobile,+8550766575932
Mobitel-076-6575933,Mobile,+8550766575933
Mobitel-076-6575934,Mobile,+8550766575934
Mobitel-076-6575935,Mobile,+8550766575935
Mobitel-076-6575936,Mobile,+8550766575936
Mobitel-076-6575937,Mobile,+8550766575937
Mobitel-076-6575938,Mobile,+8550766575938
Mobitel-076-6575939,Mobile,+8550766575939
Mobitel-076-6575940,Mobile,+8550766575940
Mobitel-076-6575941,Mobile,+8550766575941
Mobitel-076-6575942,Mobile,+8550766575942
Mobitel-076-6575943,Mobile,+8550766575943
Mobitel-076-6575944,Mobile,+8550766575944
Mobitel-076-6575945,Mobile,+8550766575945
Mobitel-076-6575946,Mobile,+8550766575946
Mobitel-076-6575947,Mobile,+8550766575947
Mobitel-076-6575948,Mobile,+8550766575948
Mobitel-076-6575949,Mobile,+8550766575949
Mobitel-076-6575950,Mobile,+8550766575950
Mobitel-076-6575951,Mobile,+8550766575951
Mobitel-076-6575952,Mobile,+8550766575952
Mobitel-076-6575953,Mobile,+8550766575953
Mobitel-076-6575954,Mobile,+8550766575954
Mobitel-076-6575955,Mobile,+8550766575955
Mobitel-076-6575956,Mobile,+8550766575956
Mobitel-076-6575957,Mobile,+8550766575957
Mobitel-076-6575958,Mobile,+8550766575958
Mobitel-076-6575959,Mobile,+8550766575959
Mobitel-076-6575960,Mobile,+8550766575960
Mobitel-076-6575961,Mobile,+8550766575961
Mobitel-076-6575962,Mobile,+8550766575962
Mobitel-076-6575963,Mobile,+8550766575963
Mobitel-076-6575964,Mobile,+8550766575964
Mobitel-076-6575965,Mobile,+8550766575965
Mobitel-076-6575966,Mobile,+8550766575966
Mobitel-076-6575967,Mobile,+8550766575967
Mobitel-076-6575968,Mobile,+8550766575968
Mobitel-076-6575969,Mobile,+8550766575969
Mobitel-076-6575970,Mobile,+8550766575970
Mobitel-076-6575971,Mobile,+8550766575971
Mobitel-076-6575972,Mobile,+8550766575972
Mobitel-076-6575973,Mobile,+8550766575973
Mobitel-076-6575974,Mobile,+8550766575974
Mobitel-076-6575975,Mobile,+8550766575975
Mobitel-076-6575976,Mobile,+8550766575976
Mobitel-076-6575977,Mobile,+8550766575977
Mobitel-076-6575978,Mobile,+8550766575978
Mobitel-076-6575979,Mobile,+8550766575979
Mobitel-076-6575980,Mobile,+8550766575980
Mobitel-076-6575981,Mobile,+8550766575981
Mobitel-076-6575982,Mobile,+8550766575982
Mobitel-076-6575983,Mobile,+8550766575983
Mobitel-076-6575984,Mobile,+8550766575984
Mobitel-076-6575985,Mobile,+8550766575985
Mobitel-076-6575986,Mobile,+8550766575986
Mobitel-076-6575987,Mobile,+8550766575987
Mobitel-076-6575988,Mobile,+8550766575988
Mobitel-076-6575989,Mobile,+8550766575989
Mobitel-076-6575990,Mobile,+8550766575990
Mobitel-076-6575991,Mobile,+8550766575991
Mobitel-076-6575992,Mobile,+8550766575992
Mobitel-076-6575993,Mobile,+8550766575993
Mobitel-076-6575994,Mobile,+8550766575994
Mobitel-076-6575995,Mobile,+8550766575995
Mobitel-076-6575996,Mobile,+8550766575996
Mobitel-076-6575997,Mobile,+8550766575997
Mobitel-076-6575998,Mobile,+8550766575998
Mobitel-076-6575999,Mobile,+8550766575999
Mobitel-076-6576000,Mobile,+8550766576000
Mobitel-076-6576001,Mobile,+8550766576001
Mobitel-076-6576002,Mobile,+8550766576002
Mobitel-076-6576003,Mobile,+8550766576003
Mobitel-076-6576004,Mobile,+8550766576004
Mobitel-076-6576005,Mobile,+8550766576005
Mobitel-076-6576006,Mobile,+8550766576006
Mobitel-076-6576007,Mobile,+8550766576007
Mobitel-076-6576008,Mobile,+8550766576008
Mobitel-076-6576009,Mobile,+8550766576009
Mobitel-076-6576010,Mobile,+8550766576010
Mobitel-076-6576011,Mobile,+8550766576011
Mobitel-076-6576012,Mobile,+8550766576012
Mobitel-076-6576013,Mobile,+8550766576013
Mobitel-076-6576014,Mobile,+8550766576014
Mobitel-076-6576015,Mobile,+8550766576015
Mobitel-076-6576016,Mobile,+8550766576016
Mobitel-076-6576017,Mobile,+8550766576017
Mobitel-076-6576018,Mobile,+8550766576018
Mobitel-076-6576019,Mobile,+8550766576019
Mobitel-076-6576020,Mobile,+8550766576020
Mobitel-076-6576021,Mobile,+8550766576021
Mobitel-076-6576022,Mobile,+8550766576022
Mobitel-076-6576023,Mobile,+8550766576023
Mobitel-076-6576024,Mobile,+8550766576024
Mobitel-076-6576025,Mobile,+8550766576025
Mobitel-076-6576026,Mobile,+8550766576026
Mobitel-076-6576027,Mobile,+8550766576027
Mobitel-076-6576028,Mobile,+8550766576028
Mobitel-076-6576029,Mobile,+8550766576029
Mobitel-076-6576030,Mobile,+8550766576030
Mobitel-076-6576031,Mobile,+8550766576031
Mobitel-076-6576032,Mobile,+8550766576032
Mobitel-076-6576033,Mobile,+8550766576033
Mobitel-076-6576034,Mobile,+8550766576034
Mobitel-076-6576035,Mobile,+8550766576035
Mobitel-076-6576036,Mobile,+8550766576036
Mobitel-076-6576037,Mobile,+8550766576037
Mobitel-076-6576038,Mobile,+8550766576038
Mobitel-076-6576039,Mobile,+8550766576039
Mobitel-076-6576040,Mobile,+8550766576040
Mobitel-076-6576041,Mobile,+8550766576041
Mobitel-076-6576042,Mobile,+8550766576042
Mobitel-076-6576043,Mobile,+8550766576043
Mobitel-076-6576044,Mobile,+8550766576044
Mobitel-076-6576045,Mobile,+8550766576045
Mobitel-076-6576046,Mobile,+8550766576046
Mobitel-076-6576047,Mobile,+8550766576047
Mobitel-076-6576048,Mobile,+8550766576048
Mobitel-076-6576049,Mobile,+8550766576049
Mobitel-076-6576050,Mobile,+8550766576050
Mobitel-076-6576051,Mobile,+8550766576051
Mobitel-076-6576052,Mobile,+8550766576052
Mobitel-076-6576053,Mobile,+8550766576053
Mobitel-076-6576054,Mobile,+8550766576054
Mobitel-076-6576055,Mobile,+8550766576055
Mobitel-076-6576056,Mobile,+8550766576056
Mobitel-076-6576057,Mobile,+8550766576057
Mobitel-076-6576058,Mobile,+8550766576058
Mobitel-076-6576059,Mobile,+8550766576059
Mobitel-076-6576060,Mobile,+8550766576060
Mobitel-076-6576061,Mobile,+8550766576061
Mobitel-076-6576062,Mobile,+8550766576062
Mobitel-076-6576063,Mobile,+8550766576063
Mobitel-076-6576064,Mobile,+8550766576064
Mobitel-076-6576065,Mobile,+8550766576065
Mobitel-076-6576066,Mobile,+8550766576066
Mobitel-076-6576067,Mobile,+8550766576067
Mobitel-076-6576068,Mobile,+8550766576068
Mobitel-076-6576069,Mobile,+8550766576069
Mobitel-076-6576070,Mobile,+8550766576070
Mobitel-076-6576071,Mobile,+8550766576071
Mobitel-076-6576072,Mobile,+8550766576072
Mobitel-076-6576073,Mobile,+8550766576073
Mobitel-076-6576074,Mobile,+8550766576074
Mobitel-076-6576075,Mobile,+8550766576075
Mobitel-076-6576076,Mobile,+8550766576076
Mobitel-076-6576077,Mobile,+8550766576077
Mobitel-076-6576078,Mobile,+8550766576078
Mobitel-076-6576079,Mobile,+8550766576079
Mobitel-076-6576080,Mobile,+8550766576080
Mobitel-076-6576081,Mobile,+8550766576081
Mobitel-076-6576082,Mobile,+8550766576082
Mobitel-076-6576083,Mobile,+8550766576083
Mobitel-076-6576084,Mobile,+8550766576084
Mobitel-076-6576085,Mobile,+8550766576085
Mobitel-076-6576086,Mobile,+8550766576086
Mobitel-076-6576087,Mobile,+8550766576087
Mobitel-076-6576088,Mobile,+8550766576088
Mobitel-076-6576089,Mobile,+8550766576089
Mobitel-076-6576090,Mobile,+8550766576090
Mobitel-076-6576091,Mobile,+8550766576091
Mobitel-076-6576092,Mobile,+8550766576092
Mobitel-076-6576093,Mobile,+8550766576093
Mobitel-076-6576094,Mobile,+8550766576094
Mobitel-076-6576095,Mobile,+8550766576095
Mobitel-076-6576096,Mobile,+8550766576096
Mobitel-076-6576097,Mobile,+8550766576097
Mobitel-076-6576098,Mobile,+8550766576098
Mobitel-076-6576099,Mobile,+8550766576099
Mobitel-076-6576100,Mobile,+8550766576100
Mobitel-076-6576101,Mobile,+8550766576101
Mobitel-076-6576102,Mobile,+8550766576102
Mobitel-076-6576103,Mobile,+8550766576103
Mobitel-076-6576104,Mobile,+8550766576104
Mobitel-076-6576105,Mobile,+8550766576105
Mobitel-076-6576106,Mobile,+8550766576106
Mobitel-076-6576107,Mobile,+8550766576107
Mobitel-076-6576108,Mobile,+8550766576108
Mobitel-076-6576109,Mobile,+8550766576109
Mobitel-076-6576110,Mobile,+8550766576110
Mobitel-076-6576111,Mobile,+8550766576111
Mobitel-076-6576112,Mobile,+8550766576112
Mobitel-076-6576113,Mobile,+8550766576113
Mobitel-076-6576114,Mobile,+8550766576114
Mobitel-076-6576115,Mobile,+8550766576115
Mobitel-076-6576116,Mobile,+8550766576116
Mobitel-076-6576117,Mobile,+8550766576117
Mobitel-076-6576118,Mobile,+8550766576118
Mobitel-076-6576119,Mobile,+8550766576119
Mobitel-076-6576120,Mobile,+8550766576120
Mobitel-076-6576121,Mobile,+8550766576121
Mobitel-076-6576122,Mobile,+8550766576122
Mobitel-076-6576123,Mobile,+8550766576123
Mobitel-076-6576124,Mobile,+8550766576124
Mobitel-076-6576125,Mobile,+8550766576125
Mobitel-076-6576126,Mobile,+8550766576126
Mobitel-076-6576127,Mobile,+8550766576127
Mobitel-076-6576128,Mobile,+8550766576128
Mobitel-076-6576129,Mobile,+8550766576129
Mobitel-076-6576130,Mobile,+8550766576130
Mobitel-076-6576131,Mobile,+8550766576131
Mobitel-076-6576132,Mobile,+8550766576132
Mobitel-076-6576133,Mobile,+8550766576133
Mobitel-076-6576134,Mobile,+8550766576134
Mobitel-076-6576135,Mobile,+8550766576135
Mobitel-076-6576136,Mobile,+8550766576136
Mobitel-076-6576137,Mobile,+8550766576137
Mobitel-076-6576138,Mobile,+8550766576138
Mobitel-076-6576139,Mobile,+8550766576139
Mobitel-076-6576140,Mobile,+8550766576140
Mobitel-076-6576141,Mobile,+8550766576141
Mobitel-076-6576142,Mobile,+8550766576142
Mobitel-076-6576143,Mobile,+8550766576143
Mobitel-076-6576144,Mobile,+8550766576144
Mobitel-076-6576145,Mobile,+8550766576145
Mobitel-076-6576146,Mobile,+8550766576146
Mobitel-076-6576147,Mobile,+8550766576147
Mobitel-076-6576148,Mobile,+8550766576148
Mobitel-076-6576149,Mobile,+8550766576149
Mobitel-076-6576150,Mobile,+8550766576150
Mobitel-076-6576151,Mobile,+8550766576151
Mobitel-076-6576152,Mobile,+8550766576152
Mobitel-076-6576153,Mobile,+8550766576153
Mobitel-076-6576154,Mobile,+8550766576154
Mobitel-076-6576155,Mobile,+8550766576155
Mobitel-076-6576156,Mobile,+8550766576156
Mobitel-076-6576157,Mobile,+8550766576157
Mobitel-076-6576158,Mobile,+8550766576158
Mobitel-076-6576159,Mobile,+8550766576159
Mobitel-076-6576160,Mobile,+8550766576160
Mobitel-076-6576161,Mobile,+8550766576161
Mobitel-076-6576162,Mobile,+8550766576162
Mobitel-076-6576163,Mobile,+8550766576163
Mobitel-076-6576164,Mobile,+8550766576164
Mobitel-076-6576165,Mobile,+8550766576165
Mobitel-076-6576166,Mobile,+8550766576166
Mobitel-076-6576167,Mobile,+8550766576167
Mobitel-076-6576168,Mobile,+8550766576168
Mobitel-076-6576169,Mobile,+8550766576169
Mobitel-076-6576170,Mobile,+8550766576170
Mobitel-076-6576171,Mobile,+8550766576171
Mobitel-076-6576172,Mobile,+8550766576172
Mobitel-076-6576173,Mobile,+8550766576173
Mobitel-076-6576174,Mobile,+8550766576174
Mobitel-076-6576175,Mobile,+8550766576175
Mobitel-076-6576176,Mobile,+8550766576176
Mobitel-076-6576177,Mobile,+8550766576177
Mobitel-076-6576178,Mobile,+8550766576178
Mobitel-076-6576179,Mobile,+8550766576179
Mobitel-076-6576180,Mobile,+8550766576180
Mobitel-076-6576181,Mobile,+8550766576181
Mobitel-076-6576182,Mobile,+8550766576182
Mobitel-076-6576183,Mobile,+8550766576183
Mobitel-076-6576184,Mobile,+8550766576184
Mobitel-076-6576185,Mobile,+8550766576185
Mobitel-076-6576186,Mobile,+8550766576186
Mobitel-076-6576187,Mobile,+8550766576187
Mobitel-076-6576188,Mobile,+8550766576188
Mobitel-076-6576189,Mobile,+8550766576189
Mobitel-076-6576190,Mobile,+8550766576190
Mobitel-076-6576191,Mobile,+8550766576191
Mobitel-076-6576192,Mobile,+8550766576192
Mobitel-076-6576193,Mobile,+8550766576193
Mobitel-076-6576194,Mobile,+8550766576194
Mobitel-076-6576195,Mobile,+8550766576195
Mobitel-076-6576196,Mobile,+8550766576196
Mobitel-076-6576197,Mobile,+8550766576197
Mobitel-076-6576198,Mobile,+8550766576198
Mobitel-076-6576199,Mobile,+8550766576199
Mobitel-076-6576200,Mobile,+8550766576200
Mobitel-076-6576201,Mobile,+8550766576201
Mobitel-076-6576202,Mobile,+8550766576202
Mobitel-076-6576203,Mobile,+8550766576203
Mobitel-076-6576204,Mobile,+8550766576204
Mobitel-076-6576205,Mobile,+8550766576205
Mobitel-076-6576206,Mobile,+8550766576206
Mobitel-076-6576207,Mobile,+8550766576207
Mobitel-076-6576208,Mobile,+8550766576208
Mobitel-076-6576209,Mobile,+8550766576209
Mobitel-076-6576210,Mobile,+8550766576210
Mobitel-076-6576211,Mobile,+8550766576211
Mobitel-076-6576212,Mobile,+8550766576212
Mobitel-076-6576213,Mobile,+8550766576213
Mobitel-076-6576214,Mobile,+8550766576214
Mobitel-076-6576215,Mobile,+8550766576215
Mobitel-076-6576216,Mobile,+8550766576216
Mobitel-076-6576217,Mobile,+8550766576217
Mobitel-076-6576218,Mobile,+8550766576218
Mobitel-076-6576219,Mobile,+8550766576219
Mobitel-076-6576220,Mobile,+8550766576220
Mobitel-076-6576221,Mobile,+8550766576221
Mobitel-076-6576222,Mobile,+8550766576222
Mobitel-076-6576223,Mobile,+8550766576223
Mobitel-076-6576224,Mobile,+8550766576224
Mobitel-076-6576225,Mobile,+8550766576225
Mobitel-076-6576226,Mobile,+8550766576226
Mobitel-076-6576227,Mobile,+8550766576227
Mobitel-076-6576228,Mobile,+8550766576228
Mobitel-076-6576229,Mobile,+8550766576229
Mobitel-076-6576230,Mobile,+8550766576230
Mobitel-076-6576231,Mobile,+8550766576231
Mobitel-076-6576232,Mobile,+8550766576232
Mobitel-076-6576233,Mobile,+8550766576233
Mobitel-076-6576234,Mobile,+8550766576234
Mobitel-076-6576235,Mobile,+8550766576235
Mobitel-076-6576236,Mobile,+8550766576236
Mobitel-076-6576237,Mobile,+8550766576237
Mobitel-076-6576238,Mobile,+8550766576238
Mobitel-076-6576239,Mobile,+8550766576239
Mobitel-076-6576240,Mobile,+8550766576240
Mobitel-076-6576241,Mobile,+8550766576241
Mobitel-076-6576242,Mobile,+8550766576242
Mobitel-076-6576243,Mobile,+8550766576243
Mobitel-076-6576244,Mobile,+8550766576244
Mobitel-076-6576245,Mobile,+8550766576245
Mobitel-076-6576246,Mobile,+8550766576246
Mobitel-076-6576247,Mobile,+8550766576247
Mobitel-076-6576248,Mobile,+8550766576248
Mobitel-076-6576249,Mobile,+8550766576249
Mobitel-076-6576250,Mobile,+8550766576250
Mobitel-076-6576251,Mobile,+8550766576251
Mobitel-076-6576252,Mobile,+8550766576252
Mobitel-076-6576253,Mobile,+8550766576253
Mobitel-076-6576254,Mobile,+8550766576254
Mobitel-076-6576255,Mobile,+8550766576255
Mobitel-076-6576256,Mobile,+8550766576256
Mobitel-076-6576257,Mobile,+8550766576257
Mobitel-076-6576258,Mobile,+8550766576258
Mobitel-076-6576259,Mobile,+8550766576259
Mobitel-076-6576260,Mobile,+8550766576260
Mobitel-076-6576261,Mobile,+8550766576261
Mobitel-076-6576262,Mobile,+8550766576262
Mobitel-076-6576263,Mobile,+8550766576263
Mobitel-076-6576264,Mobile,+8550766576264
Mobitel-076-6576265,Mobile,+8550766576265
Mobitel-076-6576266,Mobile,+8550766576266
Mobitel-076-6576267,Mobile,+8550766576267
Mobitel-076-6576268,Mobile,+8550766576268
Mobitel-076-6576269,Mobile,+8550766576269
Mobitel-076-6576270,Mobile,+8550766576270
Mobitel-076-6576271,Mobile,+8550766576271
Mobitel-076-6576272,Mobile,+8550766576272
Mobitel-076-6576273,Mobile,+8550766576273
Mobitel-076-6576274,Mobile,+8550766576274
Mobitel-076-6576275,Mobile,+8550766576275
Mobitel-076-6576276,Mobile,+8550766576276
Mobitel-076-6576277,Mobile,+8550766576277
Mobitel-076-6576278,Mobile,+8550766576278
Mobitel-076-6576279,Mobile,+8550766576279
Mobitel-076-6576280,Mobile,+8550766576280
Mobitel-076-6576281,Mobile,+8550766576281
Mobitel-076-6576282,Mobile,+8550766576282
Mobitel-076-6576283,Mobile,+8550766576283
Mobitel-076-6576284,Mobile,+8550766576284
Mobitel-076-6576285,Mobile,+8550766576285
Mobitel-076-6576286,Mobile,+8550766576286
Mobitel-076-6576287,Mobile,+8550766576287
Mobitel-076-6576288,Mobile,+8550766576288
Mobitel-076-6576289,Mobile,+8550766576289
Mobitel-076-6576290,Mobile,+8550766576290
Mobitel-076-6576291,Mobile,+8550766576291
Mobitel-076-6576292,Mobile,+8550766576292
Mobitel-076-6576293,Mobile,+8550766576293
Mobitel-076-6576294,Mobile,+8550766576294
Mobitel-076-6576295,Mobile,+8550766576295
Mobitel-076-6576296,Mobile,+8550766576296
Mobitel-076-6576297,Mobile,+8550766576297
Mobitel-076-6576298,Mobile,+8550766576298
Mobitel-076-6576299,Mobile,+8550766576299
Mobitel-076-6576300,Mobile,+8550766576300
Mobitel-076-6576301,Mobile,+8550766576301
Mobitel-076-6576302,Mobile,+8550766576302
Mobitel-076-6576303,Mobile,+8550766576303
Mobitel-076-6576304,Mobile,+8550766576304
Mobitel-076-6576305,Mobile,+8550766576305
Mobitel-076-6576306,Mobile,+8550766576306
Mobitel-076-6576307,Mobile,+8550766576307
Mobitel-076-6576308,Mobile,+8550766576308
Mobitel-076-6576309,Mobile,+8550766576309
Mobitel-076-6576310,Mobile,+8550766576310
Mobitel-076-6576311,Mobile,+8550766576311
Mobitel-076-6576312,Mobile,+8550766576312
Mobitel-076-6576313,Mobile,+8550766576313
Mobitel-076-6576314,Mobile,+8550766576314
Mobitel-076-6576315,Mobile,+8550766576315
Mobitel-076-6576316,Mobile,+8550766576316
Mobitel-076-6576317,Mobile,+8550766576317
Mobitel-076-6576318,Mobile,+8550766576318
Mobitel-076-6576319,Mobile,+8550766576319
Mobitel-076-6576320,Mobile,+8550766576320
Mobitel-076-6576321,Mobile,+8550766576321
Mobitel-076-6576322,Mobile,+8550766576322
Mobitel-076-6576323,Mobile,+8550766576323
Mobitel-076-6576324,Mobile,+8550766576324
Mobitel-076-6576325,Mobile,+8550766576325
Mobitel-076-6576326,Mobile,+8550766576326
Mobitel-076-6576327,Mobile,+8550766576327
Mobitel-076-6576328,Mobile,+8550766576328
Mobitel-076-6576329,Mobile,+8550766576329
Mobitel-076-6576330,Mobile,+8550766576330
Mobitel-076-6576331,Mobile,+8550766576331
Mobitel-076-6576332,Mobile,+8550766576332
Mobitel-076-6576333,Mobile,+8550766576333
Mobitel-076-6576334,Mobile,+8550766576334
Mobitel-076-6576335,Mobile,+8550766576335
Mobitel-076-6576336,Mobile,+8550766576336
Mobitel-076-6576337,Mobile,+8550766576337
Mobitel-076-6576338,Mobile,+8550766576338
Mobitel-076-6576339,Mobile,+8550766576339
Mobitel-076-6576340,Mobile,+8550766576340
Mobitel-076-6576341,Mobile,+8550766576341
Mobitel-076-6576342,Mobile,+8550766576342
Mobitel-076-6576343,Mobile,+8550766576343
Mobitel-076-6576344,Mobile,+8550766576344
Mobitel-076-6576345,Mobile,+8550766576345
Mobitel-076-6576346,Mobile,+8550766576346
Mobitel-076-6576347,Mobile,+8550766576347
Mobitel-076-6576348,Mobile,+8550766576348
Mobitel-076-6576349,Mobile,+8550766576349
Mobitel-076-6576350,Mobile,+8550766576350
Mobitel-076-6576351,Mobile,+8550766576351
Mobitel-076-6576352,Mobile,+8550766576352
Mobitel-076-6576353,Mobile,+8550766576353
Mobitel-076-6576354,Mobile,+8550766576354
Mobitel-076-6576355,Mobile,+8550766576355
Mobitel-076-6576356,Mobile,+8550766576356
Mobitel-076-6576357,Mobile,+8550766576357
Mobitel-076-6576358,Mobile,+8550766576358
Mobitel-076-6576359,Mobile,+8550766576359
Mobitel-076-6576360,Mobile,+8550766576360
Mobitel-076-6576361,Mobile,+8550766576361
Mobitel-076-6576362,Mobile,+8550766576362
Mobitel-076-6576363,Mobile,+8550766576363
Mobitel-076-6576364,Mobile,+8550766576364
Mobitel-076-6576365,Mobile,+8550766576365
Mobitel-076-6576366,Mobile,+8550766576366
Mobitel-076-6576367,Mobile,+8550766576367
Mobitel-076-6576368,Mobile,+8550766576368
Mobitel-076-6576369,Mobile,+8550766576369
Mobitel-076-6576370,Mobile,+8550766576370
Mobitel-076-6576371,Mobile,+8550766576371
Mobitel-076-6576372,Mobile,+8550766576372
Mobitel-076-6576373,Mobile,+8550766576373
Mobitel-076-6576374,Mobile,+8550766576374
Mobitel-076-6576375,Mobile,+8550766576375
Mobitel-076-6576376,Mobile,+8550766576376
Mobitel-076-6576377,Mobile,+8550766576377
Mobitel-076-6576378,Mobile,+8550766576378
Mobitel-076-6576379,Mobile,+8550766576379
Mobitel-076-6576380,Mobile,+8550766576380
Mobitel-076-6576381,Mobile,+8550766576381
Mobitel-076-6576382,Mobile,+8550766576382
Mobitel-076-6576383,Mobile,+8550766576383
Mobitel-076-6576384,Mobile,+8550766576384
Mobitel-076-6576385,Mobile,+8550766576385
Mobitel-076-6576386,Mobile,+8550766576386
Mobitel-076-6576387,Mobile,+8550766576387
Mobitel-076-6576388,Mobile,+8550766576388
Mobitel-076-6576389,Mobile,+8550766576389
Mobitel-076-6576390,Mobile,+8550766576390
Mobitel-076-6576391,Mobile,+8550766576391
Mobitel-076-6576392,Mobile,+8550766576392
Mobitel-076-6576393,Mobile,+8550766576393
Mobitel-076-6576394,Mobile,+8550766576394
Mobitel-076-6576395,Mobile,+8550766576395
Mobitel-076-6576396,Mobile,+8550766576396
Mobitel-076-6576397,Mobile,+8550766576397
Mobitel-076-6576398,Mobile,+8550766576398
Mobitel-076-6576399,Mobile,+8550766576399
Mobitel-076-6576400,Mobile,+8550766576400
Mobitel-076-6576401,Mobile,+8550766576401
Mobitel-076-6576402,Mobile,+8550766576402
Mobitel-076-6576403,Mobile,+8550766576403
Mobitel-076-6576404,Mobile,+8550766576404
Mobitel-076-6576405,Mobile,+8550766576405
Mobitel-076-6576406,Mobile,+8550766576406
Mobitel-076-6576407,Mobile,+8550766576407
Mobitel-076-6576408,Mobile,+8550766576408
Mobitel-076-6576409,Mobile,+8550766576409
Mobitel-076-6576410,Mobile,+8550766576410
Mobitel-076-6576411,Mobile,+8550766576411
Mobitel-076-6576412,Mobile,+8550766576412
Mobitel-076-6576413,Mobile,+8550766576413
Mobitel-076-6576414,Mobile,+8550766576414
Mobitel-076-6576415,Mobile,+8550766576415
Mobitel-076-6576416,Mobile,+8550766576416
Mobitel-076-6576417,Mobile,+8550766576417
Mobitel-076-6576418,Mobile,+8550766576418
Mobitel-076-6576419,Mobile,+8550766576419
Mobitel-076-6576420,Mobile,+8550766576420
Mobitel-076-6576421,Mobile,+8550766576421
Mobitel-076-6576422,Mobile,+8550766576422
Mobitel-076-6576423,Mobile,+8550766576423
Mobitel-076-6576424,Mobile,+8550766576424
Mobitel-076-6576425,Mobile,+8550766576425
Mobitel-076-6576426,Mobile,+8550766576426
Mobitel-076-6576427,Mobile,+8550766576427
Mobitel-076-6576428,Mobile,+8550766576428
Mobitel-076-6576429,Mobile,+8550766576429
Mobitel-076-6576430,Mobile,+8550766576430
Mobitel-076-6576431,Mobile,+8550766576431
Mobitel-076-6576432,Mobile,+8550766576432
Mobitel-076-6576433,Mobile,+8550766576433
Mobitel-076-6576434,Mobile,+8550766576434
Mobitel-076-6576435,Mobile,+8550766576435
Mobitel-076-6576436,Mobile,+8550766576436
Mobitel-076-6576437,Mobile,+8550766576437
Mobitel-076-6576438,Mobile,+8550766576438
Mobitel-076-6576439,Mobile,+8550766576439
Mobitel-076-6576440,Mobile,+8550766576440
Mobitel-076-6576441,Mobile,+8550766576441
Mobitel-076-6576442,Mobile,+8550766576442
Mobitel-076-6576443,Mobile,+8550766576443
Mobitel-076-6576444,Mobile,+8550766576444
Mobitel-076-6576445,Mobile,+8550766576445
Mobitel-076-6576446,Mobile,+8550766576446
Mobitel-076-6576447,Mobile,+8550766576447
Mobitel-076-6576448,Mobile,+8550766576448
Mobitel-076-6576449,Mobile,+8550766576449
Mobitel-076-6576450,Mobile,+8550766576450
Mobitel-076-6576451,Mobile,+8550766576451
Mobitel-076-6576452,Mobile,+8550766576452
Mobitel-076-6576453,Mobile,+8550766576453
Mobitel-076-6576454,Mobile,+8550766576454
Mobitel-076-6576455,Mobile,+8550766576455
Mobitel-076-6576456,Mobile,+8550766576456
Mobitel-076-6576457,Mobile,+8550766576457
Mobitel-076-6576458,Mobile,+8550766576458
Mobitel-076-6576459,Mobile,+8550766576459
Mobitel-076-6576460,Mobile,+8550766576460
Mobitel-076-6576461,Mobile,+8550766576461
Mobitel-076-6576462,Mobile,+8550766576462
Mobitel-076-6576463,Mobile,+8550766576463
Mobitel-076-6576464,Mobile,+8550766576464
Mobitel-076-6576465,Mobile,+8550766576465
Mobitel-076-6576466,Mobile,+8550766576466
Mobitel-076-6576467,Mobile,+8550766576467
Mobitel-076-6576468,Mobile,+8550766576468
Mobitel-076-6576469,Mobile,+8550766576469
Mobitel-076-6576470,Mobile,+8550766576470
Mobitel-076-6576471,Mobile,+8550766576471
Mobitel-076-6576472,Mobile,+8550766576472
Mobitel-076-6576473,Mobile,+8550766576473
Mobitel-076-6576474,Mobile,+8550766576474
Mobitel-076-6576475,Mobile,+8550766576475
Mobitel-076-6576476,Mobile,+8550766576476
Mobitel-076-6576477,Mobile,+8550766576477
Mobitel-076-6576478,Mobile,+8550766576478
Mobitel-076-6576479,Mobile,+8550766576479
Mobitel-076-6576480,Mobile,+8550766576480
Mobitel-076-6576481,Mobile,+8550766576481
Mobitel-076-6576482,Mobile,+8550766576482
Mobitel-076-6576483,Mobile,+8550766576483
Mobitel-076-6576484,Mobile,+8550766576484
Mobitel-076-6576485,Mobile,+8550766576485
Mobitel-076-6576486,Mobile,+8550766576486
Mobitel-076-6576487,Mobile,+8550766576487
Mobitel-076-6576488,Mobile,+8550766576488
Mobitel-076-6576489,Mobile,+8550766576489
Mobitel-076-6576490,Mobile,+8550766576490
Mobitel-076-6576491,Mobile,+8550766576491
Mobitel-076-6576492,Mobile,+8550766576492
Mobitel-076-6576493,Mobile,+8550766576493
Mobitel-076-6576494,Mobile,+8550766576494
Mobitel-076-6576495,Mobile,+8550766576495
Mobitel-076-6576496,Mobile,+8550766576496
Mobitel-076-6576497,Mobile,+8550766576497
Mobitel-076-6576498,Mobile,+8550766576498
Mobitel-076-6576499,Mobile,+8550766576499
Mobitel-076-6576500,Mobile,+8550766576500
Mobitel-076-6576501,Mobile,+8550766576501
Mobitel-076-6576502,Mobile,+8550766576502
Mobitel-076-6576503,Mobile,+8550766576503
Mobitel-076-6576504,Mobile,+8550766576504
Mobitel-076-6576505,Mobile,+8550766576505
Mobitel-076-6576506,Mobile,+8550766576506
Mobitel-076-6576507,Mobile,+8550766576507
Mobitel-076-6576508,Mobile,+8550766576508
Mobitel-076-6576509,Mobile,+8550766576509
Mobitel-076-6576510,Mobile,+8550766576510
Mobitel-076-6576511,Mobile,+8550766576511
Mobitel-076-6576512,Mobile,+8550766576512
Mobitel-076-6576513,Mobile,+8550766576513
Mobitel-076-6576514,Mobile,+8550766576514
Mobitel-076-6576515,Mobile,+8550766576515
Mobitel-076-6576516,Mobile,+8550766576516
Mobitel-076-6576517,Mobile,+8550766576517
Mobitel-076-6576518,Mobile,+8550766576518
Mobitel-076-6576519,Mobile,+8550766576519
Mobitel-076-6576520,Mobile,+8550766576520
Mobitel-076-6576521,Mobile,+8550766576521
Mobitel-076-6576522,Mobile,+8550766576522
Mobitel-076-6576523,Mobile,+8550766576523
Mobitel-076-6576524,Mobile,+8550766576524
Mobitel-076-6576525,Mobile,+8550766576525
Mobitel-076-6576526,Mobile,+8550766576526
Mobitel-076-6576527,Mobile,+8550766576527
Mobitel-076-6576528,Mobile,+8550766576528
Mobitel-076-6576529,Mobile,+8550766576529
Mobitel-076-6576530,Mobile,+8550766576530
Mobitel-076-6576531,Mobile,+8550766576531
Mobitel-076-6576532,Mobile,+8550766576532
Mobitel-076-6576533,Mobile,+8550766576533
Mobitel-076-6576534,Mobile,+8550766576534
Mobitel-076-6576535,Mobile,+8550766576535
Mobitel-076-6576536,Mobile,+8550766576536
Mobitel-076-6576537,Mobile,+8550766576537
Mobitel-076-6576538,Mobile,+8550766576538
Mobitel-076-6576539,Mobile,+8550766576539
Mobitel-076-6576540,Mobile,+8550766576540
Mobitel-076-6576541,Mobile,+8550766576541
Mobitel-076-6576542,Mobile,+8550766576542
Mobitel-076-6576543,Mobile,+8550766576543
Mobitel-076-6576544,Mobile,+8550766576544
Mobitel-076-6576545,Mobile,+8550766576545
Mobitel-076-6576546,Mobile,+8550766576546
Mobitel-076-6576547,Mobile,+8550766576547
Mobitel-076-6576548,Mobile,+8550766576548
Mobitel-076-6576549,Mobile,+8550766576549
Mobitel-076-6576550,Mobile,+8550766576550
Mobitel-076-6576551,Mobile,+8550766576551
Mobitel-076-6576552,Mobile,+8550766576552
Mobitel-076-6576553,Mobile,+8550766576553
Mobitel-076-6576554,Mobile,+8550766576554
Mobitel-076-6576555,Mobile,+8550766576555
Mobitel-076-6576556,Mobile,+8550766576556
Mobitel-076-6576557,Mobile,+8550766576557
Mobitel-076-6576558,Mobile,+8550766576558
Mobitel-076-6576559,Mobile,+8550766576559
Mobitel-076-6576560,Mobile,+8550766576560
Mobitel-076-6576561,Mobile,+8550766576561
Mobitel-076-6576562,Mobile,+8550766576562
Mobitel-076-6576563,Mobile,+8550766576563
Mobitel-076-6576564,Mobile,+8550766576564
Mobitel-076-6576565,Mobile,+8550766576565
Mobitel-076-6576566,Mobile,+8550766576566
Mobitel-076-6576567,Mobile,+8550766576567
Mobitel-076-6576568,Mobile,+8550766576568
Mobitel-076-6576569,Mobile,+8550766576569
Mobitel-076-6576570,Mobile,+8550766576570
Mobitel-076-6576571,Mobile,+8550766576571
Mobitel-076-6576572,Mobile,+8550766576572
Mobitel-076-6576573,Mobile,+8550766576573
Mobitel-076-6576574,Mobile,+8550766576574
Mobitel-076-6576575,Mobile,+8550766576575
Mobitel-076-6576576,Mobile,+8550766576576
Mobitel-076-6576577,Mobile,+8550766576577
Mobitel-076-6576578,Mobile,+8550766576578
Mobitel-076-6576579,Mobile,+8550766576579
Mobitel-076-6576580,Mobile,+8550766576580
Mobitel-076-6576581,Mobile,+8550766576581
Mobitel-076-6576582,Mobile,+8550766576582
Mobitel-076-6576583,Mobile,+8550766576583
Mobitel-076-6576584,Mobile,+8550766576584
Mobitel-076-6576585,Mobile,+8550766576585
Mobitel-076-6576586,Mobile,+8550766576586
Mobitel-076-6576587,Mobile,+8550766576587
Mobitel-076-6576588,Mobile,+8550766576588
Mobitel-076-6576589,Mobile,+8550766576589
Mobitel-076-6576590,Mobile,+8550766576590
Mobitel-076-6576591,Mobile,+8550766576591
Mobitel-076-6576592,Mobile,+8550766576592
Mobitel-076-6576593,Mobile,+8550766576593
Mobitel-076-6576594,Mobile,+8550766576594
Mobitel-076-6576595,Mobile,+8550766576595
Mobitel-076-6576596,Mobile,+8550766576596
Mobitel-076-6576597,Mobile,+8550766576597
Mobitel-076-6576598,Mobile,+8550766576598
Mobitel-076-6576599,Mobile,+8550766576599
Mobitel-076-6576600,Mobile,+8550766576600
Mobitel-076-6576601,Mobile,+8550766576601
Mobitel-076-6576602,Mobile,+8550766576602
Mobitel-076-6576603,Mobile,+8550766576603
Mobitel-076-6576604,Mobile,+8550766576604
Mobitel-076-6576605,Mobile,+8550766576605
Mobitel-076-6576606,Mobile,+8550766576606
Mobitel-076-6576607,Mobile,+8550766576607
Mobitel-076-6576608,Mobile,+8550766576608
Mobitel-076-6576609,Mobile,+8550766576609
Mobitel-076-6576610,Mobile,+8550766576610
Mobitel-076-6576611,Mobile,+8550766576611
Mobitel-076-6576612,Mobile,+8550766576612
Mobitel-076-6576613,Mobile,+8550766576613
Mobitel-076-6576614,Mobile,+8550766576614
Mobitel-076-6576615,Mobile,+8550766576615
Mobitel-076-6576616,Mobile,+8550766576616
Mobitel-076-6576617,Mobile,+8550766576617
Mobitel-076-6576618,Mobile,+8550766576618
Mobitel-076-6576619,Mobile,+8550766576619
Mobitel-076-6576620,Mobile,+8550766576620
Mobitel-076-6576621,Mobile,+8550766576621
Mobitel-076-6576622,Mobile,+8550766576622
Mobitel-076-6576623,Mobile,+8550766576623
Mobitel-076-6576624,Mobile,+8550766576624
Mobitel-076-6576625,Mobile,+8550766576625
Mobitel-076-6576626,Mobile,+8550766576626
Mobitel-076-6576627,Mobile,+8550766576627
Mobitel-076-6576628,Mobile,+8550766576628
Mobitel-076-6576629,Mobile,+8550766576629
Mobitel-076-6576630,Mobile,+8550766576630
Mobitel-076-6576631,Mobile,+8550766576631
Mobitel-076-6576632,Mobile,+8550766576632
Mobitel-076-6576633,Mobile,+8550766576633
Mobitel-076-6576634,Mobile,+8550766576634
Mobitel-076-6576635,Mobile,+8550766576635
Mobitel-076-6576636,Mobile,+8550766576636
Mobitel-076-6576637,Mobile,+8550766576637
Mobitel-076-6576638,Mobile,+8550766576638
Mobitel-076-6576639,Mobile,+8550766576639
Mobitel-076-6576640,Mobile,+8550766576640
Mobitel-076-6576641,Mobile,+8550766576641
Mobitel-076-6576642,Mobile,+8550766576642
Mobitel-076-6576643,Mobile,+8550766576643
Mobitel-076-6576644,Mobile,+8550766576644
Mobitel-076-6576645,Mobile,+8550766576645
Mobitel-076-6576646,Mobile,+8550766576646
Mobitel-076-6576647,Mobile,+8550766576647
Mobitel-076-6576648,Mobile,+8550766576648
Mobitel-076-6576649,Mobile,+8550766576649
Mobitel-076-6576650,Mobile,+8550766576650
Mobitel-076-6576651,Mobile,+8550766576651
Mobitel-076-6576652,Mobile,+8550766576652
Mobitel-076-6576653,Mobile,+8550766576653
Mobitel-076-6576654,Mobile,+8550766576654
Mobitel-076-6576655,Mobile,+8550766576655
Mobitel-076-6576656,Mobile,+8550766576656
Mobitel-076-6576657,Mobile,+8550766576657
Mobitel-076-6576658,Mobile,+8550766576658
Mobitel-076-6576659,Mobile,+8550766576659
Mobitel-076-6576660,Mobile,+8550766576660
Mobitel-076-6576661,Mobile,+8550766576661
Mobitel-076-6576662,Mobile,+8550766576662
Mobitel-076-6576663,Mobile,+8550766576663
Mobitel-076-6576664,Mobile,+8550766576664
Mobitel-076-6576665,Mobile,+8550766576665
Mobitel-076-6576666,Mobile,+8550766576666
Mobitel-076-6576667,Mobile,+8550766576667
Mobitel-076-6576668,Mobile,+8550766576668
Mobitel-076-6576669,Mobile,+8550766576669
Mobitel-076-6576670,Mobile,+8550766576670
Mobitel-076-6576671,Mobile,+8550766576671
Mobitel-076-6576672,Mobile,+8550766576672
Mobitel-076-6576673,Mobile,+8550766576673
Mobitel-076-6576674,Mobile,+8550766576674
Mobitel-076-6576675,Mobile,+8550766576675
Mobitel-076-6576676,Mobile,+8550766576676
Mobitel-076-6576677,Mobile,+8550766576677
Mobitel-076-6576678,Mobile,+8550766576678
Mobitel-076-6576679,Mobile,+8550766576679
Mobitel-076-6576680,Mobile,+8550766576680
Mobitel-076-6576681,Mobile,+8550766576681
Mobitel-076-6576682,Mobile,+8550766576682
Mobitel-076-6576683,Mobile,+8550766576683
Mobitel-076-6576684,Mobile,+8550766576684
Mobitel-076-6576685,Mobile,+8550766576685
Mobitel-076-6576686,Mobile,+8550766576686
Mobitel-076-6576687,Mobile,+8550766576687
Mobitel-076-6576688,Mobile,+8550766576688
Mobitel-076-6576689,Mobile,+8550766576689
Mobitel-076-6576690,Mobile,+8550766576690
Mobitel-076-6576691,Mobile,+8550766576691
Mobitel-076-6576692,Mobile,+8550766576692
Mobitel-076-6576693,Mobile,+8550766576693
Mobitel-076-6576694,Mobile,+8550766576694
Mobitel-076-6576695,Mobile,+8550766576695
Mobitel-076-6576696,Mobile,+8550766576696
Mobitel-076-6576697,Mobile,+8550766576697
Mobitel-076-6576698,Mobile,+8550766576698
Mobitel-076-6576699,Mobile,+8550766576699
Mobitel-076-6576700,Mobile,+8550766576700
Mobitel-076-6576701,Mobile,+8550766576701
Mobitel-076-6576702,Mobile,+8550766576702
Mobitel-076-6576703,Mobile,+8550766576703
Mobitel-076-6576704,Mobile,+8550766576704
Mobitel-076-6576705,Mobile,+8550766576705
Mobitel-076-6576706,Mobile,+8550766576706
Mobitel-076-6576707,Mobile,+8550766576707
Mobitel-076-6576708,Mobile,+8550766576708
Mobitel-076-6576709,Mobile,+8550766576709
Mobitel-076-6576710,Mobile,+8550766576710
Mobitel-076-6576711,Mobile,+8550766576711
Mobitel-076-6576712,Mobile,+8550766576712
Mobitel-076-6576713,Mobile,+8550766576713
Mobitel-076-6576714,Mobile,+8550766576714
Mobitel-076-6576715,Mobile,+8550766576715
Mobitel-076-6576716,Mobile,+8550766576716
Mobitel-076-6576717,Mobile,+8550766576717
Mobitel-076-6576718,Mobile,+8550766576718
Mobitel-076-6576719,Mobile,+8550766576719
Mobitel-076-6576720,Mobile,+8550766576720
Mobitel-076-6576721,Mobile,+8550766576721
Mobitel-076-6576722,Mobile,+8550766576722
Mobitel-076-6576723,Mobile,+8550766576723
Mobitel-076-6576724,Mobile,+8550766576724
Mobitel-076-6576725,Mobile,+8550766576725
Mobitel-076-6576726,Mobile,+8550766576726
Mobitel-076-6576727,Mobile,+8550766576727
Mobitel-076-6576728,Mobile,+8550766576728
Mobitel-076-6576729,Mobile,+8550766576729
Mobitel-076-6576730,Mobile,+8550766576730
Mobitel-076-6576731,Mobile,+8550766576731
Mobitel-076-6576732,Mobile,+8550766576732
Mobitel-076-6576733,Mobile,+8550766576733
Mobitel-076-6576734,Mobile,+8550766576734
Mobitel-076-6576735,Mobile,+8550766576735
Mobitel-076-6576736,Mobile,+8550766576736
Mobitel-076-6576737,Mobile,+8550766576737
Mobitel-076-6576738,Mobile,+8550766576738
Mobitel-076-6576739,Mobile,+8550766576739
Mobitel-076-6576740,Mobile,+8550766576740
Mobitel-076-6576741,Mobile,+8550766576741
Mobitel-076-6576742,Mobile,+8550766576742
Mobitel-076-6576743,Mobile,+8550766576743
Mobitel-076-6576744,Mobile,+8550766576744
Mobitel-076-6576745,Mobile,+8550766576745
Mobitel-076-6576746,Mobile,+8550766576746
Mobitel-076-6576747,Mobile,+8550766576747
Mobitel-076-6576748,Mobile,+8550766576748
Mobitel-076-6576749,Mobile,+8550766576749
Mobitel-076-6576750,Mobile,+8550766576750
Mobitel-076-6576751,Mobile,+8550766576751
Mobitel-076-6576752,Mobile,+8550766576752
Mobitel-076-6576753,Mobile,+8550766576753
Mobitel-076-6576754,Mobile,+8550766576754
Mobitel-076-6576755,Mobile,+8550766576755
Mobitel-076-6576756,Mobile,+8550766576756
Mobitel-076-6576757,Mobile,+8550766576757
Mobitel-076-6576758,Mobile,+8550766576758
Mobitel-076-6576759,Mobile,+8550766576759
Mobitel-076-6576760,Mobile,+8550766576760
Mobitel-076-6576761,Mobile,+8550766576761
Mobitel-076-6576762,Mobile,+8550766576762
Mobitel-076-6576763,Mobile,+8550766576763
Mobitel-076-6576764,Mobile,+8550766576764
Mobitel-076-6576765,Mobile,+8550766576765
Mobitel-076-6576766,Mobile,+8550766576766
Mobitel-076-6576767,Mobile,+8550766576767
Mobitel-076-6576768,Mobile,+8550766576768
Mobitel-076-6576769,Mobile,+8550766576769
Mobitel-076-6576770,Mobile,+8550766576770
Mobitel-076-6576771,Mobile,+8550766576771
Mobitel-076-6576772,Mobile,+8550766576772
Mobitel-076-6576773,Mobile,+8550766576773
Mobitel-076-6576774,Mobile,+8550766576774
Mobitel-076-6576775,Mobile,+8550766576775
Mobitel-076-6576776,Mobile,+8550766576776
Mobitel-076-6576777,Mobile,+8550766576777
Mobitel-076-6576778,Mobile,+8550766576778
Mobitel-076-6576779,Mobile,+8550766576779
Mobitel-076-6576780,Mobile,+8550766576780
Mobitel-076-6576781,Mobile,+8550766576781
Mobitel-076-6576782,Mobile,+8550766576782
Mobitel-076-6576783,Mobile,+8550766576783
Mobitel-076-6576784,Mobile,+8550766576784
Mobitel-076-6576785,Mobile,+8550766576785
Mobitel-076-6576786,Mobile,+8550766576786
Mobitel-076-6576787,Mobile,+8550766576787
Mobitel-076-6576788,Mobile,+8550766576788
Mobitel-076-6576789,Mobile,+8550766576789
Mobitel-076-6576790,Mobile,+8550766576790
Mobitel-076-6576791,Mobile,+8550766576791
Mobitel-076-6576792,Mobile,+8550766576792
Mobitel-076-6576793,Mobile,+8550766576793
Mobitel-076-6576794,Mobile,+8550766576794
Mobitel-076-6576795,Mobile,+8550766576795
Mobitel-076-6576796,Mobile,+8550766576796
Mobitel-076-6576797,Mobile,+8550766576797
Mobitel-076-6576798,Mobile,+8550766576798
Mobitel-076-6576799,Mobile,+8550766576799
Mobitel-076-6576800,Mobile,+8550766576800
Mobitel-076-6576801,Mobile,+8550766576801
Mobitel-076-6576802,Mobile,+8550766576802
Mobitel-076-6576803,Mobile,+8550766576803
Mobitel-076-6576804,Mobile,+8550766576804
Mobitel-076-6576805,Mobile,+8550766576805
Mobitel-076-6576806,Mobile,+8550766576806
Mobitel-076-6576807,Mobile,+8550766576807
Mobitel-076-6576808,Mobile,+8550766576808
Mobitel-076-6576809,Mobile,+8550766576809
Mobitel-076-6576810,Mobile,+8550766576810
Mobitel-076-6576811,Mobile,+8550766576811
Mobitel-076-6576812,Mobile,+8550766576812
Mobitel-076-6576813,Mobile,+8550766576813
Mobitel-076-6576814,Mobile,+8550766576814
Mobitel-076-6576815,Mobile,+8550766576815
Mobitel-076-6576816,Mobile,+8550766576816
Mobitel-076-6576817,Mobile,+8550766576817
Mobitel-076-6576818,Mobile,+8550766576818
Mobitel-076-6576819,Mobile,+8550766576819
Mobitel-076-6576820,Mobile,+8550766576820
Mobitel-076-6576821,Mobile,+8550766576821
Mobitel-076-6576822,Mobile,+8550766576822
Mobitel-076-6576823,Mobile,+8550766576823
Mobitel-076-6576824,Mobile,+8550766576824
Mobitel-076-6576825,Mobile,+8550766576825
Mobitel-076-6576826,Mobile,+8550766576826
Mobitel-076-6576827,Mobile,+8550766576827
Mobitel-076-6576828,Mobile,+8550766576828
Mobitel-076-6576829,Mobile,+8550766576829
Mobitel-076-6576830,Mobile,+8550766576830
Mobitel-076-6576831,Mobile,+8550766576831
Mobitel-076-6576832,Mobile,+8550766576832
Mobitel-076-6576833,Mobile,+8550766576833
Mobitel-076-6576834,Mobile,+8550766576834
Mobitel-076-6576835,Mobile,+8550766576835
Mobitel-076-6576836,Mobile,+8550766576836
Mobitel-076-6576837,Mobile,+8550766576837
Mobitel-076-6576838,Mobile,+8550766576838
Mobitel-076-6576839,Mobile,+8550766576839
Mobitel-076-6576840,Mobile,+8550766576840
Mobitel-076-6576841,Mobile,+8550766576841
Mobitel-076-6576842,Mobile,+8550766576842
Mobitel-076-6576843,Mobile,+8550766576843
Mobitel-076-6576844,Mobile,+8550766576844
Mobitel-076-6576845,Mobile,+8550766576845
Mobitel-076-6576846,Mobile,+8550766576846
Mobitel-076-6576847,Mobile,+8550766576847
Mobitel-076-6576848,Mobile,+8550766576848
Mobitel-076-6576849,Mobile,+8550766576849
Mobitel-076-6576850,Mobile,+8550766576850
Mobitel-076-6576851,Mobile,+8550766576851
Mobitel-076-6576852,Mobile,+8550766576852
Mobitel-076-6576853,Mobile,+8550766576853
Mobitel-076-6576854,Mobile,+8550766576854
Mobitel-076-6576855,Mobile,+8550766576855
Mobitel-076-6576856,Mobile,+8550766576856
Mobitel-076-6576857,Mobile,+8550766576857
Mobitel-076-6576858,Mobile,+8550766576858
Mobitel-076-6576859,Mobile,+8550766576859
Mobitel-076-6576860,Mobile,+8550766576860
Mobitel-076-6576861,Mobile,+8550766576861
Mobitel-076-6576862,Mobile,+8550766576862
Mobitel-076-6576863,Mobile,+8550766576863
Mobitel-076-6576864,Mobile,+8550766576864
Mobitel-076-6576865,Mobile,+8550766576865
Mobitel-076-6576866,Mobile,+8550766576866
Mobitel-076-6576867,Mobile,+8550766576867
Mobitel-076-6576868,Mobile,+8550766576868
Mobitel-076-6576869,Mobile,+8550766576869
Mobitel-076-6576870,Mobile,+8550766576870
Mobitel-076-6576871,Mobile,+8550766576871
Mobitel-076-6576872,Mobile,+8550766576872
Mobitel-076-6576873,Mobile,+8550766576873
Mobitel-076-6576874,Mobile,+8550766576874
Mobitel-076-6576875,Mobile,+8550766576875
Mobitel-076-6576876,Mobile,+8550766576876
Mobitel-076-6576877,Mobile,+8550766576877
Mobitel-076-6576878,Mobile,+8550766576878
Mobitel-076-6576879,Mobile,+8550766576879
Mobitel-076-6576880,Mobile,+8550766576880
Mobitel-076-6576881,Mobile,+8550766576881
Mobitel-076-6576882,Mobile,+8550766576882
Mobitel-076-6576883,Mobile,+8550766576883
Mobitel-076-6576884,Mobile,+8550766576884
Mobitel-076-6576885,Mobile,+8550766576885
Mobitel-076-6576886,Mobile,+8550766576886
Mobitel-076-6576887,Mobile,+8550766576887
Mobitel-076-6576888,Mobile,+8550766576888
Mobitel-076-6576889,Mobile,+8550766576889
Mobitel-076-6576890,Mobile,+8550766576890
Mobitel-076-6576891,Mobile,+8550766576891
Mobitel-076-6576892,Mobile,+8550766576892
Mobitel-076-6576893,Mobile,+8550766576893
Mobitel-076-6576894,Mobile,+8550766576894
Mobitel-076-6576895,Mobile,+8550766576895
Mobitel-076-6576896,Mobile,+8550766576896
Mobitel-076-6576897,Mobile,+8550766576897
Mobitel-076-6576898,Mobile,+8550766576898
Mobitel-076-6576899,Mobile,+8550766576899
Mobitel-076-6576900,Mobile,+8550766576900
Mobitel-076-6576901,Mobile,+8550766576901
Mobitel-076-6576902,Mobile,+8550766576902
Mobitel-076-6576903,Mobile,+8550766576903
Mobitel-076-6576904,Mobile,+8550766576904
Mobitel-076-6576905,Mobile,+8550766576905
Mobitel-076-6576906,Mobile,+8550766576906
Mobitel-076-6576907,Mobile,+8550766576907
Mobitel-076-6576908,Mobile,+8550766576908
Mobitel-076-6576909,Mobile,+8550766576909
Mobitel-076-6576910,Mobile,+8550766576910
Mobitel-076-6576911,Mobile,+8550766576911
Mobitel-076-6576912,Mobile,+8550766576912
Mobitel-076-6576913,Mobile,+8550766576913
Mobitel-076-6576914,Mobile,+8550766576914
Mobitel-076-6576915,Mobile,+8550766576915
Mobitel-076-6576916,Mobile,+8550766576916
Mobitel-076-6576917,Mobile,+8550766576917
Mobitel-076-6576918,Mobile,+8550766576918
Mobitel-076-6576919,Mobile,+8550766576919
Mobitel-076-6576920,Mobile,+8550766576920
Mobitel-076-6576921,Mobile,+8550766576921
Mobitel-076-6576922,Mobile,+8550766576922
Mobitel-076-6576923,Mobile,+8550766576923
Mobitel-076-6576924,Mobile,+8550766576924
Mobitel-076-6576925,Mobile,+8550766576925
Mobitel-076-6576926,Mobile,+8550766576926
Mobitel-076-6576927,Mobile,+8550766576927
Mobitel-076-6576928,Mobile,+8550766576928
Mobitel-076-6576929,Mobile,+8550766576929
Mobitel-076-6576930,Mobile,+8550766576930
Mobitel-076-6576931,Mobile,+8550766576931
Mobitel-076-6576932,Mobile,+8550766576932
Mobitel-076-6576933,Mobile,+8550766576933
Mobitel-076-6576934,Mobile,+8550766576934
Mobitel-076-6576935,Mobile,+8550766576935
Mobitel-076-6576936,Mobile,+8550766576936
Mobitel-076-6576937,Mobile,+8550766576937
Mobitel-076-6576938,Mobile,+8550766576938
Mobitel-076-6576939,Mobile,+8550766576939
Mobitel-076-6576940,Mobile,+8550766576940
Mobitel-076-6576941,Mobile,+8550766576941
Mobitel-076-6576942,Mobile,+8550766576942
Mobitel-076-6576943,Mobile,+8550766576943
Mobitel-076-6576944,Mobile,+8550766576944
Mobitel-076-6576945,Mobile,+8550766576945
Mobitel-076-6576946,Mobile,+8550766576946
Mobitel-076-6576947,Mobile,+8550766576947
Mobitel-076-6576948,Mobile,+8550766576948
Mobitel-076-6576949,Mobile,+8550766576949
Mobitel-076-6576950,Mobile,+8550766576950
Mobitel-076-6576951,Mobile,+8550766576951
Mobitel-076-6576952,Mobile,+8550766576952
Mobitel-076-6576953,Mobile,+8550766576953
Mobitel-076-6576954,Mobile,+8550766576954
Mobitel-076-6576955,Mobile,+8550766576955
Mobitel-076-6576956,Mobile,+8550766576956
Mobitel-076-6576957,Mobile,+8550766576957
Mobitel-076-6576958,Mobile,+8550766576958
Mobitel-076-6576959,Mobile,+8550766576959
Mobitel-076-6576960,Mobile,+8550766576960
Mobitel-076-6576961,Mobile,+8550766576961
Mobitel-076-6576962,Mobile,+8550766576962
Mobitel-076-6576963,Mobile,+8550766576963
Mobitel-076-6576964,Mobile,+8550766576964
Mobitel-076-6576965,Mobile,+8550766576965
Mobitel-076-6576966,Mobile,+8550766576966
Mobitel-076-6576967,Mobile,+8550766576967
Mobitel-076-6576968,Mobile,+8550766576968
Mobitel-076-6576969,Mobile,+8550766576969
Mobitel-076-6576970,Mobile,+8550766576970
Mobitel-076-6576971,Mobile,+8550766576971
Mobitel-076-6576972,Mobile,+8550766576972
Mobitel-076-6576973,Mobile,+8550766576973
Mobitel-076-6576974,Mobile,+8550766576974
Mobitel-076-6576975,Mobile,+8550766576975
Mobitel-076-6576976,Mobile,+8550766576976
Mobitel-076-6576977,Mobile,+8550766576977
Mobitel-076-6576978,Mobile,+8550766576978
Mobitel-076-6576979,Mobile,+8550766576979
Mobitel-076-6576980,Mobile,+8550766576980
Mobitel-076-6576981,Mobile,+8550766576981
Mobitel-076-6576982,Mobile,+8550766576982
Mobitel-076-6576983,Mobile,+8550766576983
Mobitel-076-6576984,Mobile,+8550766576984
Mobitel-076-6576985,Mobile,+8550766576985
Mobitel-076-6576986,Mobile,+8550766576986
Mobitel-076-6576987,Mobile,+8550766576987
Mobitel-076-6576988,Mobile,+8550766576988
Mobitel-076-6576989,Mobile,+8550766576989
Mobitel-076-6576990,Mobile,+8550766576990
Mobitel-076-6576991,Mobile,+8550766576991
Mobitel-076-6576992,Mobile,+8550766576992
Mobitel-076-6576993,Mobile,+8550766576993
Mobitel-076-6576994,Mobile,+8550766576994
Mobitel-076-6576995,Mobile,+8550766576995
Mobitel-076-6576996,Mobile,+8550766576996
Mobitel-076-6576997,Mobile,+8550766576997
Mobitel-076-6576998,Mobile,+8550766576998
Mobitel-076-6576999,Mobile,+8550766576999
Mobitel-076-6577000,Mobile,+8550766577000
Mobitel-076-6577001,Mobile,+8550766577001
Mobitel-076-6577002,Mobile,+8550766577002
Mobitel-076-6577003,Mobile,+8550766577003
Mobitel-076-6577004,Mobile,+8550766577004
Mobitel-076-6577005,Mobile,+8550766577005
Mobitel-076-6577006,Mobile,+8550766577006
Mobitel-076-6577007,Mobile,+8550766577007
Mobitel-076-6577008,Mobile,+8550766577008
Mobitel-076-6577009,Mobile,+8550766577009
Mobitel-076-6577010,Mobile,+8550766577010
Mobitel-076-6577011,Mobile,+8550766577011
Mobitel-076-6577012,Mobile,+8550766577012
Mobitel-076-6577013,Mobile,+8550766577013
Mobitel-076-6577014,Mobile,+8550766577014
Mobitel-076-6577015,Mobile,+8550766577015
Mobitel-076-6577016,Mobile,+8550766577016
Mobitel-076-6577017,Mobile,+8550766577017
Mobitel-076-6577018,Mobile,+8550766577018
Mobitel-076-6577019,Mobile,+8550766577019
Mobitel-076-6577020,Mobile,+8550766577020
Mobitel-076-6577021,Mobile,+8550766577021
Mobitel-076-6577022,Mobile,+8550766577022
Mobitel-076-6577023,Mobile,+8550766577023
Mobitel-076-6577024,Mobile,+8550766577024
Mobitel-076-6577025,Mobile,+8550766577025
Mobitel-076-6577026,Mobile,+8550766577026
Mobitel-076-6577027,Mobile,+8550766577027
Mobitel-076-6577028,Mobile,+8550766577028
Mobitel-076-6577029,Mobile,+8550766577029
Mobitel-076-6577030,Mobile,+8550766577030
Mobitel-076-6577031,Mobile,+8550766577031
Mobitel-076-6577032,Mobile,+8550766577032
Mobitel-076-6577033,Mobile,+8550766577033
Mobitel-076-6577034,Mobile,+8550766577034
Mobitel-076-6577035,Mobile,+8550766577035
Mobitel-076-6577036,Mobile,+8550766577036
Mobitel-076-6577037,Mobile,+8550766577037
Mobitel-076-6577038,Mobile,+8550766577038
Mobitel-076-6577039,Mobile,+8550766577039
Mobitel-076-6577040,Mobile,+8550766577040
Mobitel-076-6577041,Mobile,+8550766577041
Mobitel-076-6577042,Mobile,+8550766577042
Mobitel-076-6577043,Mobile,+8550766577043
Mobitel-076-6577044,Mobile,+8550766577044
Mobitel-076-6577045,Mobile,+8550766577045
Mobitel-076-6577046,Mobile,+8550766577046
Mobitel-076-6577047,Mobile,+8550766577047
Mobitel-076-6577048,Mobile,+8550766577048
Mobitel-076-6577049,Mobile,+8550766577049
Mobitel-076-6577050,Mobile,+8550766577050
Mobitel-076-6577051,Mobile,+8550766577051
Mobitel-076-6577052,Mobile,+8550766577052
Mobitel-076-6577053,Mobile,+8550766577053
Mobitel-076-6577054,Mobile,+8550766577054
Mobitel-076-6577055,Mobile,+8550766577055
Mobitel-076-6577056,Mobile,+8550766577056
Mobitel-076-6577057,Mobile,+8550766577057
Mobitel-076-6577058,Mobile,+8550766577058
Mobitel-076-6577059,Mobile,+8550766577059
Mobitel-076-6577060,Mobile,+8550766577060
Mobitel-076-6577061,Mobile,+8550766577061
Mobitel-076-6577062,Mobile,+8550766577062
Mobitel-076-6577063,Mobile,+8550766577063
Mobitel-076-6577064,Mobile,+8550766577064
Mobitel-076-6577065,Mobile,+8550766577065
Mobitel-076-6577066,Mobile,+8550766577066
Mobitel-076-6577067,Mobile,+8550766577067
Mobitel-076-6577068,Mobile,+8550766577068
Mobitel-076-6577069,Mobile,+8550766577069
Mobitel-076-6577070,Mobile,+8550766577070
Mobitel-076-6577071,Mobile,+8550766577071
Mobitel-076-6577072,Mobile,+8550766577072
Mobitel-076-6577073,Mobile,+8550766577073
Mobitel-076-6577074,Mobile,+8550766577074
Mobitel-076-6577075,Mobile,+8550766577075
Mobitel-076-6577076,Mobile,+8550766577076
Mobitel-076-6577077,Mobile,+8550766577077
Mobitel-076-6577078,Mobile,+8550766577078
Mobitel-076-6577079,Mobile,+8550766577079
Mobitel-076-6577080,Mobile,+8550766577080
Mobitel-076-6577081,Mobile,+8550766577081
Mobitel-076-6577082,Mobile,+8550766577082
Mobitel-076-6577083,Mobile,+8550766577083
Mobitel-076-6577084,Mobile,+8550766577084
Mobitel-076-6577085,Mobile,+8550766577085
Mobitel-076-6577086,Mobile,+8550766577086
Mobitel-076-6577087,Mobile,+8550766577087
Mobitel-076-6577088,Mobile,+8550766577088
Mobitel-076-6577089,Mobile,+8550766577089
Mobitel-076-6577090,Mobile,+8550766577090
Mobitel-076-6577091,Mobile,+8550766577091
Mobitel-076-6577092,Mobile,+8550766577092
Mobitel-076-6577093,Mobile,+8550766577093
Mobitel-076-6577094,Mobile,+8550766577094
Mobitel-076-6577095,Mobile,+8550766577095
Mobitel-076-6577096,Mobile,+8550766577096
Mobitel-076-6577097,Mobile,+8550766577097
Mobitel-076-6577098,Mobile,+8550766577098
Mobitel-076-6577099,Mobile,+8550766577099
Mobitel-076-6577100,Mobile,+8550766577100
Mobitel-076-6577101,Mobile,+8550766577101
Mobitel-076-6577102,Mobile,+8550766577102
Mobitel-076-6577103,Mobile,+8550766577103
Mobitel-076-6577104,Mobile,+8550766577104
Mobitel-076-6577105,Mobile,+8550766577105
Mobitel-076-6577106,Mobile,+8550766577106
Mobitel-076-6577107,Mobile,+8550766577107
Mobitel-076-6577108,Mobile,+8550766577108
Mobitel-076-6577109,Mobile,+8550766577109
Mobitel-076-6577110,Mobile,+8550766577110
Mobitel-076-6577111,Mobile,+8550766577111
Mobitel-076-6577112,Mobile,+8550766577112
Mobitel-076-6577113,Mobile,+8550766577113
Mobitel-076-6577114,Mobile,+8550766577114
Mobitel-076-6577115,Mobile,+8550766577115
Mobitel-076-6577116,Mobile,+8550766577116
Mobitel-076-6577117,Mobile,+8550766577117
Mobitel-076-6577118,Mobile,+8550766577118
Mobitel-076-6577119,Mobile,+8550766577119
Mobitel-076-6577120,Mobile,+8550766577120
Mobitel-076-6577121,Mobile,+8550766577121
Mobitel-076-6577122,Mobile,+8550766577122
Mobitel-076-6577123,Mobile,+8550766577123
Mobitel-076-6577124,Mobile,+8550766577124
Mobitel-076-6577125,Mobile,+8550766577125
Mobitel-076-6577126,Mobile,+8550766577126
Mobitel-076-6577127,Mobile,+8550766577127
Mobitel-076-6577128,Mobile,+8550766577128
Mobitel-076-6577129,Mobile,+8550766577129
Mobitel-076-6577130,Mobile,+8550766577130
Mobitel-076-6577131,Mobile,+8550766577131
Mobitel-076-6577132,Mobile,+8550766577132
Mobitel-076-6577133,Mobile,+8550766577133
Mobitel-076-6577134,Mobile,+8550766577134
Mobitel-076-6577135,Mobile,+8550766577135
Mobitel-076-6577136,Mobile,+8550766577136
Mobitel-076-6577137,Mobile,+8550766577137
Mobitel-076-6577138,Mobile,+8550766577138
Mobitel-076-6577139,Mobile,+8550766577139
Mobitel-076-6577140,Mobile,+8550766577140
Mobitel-076-6577141,Mobile,+8550766577141
Mobitel-076-6577142,Mobile,+8550766577142
Mobitel-076-6577143,Mobile,+8550766577143
Mobitel-076-6577144,Mobile,+8550766577144
Mobitel-076-6577145,Mobile,+8550766577145
Mobitel-076-6577146,Mobile,+8550766577146
Mobitel-076-6577147,Mobile,+8550766577147
Mobitel-076-6577148,Mobile,+8550766577148
Mobitel-076-6577149,Mobile,+8550766577149
Mobitel-076-6577150,Mobile,+8550766577150
Mobitel-076-6577151,Mobile,+8550766577151
Mobitel-076-6577152,Mobile,+8550766577152
Mobitel-076-6577153,Mobile,+8550766577153
Mobitel-076-6577154,Mobile,+8550766577154
Mobitel-076-6577155,Mobile,+8550766577155
Mobitel-076-6577156,Mobile,+8550766577156
Mobitel-076-6577157,Mobile,+8550766577157
Mobitel-076-6577158,Mobile,+8550766577158
Mobitel-076-6577159,Mobile,+8550766577159
Mobitel-076-6577160,Mobile,+8550766577160
Mobitel-076-6577161,Mobile,+8550766577161
Mobitel-076-6577162,Mobile,+8550766577162
Mobitel-076-6577163,Mobile,+8550766577163
Mobitel-076-6577164,Mobile,+8550766577164
Mobitel-076-6577165,Mobile,+8550766577165
Mobitel-076-6577166,Mobile,+8550766577166
Mobitel-076-6577167,Mobile,+8550766577167
Mobitel-076-6577168,Mobile,+8550766577168
Mobitel-076-6577169,Mobile,+8550766577169
Mobitel-076-6577170,Mobile,+8550766577170
Mobitel-076-6577171,Mobile,+8550766577171
Mobitel-076-6577172,Mobile,+8550766577172
Mobitel-076-6577173,Mobile,+8550766577173
Mobitel-076-6577174,Mobile,+8550766577174
Mobitel-076-6577175,Mobile,+8550766577175
Mobitel-076-6577176,Mobile,+8550766577176
Mobitel-076-6577177,Mobile,+8550766577177
Mobitel-076-6577178,Mobile,+8550766577178
Mobitel-076-6577179,Mobile,+8550766577179
Mobitel-076-6577180,Mobile,+8550766577180
Mobitel-076-6577181,Mobile,+8550766577181
Mobitel-076-6577182,Mobile,+8550766577182
Mobitel-076-6577183,Mobile,+8550766577183
Mobitel-076-6577184,Mobile,+8550766577184
Mobitel-076-6577185,Mobile,+8550766577185
Mobitel-076-6577186,Mobile,+8550766577186
Mobitel-076-6577187,Mobile,+8550766577187
Mobitel-076-6577188,Mobile,+8550766577188
Mobitel-076-6577189,Mobile,+8550766577189
Mobitel-076-6577190,Mobile,+8550766577190
Mobitel-076-6577191,Mobile,+8550766577191
Mobitel-076-6577192,Mobile,+8550766577192
Mobitel-076-6577193,Mobile,+8550766577193
Mobitel-076-6577194,Mobile,+8550766577194
Mobitel-076-6577195,Mobile,+8550766577195
Mobitel-076-6577196,Mobile,+8550766577196
Mobitel-076-6577197,Mobile,+8550766577197
Mobitel-076-6577198,Mobile,+8550766577198
Mobitel-076-6577199,Mobile,+8550766577199
Mobitel-076-6577200,Mobile,+8550766577200
Mobitel-076-6577201,Mobile,+8550766577201
Mobitel-076-6577202,Mobile,+8550766577202
Mobitel-076-6577203,Mobile,+8550766577203
Mobitel-076-6577204,Mobile,+8550766577204
Mobitel-076-6577205,Mobile,+8550766577205
Mobitel-076-6577206,Mobile,+8550766577206
Mobitel-076-6577207,Mobile,+8550766577207
Mobitel-076-6577208,Mobile,+8550766577208
Mobitel-076-6577209,Mobile,+8550766577209
Mobitel-076-6577210,Mobile,+8550766577210
Mobitel-076-6577211,Mobile,+8550766577211
Mobitel-076-6577212,Mobile,+8550766577212
Mobitel-076-6577213,Mobile,+8550766577213
Mobitel-076-6577214,Mobile,+8550766577214
Mobitel-076-6577215,Mobile,+8550766577215
Mobitel-076-6577216,Mobile,+8550766577216
Mobitel-076-6577217,Mobile,+8550766577217
Mobitel-076-6577218,Mobile,+8550766577218
Mobitel-076-6577219,Mobile,+8550766577219
Mobitel-076-6577220,Mobile,+8550766577220
Mobitel-076-6577221,Mobile,+8550766577221
Mobitel-076-6577222,Mobile,+8550766577222
Mobitel-076-6577223,Mobile,+8550766577223
Mobitel-076-6577224,Mobile,+8550766577224
Mobitel-076-6577225,Mobile,+8550766577225
Mobitel-076-6577226,Mobile,+8550766577226
Mobitel-076-6577227,Mobile,+8550766577227
Mobitel-076-6577228,Mobile,+8550766577228
Mobitel-076-6577229,Mobile,+8550766577229
Mobitel-076-6577230,Mobile,+8550766577230
Mobitel-076-6577231,Mobile,+8550766577231
Mobitel-076-6577232,Mobile,+8550766577232
Mobitel-076-6577233,Mobile,+8550766577233
Mobitel-076-6577234,Mobile,+8550766577234
Mobitel-076-6577235,Mobile,+8550766577235
Mobitel-076-6577236,Mobile,+8550766577236
Mobitel-076-6577237,Mobile,+8550766577237
Mobitel-076-6577238,Mobile,+8550766577238
Mobitel-076-6577239,Mobile,+8550766577239
Mobitel-076-6577240,Mobile,+8550766577240
Mobitel-076-6577241,Mobile,+8550766577241
Mobitel-076-6577242,Mobile,+8550766577242
Mobitel-076-6577243,Mobile,+8550766577243
Mobitel-076-6577244,Mobile,+8550766577244
Mobitel-076-6577245,Mobile,+8550766577245
Mobitel-076-6577246,Mobile,+8550766577246
Mobitel-076-6577247,Mobile,+8550766577247
Mobitel-076-6577248,Mobile,+8550766577248
Mobitel-076-6577249,Mobile,+8550766577249
Mobitel-076-6577250,Mobile,+8550766577250
Mobitel-076-6577251,Mobile,+8550766577251
Mobitel-076-6577252,Mobile,+8550766577252
Mobitel-076-6577253,Mobile,+8550766577253
Mobitel-076-6577254,Mobile,+8550766577254
Mobitel-076-6577255,Mobile,+8550766577255
Mobitel-076-6577256,Mobile,+8550766577256
Mobitel-076-6577257,Mobile,+8550766577257
Mobitel-076-6577258,Mobile,+8550766577258
Mobitel-076-6577259,Mobile,+8550766577259
Mobitel-076-6577260,Mobile,+8550766577260
Mobitel-076-6577261,Mobile,+8550766577261
Mobitel-076-6577262,Mobile,+8550766577262
Mobitel-076-6577263,Mobile,+8550766577263
Mobitel-076-6577264,Mobile,+8550766577264
Mobitel-076-6577265,Mobile,+8550766577265
Mobitel-076-6577266,Mobile,+8550766577266
Mobitel-076-6577267,Mobile,+8550766577267
Mobitel-076-6577268,Mobile,+8550766577268
Mobitel-076-6577269,Mobile,+8550766577269
Mobitel-076-6577270,Mobile,+8550766577270
Mobitel-076-6577271,Mobile,+8550766577271
Mobitel-076-6577272,Mobile,+8550766577272
Mobitel-076-6577273,Mobile,+8550766577273
Mobitel-076-6577274,Mobile,+8550766577274
Mobitel-076-6577275,Mobile,+8550766577275
Mobitel-076-6577276,Mobile,+8550766577276
Mobitel-076-6577277,Mobile,+8550766577277
Mobitel-076-6577278,Mobile,+8550766577278
Mobitel-076-6577279,Mobile,+8550766577279
Mobitel-076-6577280,Mobile,+8550766577280
Mobitel-076-6577281,Mobile,+8550766577281
Mobitel-076-6577282,Mobile,+8550766577282
Mobitel-076-6577283,Mobile,+8550766577283
Mobitel-076-6577284,Mobile,+8550766577284
Mobitel-076-6577285,Mobile,+8550766577285
Mobitel-076-6577286,Mobile,+8550766577286
Mobitel-076-6577287,Mobile,+8550766577287
Mobitel-076-6577288,Mobile,+8550766577288
Mobitel-076-6577289,Mobile,+8550766577289
Mobitel-076-6577290,Mobile,+8550766577290
Mobitel-076-6577291,Mobile,+8550766577291
Mobitel-076-6577292,Mobile,+8550766577292
Mobitel-076-6577293,Mobile,+8550766577293
Mobitel-076-6577294,Mobile,+8550766577294
Mobitel-076-6577295,Mobile,+8550766577295
Mobitel-076-6577296,Mobile,+8550766577296
Mobitel-076-6577297,Mobile,+8550766577297
Mobitel-076-6577298,Mobile,+8550766577298
Mobitel-076-6577299,Mobile,+8550766577299
Mobitel-076-6577300,Mobile,+8550766577300
Mobitel-076-6577301,Mobile,+8550766577301
Mobitel-076-6577302,Mobile,+8550766577302
Mobitel-076-6577303,Mobile,+8550766577303
Mobitel-076-6577304,Mobile,+8550766577304
Mobitel-076-6577305,Mobile,+8550766577305
Mobitel-076-6577306,Mobile,+8550766577306
Mobitel-076-6577307,Mobile,+8550766577307
Mobitel-076-6577308,Mobile,+8550766577308
Mobitel-076-6577309,Mobile,+8550766577309
Mobitel-076-6577310,Mobile,+8550766577310
Mobitel-076-6577311,Mobile,+8550766577311
Mobitel-076-6577312,Mobile,+8550766577312
Mobitel-076-6577313,Mobile,+8550766577313
Mobitel-076-6577314,Mobile,+8550766577314
Mobitel-076-6577315,Mobile,+8550766577315
Mobitel-076-6577316,Mobile,+8550766577316
Mobitel-076-6577317,Mobile,+8550766577317
Mobitel-076-6577318,Mobile,+8550766577318
Mobitel-076-6577319,Mobile,+8550766577319
Mobitel-076-6577320,Mobile,+8550766577320
Mobitel-076-6577321,Mobile,+8550766577321
Mobitel-076-6577322,Mobile,+8550766577322
Mobitel-076-6577323,Mobile,+8550766577323
Mobitel-076-6577324,Mobile,+8550766577324
Mobitel-076-6577325,Mobile,+8550766577325
Mobitel-076-6577326,Mobile,+8550766577326
Mobitel-076-6577327,Mobile,+8550766577327
Mobitel-076-6577328,Mobile,+8550766577328
Mobitel-076-6577329,Mobile,+8550766577329
Mobitel-076-6577330,Mobile,+8550766577330
Mobitel-076-6577331,Mobile,+8550766577331
Mobitel-076-6577332,Mobile,+8550766577332
Mobitel-076-6577333,Mobile,+8550766577333
Mobitel-076-6577334,Mobile,+8550766577334
Mobitel-076-6577335,Mobile,+8550766577335
Mobitel-076-6577336,Mobile,+8550766577336
Mobitel-076-6577337,Mobile,+8550766577337
Mobitel-076-6577338,Mobile,+8550766577338
Mobitel-076-6577339,Mobile,+8550766577339
Mobitel-076-6577340,Mobile,+8550766577340
Mobitel-076-6577341,Mobile,+8550766577341
Mobitel-076-6577342,Mobile,+8550766577342
Mobitel-076-6577343,Mobile,+8550766577343
Mobitel-076-6577344,Mobile,+8550766577344
Mobitel-076-6577345,Mobile,+8550766577345
Mobitel-076-6577346,Mobile,+8550766577346
Mobitel-076-6577347,Mobile,+8550766577347
Mobitel-076-6577348,Mobile,+8550766577348
Mobitel-076-6577349,Mobile,+8550766577349
Mobitel-076-6577350,Mobile,+8550766577350
Mobitel-076-6577351,Mobile,+8550766577351
Mobitel-076-6577352,Mobile,+8550766577352
Mobitel-076-6577353,Mobile,+8550766577353
Mobitel-076-6577354,Mobile,+8550766577354
Mobitel-076-6577355,Mobile,+8550766577355
Mobitel-076-6577356,Mobile,+8550766577356
Mobitel-076-6577357,Mobile,+8550766577357
Mobitel-076-6577358,Mobile,+8550766577358
Mobitel-076-6577359,Mobile,+8550766577359
Mobitel-076-6577360,Mobile,+8550766577360
Mobitel-076-6577361,Mobile,+8550766577361
Mobitel-076-6577362,Mobile,+8550766577362
Mobitel-076-6577363,Mobile,+8550766577363
Mobitel-076-6577364,Mobile,+8550766577364
Mobitel-076-6577365,Mobile,+8550766577365
Mobitel-076-6577366,Mobile,+8550766577366
Mobitel-076-6577367,Mobile,+8550766577367
Mobitel-076-6577368,Mobile,+8550766577368
Mobitel-076-6577369,Mobile,+8550766577369
Mobitel-076-6577370,Mobile,+8550766577370
Mobitel-076-6577371,Mobile,+8550766577371
Mobitel-076-6577372,Mobile,+8550766577372
Mobitel-076-6577373,Mobile,+8550766577373
Mobitel-076-6577374,Mobile,+8550766577374
Mobitel-076-6577375,Mobile,+8550766577375
Mobitel-076-6577376,Mobile,+8550766577376
Mobitel-076-6577377,Mobile,+8550766577377
Mobitel-076-6577378,Mobile,+8550766577378
Mobitel-076-6577379,Mobile,+8550766577379
Mobitel-076-6577380,Mobile,+8550766577380
Mobitel-076-6577381,Mobile,+8550766577381
Mobitel-076-6577382,Mobile,+8550766577382
Mobitel-076-6577383,Mobile,+8550766577383
Mobitel-076-6577384,Mobile,+8550766577384
Mobitel-076-6577385,Mobile,+8550766577385
Mobitel-076-6577386,Mobile,+8550766577386
Mobitel-076-6577387,Mobile,+8550766577387
Mobitel-076-6577388,Mobile,+8550766577388
Mobitel-076-6577389,Mobile,+8550766577389
Mobitel-076-6577390,Mobile,+8550766577390
Mobitel-076-6577391,Mobile,+8550766577391
Mobitel-076-6577392,Mobile,+8550766577392
Mobitel-076-6577393,Mobile,+8550766577393
Mobitel-076-6577394,Mobile,+8550766577394
Mobitel-076-6577395,Mobile,+8550766577395
Mobitel-076-6577396,Mobile,+8550766577396
Mobitel-076-6577397,Mobile,+8550766577397
Mobitel-076-6577398,Mobile,+8550766577398
Mobitel-076-6577399,Mobile,+8550766577399
Mobitel-076-6577400,Mobile,+8550766577400
Mobitel-076-6577401,Mobile,+8550766577401
Mobitel-076-6577402,Mobile,+8550766577402
Mobitel-076-6577403,Mobile,+8550766577403
Mobitel-076-6577404,Mobile,+8550766577404
Mobitel-076-6577405,Mobile,+8550766577405
Mobitel-076-6577406,Mobile,+8550766577406
Mobitel-076-6577407,Mobile,+8550766577407
Mobitel-076-6577408,Mobile,+8550766577408
Mobitel-076-6577409,Mobile,+8550766577409
Mobitel-076-6577410,Mobile,+8550766577410
Mobitel-076-6577411,Mobile,+8550766577411
Mobitel-076-6577412,Mobile,+8550766577412
Mobitel-076-6577413,Mobile,+8550766577413
Mobitel-076-6577414,Mobile,+8550766577414
Mobitel-076-6577415,Mobile,+8550766577415
Mobitel-076-6577416,Mobile,+8550766577416
Mobitel-076-6577417,Mobile,+8550766577417
Mobitel-076-6577418,Mobile,+8550766577418
Mobitel-076-6577419,Mobile,+8550766577419
Mobitel-076-6577420,Mobile,+8550766577420
Mobitel-076-6577421,Mobile,+8550766577421
Mobitel-076-6577422,Mobile,+8550766577422
Mobitel-076-6577423,Mobile,+8550766577423
Mobitel-076-6577424,Mobile,+8550766577424
Mobitel-076-6577425,Mobile,+8550766577425
Mobitel-076-6577426,Mobile,+8550766577426
Mobitel-076-6577427,Mobile,+8550766577427
Mobitel-076-6577428,Mobile,+8550766577428
Mobitel-076-6577429,Mobile,+8550766577429
Mobitel-076-6577430,Mobile,+8550766577430
Mobitel-076-6577431,Mobile,+8550766577431
Mobitel-076-6577432,Mobile,+8550766577432
Mobitel-076-6577433,Mobile,+8550766577433
Mobitel-076-6577434,Mobile,+8550766577434
Mobitel-076-6577435,Mobile,+8550766577435
Mobitel-076-6577436,Mobile,+8550766577436
Mobitel-076-6577437,Mobile,+8550766577437
Mobitel-076-6577438,Mobile,+8550766577438
Mobitel-076-6577439,Mobile,+8550766577439
Mobitel-076-6577440,Mobile,+8550766577440
Mobitel-076-6577441,Mobile,+8550766577441
Mobitel-076-6577442,Mobile,+8550766577442
Mobitel-076-6577443,Mobile,+8550766577443
Mobitel-076-6577444,Mobile,+8550766577444
Mobitel-076-6577445,Mobile,+8550766577445
Mobitel-076-6577446,Mobile,+8550766577446
Mobitel-076-6577447,Mobile,+8550766577447
Mobitel-076-6577448,Mobile,+8550766577448
Mobitel-076-6577449,Mobile,+8550766577449
Mobitel-076-6577450,Mobile,+8550766577450
Mobitel-076-6577451,Mobile,+8550766577451
Mobitel-076-6577452,Mobile,+8550766577452
Mobitel-076-6577453,Mobile,+8550766577453
Mobitel-076-6577454,Mobile,+8550766577454
Mobitel-076-6577455,Mobile,+8550766577455
Mobitel-076-6577456,Mobile,+8550766577456
Mobitel-076-6577457,Mobile,+8550766577457
Mobitel-076-6577458,Mobile,+8550766577458
Mobitel-076-6577459,Mobile,+8550766577459
Mobitel-076-6577460,Mobile,+8550766577460
Mobitel-076-6577461,Mobile,+8550766577461
Mobitel-076-6577462,Mobile,+8550766577462
Mobitel-076-6577463,Mobile,+8550766577463
Mobitel-076-6577464,Mobile,+8550766577464
Mobitel-076-6577465,Mobile,+8550766577465
Mobitel-076-6577466,Mobile,+8550766577466
Mobitel-076-6577467,Mobile,+8550766577467
Mobitel-076-6577468,Mobile,+8550766577468
Mobitel-076-6577469,Mobile,+8550766577469
Mobitel-076-6577470,Mobile,+8550766577470
Mobitel-076-6577471,Mobile,+8550766577471
Mobitel-076-6577472,Mobile,+8550766577472
Mobitel-076-6577473,Mobile,+8550766577473
Mobitel-076-6577474,Mobile,+8550766577474
Mobitel-076-6577475,Mobile,+8550766577475
Mobitel-076-6577476,Mobile,+8550766577476
Mobitel-076-6577477,Mobile,+8550766577477
Mobitel-076-6577478,Mobile,+8550766577478
Mobitel-076-6577479,Mobile,+8550766577479
Mobitel-076-6577480,Mobile,+8550766577480
Mobitel-076-6577481,Mobile,+8550766577481
Mobitel-076-6577482,Mobile,+8550766577482
Mobitel-076-6577483,Mobile,+8550766577483
Mobitel-076-6577484,Mobile,+8550766577484
Mobitel-076-6577485,Mobile,+8550766577485
Mobitel-076-6577486,Mobile,+8550766577486
Mobitel-076-6577487,Mobile,+8550766577487
Mobitel-076-6577488,Mobile,+8550766577488
Mobitel-076-6577489,Mobile,+8550766577489
Mobitel-076-6577490,Mobile,+8550766577490
Mobitel-076-6577491,Mobile,+8550766577491
Mobitel-076-6577492,Mobile,+8550766577492
Mobitel-076-6577493,Mobile,+8550766577493
Mobitel-076-6577494,Mobile,+8550766577494
Mobitel-076-6577495,Mobile,+8550766577495
Mobitel-076-6577496,Mobile,+8550766577496
Mobitel-076-6577497,Mobile,+8550766577497
Mobitel-076-6577498,Mobile,+8550766577498
Mobitel-076-6577499,Mobile,+8550766577499
Mobitel-076-6577500,Mobile,+8550766577500
Mobitel-076-6577501,Mobile,+8550766577501
Mobitel-076-6577502,Mobile,+8550766577502
Mobitel-076-6577503,Mobile,+8550766577503
Mobitel-076-6577504,Mobile,+8550766577504
Mobitel-076-6577505,Mobile,+8550766577505
Mobitel-076-6577506,Mobile,+8550766577506
Mobitel-076-6577507,Mobile,+8550766577507
Mobitel-076-6577508,Mobile,+8550766577508
Mobitel-076-6577509,Mobile,+8550766577509
Mobitel-076-6577510,Mobile,+8550766577510
Mobitel-076-6577511,Mobile,+8550766577511
Mobitel-076-6577512,Mobile,+8550766577512
Mobitel-076-6577513,Mobile,+8550766577513
Mobitel-076-6577514,Mobile,+8550766577514
Mobitel-076-6577515,Mobile,+8550766577515
Mobitel-076-6577516,Mobile,+8550766577516
Mobitel-076-6577517,Mobile,+8550766577517
Mobitel-076-6577518,Mobile,+8550766577518
Mobitel-076-6577519,Mobile,+8550766577519
Mobitel-076-6577520,Mobile,+8550766577520
Mobitel-076-6577521,Mobile,+8550766577521
Mobitel-076-6577522,Mobile,+8550766577522
Mobitel-076-6577523,Mobile,+8550766577523
Mobitel-076-6577524,Mobile,+8550766577524
Mobitel-076-6577525,Mobile,+8550766577525
Mobitel-076-6577526,Mobile,+8550766577526
Mobitel-076-6577527,Mobile,+8550766577527
Mobitel-076-6577528,Mobile,+8550766577528
Mobitel-076-6577529,Mobile,+8550766577529
Mobitel-076-6577530,Mobile,+8550766577530
Mobitel-076-6577531,Mobile,+8550766577531
Mobitel-076-6577532,Mobile,+8550766577532
Mobitel-076-6577533,Mobile,+8550766577533
Mobitel-076-6577534,Mobile,+8550766577534
Mobitel-076-6577535,Mobile,+8550766577535
Mobitel-076-6577536,Mobile,+8550766577536
Mobitel-076-6577537,Mobile,+8550766577537
Mobitel-076-6577538,Mobile,+8550766577538
Mobitel-076-6577539,Mobile,+8550766577539
Mobitel-076-6577540,Mobile,+8550766577540
Mobitel-076-6577541,Mobile,+8550766577541
Mobitel-076-6577542,Mobile,+8550766577542
Mobitel-076-6577543,Mobile,+8550766577543
Mobitel-076-6577544,Mobile,+8550766577544
Mobitel-076-6577545,Mobile,+8550766577545
Mobitel-076-6577546,Mobile,+8550766577546
Mobitel-076-6577547,Mobile,+8550766577547
Mobitel-076-6577548,Mobile,+8550766577548
Mobitel-076-6577549,Mobile,+8550766577549
Mobitel-076-6577550,Mobile,+8550766577550
Mobitel-076-6577551,Mobile,+8550766577551
Mobitel-076-6577552,Mobile,+8550766577552
Mobitel-076-6577553,Mobile,+8550766577553
Mobitel-076-6577554,Mobile,+8550766577554
Mobitel-076-6577555,Mobile,+8550766577555
Mobitel-076-6577556,Mobile,+8550766577556
Mobitel-076-6577557,Mobile,+8550766577557
Mobitel-076-6577558,Mobile,+8550766577558
Mobitel-076-6577559,Mobile,+8550766577559
Mobitel-076-6577560,Mobile,+8550766577560
Mobitel-076-6577561,Mobile,+8550766577561
Mobitel-076-6577562,Mobile,+8550766577562
Mobitel-076-6577563,Mobile,+8550766577563
Mobitel-076-6577564,Mobile,+8550766577564
Mobitel-076-6577565,Mobile,+8550766577565
Mobitel-076-6577566,Mobile,+8550766577566
Mobitel-076-6577567,Mobile,+8550766577567
Mobitel-076-6577568,Mobile,+8550766577568
Mobitel-076-6577569,Mobile,+8550766577569
Mobitel-076-6577570,Mobile,+8550766577570
Mobitel-076-6577571,Mobile,+8550766577571
Mobitel-076-6577572,Mobile,+8550766577572
Mobitel-076-6577573,Mobile,+8550766577573
Mobitel-076-6577574,Mobile,+8550766577574
Mobitel-076-6577575,Mobile,+8550766577575
Mobitel-076-6577576,Mobile,+8550766577576
Mobitel-076-6577577,Mobile,+8550766577577
Mobitel-076-6577578,Mobile,+8550766577578
Mobitel-076-6577579,Mobile,+8550766577579
Mobitel-076-6577580,Mobile,+8550766577580
Mobitel-076-6577581,Mobile,+8550766577581
Mobitel-076-6577582,Mobile,+8550766577582
Mobitel-076-6577583,Mobile,+8550766577583
Mobitel-076-6577584,Mobile,+8550766577584
Mobitel-076-6577585,Mobile,+8550766577585
Mobitel-076-6577586,Mobile,+8550766577586
Mobitel-076-6577587,Mobile,+8550766577587
Mobitel-076-6577588,Mobile,+8550766577588
Mobitel-076-6577589,Mobile,+8550766577589
Mobitel-076-6577590,Mobile,+8550766577590
Mobitel-076-6577591,Mobile,+8550766577591
Mobitel-076-6577592,Mobile,+8550766577592
Mobitel-076-6577593,Mobile,+8550766577593
Mobitel-076-6577594,Mobile,+8550766577594
Mobitel-076-6577595,Mobile,+8550766577595
Mobitel-076-6577596,Mobile,+8550766577596
Mobitel-076-6577597,Mobile,+8550766577597
Mobitel-076-6577598,Mobile,+8550766577598
Mobitel-076-6577599,Mobile,+8550766577599
Mobitel-076-6577600,Mobile,+8550766577600
Mobitel-076-6577601,Mobile,+8550766577601
Mobitel-076-6577602,Mobile,+8550766577602
Mobitel-076-6577603,Mobile,+8550766577603
Mobitel-076-6577604,Mobile,+8550766577604
Mobitel-076-6577605,Mobile,+8550766577605
Mobitel-076-6577606,Mobile,+8550766577606
Mobitel-076-6577607,Mobile,+8550766577607
Mobitel-076-6577608,Mobile,+8550766577608
Mobitel-076-6577609,Mobile,+8550766577609
Mobitel-076-6577610,Mobile,+8550766577610
Mobitel-076-6577611,Mobile,+8550766577611
Mobitel-076-6577612,Mobile,+8550766577612
Mobitel-076-6577613,Mobile,+8550766577613
Mobitel-076-6577614,Mobile,+8550766577614
Mobitel-076-6577615,Mobile,+8550766577615
Mobitel-076-6577616,Mobile,+8550766577616
Mobitel-076-6577617,Mobile,+8550766577617
Mobitel-076-6577618,Mobile,+8550766577618
Mobitel-076-6577619,Mobile,+8550766577619
Mobitel-076-6577620,Mobile,+8550766577620
Mobitel-076-6577621,Mobile,+8550766577621
Mobitel-076-6577622,Mobile,+8550766577622
Mobitel-076-6577623,Mobile,+8550766577623
Mobitel-076-6577624,Mobile,+8550766577624
Mobitel-076-6577625,Mobile,+8550766577625
Mobitel-076-6577626,Mobile,+8550766577626
Mobitel-076-6577627,Mobile,+8550766577627
Mobitel-076-6577628,Mobile,+8550766577628
Mobitel-076-6577629,Mobile,+8550766577629
Mobitel-076-6577630,Mobile,+8550766577630
Mobitel-076-6577631,Mobile,+8550766577631
Mobitel-076-6577632,Mobile,+8550766577632
Mobitel-076-6577633,Mobile,+8550766577633
Mobitel-076-6577634,Mobile,+8550766577634
Mobitel-076-6577635,Mobile,+8550766577635
Mobitel-076-6577636,Mobile,+8550766577636
Mobitel-076-6577637,Mobile,+8550766577637
Mobitel-076-6577638,Mobile,+8550766577638
Mobitel-076-6577639,Mobile,+8550766577639
Mobitel-076-6577640,Mobile,+8550766577640
Mobitel-076-6577641,Mobile,+8550766577641
Mobitel-076-6577642,Mobile,+8550766577642
Mobitel-076-6577643,Mobile,+8550766577643
Mobitel-076-6577644,Mobile,+8550766577644
Mobitel-076-6577645,Mobile,+8550766577645
Mobitel-076-6577646,Mobile,+8550766577646
Mobitel-076-6577647,Mobile,+8550766577647
Mobitel-076-6577648,Mobile,+8550766577648
Mobitel-076-6577649,Mobile,+8550766577649
Mobitel-076-6577650,Mobile,+8550766577650
Mobitel-076-6577651,Mobile,+8550766577651
Mobitel-076-6577652,Mobile,+8550766577652
Mobitel-076-6577653,Mobile,+8550766577653
Mobitel-076-6577654,Mobile,+8550766577654
Mobitel-076-6577655,Mobile,+8550766577655
Mobitel-076-6577656,Mobile,+8550766577656
Mobitel-076-6577657,Mobile,+8550766577657
Mobitel-076-6577658,Mobile,+8550766577658
Mobitel-076-6577659,Mobile,+8550766577659
Mobitel-076-6577660,Mobile,+8550766577660
Mobitel-076-6577661,Mobile,+8550766577661
Mobitel-076-6577662,Mobile,+8550766577662
Mobitel-076-6577663,Mobile,+8550766577663
Mobitel-076-6577664,Mobile,+8550766577664
Mobitel-076-6577665,Mobile,+8550766577665
Mobitel-076-6577666,Mobile,+8550766577666
Mobitel-076-6577667,Mobile,+8550766577667
Mobitel-076-6577668,Mobile,+8550766577668
Mobitel-076-6577669,Mobile,+8550766577669
Mobitel-076-6577670,Mobile,+8550766577670
Mobitel-076-6577671,Mobile,+8550766577671
Mobitel-076-6577672,Mobile,+8550766577672
Mobitel-076-6577673,Mobile,+8550766577673
Mobitel-076-6577674,Mobile,+8550766577674
Mobitel-076-6577675,Mobile,+8550766577675
Mobitel-076-6577676,Mobile,+8550766577676
Mobitel-076-6577677,Mobile,+8550766577677
Mobitel-076-6577678,Mobile,+8550766577678
Mobitel-076-6577679,Mobile,+8550766577679
Mobitel-076-6577680,Mobile,+8550766577680
Mobitel-076-6577681,Mobile,+8550766577681
Mobitel-076-6577682,Mobile,+8550766577682
Mobitel-076-6577683,Mobile,+8550766577683
Mobitel-076-6577684,Mobile,+8550766577684
Mobitel-076-6577685,Mobile,+8550766577685
Mobitel-076-6577686,Mobile,+8550766577686
Mobitel-076-6577687,Mobile,+8550766577687
Mobitel-076-6577688,Mobile,+8550766577688
Mobitel-076-6577689,Mobile,+8550766577689
Mobitel-076-6577690,Mobile,+8550766577690
Mobitel-076-6577691,Mobile,+8550766577691
Mobitel-076-6577692,Mobile,+8550766577692
Mobitel-076-6577693,Mobile,+8550766577693
Mobitel-076-6577694,Mobile,+8550766577694
Mobitel-076-6577695,Mobile,+8550766577695
Mobitel-076-6577696,Mobile,+8550766577696
Mobitel-076-6577697,Mobile,+8550766577697
Mobitel-076-6577698,Mobile,+8550766577698
Mobitel-076-6577699,Mobile,+8550766577699
Mobitel-076-6577700,Mobile,+8550766577700
Mobitel-076-6577701,Mobile,+8550766577701
Mobitel-076-6577702,Mobile,+8550766577702
Mobitel-076-6577703,Mobile,+8550766577703
Mobitel-076-6577704,Mobile,+8550766577704
Mobitel-076-6577705,Mobile,+8550766577705
Mobitel-076-6577706,Mobile,+8550766577706
Mobitel-076-6577707,Mobile,+8550766577707
Mobitel-076-6577708,Mobile,+8550766577708
Mobitel-076-6577709,Mobile,+8550766577709
Mobitel-076-6577710,Mobile,+8550766577710
Mobitel-076-6577711,Mobile,+8550766577711
Mobitel-076-6577712,Mobile,+8550766577712
Mobitel-076-6577713,Mobile,+8550766577713
Mobitel-076-6577714,Mobile,+8550766577714
Mobitel-076-6577715,Mobile,+8550766577715
Mobitel-076-6577716,Mobile,+8550766577716
Mobitel-076-6577717,Mobile,+8550766577717
Mobitel-076-6577718,Mobile,+8550766577718
Mobitel-076-6577719,Mobile,+8550766577719
Mobitel-076-6577720,Mobile,+8550766577720
Mobitel-076-6577721,Mobile,+8550766577721
Mobitel-076-6577722,Mobile,+8550766577722
Mobitel-076-6577723,Mobile,+8550766577723
Mobitel-076-6577724,Mobile,+8550766577724
Mobitel-076-6577725,Mobile,+8550766577725
Mobitel-076-6577726,Mobile,+8550766577726
Mobitel-076-6577727,Mobile,+8550766577727
Mobitel-076-6577728,Mobile,+8550766577728
Mobitel-076-6577729,Mobile,+8550766577729
Mobitel-076-6577730,Mobile,+8550766577730
Mobitel-076-6577731,Mobile,+8550766577731
Mobitel-076-6577732,Mobile,+8550766577732
Mobitel-076-6577733,Mobile,+8550766577733
Mobitel-076-6577734,Mobile,+8550766577734
Mobitel-076-6577735,Mobile,+8550766577735
Mobitel-076-6577736,Mobile,+8550766577736
Mobitel-076-6577737,Mobile,+8550766577737
Mobitel-076-6577738,Mobile,+8550766577738
Mobitel-076-6577739,Mobile,+8550766577739
Mobitel-076-6577740,Mobile,+8550766577740
Mobitel-076-6577741,Mobile,+8550766577741
Mobitel-076-6577742,Mobile,+8550766577742
Mobitel-076-6577743,Mobile,+8550766577743
Mobitel-076-6577744,Mobile,+8550766577744
Mobitel-076-6577745,Mobile,+8550766577745
Mobitel-076-6577746,Mobile,+8550766577746
Mobitel-076-6577747,Mobile,+8550766577747
Mobitel-076-6577748,Mobile,+8550766577748
Mobitel-076-6577749,Mobile,+8550766577749
Mobitel-076-6577750,Mobile,+8550766577750
Mobitel-076-6577751,Mobile,+8550766577751
Mobitel-076-6577752,Mobile,+8550766577752
Mobitel-076-6577753,Mobile,+8550766577753
Mobitel-076-6577754,Mobile,+8550766577754
Mobitel-076-6577755,Mobile,+8550766577755
Mobitel-076-6577756,Mobile,+8550766577756
Mobitel-076-6577757,Mobile,+8550766577757
Mobitel-076-6577758,Mobile,+8550766577758
Mobitel-076-6577759,Mobile,+8550766577759
Mobitel-076-6577760,Mobile,+8550766577760
Mobitel-076-6577761,Mobile,+8550766577761
Mobitel-076-6577762,Mobile,+8550766577762
Mobitel-076-6577763,Mobile,+8550766577763
Mobitel-076-6577764,Mobile,+8550766577764
Mobitel-076-6577765,Mobile,+8550766577765
Mobitel-076-6577766,Mobile,+8550766577766
Mobitel-076-6577767,Mobile,+8550766577767
Mobitel-076-6577768,Mobile,+8550766577768
Mobitel-076-6577769,Mobile,+8550766577769
Mobitel-076-6577770,Mobile,+8550766577770
Mobitel-076-6577771,Mobile,+8550766577771
Mobitel-076-6577772,Mobile,+8550766577772
Mobitel-076-6577773,Mobile,+8550766577773
Mobitel-076-6577774,Mobile,+8550766577774
Mobitel-076-6577775,Mobile,+8550766577775
Mobitel-076-6577776,Mobile,+8550766577776
Mobitel-076-6577777,Mobile,+8550766577777
Mobitel-076-6577778,Mobile,+8550766577778
Mobitel-076-6577779,Mobile,+8550766577779
Mobitel-076-6577780,Mobile,+8550766577780
Mobitel-076-6577781,Mobile,+8550766577781
Mobitel-076-6577782,Mobile,+8550766577782
Mobitel-076-6577783,Mobile,+8550766577783
Mobitel-076-6577784,Mobile,+8550766577784
Mobitel-076-6577785,Mobile,+8550766577785
Mobitel-076-6577786,Mobile,+8550766577786
Mobitel-076-6577787,Mobile,+8550766577787
Mobitel-076-6577788,Mobile,+8550766577788
Mobitel-076-6577789,Mobile,+8550766577789
Mobitel-076-6577790,Mobile,+8550766577790
Mobitel-076-6577791,Mobile,+8550766577791
Mobitel-076-6577792,Mobile,+8550766577792
Mobitel-076-6577793,Mobile,+8550766577793
Mobitel-076-6577794,Mobile,+8550766577794
Mobitel-076-6577795,Mobile,+8550766577795
Mobitel-076-6577796,Mobile,+8550766577796
Mobitel-076-6577797,Mobile,+8550766577797
Mobitel-076-6577798,Mobile,+8550766577798
Mobitel-076-6577799,Mobile,+8550766577799
Mobitel-076-6577800,Mobile,+8550766577800
Mobitel-076-6577801,Mobile,+8550766577801
Mobitel-076-6577802,Mobile,+8550766577802
Mobitel-076-6577803,Mobile,+8550766577803
Mobitel-076-6577804,Mobile,+8550766577804
Mobitel-076-6577805,Mobile,+8550766577805
Mobitel-076-6577806,Mobile,+8550766577806
Mobitel-076-6577807,Mobile,+8550766577807
Mobitel-076-6577808,Mobile,+8550766577808
Mobitel-076-6577809,Mobile,+8550766577809
Mobitel-076-6577810,Mobile,+8550766577810
Mobitel-076-6577811,Mobile,+8550766577811
Mobitel-076-6577812,Mobile,+8550766577812
Mobitel-076-6577813,Mobile,+8550766577813
Mobitel-076-6577814,Mobile,+8550766577814
Mobitel-076-6577815,Mobile,+8550766577815
Mobitel-076-6577816,Mobile,+8550766577816
Mobitel-076-6577817,Mobile,+8550766577817
Mobitel-076-6577818,Mobile,+8550766577818
Mobitel-076-6577819,Mobile,+8550766577819
Mobitel-076-6577820,Mobile,+8550766577820
Mobitel-076-6577821,Mobile,+8550766577821
Mobitel-076-6577822,Mobile,+8550766577822
Mobitel-076-6577823,Mobile,+8550766577823
Mobitel-076-6577824,Mobile,+8550766577824
Mobitel-076-6577825,Mobile,+8550766577825
Mobitel-076-6577826,Mobile,+8550766577826
Mobitel-076-6577827,Mobile,+8550766577827
Mobitel-076-6577828,Mobile,+8550766577828
Mobitel-076-6577829,Mobile,+8550766577829
Mobitel-076-6577830,Mobile,+8550766577830
Mobitel-076-6577831,Mobile,+8550766577831
Mobitel-076-6577832,Mobile,+8550766577832
Mobitel-076-6577833,Mobile,+8550766577833
Mobitel-076-6577834,Mobile,+8550766577834
Mobitel-076-6577835,Mobile,+8550766577835
Mobitel-076-6577836,Mobile,+8550766577836
Mobitel-076-6577837,Mobile,+8550766577837
Mobitel-076-6577838,Mobile,+8550766577838
Mobitel-076-6577839,Mobile,+8550766577839
Mobitel-076-6577840,Mobile,+8550766577840
Mobitel-076-6577841,Mobile,+8550766577841
Mobitel-076-6577842,Mobile,+8550766577842
Mobitel-076-6577843,Mobile,+8550766577843
Mobitel-076-6577844,Mobile,+8550766577844
Mobitel-076-6577845,Mobile,+8550766577845
Mobitel-076-6577846,Mobile,+8550766577846
Mobitel-076-6577847,Mobile,+8550766577847
Mobitel-076-6577848,Mobile,+8550766577848
Mobitel-076-6577849,Mobile,+8550766577849
Mobitel-076-6577850,Mobile,+8550766577850
Mobitel-076-6577851,Mobile,+8550766577851
Mobitel-076-6577852,Mobile,+8550766577852
Mobitel-076-6577853,Mobile,+8550766577853
Mobitel-076-6577854,Mobile,+8550766577854
Mobitel-076-6577855,Mobile,+8550766577855
Mobitel-076-6577856,Mobile,+8550766577856
Mobitel-076-6577857,Mobile,+8550766577857
Mobitel-076-6577858,Mobile,+8550766577858
Mobitel-076-6577859,Mobile,+8550766577859
Mobitel-076-6577860,Mobile,+8550766577860
Mobitel-076-6577861,Mobile,+8550766577861
Mobitel-076-6577862,Mobile,+8550766577862
Mobitel-076-6577863,Mobile,+8550766577863
Mobitel-076-6577864,Mobile,+8550766577864
Mobitel-076-6577865,Mobile,+8550766577865
Mobitel-076-6577866,Mobile,+8550766577866
Mobitel-076-6577867,Mobile,+8550766577867
Mobitel-076-6577868,Mobile,+8550766577868
Mobitel-076-6577869,Mobile,+8550766577869
Mobitel-076-6577870,Mobile,+8550766577870
Mobitel-076-6577871,Mobile,+8550766577871
Mobitel-076-6577872,Mobile,+8550766577872
Mobitel-076-6577873,Mobile,+8550766577873
Mobitel-076-6577874,Mobile,+8550766577874
Mobitel-076-6577875,Mobile,+8550766577875
Mobitel-076-6577876,Mobile,+8550766577876
Mobitel-076-6577877,Mobile,+8550766577877
Mobitel-076-6577878,Mobile,+8550766577878
Mobitel-076-6577879,Mobile,+8550766577879
Mobitel-076-6577880,Mobile,+8550766577880
Mobitel-076-6577881,Mobile,+8550766577881
Mobitel-076-6577882,Mobile,+8550766577882
Mobitel-076-6577883,Mobile,+8550766577883
Mobitel-076-6577884,Mobile,+8550766577884
Mobitel-076-6577885,Mobile,+8550766577885
Mobitel-076-6577886,Mobile,+8550766577886
Mobitel-076-6577887,Mobile,+8550766577887
Mobitel-076-6577888,Mobile,+8550766577888
Mobitel-076-6577889,Mobile,+8550766577889
Mobitel-076-6577890,Mobile,+8550766577890
Mobitel-076-6577891,Mobile,+8550766577891
Mobitel-076-6577892,Mobile,+8550766577892
Mobitel-076-6577893,Mobile,+8550766577893
Mobitel-076-6577894,Mobile,+8550766577894
Mobitel-076-6577895,Mobile,+8550766577895
Mobitel-076-6577896,Mobile,+8550766577896
Mobitel-076-6577897,Mobile,+8550766577897
Mobitel-076-6577898,Mobile,+8550766577898
Mobitel-076-6577899,Mobile,+8550766577899
Mobitel-076-6577900,Mobile,+8550766577900
Mobitel-076-6577901,Mobile,+8550766577901
Mobitel-076-6577902,Mobile,+8550766577902
Mobitel-076-6577903,Mobile,+8550766577903
Mobitel-076-6577904,Mobile,+8550766577904
Mobitel-076-6577905,Mobile,+8550766577905
Mobitel-076-6577906,Mobile,+8550766577906
Mobitel-076-6577907,Mobile,+8550766577907
Mobitel-076-6577908,Mobile,+8550766577908
Mobitel-076-6577909,Mobile,+8550766577909
Mobitel-076-6577910,Mobile,+8550766577910
Mobitel-076-6577911,Mobile,+8550766577911
Mobitel-076-6577912,Mobile,+8550766577912
Mobitel-076-6577913,Mobile,+8550766577913
Mobitel-076-6577914,Mobile,+8550766577914
Mobitel-076-6577915,Mobile,+8550766577915
Mobitel-076-6577916,Mobile,+8550766577916
Mobitel-076-6577917,Mobile,+8550766577917
Mobitel-076-6577918,Mobile,+8550766577918
Mobitel-076-6577919,Mobile,+8550766577919
Mobitel-076-6577920,Mobile,+8550766577920
Mobitel-076-6577921,Mobile,+8550766577921
Mobitel-076-6577922,Mobile,+8550766577922
Mobitel-076-6577923,Mobile,+8550766577923
Mobitel-076-6577924,Mobile,+8550766577924
Mobitel-076-6577925,Mobile,+8550766577925
Mobitel-076-6577926,Mobile,+8550766577926
Mobitel-076-6577927,Mobile,+8550766577927
Mobitel-076-6577928,Mobile,+8550766577928
Mobitel-076-6577929,Mobile,+8550766577929
Mobitel-076-6577930,Mobile,+8550766577930
Mobitel-076-6577931,Mobile,+8550766577931
Mobitel-076-6577932,Mobile,+8550766577932
Mobitel-076-6577933,Mobile,+8550766577933
Mobitel-076-6577934,Mobile,+8550766577934
Mobitel-076-6577935,Mobile,+8550766577935
Mobitel-076-6577936,Mobile,+8550766577936
Mobitel-076-6577937,Mobile,+8550766577937
Mobitel-076-6577938,Mobile,+8550766577938
Mobitel-076-6577939,Mobile,+8550766577939
Mobitel-076-6577940,Mobile,+8550766577940
Mobitel-076-6577941,Mobile,+8550766577941
Mobitel-076-6577942,Mobile,+8550766577942
Mobitel-076-6577943,Mobile,+8550766577943
Mobitel-076-6577944,Mobile,+8550766577944
Mobitel-076-6577945,Mobile,+8550766577945
Mobitel-076-6577946,Mobile,+8550766577946
Mobitel-076-6577947,Mobile,+8550766577947
Mobitel-076-6577948,Mobile,+8550766577948
Mobitel-076-6577949,Mobile,+8550766577949
Mobitel-076-6577950,Mobile,+8550766577950
Mobitel-076-6577951,Mobile,+8550766577951
Mobitel-076-6577952,Mobile,+8550766577952
Mobitel-076-6577953,Mobile,+8550766577953
Mobitel-076-6577954,Mobile,+8550766577954
Mobitel-076-6577955,Mobile,+8550766577955
Mobitel-076-6577956,Mobile,+8550766577956
Mobitel-076-6577957,Mobile,+8550766577957
Mobitel-076-6577958,Mobile,+8550766577958
Mobitel-076-6577959,Mobile,+8550766577959
Mobitel-076-6577960,Mobile,+8550766577960
Mobitel-076-6577961,Mobile,+8550766577961
Mobitel-076-6577962,Mobile,+8550766577962
Mobitel-076-6577963,Mobile,+8550766577963
Mobitel-076-6577964,Mobile,+8550766577964
Mobitel-076-6577965,Mobile,+8550766577965
Mobitel-076-6577966,Mobile,+8550766577966
Mobitel-076-6577967,Mobile,+8550766577967
Mobitel-076-6577968,Mobile,+8550766577968
Mobitel-076-6577969,Mobile,+8550766577969
Mobitel-076-6577970,Mobile,+8550766577970
Mobitel-076-6577971,Mobile,+8550766577971
Mobitel-076-6577972,Mobile,+8550766577972
Mobitel-076-6577973,Mobile,+8550766577973
Mobitel-076-6577974,Mobile,+8550766577974
Mobitel-076-6577975,Mobile,+8550766577975
Mobitel-076-6577976,Mobile,+8550766577976
Mobitel-076-6577977,Mobile,+8550766577977
Mobitel-076-6577978,Mobile,+8550766577978
Mobitel-076-6577979,Mobile,+8550766577979
Mobitel-076-6577980,Mobile,+8550766577980
Mobitel-076-6577981,Mobile,+8550766577981
Mobitel-076-6577982,Mobile,+8550766577982
Mobitel-076-6577983,Mobile,+8550766577983
Mobitel-076-6577984,Mobile,+8550766577984
Mobitel-076-6577985,Mobile,+8550766577985
Mobitel-076-6577986,Mobile,+8550766577986
Mobitel-076-6577987,Mobile,+8550766577987
Mobitel-076-6577988,Mobile,+8550766577988
Mobitel-076-6577989,Mobile,+8550766577989
Mobitel-076-6577990,Mobile,+8550766577990
Mobitel-076-6577991,Mobile,+8550766577991
Mobitel-076-6577992,Mobile,+8550766577992
Mobitel-076-6577993,Mobile,+8550766577993
Mobitel-076-6577994,Mobile,+8550766577994
Mobitel-076-6577995,Mobile,+8550766577995
Mobitel-076-6577996,Mobile,+8550766577996
Mobitel-076-6577997,Mobile,+8550766577997
Mobitel-076-6577998,Mobile,+8550766577998
Mobitel-076-6577999,Mobile,+8550766577999
Mobitel-076-6578000,Mobile,+8550766578000
Mobitel-076-6578001,Mobile,+8550766578001
Mobitel-076-6578002,Mobile,+8550766578002
Mobitel-076-6578003,Mobile,+8550766578003
Mobitel-076-6578004,Mobile,+8550766578004
Mobitel-076-6578005,Mobile,+8550766578005
Mobitel-076-6578006,Mobile,+8550766578006
Mobitel-076-6578007,Mobile,+8550766578007
Mobitel-076-6578008,Mobile,+8550766578008
Mobitel-076-6578009,Mobile,+8550766578009
Mobitel-076-6578010,Mobile,+8550766578010
Mobitel-076-6578011,Mobile,+8550766578011
Mobitel-076-6578012,Mobile,+8550766578012
Mobitel-076-6578013,Mobile,+8550766578013
Mobitel-076-6578014,Mobile,+8550766578014
Mobitel-076-6578015,Mobile,+8550766578015
Mobitel-076-6578016,Mobile,+8550766578016
Mobitel-076-6578017,Mobile,+8550766578017
Mobitel-076-6578018,Mobile,+8550766578018
Mobitel-076-6578019,Mobile,+8550766578019
Mobitel-076-6578020,Mobile,+8550766578020
Mobitel-076-6578021,Mobile,+8550766578021
Mobitel-076-6578022,Mobile,+8550766578022
Mobitel-076-6578023,Mobile,+8550766578023
Mobitel-076-6578024,Mobile,+8550766578024
Mobitel-076-6578025,Mobile,+8550766578025
Mobitel-076-6578026,Mobile,+8550766578026
Mobitel-076-6578027,Mobile,+8550766578027
Mobitel-076-6578028,Mobile,+8550766578028
Mobitel-076-6578029,Mobile,+8550766578029
Mobitel-076-6578030,Mobile,+8550766578030
Mobitel-076-6578031,Mobile,+8550766578031
Mobitel-076-6578032,Mobile,+8550766578032
Mobitel-076-6578033,Mobile,+8550766578033
Mobitel-076-6578034,Mobile,+8550766578034
Mobitel-076-6578035,Mobile,+8550766578035
Mobitel-076-6578036,Mobile,+8550766578036
Mobitel-076-6578037,Mobile,+8550766578037
Mobitel-076-6578038,Mobile,+8550766578038
Mobitel-076-6578039,Mobile,+8550766578039
Mobitel-076-6578040,Mobile,+8550766578040
Mobitel-076-6578041,Mobile,+8550766578041
Mobitel-076-6578042,Mobile,+8550766578042
Mobitel-076-6578043,Mobile,+8550766578043
Mobitel-076-6578044,Mobile,+8550766578044
Mobitel-076-6578045,Mobile,+8550766578045
Mobitel-076-6578046,Mobile,+8550766578046
Mobitel-076-6578047,Mobile,+8550766578047
Mobitel-076-6578048,Mobile,+8550766578048
Mobitel-076-6578049,Mobile,+8550766578049
Mobitel-076-6578050,Mobile,+8550766578050
Mobitel-076-6578051,Mobile,+8550766578051
Mobitel-076-6578052,Mobile,+8550766578052
Mobitel-076-6578053,Mobile,+8550766578053
Mobitel-076-6578054,Mobile,+8550766578054
Mobitel-076-6578055,Mobile,+8550766578055
Mobitel-076-6578056,Mobile,+8550766578056
Mobitel-076-6578057,Mobile,+8550766578057
Mobitel-076-6578058,Mobile,+8550766578058
Mobitel-076-6578059,Mobile,+8550766578059
Mobitel-076-6578060,Mobile,+8550766578060
Mobitel-076-6578061,Mobile,+8550766578061
Mobitel-076-6578062,Mobile,+8550766578062
Mobitel-076-6578063,Mobile,+8550766578063
Mobitel-076-6578064,Mobile,+8550766578064
Mobitel-076-6578065,Mobile,+8550766578065
Mobitel-076-6578066,Mobile,+8550766578066
Mobitel-076-6578067,Mobile,+8550766578067
Mobitel-076-6578068,Mobile,+8550766578068
Mobitel-076-6578069,Mobile,+8550766578069
Mobitel-076-6578070,Mobile,+8550766578070
Mobitel-076-6578071,Mobile,+8550766578071
Mobitel-076-6578072,Mobile,+8550766578072
Mobitel-076-6578073,Mobile,+8550766578073
Mobitel-076-6578074,Mobile,+8550766578074
Mobitel-076-6578075,Mobile,+8550766578075
Mobitel-076-6578076,Mobile,+8550766578076
Mobitel-076-6578077,Mobile,+8550766578077
Mobitel-076-6578078,Mobile,+8550766578078
Mobitel-076-6578079,Mobile,+8550766578079
Mobitel-076-6578080,Mobile,+8550766578080
Mobitel-076-6578081,Mobile,+8550766578081
Mobitel-076-6578082,Mobile,+8550766578082
Mobitel-076-6578083,Mobile,+8550766578083
Mobitel-076-6578084,Mobile,+8550766578084
Mobitel-076-6578085,Mobile,+8550766578085
Mobitel-076-6578086,Mobile,+8550766578086
Mobitel-076-6578087,Mobile,+8550766578087
Mobitel-076-6578088,Mobile,+8550766578088
Mobitel-076-6578089,Mobile,+8550766578089
Mobitel-076-6578090,Mobile,+8550766578090
Mobitel-076-6578091,Mobile,+8550766578091
Mobitel-076-6578092,Mobile,+8550766578092
Mobitel-076-6578093,Mobile,+8550766578093
Mobitel-076-6578094,Mobile,+8550766578094
Mobitel-076-6578095,Mobile,+8550766578095
Mobitel-076-6578096,Mobile,+8550766578096
Mobitel-076-6578097,Mobile,+8550766578097
Mobitel-076-6578098,Mobile,+8550766578098
Mobitel-076-6578099,Mobile,+8550766578099
Mobitel-076-6578100,Mobile,+8550766578100
Mobitel-076-6578101,Mobile,+8550766578101
Mobitel-076-6578102,Mobile,+8550766578102
Mobitel-076-6578103,Mobile,+8550766578103
Mobitel-076-6578104,Mobile,+8550766578104
Mobitel-076-6578105,Mobile,+8550766578105
Mobitel-076-6578106,Mobile,+8550766578106
Mobitel-076-6578107,Mobile,+8550766578107
Mobitel-076-6578108,Mobile,+8550766578108
Mobitel-076-6578109,Mobile,+8550766578109
Mobitel-076-6578110,Mobile,+8550766578110
Mobitel-076-6578111,Mobile,+8550766578111
Mobitel-076-6578112,Mobile,+8550766578112
Mobitel-076-6578113,Mobile,+8550766578113
Mobitel-076-6578114,Mobile,+8550766578114
Mobitel-076-6578115,Mobile,+8550766578115
Mobitel-076-6578116,Mobile,+8550766578116
Mobitel-076-6578117,Mobile,+8550766578117
Mobitel-076-6578118,Mobile,+8550766578118
Mobitel-076-6578119,Mobile,+8550766578119
Mobitel-076-6578120,Mobile,+8550766578120
Mobitel-076-6578121,Mobile,+8550766578121
Mobitel-076-6578122,Mobile,+8550766578122
Mobitel-076-6578123,Mobile,+8550766578123
Mobitel-076-6578124,Mobile,+8550766578124
Mobitel-076-6578125,Mobile,+8550766578125
Mobitel-076-6578126,Mobile,+8550766578126
Mobitel-076-6578127,Mobile,+8550766578127
Mobitel-076-6578128,Mobile,+8550766578128
Mobitel-076-6578129,Mobile,+8550766578129
Mobitel-076-6578130,Mobile,+8550766578130
Mobitel-076-6578131,Mobile,+8550766578131
Mobitel-076-6578132,Mobile,+8550766578132
Mobitel-076-6578133,Mobile,+8550766578133
Mobitel-076-6578134,Mobile,+8550766578134
Mobitel-076-6578135,Mobile,+8550766578135
Mobitel-076-6578136,Mobile,+8550766578136
Mobitel-076-6578137,Mobile,+8550766578137
Mobitel-076-6578138,Mobile,+8550766578138
Mobitel-076-6578139,Mobile,+8550766578139
Mobitel-076-6578140,Mobile,+8550766578140
Mobitel-076-6578141,Mobile,+8550766578141
Mobitel-076-6578142,Mobile,+8550766578142
Mobitel-076-6578143,Mobile,+8550766578143
Mobitel-076-6578144,Mobile,+8550766578144
Mobitel-076-6578145,Mobile,+8550766578145
Mobitel-076-6578146,Mobile,+8550766578146
Mobitel-076-6578147,Mobile,+8550766578147
Mobitel-076-6578148,Mobile,+8550766578148
Mobitel-076-6578149,Mobile,+8550766578149
Mobitel-076-6578150,Mobile,+8550766578150
Mobitel-076-6578151,Mobile,+8550766578151
Mobitel-076-6578152,Mobile,+8550766578152
Mobitel-076-6578153,Mobile,+8550766578153
Mobitel-076-6578154,Mobile,+8550766578154
Mobitel-076-6578155,Mobile,+8550766578155
Mobitel-076-6578156,Mobile,+8550766578156
Mobitel-076-6578157,Mobile,+8550766578157
Mobitel-076-6578158,Mobile,+8550766578158
Mobitel-076-6578159,Mobile,+8550766578159
Mobitel-076-6578160,Mobile,+8550766578160
Mobitel-076-6578161,Mobile,+8550766578161
Mobitel-076-6578162,Mobile,+8550766578162
Mobitel-076-6578163,Mobile,+8550766578163
Mobitel-076-6578164,Mobile,+8550766578164
Mobitel-076-6578165,Mobile,+8550766578165
Mobitel-076-6578166,Mobile,+8550766578166
Mobitel-076-6578167,Mobile,+8550766578167
Mobitel-076-6578168,Mobile,+8550766578168
Mobitel-076-6578169,Mobile,+8550766578169
Mobitel-076-6578170,Mobile,+8550766578170
Mobitel-076-6578171,Mobile,+8550766578171
Mobitel-076-6578172,Mobile,+8550766578172
Mobitel-076-6578173,Mobile,+8550766578173
Mobitel-076-6578174,Mobile,+8550766578174
Mobitel-076-6578175,Mobile,+8550766578175
Mobitel-076-6578176,Mobile,+8550766578176
Mobitel-076-6578177,Mobile,+8550766578177
Mobitel-076-6578178,Mobile,+8550766578178
Mobitel-076-6578179,Mobile,+8550766578179
Mobitel-076-6578180,Mobile,+8550766578180
Mobitel-076-6578181,Mobile,+8550766578181
Mobitel-076-6578182,Mobile,+8550766578182
Mobitel-076-6578183,Mobile,+8550766578183
Mobitel-076-6578184,Mobile,+8550766578184
Mobitel-076-6578185,Mobile,+8550766578185
Mobitel-076-6578186,Mobile,+8550766578186
Mobitel-076-6578187,Mobile,+8550766578187
Mobitel-076-6578188,Mobile,+8550766578188
Mobitel-076-6578189,Mobile,+8550766578189
Mobitel-076-6578190,Mobile,+8550766578190
Mobitel-076-6578191,Mobile,+8550766578191
Mobitel-076-6578192,Mobile,+8550766578192
Mobitel-076-6578193,Mobile,+8550766578193
Mobitel-076-6578194,Mobile,+8550766578194
Mobitel-076-6578195,Mobile,+8550766578195
Mobitel-076-6578196,Mobile,+8550766578196
Mobitel-076-6578197,Mobile,+8550766578197
Mobitel-076-6578198,Mobile,+8550766578198
Mobitel-076-6578199,Mobile,+8550766578199
Mobitel-076-6578200,Mobile,+8550766578200
Mobitel-076-6578201,Mobile,+8550766578201
Mobitel-076-6578202,Mobile,+8550766578202
Mobitel-076-6578203,Mobile,+8550766578203
Mobitel-076-6578204,Mobile,+8550766578204
Mobitel-076-6578205,Mobile,+8550766578205
Mobitel-076-6578206,Mobile,+8550766578206
Mobitel-076-6578207,Mobile,+8550766578207
Mobitel-076-6578208,Mobile,+8550766578208
Mobitel-076-6578209,Mobile,+8550766578209
Mobitel-076-6578210,Mobile,+8550766578210
Mobitel-076-6578211,Mobile,+8550766578211
Mobitel-076-6578212,Mobile,+8550766578212
Mobitel-076-6578213,Mobile,+8550766578213
Mobitel-076-6578214,Mobile,+8550766578214
Mobitel-076-6578215,Mobile,+8550766578215
Mobitel-076-6578216,Mobile,+8550766578216
Mobitel-076-6578217,Mobile,+8550766578217
Mobitel-076-6578218,Mobile,+8550766578218
Mobitel-076-6578219,Mobile,+8550766578219
Mobitel-076-6578220,Mobile,+8550766578220
Mobitel-076-6578221,Mobile,+8550766578221
Mobitel-076-6578222,Mobile,+8550766578222
Mobitel-076-6578223,Mobile,+8550766578223
Mobitel-076-6578224,Mobile,+8550766578224
Mobitel-076-6578225,Mobile,+8550766578225
Mobitel-076-6578226,Mobile,+8550766578226
Mobitel-076-6578227,Mobile,+8550766578227
Mobitel-076-6578228,Mobile,+8550766578228
Mobitel-076-6578229,Mobile,+8550766578229
Mobitel-076-6578230,Mobile,+8550766578230
Mobitel-076-6578231,Mobile,+8550766578231
Mobitel-076-6578232,Mobile,+8550766578232
Mobitel-076-6578233,Mobile,+8550766578233
Mobitel-076-6578234,Mobile,+8550766578234
Mobitel-076-6578235,Mobile,+8550766578235
Mobitel-076-6578236,Mobile,+8550766578236
Mobitel-076-6578237,Mobile,+8550766578237
Mobitel-076-6578238,Mobile,+8550766578238
Mobitel-076-6578239,Mobile,+8550766578239
Mobitel-076-6578240,Mobile,+8550766578240
Mobitel-076-6578241,Mobile,+8550766578241
Mobitel-076-6578242,Mobile,+8550766578242
Mobitel-076-6578243,Mobile,+8550766578243
Mobitel-076-6578244,Mobile,+8550766578244
Mobitel-076-6578245,Mobile,+8550766578245
Mobitel-076-6578246,Mobile,+8550766578246
Mobitel-076-6578247,Mobile,+8550766578247
Mobitel-076-6578248,Mobile,+8550766578248
Mobitel-076-6578249,Mobile,+8550766578249
Mobitel-076-6578250,Mobile,+8550766578250
Mobitel-076-6578251,Mobile,+8550766578251
Mobitel-076-6578252,Mobile,+8550766578252
Mobitel-076-6578253,Mobile,+8550766578253
Mobitel-076-6578254,Mobile,+8550766578254
Mobitel-076-6578255,Mobile,+8550766578255
Mobitel-076-6578256,Mobile,+8550766578256
Mobitel-076-6578257,Mobile,+8550766578257
Mobitel-076-6578258,Mobile,+8550766578258
Mobitel-076-6578259,Mobile,+8550766578259
Mobitel-076-6578260,Mobile,+8550766578260
Mobitel-076-6578261,Mobile,+8550766578261
Mobitel-076-6578262,Mobile,+8550766578262
Mobitel-076-6578263,Mobile,+8550766578263
Mobitel-076-6578264,Mobile,+8550766578264
Mobitel-076-6578265,Mobile,+8550766578265
Mobitel-076-6578266,Mobile,+8550766578266
Mobitel-076-6578267,Mobile,+8550766578267
Mobitel-076-6578268,Mobile,+8550766578268
Mobitel-076-6578269,Mobile,+8550766578269
Mobitel-076-6578270,Mobile,+8550766578270
Mobitel-076-6578271,Mobile,+8550766578271
Mobitel-076-6578272,Mobile,+8550766578272
Mobitel-076-6578273,Mobile,+8550766578273
Mobitel-076-6578274,Mobile,+8550766578274
Mobitel-076-6578275,Mobile,+8550766578275
Mobitel-076-6578276,Mobile,+8550766578276
Mobitel-076-6578277,Mobile,+8550766578277
Mobitel-076-6578278,Mobile,+8550766578278
Mobitel-076-6578279,Mobile,+8550766578279
Mobitel-076-6578280,Mobile,+8550766578280
Mobitel-076-6578281,Mobile,+8550766578281
Mobitel-076-6578282,Mobile,+8550766578282
Mobitel-076-6578283,Mobile,+8550766578283
Mobitel-076-6578284,Mobile,+8550766578284
Mobitel-076-6578285,Mobile,+8550766578285
Mobitel-076-6578286,Mobile,+8550766578286
Mobitel-076-6578287,Mobile,+8550766578287
Mobitel-076-6578288,Mobile,+8550766578288
Mobitel-076-6578289,Mobile,+8550766578289
Mobitel-076-6578290,Mobile,+8550766578290
Mobitel-076-6578291,Mobile,+8550766578291
Mobitel-076-6578292,Mobile,+8550766578292
Mobitel-076-6578293,Mobile,+8550766578293
Mobitel-076-6578294,Mobile,+8550766578294
Mobitel-076-6578295,Mobile,+8550766578295
Mobitel-076-6578296,Mobile,+8550766578296
Mobitel-076-6578297,Mobile,+8550766578297
Mobitel-076-6578298,Mobile,+8550766578298
Mobitel-076-6578299,Mobile,+8550766578299
Mobitel-076-6578300,Mobile,+8550766578300
Mobitel-076-6578301,Mobile,+8550766578301
Mobitel-076-6578302,Mobile,+8550766578302
Mobitel-076-6578303,Mobile,+8550766578303
Mobitel-076-6578304,Mobile,+8550766578304
Mobitel-076-6578305,Mobile,+8550766578305
Mobitel-076-6578306,Mobile,+8550766578306
Mobitel-076-6578307,Mobile,+8550766578307
Mobitel-076-6578308,Mobile,+8550766578308
Mobitel-076-6578309,Mobile,+8550766578309
Mobitel-076-6578310,Mobile,+8550766578310
Mobitel-076-6578311,Mobile,+8550766578311
Mobitel-076-6578312,Mobile,+8550766578312
Mobitel-076-6578313,Mobile,+8550766578313
Mobitel-076-6578314,Mobile,+8550766578314
Mobitel-076-6578315,Mobile,+8550766578315
Mobitel-076-6578316,Mobile,+8550766578316
Mobitel-076-6578317,Mobile,+8550766578317
Mobitel-076-6578318,Mobile,+8550766578318
Mobitel-076-6578319,Mobile,+8550766578319
Mobitel-076-6578320,Mobile,+8550766578320
Mobitel-076-6578321,Mobile,+8550766578321
Mobitel-076-6578322,Mobile,+8550766578322
Mobitel-076-6578323,Mobile,+8550766578323
Mobitel-076-6578324,Mobile,+8550766578324
Mobitel-076-6578325,Mobile,+8550766578325
Mobitel-076-6578326,Mobile,+8550766578326
Mobitel-076-6578327,Mobile,+8550766578327
Mobitel-076-6578328,Mobile,+8550766578328
Mobitel-076-6578329,Mobile,+8550766578329
Mobitel-076-6578330,Mobile,+8550766578330
Mobitel-076-6578331,Mobile,+8550766578331
Mobitel-076-6578332,Mobile,+8550766578332
Mobitel-076-6578333,Mobile,+8550766578333
Mobitel-076-6578334,Mobile,+8550766578334
Mobitel-076-6578335,Mobile,+8550766578335
Mobitel-076-6578336,Mobile,+8550766578336
Mobitel-076-6578337,Mobile,+8550766578337
Mobitel-076-6578338,Mobile,+8550766578338
Mobitel-076-6578339,Mobile,+8550766578339
Mobitel-076-6578340,Mobile,+8550766578340
Mobitel-076-6578341,Mobile,+8550766578341
Mobitel-076-6578342,Mobile,+8550766578342
Mobitel-076-6578343,Mobile,+8550766578343
Mobitel-076-6578344,Mobile,+8550766578344
Mobitel-076-6578345,Mobile,+8550766578345
Mobitel-076-6578346,Mobile,+8550766578346
Mobitel-076-6578347,Mobile,+8550766578347
Mobitel-076-6578348,Mobile,+8550766578348
Mobitel-076-6578349,Mobile,+8550766578349
Mobitel-076-6578350,Mobile,+8550766578350
Mobitel-076-6578351,Mobile,+8550766578351
Mobitel-076-6578352,Mobile,+8550766578352
Mobitel-076-6578353,Mobile,+8550766578353
Mobitel-076-6578354,Mobile,+8550766578354
Mobitel-076-6578355,Mobile,+8550766578355
Mobitel-076-6578356,Mobile,+8550766578356
Mobitel-076-6578357,Mobile,+8550766578357
Mobitel-076-6578358,Mobile,+8550766578358
Mobitel-076-6578359,Mobile,+8550766578359
Mobitel-076-6578360,Mobile,+8550766578360
Mobitel-076-6578361,Mobile,+8550766578361
Mobitel-076-6578362,Mobile,+8550766578362
Mobitel-076-6578363,Mobile,+8550766578363
Mobitel-076-6578364,Mobile,+8550766578364
Mobitel-076-6578365,Mobile,+8550766578365
Mobitel-076-6578366,Mobile,+8550766578366
Mobitel-076-6578367,Mobile,+8550766578367
Mobitel-076-6578368,Mobile,+8550766578368
Mobitel-076-6578369,Mobile,+8550766578369
Mobitel-076-6578370,Mobile,+8550766578370
Mobitel-076-6578371,Mobile,+8550766578371
Mobitel-076-6578372,Mobile,+8550766578372
Mobitel-076-6578373,Mobile,+8550766578373
Mobitel-076-6578374,Mobile,+8550766578374
Mobitel-076-6578375,Mobile,+8550766578375
Mobitel-076-6578376,Mobile,+8550766578376
Mobitel-076-6578377,Mobile,+8550766578377
Mobitel-076-6578378,Mobile,+8550766578378
Mobitel-076-6578379,Mobile,+8550766578379
Mobitel-076-6578380,Mobile,+8550766578380
Mobitel-076-6578381,Mobile,+8550766578381
Mobitel-076-6578382,Mobile,+8550766578382
Mobitel-076-6578383,Mobile,+8550766578383
Mobitel-076-6578384,Mobile,+8550766578384
Mobitel-076-6578385,Mobile,+8550766578385
Mobitel-076-6578386,Mobile,+8550766578386
Mobitel-076-6578387,Mobile,+8550766578387
Mobitel-076-6578388,Mobile,+8550766578388
Mobitel-076-6578389,Mobile,+8550766578389
Mobitel-076-6578390,Mobile,+8550766578390
Mobitel-076-6578391,Mobile,+8550766578391
Mobitel-076-6578392,Mobile,+8550766578392
Mobitel-076-6578393,Mobile,+8550766578393
Mobitel-076-6578394,Mobile,+8550766578394
Mobitel-076-6578395,Mobile,+8550766578395
Mobitel-076-6578396,Mobile,+8550766578396
Mobitel-076-6578397,Mobile,+8550766578397
Mobitel-076-6578398,Mobile,+8550766578398
Mobitel-076-6578399,Mobile,+8550766578399
Mobitel-076-6578400,Mobile,+8550766578400
Mobitel-076-6578401,Mobile,+8550766578401
Mobitel-076-6578402,Mobile,+8550766578402
Mobitel-076-6578403,Mobile,+8550766578403
Mobitel-076-6578404,Mobile,+8550766578404
Mobitel-076-6578405,Mobile,+8550766578405
Mobitel-076-6578406,Mobile,+8550766578406
Mobitel-076-6578407,Mobile,+8550766578407
Mobitel-076-6578408,Mobile,+8550766578408
Mobitel-076-6578409,Mobile,+8550766578409
Mobitel-076-6578410,Mobile,+8550766578410
Mobitel-076-6578411,Mobile,+8550766578411
Mobitel-076-6578412,Mobile,+8550766578412
Mobitel-076-6578413,Mobile,+8550766578413
Mobitel-076-6578414,Mobile,+8550766578414
Mobitel-076-6578415,Mobile,+8550766578415
Mobitel-076-6578416,Mobile,+8550766578416
Mobitel-076-6578417,Mobile,+8550766578417
Mobitel-076-6578418,Mobile,+8550766578418
Mobitel-076-6578419,Mobile,+8550766578419
Mobitel-076-6578420,Mobile,+8550766578420
Mobitel-076-6578421,Mobile,+8550766578421
Mobitel-076-6578422,Mobile,+8550766578422
Mobitel-076-6578423,Mobile,+8550766578423
Mobitel-076-6578424,Mobile,+8550766578424
Mobitel-076-6578425,Mobile,+8550766578425
Mobitel-076-6578426,Mobile,+8550766578426
Mobitel-076-6578427,Mobile,+8550766578427
Mobitel-076-6578428,Mobile,+8550766578428
Mobitel-076-6578429,Mobile,+8550766578429
Mobitel-076-6578430,Mobile,+8550766578430
Mobitel-076-6578431,Mobile,+8550766578431
Mobitel-076-6578432,Mobile,+8550766578432
Mobitel-076-6578433,Mobile,+8550766578433
Mobitel-076-6578434,Mobile,+8550766578434
Mobitel-076-6578435,Mobile,+8550766578435
Mobitel-076-6578436,Mobile,+8550766578436
Mobitel-076-6578437,Mobile,+8550766578437
Mobitel-076-6578438,Mobile,+8550766578438
Mobitel-076-6578439,Mobile,+8550766578439
Mobitel-076-6578440,Mobile,+8550766578440
Mobitel-076-6578441,Mobile,+8550766578441
Mobitel-076-6578442,Mobile,+8550766578442
Mobitel-076-6578443,Mobile,+8550766578443
Mobitel-076-6578444,Mobile,+8550766578444
Mobitel-076-6578445,Mobile,+8550766578445
Mobitel-076-6578446,Mobile,+8550766578446
Mobitel-076-6578447,Mobile,+8550766578447
Mobitel-076-6578448,Mobile,+8550766578448
Mobitel-076-6578449,Mobile,+8550766578449
Mobitel-076-6578450,Mobile,+8550766578450
Mobitel-076-6578451,Mobile,+8550766578451
Mobitel-076-6578452,Mobile,+8550766578452
Mobitel-076-6578453,Mobile,+8550766578453
Mobitel-076-6578454,Mobile,+8550766578454
Mobitel-076-6578455,Mobile,+8550766578455
Mobitel-076-6578456,Mobile,+8550766578456
Mobitel-076-6578457,Mobile,+8550766578457
Mobitel-076-6578458,Mobile,+8550766578458
Mobitel-076-6578459,Mobile,+8550766578459
Mobitel-076-6578460,Mobile,+8550766578460
Mobitel-076-6578461,Mobile,+8550766578461
Mobitel-076-6578462,Mobile,+8550766578462
Mobitel-076-6578463,Mobile,+8550766578463
Mobitel-076-6578464,Mobile,+8550766578464
Mobitel-076-6578465,Mobile,+8550766578465
Mobitel-076-6578466,Mobile,+8550766578466
Mobitel-076-6578467,Mobile,+8550766578467
Mobitel-076-6578468,Mobile,+8550766578468
Mobitel-076-6578469,Mobile,+8550766578469
Mobitel-076-6578470,Mobile,+8550766578470
Mobitel-076-6578471,Mobile,+8550766578471
Mobitel-076-6578472,Mobile,+8550766578472
Mobitel-076-6578473,Mobile,+8550766578473
Mobitel-076-6578474,Mobile,+8550766578474
Mobitel-076-6578475,Mobile,+8550766578475
Mobitel-076-6578476,Mobile,+8550766578476
Mobitel-076-6578477,Mobile,+8550766578477
Mobitel-076-6578478,Mobile,+8550766578478
Mobitel-076-6578479,Mobile,+8550766578479
Mobitel-076-6578480,Mobile,+8550766578480
Mobitel-076-6578481,Mobile,+8550766578481
Mobitel-076-6578482,Mobile,+8550766578482
Mobitel-076-6578483,Mobile,+8550766578483
Mobitel-076-6578484,Mobile,+8550766578484
Mobitel-076-6578485,Mobile,+8550766578485
Mobitel-076-6578486,Mobile,+8550766578486
Mobitel-076-6578487,Mobile,+8550766578487
Mobitel-076-6578488,Mobile,+8550766578488
Mobitel-076-6578489,Mobile,+8550766578489
Mobitel-076-6578490,Mobile,+8550766578490
Mobitel-076-6578491,Mobile,+8550766578491
Mobitel-076-6578492,Mobile,+8550766578492
Mobitel-076-6578493,Mobile,+8550766578493
Mobitel-076-6578494,Mobile,+8550766578494
Mobitel-076-6578495,Mobile,+8550766578495
Mobitel-076-6578496,Mobile,+8550766578496
Mobitel-076-6578497,Mobile,+8550766578497
Mobitel-076-6578498,Mobile,+8550766578498
Mobitel-076-6578499,Mobile,+8550766578499
Mobitel-076-6578500,Mobile,+8550766578500
Mobitel-076-6578501,Mobile,+8550766578501
Mobitel-076-6578502,Mobile,+8550766578502
Mobitel-076-6578503,Mobile,+8550766578503
Mobitel-076-6578504,Mobile,+8550766578504
Mobitel-076-6578505,Mobile,+8550766578505
Mobitel-076-6578506,Mobile,+8550766578506
Mobitel-076-6578507,Mobile,+8550766578507
Mobitel-076-6578508,Mobile,+8550766578508
Mobitel-076-6578509,Mobile,+8550766578509
Mobitel-076-6578510,Mobile,+8550766578510
Mobitel-076-6578511,Mobile,+8550766578511
Mobitel-076-6578512,Mobile,+8550766578512
Mobitel-076-6578513,Mobile,+8550766578513
Mobitel-076-6578514,Mobile,+8550766578514
Mobitel-076-6578515,Mobile,+8550766578515
Mobitel-076-6578516,Mobile,+8550766578516
Mobitel-076-6578517,Mobile,+8550766578517
Mobitel-076-6578518,Mobile,+8550766578518
Mobitel-076-6578519,Mobile,+8550766578519
Mobitel-076-6578520,Mobile,+8550766578520
Mobitel-076-6578521,Mobile,+8550766578521
Mobitel-076-6578522,Mobile,+8550766578522
Mobitel-076-6578523,Mobile,+8550766578523
Mobitel-076-6578524,Mobile,+8550766578524
Mobitel-076-6578525,Mobile,+8550766578525
Mobitel-076-6578526,Mobile,+8550766578526
Mobitel-076-6578527,Mobile,+8550766578527
Mobitel-076-6578528,Mobile,+8550766578528
Mobitel-076-6578529,Mobile,+8550766578529
Mobitel-076-6578530,Mobile,+8550766578530
Mobitel-076-6578531,Mobile,+8550766578531
Mobitel-076-6578532,Mobile,+8550766578532
Mobitel-076-6578533,Mobile,+8550766578533
Mobitel-076-6578534,Mobile,+8550766578534
Mobitel-076-6578535,Mobile,+8550766578535
Mobitel-076-6578536,Mobile,+8550766578536
Mobitel-076-6578537,Mobile,+8550766578537
Mobitel-076-6578538,Mobile,+8550766578538
Mobitel-076-6578539,Mobile,+8550766578539
Mobitel-076-6578540,Mobile,+8550766578540
Mobitel-076-6578541,Mobile,+8550766578541
Mobitel-076-6578542,Mobile,+8550766578542
Mobitel-076-6578543,Mobile,+8550766578543
Mobitel-076-6578544,Mobile,+8550766578544
Mobitel-076-6578545,Mobile,+8550766578545
Mobitel-076-6578546,Mobile,+8550766578546
Mobitel-076-6578547,Mobile,+8550766578547
Mobitel-076-6578548,Mobile,+8550766578548
Mobitel-076-6578549,Mobile,+8550766578549
Mobitel-076-6578550,Mobile,+8550766578550
Mobitel-076-6578551,Mobile,+8550766578551
Mobitel-076-6578552,Mobile,+8550766578552
Mobitel-076-6578553,Mobile,+8550766578553
Mobitel-076-6578554,Mobile,+8550766578554
Mobitel-076-6578555,Mobile,+8550766578555
Mobitel-076-6578556,Mobile,+8550766578556
Mobitel-076-6578557,Mobile,+8550766578557
Mobitel-076-6578558,Mobile,+8550766578558
Mobitel-076-6578559,Mobile,+8550766578559
Mobitel-076-6578560,Mobile,+8550766578560
Mobitel-076-6578561,Mobile,+8550766578561
Mobitel-076-6578562,Mobile,+8550766578562
Mobitel-076-6578563,Mobile,+8550766578563
Mobitel-076-6578564,Mobile,+8550766578564
Mobitel-076-6578565,Mobile,+8550766578565
Mobitel-076-6578566,Mobile,+8550766578566
Mobitel-076-6578567,Mobile,+8550766578567
Mobitel-076-6578568,Mobile,+8550766578568
Mobitel-076-6578569,Mobile,+8550766578569
Mobitel-076-6578570,Mobile,+8550766578570
Mobitel-076-6578571,Mobile,+8550766578571
Mobitel-076-6578572,Mobile,+8550766578572
Mobitel-076-6578573,Mobile,+8550766578573
Mobitel-076-6578574,Mobile,+8550766578574
Mobitel-076-6578575,Mobile,+8550766578575
Mobitel-076-6578576,Mobile,+8550766578576
Mobitel-076-6578577,Mobile,+8550766578577
Mobitel-076-6578578,Mobile,+8550766578578
Mobitel-076-6578579,Mobile,+8550766578579
Mobitel-076-6578580,Mobile,+8550766578580
Mobitel-076-6578581,Mobile,+8550766578581
Mobitel-076-6578582,Mobile,+8550766578582
Mobitel-076-6578583,Mobile,+8550766578583
Mobitel-076-6578584,Mobile,+8550766578584
Mobitel-076-6578585,Mobile,+8550766578585
Mobitel-076-6578586,Mobile,+8550766578586
Mobitel-076-6578587,Mobile,+8550766578587
Mobitel-076-6578588,Mobile,+8550766578588
Mobitel-076-6578589,Mobile,+8550766578589
Mobitel-076-6578590,Mobile,+8550766578590
Mobitel-076-6578591,Mobile,+8550766578591
Mobitel-076-6578592,Mobile,+8550766578592
Mobitel-076-6578593,Mobile,+8550766578593
Mobitel-076-6578594,Mobile,+8550766578594
Mobitel-076-6578595,Mobile,+8550766578595
Mobitel-076-6578596,Mobile,+8550766578596
Mobitel-076-6578597,Mobile,+8550766578597
Mobitel-076-6578598,Mobile,+8550766578598
Mobitel-076-6578599,Mobile,+8550766578599
Mobitel-076-6578600,Mobile,+8550766578600
Mobitel-076-6578601,Mobile,+8550766578601
Mobitel-076-6578602,Mobile,+8550766578602
Mobitel-076-6578603,Mobile,+8550766578603
Mobitel-076-6578604,Mobile,+8550766578604
Mobitel-076-6578605,Mobile,+8550766578605
Mobitel-076-6578606,Mobile,+8550766578606
Mobitel-076-6578607,Mobile,+8550766578607
Mobitel-076-6578608,Mobile,+8550766578608
Mobitel-076-6578609,Mobile,+8550766578609
Mobitel-076-6578610,Mobile,+8550766578610
Mobitel-076-6578611,Mobile,+8550766578611
Mobitel-076-6578612,Mobile,+8550766578612
Mobitel-076-6578613,Mobile,+8550766578613
Mobitel-076-6578614,Mobile,+8550766578614
Mobitel-076-6578615,Mobile,+8550766578615
Mobitel-076-6578616,Mobile,+8550766578616
Mobitel-076-6578617,Mobile,+8550766578617
Mobitel-076-6578618,Mobile,+8550766578618
Mobitel-076-6578619,Mobile,+8550766578619
Mobitel-076-6578620,Mobile,+8550766578620
Mobitel-076-6578621,Mobile,+8550766578621
Mobitel-076-6578622,Mobile,+8550766578622
Mobitel-076-6578623,Mobile,+8550766578623
Mobitel-076-6578624,Mobile,+8550766578624
Mobitel-076-6578625,Mobile,+8550766578625
Mobitel-076-6578626,Mobile,+8550766578626
Mobitel-076-6578627,Mobile,+8550766578627
Mobitel-076-6578628,Mobile,+8550766578628
Mobitel-076-6578629,Mobile,+8550766578629
Mobitel-076-6578630,Mobile,+8550766578630
Mobitel-076-6578631,Mobile,+8550766578631
Mobitel-076-6578632,Mobile,+8550766578632
Mobitel-076-6578633,Mobile,+8550766578633
Mobitel-076-6578634,Mobile,+8550766578634
Mobitel-076-6578635,Mobile,+8550766578635
Mobitel-076-6578636,Mobile,+8550766578636
Mobitel-076-6578637,Mobile,+8550766578637
Mobitel-076-6578638,Mobile,+8550766578638
Mobitel-076-6578639,Mobile,+8550766578639
Mobitel-076-6578640,Mobile,+8550766578640
Mobitel-076-6578641,Mobile,+8550766578641
Mobitel-076-6578642,Mobile,+8550766578642
Mobitel-076-6578643,Mobile,+8550766578643
Mobitel-076-6578644,Mobile,+8550766578644
Mobitel-076-6578645,Mobile,+8550766578645
Mobitel-076-6578646,Mobile,+8550766578646
Mobitel-076-6578647,Mobile,+8550766578647
Mobitel-076-6578648,Mobile,+8550766578648
Mobitel-076-6578649,Mobile,+8550766578649
Mobitel-076-6578650,Mobile,+8550766578650
Mobitel-076-6578651,Mobile,+8550766578651
Mobitel-076-6578652,Mobile,+8550766578652
Mobitel-076-6578653,Mobile,+8550766578653
Mobitel-076-6578654,Mobile,+8550766578654
Mobitel-076-6578655,Mobile,+8550766578655
Mobitel-076-6578656,Mobile,+8550766578656
Mobitel-076-6578657,Mobile,+8550766578657
Mobitel-076-6578658,Mobile,+8550766578658
Mobitel-076-6578659,Mobile,+8550766578659
Mobitel-076-6578660,Mobile,+8550766578660
Mobitel-076-6578661,Mobile,+8550766578661
Mobitel-076-6578662,Mobile,+8550766578662
Mobitel-076-6578663,Mobile,+8550766578663
Mobitel-076-6578664,Mobile,+8550766578664
Mobitel-076-6578665,Mobile,+8550766578665
Mobitel-076-6578666,Mobile,+8550766578666
Mobitel-076-6578667,Mobile,+8550766578667
Mobitel-076-6578668,Mobile,+8550766578668
Mobitel-076-6578669,Mobile,+8550766578669
Mobitel-076-6578670,Mobile,+8550766578670
Mobitel-076-6578671,Mobile,+8550766578671
Mobitel-076-6578672,Mobile,+8550766578672
Mobitel-076-6578673,Mobile,+8550766578673
Mobitel-076-6578674,Mobile,+8550766578674
Mobitel-076-6578675,Mobile,+8550766578675
Mobitel-076-6578676,Mobile,+8550766578676
Mobitel-076-6578677,Mobile,+8550766578677
Mobitel-076-6578678,Mobile,+8550766578678
Mobitel-076-6578679,Mobile,+8550766578679
Mobitel-076-6578680,Mobile,+8550766578680
Mobitel-076-6578681,Mobile,+8550766578681
Mobitel-076-6578682,Mobile,+8550766578682
Mobitel-076-6578683,Mobile,+8550766578683
Mobitel-076-6578684,Mobile,+8550766578684
Mobitel-076-6578685,Mobile,+8550766578685
Mobitel-076-6578686,Mobile,+8550766578686
Mobitel-076-6578687,Mobile,+8550766578687
Mobitel-076-6578688,Mobile,+8550766578688
Mobitel-076-6578689,Mobile,+8550766578689
Mobitel-076-6578690,Mobile,+8550766578690
Mobitel-076-6578691,Mobile,+8550766578691
Mobitel-076-6578692,Mobile,+8550766578692
Mobitel-076-6578693,Mobile,+8550766578693
Mobitel-076-6578694,Mobile,+8550766578694
Mobitel-076-6578695,Mobile,+8550766578695
Mobitel-076-6578696,Mobile,+8550766578696
Mobitel-076-6578697,Mobile,+8550766578697
Mobitel-076-6578698,Mobile,+8550766578698
Mobitel-076-6578699,Mobile,+8550766578699
Mobitel-076-6578700,Mobile,+8550766578700
Mobitel-076-6578701,Mobile,+8550766578701
Mobitel-076-6578702,Mobile,+8550766578702
Mobitel-076-6578703,Mobile,+8550766578703
Mobitel-076-6578704,Mobile,+8550766578704
Mobitel-076-6578705,Mobile,+8550766578705
Mobitel-076-6578706,Mobile,+8550766578706
Mobitel-076-6578707,Mobile,+8550766578707
Mobitel-076-6578708,Mobile,+8550766578708
Mobitel-076-6578709,Mobile,+8550766578709
Mobitel-076-6578710,Mobile,+8550766578710
Mobitel-076-6578711,Mobile,+8550766578711
Mobitel-076-6578712,Mobile,+8550766578712
Mobitel-076-6578713,Mobile,+8550766578713
Mobitel-076-6578714,Mobile,+8550766578714
Mobitel-076-6578715,Mobile,+8550766578715
Mobitel-076-6578716,Mobile,+8550766578716
Mobitel-076-6578717,Mobile,+8550766578717
Mobitel-076-6578718,Mobile,+8550766578718
Mobitel-076-6578719,Mobile,+8550766578719
Mobitel-076-6578720,Mobile,+8550766578720
Mobitel-076-6578721,Mobile,+8550766578721
Mobitel-076-6578722,Mobile,+8550766578722
Mobitel-076-6578723,Mobile,+8550766578723
Mobitel-076-6578724,Mobile,+8550766578724
Mobitel-076-6578725,Mobile,+8550766578725
Mobitel-076-6578726,Mobile,+8550766578726
Mobitel-076-6578727,Mobile,+8550766578727
Mobitel-076-6578728,Mobile,+8550766578728
Mobitel-076-6578729,Mobile,+8550766578729
Mobitel-076-6578730,Mobile,+8550766578730
Mobitel-076-6578731,Mobile,+8550766578731
Mobitel-076-6578732,Mobile,+8550766578732
Mobitel-076-6578733,Mobile,+8550766578733
Mobitel-076-6578734,Mobile,+8550766578734
Mobitel-076-6578735,Mobile,+8550766578735
Mobitel-076-6578736,Mobile,+8550766578736
Mobitel-076-6578737,Mobile,+8550766578737
Mobitel-076-6578738,Mobile,+8550766578738
Mobitel-076-6578739,Mobile,+8550766578739
Mobitel-076-6578740,Mobile,+8550766578740
Mobitel-076-6578741,Mobile,+8550766578741
Mobitel-076-6578742,Mobile,+8550766578742
Mobitel-076-6578743,Mobile,+8550766578743
Mobitel-076-6578744,Mobile,+8550766578744
Mobitel-076-6578745,Mobile,+8550766578745
Mobitel-076-6578746,Mobile,+8550766578746
Mobitel-076-6578747,Mobile,+8550766578747
Mobitel-076-6578748,Mobile,+8550766578748
Mobitel-076-6578749,Mobile,+8550766578749
Mobitel-076-6578750,Mobile,+8550766578750
Mobitel-076-6578751,Mobile,+8550766578751
Mobitel-076-6578752,Mobile,+8550766578752
Mobitel-076-6578753,Mobile,+8550766578753
Mobitel-076-6578754,Mobile,+8550766578754
Mobitel-076-6578755,Mobile,+8550766578755
Mobitel-076-6578756,Mobile,+8550766578756
Mobitel-076-6578757,Mobile,+8550766578757
Mobitel-076-6578758,Mobile,+8550766578758
Mobitel-076-6578759,Mobile,+8550766578759
Mobitel-076-6578760,Mobile,+8550766578760
Mobitel-076-6578761,Mobile,+8550766578761
Mobitel-076-6578762,Mobile,+8550766578762
Mobitel-076-6578763,Mobile,+8550766578763
Mobitel-076-6578764,Mobile,+8550766578764
Mobitel-076-6578765,Mobile,+8550766578765
Mobitel-076-6578766,Mobile,+8550766578766
Mobitel-076-6578767,Mobile,+8550766578767
Mobitel-076-6578768,Mobile,+8550766578768
Mobitel-076-6578769,Mobile,+8550766578769
Mobitel-076-6578770,Mobile,+8550766578770
Mobitel-076-6578771,Mobile,+8550766578771
Mobitel-076-6578772,Mobile,+8550766578772
Mobitel-076-6578773,Mobile,+8550766578773
Mobitel-076-6578774,Mobile,+8550766578774
Mobitel-076-6578775,Mobile,+8550766578775
Mobitel-076-6578776,Mobile,+8550766578776
Mobitel-076-6578777,Mobile,+8550766578777
Mobitel-076-6578778,Mobile,+8550766578778
Mobitel-076-6578779,Mobile,+8550766578779
Mobitel-076-6578780,Mobile,+8550766578780
Mobitel-076-6578781,Mobile,+8550766578781
Mobitel-076-6578782,Mobile,+8550766578782
Mobitel-076-6578783,Mobile,+8550766578783
Mobitel-076-6578784,Mobile,+8550766578784
Mobitel-076-6578785,Mobile,+8550766578785
Mobitel-076-6578786,Mobile,+8550766578786
Mobitel-076-6578787,Mobile,+8550766578787
Mobitel-076-6578788,Mobile,+8550766578788
Mobitel-076-6578789,Mobile,+8550766578789
Mobitel-076-6578790,Mobile,+8550766578790
Mobitel-076-6578791,Mobile,+8550766578791
Mobitel-076-6578792,Mobile,+8550766578792
Mobitel-076-6578793,Mobile,+8550766578793
Mobitel-076-6578794,Mobile,+8550766578794
Mobitel-076-6578795,Mobile,+8550766578795
Mobitel-076-6578796,Mobile,+8550766578796
Mobitel-076-6578797,Mobile,+8550766578797
Mobitel-076-6578798,Mobile,+8550766578798
Mobitel-076-6578799,Mobile,+8550766578799
Mobitel-076-6578800,Mobile,+8550766578800
Mobitel-076-6578801,Mobile,+8550766578801
Mobitel-076-6578802,Mobile,+8550766578802
Mobitel-076-6578803,Mobile,+8550766578803
Mobitel-076-6578804,Mobile,+8550766578804
Mobitel-076-6578805,Mobile,+8550766578805
Mobitel-076-6578806,Mobile,+8550766578806
Mobitel-076-6578807,Mobile,+8550766578807
Mobitel-076-6578808,Mobile,+8550766578808
Mobitel-076-6578809,Mobile,+8550766578809
Mobitel-076-6578810,Mobile,+8550766578810
Mobitel-076-6578811,Mobile,+8550766578811
Mobitel-076-6578812,Mobile,+8550766578812
Mobitel-076-6578813,Mobile,+8550766578813
Mobitel-076-6578814,Mobile,+8550766578814
Mobitel-076-6578815,Mobile,+8550766578815
Mobitel-076-6578816,Mobile,+8550766578816
Mobitel-076-6578817,Mobile,+8550766578817
Mobitel-076-6578818,Mobile,+8550766578818
Mobitel-076-6578819,Mobile,+8550766578819
Mobitel-076-6578820,Mobile,+8550766578820
Mobitel-076-6578821,Mobile,+8550766578821
Mobitel-076-6578822,Mobile,+8550766578822
Mobitel-076-6578823,Mobile,+8550766578823
Mobitel-076-6578824,Mobile,+8550766578824
Mobitel-076-6578825,Mobile,+8550766578825
Mobitel-076-6578826,Mobile,+8550766578826
Mobitel-076-6578827,Mobile,+8550766578827
Mobitel-076-6578828,Mobile,+8550766578828
Mobitel-076-6578829,Mobile,+8550766578829
Mobitel-076-6578830,Mobile,+8550766578830
Mobitel-076-6578831,Mobile,+8550766578831
Mobitel-076-6578832,Mobile,+8550766578832
Mobitel-076-6578833,Mobile,+8550766578833
Mobitel-076-6578834,Mobile,+8550766578834
Mobitel-076-6578835,Mobile,+8550766578835
Mobitel-076-6578836,Mobile,+8550766578836
Mobitel-076-6578837,Mobile,+8550766578837
Mobitel-076-6578838,Mobile,+8550766578838
Mobitel-076-6578839,Mobile,+8550766578839
Mobitel-076-6578840,Mobile,+8550766578840
Mobitel-076-6578841,Mobile,+8550766578841
Mobitel-076-6578842,Mobile,+8550766578842
Mobitel-076-6578843,Mobile,+8550766578843
Mobitel-076-6578844,Mobile,+8550766578844
Mobitel-076-6578845,Mobile,+8550766578845
Mobitel-076-6578846,Mobile,+8550766578846
Mobitel-076-6578847,Mobile,+8550766578847
Mobitel-076-6578848,Mobile,+8550766578848
Mobitel-076-6578849,Mobile,+8550766578849
Mobitel-076-6578850,Mobile,+8550766578850
Mobitel-076-6578851,Mobile,+8550766578851
Mobitel-076-6578852,Mobile,+8550766578852
Mobitel-076-6578853,Mobile,+8550766578853
Mobitel-076-6578854,Mobile,+8550766578854
Mobitel-076-6578855,Mobile,+8550766578855
Mobitel-076-6578856,Mobile,+8550766578856
Mobitel-076-6578857,Mobile,+8550766578857
Mobitel-076-6578858,Mobile,+8550766578858
Mobitel-076-6578859,Mobile,+8550766578859
Mobitel-076-6578860,Mobile,+8550766578860
Mobitel-076-6578861,Mobile,+8550766578861
Mobitel-076-6578862,Mobile,+8550766578862
Mobitel-076-6578863,Mobile,+8550766578863
Mobitel-076-6578864,Mobile,+8550766578864
Mobitel-076-6578865,Mobile,+8550766578865
Mobitel-076-6578866,Mobile,+8550766578866
Mobitel-076-6578867,Mobile,+8550766578867
Mobitel-076-6578868,Mobile,+8550766578868
Mobitel-076-6578869,Mobile,+8550766578869
Mobitel-076-6578870,Mobile,+8550766578870
Mobitel-076-6578871,Mobile,+8550766578871
Mobitel-076-6578872,Mobile,+8550766578872
Mobitel-076-6578873,Mobile,+8550766578873
Mobitel-076-6578874,Mobile,+8550766578874
Mobitel-076-6578875,Mobile,+8550766578875
Mobitel-076-6578876,Mobile,+8550766578876
Mobitel-076-6578877,Mobile,+8550766578877
Mobitel-076-6578878,Mobile,+8550766578878
Mobitel-076-6578879,Mobile,+8550766578879
Mobitel-076-6578880,Mobile,+8550766578880
Mobitel-076-6578881,Mobile,+8550766578881
Mobitel-076-6578882,Mobile,+8550766578882
Mobitel-076-6578883,Mobile,+8550766578883
Mobitel-076-6578884,Mobile,+8550766578884
Mobitel-076-6578885,Mobile,+8550766578885
Mobitel-076-6578886,Mobile,+8550766578886
Mobitel-076-6578887,Mobile,+8550766578887
Mobitel-076-6578888,Mobile,+8550766578888
Mobitel-076-6578889,Mobile,+8550766578889
Mobitel-076-6578890,Mobile,+8550766578890
Mobitel-076-6578891,Mobile,+8550766578891
Mobitel-076-6578892,Mobile,+8550766578892
Mobitel-076-6578893,Mobile,+8550766578893
Mobitel-076-6578894,Mobile,+8550766578894
Mobitel-076-6578895,Mobile,+8550766578895
Mobitel-076-6578896,Mobile,+8550766578896
Mobitel-076-6578897,Mobile,+8550766578897
Mobitel-076-6578898,Mobile,+8550766578898
Mobitel-076-6578899,Mobile,+8550766578899
Mobitel-076-6578900,Mobile,+8550766578900
Mobitel-076-6578901,Mobile,+8550766578901
Mobitel-076-6578902,Mobile,+8550766578902
Mobitel-076-6578903,Mobile,+8550766578903
Mobitel-076-6578904,Mobile,+8550766578904
Mobitel-076-6578905,Mobile,+8550766578905
Mobitel-076-6578906,Mobile,+8550766578906
Mobitel-076-6578907,Mobile,+8550766578907
Mobitel-076-6578908,Mobile,+8550766578908
Mobitel-076-6578909,Mobile,+8550766578909
Mobitel-076-6578910,Mobile,+8550766578910
Mobitel-076-6578911,Mobile,+8550766578911
Mobitel-076-6578912,Mobile,+8550766578912
Mobitel-076-6578913,Mobile,+8550766578913
Mobitel-076-6578914,Mobile,+8550766578914
Mobitel-076-6578915,Mobile,+8550766578915
Mobitel-076-6578916,Mobile,+8550766578916
Mobitel-076-6578917,Mobile,+8550766578917
Mobitel-076-6578918,Mobile,+8550766578918
Mobitel-076-6578919,Mobile,+8550766578919
Mobitel-076-6578920,Mobile,+8550766578920
Mobitel-076-6578921,Mobile,+8550766578921
Mobitel-076-6578922,Mobile,+8550766578922
Mobitel-076-6578923,Mobile,+8550766578923
Mobitel-076-6578924,Mobile,+8550766578924
Mobitel-076-6578925,Mobile,+8550766578925
Mobitel-076-6578926,Mobile,+8550766578926
Mobitel-076-6578927,Mobile,+8550766578927
Mobitel-076-6578928,Mobile,+8550766578928
Mobitel-076-6578929,Mobile,+8550766578929
Mobitel-076-6578930,Mobile,+8550766578930
Mobitel-076-6578931,Mobile,+8550766578931
Mobitel-076-6578932,Mobile,+8550766578932
Mobitel-076-6578933,Mobile,+8550766578933
Mobitel-076-6578934,Mobile,+8550766578934
Mobitel-076-6578935,Mobile,+8550766578935
Mobitel-076-6578936,Mobile,+8550766578936
Mobitel-076-6578937,Mobile,+8550766578937
Mobitel-076-6578938,Mobile,+8550766578938
Mobitel-076-6578939,Mobile,+8550766578939
Mobitel-076-6578940,Mobile,+8550766578940
Mobitel-076-6578941,Mobile,+8550766578941
Mobitel-076-6578942,Mobile,+8550766578942
Mobitel-076-6578943,Mobile,+8550766578943
Mobitel-076-6578944,Mobile,+8550766578944
Mobitel-076-6578945,Mobile,+8550766578945
Mobitel-076-6578946,Mobile,+8550766578946
Mobitel-076-6578947,Mobile,+8550766578947
Mobitel-076-6578948,Mobile,+8550766578948
Mobitel-076-6578949,Mobile,+8550766578949
Mobitel-076-6578950,Mobile,+8550766578950
Mobitel-076-6578951,Mobile,+8550766578951
Mobitel-076-6578952,Mobile,+8550766578952
Mobitel-076-6578953,Mobile,+8550766578953
Mobitel-076-6578954,Mobile,+8550766578954
Mobitel-076-6578955,Mobile,+8550766578955
Mobitel-076-6578956,Mobile,+8550766578956
Mobitel-076-6578957,Mobile,+8550766578957
Mobitel-076-6578958,Mobile,+8550766578958
Mobitel-076-6578959,Mobile,+8550766578959
Mobitel-076-6578960,Mobile,+8550766578960
Mobitel-076-6578961,Mobile,+8550766578961
Mobitel-076-6578962,Mobile,+8550766578962
Mobitel-076-6578963,Mobile,+8550766578963
Mobitel-076-6578964,Mobile,+8550766578964
Mobitel-076-6578965,Mobile,+8550766578965
Mobitel-076-6578966,Mobile,+8550766578966
Mobitel-076-6578967,Mobile,+8550766578967
Mobitel-076-6578968,Mobile,+8550766578968
Mobitel-076-6578969,Mobile,+8550766578969
Mobitel-076-6578970,Mobile,+8550766578970
Mobitel-076-6578971,Mobile,+8550766578971
Mobitel-076-6578972,Mobile,+8550766578972
Mobitel-076-6578973,Mobile,+8550766578973
Mobitel-076-6578974,Mobile,+8550766578974
Mobitel-076-6578975,Mobile,+8550766578975
Mobitel-076-6578976,Mobile,+8550766578976
Mobitel-076-6578977,Mobile,+8550766578977
Mobitel-076-6578978,Mobile,+8550766578978
Mobitel-076-6578979,Mobile,+8550766578979
Mobitel-076-6578980,Mobile,+8550766578980
Mobitel-076-6578981,Mobile,+8550766578981
Mobitel-076-6578982,Mobile,+8550766578982
Mobitel-076-6578983,Mobile,+8550766578983
Mobitel-076-6578984,Mobile,+8550766578984
Mobitel-076-6578985,Mobile,+8550766578985
Mobitel-076-6578986,Mobile,+8550766578986
Mobitel-076-6578987,Mobile,+8550766578987
Mobitel-076-6578988,Mobile,+8550766578988
Mobitel-076-6578989,Mobile,+8550766578989
Mobitel-076-6578990,Mobile,+8550766578990
Mobitel-076-6578991,Mobile,+8550766578991
Mobitel-076-6578992,Mobile,+8550766578992
Mobitel-076-6578993,Mobile,+8550766578993
Mobitel-076-6578994,Mobile,+8550766578994
Mobitel-076-6578995,Mobile,+8550766578995
Mobitel-076-6578996,Mobile,+8550766578996
Mobitel-076-6578997,Mobile,+8550766578997
Mobitel-076-6578998,Mobile,+8550766578998
Mobitel-076-6578999,Mobile,+8550766578999
Mobitel-076-6579000,Mobile,+8550766579000
Mobitel-076-6579001,Mobile,+8550766579001
Mobitel-076-6579002,Mobile,+8550766579002
Mobitel-076-6579003,Mobile,+8550766579003
Mobitel-076-6579004,Mobile,+8550766579004
Mobitel-076-6579005,Mobile,+8550766579005
Mobitel-076-6579006,Mobile,+8550766579006
Mobitel-076-6579007,Mobile,+8550766579007
Mobitel-076-6579008,Mobile,+8550766579008
Mobitel-076-6579009,Mobile,+8550766579009
Mobitel-076-6579010,Mobile,+8550766579010
Mobitel-076-6579011,Mobile,+8550766579011
Mobitel-076-6579012,Mobile,+8550766579012
Mobitel-076-6579013,Mobile,+8550766579013
Mobitel-076-6579014,Mobile,+8550766579014
Mobitel-076-6579015,Mobile,+8550766579015
Mobitel-076-6579016,Mobile,+8550766579016
Mobitel-076-6579017,Mobile,+8550766579017
Mobitel-076-6579018,Mobile,+8550766579018
Mobitel-076-6579019,Mobile,+8550766579019
Mobitel-076-6579020,Mobile,+8550766579020
Mobitel-076-6579021,Mobile,+8550766579021
Mobitel-076-6579022,Mobile,+8550766579022
Mobitel-076-6579023,Mobile,+8550766579023
Mobitel-076-6579024,Mobile,+8550766579024
Mobitel-076-6579025,Mobile,+8550766579025
Mobitel-076-6579026,Mobile,+8550766579026
Mobitel-076-6579027,Mobile,+8550766579027
Mobitel-076-6579028,Mobile,+8550766579028
Mobitel-076-6579029,Mobile,+8550766579029
Mobitel-076-6579030,Mobile,+8550766579030
Mobitel-076-6579031,Mobile,+8550766579031
Mobitel-076-6579032,Mobile,+8550766579032
Mobitel-076-6579033,Mobile,+8550766579033
Mobitel-076-6579034,Mobile,+8550766579034
Mobitel-076-6579035,Mobile,+8550766579035
Mobitel-076-6579036,Mobile,+8550766579036
Mobitel-076-6579037,Mobile,+8550766579037
Mobitel-076-6579038,Mobile,+8550766579038
Mobitel-076-6579039,Mobile,+8550766579039
Mobitel-076-6579040,Mobile,+8550766579040
Mobitel-076-6579041,Mobile,+8550766579041
Mobitel-076-6579042,Mobile,+8550766579042
Mobitel-076-6579043,Mobile,+8550766579043
Mobitel-076-6579044,Mobile,+8550766579044
Mobitel-076-6579045,Mobile,+8550766579045
Mobitel-076-6579046,Mobile,+8550766579046
Mobitel-076-6579047,Mobile,+8550766579047
Mobitel-076-6579048,Mobile,+8550766579048
Mobitel-076-6579049,Mobile,+8550766579049
Mobitel-076-6579050,Mobile,+8550766579050
Mobitel-076-6579051,Mobile,+8550766579051
Mobitel-076-6579052,Mobile,+8550766579052
Mobitel-076-6579053,Mobile,+8550766579053
Mobitel-076-6579054,Mobile,+8550766579054
Mobitel-076-6579055,Mobile,+8550766579055
Mobitel-076-6579056,Mobile,+8550766579056
Mobitel-076-6579057,Mobile,+8550766579057
Mobitel-076-6579058,Mobile,+8550766579058
Mobitel-076-6579059,Mobile,+8550766579059
Mobitel-076-6579060,Mobile,+8550766579060
Mobitel-076-6579061,Mobile,+8550766579061
Mobitel-076-6579062,Mobile,+8550766579062
Mobitel-076-6579063,Mobile,+8550766579063
Mobitel-076-6579064,Mobile,+8550766579064
Mobitel-076-6579065,Mobile,+8550766579065
Mobitel-076-6579066,Mobile,+8550766579066
Mobitel-076-6579067,Mobile,+8550766579067
Mobitel-076-6579068,Mobile,+8550766579068
Mobitel-076-6579069,Mobile,+8550766579069
Mobitel-076-6579070,Mobile,+8550766579070
Mobitel-076-6579071,Mobile,+8550766579071
Mobitel-076-6579072,Mobile,+8550766579072
Mobitel-076-6579073,Mobile,+8550766579073
Mobitel-076-6579074,Mobile,+8550766579074
Mobitel-076-6579075,Mobile,+8550766579075
Mobitel-076-6579076,Mobile,+8550766579076
Mobitel-076-6579077,Mobile,+8550766579077
Mobitel-076-6579078,Mobile,+8550766579078
Mobitel-076-6579079,Mobile,+8550766579079
Mobitel-076-6579080,Mobile,+8550766579080
Mobitel-076-6579081,Mobile,+8550766579081
Mobitel-076-6579082,Mobile,+8550766579082
Mobitel-076-6579083,Mobile,+8550766579083
Mobitel-076-6579084,Mobile,+8550766579084
Mobitel-076-6579085,Mobile,+8550766579085
Mobitel-076-6579086,Mobile,+8550766579086
Mobitel-076-6579087,Mobile,+8550766579087
Mobitel-076-6579088,Mobile,+8550766579088
Mobitel-076-6579089,Mobile,+8550766579089
Mobitel-076-6579090,Mobile,+8550766579090
Mobitel-076-6579091,Mobile,+8550766579091
Mobitel-076-6579092,Mobile,+8550766579092
Mobitel-076-6579093,Mobile,+8550766579093
Mobitel-076-6579094,Mobile,+8550766579094
Mobitel-076-6579095,Mobile,+8550766579095
Mobitel-076-6579096,Mobile,+8550766579096
Mobitel-076-6579097,Mobile,+8550766579097
Mobitel-076-6579098,Mobile,+8550766579098
Mobitel-076-6579099,Mobile,+8550766579099
Mobitel-076-6579100,Mobile,+8550766579100
Mobitel-076-6579101,Mobile,+8550766579101
Mobitel-076-6579102,Mobile,+8550766579102
Mobitel-076-6579103,Mobile,+8550766579103
Mobitel-076-6579104,Mobile,+8550766579104
Mobitel-076-6579105,Mobile,+8550766579105
Mobitel-076-6579106,Mobile,+8550766579106
Mobitel-076-6579107,Mobile,+8550766579107
Mobitel-076-6579108,Mobile,+8550766579108
Mobitel-076-6579109,Mobile,+8550766579109
Mobitel-076-6579110,Mobile,+8550766579110
Mobitel-076-6579111,Mobile,+8550766579111
Mobitel-076-6579112,Mobile,+8550766579112
Mobitel-076-6579113,Mobile,+8550766579113
Mobitel-076-6579114,Mobile,+8550766579114
Mobitel-076-6579115,Mobile,+8550766579115
Mobitel-076-6579116,Mobile,+8550766579116
Mobitel-076-6579117,Mobile,+8550766579117
Mobitel-076-6579118,Mobile,+8550766579118
Mobitel-076-6579119,Mobile,+8550766579119
Mobitel-076-6579120,Mobile,+8550766579120
Mobitel-076-6579121,Mobile,+8550766579121
Mobitel-076-6579122,Mobile,+8550766579122
Mobitel-076-6579123,Mobile,+8550766579123
Mobitel-076-6579124,Mobile,+8550766579124
Mobitel-076-6579125,Mobile,+8550766579125
Mobitel-076-6579126,Mobile,+8550766579126
Mobitel-076-6579127,Mobile,+8550766579127
Mobitel-076-6579128,Mobile,+8550766579128
Mobitel-076-6579129,Mobile,+8550766579129
Mobitel-076-6579130,Mobile,+8550766579130
Mobitel-076-6579131,Mobile,+8550766579131
Mobitel-076-6579132,Mobile,+8550766579132
Mobitel-076-6579133,Mobile,+8550766579133
Mobitel-076-6579134,Mobile,+8550766579134
Mobitel-076-6579135,Mobile,+8550766579135
Mobitel-076-6579136,Mobile,+8550766579136
Mobitel-076-6579137,Mobile,+8550766579137
Mobitel-076-6579138,Mobile,+8550766579138
Mobitel-076-6579139,Mobile,+8550766579139
Mobitel-076-6579140,Mobile,+8550766579140
Mobitel-076-6579141,Mobile,+8550766579141
Mobitel-076-6579142,Mobile,+8550766579142
Mobitel-076-6579143,Mobile,+8550766579143
Mobitel-076-6579144,Mobile,+8550766579144
Mobitel-076-6579145,Mobile,+8550766579145
Mobitel-076-6579146,Mobile,+8550766579146
Mobitel-076-6579147,Mobile,+8550766579147
Mobitel-076-6579148,Mobile,+8550766579148
Mobitel-076-6579149,Mobile,+8550766579149
Mobitel-076-6579150,Mobile,+8550766579150
Mobitel-076-6579151,Mobile,+8550766579151
Mobitel-076-6579152,Mobile,+8550766579152
Mobitel-076-6579153,Mobile,+8550766579153
Mobitel-076-6579154,Mobile,+8550766579154
Mobitel-076-6579155,Mobile,+8550766579155
Mobitel-076-6579156,Mobile,+8550766579156
Mobitel-076-6579157,Mobile,+8550766579157
Mobitel-076-6579158,Mobile,+8550766579158
Mobitel-076-6579159,Mobile,+8550766579159
Mobitel-076-6579160,Mobile,+8550766579160
Mobitel-076-6579161,Mobile,+8550766579161
Mobitel-076-6579162,Mobile,+8550766579162
Mobitel-076-6579163,Mobile,+8550766579163
Mobitel-076-6579164,Mobile,+8550766579164
Mobitel-076-6579165,Mobile,+8550766579165
Mobitel-076-6579166,Mobile,+8550766579166
Mobitel-076-6579167,Mobile,+8550766579167
Mobitel-076-6579168,Mobile,+8550766579168
Mobitel-076-6579169,Mobile,+8550766579169
Mobitel-076-6579170,Mobile,+8550766579170
Mobitel-076-6579171,Mobile,+8550766579171
Mobitel-076-6579172,Mobile,+8550766579172
Mobitel-076-6579173,Mobile,+8550766579173
Mobitel-076-6579174,Mobile,+8550766579174
Mobitel-076-6579175,Mobile,+8550766579175
Mobitel-076-6579176,Mobile,+8550766579176
Mobitel-076-6579177,Mobile,+8550766579177
Mobitel-076-6579178,Mobile,+8550766579178
Mobitel-076-6579179,Mobile,+8550766579179
Mobitel-076-6579180,Mobile,+8550766579180
Mobitel-076-6579181,Mobile,+8550766579181
Mobitel-076-6579182,Mobile,+8550766579182
Mobitel-076-6579183,Mobile,+8550766579183
Mobitel-076-6579184,Mobile,+8550766579184
Mobitel-076-6579185,Mobile,+8550766579185
Mobitel-076-6579186,Mobile,+8550766579186
Mobitel-076-6579187,Mobile,+8550766579187
Mobitel-076-6579188,Mobile,+8550766579188
Mobitel-076-6579189,Mobile,+8550766579189
Mobitel-076-6579190,Mobile,+8550766579190
Mobitel-076-6579191,Mobile,+8550766579191
Mobitel-076-6579192,Mobile,+8550766579192
Mobitel-076-6579193,Mobile,+8550766579193
Mobitel-076-6579194,Mobile,+8550766579194
Mobitel-076-6579195,Mobile,+8550766579195
Mobitel-076-6579196,Mobile,+8550766579196
Mobitel-076-6579197,Mobile,+8550766579197
Mobitel-076-6579198,Mobile,+8550766579198
Mobitel-076-6579199,Mobile,+8550766579199
Mobitel-076-6579200,Mobile,+8550766579200
Mobitel-076-6579201,Mobile,+8550766579201
Mobitel-076-6579202,Mobile,+8550766579202
Mobitel-076-6579203,Mobile,+8550766579203
Mobitel-076-6579204,Mobile,+8550766579204
Mobitel-076-6579205,Mobile,+8550766579205
Mobitel-076-6579206,Mobile,+8550766579206
Mobitel-076-6579207,Mobile,+8550766579207
Mobitel-076-6579208,Mobile,+8550766579208
Mobitel-076-6579209,Mobile,+8550766579209
Mobitel-076-6579210,Mobile,+8550766579210
Mobitel-076-6579211,Mobile,+8550766579211
Mobitel-076-6579212,Mobile,+8550766579212
Mobitel-076-6579213,Mobile,+8550766579213
Mobitel-076-6579214,Mobile,+8550766579214
Mobitel-076-6579215,Mobile,+8550766579215
Mobitel-076-6579216,Mobile,+8550766579216
Mobitel-076-6579217,Mobile,+8550766579217
Mobitel-076-6579218,Mobile,+8550766579218
Mobitel-076-6579219,Mobile,+8550766579219
Mobitel-076-6579220,Mobile,+8550766579220
Mobitel-076-6579221,Mobile,+8550766579221
Mobitel-076-6579222,Mobile,+8550766579222
Mobitel-076-6579223,Mobile,+8550766579223
Mobitel-076-6579224,Mobile,+8550766579224
Mobitel-076-6579225,Mobile,+8550766579225
Mobitel-076-6579226,Mobile,+8550766579226
Mobitel-076-6579227,Mobile,+8550766579227
Mobitel-076-6579228,Mobile,+8550766579228
Mobitel-076-6579229,Mobile,+8550766579229
Mobitel-076-6579230,Mobile,+8550766579230
Mobitel-076-6579231,Mobile,+8550766579231
Mobitel-076-6579232,Mobile,+8550766579232
Mobitel-076-6579233,Mobile,+8550766579233
Mobitel-076-6579234,Mobile,+8550766579234
Mobitel-076-6579235,Mobile,+8550766579235
Mobitel-076-6579236,Mobile,+8550766579236
Mobitel-076-6579237,Mobile,+8550766579237
Mobitel-076-6579238,Mobile,+8550766579238
Mobitel-076-6579239,Mobile,+8550766579239
Mobitel-076-6579240,Mobile,+8550766579240
Mobitel-076-6579241,Mobile,+8550766579241
Mobitel-076-6579242,Mobile,+8550766579242
Mobitel-076-6579243,Mobile,+8550766579243
Mobitel-076-6579244,Mobile,+8550766579244
Mobitel-076-6579245,Mobile,+8550766579245
Mobitel-076-6579246,Mobile,+8550766579246
Mobitel-076-6579247,Mobile,+8550766579247
Mobitel-076-6579248,Mobile,+8550766579248
Mobitel-076-6579249,Mobile,+8550766579249
Mobitel-076-6579250,Mobile,+8550766579250
Mobitel-076-6579251,Mobile,+8550766579251
Mobitel-076-6579252,Mobile,+8550766579252
Mobitel-076-6579253,Mobile,+8550766579253
Mobitel-076-6579254,Mobile,+8550766579254
Mobitel-076-6579255,Mobile,+8550766579255
Mobitel-076-6579256,Mobile,+8550766579256
Mobitel-076-6579257,Mobile,+8550766579257
Mobitel-076-6579258,Mobile,+8550766579258
Mobitel-076-6579259,Mobile,+8550766579259
Mobitel-076-6579260,Mobile,+8550766579260
Mobitel-076-6579261,Mobile,+8550766579261
Mobitel-076-6579262,Mobile,+8550766579262
Mobitel-076-6579263,Mobile,+8550766579263
Mobitel-076-6579264,Mobile,+8550766579264
Mobitel-076-6579265,Mobile,+8550766579265
Mobitel-076-6579266,Mobile,+8550766579266
Mobitel-076-6579267,Mobile,+8550766579267
Mobitel-076-6579268,Mobile,+8550766579268
Mobitel-076-6579269,Mobile,+8550766579269
Mobitel-076-6579270,Mobile,+8550766579270
Mobitel-076-6579271,Mobile,+8550766579271
Mobitel-076-6579272,Mobile,+8550766579272
Mobitel-076-6579273,Mobile,+8550766579273
Mobitel-076-6579274,Mobile,+8550766579274
Mobitel-076-6579275,Mobile,+8550766579275
Mobitel-076-6579276,Mobile,+8550766579276
Mobitel-076-6579277,Mobile,+8550766579277
Mobitel-076-6579278,Mobile,+8550766579278
Mobitel-076-6579279,Mobile,+8550766579279
Mobitel-076-6579280,Mobile,+8550766579280
Mobitel-076-6579281,Mobile,+8550766579281
Mobitel-076-6579282,Mobile,+8550766579282
Mobitel-076-6579283,Mobile,+8550766579283
Mobitel-076-6579284,Mobile,+8550766579284
Mobitel-076-6579285,Mobile,+8550766579285
Mobitel-076-6579286,Mobile,+8550766579286
Mobitel-076-6579287,Mobile,+8550766579287
Mobitel-076-6579288,Mobile,+8550766579288
Mobitel-076-6579289,Mobile,+8550766579289
Mobitel-076-6579290,Mobile,+8550766579290
Mobitel-076-6579291,Mobile,+8550766579291
Mobitel-076-6579292,Mobile,+8550766579292
Mobitel-076-6579293,Mobile,+8550766579293
Mobitel-076-6579294,Mobile,+8550766579294
Mobitel-076-6579295,Mobile,+8550766579295
Mobitel-076-6579296,Mobile,+8550766579296
Mobitel-076-6579297,Mobile,+8550766579297
Mobitel-076-6579298,Mobile,+8550766579298
Mobitel-076-6579299,Mobile,+8550766579299
Mobitel-076-6579300,Mobile,+8550766579300
Mobitel-076-6579301,Mobile,+8550766579301
Mobitel-076-6579302,Mobile,+8550766579302
Mobitel-076-6579303,Mobile,+8550766579303
Mobitel-076-6579304,Mobile,+8550766579304
Mobitel-076-6579305,Mobile,+8550766579305
Mobitel-076-6579306,Mobile,+8550766579306
Mobitel-076-6579307,Mobile,+8550766579307
Mobitel-076-6579308,Mobile,+8550766579308
Mobitel-076-6579309,Mobile,+8550766579309
Mobitel-076-6579310,Mobile,+8550766579310
Mobitel-076-6579311,Mobile,+8550766579311
Mobitel-076-6579312,Mobile,+8550766579312
Mobitel-076-6579313,Mobile,+8550766579313
Mobitel-076-6579314,Mobile,+8550766579314
Mobitel-076-6579315,Mobile,+8550766579315
Mobitel-076-6579316,Mobile,+8550766579316
Mobitel-076-6579317,Mobile,+8550766579317
Mobitel-076-6579318,Mobile,+8550766579318
Mobitel-076-6579319,Mobile,+8550766579319
Mobitel-076-6579320,Mobile,+8550766579320
Mobitel-076-6579321,Mobile,+8550766579321
Mobitel-076-6579322,Mobile,+8550766579322
Mobitel-076-6579323,Mobile,+8550766579323
Mobitel-076-6579324,Mobile,+8550766579324
Mobitel-076-6579325,Mobile,+8550766579325
Mobitel-076-6579326,Mobile,+8550766579326
Mobitel-076-6579327,Mobile,+8550766579327
Mobitel-076-6579328,Mobile,+8550766579328
Mobitel-076-6579329,Mobile,+8550766579329
Mobitel-076-6579330,Mobile,+8550766579330
Mobitel-076-6579331,Mobile,+8550766579331
Mobitel-076-6579332,Mobile,+8550766579332
Mobitel-076-6579333,Mobile,+8550766579333
Mobitel-076-6579334,Mobile,+8550766579334
Mobitel-076-6579335,Mobile,+8550766579335
Mobitel-076-6579336,Mobile,+8550766579336
Mobitel-076-6579337,Mobile,+8550766579337
Mobitel-076-6579338,Mobile,+8550766579338
Mobitel-076-6579339,Mobile,+8550766579339
Mobitel-076-6579340,Mobile,+8550766579340
Mobitel-076-6579341,Mobile,+8550766579341
Mobitel-076-6579342,Mobile,+8550766579342
Mobitel-076-6579343,Mobile,+8550766579343
Mobitel-076-6579344,Mobile,+8550766579344
Mobitel-076-6579345,Mobile,+8550766579345
Mobitel-076-6579346,Mobile,+8550766579346
Mobitel-076-6579347,Mobile,+8550766579347
Mobitel-076-6579348,Mobile,+8550766579348
Mobitel-076-6579349,Mobile,+8550766579349
Mobitel-076-6579350,Mobile,+8550766579350
Mobitel-076-6579351,Mobile,+8550766579351
Mobitel-076-6579352,Mobile,+8550766579352
Mobitel-076-6579353,Mobile,+8550766579353
Mobitel-076-6579354,Mobile,+8550766579354
Mobitel-076-6579355,Mobile,+8550766579355
Mobitel-076-6579356,Mobile,+8550766579356
Mobitel-076-6579357,Mobile,+8550766579357
Mobitel-076-6579358,Mobile,+8550766579358
Mobitel-076-6579359,Mobile,+8550766579359
Mobitel-076-6579360,Mobile,+8550766579360
Mobitel-076-6579361,Mobile,+8550766579361
Mobitel-076-6579362,Mobile,+8550766579362
Mobitel-076-6579363,Mobile,+8550766579363
Mobitel-076-6579364,Mobile,+8550766579364
Mobitel-076-6579365,Mobile,+8550766579365
Mobitel-076-6579366,Mobile,+8550766579366
Mobitel-076-6579367,Mobile,+8550766579367
Mobitel-076-6579368,Mobile,+8550766579368
Mobitel-076-6579369,Mobile,+8550766579369
Mobitel-076-6579370,Mobile,+8550766579370
Mobitel-076-6579371,Mobile,+8550766579371
Mobitel-076-6579372,Mobile,+8550766579372
Mobitel-076-6579373,Mobile,+8550766579373
Mobitel-076-6579374,Mobile,+8550766579374
Mobitel-076-6579375,Mobile,+8550766579375
Mobitel-076-6579376,Mobile,+8550766579376
Mobitel-076-6579377,Mobile,+8550766579377
Mobitel-076-6579378,Mobile,+8550766579378
Mobitel-076-6579379,Mobile,+8550766579379
Mobitel-076-6579380,Mobile,+8550766579380
Mobitel-076-6579381,Mobile,+8550766579381
Mobitel-076-6579382,Mobile,+8550766579382
Mobitel-076-6579383,Mobile,+8550766579383
Mobitel-076-6579384,Mobile,+8550766579384
Mobitel-076-6579385,Mobile,+8550766579385
Mobitel-076-6579386,Mobile,+8550766579386
Mobitel-076-6579387,Mobile,+8550766579387
Mobitel-076-6579388,Mobile,+8550766579388
Mobitel-076-6579389,Mobile,+8550766579389
Mobitel-076-6579390,Mobile,+8550766579390
Mobitel-076-6579391,Mobile,+8550766579391
Mobitel-076-6579392,Mobile,+8550766579392
Mobitel-076-6579393,Mobile,+8550766579393
Mobitel-076-6579394,Mobile,+8550766579394
Mobitel-076-6579395,Mobile,+8550766579395
Mobitel-076-6579396,Mobile,+8550766579396
Mobitel-076-6579397,Mobile,+8550766579397
Mobitel-076-6579398,Mobile,+8550766579398
Mobitel-076-6579399,Mobile,+8550766579399
Mobitel-076-6579400,Mobile,+8550766579400
Mobitel-076-6579401,Mobile,+8550766579401
Mobitel-076-6579402,Mobile,+8550766579402
Mobitel-076-6579403,Mobile,+8550766579403
Mobitel-076-6579404,Mobile,+8550766579404
Mobitel-076-6579405,Mobile,+8550766579405
Mobitel-076-6579406,Mobile,+8550766579406
Mobitel-076-6579407,Mobile,+8550766579407
Mobitel-076-6579408,Mobile,+8550766579408
Mobitel-076-6579409,Mobile,+8550766579409
Mobitel-076-6579410,Mobile,+8550766579410
Mobitel-076-6579411,Mobile,+8550766579411
Mobitel-076-6579412,Mobile,+8550766579412
Mobitel-076-6579413,Mobile,+8550766579413
Mobitel-076-6579414,Mobile,+8550766579414
Mobitel-076-6579415,Mobile,+8550766579415
Mobitel-076-6579416,Mobile,+8550766579416
Mobitel-076-6579417,Mobile,+8550766579417
Mobitel-076-6579418,Mobile,+8550766579418
Mobitel-076-6579419,Mobile,+8550766579419
Mobitel-076-6579420,Mobile,+8550766579420
Mobitel-076-6579421,Mobile,+8550766579421
Mobitel-076-6579422,Mobile,+8550766579422
Mobitel-076-6579423,Mobile,+8550766579423
Mobitel-076-6579424,Mobile,+8550766579424
Mobitel-076-6579425,Mobile,+8550766579425
Mobitel-076-6579426,Mobile,+8550766579426
Mobitel-076-6579427,Mobile,+8550766579427
Mobitel-076-6579428,Mobile,+8550766579428
Mobitel-076-6579429,Mobile,+8550766579429
Mobitel-076-6579430,Mobile,+8550766579430
Mobitel-076-6579431,Mobile,+8550766579431
Mobitel-076-6579432,Mobile,+8550766579432
Mobitel-076-6579433,Mobile,+8550766579433
Mobitel-076-6579434,Mobile,+8550766579434
Mobitel-076-6579435,Mobile,+8550766579435
Mobitel-076-6579436,Mobile,+8550766579436
Mobitel-076-6579437,Mobile,+8550766579437
Mobitel-076-6579438,Mobile,+8550766579438
Mobitel-076-6579439,Mobile,+8550766579439
Mobitel-076-6579440,Mobile,+8550766579440
Mobitel-076-6579441,Mobile,+8550766579441
Mobitel-076-6579442,Mobile,+8550766579442
Mobitel-076-6579443,Mobile,+8550766579443
Mobitel-076-6579444,Mobile,+8550766579444
Mobitel-076-6579445,Mobile,+8550766579445
Mobitel-076-6579446,Mobile,+8550766579446
Mobitel-076-6579447,Mobile,+8550766579447
Mobitel-076-6579448,Mobile,+8550766579448
Mobitel-076-6579449,Mobile,+8550766579449
Mobitel-076-6579450,Mobile,+8550766579450
Mobitel-076-6579451,Mobile,+8550766579451
Mobitel-076-6579452,Mobile,+8550766579452
Mobitel-076-6579453,Mobile,+8550766579453
Mobitel-076-6579454,Mobile,+8550766579454
Mobitel-076-6579455,Mobile,+8550766579455
Mobitel-076-6579456,Mobile,+8550766579456
Mobitel-076-6579457,Mobile,+8550766579457
Mobitel-076-6579458,Mobile,+8550766579458
Mobitel-076-6579459,Mobile,+8550766579459
Mobitel-076-6579460,Mobile,+8550766579460
Mobitel-076-6579461,Mobile,+8550766579461
Mobitel-076-6579462,Mobile,+8550766579462
Mobitel-076-6579463,Mobile,+8550766579463
Mobitel-076-6579464,Mobile,+8550766579464
Mobitel-076-6579465,Mobile,+8550766579465
Mobitel-076-6579466,Mobile,+8550766579466
Mobitel-076-6579467,Mobile,+8550766579467
Mobitel-076-6579468,Mobile,+8550766579468
Mobitel-076-6579469,Mobile,+8550766579469
Mobitel-076-6579470,Mobile,+8550766579470
Mobitel-076-6579471,Mobile,+8550766579471
Mobitel-076-6579472,Mobile,+8550766579472
Mobitel-076-6579473,Mobile,+8550766579473
Mobitel-076-6579474,Mobile,+8550766579474
Mobitel-076-6579475,Mobile,+8550766579475
Mobitel-076-6579476,Mobile,+8550766579476
Mobitel-076-6579477,Mobile,+8550766579477
Mobitel-076-6579478,Mobile,+8550766579478
Mobitel-076-6579479,Mobile,+8550766579479
Mobitel-076-6579480,Mobile,+8550766579480
Mobitel-076-6579481,Mobile,+8550766579481
Mobitel-076-6579482,Mobile,+8550766579482
Mobitel-076-6579483,Mobile,+8550766579483
Mobitel-076-6579484,Mobile,+8550766579484
Mobitel-076-6579485,Mobile,+8550766579485
Mobitel-076-6579486,Mobile,+8550766579486
Mobitel-076-6579487,Mobile,+8550766579487
Mobitel-076-6579488,Mobile,+8550766579488
Mobitel-076-6579489,Mobile,+8550766579489
Mobitel-076-6579490,Mobile,+8550766579490
Mobitel-076-6579491,Mobile,+8550766579491
Mobitel-076-6579492,Mobile,+8550766579492
Mobitel-076-6579493,Mobile,+8550766579493
Mobitel-076-6579494,Mobile,+8550766579494
Mobitel-076-6579495,Mobile,+8550766579495
Mobitel-076-6579496,Mobile,+8550766579496
Mobitel-076-6579497,Mobile,+8550766579497
Mobitel-076-6579498,Mobile,+8550766579498
Mobitel-076-6579499,Mobile,+8550766579499
Mobitel-076-6579500,Mobile,+8550766579500
Mobitel-076-6579501,Mobile,+8550766579501
Mobitel-076-6579502,Mobile,+8550766579502
Mobitel-076-6579503,Mobile,+8550766579503
Mobitel-076-6579504,Mobile,+8550766579504
Mobitel-076-6579505,Mobile,+8550766579505
Mobitel-076-6579506,Mobile,+8550766579506
Mobitel-076-6579507,Mobile,+8550766579507
Mobitel-076-6579508,Mobile,+8550766579508
Mobitel-076-6579509,Mobile,+8550766579509
Mobitel-076-6579510,Mobile,+8550766579510
Mobitel-076-6579511,Mobile,+8550766579511
Mobitel-076-6579512,Mobile,+8550766579512
Mobitel-076-6579513,Mobile,+8550766579513
Mobitel-076-6579514,Mobile,+8550766579514
Mobitel-076-6579515,Mobile,+8550766579515
Mobitel-076-6579516,Mobile,+8550766579516
Mobitel-076-6579517,Mobile,+8550766579517
Mobitel-076-6579518,Mobile,+8550766579518
Mobitel-076-6579519,Mobile,+8550766579519
Mobitel-076-6579520,Mobile,+8550766579520
Mobitel-076-6579521,Mobile,+8550766579521
Mobitel-076-6579522,Mobile,+8550766579522
Mobitel-076-6579523,Mobile,+8550766579523
Mobitel-076-6579524,Mobile,+8550766579524
Mobitel-076-6579525,Mobile,+8550766579525
Mobitel-076-6579526,Mobile,+8550766579526
Mobitel-076-6579527,Mobile,+8550766579527
Mobitel-076-6579528,Mobile,+8550766579528
Mobitel-076-6579529,Mobile,+8550766579529
Mobitel-076-6579530,Mobile,+8550766579530
Mobitel-076-6579531,Mobile,+8550766579531
Mobitel-076-6579532,Mobile,+8550766579532
Mobitel-076-6579533,Mobile,+8550766579533
Mobitel-076-6579534,Mobile,+8550766579534
Mobitel-076-6579535,Mobile,+8550766579535
Mobitel-076-6579536,Mobile,+8550766579536
Mobitel-076-6579537,Mobile,+8550766579537
Mobitel-076-6579538,Mobile,+8550766579538
Mobitel-076-6579539,Mobile,+8550766579539
Mobitel-076-6579540,Mobile,+8550766579540
Mobitel-076-6579541,Mobile,+8550766579541
Mobitel-076-6579542,Mobile,+8550766579542
Mobitel-076-6579543,Mobile,+8550766579543
Mobitel-076-6579544,Mobile,+8550766579544
Mobitel-076-6579545,Mobile,+8550766579545
Mobitel-076-6579546,Mobile,+8550766579546
Mobitel-076-6579547,Mobile,+8550766579547
Mobitel-076-6579548,Mobile,+8550766579548
Mobitel-076-6579549,Mobile,+8550766579549
Mobitel-076-6579550,Mobile,+8550766579550
Mobitel-076-6579551,Mobile,+8550766579551
Mobitel-076-6579552,Mobile,+8550766579552
Mobitel-076-6579553,Mobile,+8550766579553
Mobitel-076-6579554,Mobile,+8550766579554
Mobitel-076-6579555,Mobile,+8550766579555
Mobitel-076-6579556,Mobile,+8550766579556
Mobitel-076-6579557,Mobile,+8550766579557
Mobitel-076-6579558,Mobile,+8550766579558
Mobitel-076-6579559,Mobile,+8550766579559
Mobitel-076-6579560,Mobile,+8550766579560
Mobitel-076-6579561,Mobile,+8550766579561
Mobitel-076-6579562,Mobile,+8550766579562
Mobitel-076-6579563,Mobile,+8550766579563
Mobitel-076-6579564,Mobile,+8550766579564
Mobitel-076-6579565,Mobile,+8550766579565
Mobitel-076-6579566,Mobile,+8550766579566
Mobitel-076-6579567,Mobile,+8550766579567
Mobitel-076-6579568,Mobile,+8550766579568
Mobitel-076-6579569,Mobile,+8550766579569
Mobitel-076-6579570,Mobile,+8550766579570
Mobitel-076-6579571,Mobile,+8550766579571
Mobitel-076-6579572,Mobile,+8550766579572
Mobitel-076-6579573,Mobile,+8550766579573
Mobitel-076-6579574,Mobile,+8550766579574
Mobitel-076-6579575,Mobile,+8550766579575
Mobitel-076-6579576,Mobile,+8550766579576
Mobitel-076-6579577,Mobile,+8550766579577
Mobitel-076-6579578,Mobile,+8550766579578
Mobitel-076-6579579,Mobile,+8550766579579
Mobitel-076-6579580,Mobile,+8550766579580
Mobitel-076-6579581,Mobile,+8550766579581
Mobitel-076-6579582,Mobile,+8550766579582
Mobitel-076-6579583,Mobile,+8550766579583
Mobitel-076-6579584,Mobile,+8550766579584
Mobitel-076-6579585,Mobile,+8550766579585
Mobitel-076-6579586,Mobile,+8550766579586
Mobitel-076-6579587,Mobile,+8550766579587
Mobitel-076-6579588,Mobile,+8550766579588
Mobitel-076-6579589,Mobile,+8550766579589
Mobitel-076-6579590,Mobile,+8550766579590
Mobitel-076-6579591,Mobile,+8550766579591
Mobitel-076-6579592,Mobile,+8550766579592
Mobitel-076-6579593,Mobile,+8550766579593
Mobitel-076-6579594,Mobile,+8550766579594
Mobitel-076-6579595,Mobile,+8550766579595
Mobitel-076-6579596,Mobile,+8550766579596
Mobitel-076-6579597,Mobile,+8550766579597
Mobitel-076-6579598,Mobile,+8550766579598
Mobitel-076-6579599,Mobile,+8550766579599
Mobitel-076-6579600,Mobile,+8550766579600
Mobitel-076-6579601,Mobile,+8550766579601
Mobitel-076-6579602,Mobile,+8550766579602
Mobitel-076-6579603,Mobile,+8550766579603
Mobitel-076-6579604,Mobile,+8550766579604
Mobitel-076-6579605,Mobile,+8550766579605
Mobitel-076-6579606,Mobile,+8550766579606
Mobitel-076-6579607,Mobile,+8550766579607
Mobitel-076-6579608,Mobile,+8550766579608
Mobitel-076-6579609,Mobile,+8550766579609
Mobitel-076-6579610,Mobile,+8550766579610
Mobitel-076-6579611,Mobile,+8550766579611
Mobitel-076-6579612,Mobile,+8550766579612
Mobitel-076-6579613,Mobile,+8550766579613
Mobitel-076-6579614,Mobile,+8550766579614
Mobitel-076-6579615,Mobile,+8550766579615
Mobitel-076-6579616,Mobile,+8550766579616
Mobitel-076-6579617,Mobile,+8550766579617
Mobitel-076-6579618,Mobile,+8550766579618
Mobitel-076-6579619,Mobile,+8550766579619
Mobitel-076-6579620,Mobile,+8550766579620
Mobitel-076-6579621,Mobile,+8550766579621
Mobitel-076-6579622,Mobile,+8550766579622
Mobitel-076-6579623,Mobile,+8550766579623
Mobitel-076-6579624,Mobile,+8550766579624
Mobitel-076-6579625,Mobile,+8550766579625
Mobitel-076-6579626,Mobile,+8550766579626
Mobitel-076-6579627,Mobile,+8550766579627
Mobitel-076-6579628,Mobile,+8550766579628
Mobitel-076-6579629,Mobile,+8550766579629
Mobitel-076-6579630,Mobile,+8550766579630
Mobitel-076-6579631,Mobile,+8550766579631
Mobitel-076-6579632,Mobile,+8550766579632
Mobitel-076-6579633,Mobile,+8550766579633
Mobitel-076-6579634,Mobile,+8550766579634
Mobitel-076-6579635,Mobile,+8550766579635
Mobitel-076-6579636,Mobile,+8550766579636
Mobitel-076-6579637,Mobile,+8550766579637
Mobitel-076-6579638,Mobile,+8550766579638
Mobitel-076-6579639,Mobile,+8550766579639
Mobitel-076-6579640,Mobile,+8550766579640
Mobitel-076-6579641,Mobile,+8550766579641
Mobitel-076-6579642,Mobile,+8550766579642
Mobitel-076-6579643,Mobile,+8550766579643
Mobitel-076-6579644,Mobile,+8550766579644
Mobitel-076-6579645,Mobile,+8550766579645
Mobitel-076-6579646,Mobile,+8550766579646
Mobitel-076-6579647,Mobile,+8550766579647
Mobitel-076-6579648,Mobile,+8550766579648
Mobitel-076-6579649,Mobile,+8550766579649
Mobitel-076-6579650,Mobile,+8550766579650
Mobitel-076-6579651,Mobile,+8550766579651
Mobitel-076-6579652,Mobile,+8550766579652
Mobitel-076-6579653,Mobile,+8550766579653
Mobitel-076-6579654,Mobile,+8550766579654
Mobitel-076-6579655,Mobile,+8550766579655
Mobitel-076-6579656,Mobile,+8550766579656
Mobitel-076-6579657,Mobile,+8550766579657
Mobitel-076-6579658,Mobile,+8550766579658
Mobitel-076-6579659,Mobile,+8550766579659
Mobitel-076-6579660,Mobile,+8550766579660
Mobitel-076-6579661,Mobile,+8550766579661
Mobitel-076-6579662,Mobile,+8550766579662
Mobitel-076-6579663,Mobile,+8550766579663
Mobitel-076-6579664,Mobile,+8550766579664
Mobitel-076-6579665,Mobile,+8550766579665
Mobitel-076-6579666,Mobile,+8550766579666
Mobitel-076-6579667,Mobile,+8550766579667
Mobitel-076-6579668,Mobile,+8550766579668
Mobitel-076-6579669,Mobile,+8550766579669
Mobitel-076-6579670,Mobile,+8550766579670
Mobitel-076-6579671,Mobile,+8550766579671
Mobitel-076-6579672,Mobile,+8550766579672
Mobitel-076-6579673,Mobile,+8550766579673
Mobitel-076-6579674,Mobile,+8550766579674
Mobitel-076-6579675,Mobile,+8550766579675
Mobitel-076-6579676,Mobile,+8550766579676
Mobitel-076-6579677,Mobile,+8550766579677
Mobitel-076-6579678,Mobile,+8550766579678
Mobitel-076-6579679,Mobile,+8550766579679
Mobitel-076-6579680,Mobile,+8550766579680
Mobitel-076-6579681,Mobile,+8550766579681
Mobitel-076-6579682,Mobile,+8550766579682
Mobitel-076-6579683,Mobile,+8550766579683
Mobitel-076-6579684,Mobile,+8550766579684
Mobitel-076-6579685,Mobile,+8550766579685
Mobitel-076-6579686,Mobile,+8550766579686
Mobitel-076-6579687,Mobile,+8550766579687
Mobitel-076-6579688,Mobile,+8550766579688
Mobitel-076-6579689,Mobile,+8550766579689
Mobitel-076-6579690,Mobile,+8550766579690
Mobitel-076-6579691,Mobile,+8550766579691
Mobitel-076-6579692,Mobile,+8550766579692
Mobitel-076-6579693,Mobile,+8550766579693
Mobitel-076-6579694,Mobile,+8550766579694
Mobitel-076-6579695,Mobile,+8550766579695
Mobitel-076-6579696,Mobile,+8550766579696
Mobitel-076-6579697,Mobile,+8550766579697
Mobitel-076-6579698,Mobile,+8550766579698
Mobitel-076-6579699,Mobile,+8550766579699
Mobitel-076-6579700,Mobile,+8550766579700
Mobitel-076-6579701,Mobile,+8550766579701
Mobitel-076-6579702,Mobile,+8550766579702
Mobitel-076-6579703,Mobile,+8550766579703
Mobitel-076-6579704,Mobile,+8550766579704
Mobitel-076-6579705,Mobile,+8550766579705
Mobitel-076-6579706,Mobile,+8550766579706
Mobitel-076-6579707,Mobile,+8550766579707
Mobitel-076-6579708,Mobile,+8550766579708
Mobitel-076-6579709,Mobile,+8550766579709
Mobitel-076-6579710,Mobile,+8550766579710
Mobitel-076-6579711,Mobile,+8550766579711
Mobitel-076-6579712,Mobile,+8550766579712
Mobitel-076-6579713,Mobile,+8550766579713
Mobitel-076-6579714,Mobile,+8550766579714
Mobitel-076-6579715,Mobile,+8550766579715
Mobitel-076-6579716,Mobile,+8550766579716
Mobitel-076-6579717,Mobile,+8550766579717
Mobitel-076-6579718,Mobile,+8550766579718
Mobitel-076-6579719,Mobile,+8550766579719
Mobitel-076-6579720,Mobile,+8550766579720
Mobitel-076-6579721,Mobile,+8550766579721
Mobitel-076-6579722,Mobile,+8550766579722
Mobitel-076-6579723,Mobile,+8550766579723
Mobitel-076-6579724,Mobile,+8550766579724
Mobitel-076-6579725,Mobile,+8550766579725
Mobitel-076-6579726,Mobile,+8550766579726
Mobitel-076-6579727,Mobile,+8550766579727
Mobitel-076-6579728,Mobile,+8550766579728
Mobitel-076-6579729,Mobile,+8550766579729
Mobitel-076-6579730,Mobile,+8550766579730
Mobitel-076-6579731,Mobile,+8550766579731
Mobitel-076-6579732,Mobile,+8550766579732
Mobitel-076-6579733,Mobile,+8550766579733
Mobitel-076-6579734,Mobile,+8550766579734
Mobitel-076-6579735,Mobile,+8550766579735
Mobitel-076-6579736,Mobile,+8550766579736
Mobitel-076-6579737,Mobile,+8550766579737
Mobitel-076-6579738,Mobile,+8550766579738
Mobitel-076-6579739,Mobile,+8550766579739
Mobitel-076-6579740,Mobile,+8550766579740
Mobitel-076-6579741,Mobile,+8550766579741
Mobitel-076-6579742,Mobile,+8550766579742
Mobitel-076-6579743,Mobile,+8550766579743
Mobitel-076-6579744,Mobile,+8550766579744
Mobitel-076-6579745,Mobile,+8550766579745
Mobitel-076-6579746,Mobile,+8550766579746
Mobitel-076-6579747,Mobile,+8550766579747
Mobitel-076-6579748,Mobile,+8550766579748
Mobitel-076-6579749,Mobile,+8550766579749
Mobitel-076-6579750,Mobile,+8550766579750
Mobitel-076-6579751,Mobile,+8550766579751
Mobitel-076-6579752,Mobile,+8550766579752
Mobitel-076-6579753,Mobile,+8550766579753
Mobitel-076-6579754,Mobile,+8550766579754
Mobitel-076-6579755,Mobile,+8550766579755
Mobitel-076-6579756,Mobile,+8550766579756
Mobitel-076-6579757,Mobile,+8550766579757
Mobitel-076-6579758,Mobile,+8550766579758
Mobitel-076-6579759,Mobile,+8550766579759
Mobitel-076-6579760,Mobile,+8550766579760
Mobitel-076-6579761,Mobile,+8550766579761
Mobitel-076-6579762,Mobile,+8550766579762
Mobitel-076-6579763,Mobile,+8550766579763
Mobitel-076-6579764,Mobile,+8550766579764
Mobitel-076-6579765,Mobile,+8550766579765
Mobitel-076-6579766,Mobile,+8550766579766
Mobitel-076-6579767,Mobile,+8550766579767
Mobitel-076-6579768,Mobile,+8550766579768
Mobitel-076-6579769,Mobile,+8550766579769
Mobitel-076-6579770,Mobile,+8550766579770
Mobitel-076-6579771,Mobile,+8550766579771
Mobitel-076-6579772,Mobile,+8550766579772
Mobitel-076-6579773,Mobile,+8550766579773
Mobitel-076-6579774,Mobile,+8550766579774
Mobitel-076-6579775,Mobile,+8550766579775
Mobitel-076-6579776,Mobile,+8550766579776
Mobitel-076-6579777,Mobile,+8550766579777
Mobitel-076-6579778,Mobile,+8550766579778
Mobitel-076-6579779,Mobile,+8550766579779
Mobitel-076-6579780,Mobile,+8550766579780
Mobitel-076-6579781,Mobile,+8550766579781
Mobitel-076-6579782,Mobile,+8550766579782
Mobitel-076-6579783,Mobile,+8550766579783
Mobitel-076-6579784,Mobile,+8550766579784
Mobitel-076-6579785,Mobile,+8550766579785
Mobitel-076-6579786,Mobile,+8550766579786
Mobitel-076-6579787,Mobile,+8550766579787
Mobitel-076-6579788,Mobile,+8550766579788
Mobitel-076-6579789,Mobile,+8550766579789
Mobitel-076-6579790,Mobile,+8550766579790
Mobitel-076-6579791,Mobile,+8550766579791
Mobitel-076-6579792,Mobile,+8550766579792
Mobitel-076-6579793,Mobile,+8550766579793
Mobitel-076-6579794,Mobile,+8550766579794
Mobitel-076-6579795,Mobile,+8550766579795
Mobitel-076-6579796,Mobile,+8550766579796
Mobitel-076-6579797,Mobile,+8550766579797
Mobitel-076-6579798,Mobile,+8550766579798
Mobitel-076-6579799,Mobile,+8550766579799
Mobitel-076-6579800,Mobile,+8550766579800
Mobitel-076-6579801,Mobile,+8550766579801
Mobitel-076-6579802,Mobile,+8550766579802
Mobitel-076-6579803,Mobile,+8550766579803
Mobitel-076-6579804,Mobile,+8550766579804
Mobitel-076-6579805,Mobile,+8550766579805
Mobitel-076-6579806,Mobile,+8550766579806
Mobitel-076-6579807,Mobile,+8550766579807
Mobitel-076-6579808,Mobile,+8550766579808
Mobitel-076-6579809,Mobile,+8550766579809
Mobitel-076-6579810,Mobile,+8550766579810
Mobitel-076-6579811,Mobile,+8550766579811
Mobitel-076-6579812,Mobile,+8550766579812
Mobitel-076-6579813,Mobile,+8550766579813
Mobitel-076-6579814,Mobile,+8550766579814
Mobitel-076-6579815,Mobile,+8550766579815
Mobitel-076-6579816,Mobile,+8550766579816
Mobitel-076-6579817,Mobile,+8550766579817
Mobitel-076-6579818,Mobile,+8550766579818
Mobitel-076-6579819,Mobile,+8550766579819
Mobitel-076-6579820,Mobile,+8550766579820
Mobitel-076-6579821,Mobile,+8550766579821
Mobitel-076-6579822,Mobile,+8550766579822
Mobitel-076-6579823,Mobile,+8550766579823
Mobitel-076-6579824,Mobile,+8550766579824
Mobitel-076-6579825,Mobile,+8550766579825
Mobitel-076-6579826,Mobile,+8550766579826
Mobitel-076-6579827,Mobile,+8550766579827
Mobitel-076-6579828,Mobile,+8550766579828
Mobitel-076-6579829,Mobile,+8550766579829
Mobitel-076-6579830,Mobile,+8550766579830
Mobitel-076-6579831,Mobile,+8550766579831
Mobitel-076-6579832,Mobile,+8550766579832
Mobitel-076-6579833,Mobile,+8550766579833
Mobitel-076-6579834,Mobile,+8550766579834
Mobitel-076-6579835,Mobile,+8550766579835
Mobitel-076-6579836,Mobile,+8550766579836
Mobitel-076-6579837,Mobile,+8550766579837
Mobitel-076-6579838,Mobile,+8550766579838
Mobitel-076-6579839,Mobile,+8550766579839
Mobitel-076-6579840,Mobile,+8550766579840
Mobitel-076-6579841,Mobile,+8550766579841
Mobitel-076-6579842,Mobile,+8550766579842
Mobitel-076-6579843,Mobile,+8550766579843
Mobitel-076-6579844,Mobile,+8550766579844
Mobitel-076-6579845,Mobile,+8550766579845
Mobitel-076-6579846,Mobile,+8550766579846
Mobitel-076-6579847,Mobile,+8550766579847
Mobitel-076-6579848,Mobile,+8550766579848
Mobitel-076-6579849,Mobile,+8550766579849
Mobitel-076-6579850,Mobile,+8550766579850
Mobitel-076-6579851,Mobile,+8550766579851
Mobitel-076-6579852,Mobile,+8550766579852
Mobitel-076-6579853,Mobile,+8550766579853
Mobitel-076-6579854,Mobile,+8550766579854
Mobitel-076-6579855,Mobile,+8550766579855
Mobitel-076-6579856,Mobile,+8550766579856
Mobitel-076-6579857,Mobile,+8550766579857
Mobitel-076-6579858,Mobile,+8550766579858
Mobitel-076-6579859,Mobile,+8550766579859
Mobitel-076-6579860,Mobile,+8550766579860
Mobitel-076-6579861,Mobile,+8550766579861
Mobitel-076-6579862,Mobile,+8550766579862
Mobitel-076-6579863,Mobile,+8550766579863
Mobitel-076-6579864,Mobile,+8550766579864
Mobitel-076-6579865,Mobile,+8550766579865
Mobitel-076-6579866,Mobile,+8550766579866
Mobitel-076-6579867,Mobile,+8550766579867
Mobitel-076-6579868,Mobile,+8550766579868
Mobitel-076-6579869,Mobile,+8550766579869
Mobitel-076-6579870,Mobile,+8550766579870
Mobitel-076-6579871,Mobile,+8550766579871
Mobitel-076-6579872,Mobile,+8550766579872
Mobitel-076-6579873,Mobile,+8550766579873
Mobitel-076-6579874,Mobile,+8550766579874
Mobitel-076-6579875,Mobile,+8550766579875
Mobitel-076-6579876,Mobile,+8550766579876
Mobitel-076-6579877,Mobile,+8550766579877
Mobitel-076-6579878,Mobile,+8550766579878
Mobitel-076-6579879,Mobile,+8550766579879
Mobitel-076-6579880,Mobile,+8550766579880
Mobitel-076-6579881,Mobile,+8550766579881
Mobitel-076-6579882,Mobile,+8550766579882
Mobitel-076-6579883,Mobile,+8550766579883
Mobitel-076-6579884,Mobile,+8550766579884
Mobitel-076-6579885,Mobile,+8550766579885
Mobitel-076-6579886,Mobile,+8550766579886
Mobitel-076-6579887,Mobile,+8550766579887
Mobitel-076-6579888,Mobile,+8550766579888
Mobitel-076-6579889,Mobile,+8550766579889
Mobitel-076-6579890,Mobile,+8550766579890
Mobitel-076-6579891,Mobile,+8550766579891
Mobitel-076-6579892,Mobile,+8550766579892
Mobitel-076-6579893,Mobile,+8550766579893
Mobitel-076-6579894,Mobile,+8550766579894
Mobitel-076-6579895,Mobile,+8550766579895
Mobitel-076-6579896,Mobile,+8550766579896
Mobitel-076-6579897,Mobile,+8550766579897
Mobitel-076-6579898,Mobile,+8550766579898
Mobitel-076-6579899,Mobile,+8550766579899
Mobitel-076-6579900,Mobile,+8550766579900
Mobitel-076-6579901,Mobile,+8550766579901
Mobitel-076-6579902,Mobile,+8550766579902
Mobitel-076-6579903,Mobile,+8550766579903
Mobitel-076-6579904,Mobile,+8550766579904
Mobitel-076-6579905,Mobile,+8550766579905
Mobitel-076-6579906,Mobile,+8550766579906
Mobitel-076-6579907,Mobile,+8550766579907
Mobitel-076-6579908,Mobile,+8550766579908
Mobitel-076-6579909,Mobile,+8550766579909
Mobitel-076-6579910,Mobile,+8550766579910
Mobitel-076-6579911,Mobile,+8550766579911
Mobitel-076-6579912,Mobile,+8550766579912
Mobitel-076-6579913,Mobile,+8550766579913
Mobitel-076-6579914,Mobile,+8550766579914
Mobitel-076-6579915,Mobile,+8550766579915
Mobitel-076-6579916,Mobile,+8550766579916
Mobitel-076-6579917,Mobile,+8550766579917
Mobitel-076-6579918,Mobile,+8550766579918
Mobitel-076-6579919,Mobile,+8550766579919
Mobitel-076-6579920,Mobile,+8550766579920
Mobitel-076-6579921,Mobile,+8550766579921
Mobitel-076-6579922,Mobile,+8550766579922
Mobitel-076-6579923,Mobile,+8550766579923
Mobitel-076-6579924,Mobile,+8550766579924
Mobitel-076-6579925,Mobile,+8550766579925
Mobitel-076-6579926,Mobile,+8550766579926
Mobitel-076-6579927,Mobile,+8550766579927
Mobitel-076-6579928,Mobile,+8550766579928
Mobitel-076-6579929,Mobile,+8550766579929
Mobitel-076-6579930,Mobile,+8550766579930
Mobitel-076-6579931,Mobile,+8550766579931
Mobitel-076-6579932,Mobile,+8550766579932
Mobitel-076-6579933,Mobile,+8550766579933
Mobitel-076-6579934,Mobile,+8550766579934
Mobitel-076-6579935,Mobile,+8550766579935
Mobitel-076-6579936,Mobile,+8550766579936
Mobitel-076-6579937,Mobile,+8550766579937
Mobitel-076-6579938,Mobile,+8550766579938
Mobitel-076-6579939,Mobile,+8550766579939
Mobitel-076-6579940,Mobile,+8550766579940
Mobitel-076-6579941,Mobile,+8550766579941
Mobitel-076-6579942,Mobile,+8550766579942
Mobitel-076-6579943,Mobile,+8550766579943
Mobitel-076-6579944,Mobile,+8550766579944
Mobitel-076-6579945,Mobile,+8550766579945
Mobitel-076-6579946,Mobile,+8550766579946
Mobitel-076-6579947,Mobile,+8550766579947
Mobitel-076-6579948,Mobile,+8550766579948
Mobitel-076-6579949,Mobile,+8550766579949
Mobitel-076-6579950,Mobile,+8550766579950
Mobitel-076-6579951,Mobile,+8550766579951
Mobitel-076-6579952,Mobile,+8550766579952
Mobitel-076-6579953,Mobile,+8550766579953
Mobitel-076-6579954,Mobile,+8550766579954
Mobitel-076-6579955,Mobile,+8550766579955
Mobitel-076-6579956,Mobile,+8550766579956
Mobitel-076-6579957,Mobile,+8550766579957
Mobitel-076-6579958,Mobile,+8550766579958
Mobitel-076-6579959,Mobile,+8550766579959
Mobitel-076-6579960,Mobile,+8550766579960
Mobitel-076-6579961,Mobile,+8550766579961
Mobitel-076-6579962,Mobile,+8550766579962
Mobitel-076-6579963,Mobile,+8550766579963
Mobitel-076-6579964,Mobile,+8550766579964
Mobitel-076-6579965,Mobile,+8550766579965
Mobitel-076-6579966,Mobile,+8550766579966
Mobitel-076-6579967,Mobile,+8550766579967
Mobitel-076-6579968,Mobile,+8550766579968
Mobitel-076-6579969,Mobile,+8550766579969
Mobitel-076-6579970,Mobile,+8550766579970
Mobitel-076-6579971,Mobile,+8550766579971
Mobitel-076-6579972,Mobile,+8550766579972
Mobitel-076-6579973,Mobile,+8550766579973
Mobitel-076-6579974,Mobile,+8550766579974
Mobitel-076-6579975,Mobile,+8550766579975
Mobitel-076-6579976,Mobile,+8550766579976
Mobitel-076-6579977,Mobile,+8550766579977
Mobitel-076-6579978,Mobile,+8550766579978
Mobitel-076-6579979,Mobile,+8550766579979
Mobitel-076-6579980,Mobile,+8550766579980
Mobitel-076-6579981,Mobile,+8550766579981
Mobitel-076-6579982,Mobile,+8550766579982
Mobitel-076-6579983,Mobile,+8550766579983
Mobitel-076-6579984,Mobile,+8550766579984
Mobitel-076-6579985,Mobile,+8550766579985
Mobitel-076-6579986,Mobile,+8550766579986
Mobitel-076-6579987,Mobile,+8550766579987
Mobitel-076-6579988,Mobile,+8550766579988
Mobitel-076-6579989,Mobile,+8550766579989
Mobitel-076-6579990,Mobile,+8550766579990
Mobitel-076-6579991,Mobile,+8550766579991
Mobitel-076-6579992,Mobile,+8550766579992
Mobitel-076-6579993,Mobile,+8550766579993
Mobitel-076-6579994,Mobile,+8550766579994
Mobitel-076-6579995,Mobile,+8550766579995
Mobitel-076-6579996,Mobile,+8550766579996
Mobitel-076-6579997,Mobile,+8550766579997
Mobitel-076-6579998,Mobile,+8550766579998
Mobitel-076-6579999,Mobile,+8550766579999
Mobitel-076-6580000,Mobile,+8550766580000
Mobitel-076-6580001,Mobile,+8550766580001
Mobitel-076-6580002,Mobile,+8550766580002
Mobitel-076-6580003,Mobile,+8550766580003
Mobitel-076-6580004,Mobile,+8550766580004
Mobitel-076-6580005,Mobile,+8550766580005
Mobitel-076-6580006,Mobile,+8550766580006
Mobitel-076-6580007,Mobile,+8550766580007
Mobitel-076-6580008,Mobile,+8550766580008
Mobitel-076-6580009,Mobile,+8550766580009
Mobitel-076-6580010,Mobile,+8550766580010
Mobitel-076-6580011,Mobile,+8550766580011
Mobitel-076-6580012,Mobile,+8550766580012
Mobitel-076-6580013,Mobile,+8550766580013
Mobitel-076-6580014,Mobile,+8550766580014
Mobitel-076-6580015,Mobile,+8550766580015
Mobitel-076-6580016,Mobile,+8550766580016
Mobitel-076-6580017,Mobile,+8550766580017
Mobitel-076-6580018,Mobile,+8550766580018
Mobitel-076-6580019,Mobile,+8550766580019
Mobitel-076-6580020,Mobile,+8550766580020
Mobitel-076-6580021,Mobile,+8550766580021
Mobitel-076-6580022,Mobile,+8550766580022
Mobitel-076-6580023,Mobile,+8550766580023
Mobitel-076-6580024,Mobile,+8550766580024
Mobitel-076-6580025,Mobile,+8550766580025
Mobitel-076-6580026,Mobile,+8550766580026
Mobitel-076-6580027,Mobile,+8550766580027
Mobitel-076-6580028,Mobile,+8550766580028
Mobitel-076-6580029,Mobile,+8550766580029
Mobitel-076-6580030,Mobile,+8550766580030
Mobitel-076-6580031,Mobile,+8550766580031
Mobitel-076-6580032,Mobile,+8550766580032
Mobitel-076-6580033,Mobile,+8550766580033
Mobitel-076-6580034,Mobile,+8550766580034
Mobitel-076-6580035,Mobile,+8550766580035
Mobitel-076-6580036,Mobile,+8550766580036
Mobitel-076-6580037,Mobile,+8550766580037
Mobitel-076-6580038,Mobile,+8550766580038
Mobitel-076-6580039,Mobile,+8550766580039
Mobitel-076-6580040,Mobile,+8550766580040
Mobitel-076-6580041,Mobile,+8550766580041
Mobitel-076-6580042,Mobile,+8550766580042
Mobitel-076-6580043,Mobile,+8550766580043
Mobitel-076-6580044,Mobile,+8550766580044
Mobitel-076-6580045,Mobile,+8550766580045
Mobitel-076-6580046,Mobile,+8550766580046
Mobitel-076-6580047,Mobile,+8550766580047
Mobitel-076-6580048,Mobile,+8550766580048
Mobitel-076-6580049,Mobile,+8550766580049
Mobitel-076-6580050,Mobile,+8550766580050
Mobitel-076-6580051,Mobile,+8550766580051
Mobitel-076-6580052,Mobile,+8550766580052
Mobitel-076-6580053,Mobile,+8550766580053
Mobitel-076-6580054,Mobile,+8550766580054
Mobitel-076-6580055,Mobile,+8550766580055
Mobitel-076-6580056,Mobile,+8550766580056
Mobitel-076-6580057,Mobile,+8550766580057
Mobitel-076-6580058,Mobile,+8550766580058
Mobitel-076-6580059,Mobile,+8550766580059
Mobitel-076-6580060,Mobile,+8550766580060
Mobitel-076-6580061,Mobile,+8550766580061
Mobitel-076-6580062,Mobile,+8550766580062
Mobitel-076-6580063,Mobile,+8550766580063
Mobitel-076-6580064,Mobile,+8550766580064
Mobitel-076-6580065,Mobile,+8550766580065
Mobitel-076-6580066,Mobile,+8550766580066
Mobitel-076-6580067,Mobile,+8550766580067
Mobitel-076-6580068,Mobile,+8550766580068
Mobitel-076-6580069,Mobile,+8550766580069
Mobitel-076-6580070,Mobile,+8550766580070
Mobitel-076-6580071,Mobile,+8550766580071
Mobitel-076-6580072,Mobile,+8550766580072
Mobitel-076-6580073,Mobile,+8550766580073
Mobitel-076-6580074,Mobile,+8550766580074
Mobitel-076-6580075,Mobile,+8550766580075
Mobitel-076-6580076,Mobile,+8550766580076
Mobitel-076-6580077,Mobile,+8550766580077
Mobitel-076-6580078,Mobile,+8550766580078
Mobitel-076-6580079,Mobile,+8550766580079
Mobitel-076-6580080,Mobile,+8550766580080
Mobitel-076-6580081,Mobile,+8550766580081
Mobitel-076-6580082,Mobile,+8550766580082
Mobitel-076-6580083,Mobile,+8550766580083
Mobitel-076-6580084,Mobile,+8550766580084
Mobitel-076-6580085,Mobile,+8550766580085
Mobitel-076-6580086,Mobile,+8550766580086
Mobitel-076-6580087,Mobile,+8550766580087
Mobitel-076-6580088,Mobile,+8550766580088
Mobitel-076-6580089,Mobile,+8550766580089
Mobitel-076-6580090,Mobile,+8550766580090
Mobitel-076-6580091,Mobile,+8550766580091
Mobitel-076-6580092,Mobile,+8550766580092
Mobitel-076-6580093,Mobile,+8550766580093
Mobitel-076-6580094,Mobile,+8550766580094
Mobitel-076-6580095,Mobile,+8550766580095
Mobitel-076-6580096,Mobile,+8550766580096
Mobitel-076-6580097,Mobile,+8550766580097
Mobitel-076-6580098,Mobile,+8550766580098
Mobitel-076-6580099,Mobile,+8550766580099
Mobitel-076-6580100,Mobile,+8550766580100
Mobitel-076-6580101,Mobile,+8550766580101
Mobitel-076-6580102,Mobile,+8550766580102
Mobitel-076-6580103,Mobile,+8550766580103
Mobitel-076-6580104,Mobile,+8550766580104
Mobitel-076-6580105,Mobile,+8550766580105
Mobitel-076-6580106,Mobile,+8550766580106
Mobitel-076-6580107,Mobile,+8550766580107
Mobitel-076-6580108,Mobile,+8550766580108
Mobitel-076-6580109,Mobile,+8550766580109
Mobitel-076-6580110,Mobile,+8550766580110
Mobitel-076-6580111,Mobile,+8550766580111
Mobitel-076-6580112,Mobile,+8550766580112
Mobitel-076-6580113,Mobile,+8550766580113
Mobitel-076-6580114,Mobile,+8550766580114
Mobitel-076-6580115,Mobile,+8550766580115
Mobitel-076-6580116,Mobile,+8550766580116
Mobitel-076-6580117,Mobile,+8550766580117
Mobitel-076-6580118,Mobile,+8550766580118
Mobitel-076-6580119,Mobile,+8550766580119
Mobitel-076-6580120,Mobile,+8550766580120
Mobitel-076-6580121,Mobile,+8550766580121
Mobitel-076-6580122,Mobile,+8550766580122
Mobitel-076-6580123,Mobile,+8550766580123
Mobitel-076-6580124,Mobile,+8550766580124
Mobitel-076-6580125,Mobile,+8550766580125
Mobitel-076-6580126,Mobile,+8550766580126
Mobitel-076-6580127,Mobile,+8550766580127
Mobitel-076-6580128,Mobile,+8550766580128
Mobitel-076-6580129,Mobile,+8550766580129
Mobitel-076-6580130,Mobile,+8550766580130
Mobitel-076-6580131,Mobile,+8550766580131
Mobitel-076-6580132,Mobile,+8550766580132
Mobitel-076-6580133,Mobile,+8550766580133
Mobitel-076-6580134,Mobile,+8550766580134
Mobitel-076-6580135,Mobile,+8550766580135
Mobitel-076-6580136,Mobile,+8550766580136
Mobitel-076-6580137,Mobile,+8550766580137
Mobitel-076-6580138,Mobile,+8550766580138
Mobitel-076-6580139,Mobile,+8550766580139
Mobitel-076-6580140,Mobile,+8550766580140
Mobitel-076-6580141,Mobile,+8550766580141
Mobitel-076-6580142,Mobile,+8550766580142
Mobitel-076-6580143,Mobile,+8550766580143
Mobitel-076-6580144,Mobile,+8550766580144
Mobitel-076-6580145,Mobile,+8550766580145
Mobitel-076-6580146,Mobile,+8550766580146
Mobitel-076-6580147,Mobile,+8550766580147
Mobitel-076-6580148,Mobile,+8550766580148
Mobitel-076-6580149,Mobile,+8550766580149
Mobitel-076-6580150,Mobile,+8550766580150
Mobitel-076-6580151,Mobile,+8550766580151
Mobitel-076-6580152,Mobile,+8550766580152
Mobitel-076-6580153,Mobile,+8550766580153
Mobitel-076-6580154,Mobile,+8550766580154
Mobitel-076-6580155,Mobile,+8550766580155
Mobitel-076-6580156,Mobile,+8550766580156
Mobitel-076-6580157,Mobile,+8550766580157
Mobitel-076-6580158,Mobile,+8550766580158
Mobitel-076-6580159,Mobile,+8550766580159
Mobitel-076-6580160,Mobile,+8550766580160
Mobitel-076-6580161,Mobile,+8550766580161
Mobitel-076-6580162,Mobile,+8550766580162
Mobitel-076-6580163,Mobile,+8550766580163
Mobitel-076-6580164,Mobile,+8550766580164
Mobitel-076-6580165,Mobile,+8550766580165
Mobitel-076-6580166,Mobile,+8550766580166
Mobitel-076-6580167,Mobile,+8550766580167
Mobitel-076-6580168,Mobile,+8550766580168
Mobitel-076-6580169,Mobile,+8550766580169
Mobitel-076-6580170,Mobile,+8550766580170
Mobitel-076-6580171,Mobile,+8550766580171
Mobitel-076-6580172,Mobile,+8550766580172
Mobitel-076-6580173,Mobile,+8550766580173
Mobitel-076-6580174,Mobile,+8550766580174
Mobitel-076-6580175,Mobile,+8550766580175
Mobitel-076-6580176,Mobile,+8550766580176
Mobitel-076-6580177,Mobile,+8550766580177
Mobitel-076-6580178,Mobile,+8550766580178
Mobitel-076-6580179,Mobile,+8550766580179
Mobitel-076-6580180,Mobile,+8550766580180
Mobitel-076-6580181,Mobile,+8550766580181
Mobitel-076-6580182,Mobile,+8550766580182
Mobitel-076-6580183,Mobile,+8550766580183
Mobitel-076-6580184,Mobile,+8550766580184
Mobitel-076-6580185,Mobile,+8550766580185
Mobitel-076-6580186,Mobile,+8550766580186
Mobitel-076-6580187,Mobile,+8550766580187
Mobitel-076-6580188,Mobile,+8550766580188
Mobitel-076-6580189,Mobile,+8550766580189
Mobitel-076-6580190,Mobile,+8550766580190
Mobitel-076-6580191,Mobile,+8550766580191
Mobitel-076-6580192,Mobile,+8550766580192
Mobitel-076-6580193,Mobile,+8550766580193
Mobitel-076-6580194,Mobile,+8550766580194
Mobitel-076-6580195,Mobile,+8550766580195
Mobitel-076-6580196,Mobile,+8550766580196
Mobitel-076-6580197,Mobile,+8550766580197
Mobitel-076-6580198,Mobile,+8550766580198
Mobitel-076-6580199,Mobile,+8550766580199
Mobitel-076-6580200,Mobile,+8550766580200
Mobitel-076-6580201,Mobile,+8550766580201
Mobitel-076-6580202,Mobile,+8550766580202
Mobitel-076-6580203,Mobile,+8550766580203
Mobitel-076-6580204,Mobile,+8550766580204
Mobitel-076-6580205,Mobile,+8550766580205
Mobitel-076-6580206,Mobile,+8550766580206
Mobitel-076-6580207,Mobile,+8550766580207
Mobitel-076-6580208,Mobile,+8550766580208
Mobitel-076-6580209,Mobile,+8550766580209
Mobitel-076-6580210,Mobile,+8550766580210
Mobitel-076-6580211,Mobile,+8550766580211
Mobitel-076-6580212,Mobile,+8550766580212
Mobitel-076-6580213,Mobile,+8550766580213
Mobitel-076-6580214,Mobile,+8550766580214
Mobitel-076-6580215,Mobile,+8550766580215
Mobitel-076-6580216,Mobile,+8550766580216
Mobitel-076-6580217,Mobile,+8550766580217
Mobitel-076-6580218,Mobile,+8550766580218
Mobitel-076-6580219,Mobile,+8550766580219
Mobitel-076-6580220,Mobile,+8550766580220
Mobitel-076-6580221,Mobile,+8550766580221
Mobitel-076-6580222,Mobile,+8550766580222
Mobitel-076-6580223,Mobile,+8550766580223
Mobitel-076-6580224,Mobile,+8550766580224
Mobitel-076-6580225,Mobile,+8550766580225
Mobitel-076-6580226,Mobile,+8550766580226
Mobitel-076-6580227,Mobile,+8550766580227
Mobitel-076-6580228,Mobile,+8550766580228
Mobitel-076-6580229,Mobile,+8550766580229
Mobitel-076-6580230,Mobile,+8550766580230
Mobitel-076-6580231,Mobile,+8550766580231
Mobitel-076-6580232,Mobile,+8550766580232
Mobitel-076-6580233,Mobile,+8550766580233
Mobitel-076-6580234,Mobile,+8550766580234
Mobitel-076-6580235,Mobile,+8550766580235
Mobitel-076-6580236,Mobile,+8550766580236
Mobitel-076-6580237,Mobile,+8550766580237
Mobitel-076-6580238,Mobile,+8550766580238
Mobitel-076-6580239,Mobile,+8550766580239
Mobitel-076-6580240,Mobile,+8550766580240
Mobitel-076-6580241,Mobile,+8550766580241
Mobitel-076-6580242,Mobile,+8550766580242
Mobitel-076-6580243,Mobile,+8550766580243
Mobitel-076-6580244,Mobile,+8550766580244
Mobitel-076-6580245,Mobile,+8550766580245
Mobitel-076-6580246,Mobile,+8550766580246
Mobitel-076-6580247,Mobile,+8550766580247
Mobitel-076-6580248,Mobile,+8550766580248
Mobitel-076-6580249,Mobile,+8550766580249
Mobitel-076-6580250,Mobile,+8550766580250
Mobitel-076-6580251,Mobile,+8550766580251
Mobitel-076-6580252,Mobile,+8550766580252
Mobitel-076-6580253,Mobile,+8550766580253
Mobitel-076-6580254,Mobile,+8550766580254
Mobitel-076-6580255,Mobile,+8550766580255
Mobitel-076-6580256,Mobile,+8550766580256
Mobitel-076-6580257,Mobile,+8550766580257
Mobitel-076-6580258,Mobile,+8550766580258
Mobitel-076-6580259,Mobile,+8550766580259
Mobitel-076-6580260,Mobile,+8550766580260
Mobitel-076-6580261,Mobile,+8550766580261
Mobitel-076-6580262,Mobile,+8550766580262
Mobitel-076-6580263,Mobile,+8550766580263
Mobitel-076-6580264,Mobile,+8550766580264
Mobitel-076-6580265,Mobile,+8550766580265
Mobitel-076-6580266,Mobile,+8550766580266
Mobitel-076-6580267,Mobile,+8550766580267
Mobitel-076-6580268,Mobile,+8550766580268
Mobitel-076-6580269,Mobile,+8550766580269
Mobitel-076-6580270,Mobile,+8550766580270
Mobitel-076-6580271,Mobile,+8550766580271
Mobitel-076-6580272,Mobile,+8550766580272
Mobitel-076-6580273,Mobile,+8550766580273
Mobitel-076-6580274,Mobile,+8550766580274
Mobitel-076-6580275,Mobile,+8550766580275
Mobitel-076-6580276,Mobile,+8550766580276
Mobitel-076-6580277,Mobile,+8550766580277
Mobitel-076-6580278,Mobile,+8550766580278
Mobitel-076-6580279,Mobile,+8550766580279
Mobitel-076-6580280,Mobile,+8550766580280
Mobitel-076-6580281,Mobile,+8550766580281
Mobitel-076-6580282,Mobile,+8550766580282
Mobitel-076-6580283,Mobile,+8550766580283
Mobitel-076-6580284,Mobile,+8550766580284
Mobitel-076-6580285,Mobile,+8550766580285
Mobitel-076-6580286,Mobile,+8550766580286
Mobitel-076-6580287,Mobile,+8550766580287
Mobitel-076-6580288,Mobile,+8550766580288
Mobitel-076-6580289,Mobile,+8550766580289
Mobitel-076-6580290,Mobile,+8550766580290
Mobitel-076-6580291,Mobile,+8550766580291
Mobitel-076-6580292,Mobile,+8550766580292
Mobitel-076-6580293,Mobile,+8550766580293
Mobitel-076-6580294,Mobile,+8550766580294
Mobitel-076-6580295,Mobile,+8550766580295
Mobitel-076-6580296,Mobile,+8550766580296
Mobitel-076-6580297,Mobile,+8550766580297
Mobitel-076-6580298,Mobile,+8550766580298
Mobitel-076-6580299,Mobile,+8550766580299
Mobitel-076-6580300,Mobile,+8550766580300
Mobitel-076-6580301,Mobile,+8550766580301
Mobitel-076-6580302,Mobile,+8550766580302
Mobitel-076-6580303,Mobile,+8550766580303
Mobitel-076-6580304,Mobile,+8550766580304
Mobitel-076-6580305,Mobile,+8550766580305
Mobitel-076-6580306,Mobile,+8550766580306
Mobitel-076-6580307,Mobile,+8550766580307
Mobitel-076-6580308,Mobile,+8550766580308
Mobitel-076-6580309,Mobile,+8550766580309
Mobitel-076-6580310,Mobile,+8550766580310
Mobitel-076-6580311,Mobile,+8550766580311
Mobitel-076-6580312,Mobile,+8550766580312
Mobitel-076-6580313,Mobile,+8550766580313
Mobitel-076-6580314,Mobile,+8550766580314
Mobitel-076-6580315,Mobile,+8550766580315
Mobitel-076-6580316,Mobile,+8550766580316
Mobitel-076-6580317,Mobile,+8550766580317
Mobitel-076-6580318,Mobile,+8550766580318
Mobitel-076-6580319,Mobile,+8550766580319
Mobitel-076-6580320,Mobile,+8550766580320
Mobitel-076-6580321,Mobile,+8550766580321
Mobitel-076-6580322,Mobile,+8550766580322
Mobitel-076-6580323,Mobile,+8550766580323
Mobitel-076-6580324,Mobile,+8550766580324
Mobitel-076-6580325,Mobile,+8550766580325
Mobitel-076-6580326,Mobile,+8550766580326
Mobitel-076-6580327,Mobile,+8550766580327
Mobitel-076-6580328,Mobile,+8550766580328
Mobitel-076-6580329,Mobile,+8550766580329
Mobitel-076-6580330,Mobile,+8550766580330
Mobitel-076-6580331,Mobile,+8550766580331
Mobitel-076-6580332,Mobile,+8550766580332
Mobitel-076-6580333,Mobile,+8550766580333
Mobitel-076-6580334,Mobile,+8550766580334
Mobitel-076-6580335,Mobile,+8550766580335
Mobitel-076-6580336,Mobile,+8550766580336
Mobitel-076-6580337,Mobile,+8550766580337
Mobitel-076-6580338,Mobile,+8550766580338
Mobitel-076-6580339,Mobile,+8550766580339
Mobitel-076-6580340,Mobile,+8550766580340
Mobitel-076-6580341,Mobile,+8550766580341
Mobitel-076-6580342,Mobile,+8550766580342
Mobitel-076-6580343,Mobile,+8550766580343
Mobitel-076-6580344,Mobile,+8550766580344
Mobitel-076-6580345,Mobile,+8550766580345
Mobitel-076-6580346,Mobile,+8550766580346
Mobitel-076-6580347,Mobile,+8550766580347
Mobitel-076-6580348,Mobile,+8550766580348
Mobitel-076-6580349,Mobile,+8550766580349
Mobitel-076-6580350,Mobile,+8550766580350
Mobitel-076-6580351,Mobile,+8550766580351
Mobitel-076-6580352,Mobile,+8550766580352
Mobitel-076-6580353,Mobile,+8550766580353
Mobitel-076-6580354,Mobile,+8550766580354
Mobitel-076-6580355,Mobile,+8550766580355
Mobitel-076-6580356,Mobile,+8550766580356
Mobitel-076-6580357,Mobile,+8550766580357
Mobitel-076-6580358,Mobile,+8550766580358
Mobitel-076-6580359,Mobile,+8550766580359
Mobitel-076-6580360,Mobile,+8550766580360
Mobitel-076-6580361,Mobile,+8550766580361
Mobitel-076-6580362,Mobile,+8550766580362
Mobitel-076-6580363,Mobile,+8550766580363
Mobitel-076-6580364,Mobile,+8550766580364
Mobitel-076-6580365,Mobile,+8550766580365
Mobitel-076-6580366,Mobile,+8550766580366
Mobitel-076-6580367,Mobile,+8550766580367
Mobitel-076-6580368,Mobile,+8550766580368
Mobitel-076-6580369,Mobile,+8550766580369
Mobitel-076-6580370,Mobile,+8550766580370
Mobitel-076-6580371,Mobile,+8550766580371
Mobitel-076-6580372,Mobile,+8550766580372
Mobitel-076-6580373,Mobile,+8550766580373
Mobitel-076-6580374,Mobile,+8550766580374
Mobitel-076-6580375,Mobile,+8550766580375
Mobitel-076-6580376,Mobile,+8550766580376
Mobitel-076-6580377,Mobile,+8550766580377
Mobitel-076-6580378,Mobile,+8550766580378
Mobitel-076-6580379,Mobile,+8550766580379
Mobitel-076-6580380,Mobile,+8550766580380
Mobitel-076-6580381,Mobile,+8550766580381
Mobitel-076-6580382,Mobile,+8550766580382
Mobitel-076-6580383,Mobile,+8550766580383
Mobitel-076-6580384,Mobile,+8550766580384
Mobitel-076-6580385,Mobile,+8550766580385
Mobitel-076-6580386,Mobile,+8550766580386
Mobitel-076-6580387,Mobile,+8550766580387
Mobitel-076-6580388,Mobile,+8550766580388
Mobitel-076-6580389,Mobile,+8550766580389
Mobitel-076-6580390,Mobile,+8550766580390
Mobitel-076-6580391,Mobile,+8550766580391
Mobitel-076-6580392,Mobile,+8550766580392
Mobitel-076-6580393,Mobile,+8550766580393
Mobitel-076-6580394,Mobile,+8550766580394
Mobitel-076-6580395,Mobile,+8550766580395
Mobitel-076-6580396,Mobile,+8550766580396
Mobitel-076-6580397,Mobile,+8550766580397
Mobitel-076-6580398,Mobile,+8550766580398
Mobitel-076-6580399,Mobile,+8550766580399
Mobitel-076-6580400,Mobile,+8550766580400
Mobitel-076-6580401,Mobile,+8550766580401
Mobitel-076-6580402,Mobile,+8550766580402
Mobitel-076-6580403,Mobile,+8550766580403
Mobitel-076-6580404,Mobile,+8550766580404
Mobitel-076-6580405,Mobile,+8550766580405
Mobitel-076-6580406,Mobile,+8550766580406
Mobitel-076-6580407,Mobile,+8550766580407
Mobitel-076-6580408,Mobile,+8550766580408
Mobitel-076-6580409,Mobile,+8550766580409
Mobitel-076-6580410,Mobile,+8550766580410
Mobitel-076-6580411,Mobile,+8550766580411
Mobitel-076-6580412,Mobile,+8550766580412
Mobitel-076-6580413,Mobile,+8550766580413
Mobitel-076-6580414,Mobile,+8550766580414
Mobitel-076-6580415,Mobile,+8550766580415
Mobitel-076-6580416,Mobile,+8550766580416
Mobitel-076-6580417,Mobile,+8550766580417
Mobitel-076-6580418,Mobile,+8550766580418
Mobitel-076-6580419,Mobile,+8550766580419
Mobitel-076-6580420,Mobile,+8550766580420
Mobitel-076-6580421,Mobile,+8550766580421
Mobitel-076-6580422,Mobile,+8550766580422
Mobitel-076-6580423,Mobile,+8550766580423
Mobitel-076-6580424,Mobile,+8550766580424
Mobitel-076-6580425,Mobile,+8550766580425
Mobitel-076-6580426,Mobile,+8550766580426
Mobitel-076-6580427,Mobile,+8550766580427
Mobitel-076-6580428,Mobile,+8550766580428
Mobitel-076-6580429,Mobile,+8550766580429
Mobitel-076-6580430,Mobile,+8550766580430
Mobitel-076-6580431,Mobile,+8550766580431
Mobitel-076-6580432,Mobile,+8550766580432
Mobitel-076-6580433,Mobile,+8550766580433
Mobitel-076-6580434,Mobile,+8550766580434
Mobitel-076-6580435,Mobile,+8550766580435
Mobitel-076-6580436,Mobile,+8550766580436
Mobitel-076-6580437,Mobile,+8550766580437
Mobitel-076-6580438,Mobile,+8550766580438
Mobitel-076-6580439,Mobile,+8550766580439
Mobitel-076-6580440,Mobile,+8550766580440
Mobitel-076-6580441,Mobile,+8550766580441
Mobitel-076-6580442,Mobile,+8550766580442
Mobitel-076-6580443,Mobile,+8550766580443
Mobitel-076-6580444,Mobile,+8550766580444
Mobitel-076-6580445,Mobile,+8550766580445
Mobitel-076-6580446,Mobile,+8550766580446
Mobitel-076-6580447,Mobile,+8550766580447
Mobitel-076-6580448,Mobile,+8550766580448
Mobitel-076-6580449,Mobile,+8550766580449
Mobitel-076-6580450,Mobile,+8550766580450
Mobitel-076-6580451,Mobile,+8550766580451
Mobitel-076-6580452,Mobile,+8550766580452
Mobitel-076-6580453,Mobile,+8550766580453
Mobitel-076-6580454,Mobile,+8550766580454
Mobitel-076-6580455,Mobile,+8550766580455
Mobitel-076-6580456,Mobile,+8550766580456
Mobitel-076-6580457,Mobile,+8550766580457
Mobitel-076-6580458,Mobile,+8550766580458
Mobitel-076-6580459,Mobile,+8550766580459
Mobitel-076-6580460,Mobile,+8550766580460
Mobitel-076-6580461,Mobile,+8550766580461
Mobitel-076-6580462,Mobile,+8550766580462
Mobitel-076-6580463,Mobile,+8550766580463
Mobitel-076-6580464,Mobile,+8550766580464
Mobitel-076-6580465,Mobile,+8550766580465
Mobitel-076-6580466,Mobile,+8550766580466
Mobitel-076-6580467,Mobile,+8550766580467
Mobitel-076-6580468,Mobile,+8550766580468
Mobitel-076-6580469,Mobile,+8550766580469
Mobitel-076-6580470,Mobile,+8550766580470
Mobitel-076-6580471,Mobile,+8550766580471
Mobitel-076-6580472,Mobile,+8550766580472
Mobitel-076-6580473,Mobile,+8550766580473
Mobitel-076-6580474,Mobile,+8550766580474
Mobitel-076-6580475,Mobile,+8550766580475
Mobitel-076-6580476,Mobile,+8550766580476
Mobitel-076-6580477,Mobile,+8550766580477
Mobitel-076-6580478,Mobile,+8550766580478
Mobitel-076-6580479,Mobile,+8550766580479
Mobitel-076-6580480,Mobile,+8550766580480
Mobitel-076-6580481,Mobile,+8550766580481
Mobitel-076-6580482,Mobile,+8550766580482
Mobitel-076-6580483,Mobile,+8550766580483
Mobitel-076-6580484,Mobile,+8550766580484
Mobitel-076-6580485,Mobile,+8550766580485
Mobitel-076-6580486,Mobile,+8550766580486
Mobitel-076-6580487,Mobile,+8550766580487
Mobitel-076-6580488,Mobile,+8550766580488
Mobitel-076-6580489,Mobile,+8550766580489
Mobitel-076-6580490,Mobile,+8550766580490
Mobitel-076-6580491,Mobile,+8550766580491
Mobitel-076-6580492,Mobile,+8550766580492
Mobitel-076-6580493,Mobile,+8550766580493
Mobitel-076-6580494,Mobile,+8550766580494
Mobitel-076-6580495,Mobile,+8550766580495
Mobitel-076-6580496,Mobile,+8550766580496
Mobitel-076-6580497,Mobile,+8550766580497
Mobitel-076-6580498,Mobile,+8550766580498
Mobitel-076-6580499,Mobile,+8550766580499
Mobitel-076-6580500,Mobile,+8550766580500
Mobitel-076-6580501,Mobile,+8550766580501
Mobitel-076-6580502,Mobile,+8550766580502
Mobitel-076-6580503,Mobile,+8550766580503
Mobitel-076-6580504,Mobile,+8550766580504
Mobitel-076-6580505,Mobile,+8550766580505
Mobitel-076-6580506,Mobile,+8550766580506
Mobitel-076-6580507,Mobile,+8550766580507
Mobitel-076-6580508,Mobile,+8550766580508
Mobitel-076-6580509,Mobile,+8550766580509
Mobitel-076-6580510,Mobile,+8550766580510
Mobitel-076-6580511,Mobile,+8550766580511
Mobitel-076-6580512,Mobile,+8550766580512
Mobitel-076-6580513,Mobile,+8550766580513
Mobitel-076-6580514,Mobile,+8550766580514
Mobitel-076-6580515,Mobile,+8550766580515
Mobitel-076-6580516,Mobile,+8550766580516
Mobitel-076-6580517,Mobile,+8550766580517
Mobitel-076-6580518,Mobile,+8550766580518
Mobitel-076-6580519,Mobile,+8550766580519
Mobitel-076-6580520,Mobile,+8550766580520
Mobitel-076-6580521,Mobile,+8550766580521
Mobitel-076-6580522,Mobile,+8550766580522
Mobitel-076-6580523,Mobile,+8550766580523
Mobitel-076-6580524,Mobile,+8550766580524
Mobitel-076-6580525,Mobile,+8550766580525
Mobitel-076-6580526,Mobile,+8550766580526
Mobitel-076-6580527,Mobile,+8550766580527
Mobitel-076-6580528,Mobile,+8550766580528
Mobitel-076-6580529,Mobile,+8550766580529
Mobitel-076-6580530,Mobile,+8550766580530
Mobitel-076-6580531,Mobile,+8550766580531
Mobitel-076-6580532,Mobile,+8550766580532
Mobitel-076-6580533,Mobile,+8550766580533
Mobitel-076-6580534,Mobile,+8550766580534
Mobitel-076-6580535,Mobile,+8550766580535
Mobitel-076-6580536,Mobile,+8550766580536
Mobitel-076-6580537,Mobile,+8550766580537
Mobitel-076-6580538,Mobile,+8550766580538
Mobitel-076-6580539,Mobile,+8550766580539
Mobitel-076-6580540,Mobile,+8550766580540
Mobitel-076-6580541,Mobile,+8550766580541
Mobitel-076-6580542,Mobile,+8550766580542
Mobitel-076-6580543,Mobile,+8550766580543
Mobitel-076-6580544,Mobile,+8550766580544
Mobitel-076-6580545,Mobile,+8550766580545
Mobitel-076-6580546,Mobile,+8550766580546
Mobitel-076-6580547,Mobile,+8550766580547
Mobitel-076-6580548,Mobile,+8550766580548
Mobitel-076-6580549,Mobile,+8550766580549
Mobitel-076-6580550,Mobile,+8550766580550
Mobitel-076-6580551,Mobile,+8550766580551
Mobitel-076-6580552,Mobile,+8550766580552
Mobitel-076-6580553,Mobile,+8550766580553
Mobitel-076-6580554,Mobile,+8550766580554
Mobitel-076-6580555,Mobile,+8550766580555
Mobitel-076-6580556,Mobile,+8550766580556
Mobitel-076-6580557,Mobile,+8550766580557
Mobitel-076-6580558,Mobile,+8550766580558
Mobitel-076-6580559,Mobile,+8550766580559
Mobitel-076-6580560,Mobile,+8550766580560
Mobitel-076-6580561,Mobile,+8550766580561
Mobitel-076-6580562,Mobile,+8550766580562
Mobitel-076-6580563,Mobile,+8550766580563
Mobitel-076-6580564,Mobile,+8550766580564
Mobitel-076-6580565,Mobile,+8550766580565
Mobitel-076-6580566,Mobile,+8550766580566
Mobitel-076-6580567,Mobile,+8550766580567
Mobitel-076-6580568,Mobile,+8550766580568
Mobitel-076-6580569,Mobile,+8550766580569
Mobitel-076-6580570,Mobile,+8550766580570
Mobitel-076-6580571,Mobile,+8550766580571
Mobitel-076-6580572,Mobile,+8550766580572
Mobitel-076-6580573,Mobile,+8550766580573
Mobitel-076-6580574,Mobile,+8550766580574
Mobitel-076-6580575,Mobile,+8550766580575
Mobitel-076-6580576,Mobile,+8550766580576
Mobitel-076-6580577,Mobile,+8550766580577
Mobitel-076-6580578,Mobile,+8550766580578
Mobitel-076-6580579,Mobile,+8550766580579
Mobitel-076-6580580,Mobile,+8550766580580
Mobitel-076-6580581,Mobile,+8550766580581
Mobitel-076-6580582,Mobile,+8550766580582
Mobitel-076-6580583,Mobile,+8550766580583
Mobitel-076-6580584,Mobile,+8550766580584
Mobitel-076-6580585,Mobile,+8550766580585
Mobitel-076-6580586,Mobile,+8550766580586
Mobitel-076-6580587,Mobile,+8550766580587
Mobitel-076-6580588,Mobile,+8550766580588
Mobitel-076-6580589,Mobile,+8550766580589
Mobitel-076-6580590,Mobile,+8550766580590
Mobitel-076-6580591,Mobile,+8550766580591
Mobitel-076-6580592,Mobile,+8550766580592
Mobitel-076-6580593,Mobile,+8550766580593
Mobitel-076-6580594,Mobile,+8550766580594
Mobitel-076-6580595,Mobile,+8550766580595
Mobitel-076-6580596,Mobile,+8550766580596
Mobitel-076-6580597,Mobile,+8550766580597
Mobitel-076-6580598,Mobile,+8550766580598
Mobitel-076-6580599,Mobile,+8550766580599
Mobitel-076-6580600,Mobile,+8550766580600
Mobitel-076-6580601,Mobile,+8550766580601
Mobitel-076-6580602,Mobile,+8550766580602
Mobitel-076-6580603,Mobile,+8550766580603
Mobitel-076-6580604,Mobile,+8550766580604
Mobitel-076-6580605,Mobile,+8550766580605
Mobitel-076-6580606,Mobile,+8550766580606
Mobitel-076-6580607,Mobile,+8550766580607
Mobitel-076-6580608,Mobile,+8550766580608
Mobitel-076-6580609,Mobile,+8550766580609
Mobitel-076-6580610,Mobile,+8550766580610
Mobitel-076-6580611,Mobile,+8550766580611
Mobitel-076-6580612,Mobile,+8550766580612
Mobitel-076-6580613,Mobile,+8550766580613
Mobitel-076-6580614,Mobile,+8550766580614
Mobitel-076-6580615,Mobile,+8550766580615
Mobitel-076-6580616,Mobile,+8550766580616
Mobitel-076-6580617,Mobile,+8550766580617
Mobitel-076-6580618,Mobile,+8550766580618
Mobitel-076-6580619,Mobile,+8550766580619
Mobitel-076-6580620,Mobile,+8550766580620
Mobitel-076-6580621,Mobile,+8550766580621
Mobitel-076-6580622,Mobile,+8550766580622
Mobitel-076-6580623,Mobile,+8550766580623
Mobitel-076-6580624,Mobile,+8550766580624
Mobitel-076-6580625,Mobile,+8550766580625
Mobitel-076-6580626,Mobile,+8550766580626
Mobitel-076-6580627,Mobile,+8550766580627
Mobitel-076-6580628,Mobile,+8550766580628
Mobitel-076-6580629,Mobile,+8550766580629
Mobitel-076-6580630,Mobile,+8550766580630
Mobitel-076-6580631,Mobile,+8550766580631
Mobitel-076-6580632,Mobile,+8550766580632
Mobitel-076-6580633,Mobile,+8550766580633
Mobitel-076-6580634,Mobile,+8550766580634
Mobitel-076-6580635,Mobile,+8550766580635
Mobitel-076-6580636,Mobile,+8550766580636
Mobitel-076-6580637,Mobile,+8550766580637
Mobitel-076-6580638,Mobile,+8550766580638
Mobitel-076-6580639,Mobile,+8550766580639
Mobitel-076-6580640,Mobile,+8550766580640
Mobitel-076-6580641,Mobile,+8550766580641
Mobitel-076-6580642,Mobile,+8550766580642
Mobitel-076-6580643,Mobile,+8550766580643
Mobitel-076-6580644,Mobile,+8550766580644
Mobitel-076-6580645,Mobile,+8550766580645
Mobitel-076-6580646,Mobile,+8550766580646
Mobitel-076-6580647,Mobile,+8550766580647
Mobitel-076-6580648,Mobile,+8550766580648
Mobitel-076-6580649,Mobile,+8550766580649
Mobitel-076-6580650,Mobile,+8550766580650
Mobitel-076-6580651,Mobile,+8550766580651
Mobitel-076-6580652,Mobile,+8550766580652
Mobitel-076-6580653,Mobile,+8550766580653
Mobitel-076-6580654,Mobile,+8550766580654
Mobitel-076-6580655,Mobile,+8550766580655
Mobitel-076-6580656,Mobile,+8550766580656
Mobitel-076-6580657,Mobile,+8550766580657
Mobitel-076-6580658,Mobile,+8550766580658
Mobitel-076-6580659,Mobile,+8550766580659
Mobitel-076-6580660,Mobile,+8550766580660
Mobitel-076-6580661,Mobile,+8550766580661
Mobitel-076-6580662,Mobile,+8550766580662
Mobitel-076-6580663,Mobile,+8550766580663
Mobitel-076-6580664,Mobile,+8550766580664
Mobitel-076-6580665,Mobile,+8550766580665
Mobitel-076-6580666,Mobile,+8550766580666
Mobitel-076-6580667,Mobile,+8550766580667
Mobitel-076-6580668,Mobile,+8550766580668
Mobitel-076-6580669,Mobile,+8550766580669
Mobitel-076-6580670,Mobile,+8550766580670
Mobitel-076-6580671,Mobile,+8550766580671
Mobitel-076-6580672,Mobile,+8550766580672
Mobitel-076-6580673,Mobile,+8550766580673
Mobitel-076-6580674,Mobile,+8550766580674
Mobitel-076-6580675,Mobile,+8550766580675
Mobitel-076-6580676,Mobile,+8550766580676
Mobitel-076-6580677,Mobile,+8550766580677
Mobitel-076-6580678,Mobile,+8550766580678
Mobitel-076-6580679,Mobile,+8550766580679
Mobitel-076-6580680,Mobile,+8550766580680
Mobitel-076-6580681,Mobile,+8550766580681
Mobitel-076-6580682,Mobile,+8550766580682
Mobitel-076-6580683,Mobile,+8550766580683
Mobitel-076-6580684,Mobile,+8550766580684
Mobitel-076-6580685,Mobile,+8550766580685
Mobitel-076-6580686,Mobile,+8550766580686
Mobitel-076-6580687,Mobile,+8550766580687
Mobitel-076-6580688,Mobile,+8550766580688
Mobitel-076-6580689,Mobile,+8550766580689
Mobitel-076-6580690,Mobile,+8550766580690
Mobitel-076-6580691,Mobile,+8550766580691
Mobitel-076-6580692,Mobile,+8550766580692
Mobitel-076-6580693,Mobile,+8550766580693
Mobitel-076-6580694,Mobile,+8550766580694
Mobitel-076-6580695,Mobile,+8550766580695
Mobitel-076-6580696,Mobile,+8550766580696
Mobitel-076-6580697,Mobile,+8550766580697
Mobitel-076-6580698,Mobile,+8550766580698
Mobitel-076-6580699,Mobile,+8550766580699
Mobitel-076-6580700,Mobile,+8550766580700
Mobitel-076-6580701,Mobile,+8550766580701
Mobitel-076-6580702,Mobile,+8550766580702
Mobitel-076-6580703,Mobile,+8550766580703
Mobitel-076-6580704,Mobile,+8550766580704
Mobitel-076-6580705,Mobile,+8550766580705
Mobitel-076-6580706,Mobile,+8550766580706
Mobitel-076-6580707,Mobile,+8550766580707
Mobitel-076-6580708,Mobile,+8550766580708
Mobitel-076-6580709,Mobile,+8550766580709
Mobitel-076-6580710,Mobile,+8550766580710
Mobitel-076-6580711,Mobile,+8550766580711
Mobitel-076-6580712,Mobile,+8550766580712
Mobitel-076-6580713,Mobile,+8550766580713
Mobitel-076-6580714,Mobile,+8550766580714
Mobitel-076-6580715,Mobile,+8550766580715
Mobitel-076-6580716,Mobile,+8550766580716
Mobitel-076-6580717,Mobile,+8550766580717
Mobitel-076-6580718,Mobile,+8550766580718
Mobitel-076-6580719,Mobile,+8550766580719
Mobitel-076-6580720,Mobile,+8550766580720
Mobitel-076-6580721,Mobile,+8550766580721
Mobitel-076-6580722,Mobile,+8550766580722
Mobitel-076-6580723,Mobile,+8550766580723
Mobitel-076-6580724,Mobile,+8550766580724
Mobitel-076-6580725,Mobile,+8550766580725
Mobitel-076-6580726,Mobile,+8550766580726
Mobitel-076-6580727,Mobile,+8550766580727
Mobitel-076-6580728,Mobile,+8550766580728
Mobitel-076-6580729,Mobile,+8550766580729
Mobitel-076-6580730,Mobile,+8550766580730
Mobitel-076-6580731,Mobile,+8550766580731
Mobitel-076-6580732,Mobile,+8550766580732
Mobitel-076-6580733,Mobile,+8550766580733
Mobitel-076-6580734,Mobile,+8550766580734
Mobitel-076-6580735,Mobile,+8550766580735
Mobitel-076-6580736,Mobile,+8550766580736
Mobitel-076-6580737,Mobile,+8550766580737
Mobitel-076-6580738,Mobile,+8550766580738
Mobitel-076-6580739,Mobile,+8550766580739
Mobitel-076-6580740,Mobile,+8550766580740
Mobitel-076-6580741,Mobile,+8550766580741
Mobitel-076-6580742,Mobile,+8550766580742
Mobitel-076-6580743,Mobile,+8550766580743
Mobitel-076-6580744,Mobile,+8550766580744
Mobitel-076-6580745,Mobile,+8550766580745
Mobitel-076-6580746,Mobile,+8550766580746
Mobitel-076-6580747,Mobile,+8550766580747
Mobitel-076-6580748,Mobile,+8550766580748
Mobitel-076-6580749,Mobile,+8550766580749
Mobitel-076-6580750,Mobile,+8550766580750
Mobitel-076-6580751,Mobile,+8550766580751
Mobitel-076-6580752,Mobile,+8550766580752
Mobitel-076-6580753,Mobile,+8550766580753
Mobitel-076-6580754,Mobile,+8550766580754
Mobitel-076-6580755,Mobile,+8550766580755
Mobitel-076-6580756,Mobile,+8550766580756
Mobitel-076-6580757,Mobile,+8550766580757
Mobitel-076-6580758,Mobile,+8550766580758
Mobitel-076-6580759,Mobile,+8550766580759
Mobitel-076-6580760,Mobile,+8550766580760
Mobitel-076-6580761,Mobile,+8550766580761
Mobitel-076-6580762,Mobile,+8550766580762
Mobitel-076-6580763,Mobile,+8550766580763
Mobitel-076-6580764,Mobile,+8550766580764
Mobitel-076-6580765,Mobile,+8550766580765
Mobitel-076-6580766,Mobile,+8550766580766
Mobitel-076-6580767,Mobile,+8550766580767
Mobitel-076-6580768,Mobile,+8550766580768
Mobitel-076-6580769,Mobile,+8550766580769
Mobitel-076-6580770,Mobile,+8550766580770
Mobitel-076-6580771,Mobile,+8550766580771
Mobitel-076-6580772,Mobile,+8550766580772
Mobitel-076-6580773,Mobile,+8550766580773
Mobitel-076-6580774,Mobile,+8550766580774
Mobitel-076-6580775,Mobile,+8550766580775
Mobitel-076-6580776,Mobile,+8550766580776
Mobitel-076-6580777,Mobile,+8550766580777
Mobitel-076-6580778,Mobile,+8550766580778
Mobitel-076-6580779,Mobile,+8550766580779
Mobitel-076-6580780,Mobile,+8550766580780
Mobitel-076-6580781,Mobile,+8550766580781
Mobitel-076-6580782,Mobile,+8550766580782
Mobitel-076-6580783,Mobile,+8550766580783
Mobitel-076-6580784,Mobile,+8550766580784
Mobitel-076-6580785,Mobile,+8550766580785
Mobitel-076-6580786,Mobile,+8550766580786
Mobitel-076-6580787,Mobile,+8550766580787
Mobitel-076-6580788,Mobile,+8550766580788
Mobitel-076-6580789,Mobile,+8550766580789
Mobitel-076-6580790,Mobile,+8550766580790
Mobitel-076-6580791,Mobile,+8550766580791
Mobitel-076-6580792,Mobile,+8550766580792
Mobitel-076-6580793,Mobile,+8550766580793
Mobitel-076-6580794,Mobile,+8550766580794
Mobitel-076-6580795,Mobile,+8550766580795
Mobitel-076-6580796,Mobile,+8550766580796
Mobitel-076-6580797,Mobile,+8550766580797
Mobitel-076-6580798,Mobile,+8550766580798
Mobitel-076-6580799,Mobile,+8550766580799
Mobitel-076-6580800,Mobile,+8550766580800
Mobitel-076-6580801,Mobile,+8550766580801
Mobitel-076-6580802,Mobile,+8550766580802
Mobitel-076-6580803,Mobile,+8550766580803
Mobitel-076-6580804,Mobile,+8550766580804
Mobitel-076-6580805,Mobile,+8550766580805
Mobitel-076-6580806,Mobile,+8550766580806
Mobitel-076-6580807,Mobile,+8550766580807
Mobitel-076-6580808,Mobile,+8550766580808
Mobitel-076-6580809,Mobile,+8550766580809
Mobitel-076-6580810,Mobile,+8550766580810
Mobitel-076-6580811,Mobile,+8550766580811
Mobitel-076-6580812,Mobile,+8550766580812
Mobitel-076-6580813,Mobile,+8550766580813
Mobitel-076-6580814,Mobile,+8550766580814
Mobitel-076-6580815,Mobile,+8550766580815
Mobitel-076-6580816,Mobile,+8550766580816
Mobitel-076-6580817,Mobile,+8550766580817
Mobitel-076-6580818,Mobile,+8550766580818
Mobitel-076-6580819,Mobile,+8550766580819
Mobitel-076-6580820,Mobile,+8550766580820
Mobitel-076-6580821,Mobile,+8550766580821
Mobitel-076-6580822,Mobile,+8550766580822
Mobitel-076-6580823,Mobile,+8550766580823
Mobitel-076-6580824,Mobile,+8550766580824
Mobitel-076-6580825,Mobile,+8550766580825
Mobitel-076-6580826,Mobile,+8550766580826
Mobitel-076-6580827,Mobile,+8550766580827
Mobitel-076-6580828,Mobile,+8550766580828
Mobitel-076-6580829,Mobile,+8550766580829
Mobitel-076-6580830,Mobile,+8550766580830
Mobitel-076-6580831,Mobile,+8550766580831
Mobitel-076-6580832,Mobile,+8550766580832
Mobitel-076-6580833,Mobile,+8550766580833
Mobitel-076-6580834,Mobile,+8550766580834
Mobitel-076-6580835,Mobile,+8550766580835
Mobitel-076-6580836,Mobile,+8550766580836
Mobitel-076-6580837,Mobile,+8550766580837
Mobitel-076-6580838,Mobile,+8550766580838
Mobitel-076-6580839,Mobile,+8550766580839
Mobitel-076-6580840,Mobile,+8550766580840
Mobitel-076-6580841,Mobile,+8550766580841
Mobitel-076-6580842,Mobile,+8550766580842
Mobitel-076-6580843,Mobile,+8550766580843
Mobitel-076-6580844,Mobile,+8550766580844
Mobitel-076-6580845,Mobile,+8550766580845
Mobitel-076-6580846,Mobile,+8550766580846
Mobitel-076-6580847,Mobile,+8550766580847
Mobitel-076-6580848,Mobile,+8550766580848
Mobitel-076-6580849,Mobile,+8550766580849
Mobitel-076-6580850,Mobile,+8550766580850
Mobitel-076-6580851,Mobile,+8550766580851
Mobitel-076-6580852,Mobile,+8550766580852
Mobitel-076-6580853,Mobile,+8550766580853
Mobitel-076-6580854,Mobile,+8550766580854
Mobitel-076-6580855,Mobile,+8550766580855
Mobitel-076-6580856,Mobile,+8550766580856
Mobitel-076-6580857,Mobile,+8550766580857
Mobitel-076-6580858,Mobile,+8550766580858
Mobitel-076-6580859,Mobile,+8550766580859
Mobitel-076-6580860,Mobile,+8550766580860
Mobitel-076-6580861,Mobile,+8550766580861
Mobitel-076-6580862,Mobile,+8550766580862
Mobitel-076-6580863,Mobile,+8550766580863
Mobitel-076-6580864,Mobile,+8550766580864
Mobitel-076-6580865,Mobile,+8550766580865
Mobitel-076-6580866,Mobile,+8550766580866
Mobitel-076-6580867,Mobile,+8550766580867
Mobitel-076-6580868,Mobile,+8550766580868
Mobitel-076-6580869,Mobile,+8550766580869
Mobitel-076-6580870,Mobile,+8550766580870
Mobitel-076-6580871,Mobile,+8550766580871
Mobitel-076-6580872,Mobile,+8550766580872
Mobitel-076-6580873,Mobile,+8550766580873
Mobitel-076-6580874,Mobile,+8550766580874
Mobitel-076-6580875,Mobile,+8550766580875
Mobitel-076-6580876,Mobile,+8550766580876
Mobitel-076-6580877,Mobile,+8550766580877
Mobitel-076-6580878,Mobile,+8550766580878
Mobitel-076-6580879,Mobile,+8550766580879
Mobitel-076-6580880,Mobile,+8550766580880
Mobitel-076-6580881,Mobile,+8550766580881
Mobitel-076-6580882,Mobile,+8550766580882
Mobitel-076-6580883,Mobile,+8550766580883
Mobitel-076-6580884,Mobile,+8550766580884
Mobitel-076-6580885,Mobile,+8550766580885
Mobitel-076-6580886,Mobile,+8550766580886
Mobitel-076-6580887,Mobile,+8550766580887
Mobitel-076-6580888,Mobile,+8550766580888
Mobitel-076-6580889,Mobile,+8550766580889
Mobitel-076-6580890,Mobile,+8550766580890
Mobitel-076-6580891,Mobile,+8550766580891
Mobitel-076-6580892,Mobile,+8550766580892
Mobitel-076-6580893,Mobile,+8550766580893
Mobitel-076-6580894,Mobile,+8550766580894
Mobitel-076-6580895,Mobile,+8550766580895
Mobitel-076-6580896,Mobile,+8550766580896
Mobitel-076-6580897,Mobile,+8550766580897
Mobitel-076-6580898,Mobile,+8550766580898
Mobitel-076-6580899,Mobile,+8550766580899
Mobitel-076-6580900,Mobile,+8550766580900
Mobitel-076-6580901,Mobile,+8550766580901
Mobitel-076-6580902,Mobile,+8550766580902
Mobitel-076-6580903,Mobile,+8550766580903
Mobitel-076-6580904,Mobile,+8550766580904
Mobitel-076-6580905,Mobile,+8550766580905
Mobitel-076-6580906,Mobile,+8550766580906
Mobitel-076-6580907,Mobile,+8550766580907
Mobitel-076-6580908,Mobile,+8550766580908
Mobitel-076-6580909,Mobile,+8550766580909
Mobitel-076-6580910,Mobile,+8550766580910
Mobitel-076-6580911,Mobile,+8550766580911
Mobitel-076-6580912,Mobile,+8550766580912
Mobitel-076-6580913,Mobile,+8550766580913
Mobitel-076-6580914,Mobile,+8550766580914
Mobitel-076-6580915,Mobile,+8550766580915
Mobitel-076-6580916,Mobile,+8550766580916
Mobitel-076-6580917,Mobile,+8550766580917
Mobitel-076-6580918,Mobile,+8550766580918
Mobitel-076-6580919,Mobile,+8550766580919
Mobitel-076-6580920,Mobile,+8550766580920
Mobitel-076-6580921,Mobile,+8550766580921
Mobitel-076-6580922,Mobile,+8550766580922
Mobitel-076-6580923,Mobile,+8550766580923
Mobitel-076-6580924,Mobile,+8550766580924
Mobitel-076-6580925,Mobile,+8550766580925
Mobitel-076-6580926,Mobile,+8550766580926
Mobitel-076-6580927,Mobile,+8550766580927
Mobitel-076-6580928,Mobile,+8550766580928
Mobitel-076-6580929,Mobile,+8550766580929
Mobitel-076-6580930,Mobile,+8550766580930
Mobitel-076-6580931,Mobile,+8550766580931
Mobitel-076-6580932,Mobile,+8550766580932
Mobitel-076-6580933,Mobile,+8550766580933
Mobitel-076-6580934,Mobile,+8550766580934
Mobitel-076-6580935,Mobile,+8550766580935
Mobitel-076-6580936,Mobile,+8550766580936
Mobitel-076-6580937,Mobile,+8550766580937
Mobitel-076-6580938,Mobile,+8550766580938
Mobitel-076-6580939,Mobile,+8550766580939
Mobitel-076-6580940,Mobile,+8550766580940
Mobitel-076-6580941,Mobile,+8550766580941
Mobitel-076-6580942,Mobile,+8550766580942
Mobitel-076-6580943,Mobile,+8550766580943
Mobitel-076-6580944,Mobile,+8550766580944
Mobitel-076-6580945,Mobile,+8550766580945
Mobitel-076-6580946,Mobile,+8550766580946
Mobitel-076-6580947,Mobile,+8550766580947
Mobitel-076-6580948,Mobile,+8550766580948
Mobitel-076-6580949,Mobile,+8550766580949
Mobitel-076-6580950,Mobile,+8550766580950
Mobitel-076-6580951,Mobile,+8550766580951
Mobitel-076-6580952,Mobile,+8550766580952
Mobitel-076-6580953,Mobile,+8550766580953
Mobitel-076-6580954,Mobile,+8550766580954
Mobitel-076-6580955,Mobile,+8550766580955
Mobitel-076-6580956,Mobile,+8550766580956
Mobitel-076-6580957,Mobile,+8550766580957
Mobitel-076-6580958,Mobile,+8550766580958
Mobitel-076-6580959,Mobile,+8550766580959
Mobitel-076-6580960,Mobile,+8550766580960
Mobitel-076-6580961,Mobile,+8550766580961
Mobitel-076-6580962,Mobile,+8550766580962
Mobitel-076-6580963,Mobile,+8550766580963
Mobitel-076-6580964,Mobile,+8550766580964
Mobitel-076-6580965,Mobile,+8550766580965
Mobitel-076-6580966,Mobile,+8550766580966
Mobitel-076-6580967,Mobile,+8550766580967
Mobitel-076-6580968,Mobile,+8550766580968
Mobitel-076-6580969,Mobile,+8550766580969
Mobitel-076-6580970,Mobile,+8550766580970
Mobitel-076-6580971,Mobile,+8550766580971
Mobitel-076-6580972,Mobile,+8550766580972
Mobitel-076-6580973,Mobile,+8550766580973
Mobitel-076-6580974,Mobile,+8550766580974
Mobitel-076-6580975,Mobile,+8550766580975
Mobitel-076-6580976,Mobile,+8550766580976
Mobitel-076-6580977,Mobile,+8550766580977
Mobitel-076-6580978,Mobile,+8550766580978
Mobitel-076-6580979,Mobile,+8550766580979
Mobitel-076-6580980,Mobile,+8550766580980
Mobitel-076-6580981,Mobile,+8550766580981
Mobitel-076-6580982,Mobile,+8550766580982
Mobitel-076-6580983,Mobile,+8550766580983
Mobitel-076-6580984,Mobile,+8550766580984
Mobitel-076-6580985,Mobile,+8550766580985
Mobitel-076-6580986,Mobile,+8550766580986
Mobitel-076-6580987,Mobile,+8550766580987
Mobitel-076-6580988,Mobile,+8550766580988
Mobitel-076-6580989,Mobile,+8550766580989
Mobitel-076-6580990,Mobile,+8550766580990
Mobitel-076-6580991,Mobile,+8550766580991
Mobitel-076-6580992,Mobile,+8550766580992
Mobitel-076-6580993,Mobile,+8550766580993
Mobitel-076-6580994,Mobile,+8550766580994
Mobitel-076-6580995,Mobile,+8550766580995
Mobitel-076-6580996,Mobile,+8550766580996
Mobitel-076-6580997,Mobile,+8550766580997
Mobitel-076-6580998,Mobile,+8550766580998
Mobitel-076-6580999,Mobile,+8550766580999
Mobitel-076-6581000,Mobile,+8550766581000
Mobitel-076-6581001,Mobile,+8550766581001
Mobitel-076-6581002,Mobile,+8550766581002
Mobitel-076-6581003,Mobile,+8550766581003
Mobitel-076-6581004,Mobile,+8550766581004
Mobitel-076-6581005,Mobile,+8550766581005
Mobitel-076-6581006,Mobile,+8550766581006
Mobitel-076-6581007,Mobile,+8550766581007
Mobitel-076-6581008,Mobile,+8550766581008
Mobitel-076-6581009,Mobile,+8550766581009
Mobitel-076-6581010,Mobile,+8550766581010
Mobitel-076-6581011,Mobile,+8550766581011
Mobitel-076-6581012,Mobile,+8550766581012
Mobitel-076-6581013,Mobile,+8550766581013
Mobitel-076-6581014,Mobile,+8550766581014
Mobitel-076-6581015,Mobile,+8550766581015
Mobitel-076-6581016,Mobile,+8550766581016
Mobitel-076-6581017,Mobile,+8550766581017
Mobitel-076-6581018,Mobile,+8550766581018
Mobitel-076-6581019,Mobile,+8550766581019
Mobitel-076-6581020,Mobile,+8550766581020
Mobitel-076-6581021,Mobile,+8550766581021
Mobitel-076-6581022,Mobile,+8550766581022
Mobitel-076-6581023,Mobile,+8550766581023
Mobitel-076-6581024,Mobile,+8550766581024
Mobitel-076-6581025,Mobile,+8550766581025
Mobitel-076-6581026,Mobile,+8550766581026
Mobitel-076-6581027,Mobile,+8550766581027
Mobitel-076-6581028,Mobile,+8550766581028
Mobitel-076-6581029,Mobile,+8550766581029
Mobitel-076-6581030,Mobile,+8550766581030
Mobitel-076-6581031,Mobile,+8550766581031
Mobitel-076-6581032,Mobile,+8550766581032
Mobitel-076-6581033,Mobile,+8550766581033
Mobitel-076-6581034,Mobile,+8550766581034
Mobitel-076-6581035,Mobile,+8550766581035
Mobitel-076-6581036,Mobile,+8550766581036
Mobitel-076-6581037,Mobile,+8550766581037
Mobitel-076-6581038,Mobile,+8550766581038
Mobitel-076-6581039,Mobile,+8550766581039
Mobitel-076-6581040,Mobile,+8550766581040
Mobitel-076-6581041,Mobile,+8550766581041
Mobitel-076-6581042,Mobile,+8550766581042
Mobitel-076-6581043,Mobile,+8550766581043
Mobitel-076-6581044,Mobile,+8550766581044
Mobitel-076-6581045,Mobile,+8550766581045
Mobitel-076-6581046,Mobile,+8550766581046
Mobitel-076-6581047,Mobile,+8550766581047
Mobitel-076-6581048,Mobile,+8550766581048
Mobitel-076-6581049,Mobile,+8550766581049
Mobitel-076-6581050,Mobile,+8550766581050
Mobitel-076-6581051,Mobile,+8550766581051
Mobitel-076-6581052,Mobile,+8550766581052
Mobitel-076-6581053,Mobile,+8550766581053
Mobitel-076-6581054,Mobile,+8550766581054
Mobitel-076-6581055,Mobile,+8550766581055
Mobitel-076-6581056,Mobile,+8550766581056
Mobitel-076-6581057,Mobile,+8550766581057
Mobitel-076-6581058,Mobile,+8550766581058
Mobitel-076-6581059,Mobile,+8550766581059
Mobitel-076-6581060,Mobile,+8550766581060
Mobitel-076-6581061,Mobile,+8550766581061
Mobitel-076-6581062,Mobile,+8550766581062
Mobitel-076-6581063,Mobile,+8550766581063
Mobitel-076-6581064,Mobile,+8550766581064
Mobitel-076-6581065,Mobile,+8550766581065
Mobitel-076-6581066,Mobile,+8550766581066
Mobitel-076-6581067,Mobile,+8550766581067
Mobitel-076-6581068,Mobile,+8550766581068
Mobitel-076-6581069,Mobile,+8550766581069
Mobitel-076-6581070,Mobile,+8550766581070
Mobitel-076-6581071,Mobile,+8550766581071
Mobitel-076-6581072,Mobile,+8550766581072
Mobitel-076-6581073,Mobile,+8550766581073
Mobitel-076-6581074,Mobile,+8550766581074
Mobitel-076-6581075,Mobile,+8550766581075
Mobitel-076-6581076,Mobile,+8550766581076
Mobitel-076-6581077,Mobile,+8550766581077
Mobitel-076-6581078,Mobile,+8550766581078
Mobitel-076-6581079,Mobile,+8550766581079
Mobitel-076-6581080,Mobile,+8550766581080
Mobitel-076-6581081,Mobile,+8550766581081
Mobitel-076-6581082,Mobile,+8550766581082
Mobitel-076-6581083,Mobile,+8550766581083
Mobitel-076-6581084,Mobile,+8550766581084
Mobitel-076-6581085,Mobile,+8550766581085
Mobitel-076-6581086,Mobile,+8550766581086
Mobitel-076-6581087,Mobile,+8550766581087
Mobitel-076-6581088,Mobile,+8550766581088
Mobitel-076-6581089,Mobile,+8550766581089
Mobitel-076-6581090,Mobile,+8550766581090
Mobitel-076-6581091,Mobile,+8550766581091
Mobitel-076-6581092,Mobile,+8550766581092
Mobitel-076-6581093,Mobile,+8550766581093
Mobitel-076-6581094,Mobile,+8550766581094
Mobitel-076-6581095,Mobile,+8550766581095
Mobitel-076-6581096,Mobile,+8550766581096
Mobitel-076-6581097,Mobile,+8550766581097
Mobitel-076-6581098,Mobile,+8550766581098
Mobitel-076-6581099,Mobile,+8550766581099
Mobitel-076-6581100,Mobile,+8550766581100
Mobitel-076-6581101,Mobile,+8550766581101
Mobitel-076-6581102,Mobile,+8550766581102
Mobitel-076-6581103,Mobile,+8550766581103
Mobitel-076-6581104,Mobile,+8550766581104
Mobitel-076-6581105,Mobile,+8550766581105
Mobitel-076-6581106,Mobile,+8550766581106
Mobitel-076-6581107,Mobile,+8550766581107
Mobitel-076-6581108,Mobile,+8550766581108
Mobitel-076-6581109,Mobile,+8550766581109
Mobitel-076-6581110,Mobile,+8550766581110
Mobitel-076-6581111,Mobile,+8550766581111
Mobitel-076-6581112,Mobile,+8550766581112
Mobitel-076-6581113,Mobile,+8550766581113
Mobitel-076-6581114,Mobile,+8550766581114
Mobitel-076-6581115,Mobile,+8550766581115
Mobitel-076-6581116,Mobile,+8550766581116
Mobitel-076-6581117,Mobile,+8550766581117
Mobitel-076-6581118,Mobile,+8550766581118
Mobitel-076-6581119,Mobile,+8550766581119
Mobitel-076-6581120,Mobile,+8550766581120
Mobitel-076-6581121,Mobile,+8550766581121
Mobitel-076-6581122,Mobile,+8550766581122
Mobitel-076-6581123,Mobile,+8550766581123
Mobitel-076-6581124,Mobile,+8550766581124
Mobitel-076-6581125,Mobile,+8550766581125
Mobitel-076-6581126,Mobile,+8550766581126
Mobitel-076-6581127,Mobile,+8550766581127
Mobitel-076-6581128,Mobile,+8550766581128
Mobitel-076-6581129,Mobile,+8550766581129
Mobitel-076-6581130,Mobile,+8550766581130
Mobitel-076-6581131,Mobile,+8550766581131
Mobitel-076-6581132,Mobile,+8550766581132
Mobitel-076-6581133,Mobile,+8550766581133
Mobitel-076-6581134,Mobile,+8550766581134
Mobitel-076-6581135,Mobile,+8550766581135
Mobitel-076-6581136,Mobile,+8550766581136
Mobitel-076-6581137,Mobile,+8550766581137
Mobitel-076-6581138,Mobile,+8550766581138
Mobitel-076-6581139,Mobile,+8550766581139
Mobitel-076-6581140,Mobile,+8550766581140
Mobitel-076-6581141,Mobile,+8550766581141
Mobitel-076-6581142,Mobile,+8550766581142
Mobitel-076-6581143,Mobile,+8550766581143
Mobitel-076-6581144,Mobile,+8550766581144
Mobitel-076-6581145,Mobile,+8550766581145
Mobitel-076-6581146,Mobile,+8550766581146
Mobitel-076-6581147,Mobile,+8550766581147
Mobitel-076-6581148,Mobile,+8550766581148
Mobitel-076-6581149,Mobile,+8550766581149
Mobitel-076-6581150,Mobile,+8550766581150
Mobitel-076-6581151,Mobile,+8550766581151
Mobitel-076-6581152,Mobile,+8550766581152
Mobitel-076-6581153,Mobile,+8550766581153
Mobitel-076-6581154,Mobile,+8550766581154
Mobitel-076-6581155,Mobile,+8550766581155
Mobitel-076-6581156,Mobile,+8550766581156
Mobitel-076-6581157,Mobile,+8550766581157
Mobitel-076-6581158,Mobile,+8550766581158
Mobitel-076-6581159,Mobile,+8550766581159
Mobitel-076-6581160,Mobile,+8550766581160
Mobitel-076-6581161,Mobile,+8550766581161
Mobitel-076-6581162,Mobile,+8550766581162
Mobitel-076-6581163,Mobile,+8550766581163
Mobitel-076-6581164,Mobile,+8550766581164
Mobitel-076-6581165,Mobile,+8550766581165
Mobitel-076-6581166,Mobile,+8550766581166
Mobitel-076-6581167,Mobile,+8550766581167
Mobitel-076-6581168,Mobile,+8550766581168
Mobitel-076-6581169,Mobile,+8550766581169
Mobitel-076-6581170,Mobile,+8550766581170
Mobitel-076-6581171,Mobile,+8550766581171
Mobitel-076-6581172,Mobile,+8550766581172
Mobitel-076-6581173,Mobile,+8550766581173
Mobitel-076-6581174,Mobile,+8550766581174
Mobitel-076-6581175,Mobile,+8550766581175
Mobitel-076-6581176,Mobile,+8550766581176
Mobitel-076-6581177,Mobile,+8550766581177
Mobitel-076-6581178,Mobile,+8550766581178
Mobitel-076-6581179,Mobile,+8550766581179
Mobitel-076-6581180,Mobile,+8550766581180
Mobitel-076-6581181,Mobile,+8550766581181
Mobitel-076-6581182,Mobile,+8550766581182
Mobitel-076-6581183,Mobile,+8550766581183
Mobitel-076-6581184,Mobile,+8550766581184
Mobitel-076-6581185,Mobile,+8550766581185
Mobitel-076-6581186,Mobile,+8550766581186
Mobitel-076-6581187,Mobile,+8550766581187
Mobitel-076-6581188,Mobile,+8550766581188
Mobitel-076-6581189,Mobile,+8550766581189
Mobitel-076-6581190,Mobile,+8550766581190
Mobitel-076-6581191,Mobile,+8550766581191
Mobitel-076-6581192,Mobile,+8550766581192
Mobitel-076-6581193,Mobile,+8550766581193
Mobitel-076-6581194,Mobile,+8550766581194
Mobitel-076-6581195,Mobile,+8550766581195
Mobitel-076-6581196,Mobile,+8550766581196
Mobitel-076-6581197,Mobile,+8550766581197
Mobitel-076-6581198,Mobile,+8550766581198
Mobitel-076-6581199,Mobile,+8550766581199
Mobitel-076-6581200,Mobile,+8550766581200
Mobitel-076-6581201,Mobile,+8550766581201
Mobitel-076-6581202,Mobile,+8550766581202
Mobitel-076-6581203,Mobile,+8550766581203
Mobitel-076-6581204,Mobile,+8550766581204
Mobitel-076-6581205,Mobile,+8550766581205
Mobitel-076-6581206,Mobile,+8550766581206
Mobitel-076-6581207,Mobile,+8550766581207
Mobitel-076-6581208,Mobile,+8550766581208
Mobitel-076-6581209,Mobile,+8550766581209
Mobitel-076-6581210,Mobile,+8550766581210
Mobitel-076-6581211,Mobile,+8550766581211
Mobitel-076-6581212,Mobile,+8550766581212
Mobitel-076-6581213,Mobile,+8550766581213
Mobitel-076-6581214,Mobile,+8550766581214
Mobitel-076-6581215,Mobile,+8550766581215
Mobitel-076-6581216,Mobile,+8550766581216
Mobitel-076-6581217,Mobile,+8550766581217
Mobitel-076-6581218,Mobile,+8550766581218
Mobitel-076-6581219,Mobile,+8550766581219
Mobitel-076-6581220,Mobile,+8550766581220
Mobitel-076-6581221,Mobile,+8550766581221
Mobitel-076-6581222,Mobile,+8550766581222
Mobitel-076-6581223,Mobile,+8550766581223
Mobitel-076-6581224,Mobile,+8550766581224
Mobitel-076-6581225,Mobile,+8550766581225
Mobitel-076-6581226,Mobile,+8550766581226
Mobitel-076-6581227,Mobile,+8550766581227
Mobitel-076-6581228,Mobile,+8550766581228
Mobitel-076-6581229,Mobile,+8550766581229
Mobitel-076-6581230,Mobile,+8550766581230
Mobitel-076-6581231,Mobile,+8550766581231
Mobitel-076-6581232,Mobile,+8550766581232
Mobitel-076-6581233,Mobile,+8550766581233
Mobitel-076-6581234,Mobile,+8550766581234
Mobitel-076-6581235,Mobile,+8550766581235
Mobitel-076-6581236,Mobile,+8550766581236
Mobitel-076-6581237,Mobile,+8550766581237
Mobitel-076-6581238,Mobile,+8550766581238
Mobitel-076-6581239,Mobile,+8550766581239
Mobitel-076-6581240,Mobile,+8550766581240
Mobitel-076-6581241,Mobile,+8550766581241
Mobitel-076-6581242,Mobile,+8550766581242
Mobitel-076-6581243,Mobile,+8550766581243
Mobitel-076-6581244,Mobile,+8550766581244
Mobitel-076-6581245,Mobile,+8550766581245
Mobitel-076-6581246,Mobile,+8550766581246
Mobitel-076-6581247,Mobile,+8550766581247
Mobitel-076-6581248,Mobile,+8550766581248
Mobitel-076-6581249,Mobile,+8550766581249
Mobitel-076-6581250,Mobile,+8550766581250
Mobitel-076-6581251,Mobile,+8550766581251
Mobitel-076-6581252,Mobile,+8550766581252
Mobitel-076-6581253,Mobile,+8550766581253
Mobitel-076-6581254,Mobile,+8550766581254
Mobitel-076-6581255,Mobile,+8550766581255
Mobitel-076-6581256,Mobile,+8550766581256
Mobitel-076-6581257,Mobile,+8550766581257
Mobitel-076-6581258,Mobile,+8550766581258
Mobitel-076-6581259,Mobile,+8550766581259
Mobitel-076-6581260,Mobile,+8550766581260
Mobitel-076-6581261,Mobile,+8550766581261
Mobitel-076-6581262,Mobile,+8550766581262
Mobitel-076-6581263,Mobile,+8550766581263
Mobitel-076-6581264,Mobile,+8550766581264
Mobitel-076-6581265,Mobile,+8550766581265
Mobitel-076-6581266,Mobile,+8550766581266
Mobitel-076-6581267,Mobile,+8550766581267
Mobitel-076-6581268,Mobile,+8550766581268
Mobitel-076-6581269,Mobile,+8550766581269
Mobitel-076-6581270,Mobile,+8550766581270
Mobitel-076-6581271,Mobile,+8550766581271
Mobitel-076-6581272,Mobile,+8550766581272
Mobitel-076-6581273,Mobile,+8550766581273
Mobitel-076-6581274,Mobile,+8550766581274
Mobitel-076-6581275,Mobile,+8550766581275
Mobitel-076-6581276,Mobile,+8550766581276
Mobitel-076-6581277,Mobile,+8550766581277
Mobitel-076-6581278,Mobile,+8550766581278
Mobitel-076-6581279,Mobile,+8550766581279
Mobitel-076-6581280,Mobile,+8550766581280
Mobitel-076-6581281,Mobile,+8550766581281
Mobitel-076-6581282,Mobile,+8550766581282
Mobitel-076-6581283,Mobile,+8550766581283
Mobitel-076-6581284,Mobile,+8550766581284
Mobitel-076-6581285,Mobile,+8550766581285
Mobitel-076-6581286,Mobile,+8550766581286
Mobitel-076-6581287,Mobile,+8550766581287
Mobitel-076-6581288,Mobile,+8550766581288
Mobitel-076-6581289,Mobile,+8550766581289
Mobitel-076-6581290,Mobile,+8550766581290
Mobitel-076-6581291,Mobile,+8550766581291
Mobitel-076-6581292,Mobile,+8550766581292
Mobitel-076-6581293,Mobile,+8550766581293
Mobitel-076-6581294,Mobile,+8550766581294
Mobitel-076-6581295,Mobile,+8550766581295
Mobitel-076-6581296,Mobile,+8550766581296
Mobitel-076-6581297,Mobile,+8550766581297
Mobitel-076-6581298,Mobile,+8550766581298
Mobitel-076-6581299,Mobile,+8550766581299
Mobitel-076-6581300,Mobile,+8550766581300
Mobitel-076-6581301,Mobile,+8550766581301
Mobitel-076-6581302,Mobile,+8550766581302
Mobitel-076-6581303,Mobile,+8550766581303
Mobitel-076-6581304,Mobile,+8550766581304
Mobitel-076-6581305,Mobile,+8550766581305
Mobitel-076-6581306,Mobile,+8550766581306
Mobitel-076-6581307,Mobile,+8550766581307
Mobitel-076-6581308,Mobile,+8550766581308
Mobitel-076-6581309,Mobile,+8550766581309
Mobitel-076-6581310,Mobile,+8550766581310
Mobitel-076-6581311,Mobile,+8550766581311
Mobitel-076-6581312,Mobile,+8550766581312
Mobitel-076-6581313,Mobile,+8550766581313
Mobitel-076-6581314,Mobile,+8550766581314
Mobitel-076-6581315,Mobile,+8550766581315
Mobitel-076-6581316,Mobile,+8550766581316
Mobitel-076-6581317,Mobile,+8550766581317
Mobitel-076-6581318,Mobile,+8550766581318
Mobitel-076-6581319,Mobile,+8550766581319
Mobitel-076-6581320,Mobile,+8550766581320
Mobitel-076-6581321,Mobile,+8550766581321
Mobitel-076-6581322,Mobile,+8550766581322
Mobitel-076-6581323,Mobile,+8550766581323
Mobitel-076-6581324,Mobile,+8550766581324
Mobitel-076-6581325,Mobile,+8550766581325
Mobitel-076-6581326,Mobile,+8550766581326
Mobitel-076-6581327,Mobile,+8550766581327
Mobitel-076-6581328,Mobile,+8550766581328
Mobitel-076-6581329,Mobile,+8550766581329
Mobitel-076-6581330,Mobile,+8550766581330
Mobitel-076-6581331,Mobile,+8550766581331
Mobitel-076-6581332,Mobile,+8550766581332
Mobitel-076-6581333,Mobile,+8550766581333
Mobitel-076-6581334,Mobile,+8550766581334
Mobitel-076-6581335,Mobile,+8550766581335
Mobitel-076-6581336,Mobile,+8550766581336
Mobitel-076-6581337,Mobile,+8550766581337
Mobitel-076-6581338,Mobile,+8550766581338
Mobitel-076-6581339,Mobile,+8550766581339
Mobitel-076-6581340,Mobile,+8550766581340
Mobitel-076-6581341,Mobile,+8550766581341
Mobitel-076-6581342,Mobile,+8550766581342
Mobitel-076-6581343,Mobile,+8550766581343
Mobitel-076-6581344,Mobile,+8550766581344
Mobitel-076-6581345,Mobile,+8550766581345
Mobitel-076-6581346,Mobile,+8550766581346
Mobitel-076-6581347,Mobile,+8550766581347
Mobitel-076-6581348,Mobile,+8550766581348
Mobitel-076-6581349,Mobile,+8550766581349
Mobitel-076-6581350,Mobile,+8550766581350
Mobitel-076-6581351,Mobile,+8550766581351
Mobitel-076-6581352,Mobile,+8550766581352
Mobitel-076-6581353,Mobile,+8550766581353
Mobitel-076-6581354,Mobile,+8550766581354
Mobitel-076-6581355,Mobile,+8550766581355
Mobitel-076-6581356,Mobile,+8550766581356
Mobitel-076-6581357,Mobile,+8550766581357
Mobitel-076-6581358,Mobile,+8550766581358
Mobitel-076-6581359,Mobile,+8550766581359
Mobitel-076-6581360,Mobile,+8550766581360
Mobitel-076-6581361,Mobile,+8550766581361
Mobitel-076-6581362,Mobile,+8550766581362
Mobitel-076-6581363,Mobile,+8550766581363
Mobitel-076-6581364,Mobile,+8550766581364
Mobitel-076-6581365,Mobile,+8550766581365
Mobitel-076-6581366,Mobile,+8550766581366
Mobitel-076-6581367,Mobile,+8550766581367
Mobitel-076-6581368,Mobile,+8550766581368
Mobitel-076-6581369,Mobile,+8550766581369
Mobitel-076-6581370,Mobile,+8550766581370
Mobitel-076-6581371,Mobile,+8550766581371
Mobitel-076-6581372,Mobile,+8550766581372
Mobitel-076-6581373,Mobile,+8550766581373
Mobitel-076-6581374,Mobile,+8550766581374
Mobitel-076-6581375,Mobile,+8550766581375
Mobitel-076-6581376,Mobile,+8550766581376
Mobitel-076-6581377,Mobile,+8550766581377
Mobitel-076-6581378,Mobile,+8550766581378
Mobitel-076-6581379,Mobile,+8550766581379
Mobitel-076-6581380,Mobile,+8550766581380
Mobitel-076-6581381,Mobile,+8550766581381
Mobitel-076-6581382,Mobile,+8550766581382
Mobitel-076-6581383,Mobile,+8550766581383
Mobitel-076-6581384,Mobile,+8550766581384
Mobitel-076-6581385,Mobile,+8550766581385
Mobitel-076-6581386,Mobile,+8550766581386
Mobitel-076-6581387,Mobile,+8550766581387
Mobitel-076-6581388,Mobile,+8550766581388
Mobitel-076-6581389,Mobile,+8550766581389
Mobitel-076-6581390,Mobile,+8550766581390
Mobitel-076-6581391,Mobile,+8550766581391
Mobitel-076-6581392,Mobile,+8550766581392
Mobitel-076-6581393,Mobile,+8550766581393
Mobitel-076-6581394,Mobile,+8550766581394
Mobitel-076-6581395,Mobile,+8550766581395
Mobitel-076-6581396,Mobile,+8550766581396
Mobitel-076-6581397,Mobile,+8550766581397
Mobitel-076-6581398,Mobile,+8550766581398
Mobitel-076-6581399,Mobile,+8550766581399
Mobitel-076-6581400,Mobile,+8550766581400
Mobitel-076-6581401,Mobile,+8550766581401
Mobitel-076-6581402,Mobile,+8550766581402
Mobitel-076-6581403,Mobile,+8550766581403
Mobitel-076-6581404,Mobile,+8550766581404
Mobitel-076-6581405,Mobile,+8550766581405
Mobitel-076-6581406,Mobile,+8550766581406
Mobitel-076-6581407,Mobile,+8550766581407
Mobitel-076-6581408,Mobile,+8550766581408
Mobitel-076-6581409,Mobile,+8550766581409
Mobitel-076-6581410,Mobile,+8550766581410
Mobitel-076-6581411,Mobile,+8550766581411
Mobitel-076-6581412,Mobile,+8550766581412
Mobitel-076-6581413,Mobile,+8550766581413
Mobitel-076-6581414,Mobile,+8550766581414
Mobitel-076-6581415,Mobile,+8550766581415
Mobitel-076-6581416,Mobile,+8550766581416
Mobitel-076-6581417,Mobile,+8550766581417
Mobitel-076-6581418,Mobile,+8550766581418
Mobitel-076-6581419,Mobile,+8550766581419
Mobitel-076-6581420,Mobile,+8550766581420
Mobitel-076-6581421,Mobile,+8550766581421
Mobitel-076-6581422,Mobile,+8550766581422
Mobitel-076-6581423,Mobile,+8550766581423
Mobitel-076-6581424,Mobile,+8550766581424
Mobitel-076-6581425,Mobile,+8550766581425
Mobitel-076-6581426,Mobile,+8550766581426
Mobitel-076-6581427,Mobile,+8550766581427
Mobitel-076-6581428,Mobile,+8550766581428
Mobitel-076-6581429,Mobile,+8550766581429
Mobitel-076-6581430,Mobile,+8550766581430
Mobitel-076-6581431,Mobile,+8550766581431
Mobitel-076-6581432,Mobile,+8550766581432
Mobitel-076-6581433,Mobile,+8550766581433
Mobitel-076-6581434,Mobile,+8550766581434
Mobitel-076-6581435,Mobile,+8550766581435
Mobitel-076-6581436,Mobile,+8550766581436
Mobitel-076-6581437,Mobile,+8550766581437
Mobitel-076-6581438,Mobile,+8550766581438
Mobitel-076-6581439,Mobile,+8550766581439
Mobitel-076-6581440,Mobile,+8550766581440
Mobitel-076-6581441,Mobile,+8550766581441
Mobitel-076-6581442,Mobile,+8550766581442
Mobitel-076-6581443,Mobile,+8550766581443
Mobitel-076-6581444,Mobile,+8550766581444
Mobitel-076-6581445,Mobile,+8550766581445
Mobitel-076-6581446,Mobile,+8550766581446
Mobitel-076-6581447,Mobile,+8550766581447
Mobitel-076-6581448,Mobile,+8550766581448
Mobitel-076-6581449,Mobile,+8550766581449
Mobitel-076-6581450,Mobile,+8550766581450
Mobitel-076-6581451,Mobile,+8550766581451
Mobitel-076-6581452,Mobile,+8550766581452
Mobitel-076-6581453,Mobile,+8550766581453
Mobitel-076-6581454,Mobile,+8550766581454
Mobitel-076-6581455,Mobile,+8550766581455
Mobitel-076-6581456,Mobile,+8550766581456
Mobitel-076-6581457,Mobile,+8550766581457
Mobitel-076-6581458,Mobile,+8550766581458
Mobitel-076-6581459,Mobile,+8550766581459
Mobitel-076-6581460,Mobile,+8550766581460
Mobitel-076-6581461,Mobile,+8550766581461
Mobitel-076-6581462,Mobile,+8550766581462
Mobitel-076-6581463,Mobile,+8550766581463
Mobitel-076-6581464,Mobile,+8550766581464
Mobitel-076-6581465,Mobile,+8550766581465
Mobitel-076-6581466,Mobile,+8550766581466
Mobitel-076-6581467,Mobile,+8550766581467
Mobitel-076-6581468,Mobile,+8550766581468
Mobitel-076-6581469,Mobile,+8550766581469
Mobitel-076-6581470,Mobile,+8550766581470
Mobitel-076-6581471,Mobile,+8550766581471
Mobitel-076-6581472,Mobile,+8550766581472
Mobitel-076-6581473,Mobile,+8550766581473
Mobitel-076-6581474,Mobile,+8550766581474
Mobitel-076-6581475,Mobile,+8550766581475
Mobitel-076-6581476,Mobile,+8550766581476
Mobitel-076-6581477,Mobile,+8550766581477
Mobitel-076-6581478,Mobile,+8550766581478
Mobitel-076-6581479,Mobile,+8550766581479
Mobitel-076-6581480,Mobile,+8550766581480
Mobitel-076-6581481,Mobile,+8550766581481
Mobitel-076-6581482,Mobile,+8550766581482
Mobitel-076-6581483,Mobile,+8550766581483
Mobitel-076-6581484,Mobile,+8550766581484
Mobitel-076-6581485,Mobile,+8550766581485
Mobitel-076-6581486,Mobile,+8550766581486
Mobitel-076-6581487,Mobile,+8550766581487
Mobitel-076-6581488,Mobile,+8550766581488
Mobitel-076-6581489,Mobile,+8550766581489
Mobitel-076-6581490,Mobile,+8550766581490
Mobitel-076-6581491,Mobile,+8550766581491
Mobitel-076-6581492,Mobile,+8550766581492
Mobitel-076-6581493,Mobile,+8550766581493
Mobitel-076-6581494,Mobile,+8550766581494
Mobitel-076-6581495,Mobile,+8550766581495
Mobitel-076-6581496,Mobile,+8550766581496
Mobitel-076-6581497,Mobile,+8550766581497
Mobitel-076-6581498,Mobile,+8550766581498
Mobitel-076-6581499,Mobile,+8550766581499
Mobitel-076-6581500,Mobile,+8550766581500
Mobitel-076-6581501,Mobile,+8550766581501
Mobitel-076-6581502,Mobile,+8550766581502
Mobitel-076-6581503,Mobile,+8550766581503
Mobitel-076-6581504,Mobile,+8550766581504
Mobitel-076-6581505,Mobile,+8550766581505
Mobitel-076-6581506,Mobile,+8550766581506
Mobitel-076-6581507,Mobile,+8550766581507
Mobitel-076-6581508,Mobile,+8550766581508
Mobitel-076-6581509,Mobile,+8550766581509
Mobitel-076-6581510,Mobile,+8550766581510
Mobitel-076-6581511,Mobile,+8550766581511
Mobitel-076-6581512,Mobile,+8550766581512
Mobitel-076-6581513,Mobile,+8550766581513
Mobitel-076-6581514,Mobile,+8550766581514
Mobitel-076-6581515,Mobile,+8550766581515
Mobitel-076-6581516,Mobile,+8550766581516
Mobitel-076-6581517,Mobile,+8550766581517
Mobitel-076-6581518,Mobile,+8550766581518
Mobitel-076-6581519,Mobile,+8550766581519
Mobitel-076-6581520,Mobile,+8550766581520
Mobitel-076-6581521,Mobile,+8550766581521
Mobitel-076-6581522,Mobile,+8550766581522
Mobitel-076-6581523,Mobile,+8550766581523
Mobitel-076-6581524,Mobile,+8550766581524
Mobitel-076-6581525,Mobile,+8550766581525
Mobitel-076-6581526,Mobile,+8550766581526
Mobitel-076-6581527,Mobile,+8550766581527
Mobitel-076-6581528,Mobile,+8550766581528
Mobitel-076-6581529,Mobile,+8550766581529
Mobitel-076-6581530,Mobile,+8550766581530
Mobitel-076-6581531,Mobile,+8550766581531
Mobitel-076-6581532,Mobile,+8550766581532
Mobitel-076-6581533,Mobile,+8550766581533
Mobitel-076-6581534,Mobile,+8550766581534
Mobitel-076-6581535,Mobile,+8550766581535
Mobitel-076-6581536,Mobile,+8550766581536
Mobitel-076-6581537,Mobile,+8550766581537
Mobitel-076-6581538,Mobile,+8550766581538
Mobitel-076-6581539,Mobile,+8550766581539
Mobitel-076-6581540,Mobile,+8550766581540
Mobitel-076-6581541,Mobile,+8550766581541
Mobitel-076-6581542,Mobile,+8550766581542
Mobitel-076-6581543,Mobile,+8550766581543
Mobitel-076-6581544,Mobile,+8550766581544
Mobitel-076-6581545,Mobile,+8550766581545
Mobitel-076-6581546,Mobile,+8550766581546
Mobitel-076-6581547,Mobile,+8550766581547
Mobitel-076-6581548,Mobile,+8550766581548
Mobitel-076-6581549,Mobile,+8550766581549
Mobitel-076-6581550,Mobile,+8550766581550
Mobitel-076-6581551,Mobile,+8550766581551
Mobitel-076-6581552,Mobile,+8550766581552
Mobitel-076-6581553,Mobile,+8550766581553
Mobitel-076-6581554,Mobile,+8550766581554
Mobitel-076-6581555,Mobile,+8550766581555
Mobitel-076-6581556,Mobile,+8550766581556
Mobitel-076-6581557,Mobile,+8550766581557
Mobitel-076-6581558,Mobile,+8550766581558
Mobitel-076-6581559,Mobile,+8550766581559
Mobitel-076-6581560,Mobile,+8550766581560
Mobitel-076-6581561,Mobile,+8550766581561
Mobitel-076-6581562,Mobile,+8550766581562
Mobitel-076-6581563,Mobile,+8550766581563
Mobitel-076-6581564,Mobile,+8550766581564
Mobitel-076-6581565,Mobile,+8550766581565
Mobitel-076-6581566,Mobile,+8550766581566
Mobitel-076-6581567,Mobile,+8550766581567
Mobitel-076-6581568,Mobile,+8550766581568
Mobitel-076-6581569,Mobile,+8550766581569
Mobitel-076-6581570,Mobile,+8550766581570
Mobitel-076-6581571,Mobile,+8550766581571
Mobitel-076-6581572,Mobile,+8550766581572
Mobitel-076-6581573,Mobile,+8550766581573
Mobitel-076-6581574,Mobile,+8550766581574
Mobitel-076-6581575,Mobile,+8550766581575
Mobitel-076-6581576,Mobile,+8550766581576
Mobitel-076-6581577,Mobile,+8550766581577
Mobitel-076-6581578,Mobile,+8550766581578
Mobitel-076-6581579,Mobile,+8550766581579
Mobitel-076-6581580,Mobile,+8550766581580
Mobitel-076-6581581,Mobile,+8550766581581
Mobitel-076-6581582,Mobile,+8550766581582
Mobitel-076-6581583,Mobile,+8550766581583
Mobitel-076-6581584,Mobile,+8550766581584
Mobitel-076-6581585,Mobile,+8550766581585
Mobitel-076-6581586,Mobile,+8550766581586
Mobitel-076-6581587,Mobile,+8550766581587
Mobitel-076-6581588,Mobile,+8550766581588
Mobitel-076-6581589,Mobile,+8550766581589
Mobitel-076-6581590,Mobile,+8550766581590
Mobitel-076-6581591,Mobile,+8550766581591
Mobitel-076-6581592,Mobile,+8550766581592
Mobitel-076-6581593,Mobile,+8550766581593
Mobitel-076-6581594,Mobile,+8550766581594
Mobitel-076-6581595,Mobile,+8550766581595
Mobitel-076-6581596,Mobile,+8550766581596
Mobitel-076-6581597,Mobile,+8550766581597
Mobitel-076-6581598,Mobile,+8550766581598
Mobitel-076-6581599,Mobile,+8550766581599
Mobitel-076-6581600,Mobile,+8550766581600
Mobitel-076-6581601,Mobile,+8550766581601
Mobitel-076-6581602,Mobile,+8550766581602
Mobitel-076-6581603,Mobile,+8550766581603
Mobitel-076-6581604,Mobile,+8550766581604
Mobitel-076-6581605,Mobile,+8550766581605
Mobitel-076-6581606,Mobile,+8550766581606
Mobitel-076-6581607,Mobile,+8550766581607
Mobitel-076-6581608,Mobile,+8550766581608
Mobitel-076-6581609,Mobile,+8550766581609
Mobitel-076-6581610,Mobile,+8550766581610
Mobitel-076-6581611,Mobile,+8550766581611
Mobitel-076-6581612,Mobile,+8550766581612
Mobitel-076-6581613,Mobile,+8550766581613
Mobitel-076-6581614,Mobile,+8550766581614
Mobitel-076-6581615,Mobile,+8550766581615
Mobitel-076-6581616,Mobile,+8550766581616
Mobitel-076-6581617,Mobile,+8550766581617
Mobitel-076-6581618,Mobile,+8550766581618
Mobitel-076-6581619,Mobile,+8550766581619
Mobitel-076-6581620,Mobile,+8550766581620
Mobitel-076-6581621,Mobile,+8550766581621
Mobitel-076-6581622,Mobile,+8550766581622
Mobitel-076-6581623,Mobile,+8550766581623
Mobitel-076-6581624,Mobile,+8550766581624
Mobitel-076-6581625,Mobile,+8550766581625
Mobitel-076-6581626,Mobile,+8550766581626
Mobitel-076-6581627,Mobile,+8550766581627
Mobitel-076-6581628,Mobile,+8550766581628
Mobitel-076-6581629,Mobile,+8550766581629
Mobitel-076-6581630,Mobile,+8550766581630
Mobitel-076-6581631,Mobile,+8550766581631
Mobitel-076-6581632,Mobile,+8550766581632
Mobitel-076-6581633,Mobile,+8550766581633
Mobitel-076-6581634,Mobile,+8550766581634
Mobitel-076-6581635,Mobile,+8550766581635
Mobitel-076-6581636,Mobile,+8550766581636
Mobitel-076-6581637,Mobile,+8550766581637
Mobitel-076-6581638,Mobile,+8550766581638
Mobitel-076-6581639,Mobile,+8550766581639
Mobitel-076-6581640,Mobile,+8550766581640
Mobitel-076-6581641,Mobile,+8550766581641
Mobitel-076-6581642,Mobile,+8550766581642
Mobitel-076-6581643,Mobile,+8550766581643
Mobitel-076-6581644,Mobile,+8550766581644
Mobitel-076-6581645,Mobile,+8550766581645
Mobitel-076-6581646,Mobile,+8550766581646
Mobitel-076-6581647,Mobile,+8550766581647
Mobitel-076-6581648,Mobile,+8550766581648
Mobitel-076-6581649,Mobile,+8550766581649
Mobitel-076-6581650,Mobile,+8550766581650
Mobitel-076-6581651,Mobile,+8550766581651
Mobitel-076-6581652,Mobile,+8550766581652
Mobitel-076-6581653,Mobile,+8550766581653
Mobitel-076-6581654,Mobile,+8550766581654
Mobitel-076-6581655,Mobile,+8550766581655
Mobitel-076-6581656,Mobile,+8550766581656
Mobitel-076-6581657,Mobile,+8550766581657
Mobitel-076-6581658,Mobile,+8550766581658
Mobitel-076-6581659,Mobile,+8550766581659
Mobitel-076-6581660,Mobile,+8550766581660
Mobitel-076-6581661,Mobile,+8550766581661
Mobitel-076-6581662,Mobile,+8550766581662
Mobitel-076-6581663,Mobile,+8550766581663
Mobitel-076-6581664,Mobile,+8550766581664
Mobitel-076-6581665,Mobile,+8550766581665
Mobitel-076-6581666,Mobile,+8550766581666
Mobitel-076-6581667,Mobile,+8550766581667
Mobitel-076-6581668,Mobile,+8550766581668
Mobitel-076-6581669,Mobile,+8550766581669
Mobitel-076-6581670,Mobile,+8550766581670
Mobitel-076-6581671,Mobile,+8550766581671
Mobitel-076-6581672,Mobile,+8550766581672
Mobitel-076-6581673,Mobile,+8550766581673
Mobitel-076-6581674,Mobile,+8550766581674
Mobitel-076-6581675,Mobile,+8550766581675
Mobitel-076-6581676,Mobile,+8550766581676
Mobitel-076-6581677,Mobile,+8550766581677
Mobitel-076-6581678,Mobile,+8550766581678
Mobitel-076-6581679,Mobile,+8550766581679
Mobitel-076-6581680,Mobile,+8550766581680
Mobitel-076-6581681,Mobile,+8550766581681
Mobitel-076-6581682,Mobile,+8550766581682
Mobitel-076-6581683,Mobile,+8550766581683
Mobitel-076-6581684,Mobile,+8550766581684
Mobitel-076-6581685,Mobile,+8550766581685
Mobitel-076-6581686,Mobile,+8550766581686
Mobitel-076-6581687,Mobile,+8550766581687
Mobitel-076-6581688,Mobile,+8550766581688
Mobitel-076-6581689,Mobile,+8550766581689
Mobitel-076-6581690,Mobile,+8550766581690
Mobitel-076-6581691,Mobile,+8550766581691
Mobitel-076-6581692,Mobile,+8550766581692
Mobitel-076-6581693,Mobile,+8550766581693
Mobitel-076-6581694,Mobile,+8550766581694
Mobitel-076-6581695,Mobile,+8550766581695
Mobitel-076-6581696,Mobile,+8550766581696
Mobitel-076-6581697,Mobile,+8550766581697
Mobitel-076-6581698,Mobile,+8550766581698
Mobitel-076-6581699,Mobile,+8550766581699
Mobitel-076-6581700,Mobile,+8550766581700
Mobitel-076-6581701,Mobile,+8550766581701
Mobitel-076-6581702,Mobile,+8550766581702
Mobitel-076-6581703,Mobile,+8550766581703
Mobitel-076-6581704,Mobile,+8550766581704
Mobitel-076-6581705,Mobile,+8550766581705
Mobitel-076-6581706,Mobile,+8550766581706
Mobitel-076-6581707,Mobile,+8550766581707
Mobitel-076-6581708,Mobile,+8550766581708
Mobitel-076-6581709,Mobile,+8550766581709
Mobitel-076-6581710,Mobile,+8550766581710
Mobitel-076-6581711,Mobile,+8550766581711
Mobitel-076-6581712,Mobile,+8550766581712
Mobitel-076-6581713,Mobile,+8550766581713
Mobitel-076-6581714,Mobile,+8550766581714
Mobitel-076-6581715,Mobile,+8550766581715
Mobitel-076-6581716,Mobile,+8550766581716
Mobitel-076-6581717,Mobile,+8550766581717
Mobitel-076-6581718,Mobile,+8550766581718
Mobitel-076-6581719,Mobile,+8550766581719
Mobitel-076-6581720,Mobile,+8550766581720
Mobitel-076-6581721,Mobile,+8550766581721
Mobitel-076-6581722,Mobile,+8550766581722
Mobitel-076-6581723,Mobile,+8550766581723
Mobitel-076-6581724,Mobile,+8550766581724
Mobitel-076-6581725,Mobile,+8550766581725
Mobitel-076-6581726,Mobile,+8550766581726
Mobitel-076-6581727,Mobile,+8550766581727
Mobitel-076-6581728,Mobile,+8550766581728
Mobitel-076-6581729,Mobile,+8550766581729
Mobitel-076-6581730,Mobile,+8550766581730
Mobitel-076-6581731,Mobile,+8550766581731
Mobitel-076-6581732,Mobile,+8550766581732
Mobitel-076-6581733,Mobile,+8550766581733
Mobitel-076-6581734,Mobile,+8550766581734
Mobitel-076-6581735,Mobile,+8550766581735
Mobitel-076-6581736,Mobile,+8550766581736
Mobitel-076-6581737,Mobile,+8550766581737
Mobitel-076-6581738,Mobile,+8550766581738
Mobitel-076-6581739,Mobile,+8550766581739
Mobitel-076-6581740,Mobile,+8550766581740
Mobitel-076-6581741,Mobile,+8550766581741
Mobitel-076-6581742,Mobile,+8550766581742
Mobitel-076-6581743,Mobile,+8550766581743
Mobitel-076-6581744,Mobile,+8550766581744
Mobitel-076-6581745,Mobile,+8550766581745
Mobitel-076-6581746,Mobile,+8550766581746
Mobitel-076-6581747,Mobile,+8550766581747
Mobitel-076-6581748,Mobile,+8550766581748
Mobitel-076-6581749,Mobile,+8550766581749
Mobitel-076-6581750,Mobile,+8550766581750
Mobitel-076-6581751,Mobile,+8550766581751
Mobitel-076-6581752,Mobile,+8550766581752
Mobitel-076-6581753,Mobile,+8550766581753
Mobitel-076-6581754,Mobile,+8550766581754
Mobitel-076-6581755,Mobile,+8550766581755
Mobitel-076-6581756,Mobile,+8550766581756
Mobitel-076-6581757,Mobile,+8550766581757
Mobitel-076-6581758,Mobile,+8550766581758
Mobitel-076-6581759,Mobile,+8550766581759
Mobitel-076-6581760,Mobile,+8550766581760
Mobitel-076-6581761,Mobile,+8550766581761
Mobitel-076-6581762,Mobile,+8550766581762
Mobitel-076-6581763,Mobile,+8550766581763
Mobitel-076-6581764,Mobile,+8550766581764
Mobitel-076-6581765,Mobile,+8550766581765
Mobitel-076-6581766,Mobile,+8550766581766
Mobitel-076-6581767,Mobile,+8550766581767
Mobitel-076-6581768,Mobile,+8550766581768
Mobitel-076-6581769,Mobile,+8550766581769
Mobitel-076-6581770,Mobile,+8550766581770
Mobitel-076-6581771,Mobile,+8550766581771
Mobitel-076-6581772,Mobile,+8550766581772
Mobitel-076-6581773,Mobile,+8550766581773
Mobitel-076-6581774,Mobile,+8550766581774
Mobitel-076-6581775,Mobile,+8550766581775
Mobitel-076-6581776,Mobile,+8550766581776
Mobitel-076-6581777,Mobile,+8550766581777
Mobitel-076-6581778,Mobile,+8550766581778
Mobitel-076-6581779,Mobile,+8550766581779
Mobitel-076-6581780,Mobile,+8550766581780
Mobitel-076-6581781,Mobile,+8550766581781
Mobitel-076-6581782,Mobile,+8550766581782
Mobitel-076-6581783,Mobile,+8550766581783
Mobitel-076-6581784,Mobile,+8550766581784
Mobitel-076-6581785,Mobile,+8550766581785
Mobitel-076-6581786,Mobile,+8550766581786
Mobitel-076-6581787,Mobile,+8550766581787
Mobitel-076-6581788,Mobile,+8550766581788
Mobitel-076-6581789,Mobile,+8550766581789
Mobitel-076-6581790,Mobile,+8550766581790
Mobitel-076-6581791,Mobile,+8550766581791
Mobitel-076-6581792,Mobile,+8550766581792
Mobitel-076-6581793,Mobile,+8550766581793
Mobitel-076-6581794,Mobile,+8550766581794
Mobitel-076-6581795,Mobile,+8550766581795
Mobitel-076-6581796,Mobile,+8550766581796
Mobitel-076-6581797,Mobile,+8550766581797
Mobitel-076-6581798,Mobile,+8550766581798
Mobitel-076-6581799,Mobile,+8550766581799
Mobitel-076-6581800,Mobile,+8550766581800
Mobitel-076-6581801,Mobile,+8550766581801
Mobitel-076-6581802,Mobile,+8550766581802
Mobitel-076-6581803,Mobile,+8550766581803
Mobitel-076-6581804,Mobile,+8550766581804
Mobitel-076-6581805,Mobile,+8550766581805
Mobitel-076-6581806,Mobile,+8550766581806
Mobitel-076-6581807,Mobile,+8550766581807
Mobitel-076-6581808,Mobile,+8550766581808
Mobitel-076-6581809,Mobile,+8550766581809
Mobitel-076-6581810,Mobile,+8550766581810
Mobitel-076-6581811,Mobile,+8550766581811
Mobitel-076-6581812,Mobile,+8550766581812
Mobitel-076-6581813,Mobile,+8550766581813
Mobitel-076-6581814,Mobile,+8550766581814
Mobitel-076-6581815,Mobile,+8550766581815
Mobitel-076-6581816,Mobile,+8550766581816
Mobitel-076-6581817,Mobile,+8550766581817
Mobitel-076-6581818,Mobile,+8550766581818
Mobitel-076-6581819,Mobile,+8550766581819
Mobitel-076-6581820,Mobile,+8550766581820
Mobitel-076-6581821,Mobile,+8550766581821
Mobitel-076-6581822,Mobile,+8550766581822
Mobitel-076-6581823,Mobile,+8550766581823
Mobitel-076-6581824,Mobile,+8550766581824
Mobitel-076-6581825,Mobile,+8550766581825
Mobitel-076-6581826,Mobile,+8550766581826
Mobitel-076-6581827,Mobile,+8550766581827
Mobitel-076-6581828,Mobile,+8550766581828
Mobitel-076-6581829,Mobile,+8550766581829
Mobitel-076-6581830,Mobile,+8550766581830
Mobitel-076-6581831,Mobile,+8550766581831
Mobitel-076-6581832,Mobile,+8550766581832
Mobitel-076-6581833,Mobile,+8550766581833
Mobitel-076-6581834,Mobile,+8550766581834
Mobitel-076-6581835,Mobile,+8550766581835
Mobitel-076-6581836,Mobile,+8550766581836
Mobitel-076-6581837,Mobile,+8550766581837
Mobitel-076-6581838,Mobile,+8550766581838
Mobitel-076-6581839,Mobile,+8550766581839
Mobitel-076-6581840,Mobile,+8550766581840
Mobitel-076-6581841,Mobile,+8550766581841
Mobitel-076-6581842,Mobile,+8550766581842
Mobitel-076-6581843,Mobile,+8550766581843
Mobitel-076-6581844,Mobile,+8550766581844
Mobitel-076-6581845,Mobile,+8550766581845
Mobitel-076-6581846,Mobile,+8550766581846
Mobitel-076-6581847,Mobile,+8550766581847
Mobitel-076-6581848,Mobile,+8550766581848
Mobitel-076-6581849,Mobile,+8550766581849
Mobitel-076-6581850,Mobile,+8550766581850
Mobitel-076-6581851,Mobile,+8550766581851
Mobitel-076-6581852,Mobile,+8550766581852
Mobitel-076-6581853,Mobile,+8550766581853
Mobitel-076-6581854,Mobile,+8550766581854
Mobitel-076-6581855,Mobile,+8550766581855
Mobitel-076-6581856,Mobile,+8550766581856
Mobitel-076-6581857,Mobile,+8550766581857
Mobitel-076-6581858,Mobile,+8550766581858
Mobitel-076-6581859,Mobile,+8550766581859
Mobitel-076-6581860,Mobile,+8550766581860
Mobitel-076-6581861,Mobile,+8550766581861
Mobitel-076-6581862,Mobile,+8550766581862
Mobitel-076-6581863,Mobile,+8550766581863
Mobitel-076-6581864,Mobile,+8550766581864
Mobitel-076-6581865,Mobile,+8550766581865
Mobitel-076-6581866,Mobile,+8550766581866
Mobitel-076-6581867,Mobile,+8550766581867
Mobitel-076-6581868,Mobile,+8550766581868
Mobitel-076-6581869,Mobile,+8550766581869
Mobitel-076-6581870,Mobile,+8550766581870
Mobitel-076-6581871,Mobile,+8550766581871
Mobitel-076-6581872,Mobile,+8550766581872
Mobitel-076-6581873,Mobile,+8550766581873
Mobitel-076-6581874,Mobile,+8550766581874
Mobitel-076-6581875,Mobile,+8550766581875
Mobitel-076-6581876,Mobile,+8550766581876
Mobitel-076-6581877,Mobile,+8550766581877
Mobitel-076-6581878,Mobile,+8550766581878
Mobitel-076-6581879,Mobile,+8550766581879
Mobitel-076-6581880,Mobile,+8550766581880
Mobitel-076-6581881,Mobile,+8550766581881
Mobitel-076-6581882,Mobile,+8550766581882
Mobitel-076-6581883,Mobile,+8550766581883
Mobitel-076-6581884,Mobile,+8550766581884
Mobitel-076-6581885,Mobile,+8550766581885
Mobitel-076-6581886,Mobile,+8550766581886
Mobitel-076-6581887,Mobile,+8550766581887
Mobitel-076-6581888,Mobile,+8550766581888
Mobitel-076-6581889,Mobile,+8550766581889
Mobitel-076-6581890,Mobile,+8550766581890
Mobitel-076-6581891,Mobile,+8550766581891
Mobitel-076-6581892,Mobile,+8550766581892
Mobitel-076-6581893,Mobile,+8550766581893
Mobitel-076-6581894,Mobile,+8550766581894
Mobitel-076-6581895,Mobile,+8550766581895
Mobitel-076-6581896,Mobile,+8550766581896
Mobitel-076-6581897,Mobile,+8550766581897
Mobitel-076-6581898,Mobile,+8550766581898
Mobitel-076-6581899,Mobile,+8550766581899
Mobitel-076-6581900,Mobile,+8550766581900
Mobitel-076-6581901,Mobile,+8550766581901
Mobitel-076-6581902,Mobile,+8550766581902
Mobitel-076-6581903,Mobile,+8550766581903
Mobitel-076-6581904,Mobile,+8550766581904
Mobitel-076-6581905,Mobile,+8550766581905
Mobitel-076-6581906,Mobile,+8550766581906
Mobitel-076-6581907,Mobile,+8550766581907
Mobitel-076-6581908,Mobile,+8550766581908
Mobitel-076-6581909,Mobile,+8550766581909
Mobitel-076-6581910,Mobile,+8550766581910
Mobitel-076-6581911,Mobile,+8550766581911
Mobitel-076-6581912,Mobile,+8550766581912
Mobitel-076-6581913,Mobile,+8550766581913
Mobitel-076-6581914,Mobile,+8550766581914
Mobitel-076-6581915,Mobile,+8550766581915
Mobitel-076-6581916,Mobile,+8550766581916
Mobitel-076-6581917,Mobile,+8550766581917
Mobitel-076-6581918,Mobile,+8550766581918
Mobitel-076-6581919,Mobile,+8550766581919
Mobitel-076-6581920,Mobile,+8550766581920
Mobitel-076-6581921,Mobile,+8550766581921
Mobitel-076-6581922,Mobile,+8550766581922
Mobitel-076-6581923,Mobile,+8550766581923
Mobitel-076-6581924,Mobile,+8550766581924
Mobitel-076-6581925,Mobile,+8550766581925
Mobitel-076-6581926,Mobile,+8550766581926
Mobitel-076-6581927,Mobile,+8550766581927
Mobitel-076-6581928,Mobile,+8550766581928
Mobitel-076-6581929,Mobile,+8550766581929
Mobitel-076-6581930,Mobile,+8550766581930
Mobitel-076-6581931,Mobile,+8550766581931
Mobitel-076-6581932,Mobile,+8550766581932
Mobitel-076-6581933,Mobile,+8550766581933
Mobitel-076-6581934,Mobile,+8550766581934
Mobitel-076-6581935,Mobile,+8550766581935
Mobitel-076-6581936,Mobile,+8550766581936
Mobitel-076-6581937,Mobile,+8550766581937
Mobitel-076-6581938,Mobile,+8550766581938
Mobitel-076-6581939,Mobile,+8550766581939
Mobitel-076-6581940,Mobile,+8550766581940
Mobitel-076-6581941,Mobile,+8550766581941
Mobitel-076-6581942,Mobile,+8550766581942
Mobitel-076-6581943,Mobile,+8550766581943
Mobitel-076-6581944,Mobile,+8550766581944
Mobitel-076-6581945,Mobile,+8550766581945
Mobitel-076-6581946,Mobile,+8550766581946
Mobitel-076-6581947,Mobile,+8550766581947
Mobitel-076-6581948,Mobile,+8550766581948
Mobitel-076-6581949,Mobile,+8550766581949
Mobitel-076-6581950,Mobile,+8550766581950
Mobitel-076-6581951,Mobile,+8550766581951
Mobitel-076-6581952,Mobile,+8550766581952
Mobitel-076-6581953,Mobile,+8550766581953
Mobitel-076-6581954,Mobile,+8550766581954
Mobitel-076-6581955,Mobile,+8550766581955
Mobitel-076-6581956,Mobile,+8550766581956
Mobitel-076-6581957,Mobile,+8550766581957
Mobitel-076-6581958,Mobile,+8550766581958
Mobitel-076-6581959,Mobile,+8550766581959
Mobitel-076-6581960,Mobile,+8550766581960
Mobitel-076-6581961,Mobile,+8550766581961
Mobitel-076-6581962,Mobile,+8550766581962
Mobitel-076-6581963,Mobile,+8550766581963
Mobitel-076-6581964,Mobile,+8550766581964
Mobitel-076-6581965,Mobile,+8550766581965
Mobitel-076-6581966,Mobile,+8550766581966
Mobitel-076-6581967,Mobile,+8550766581967
Mobitel-076-6581968,Mobile,+8550766581968
Mobitel-076-6581969,Mobile,+8550766581969
Mobitel-076-6581970,Mobile,+8550766581970
Mobitel-076-6581971,Mobile,+8550766581971
Mobitel-076-6581972,Mobile,+8550766581972
Mobitel-076-6581973,Mobile,+8550766581973
Mobitel-076-6581974,Mobile,+8550766581974
Mobitel-076-6581975,Mobile,+8550766581975
Mobitel-076-6581976,Mobile,+8550766581976
Mobitel-076-6581977,Mobile,+8550766581977
Mobitel-076-6581978,Mobile,+8550766581978
Mobitel-076-6581979,Mobile,+8550766581979
Mobitel-076-6581980,Mobile,+8550766581980
Mobitel-076-6581981,Mobile,+8550766581981
Mobitel-076-6581982,Mobile,+8550766581982
Mobitel-076-6581983,Mobile,+8550766581983
Mobitel-076-6581984,Mobile,+8550766581984
Mobitel-076-6581985,Mobile,+8550766581985
Mobitel-076-6581986,Mobile,+8550766581986
Mobitel-076-6581987,Mobile,+8550766581987
Mobitel-076-6581988,Mobile,+8550766581988
Mobitel-076-6581989,Mobile,+8550766581989
Mobitel-076-6581990,Mobile,+8550766581990
Mobitel-076-6581991,Mobile,+8550766581991
Mobitel-076-6581992,Mobile,+8550766581992
Mobitel-076-6581993,Mobile,+8550766581993
Mobitel-076-6581994,Mobile,+8550766581994
Mobitel-076-6581995,Mobile,+8550766581995
Mobitel-076-6581996,Mobile,+8550766581996
Mobitel-076-6581997,Mobile,+8550766581997
Mobitel-076-6581998,Mobile,+8550766581998
Mobitel-076-6581999,Mobile,+8550766581999
Mobitel-076-6582000,Mobile,+8550766582000
Mobitel-076-6582001,Mobile,+8550766582001
Mobitel-076-6582002,Mobile,+8550766582002
Mobitel-076-6582003,Mobile,+8550766582003
Mobitel-076-6582004,Mobile,+8550766582004
Mobitel-076-6582005,Mobile,+8550766582005
Mobitel-076-6582006,Mobile,+8550766582006
Mobitel-076-6582007,Mobile,+8550766582007
Mobitel-076-6582008,Mobile,+8550766582008
Mobitel-076-6582009,Mobile,+8550766582009
Mobitel-076-6582010,Mobile,+8550766582010
Mobitel-076-6582011,Mobile,+8550766582011
Mobitel-076-6582012,Mobile,+8550766582012
Mobitel-076-6582013,Mobile,+8550766582013
Mobitel-076-6582014,Mobile,+8550766582014
Mobitel-076-6582015,Mobile,+8550766582015
Mobitel-076-6582016,Mobile,+8550766582016
Mobitel-076-6582017,Mobile,+8550766582017
Mobitel-076-6582018,Mobile,+8550766582018
Mobitel-076-6582019,Mobile,+8550766582019
Mobitel-076-6582020,Mobile,+8550766582020
Mobitel-076-6582021,Mobile,+8550766582021
Mobitel-076-6582022,Mobile,+8550766582022
Mobitel-076-6582023,Mobile,+8550766582023
Mobitel-076-6582024,Mobile,+8550766582024
Mobitel-076-6582025,Mobile,+8550766582025
Mobitel-076-6582026,Mobile,+8550766582026
Mobitel-076-6582027,Mobile,+8550766582027
Mobitel-076-6582028,Mobile,+8550766582028
Mobitel-076-6582029,Mobile,+8550766582029
Mobitel-076-6582030,Mobile,+8550766582030
Mobitel-076-6582031,Mobile,+8550766582031
Mobitel-076-6582032,Mobile,+8550766582032
Mobitel-076-6582033,Mobile,+8550766582033
Mobitel-076-6582034,Mobile,+8550766582034
Mobitel-076-6582035,Mobile,+8550766582035
Mobitel-076-6582036,Mobile,+8550766582036
Mobitel-076-6582037,Mobile,+8550766582037
Mobitel-076-6582038,Mobile,+8550766582038
Mobitel-076-6582039,Mobile,+8550766582039
Mobitel-076-6582040,Mobile,+8550766582040
Mobitel-076-6582041,Mobile,+8550766582041
Mobitel-076-6582042,Mobile,+8550766582042
Mobitel-076-6582043,Mobile,+8550766582043
Mobitel-076-6582044,Mobile,+8550766582044
Mobitel-076-6582045,Mobile,+8550766582045
Mobitel-076-6582046,Mobile,+8550766582046
Mobitel-076-6582047,Mobile,+8550766582047
Mobitel-076-6582048,Mobile,+8550766582048
Mobitel-076-6582049,Mobile,+8550766582049
Mobitel-076-6582050,Mobile,+8550766582050
Mobitel-076-6582051,Mobile,+8550766582051
Mobitel-076-6582052,Mobile,+8550766582052
Mobitel-076-6582053,Mobile,+8550766582053
Mobitel-076-6582054,Mobile,+8550766582054
Mobitel-076-6582055,Mobile,+8550766582055
Mobitel-076-6582056,Mobile,+8550766582056
Mobitel-076-6582057,Mobile,+8550766582057
Mobitel-076-6582058,Mobile,+8550766582058
Mobitel-076-6582059,Mobile,+8550766582059
Mobitel-076-6582060,Mobile,+8550766582060
Mobitel-076-6582061,Mobile,+8550766582061
Mobitel-076-6582062,Mobile,+8550766582062
Mobitel-076-6582063,Mobile,+8550766582063
Mobitel-076-6582064,Mobile,+8550766582064
Mobitel-076-6582065,Mobile,+8550766582065
Mobitel-076-6582066,Mobile,+8550766582066
Mobitel-076-6582067,Mobile,+8550766582067
Mobitel-076-6582068,Mobile,+8550766582068
Mobitel-076-6582069,Mobile,+8550766582069
Mobitel-076-6582070,Mobile,+8550766582070
Mobitel-076-6582071,Mobile,+8550766582071
Mobitel-076-6582072,Mobile,+8550766582072
Mobitel-076-6582073,Mobile,+8550766582073
Mobitel-076-6582074,Mobile,+8550766582074
Mobitel-076-6582075,Mobile,+8550766582075
Mobitel-076-6582076,Mobile,+8550766582076
Mobitel-076-6582077,Mobile,+8550766582077
Mobitel-076-6582078,Mobile,+8550766582078
Mobitel-076-6582079,Mobile,+8550766582079
Mobitel-076-6582080,Mobile,+8550766582080
Mobitel-076-6582081,Mobile,+8550766582081
Mobitel-076-6582082,Mobile,+8550766582082
Mobitel-076-6582083,Mobile,+8550766582083
Mobitel-076-6582084,Mobile,+8550766582084
Mobitel-076-6582085,Mobile,+8550766582085
Mobitel-076-6582086,Mobile,+8550766582086
Mobitel-076-6582087,Mobile,+8550766582087
Mobitel-076-6582088,Mobile,+8550766582088
Mobitel-076-6582089,Mobile,+8550766582089
Mobitel-076-6582090,Mobile,+8550766582090
Mobitel-076-6582091,Mobile,+8550766582091
Mobitel-076-6582092,Mobile,+8550766582092
Mobitel-076-6582093,Mobile,+8550766582093
Mobitel-076-6582094,Mobile,+8550766582094
Mobitel-076-6582095,Mobile,+8550766582095
Mobitel-076-6582096,Mobile,+8550766582096
Mobitel-076-6582097,Mobile,+8550766582097
Mobitel-076-6582098,Mobile,+8550766582098
Mobitel-076-6582099,Mobile,+8550766582099
Mobitel-076-6582100,Mobile,+8550766582100
Mobitel-076-6582101,Mobile,+8550766582101
Mobitel-076-6582102,Mobile,+8550766582102
Mobitel-076-6582103,Mobile,+8550766582103
Mobitel-076-6582104,Mobile,+8550766582104
Mobitel-076-6582105,Mobile,+8550766582105
Mobitel-076-6582106,Mobile,+8550766582106
Mobitel-076-6582107,Mobile,+8550766582107
Mobitel-076-6582108,Mobile,+8550766582108
Mobitel-076-6582109,Mobile,+8550766582109
Mobitel-076-6582110,Mobile,+8550766582110
Mobitel-076-6582111,Mobile,+8550766582111
Mobitel-076-6582112,Mobile,+8550766582112
Mobitel-076-6582113,Mobile,+8550766582113
Mobitel-076-6582114,Mobile,+8550766582114
Mobitel-076-6582115,Mobile,+8550766582115
Mobitel-076-6582116,Mobile,+8550766582116
Mobitel-076-6582117,Mobile,+8550766582117
Mobitel-076-6582118,Mobile,+8550766582118
Mobitel-076-6582119,Mobile,+8550766582119
Mobitel-076-6582120,Mobile,+8550766582120
Mobitel-076-6582121,Mobile,+8550766582121
Mobitel-076-6582122,Mobile,+8550766582122
Mobitel-076-6582123,Mobile,+8550766582123
Mobitel-076-6582124,Mobile,+8550766582124
Mobitel-076-6582125,Mobile,+8550766582125
Mobitel-076-6582126,Mobile,+8550766582126
Mobitel-076-6582127,Mobile,+8550766582127
Mobitel-076-6582128,Mobile,+8550766582128
Mobitel-076-6582129,Mobile,+8550766582129
Mobitel-076-6582130,Mobile,+8550766582130
Mobitel-076-6582131,Mobile,+8550766582131
Mobitel-076-6582132,Mobile,+8550766582132
Mobitel-076-6582133,Mobile,+8550766582133
Mobitel-076-6582134,Mobile,+8550766582134
Mobitel-076-6582135,Mobile,+8550766582135
Mobitel-076-6582136,Mobile,+8550766582136
Mobitel-076-6582137,Mobile,+8550766582137
Mobitel-076-6582138,Mobile,+8550766582138
Mobitel-076-6582139,Mobile,+8550766582139
Mobitel-076-6582140,Mobile,+8550766582140
Mobitel-076-6582141,Mobile,+8550766582141
Mobitel-076-6582142,Mobile,+8550766582142
Mobitel-076-6582143,Mobile,+8550766582143
Mobitel-076-6582144,Mobile,+8550766582144
Mobitel-076-6582145,Mobile,+8550766582145
Mobitel-076-6582146,Mobile,+8550766582146
Mobitel-076-6582147,Mobile,+8550766582147
Mobitel-076-6582148,Mobile,+8550766582148
Mobitel-076-6582149,Mobile,+8550766582149
Mobitel-076-6582150,Mobile,+8550766582150
Mobitel-076-6582151,Mobile,+8550766582151
Mobitel-076-6582152,Mobile,+8550766582152
Mobitel-076-6582153,Mobile,+8550766582153
Mobitel-076-6582154,Mobile,+8550766582154
Mobitel-076-6582155,Mobile,+8550766582155
Mobitel-076-6582156,Mobile,+8550766582156
Mobitel-076-6582157,Mobile,+8550766582157
Mobitel-076-6582158,Mobile,+8550766582158
Mobitel-076-6582159,Mobile,+8550766582159
Mobitel-076-6582160,Mobile,+8550766582160
Mobitel-076-6582161,Mobile,+8550766582161
Mobitel-076-6582162,Mobile,+8550766582162
Mobitel-076-6582163,Mobile,+8550766582163
Mobitel-076-6582164,Mobile,+8550766582164
Mobitel-076-6582165,Mobile,+8550766582165
Mobitel-076-6582166,Mobile,+8550766582166
Mobitel-076-6582167,Mobile,+8550766582167
Mobitel-076-6582168,Mobile,+8550766582168
Mobitel-076-6582169,Mobile,+8550766582169
Mobitel-076-6582170,Mobile,+8550766582170
Mobitel-076-6582171,Mobile,+8550766582171
Mobitel-076-6582172,Mobile,+8550766582172
Mobitel-076-6582173,Mobile,+8550766582173
Mobitel-076-6582174,Mobile,+8550766582174
Mobitel-076-6582175,Mobile,+8550766582175
Mobitel-076-6582176,Mobile,+8550766582176
Mobitel-076-6582177,Mobile,+8550766582177
Mobitel-076-6582178,Mobile,+8550766582178
Mobitel-076-6582179,Mobile,+8550766582179
Mobitel-076-6582180,Mobile,+8550766582180
Mobitel-076-6582181,Mobile,+8550766582181
Mobitel-076-6582182,Mobile,+8550766582182
Mobitel-076-6582183,Mobile,+8550766582183
Mobitel-076-6582184,Mobile,+8550766582184
Mobitel-076-6582185,Mobile,+8550766582185
Mobitel-076-6582186,Mobile,+8550766582186
Mobitel-076-6582187,Mobile,+8550766582187
Mobitel-076-6582188,Mobile,+8550766582188
Mobitel-076-6582189,Mobile,+8550766582189
Mobitel-076-6582190,Mobile,+8550766582190
Mobitel-076-6582191,Mobile,+8550766582191
Mobitel-076-6582192,Mobile,+8550766582192
Mobitel-076-6582193,Mobile,+8550766582193
Mobitel-076-6582194,Mobile,+8550766582194
Mobitel-076-6582195,Mobile,+8550766582195
Mobitel-076-6582196,Mobile,+8550766582196
Mobitel-076-6582197,Mobile,+8550766582197
Mobitel-076-6582198,Mobile,+8550766582198
Mobitel-076-6582199,Mobile,+8550766582199
Mobitel-076-6582200,Mobile,+8550766582200
Mobitel-076-6582201,Mobile,+8550766582201
Mobitel-076-6582202,Mobile,+8550766582202
Mobitel-076-6582203,Mobile,+8550766582203
Mobitel-076-6582204,Mobile,+8550766582204
Mobitel-076-6582205,Mobile,+8550766582205
Mobitel-076-6582206,Mobile,+8550766582206
Mobitel-076-6582207,Mobile,+8550766582207
Mobitel-076-6582208,Mobile,+8550766582208
Mobitel-076-6582209,Mobile,+8550766582209
Mobitel-076-6582210,Mobile,+8550766582210
Mobitel-076-6582211,Mobile,+8550766582211
Mobitel-076-6582212,Mobile,+8550766582212
Mobitel-076-6582213,Mobile,+8550766582213
Mobitel-076-6582214,Mobile,+8550766582214
Mobitel-076-6582215,Mobile,+8550766582215
Mobitel-076-6582216,Mobile,+8550766582216
Mobitel-076-6582217,Mobile,+8550766582217
Mobitel-076-6582218,Mobile,+8550766582218
Mobitel-076-6582219,Mobile,+8550766582219
Mobitel-076-6582220,Mobile,+8550766582220
Mobitel-076-6582221,Mobile,+8550766582221
Mobitel-076-6582222,Mobile,+8550766582222
Mobitel-076-6582223,Mobile,+8550766582223
Mobitel-076-6582224,Mobile,+8550766582224
Mobitel-076-6582225,Mobile,+8550766582225
Mobitel-076-6582226,Mobile,+8550766582226
Mobitel-076-6582227,Mobile,+8550766582227
Mobitel-076-6582228,Mobile,+8550766582228
Mobitel-076-6582229,Mobile,+8550766582229
Mobitel-076-6582230,Mobile,+8550766582230
Mobitel-076-6582231,Mobile,+8550766582231
Mobitel-076-6582232,Mobile,+8550766582232
Mobitel-076-6582233,Mobile,+8550766582233
Mobitel-076-6582234,Mobile,+8550766582234
Mobitel-076-6582235,Mobile,+8550766582235
Mobitel-076-6582236,Mobile,+8550766582236
Mobitel-076-6582237,Mobile,+8550766582237
Mobitel-076-6582238,Mobile,+8550766582238
Mobitel-076-6582239,Mobile,+8550766582239
Mobitel-076-6582240,Mobile,+8550766582240
Mobitel-076-6582241,Mobile,+8550766582241
Mobitel-076-6582242,Mobile,+8550766582242
Mobitel-076-6582243,Mobile,+8550766582243
Mobitel-076-6582244,Mobile,+8550766582244
Mobitel-076-6582245,Mobile,+8550766582245
Mobitel-076-6582246,Mobile,+8550766582246
Mobitel-076-6582247,Mobile,+8550766582247
Mobitel-076-6582248,Mobile,+8550766582248
Mobitel-076-6582249,Mobile,+8550766582249
Mobitel-076-6582250,Mobile,+8550766582250
Mobitel-076-6582251,Mobile,+8550766582251
Mobitel-076-6582252,Mobile,+8550766582252
Mobitel-076-6582253,Mobile,+8550766582253
Mobitel-076-6582254,Mobile,+8550766582254
Mobitel-076-6582255,Mobile,+8550766582255
Mobitel-076-6582256,Mobile,+8550766582256
Mobitel-076-6582257,Mobile,+8550766582257
Mobitel-076-6582258,Mobile,+8550766582258
Mobitel-076-6582259,Mobile,+8550766582259
Mobitel-076-6582260,Mobile,+8550766582260
Mobitel-076-6582261,Mobile,+8550766582261
Mobitel-076-6582262,Mobile,+8550766582262
Mobitel-076-6582263,Mobile,+8550766582263
Mobitel-076-6582264,Mobile,+8550766582264
Mobitel-076-6582265,Mobile,+8550766582265
Mobitel-076-6582266,Mobile,+8550766582266
Mobitel-076-6582267,Mobile,+8550766582267
Mobitel-076-6582268,Mobile,+8550766582268
Mobitel-076-6582269,Mobile,+8550766582269
Mobitel-076-6582270,Mobile,+8550766582270
Mobitel-076-6582271,Mobile,+8550766582271
Mobitel-076-6582272,Mobile,+8550766582272
Mobitel-076-6582273,Mobile,+8550766582273
Mobitel-076-6582274,Mobile,+8550766582274
Mobitel-076-6582275,Mobile,+8550766582275
Mobitel-076-6582276,Mobile,+8550766582276
Mobitel-076-6582277,Mobile,+8550766582277
Mobitel-076-6582278,Mobile,+8550766582278
Mobitel-076-6582279,Mobile,+8550766582279
Mobitel-076-6582280,Mobile,+8550766582280
Mobitel-076-6582281,Mobile,+8550766582281
Mobitel-076-6582282,Mobile,+8550766582282
Mobitel-076-6582283,Mobile,+8550766582283
Mobitel-076-6582284,Mobile,+8550766582284
Mobitel-076-6582285,Mobile,+8550766582285
Mobitel-076-6582286,Mobile,+8550766582286
Mobitel-076-6582287,Mobile,+8550766582287
Mobitel-076-6582288,Mobile,+8550766582288
Mobitel-076-6582289,Mobile,+8550766582289
Mobitel-076-6582290,Mobile,+8550766582290
Mobitel-076-6582291,Mobile,+8550766582291
Mobitel-076-6582292,Mobile,+8550766582292
Mobitel-076-6582293,Mobile,+8550766582293
Mobitel-076-6582294,Mobile,+8550766582294
Mobitel-076-6582295,Mobile,+8550766582295
Mobitel-076-6582296,Mobile,+8550766582296
Mobitel-076-6582297,Mobile,+8550766582297
Mobitel-076-6582298,Mobile,+8550766582298
Mobitel-076-6582299,Mobile,+8550766582299
Mobitel-076-6582300,Mobile,+8550766582300
Mobitel-076-6582301,Mobile,+8550766582301
Mobitel-076-6582302,Mobile,+8550766582302
Mobitel-076-6582303,Mobile,+8550766582303
Mobitel-076-6582304,Mobile,+8550766582304
Mobitel-076-6582305,Mobile,+8550766582305
Mobitel-076-6582306,Mobile,+8550766582306
Mobitel-076-6582307,Mobile,+8550766582307
Mobitel-076-6582308,Mobile,+8550766582308
Mobitel-076-6582309,Mobile,+8550766582309
Mobitel-076-6582310,Mobile,+8550766582310
Mobitel-076-6582311,Mobile,+8550766582311
Mobitel-076-6582312,Mobile,+8550766582312
Mobitel-076-6582313,Mobile,+8550766582313
Mobitel-076-6582314,Mobile,+8550766582314
Mobitel-076-6582315,Mobile,+8550766582315
Mobitel-076-6582316,Mobile,+8550766582316
Mobitel-076-6582317,Mobile,+8550766582317
Mobitel-076-6582318,Mobile,+8550766582318
Mobitel-076-6582319,Mobile,+8550766582319
Mobitel-076-6582320,Mobile,+8550766582320
Mobitel-076-6582321,Mobile,+8550766582321
Mobitel-076-6582322,Mobile,+8550766582322
Mobitel-076-6582323,Mobile,+8550766582323
Mobitel-076-6582324,Mobile,+8550766582324
Mobitel-076-6582325,Mobile,+8550766582325
Mobitel-076-6582326,Mobile,+8550766582326
Mobitel-076-6582327,Mobile,+8550766582327
Mobitel-076-6582328,Mobile,+8550766582328
Mobitel-076-6582329,Mobile,+8550766582329
Mobitel-076-6582330,Mobile,+8550766582330
Mobitel-076-6582331,Mobile,+8550766582331
Mobitel-076-6582332,Mobile,+8550766582332
Mobitel-076-6582333,Mobile,+8550766582333
Mobitel-076-6582334,Mobile,+8550766582334
Mobitel-076-6582335,Mobile,+8550766582335
Mobitel-076-6582336,Mobile,+8550766582336
Mobitel-076-6582337,Mobile,+8550766582337
Mobitel-076-6582338,Mobile,+8550766582338
Mobitel-076-6582339,Mobile,+8550766582339
Mobitel-076-6582340,Mobile,+8550766582340
Mobitel-076-6582341,Mobile,+8550766582341
Mobitel-076-6582342,Mobile,+8550766582342
Mobitel-076-6582343,Mobile,+8550766582343
Mobitel-076-6582344,Mobile,+8550766582344
Mobitel-076-6582345,Mobile,+8550766582345
Mobitel-076-6582346,Mobile,+8550766582346
Mobitel-076-6582347,Mobile,+8550766582347
Mobitel-076-6582348,Mobile,+8550766582348
Mobitel-076-6582349,Mobile,+8550766582349
Mobitel-076-6582350,Mobile,+8550766582350
Mobitel-076-6582351,Mobile,+8550766582351
Mobitel-076-6582352,Mobile,+8550766582352
Mobitel-076-6582353,Mobile,+8550766582353
Mobitel-076-6582354,Mobile,+8550766582354
Mobitel-076-6582355,Mobile,+8550766582355
Mobitel-076-6582356,Mobile,+8550766582356
Mobitel-076-6582357,Mobile,+8550766582357
Mobitel-076-6582358,Mobile,+8550766582358
Mobitel-076-6582359,Mobile,+8550766582359
Mobitel-076-6582360,Mobile,+8550766582360
Mobitel-076-6582361,Mobile,+8550766582361
Mobitel-076-6582362,Mobile,+8550766582362
Mobitel-076-6582363,Mobile,+8550766582363
Mobitel-076-6582364,Mobile,+8550766582364
Mobitel-076-6582365,Mobile,+8550766582365
Mobitel-076-6582366,Mobile,+8550766582366
Mobitel-076-6582367,Mobile,+8550766582367
Mobitel-076-6582368,Mobile,+8550766582368
Mobitel-076-6582369,Mobile,+8550766582369
Mobitel-076-6582370,Mobile,+8550766582370
Mobitel-076-6582371,Mobile,+8550766582371
Mobitel-076-6582372,Mobile,+8550766582372
Mobitel-076-6582373,Mobile,+8550766582373
Mobitel-076-6582374,Mobile,+8550766582374
Mobitel-076-6582375,Mobile,+8550766582375
Mobitel-076-6582376,Mobile,+8550766582376
Mobitel-076-6582377,Mobile,+8550766582377
Mobitel-076-6582378,Mobile,+8550766582378
Mobitel-076-6582379,Mobile,+8550766582379
Mobitel-076-6582380,Mobile,+8550766582380
Mobitel-076-6582381,Mobile,+8550766582381
Mobitel-076-6582382,Mobile,+8550766582382
Mobitel-076-6582383,Mobile,+8550766582383
Mobitel-076-6582384,Mobile,+8550766582384
Mobitel-076-6582385,Mobile,+8550766582385
Mobitel-076-6582386,Mobile,+8550766582386
Mobitel-076-6582387,Mobile,+8550766582387
Mobitel-076-6582388,Mobile,+8550766582388
Mobitel-076-6582389,Mobile,+8550766582389
Mobitel-076-6582390,Mobile,+8550766582390
Mobitel-076-6582391,Mobile,+8550766582391
Mobitel-076-6582392,Mobile,+8550766582392
Mobitel-076-6582393,Mobile,+8550766582393
Mobitel-076-6582394,Mobile,+8550766582394
Mobitel-076-6582395,Mobile,+8550766582395
Mobitel-076-6582396,Mobile,+8550766582396
Mobitel-076-6582397,Mobile,+8550766582397
Mobitel-076-6582398,Mobile,+8550766582398
Mobitel-076-6582399,Mobile,+8550766582399
Mobitel-076-6582400,Mobile,+8550766582400
Mobitel-076-6582401,Mobile,+8550766582401
Mobitel-076-6582402,Mobile,+8550766582402
Mobitel-076-6582403,Mobile,+8550766582403
Mobitel-076-6582404,Mobile,+8550766582404
Mobitel-076-6582405,Mobile,+8550766582405
Mobitel-076-6582406,Mobile,+8550766582406
Mobitel-076-6582407,Mobile,+8550766582407
Mobitel-076-6582408,Mobile,+8550766582408
Mobitel-076-6582409,Mobile,+8550766582409
Mobitel-076-6582410,Mobile,+8550766582410
Mobitel-076-6582411,Mobile,+8550766582411
Mobitel-076-6582412,Mobile,+8550766582412
Mobitel-076-6582413,Mobile,+8550766582413
Mobitel-076-6582414,Mobile,+8550766582414
Mobitel-076-6582415,Mobile,+8550766582415
Mobitel-076-6582416,Mobile,+8550766582416
Mobitel-076-6582417,Mobile,+8550766582417
Mobitel-076-6582418,Mobile,+8550766582418
Mobitel-076-6582419,Mobile,+8550766582419
Mobitel-076-6582420,Mobile,+8550766582420
Mobitel-076-6582421,Mobile,+8550766582421
Mobitel-076-6582422,Mobile,+8550766582422
Mobitel-076-6582423,Mobile,+8550766582423
Mobitel-076-6582424,Mobile,+8550766582424
Mobitel-076-6582425,Mobile,+8550766582425
Mobitel-076-6582426,Mobile,+8550766582426
Mobitel-076-6582427,Mobile,+8550766582427
Mobitel-076-6582428,Mobile,+8550766582428
Mobitel-076-6582429,Mobile,+8550766582429
Mobitel-076-6582430,Mobile,+8550766582430
Mobitel-076-6582431,Mobile,+8550766582431
Mobitel-076-6582432,Mobile,+8550766582432
Mobitel-076-6582433,Mobile,+8550766582433
Mobitel-076-6582434,Mobile,+8550766582434
Mobitel-076-6582435,Mobile,+8550766582435
Mobitel-076-6582436,Mobile,+8550766582436
Mobitel-076-6582437,Mobile,+8550766582437
Mobitel-076-6582438,Mobile,+8550766582438
Mobitel-076-6582439,Mobile,+8550766582439
Mobitel-076-6582440,Mobile,+8550766582440
Mobitel-076-6582441,Mobile,+8550766582441
Mobitel-076-6582442,Mobile,+8550766582442
Mobitel-076-6582443,Mobile,+8550766582443
Mobitel-076-6582444,Mobile,+8550766582444
Mobitel-076-6582445,Mobile,+8550766582445
Mobitel-076-6582446,Mobile,+8550766582446
Mobitel-076-6582447,Mobile,+8550766582447
Mobitel-076-6582448,Mobile,+8550766582448
Mobitel-076-6582449,Mobile,+8550766582449
Mobitel-076-6582450,Mobile,+8550766582450
Mobitel-076-6582451,Mobile,+8550766582451
Mobitel-076-6582452,Mobile,+8550766582452
Mobitel-076-6582453,Mobile,+8550766582453
Mobitel-076-6582454,Mobile,+8550766582454
Mobitel-076-6582455,Mobile,+8550766582455
Mobitel-076-6582456,Mobile,+8550766582456
Mobitel-076-6582457,Mobile,+8550766582457
Mobitel-076-6582458,Mobile,+8550766582458
Mobitel-076-6582459,Mobile,+8550766582459
Mobitel-076-6582460,Mobile,+8550766582460
Mobitel-076-6582461,Mobile,+8550766582461
Mobitel-076-6582462,Mobile,+8550766582462
Mobitel-076-6582463,Mobile,+8550766582463
Mobitel-076-6582464,Mobile,+8550766582464
Mobitel-076-6582465,Mobile,+8550766582465
Mobitel-076-6582466,Mobile,+8550766582466
Mobitel-076-6582467,Mobile,+8550766582467
Mobitel-076-6582468,Mobile,+8550766582468
Mobitel-076-6582469,Mobile,+8550766582469
Mobitel-076-6582470,Mobile,+8550766582470
Mobitel-076-6582471,Mobile,+8550766582471
Mobitel-076-6582472,Mobile,+8550766582472
Mobitel-076-6582473,Mobile,+8550766582473
Mobitel-076-6582474,Mobile,+8550766582474
Mobitel-076-6582475,Mobile,+8550766582475
Mobitel-076-6582476,Mobile,+8550766582476
Mobitel-076-6582477,Mobile,+8550766582477
Mobitel-076-6582478,Mobile,+8550766582478
Mobitel-076-6582479,Mobile,+8550766582479
Mobitel-076-6582480,Mobile,+8550766582480
Mobitel-076-6582481,Mobile,+8550766582481
Mobitel-076-6582482,Mobile,+8550766582482
Mobitel-076-6582483,Mobile,+8550766582483
Mobitel-076-6582484,Mobile,+8550766582484
Mobitel-076-6582485,Mobile,+8550766582485
Mobitel-076-6582486,Mobile,+8550766582486
Mobitel-076-6582487,Mobile,+8550766582487
Mobitel-076-6582488,Mobile,+8550766582488
Mobitel-076-6582489,Mobile,+8550766582489
Mobitel-076-6582490,Mobile,+8550766582490
Mobitel-076-6582491,Mobile,+8550766582491
Mobitel-076-6582492,Mobile,+8550766582492
Mobitel-076-6582493,Mobile,+8550766582493
Mobitel-076-6582494,Mobile,+8550766582494
Mobitel-076-6582495,Mobile,+8550766582495
Mobitel-076-6582496,Mobile,+8550766582496
Mobitel-076-6582497,Mobile,+8550766582497
Mobitel-076-6582498,Mobile,+8550766582498
Mobitel-076-6582499,Mobile,+8550766582499
Mobitel-076-6582500,Mobile,+8550766582500
Mobitel-076-6582501,Mobile,+8550766582501
Mobitel-076-6582502,Mobile,+8550766582502
Mobitel-076-6582503,Mobile,+8550766582503
Mobitel-076-6582504,Mobile,+8550766582504
Mobitel-076-6582505,Mobile,+8550766582505
Mobitel-076-6582506,Mobile,+8550766582506
Mobitel-076-6582507,Mobile,+8550766582507
Mobitel-076-6582508,Mobile,+8550766582508
Mobitel-076-6582509,Mobile,+8550766582509
Mobitel-076-6582510,Mobile,+8550766582510
Mobitel-076-6582511,Mobile,+8550766582511
Mobitel-076-6582512,Mobile,+8550766582512
Mobitel-076-6582513,Mobile,+8550766582513
Mobitel-076-6582514,Mobile,+8550766582514
Mobitel-076-6582515,Mobile,+8550766582515
Mobitel-076-6582516,Mobile,+8550766582516
Mobitel-076-6582517,Mobile,+8550766582517
Mobitel-076-6582518,Mobile,+8550766582518
Mobitel-076-6582519,Mobile,+8550766582519
Mobitel-076-6582520,Mobile,+8550766582520
Mobitel-076-6582521,Mobile,+8550766582521
Mobitel-076-6582522,Mobile,+8550766582522
Mobitel-076-6582523,Mobile,+8550766582523
Mobitel-076-6582524,Mobile,+8550766582524
Mobitel-076-6582525,Mobile,+8550766582525
Mobitel-076-6582526,Mobile,+8550766582526
Mobitel-076-6582527,Mobile,+8550766582527
Mobitel-076-6582528,Mobile,+8550766582528
Mobitel-076-6582529,Mobile,+8550766582529
Mobitel-076-6582530,Mobile,+8550766582530
Mobitel-076-6582531,Mobile,+8550766582531
Mobitel-076-6582532,Mobile,+8550766582532
Mobitel-076-6582533,Mobile,+8550766582533
Mobitel-076-6582534,Mobile,+8550766582534
Mobitel-076-6582535,Mobile,+8550766582535
Mobitel-076-6582536,Mobile,+8550766582536
Mobitel-076-6582537,Mobile,+8550766582537
Mobitel-076-6582538,Mobile,+8550766582538
Mobitel-076-6582539,Mobile,+8550766582539
Mobitel-076-6582540,Mobile,+8550766582540
Mobitel-076-6582541,Mobile,+8550766582541
Mobitel-076-6582542,Mobile,+8550766582542
Mobitel-076-6582543,Mobile,+8550766582543
Mobitel-076-6582544,Mobile,+8550766582544
Mobitel-076-6582545,Mobile,+8550766582545
Mobitel-076-6582546,Mobile,+8550766582546
Mobitel-076-6582547,Mobile,+8550766582547
Mobitel-076-6582548,Mobile,+8550766582548
Mobitel-076-6582549,Mobile,+8550766582549
Mobitel-076-6582550,Mobile,+8550766582550
Mobitel-076-6582551,Mobile,+8550766582551
Mobitel-076-6582552,Mobile,+8550766582552
Mobitel-076-6582553,Mobile,+8550766582553
Mobitel-076-6582554,Mobile,+8550766582554
Mobitel-076-6582555,Mobile,+8550766582555
Mobitel-076-6582556,Mobile,+8550766582556
Mobitel-076-6582557,Mobile,+8550766582557
Mobitel-076-6582558,Mobile,+8550766582558
Mobitel-076-6582559,Mobile,+8550766582559
Mobitel-076-6582560,Mobile,+8550766582560
Mobitel-076-6582561,Mobile,+8550766582561
Mobitel-076-6582562,Mobile,+8550766582562
Mobitel-076-6582563,Mobile,+8550766582563
Mobitel-076-6582564,Mobile,+8550766582564
Mobitel-076-6582565,Mobile,+8550766582565
Mobitel-076-6582566,Mobile,+8550766582566
Mobitel-076-6582567,Mobile,+8550766582567
Mobitel-076-6582568,Mobile,+8550766582568
Mobitel-076-6582569,Mobile,+8550766582569
Mobitel-076-6582570,Mobile,+8550766582570
Mobitel-076-6582571,Mobile,+8550766582571
Mobitel-076-6582572,Mobile,+8550766582572
Mobitel-076-6582573,Mobile,+8550766582573
Mobitel-076-6582574,Mobile,+8550766582574
Mobitel-076-6582575,Mobile,+8550766582575
Mobitel-076-6582576,Mobile,+8550766582576
Mobitel-076-6582577,Mobile,+8550766582577
Mobitel-076-6582578,Mobile,+8550766582578
Mobitel-076-6582579,Mobile,+8550766582579
Mobitel-076-6582580,Mobile,+8550766582580
Mobitel-076-6582581,Mobile,+8550766582581
Mobitel-076-6582582,Mobile,+8550766582582
Mobitel-076-6582583,Mobile,+8550766582583
Mobitel-076-6582584,Mobile,+8550766582584
Mobitel-076-6582585,Mobile,+8550766582585
Mobitel-076-6582586,Mobile,+8550766582586
Mobitel-076-6582587,Mobile,+8550766582587
Mobitel-076-6582588,Mobile,+8550766582588
Mobitel-076-6582589,Mobile,+8550766582589
Mobitel-076-6582590,Mobile,+8550766582590
Mobitel-076-6582591,Mobile,+8550766582591
Mobitel-076-6582592,Mobile,+8550766582592
Mobitel-076-6582593,Mobile,+8550766582593
Mobitel-076-6582594,Mobile,+8550766582594
Mobitel-076-6582595,Mobile,+8550766582595
Mobitel-076-6582596,Mobile,+8550766582596
Mobitel-076-6582597,Mobile,+8550766582597
Mobitel-076-6582598,Mobile,+8550766582598
Mobitel-076-6582599,Mobile,+8550766582599
Mobitel-076-6582600,Mobile,+8550766582600
Mobitel-076-6582601,Mobile,+8550766582601
Mobitel-076-6582602,Mobile,+8550766582602
Mobitel-076-6582603,Mobile,+8550766582603
Mobitel-076-6582604,Mobile,+8550766582604
Mobitel-076-6582605,Mobile,+8550766582605
Mobitel-076-6582606,Mobile,+8550766582606
Mobitel-076-6582607,Mobile,+8550766582607
Mobitel-076-6582608,Mobile,+8550766582608
Mobitel-076-6582609,Mobile,+8550766582609
Mobitel-076-6582610,Mobile,+8550766582610
Mobitel-076-6582611,Mobile,+8550766582611
Mobitel-076-6582612,Mobile,+8550766582612
Mobitel-076-6582613,Mobile,+8550766582613
Mobitel-076-6582614,Mobile,+8550766582614
Mobitel-076-6582615,Mobile,+8550766582615
Mobitel-076-6582616,Mobile,+8550766582616
Mobitel-076-6582617,Mobile,+8550766582617
Mobitel-076-6582618,Mobile,+8550766582618
Mobitel-076-6582619,Mobile,+8550766582619
Mobitel-076-6582620,Mobile,+8550766582620
Mobitel-076-6582621,Mobile,+8550766582621
Mobitel-076-6582622,Mobile,+8550766582622
Mobitel-076-6582623,Mobile,+8550766582623
Mobitel-076-6582624,Mobile,+8550766582624
Mobitel-076-6582625,Mobile,+8550766582625
Mobitel-076-6582626,Mobile,+8550766582626
Mobitel-076-6582627,Mobile,+8550766582627
Mobitel-076-6582628,Mobile,+8550766582628
Mobitel-076-6582629,Mobile,+8550766582629
Mobitel-076-6582630,Mobile,+8550766582630
Mobitel-076-6582631,Mobile,+8550766582631
Mobitel-076-6582632,Mobile,+8550766582632
Mobitel-076-6582633,Mobile,+8550766582633
Mobitel-076-6582634,Mobile,+8550766582634
Mobitel-076-6582635,Mobile,+8550766582635
Mobitel-076-6582636,Mobile,+8550766582636
Mobitel-076-6582637,Mobile,+8550766582637
Mobitel-076-6582638,Mobile,+8550766582638
Mobitel-076-6582639,Mobile,+8550766582639
Mobitel-076-6582640,Mobile,+8550766582640
Mobitel-076-6582641,Mobile,+8550766582641
Mobitel-076-6582642,Mobile,+8550766582642
Mobitel-076-6582643,Mobile,+8550766582643
Mobitel-076-6582644,Mobile,+8550766582644
Mobitel-076-6582645,Mobile,+8550766582645
Mobitel-076-6582646,Mobile,+8550766582646
Mobitel-076-6582647,Mobile,+8550766582647
Mobitel-076-6582648,Mobile,+8550766582648
Mobitel-076-6582649,Mobile,+8550766582649
Mobitel-076-6582650,Mobile,+8550766582650
Mobitel-076-6582651,Mobile,+8550766582651
Mobitel-076-6582652,Mobile,+8550766582652
Mobitel-076-6582653,Mobile,+8550766582653
Mobitel-076-6582654,Mobile,+8550766582654
Mobitel-076-6582655,Mobile,+8550766582655
Mobitel-076-6582656,Mobile,+8550766582656
Mobitel-076-6582657,Mobile,+8550766582657
Mobitel-076-6582658,Mobile,+8550766582658
Mobitel-076-6582659,Mobile,+8550766582659
Mobitel-076-6582660,Mobile,+8550766582660
Mobitel-076-6582661,Mobile,+8550766582661
Mobitel-076-6582662,Mobile,+8550766582662
Mobitel-076-6582663,Mobile,+8550766582663
Mobitel-076-6582664,Mobile,+8550766582664
Mobitel-076-6582665,Mobile,+8550766582665
Mobitel-076-6582666,Mobile,+8550766582666
Mobitel-076-6582667,Mobile,+8550766582667
Mobitel-076-6582668,Mobile,+8550766582668
Mobitel-076-6582669,Mobile,+8550766582669
Mobitel-076-6582670,Mobile,+8550766582670
Mobitel-076-6582671,Mobile,+8550766582671
Mobitel-076-6582672,Mobile,+8550766582672
Mobitel-076-6582673,Mobile,+8550766582673
Mobitel-076-6582674,Mobile,+8550766582674
Mobitel-076-6582675,Mobile,+8550766582675
Mobitel-076-6582676,Mobile,+8550766582676
Mobitel-076-6582677,Mobile,+8550766582677
Mobitel-076-6582678,Mobile,+8550766582678
Mobitel-076-6582679,Mobile,+8550766582679
Mobitel-076-6582680,Mobile,+8550766582680
Mobitel-076-6582681,Mobile,+8550766582681
Mobitel-076-6582682,Mobile,+8550766582682
Mobitel-076-6582683,Mobile,+8550766582683
Mobitel-076-6582684,Mobile,+8550766582684
Mobitel-076-6582685,Mobile,+8550766582685
Mobitel-076-6582686,Mobile,+8550766582686
Mobitel-076-6582687,Mobile,+8550766582687
Mobitel-076-6582688,Mobile,+8550766582688
Mobitel-076-6582689,Mobile,+8550766582689
Mobitel-076-6582690,Mobile,+8550766582690
Mobitel-076-6582691,Mobile,+8550766582691
Mobitel-076-6582692,Mobile,+8550766582692
Mobitel-076-6582693,Mobile,+8550766582693
Mobitel-076-6582694,Mobile,+8550766582694
Mobitel-076-6582695,Mobile,+8550766582695
Mobitel-076-6582696,Mobile,+8550766582696
Mobitel-076-6582697,Mobile,+8550766582697
Mobitel-076-6582698,Mobile,+8550766582698
Mobitel-076-6582699,Mobile,+8550766582699
Mobitel-076-6582700,Mobile,+8550766582700
Mobitel-076-6582701,Mobile,+8550766582701
Mobitel-076-6582702,Mobile,+8550766582702
Mobitel-076-6582703,Mobile,+8550766582703
Mobitel-076-6582704,Mobile,+8550766582704
Mobitel-076-6582705,Mobile,+8550766582705
Mobitel-076-6582706,Mobile,+8550766582706
Mobitel-076-6582707,Mobile,+8550766582707
Mobitel-076-6582708,Mobile,+8550766582708
Mobitel-076-6582709,Mobile,+8550766582709
Mobitel-076-6582710,Mobile,+8550766582710
Mobitel-076-6582711,Mobile,+8550766582711
Mobitel-076-6582712,Mobile,+8550766582712
Mobitel-076-6582713,Mobile,+8550766582713
Mobitel-076-6582714,Mobile,+8550766582714
Mobitel-076-6582715,Mobile,+8550766582715
Mobitel-076-6582716,Mobile,+8550766582716
Mobitel-076-6582717,Mobile,+8550766582717
Mobitel-076-6582718,Mobile,+8550766582718
Mobitel-076-6582719,Mobile,+8550766582719
Mobitel-076-6582720,Mobile,+8550766582720
Mobitel-076-6582721,Mobile,+8550766582721
Mobitel-076-6582722,Mobile,+8550766582722
Mobitel-076-6582723,Mobile,+8550766582723
Mobitel-076-6582724,Mobile,+8550766582724
Mobitel-076-6582725,Mobile,+8550766582725
Mobitel-076-6582726,Mobile,+8550766582726
Mobitel-076-6582727,Mobile,+8550766582727
Mobitel-076-6582728,Mobile,+8550766582728
Mobitel-076-6582729,Mobile,+8550766582729
Mobitel-076-6582730,Mobile,+8550766582730
Mobitel-076-6582731,Mobile,+8550766582731
Mobitel-076-6582732,Mobile,+8550766582732
Mobitel-076-6582733,Mobile,+8550766582733
Mobitel-076-6582734,Mobile,+8550766582734
Mobitel-076-6582735,Mobile,+8550766582735
Mobitel-076-6582736,Mobile,+8550766582736
Mobitel-076-6582737,Mobile,+8550766582737
Mobitel-076-6582738,Mobile,+8550766582738
Mobitel-076-6582739,Mobile,+8550766582739
Mobitel-076-6582740,Mobile,+8550766582740
Mobitel-076-6582741,Mobile,+8550766582741
Mobitel-076-6582742,Mobile,+8550766582742
Mobitel-076-6582743,Mobile,+8550766582743
Mobitel-076-6582744,Mobile,+8550766582744
Mobitel-076-6582745,Mobile,+8550766582745
Mobitel-076-6582746,Mobile,+8550766582746
Mobitel-076-6582747,Mobile,+8550766582747
Mobitel-076-6582748,Mobile,+8550766582748
Mobitel-076-6582749,Mobile,+8550766582749
Mobitel-076-6582750,Mobile,+8550766582750
Mobitel-076-6582751,Mobile,+8550766582751
Mobitel-076-6582752,Mobile,+8550766582752
Mobitel-076-6582753,Mobile,+8550766582753
Mobitel-076-6582754,Mobile,+8550766582754
Mobitel-076-6582755,Mobile,+8550766582755
Mobitel-076-6582756,Mobile,+8550766582756
Mobitel-076-6582757,Mobile,+8550766582757
Mobitel-076-6582758,Mobile,+8550766582758
Mobitel-076-6582759,Mobile,+8550766582759
Mobitel-076-6582760,Mobile,+8550766582760
Mobitel-076-6582761,Mobile,+8550766582761
Mobitel-076-6582762,Mobile,+8550766582762
Mobitel-076-6582763,Mobile,+8550766582763
Mobitel-076-6582764,Mobile,+8550766582764
Mobitel-076-6582765,Mobile,+8550766582765
Mobitel-076-6582766,Mobile,+8550766582766
Mobitel-076-6582767,Mobile,+8550766582767
Mobitel-076-6582768,Mobile,+8550766582768
Mobitel-076-6582769,Mobile,+8550766582769
Mobitel-076-6582770,Mobile,+8550766582770
Mobitel-076-6582771,Mobile,+8550766582771
Mobitel-076-6582772,Mobile,+8550766582772
Mobitel-076-6582773,Mobile,+8550766582773
Mobitel-076-6582774,Mobile,+8550766582774
Mobitel-076-6582775,Mobile,+8550766582775
Mobitel-076-6582776,Mobile,+8550766582776
Mobitel-076-6582777,Mobile,+8550766582777
Mobitel-076-6582778,Mobile,+8550766582778
Mobitel-076-6582779,Mobile,+8550766582779
Mobitel-076-6582780,Mobile,+8550766582780
Mobitel-076-6582781,Mobile,+8550766582781
Mobitel-076-6582782,Mobile,+8550766582782
Mobitel-076-6582783,Mobile,+8550766582783
Mobitel-076-6582784,Mobile,+8550766582784
Mobitel-076-6582785,Mobile,+8550766582785
Mobitel-076-6582786,Mobile,+8550766582786
Mobitel-076-6582787,Mobile,+8550766582787
Mobitel-076-6582788,Mobile,+8550766582788
Mobitel-076-6582789,Mobile,+8550766582789
Mobitel-076-6582790,Mobile,+8550766582790
Mobitel-076-6582791,Mobile,+8550766582791
Mobitel-076-6582792,Mobile,+8550766582792
Mobitel-076-6582793,Mobile,+8550766582793
Mobitel-076-6582794,Mobile,+8550766582794
Mobitel-076-6582795,Mobile,+8550766582795
Mobitel-076-6582796,Mobile,+8550766582796
Mobitel-076-6582797,Mobile,+8550766582797
Mobitel-076-6582798,Mobile,+8550766582798
Mobitel-076-6582799,Mobile,+8550766582799
Mobitel-076-6582800,Mobile,+8550766582800
Mobitel-076-6582801,Mobile,+8550766582801
Mobitel-076-6582802,Mobile,+8550766582802
Mobitel-076-6582803,Mobile,+8550766582803
Mobitel-076-6582804,Mobile,+8550766582804
Mobitel-076-6582805,Mobile,+8550766582805
Mobitel-076-6582806,Mobile,+8550766582806
Mobitel-076-6582807,Mobile,+8550766582807
Mobitel-076-6582808,Mobile,+8550766582808
Mobitel-076-6582809,Mobile,+8550766582809
Mobitel-076-6582810,Mobile,+8550766582810
Mobitel-076-6582811,Mobile,+8550766582811
Mobitel-076-6582812,Mobile,+8550766582812
Mobitel-076-6582813,Mobile,+8550766582813
Mobitel-076-6582814,Mobile,+8550766582814
Mobitel-076-6582815,Mobile,+8550766582815
Mobitel-076-6582816,Mobile,+8550766582816
Mobitel-076-6582817,Mobile,+8550766582817
Mobitel-076-6582818,Mobile,+8550766582818
Mobitel-076-6582819,Mobile,+8550766582819
Mobitel-076-6582820,Mobile,+8550766582820
Mobitel-076-6582821,Mobile,+8550766582821
Mobitel-076-6582822,Mobile,+8550766582822
Mobitel-076-6582823,Mobile,+8550766582823
Mobitel-076-6582824,Mobile,+8550766582824
Mobitel-076-6582825,Mobile,+8550766582825
Mobitel-076-6582826,Mobile,+8550766582826
Mobitel-076-6582827,Mobile,+8550766582827
Mobitel-076-6582828,Mobile,+8550766582828
Mobitel-076-6582829,Mobile,+8550766582829
Mobitel-076-6582830,Mobile,+8550766582830
Mobitel-076-6582831,Mobile,+8550766582831
Mobitel-076-6582832,Mobile,+8550766582832
Mobitel-076-6582833,Mobile,+8550766582833
Mobitel-076-6582834,Mobile,+8550766582834
Mobitel-076-6582835,Mobile,+8550766582835
Mobitel-076-6582836,Mobile,+8550766582836
Mobitel-076-6582837,Mobile,+8550766582837
Mobitel-076-6582838,Mobile,+8550766582838
Mobitel-076-6582839,Mobile,+8550766582839
Mobitel-076-6582840,Mobile,+8550766582840
Mobitel-076-6582841,Mobile,+8550766582841
Mobitel-076-6582842,Mobile,+8550766582842
Mobitel-076-6582843,Mobile,+8550766582843
Mobitel-076-6582844,Mobile,+8550766582844
Mobitel-076-6582845,Mobile,+8550766582845
Mobitel-076-6582846,Mobile,+8550766582846
Mobitel-076-6582847,Mobile,+8550766582847
Mobitel-076-6582848,Mobile,+8550766582848
Mobitel-076-6582849,Mobile,+8550766582849
Mobitel-076-6582850,Mobile,+8550766582850
Mobitel-076-6582851,Mobile,+8550766582851
Mobitel-076-6582852,Mobile,+8550766582852
Mobitel-076-6582853,Mobile,+8550766582853
Mobitel-076-6582854,Mobile,+8550766582854
Mobitel-076-6582855,Mobile,+8550766582855
Mobitel-076-6582856,Mobile,+8550766582856
Mobitel-076-6582857,Mobile,+8550766582857
Mobitel-076-6582858,Mobile,+8550766582858
Mobitel-076-6582859,Mobile,+8550766582859
Mobitel-076-6582860,Mobile,+8550766582860
Mobitel-076-6582861,Mobile,+8550766582861
Mobitel-076-6582862,Mobile,+8550766582862
Mobitel-076-6582863,Mobile,+8550766582863
Mobitel-076-6582864,Mobile,+8550766582864
Mobitel-076-6582865,Mobile,+8550766582865
Mobitel-076-6582866,Mobile,+8550766582866
Mobitel-076-6582867,Mobile,+8550766582867
Mobitel-076-6582868,Mobile,+8550766582868
Mobitel-076-6582869,Mobile,+8550766582869
Mobitel-076-6582870,Mobile,+8550766582870
Mobitel-076-6582871,Mobile,+8550766582871
Mobitel-076-6582872,Mobile,+8550766582872
Mobitel-076-6582873,Mobile,+8550766582873
Mobitel-076-6582874,Mobile,+8550766582874
Mobitel-076-6582875,Mobile,+8550766582875
Mobitel-076-6582876,Mobile,+8550766582876
Mobitel-076-6582877,Mobile,+8550766582877
Mobitel-076-6582878,Mobile,+8550766582878
Mobitel-076-6582879,Mobile,+8550766582879
Mobitel-076-6582880,Mobile,+8550766582880
Mobitel-076-6582881,Mobile,+8550766582881
Mobitel-076-6582882,Mobile,+8550766582882
Mobitel-076-6582883,Mobile,+8550766582883
Mobitel-076-6582884,Mobile,+8550766582884
Mobitel-076-6582885,Mobile,+8550766582885
Mobitel-076-6582886,Mobile,+8550766582886
Mobitel-076-6582887,Mobile,+8550766582887
Mobitel-076-6582888,Mobile,+8550766582888
Mobitel-076-6582889,Mobile,+8550766582889
Mobitel-076-6582890,Mobile,+8550766582890
Mobitel-076-6582891,Mobile,+8550766582891
Mobitel-076-6582892,Mobile,+8550766582892
Mobitel-076-6582893,Mobile,+8550766582893
Mobitel-076-6582894,Mobile,+8550766582894
Mobitel-076-6582895,Mobile,+8550766582895
Mobitel-076-6582896,Mobile,+8550766582896
Mobitel-076-6582897,Mobile,+8550766582897
Mobitel-076-6582898,Mobile,+8550766582898
Mobitel-076-6582899,Mobile,+8550766582899
Mobitel-076-6582900,Mobile,+8550766582900
Mobitel-076-6582901,Mobile,+8550766582901
Mobitel-076-6582902,Mobile,+8550766582902
Mobitel-076-6582903,Mobile,+8550766582903
Mobitel-076-6582904,Mobile,+8550766582904
Mobitel-076-6582905,Mobile,+8550766582905
Mobitel-076-6582906,Mobile,+8550766582906
Mobitel-076-6582907,Mobile,+8550766582907
Mobitel-076-6582908,Mobile,+8550766582908
Mobitel-076-6582909,Mobile,+8550766582909
Mobitel-076-6582910,Mobile,+8550766582910
Mobitel-076-6582911,Mobile,+8550766582911
Mobitel-076-6582912,Mobile,+8550766582912
Mobitel-076-6582913,Mobile,+8550766582913
Mobitel-076-6582914,Mobile,+8550766582914
Mobitel-076-6582915,Mobile,+8550766582915
Mobitel-076-6582916,Mobile,+8550766582916
Mobitel-076-6582917,Mobile,+8550766582917
Mobitel-076-6582918,Mobile,+8550766582918
Mobitel-076-6582919,Mobile,+8550766582919
Mobitel-076-6582920,Mobile,+8550766582920
Mobitel-076-6582921,Mobile,+8550766582921
Mobitel-076-6582922,Mobile,+8550766582922
Mobitel-076-6582923,Mobile,+8550766582923
Mobitel-076-6582924,Mobile,+8550766582924
Mobitel-076-6582925,Mobile,+8550766582925
Mobitel-076-6582926,Mobile,+8550766582926
Mobitel-076-6582927,Mobile,+8550766582927
Mobitel-076-6582928,Mobile,+8550766582928
Mobitel-076-6582929,Mobile,+8550766582929
Mobitel-076-6582930,Mobile,+8550766582930
Mobitel-076-6582931,Mobile,+8550766582931
Mobitel-076-6582932,Mobile,+8550766582932
Mobitel-076-6582933,Mobile,+8550766582933
Mobitel-076-6582934,Mobile,+8550766582934
Mobitel-076-6582935,Mobile,+8550766582935
Mobitel-076-6582936,Mobile,+8550766582936
Mobitel-076-6582937,Mobile,+8550766582937
Mobitel-076-6582938,Mobile,+8550766582938
Mobitel-076-6582939,Mobile,+8550766582939
Mobitel-076-6582940,Mobile,+8550766582940
Mobitel-076-6582941,Mobile,+8550766582941
Mobitel-076-6582942,Mobile,+8550766582942
Mobitel-076-6582943,Mobile,+8550766582943
Mobitel-076-6582944,Mobile,+8550766582944
Mobitel-076-6582945,Mobile,+8550766582945
Mobitel-076-6582946,Mobile,+8550766582946
Mobitel-076-6582947,Mobile,+8550766582947
Mobitel-076-6582948,Mobile,+8550766582948
Mobitel-076-6582949,Mobile,+8550766582949
Mobitel-076-6582950,Mobile,+8550766582950
Mobitel-076-6582951,Mobile,+8550766582951
Mobitel-076-6582952,Mobile,+8550766582952
Mobitel-076-6582953,Mobile,+8550766582953
Mobitel-076-6582954,Mobile,+8550766582954
Mobitel-076-6582955,Mobile,+8550766582955
Mobitel-076-6582956,Mobile,+8550766582956
Mobitel-076-6582957,Mobile,+8550766582957
Mobitel-076-6582958,Mobile,+8550766582958
Mobitel-076-6582959,Mobile,+8550766582959
Mobitel-076-6582960,Mobile,+8550766582960
Mobitel-076-6582961,Mobile,+8550766582961
Mobitel-076-6582962,Mobile,+8550766582962
Mobitel-076-6582963,Mobile,+8550766582963
Mobitel-076-6582964,Mobile,+8550766582964
Mobitel-076-6582965,Mobile,+8550766582965
Mobitel-076-6582966,Mobile,+8550766582966
Mobitel-076-6582967,Mobile,+8550766582967
Mobitel-076-6582968,Mobile,+8550766582968
Mobitel-076-6582969,Mobile,+8550766582969
Mobitel-076-6582970,Mobile,+8550766582970
Mobitel-076-6582971,Mobile,+8550766582971
Mobitel-076-6582972,Mobile,+8550766582972
Mobitel-076-6582973,Mobile,+8550766582973
Mobitel-076-6582974,Mobile,+8550766582974
Mobitel-076-6582975,Mobile,+8550766582975
Mobitel-076-6582976,Mobile,+8550766582976
Mobitel-076-6582977,Mobile,+8550766582977
Mobitel-076-6582978,Mobile,+8550766582978
Mobitel-076-6582979,Mobile,+8550766582979
Mobitel-076-6582980,Mobile,+8550766582980
Mobitel-076-6582981,Mobile,+8550766582981
Mobitel-076-6582982,Mobile,+8550766582982
Mobitel-076-6582983,Mobile,+8550766582983
Mobitel-076-6582984,Mobile,+8550766582984
Mobitel-076-6582985,Mobile,+8550766582985
Mobitel-076-6582986,Mobile,+8550766582986
Mobitel-076-6582987,Mobile,+8550766582987
Mobitel-076-6582988,Mobile,+8550766582988
Mobitel-076-6582989,Mobile,+8550766582989
Mobitel-076-6582990,Mobile,+8550766582990
Mobitel-076-6582991,Mobile,+8550766582991
Mobitel-076-6582992,Mobile,+8550766582992
Mobitel-076-6582993,Mobile,+8550766582993
Mobitel-076-6582994,Mobile,+8550766582994
Mobitel-076-6582995,Mobile,+8550766582995
Mobitel-076-6582996,Mobile,+8550766582996
Mobitel-076-6582997,Mobile,+8550766582997
Mobitel-076-6582998,Mobile,+8550766582998
Mobitel-076-6582999,Mobile,+8550766582999
Mobitel-076-6583000,Mobile,+8550766583000
Mobitel-076-6583001,Mobile,+8550766583001
Mobitel-076-6583002,Mobile,+8550766583002
Mobitel-076-6583003,Mobile,+8550766583003
Mobitel-076-6583004,Mobile,+8550766583004
Mobitel-076-6583005,Mobile,+8550766583005
Mobitel-076-6583006,Mobile,+8550766583006
Mobitel-076-6583007,Mobile,+8550766583007
Mobitel-076-6583008,Mobile,+8550766583008
Mobitel-076-6583009,Mobile,+8550766583009
Mobitel-076-6583010,Mobile,+8550766583010
Mobitel-076-6583011,Mobile,+8550766583011
Mobitel-076-6583012,Mobile,+8550766583012
Mobitel-076-6583013,Mobile,+8550766583013
Mobitel-076-6583014,Mobile,+8550766583014
Mobitel-076-6583015,Mobile,+8550766583015
Mobitel-076-6583016,Mobile,+8550766583016
Mobitel-076-6583017,Mobile,+8550766583017
Mobitel-076-6583018,Mobile,+8550766583018
Mobitel-076-6583019,Mobile,+8550766583019
Mobitel-076-6583020,Mobile,+8550766583020
Mobitel-076-6583021,Mobile,+8550766583021
Mobitel-076-6583022,Mobile,+8550766583022
Mobitel-076-6583023,Mobile,+8550766583023
Mobitel-076-6583024,Mobile,+8550766583024
Mobitel-076-6583025,Mobile,+8550766583025
Mobitel-076-6583026,Mobile,+8550766583026
Mobitel-076-6583027,Mobile,+8550766583027
Mobitel-076-6583028,Mobile,+8550766583028
Mobitel-076-6583029,Mobile,+8550766583029
Mobitel-076-6583030,Mobile,+8550766583030
Mobitel-076-6583031,Mobile,+8550766583031
Mobitel-076-6583032,Mobile,+8550766583032
Mobitel-076-6583033,Mobile,+8550766583033
Mobitel-076-6583034,Mobile,+8550766583034
Mobitel-076-6583035,Mobile,+8550766583035
Mobitel-076-6583036,Mobile,+8550766583036
Mobitel-076-6583037,Mobile,+8550766583037
Mobitel-076-6583038,Mobile,+8550766583038
Mobitel-076-6583039,Mobile,+8550766583039
Mobitel-076-6583040,Mobile,+8550766583040
Mobitel-076-6583041,Mobile,+8550766583041
Mobitel-076-6583042,Mobile,+8550766583042
Mobitel-076-6583043,Mobile,+8550766583043
Mobitel-076-6583044,Mobile,+8550766583044
Mobitel-076-6583045,Mobile,+8550766583045
Mobitel-076-6583046,Mobile,+8550766583046
Mobitel-076-6583047,Mobile,+8550766583047
Mobitel-076-6583048,Mobile,+8550766583048
Mobitel-076-6583049,Mobile,+8550766583049
Mobitel-076-6583050,Mobile,+8550766583050
Mobitel-076-6583051,Mobile,+8550766583051
Mobitel-076-6583052,Mobile,+8550766583052
Mobitel-076-6583053,Mobile,+8550766583053
Mobitel-076-6583054,Mobile,+8550766583054
Mobitel-076-6583055,Mobile,+8550766583055
Mobitel-076-6583056,Mobile,+8550766583056
Mobitel-076-6583057,Mobile,+8550766583057
Mobitel-076-6583058,Mobile,+8550766583058
Mobitel-076-6583059,Mobile,+8550766583059
Mobitel-076-6583060,Mobile,+8550766583060
Mobitel-076-6583061,Mobile,+8550766583061
Mobitel-076-6583062,Mobile,+8550766583062
Mobitel-076-6583063,Mobile,+8550766583063
Mobitel-076-6583064,Mobile,+8550766583064
Mobitel-076-6583065,Mobile,+8550766583065
Mobitel-076-6583066,Mobile,+8550766583066
Mobitel-076-6583067,Mobile,+8550766583067
Mobitel-076-6583068,Mobile,+8550766583068
Mobitel-076-6583069,Mobile,+8550766583069
Mobitel-076-6583070,Mobile,+8550766583070
Mobitel-076-6583071,Mobile,+8550766583071
Mobitel-076-6583072,Mobile,+8550766583072
Mobitel-076-6583073,Mobile,+8550766583073
Mobitel-076-6583074,Mobile,+8550766583074
Mobitel-076-6583075,Mobile,+8550766583075
Mobitel-076-6583076,Mobile,+8550766583076
Mobitel-076-6583077,Mobile,+8550766583077
Mobitel-076-6583078,Mobile,+8550766583078
Mobitel-076-6583079,Mobile,+8550766583079
Mobitel-076-6583080,Mobile,+8550766583080
Mobitel-076-6583081,Mobile,+8550766583081
Mobitel-076-6583082,Mobile,+8550766583082
Mobitel-076-6583083,Mobile,+8550766583083
Mobitel-076-6583084,Mobile,+8550766583084
Mobitel-076-6583085,Mobile,+8550766583085
Mobitel-076-6583086,Mobile,+8550766583086
Mobitel-076-6583087,Mobile,+8550766583087
Mobitel-076-6583088,Mobile,+8550766583088
Mobitel-076-6583089,Mobile,+8550766583089
Mobitel-076-6583090,Mobile,+8550766583090
Mobitel-076-6583091,Mobile,+8550766583091
Mobitel-076-6583092,Mobile,+8550766583092
Mobitel-076-6583093,Mobile,+8550766583093
Mobitel-076-6583094,Mobile,+8550766583094
Mobitel-076-6583095,Mobile,+8550766583095
Mobitel-076-6583096,Mobile,+8550766583096
Mobitel-076-6583097,Mobile,+8550766583097
Mobitel-076-6583098,Mobile,+8550766583098
Mobitel-076-6583099,Mobile,+8550766583099
Mobitel-076-6583100,Mobile,+8550766583100
Mobitel-076-6583101,Mobile,+8550766583101
Mobitel-076-6583102,Mobile,+8550766583102
Mobitel-076-6583103,Mobile,+8550766583103
Mobitel-076-6583104,Mobile,+8550766583104
Mobitel-076-6583105,Mobile,+8550766583105
Mobitel-076-6583106,Mobile,+8550766583106
Mobitel-076-6583107,Mobile,+8550766583107
Mobitel-076-6583108,Mobile,+8550766583108
Mobitel-076-6583109,Mobile,+8550766583109
Mobitel-076-6583110,Mobile,+8550766583110
Mobitel-076-6583111,Mobile,+8550766583111
Mobitel-076-6583112,Mobile,+8550766583112
Mobitel-076-6583113,Mobile,+8550766583113
Mobitel-076-6583114,Mobile,+8550766583114
Mobitel-076-6583115,Mobile,+8550766583115
Mobitel-076-6583116,Mobile,+8550766583116
Mobitel-076-6583117,Mobile,+8550766583117
Mobitel-076-6583118,Mobile,+8550766583118
Mobitel-076-6583119,Mobile,+8550766583119
Mobitel-076-6583120,Mobile,+8550766583120
Mobitel-076-6583121,Mobile,+8550766583121
Mobitel-076-6583122,Mobile,+8550766583122
Mobitel-076-6583123,Mobile,+8550766583123
Mobitel-076-6583124,Mobile,+8550766583124
Mobitel-076-6583125,Mobile,+8550766583125
Mobitel-076-6583126,Mobile,+8550766583126
Mobitel-076-6583127,Mobile,+8550766583127
Mobitel-076-6583128,Mobile,+8550766583128
Mobitel-076-6583129,Mobile,+8550766583129
Mobitel-076-6583130,Mobile,+8550766583130
Mobitel-076-6583131,Mobile,+8550766583131
Mobitel-076-6583132,Mobile,+8550766583132
Mobitel-076-6583133,Mobile,+8550766583133
Mobitel-076-6583134,Mobile,+8550766583134
Mobitel-076-6583135,Mobile,+8550766583135
Mobitel-076-6583136,Mobile,+8550766583136
Mobitel-076-6583137,Mobile,+8550766583137
Mobitel-076-6583138,Mobile,+8550766583138
Mobitel-076-6583139,Mobile,+8550766583139
Mobitel-076-6583140,Mobile,+8550766583140
Mobitel-076-6583141,Mobile,+8550766583141
Mobitel-076-6583142,Mobile,+8550766583142
Mobitel-076-6583143,Mobile,+8550766583143
Mobitel-076-6583144,Mobile,+8550766583144
Mobitel-076-6583145,Mobile,+8550766583145
Mobitel-076-6583146,Mobile,+8550766583146
Mobitel-076-6583147,Mobile,+8550766583147
Mobitel-076-6583148,Mobile,+8550766583148
Mobitel-076-6583149,Mobile,+8550766583149
Mobitel-076-6583150,Mobile,+8550766583150
Mobitel-076-6583151,Mobile,+8550766583151
Mobitel-076-6583152,Mobile,+8550766583152
Mobitel-076-6583153,Mobile,+8550766583153
Mobitel-076-6583154,Mobile,+8550766583154
Mobitel-076-6583155,Mobile,+8550766583155
Mobitel-076-6583156,Mobile,+8550766583156
Mobitel-076-6583157,Mobile,+8550766583157
Mobitel-076-6583158,Mobile,+8550766583158
Mobitel-076-6583159,Mobile,+8550766583159
Mobitel-076-6583160,Mobile,+8550766583160
Mobitel-076-6583161,Mobile,+8550766583161
Mobitel-076-6583162,Mobile,+8550766583162
Mobitel-076-6583163,Mobile,+8550766583163
Mobitel-076-6583164,Mobile,+8550766583164
Mobitel-076-6583165,Mobile,+8550766583165
Mobitel-076-6583166,Mobile,+8550766583166
Mobitel-076-6583167,Mobile,+8550766583167
Mobitel-076-6583168,Mobile,+8550766583168
Mobitel-076-6583169,Mobile,+8550766583169
Mobitel-076-6583170,Mobile,+8550766583170
Mobitel-076-6583171,Mobile,+8550766583171
Mobitel-076-6583172,Mobile,+8550766583172
Mobitel-076-6583173,Mobile,+8550766583173
Mobitel-076-6583174,Mobile,+8550766583174
Mobitel-076-6583175,Mobile,+8550766583175
Mobitel-076-6583176,Mobile,+8550766583176
Mobitel-076-6583177,Mobile,+8550766583177
Mobitel-076-6583178,Mobile,+8550766583178
Mobitel-076-6583179,Mobile,+8550766583179
Mobitel-076-6583180,Mobile,+8550766583180
Mobitel-076-6583181,Mobile,+8550766583181
Mobitel-076-6583182,Mobile,+8550766583182
Mobitel-076-6583183,Mobile,+8550766583183
Mobitel-076-6583184,Mobile,+8550766583184
Mobitel-076-6583185,Mobile,+8550766583185
Mobitel-076-6583186,Mobile,+8550766583186
Mobitel-076-6583187,Mobile,+8550766583187
Mobitel-076-6583188,Mobile,+8550766583188
Mobitel-076-6583189,Mobile,+8550766583189
Mobitel-076-6583190,Mobile,+8550766583190
Mobitel-076-6583191,Mobile,+8550766583191
Mobitel-076-6583192,Mobile,+8550766583192
Mobitel-076-6583193,Mobile,+8550766583193
Mobitel-076-6583194,Mobile,+8550766583194
Mobitel-076-6583195,Mobile,+8550766583195
Mobitel-076-6583196,Mobile,+8550766583196
Mobitel-076-6583197,Mobile,+8550766583197
Mobitel-076-6583198,Mobile,+8550766583198
Mobitel-076-6583199,Mobile,+8550766583199
Mobitel-076-6583200,Mobile,+8550766583200
Mobitel-076-6583201,Mobile,+8550766583201
Mobitel-076-6583202,Mobile,+8550766583202
Mobitel-076-6583203,Mobile,+8550766583203
Mobitel-076-6583204,Mobile,+8550766583204
Mobitel-076-6583205,Mobile,+8550766583205
Mobitel-076-6583206,Mobile,+8550766583206
Mobitel-076-6583207,Mobile,+8550766583207
Mobitel-076-6583208,Mobile,+8550766583208
Mobitel-076-6583209,Mobile,+8550766583209
Mobitel-076-6583210,Mobile,+8550766583210
Mobitel-076-6583211,Mobile,+8550766583211
Mobitel-076-6583212,Mobile,+8550766583212
Mobitel-076-6583213,Mobile,+8550766583213
Mobitel-076-6583214,Mobile,+8550766583214
Mobitel-076-6583215,Mobile,+8550766583215
Mobitel-076-6583216,Mobile,+8550766583216
Mobitel-076-6583217,Mobile,+8550766583217
Mobitel-076-6583218,Mobile,+8550766583218
Mobitel-076-6583219,Mobile,+8550766583219
Mobitel-076-6583220,Mobile,+8550766583220
Mobitel-076-6583221,Mobile,+8550766583221
Mobitel-076-6583222,Mobile,+8550766583222
Mobitel-076-6583223,Mobile,+8550766583223
Mobitel-076-6583224,Mobile,+8550766583224
Mobitel-076-6583225,Mobile,+8550766583225
Mobitel-076-6583226,Mobile,+8550766583226
Mobitel-076-6583227,Mobile,+8550766583227
Mobitel-076-6583228,Mobile,+8550766583228
Mobitel-076-6583229,Mobile,+8550766583229
Mobitel-076-6583230,Mobile,+8550766583230
Mobitel-076-6583231,Mobile,+8550766583231
Mobitel-076-6583232,Mobile,+8550766583232
Mobitel-076-6583233,Mobile,+8550766583233
Mobitel-076-6583234,Mobile,+8550766583234
Mobitel-076-6583235,Mobile,+8550766583235
Mobitel-076-6583236,Mobile,+8550766583236
Mobitel-076-6583237,Mobile,+8550766583237
Mobitel-076-6583238,Mobile,+8550766583238
Mobitel-076-6583239,Mobile,+8550766583239
Mobitel-076-6583240,Mobile,+8550766583240
Mobitel-076-6583241,Mobile,+8550766583241
Mobitel-076-6583242,Mobile,+8550766583242
Mobitel-076-6583243,Mobile,+8550766583243
Mobitel-076-6583244,Mobile,+8550766583244
Mobitel-076-6583245,Mobile,+8550766583245
Mobitel-076-6583246,Mobile,+8550766583246
Mobitel-076-6583247,Mobile,+8550766583247
Mobitel-076-6583248,Mobile,+8550766583248
Mobitel-076-6583249,Mobile,+8550766583249
Mobitel-076-6583250,Mobile,+8550766583250
Mobitel-076-6583251,Mobile,+8550766583251
Mobitel-076-6583252,Mobile,+8550766583252
Mobitel-076-6583253,Mobile,+8550766583253
Mobitel-076-6583254,Mobile,+8550766583254
Mobitel-076-6583255,Mobile,+8550766583255
Mobitel-076-6583256,Mobile,+8550766583256
Mobitel-076-6583257,Mobile,+8550766583257
Mobitel-076-6583258,Mobile,+8550766583258
Mobitel-076-6583259,Mobile,+8550766583259
Mobitel-076-6583260,Mobile,+8550766583260
Mobitel-076-6583261,Mobile,+8550766583261
Mobitel-076-6583262,Mobile,+8550766583262
Mobitel-076-6583263,Mobile,+8550766583263
Mobitel-076-6583264,Mobile,+8550766583264
Mobitel-076-6583265,Mobile,+8550766583265
Mobitel-076-6583266,Mobile,+8550766583266
Mobitel-076-6583267,Mobile,+8550766583267
Mobitel-076-6583268,Mobile,+8550766583268
Mobitel-076-6583269,Mobile,+8550766583269
Mobitel-076-6583270,Mobile,+8550766583270
Mobitel-076-6583271,Mobile,+8550766583271
Mobitel-076-6583272,Mobile,+8550766583272
Mobitel-076-6583273,Mobile,+8550766583273
Mobitel-076-6583274,Mobile,+8550766583274
Mobitel-076-6583275,Mobile,+8550766583275
Mobitel-076-6583276,Mobile,+8550766583276
Mobitel-076-6583277,Mobile,+8550766583277
Mobitel-076-6583278,Mobile,+8550766583278
Mobitel-076-6583279,Mobile,+8550766583279
Mobitel-076-6583280,Mobile,+8550766583280
Mobitel-076-6583281,Mobile,+8550766583281
Mobitel-076-6583282,Mobile,+8550766583282
Mobitel-076-6583283,Mobile,+8550766583283
Mobitel-076-6583284,Mobile,+8550766583284
Mobitel-076-6583285,Mobile,+8550766583285
Mobitel-076-6583286,Mobile,+8550766583286
Mobitel-076-6583287,Mobile,+8550766583287
Mobitel-076-6583288,Mobile,+8550766583288
Mobitel-076-6583289,Mobile,+8550766583289
Mobitel-076-6583290,Mobile,+8550766583290
Mobitel-076-6583291,Mobile,+8550766583291
Mobitel-076-6583292,Mobile,+8550766583292
Mobitel-076-6583293,Mobile,+8550766583293
Mobitel-076-6583294,Mobile,+8550766583294
Mobitel-076-6583295,Mobile,+8550766583295
Mobitel-076-6583296,Mobile,+8550766583296
Mobitel-076-6583297,Mobile,+8550766583297
Mobitel-076-6583298,Mobile,+8550766583298
Mobitel-076-6583299,Mobile,+8550766583299
Mobitel-076-6583300,Mobile,+8550766583300
Mobitel-076-6583301,Mobile,+8550766583301
Mobitel-076-6583302,Mobile,+8550766583302
Mobitel-076-6583303,Mobile,+8550766583303
Mobitel-076-6583304,Mobile,+8550766583304
Mobitel-076-6583305,Mobile,+8550766583305
Mobitel-076-6583306,Mobile,+8550766583306
Mobitel-076-6583307,Mobile,+8550766583307
Mobitel-076-6583308,Mobile,+8550766583308
Mobitel-076-6583309,Mobile,+8550766583309
Mobitel-076-6583310,Mobile,+8550766583310
Mobitel-076-6583311,Mobile,+8550766583311
Mobitel-076-6583312,Mobile,+8550766583312
Mobitel-076-6583313,Mobile,+8550766583313
Mobitel-076-6583314,Mobile,+8550766583314
Mobitel-076-6583315,Mobile,+8550766583315
Mobitel-076-6583316,Mobile,+8550766583316
Mobitel-076-6583317,Mobile,+8550766583317
Mobitel-076-6583318,Mobile,+8550766583318
Mobitel-076-6583319,Mobile,+8550766583319
Mobitel-076-6583320,Mobile,+8550766583320
Mobitel-076-6583321,Mobile,+8550766583321
Mobitel-076-6583322,Mobile,+8550766583322
Mobitel-076-6583323,Mobile,+8550766583323
Mobitel-076-6583324,Mobile,+8550766583324
Mobitel-076-6583325,Mobile,+8550766583325
Mobitel-076-6583326,Mobile,+8550766583326
Mobitel-076-6583327,Mobile,+8550766583327
Mobitel-076-6583328,Mobile,+8550766583328
Mobitel-076-6583329,Mobile,+8550766583329
Mobitel-076-6583330,Mobile,+8550766583330
Mobitel-076-6583331,Mobile,+8550766583331
Mobitel-076-6583332,Mobile,+8550766583332
Mobitel-076-6583333,Mobile,+8550766583333
Mobitel-076-6583334,Mobile,+8550766583334
Mobitel-076-6583335,Mobile,+8550766583335
Mobitel-076-6583336,Mobile,+8550766583336
Mobitel-076-6583337,Mobile,+8550766583337
Mobitel-076-6583338,Mobile,+8550766583338
Mobitel-076-6583339,Mobile,+8550766583339
Mobitel-076-6583340,Mobile,+8550766583340
Mobitel-076-6583341,Mobile,+8550766583341
Mobitel-076-6583342,Mobile,+8550766583342
Mobitel-076-6583343,Mobile,+8550766583343
Mobitel-076-6583344,Mobile,+8550766583344
Mobitel-076-6583345,Mobile,+8550766583345
Mobitel-076-6583346,Mobile,+8550766583346
Mobitel-076-6583347,Mobile,+8550766583347
Mobitel-076-6583348,Mobile,+8550766583348
Mobitel-076-6583349,Mobile,+8550766583349
Mobitel-076-6583350,Mobile,+8550766583350
Mobitel-076-6583351,Mobile,+8550766583351
Mobitel-076-6583352,Mobile,+8550766583352
Mobitel-076-6583353,Mobile,+8550766583353
Mobitel-076-6583354,Mobile,+8550766583354
Mobitel-076-6583355,Mobile,+8550766583355
Mobitel-076-6583356,Mobile,+8550766583356
Mobitel-076-6583357,Mobile,+8550766583357
Mobitel-076-6583358,Mobile,+8550766583358
Mobitel-076-6583359,Mobile,+8550766583359
Mobitel-076-6583360,Mobile,+8550766583360
Mobitel-076-6583361,Mobile,+8550766583361
Mobitel-076-6583362,Mobile,+8550766583362
Mobitel-076-6583363,Mobile,+8550766583363
Mobitel-076-6583364,Mobile,+8550766583364
Mobitel-076-6583365,Mobile,+8550766583365
Mobitel-076-6583366,Mobile,+8550766583366
Mobitel-076-6583367,Mobile,+8550766583367
Mobitel-076-6583368,Mobile,+8550766583368
Mobitel-076-6583369,Mobile,+8550766583369
Mobitel-076-6583370,Mobile,+8550766583370
Mobitel-076-6583371,Mobile,+8550766583371
Mobitel-076-6583372,Mobile,+8550766583372
Mobitel-076-6583373,Mobile,+8550766583373
Mobitel-076-6583374,Mobile,+8550766583374
Mobitel-076-6583375,Mobile,+8550766583375
Mobitel-076-6583376,Mobile,+8550766583376
Mobitel-076-6583377,Mobile,+8550766583377
Mobitel-076-6583378,Mobile,+8550766583378
Mobitel-076-6583379,Mobile,+8550766583379
Mobitel-076-6583380,Mobile,+8550766583380
Mobitel-076-6583381,Mobile,+8550766583381
Mobitel-076-6583382,Mobile,+8550766583382
Mobitel-076-6583383,Mobile,+8550766583383
Mobitel-076-6583384,Mobile,+8550766583384
Mobitel-076-6583385,Mobile,+8550766583385
Mobitel-076-6583386,Mobile,+8550766583386
Mobitel-076-6583387,Mobile,+8550766583387
Mobitel-076-6583388,Mobile,+8550766583388
Mobitel-076-6583389,Mobile,+8550766583389
Mobitel-076-6583390,Mobile,+8550766583390
Mobitel-076-6583391,Mobile,+8550766583391
Mobitel-076-6583392,Mobile,+8550766583392
Mobitel-076-6583393,Mobile,+8550766583393
Mobitel-076-6583394,Mobile,+8550766583394
Mobitel-076-6583395,Mobile,+8550766583395
Mobitel-076-6583396,Mobile,+8550766583396
Mobitel-076-6583397,Mobile,+8550766583397
Mobitel-076-6583398,Mobile,+8550766583398
Mobitel-076-6583399,Mobile,+8550766583399
Mobitel-076-6583400,Mobile,+8550766583400
Mobitel-076-6583401,Mobile,+8550766583401
Mobitel-076-6583402,Mobile,+8550766583402
Mobitel-076-6583403,Mobile,+8550766583403
Mobitel-076-6583404,Mobile,+8550766583404
Mobitel-076-6583405,Mobile,+8550766583405
Mobitel-076-6583406,Mobile,+8550766583406
Mobitel-076-6583407,Mobile,+8550766583407
Mobitel-076-6583408,Mobile,+8550766583408
Mobitel-076-6583409,Mobile,+8550766583409
Mobitel-076-6583410,Mobile,+8550766583410
Mobitel-076-6583411,Mobile,+8550766583411
Mobitel-076-6583412,Mobile,+8550766583412
Mobitel-076-6583413,Mobile,+8550766583413
Mobitel-076-6583414,Mobile,+8550766583414
Mobitel-076-6583415,Mobile,+8550766583415
Mobitel-076-6583416,Mobile,+8550766583416
Mobitel-076-6583417,Mobile,+8550766583417
Mobitel-076-6583418,Mobile,+8550766583418
Mobitel-076-6583419,Mobile,+8550766583419
Mobitel-076-6583420,Mobile,+8550766583420
Mobitel-076-6583421,Mobile,+8550766583421
Mobitel-076-6583422,Mobile,+8550766583422
Mobitel-076-6583423,Mobile,+8550766583423
Mobitel-076-6583424,Mobile,+8550766583424
Mobitel-076-6583425,Mobile,+8550766583425
Mobitel-076-6583426,Mobile,+8550766583426
Mobitel-076-6583427,Mobile,+8550766583427
Mobitel-076-6583428,Mobile,+8550766583428
Mobitel-076-6583429,Mobile,+8550766583429
Mobitel-076-6583430,Mobile,+8550766583430
Mobitel-076-6583431,Mobile,+8550766583431
Mobitel-076-6583432,Mobile,+8550766583432
Mobitel-076-6583433,Mobile,+8550766583433
Mobitel-076-6583434,Mobile,+8550766583434
Mobitel-076-6583435,Mobile,+8550766583435
Mobitel-076-6583436,Mobile,+8550766583436
Mobitel-076-6583437,Mobile,+8550766583437
Mobitel-076-6583438,Mobile,+8550766583438
Mobitel-076-6583439,Mobile,+8550766583439
Mobitel-076-6583440,Mobile,+8550766583440
Mobitel-076-6583441,Mobile,+8550766583441
Mobitel-076-6583442,Mobile,+8550766583442
Mobitel-076-6583443,Mobile,+8550766583443
Mobitel-076-6583444,Mobile,+8550766583444
Mobitel-076-6583445,Mobile,+8550766583445
Mobitel-076-6583446,Mobile,+8550766583446
Mobitel-076-6583447,Mobile,+8550766583447
Mobitel-076-6583448,Mobile,+8550766583448
Mobitel-076-6583449,Mobile,+8550766583449
Mobitel-076-6583450,Mobile,+8550766583450
Mobitel-076-6583451,Mobile,+8550766583451
Mobitel-076-6583452,Mobile,+8550766583452
Mobitel-076-6583453,Mobile,+8550766583453
Mobitel-076-6583454,Mobile,+8550766583454
Mobitel-076-6583455,Mobile,+8550766583455
Mobitel-076-6583456,Mobile,+8550766583456
Mobitel-076-6583457,Mobile,+8550766583457
Mobitel-076-6583458,Mobile,+8550766583458
Mobitel-076-6583459,Mobile,+8550766583459
Mobitel-076-6583460,Mobile,+8550766583460
Mobitel-076-6583461,Mobile,+8550766583461
Mobitel-076-6583462,Mobile,+8550766583462
Mobitel-076-6583463,Mobile,+8550766583463
Mobitel-076-6583464,Mobile,+8550766583464
Mobitel-076-6583465,Mobile,+8550766583465
Mobitel-076-6583466,Mobile,+8550766583466
Mobitel-076-6583467,Mobile,+8550766583467
Mobitel-076-6583468,Mobile,+8550766583468
Mobitel-076-6583469,Mobile,+8550766583469
Mobitel-076-6583470,Mobile,+8550766583470
Mobitel-076-6583471,Mobile,+8550766583471
Mobitel-076-6583472,Mobile,+8550766583472
Mobitel-076-6583473,Mobile,+8550766583473
Mobitel-076-6583474,Mobile,+8550766583474
Mobitel-076-6583475,Mobile,+8550766583475
Mobitel-076-6583476,Mobile,+8550766583476
Mobitel-076-6583477,Mobile,+8550766583477
Mobitel-076-6583478,Mobile,+8550766583478
Mobitel-076-6583479,Mobile,+8550766583479
Mobitel-076-6583480,Mobile,+8550766583480
Mobitel-076-6583481,Mobile,+8550766583481
Mobitel-076-6583482,Mobile,+8550766583482
Mobitel-076-6583483,Mobile,+8550766583483
Mobitel-076-6583484,Mobile,+8550766583484
Mobitel-076-6583485,Mobile,+8550766583485
Mobitel-076-6583486,Mobile,+8550766583486
Mobitel-076-6583487,Mobile,+8550766583487
Mobitel-076-6583488,Mobile,+8550766583488
Mobitel-076-6583489,Mobile,+8550766583489
Mobitel-076-6583490,Mobile,+8550766583490
Mobitel-076-6583491,Mobile,+8550766583491
Mobitel-076-6583492,Mobile,+8550766583492
Mobitel-076-6583493,Mobile,+8550766583493
Mobitel-076-6583494,Mobile,+8550766583494
Mobitel-076-6583495,Mobile,+8550766583495
Mobitel-076-6583496,Mobile,+8550766583496
Mobitel-076-6583497,Mobile,+8550766583497
Mobitel-076-6583498,Mobile,+8550766583498
Mobitel-076-6583499,Mobile,+8550766583499
Mobitel-076-6583500,Mobile,+8550766583500
Mobitel-076-6583501,Mobile,+8550766583501
Mobitel-076-6583502,Mobile,+8550766583502
Mobitel-076-6583503,Mobile,+8550766583503
Mobitel-076-6583504,Mobile,+8550766583504
Mobitel-076-6583505,Mobile,+8550766583505
Mobitel-076-6583506,Mobile,+8550766583506
Mobitel-076-6583507,Mobile,+8550766583507
Mobitel-076-6583508,Mobile,+8550766583508
Mobitel-076-6583509,Mobile,+8550766583509
Mobitel-076-6583510,Mobile,+8550766583510
Mobitel-076-6583511,Mobile,+8550766583511
Mobitel-076-6583512,Mobile,+8550766583512
Mobitel-076-6583513,Mobile,+8550766583513
Mobitel-076-6583514,Mobile,+8550766583514
Mobitel-076-6583515,Mobile,+8550766583515
Mobitel-076-6583516,Mobile,+8550766583516
Mobitel-076-6583517,Mobile,+8550766583517
Mobitel-076-6583518,Mobile,+8550766583518
Mobitel-076-6583519,Mobile,+8550766583519
Mobitel-076-6583520,Mobile,+8550766583520
Mobitel-076-6583521,Mobile,+8550766583521
Mobitel-076-6583522,Mobile,+8550766583522
Mobitel-076-6583523,Mobile,+8550766583523
Mobitel-076-6583524,Mobile,+8550766583524
Mobitel-076-6583525,Mobile,+8550766583525
Mobitel-076-6583526,Mobile,+8550766583526
Mobitel-076-6583527,Mobile,+8550766583527
Mobitel-076-6583528,Mobile,+8550766583528
Mobitel-076-6583529,Mobile,+8550766583529
Mobitel-076-6583530,Mobile,+8550766583530
Mobitel-076-6583531,Mobile,+8550766583531
Mobitel-076-6583532,Mobile,+8550766583532
Mobitel-076-6583533,Mobile,+8550766583533
Mobitel-076-6583534,Mobile,+8550766583534
Mobitel-076-6583535,Mobile,+8550766583535
Mobitel-076-6583536,Mobile,+8550766583536
Mobitel-076-6583537,Mobile,+8550766583537
Mobitel-076-6583538,Mobile,+8550766583538
Mobitel-076-6583539,Mobile,+8550766583539
Mobitel-076-6583540,Mobile,+8550766583540
Mobitel-076-6583541,Mobile,+8550766583541
Mobitel-076-6583542,Mobile,+8550766583542
Mobitel-076-6583543,Mobile,+8550766583543
Mobitel-076-6583544,Mobile,+8550766583544
Mobitel-076-6583545,Mobile,+8550766583545
Mobitel-076-6583546,Mobile,+8550766583546
Mobitel-076-6583547,Mobile,+8550766583547
Mobitel-076-6583548,Mobile,+8550766583548
Mobitel-076-6583549,Mobile,+8550766583549
Mobitel-076-6583550,Mobile,+8550766583550
Mobitel-076-6583551,Mobile,+8550766583551
Mobitel-076-6583552,Mobile,+8550766583552
Mobitel-076-6583553,Mobile,+8550766583553
Mobitel-076-6583554,Mobile,+8550766583554
Mobitel-076-6583555,Mobile,+8550766583555
Mobitel-076-6583556,Mobile,+8550766583556
Mobitel-076-6583557,Mobile,+8550766583557
Mobitel-076-6583558,Mobile,+8550766583558
Mobitel-076-6583559,Mobile,+8550766583559
Mobitel-076-6583560,Mobile,+8550766583560
Mobitel-076-6583561,Mobile,+8550766583561
Mobitel-076-6583562,Mobile,+8550766583562
Mobitel-076-6583563,Mobile,+8550766583563
Mobitel-076-6583564,Mobile,+8550766583564
Mobitel-076-6583565,Mobile,+8550766583565
Mobitel-076-6583566,Mobile,+8550766583566
Mobitel-076-6583567,Mobile,+8550766583567
Mobitel-076-6583568,Mobile,+8550766583568
Mobitel-076-6583569,Mobile,+8550766583569
Mobitel-076-6583570,Mobile,+8550766583570
Mobitel-076-6583571,Mobile,+8550766583571
Mobitel-076-6583572,Mobile,+8550766583572
Mobitel-076-6583573,Mobile,+8550766583573
Mobitel-076-6583574,Mobile,+8550766583574
Mobitel-076-6583575,Mobile,+8550766583575
Mobitel-076-6583576,Mobile,+8550766583576
Mobitel-076-6583577,Mobile,+8550766583577
Mobitel-076-6583578,Mobile,+8550766583578
Mobitel-076-6583579,Mobile,+8550766583579
Mobitel-076-6583580,Mobile,+8550766583580
Mobitel-076-6583581,Mobile,+8550766583581
Mobitel-076-6583582,Mobile,+8550766583582
Mobitel-076-6583583,Mobile,+8550766583583
Mobitel-076-6583584,Mobile,+8550766583584
Mobitel-076-6583585,Mobile,+8550766583585
Mobitel-076-6583586,Mobile,+8550766583586
Mobitel-076-6583587,Mobile,+8550766583587
Mobitel-076-6583588,Mobile,+8550766583588
Mobitel-076-6583589,Mobile,+8550766583589
Mobitel-076-6583590,Mobile,+8550766583590
Mobitel-076-6583591,Mobile,+8550766583591
Mobitel-076-6583592,Mobile,+8550766583592
Mobitel-076-6583593,Mobile,+8550766583593
Mobitel-076-6583594,Mobile,+8550766583594
Mobitel-076-6583595,Mobile,+8550766583595
Mobitel-076-6583596,Mobile,+8550766583596
Mobitel-076-6583597,Mobile,+8550766583597
Mobitel-076-6583598,Mobile,+8550766583598
Mobitel-076-6583599,Mobile,+8550766583599
Mobitel-076-6583600,Mobile,+8550766583600
Mobitel-076-6583601,Mobile,+8550766583601
Mobitel-076-6583602,Mobile,+8550766583602
Mobitel-076-6583603,Mobile,+8550766583603
Mobitel-076-6583604,Mobile,+8550766583604
Mobitel-076-6583605,Mobile,+8550766583605
Mobitel-076-6583606,Mobile,+8550766583606
Mobitel-076-6583607,Mobile,+8550766583607
Mobitel-076-6583608,Mobile,+8550766583608
Mobitel-076-6583609,Mobile,+8550766583609
Mobitel-076-6583610,Mobile,+8550766583610
Mobitel-076-6583611,Mobile,+8550766583611
Mobitel-076-6583612,Mobile,+8550766583612
Mobitel-076-6583613,Mobile,+8550766583613
Mobitel-076-6583614,Mobile,+8550766583614
Mobitel-076-6583615,Mobile,+8550766583615
Mobitel-076-6583616,Mobile,+8550766583616
Mobitel-076-6583617,Mobile,+8550766583617
Mobitel-076-6583618,Mobile,+8550766583618
Mobitel-076-6583619,Mobile,+8550766583619
Mobitel-076-6583620,Mobile,+8550766583620
Mobitel-076-6583621,Mobile,+8550766583621
Mobitel-076-6583622,Mobile,+8550766583622
Mobitel-076-6583623,Mobile,+8550766583623
Mobitel-076-6583624,Mobile,+8550766583624
Mobitel-076-6583625,Mobile,+8550766583625
Mobitel-076-6583626,Mobile,+8550766583626
Mobitel-076-6583627,Mobile,+8550766583627
Mobitel-076-6583628,Mobile,+8550766583628
Mobitel-076-6583629,Mobile,+8550766583629
Mobitel-076-6583630,Mobile,+8550766583630
Mobitel-076-6583631,Mobile,+8550766583631
Mobitel-076-6583632,Mobile,+8550766583632
Mobitel-076-6583633,Mobile,+8550766583633
Mobitel-076-6583634,Mobile,+8550766583634
Mobitel-076-6583635,Mobile,+8550766583635
Mobitel-076-6583636,Mobile,+8550766583636
Mobitel-076-6583637,Mobile,+8550766583637
Mobitel-076-6583638,Mobile,+8550766583638
Mobitel-076-6583639,Mobile,+8550766583639
Mobitel-076-6583640,Mobile,+8550766583640
Mobitel-076-6583641,Mobile,+8550766583641
Mobitel-076-6583642,Mobile,+8550766583642
Mobitel-076-6583643,Mobile,+8550766583643
Mobitel-076-6583644,Mobile,+8550766583644
Mobitel-076-6583645,Mobile,+8550766583645
Mobitel-076-6583646,Mobile,+8550766583646
Mobitel-076-6583647,Mobile,+8550766583647
Mobitel-076-6583648,Mobile,+8550766583648
Mobitel-076-6583649,Mobile,+8550766583649
Mobitel-076-6583650,Mobile,+8550766583650
Mobitel-076-6583651,Mobile,+8550766583651
Mobitel-076-6583652,Mobile,+8550766583652
Mobitel-076-6583653,Mobile,+8550766583653
Mobitel-076-6583654,Mobile,+8550766583654
Mobitel-076-6583655,Mobile,+8550766583655
Mobitel-076-6583656,Mobile,+8550766583656
Mobitel-076-6583657,Mobile,+8550766583657
Mobitel-076-6583658,Mobile,+8550766583658
Mobitel-076-6583659,Mobile,+8550766583659
Mobitel-076-6583660,Mobile,+8550766583660
Mobitel-076-6583661,Mobile,+8550766583661
Mobitel-076-6583662,Mobile,+8550766583662
Mobitel-076-6583663,Mobile,+8550766583663
Mobitel-076-6583664,Mobile,+8550766583664
Mobitel-076-6583665,Mobile,+8550766583665
Mobitel-076-6583666,Mobile,+8550766583666
Mobitel-076-6583667,Mobile,+8550766583667
Mobitel-076-6583668,Mobile,+8550766583668
Mobitel-076-6583669,Mobile,+8550766583669
Mobitel-076-6583670,Mobile,+8550766583670
Mobitel-076-6583671,Mobile,+8550766583671
Mobitel-076-6583672,Mobile,+8550766583672
Mobitel-076-6583673,Mobile,+8550766583673
Mobitel-076-6583674,Mobile,+8550766583674
Mobitel-076-6583675,Mobile,+8550766583675
Mobitel-076-6583676,Mobile,+8550766583676
Mobitel-076-6583677,Mobile,+8550766583677
Mobitel-076-6583678,Mobile,+8550766583678
Mobitel-076-6583679,Mobile,+8550766583679
Mobitel-076-6583680,Mobile,+8550766583680
Mobitel-076-6583681,Mobile,+8550766583681
Mobitel-076-6583682,Mobile,+8550766583682
Mobitel-076-6583683,Mobile,+8550766583683
Mobitel-076-6583684,Mobile,+8550766583684
Mobitel-076-6583685,Mobile,+8550766583685
Mobitel-076-6583686,Mobile,+8550766583686
Mobitel-076-6583687,Mobile,+8550766583687
Mobitel-076-6583688,Mobile,+8550766583688
Mobitel-076-6583689,Mobile,+8550766583689
Mobitel-076-6583690,Mobile,+8550766583690
Mobitel-076-6583691,Mobile,+8550766583691
Mobitel-076-6583692,Mobile,+8550766583692
Mobitel-076-6583693,Mobile,+8550766583693
Mobitel-076-6583694,Mobile,+8550766583694
Mobitel-076-6583695,Mobile,+8550766583695
Mobitel-076-6583696,Mobile,+8550766583696
Mobitel-076-6583697,Mobile,+8550766583697
Mobitel-076-6583698,Mobile,+8550766583698
Mobitel-076-6583699,Mobile,+8550766583699
Mobitel-076-6583700,Mobile,+8550766583700
Mobitel-076-6583701,Mobile,+8550766583701
Mobitel-076-6583702,Mobile,+8550766583702
Mobitel-076-6583703,Mobile,+8550766583703
Mobitel-076-6583704,Mobile,+8550766583704
Mobitel-076-6583705,Mobile,+8550766583705
Mobitel-076-6583706,Mobile,+8550766583706
Mobitel-076-6583707,Mobile,+8550766583707
Mobitel-076-6583708,Mobile,+8550766583708
Mobitel-076-6583709,Mobile,+8550766583709
Mobitel-076-6583710,Mobile,+8550766583710
Mobitel-076-6583711,Mobile,+8550766583711
Mobitel-076-6583712,Mobile,+8550766583712
Mobitel-076-6583713,Mobile,+8550766583713
Mobitel-076-6583714,Mobile,+8550766583714
Mobitel-076-6583715,Mobile,+8550766583715
Mobitel-076-6583716,Mobile,+8550766583716
Mobitel-076-6583717,Mobile,+8550766583717
Mobitel-076-6583718,Mobile,+8550766583718
Mobitel-076-6583719,Mobile,+8550766583719
Mobitel-076-6583720,Mobile,+8550766583720
Mobitel-076-6583721,Mobile,+8550766583721
Mobitel-076-6583722,Mobile,+8550766583722
Mobitel-076-6583723,Mobile,+8550766583723
Mobitel-076-6583724,Mobile,+8550766583724
Mobitel-076-6583725,Mobile,+8550766583725
Mobitel-076-6583726,Mobile,+8550766583726
Mobitel-076-6583727,Mobile,+8550766583727
Mobitel-076-6583728,Mobile,+8550766583728
Mobitel-076-6583729,Mobile,+8550766583729
Mobitel-076-6583730,Mobile,+8550766583730
Mobitel-076-6583731,Mobile,+8550766583731
Mobitel-076-6583732,Mobile,+8550766583732
Mobitel-076-6583733,Mobile,+8550766583733
Mobitel-076-6583734,Mobile,+8550766583734
Mobitel-076-6583735,Mobile,+8550766583735
Mobitel-076-6583736,Mobile,+8550766583736
Mobitel-076-6583737,Mobile,+8550766583737
Mobitel-076-6583738,Mobile,+8550766583738
Mobitel-076-6583739,Mobile,+8550766583739
Mobitel-076-6583740,Mobile,+8550766583740
Mobitel-076-6583741,Mobile,+8550766583741
Mobitel-076-6583742,Mobile,+8550766583742
Mobitel-076-6583743,Mobile,+8550766583743
Mobitel-076-6583744,Mobile,+8550766583744
Mobitel-076-6583745,Mobile,+8550766583745
Mobitel-076-6583746,Mobile,+8550766583746
Mobitel-076-6583747,Mobile,+8550766583747
Mobitel-076-6583748,Mobile,+8550766583748
Mobitel-076-6583749,Mobile,+8550766583749
Mobitel-076-6583750,Mobile,+8550766583750
Mobitel-076-6583751,Mobile,+8550766583751
Mobitel-076-6583752,Mobile,+8550766583752
Mobitel-076-6583753,Mobile,+8550766583753
Mobitel-076-6583754,Mobile,+8550766583754
Mobitel-076-6583755,Mobile,+8550766583755
Mobitel-076-6583756,Mobile,+8550766583756
Mobitel-076-6583757,Mobile,+8550766583757
Mobitel-076-6583758,Mobile,+8550766583758
Mobitel-076-6583759,Mobile,+8550766583759
Mobitel-076-6583760,Mobile,+8550766583760
Mobitel-076-6583761,Mobile,+8550766583761
Mobitel-076-6583762,Mobile,+8550766583762
Mobitel-076-6583763,Mobile,+8550766583763
Mobitel-076-6583764,Mobile,+8550766583764
Mobitel-076-6583765,Mobile,+8550766583765
Mobitel-076-6583766,Mobile,+8550766583766
Mobitel-076-6583767,Mobile,+8550766583767
Mobitel-076-6583768,Mobile,+8550766583768
Mobitel-076-6583769,Mobile,+8550766583769
Mobitel-076-6583770,Mobile,+8550766583770
Mobitel-076-6583771,Mobile,+8550766583771
Mobitel-076-6583772,Mobile,+8550766583772
Mobitel-076-6583773,Mobile,+8550766583773
Mobitel-076-6583774,Mobile,+8550766583774
Mobitel-076-6583775,Mobile,+8550766583775
Mobitel-076-6583776,Mobile,+8550766583776
Mobitel-076-6583777,Mobile,+8550766583777
Mobitel-076-6583778,Mobile,+8550766583778
Mobitel-076-6583779,Mobile,+8550766583779
Mobitel-076-6583780,Mobile,+8550766583780
Mobitel-076-6583781,Mobile,+8550766583781
Mobitel-076-6583782,Mobile,+8550766583782
Mobitel-076-6583783,Mobile,+8550766583783
Mobitel-076-6583784,Mobile,+8550766583784
Mobitel-076-6583785,Mobile,+8550766583785
Mobitel-076-6583786,Mobile,+8550766583786
Mobitel-076-6583787,Mobile,+8550766583787
Mobitel-076-6583788,Mobile,+8550766583788
Mobitel-076-6583789,Mobile,+8550766583789
Mobitel-076-6583790,Mobile,+8550766583790
Mobitel-076-6583791,Mobile,+8550766583791
Mobitel-076-6583792,Mobile,+8550766583792
Mobitel-076-6583793,Mobile,+8550766583793
Mobitel-076-6583794,Mobile,+8550766583794
Mobitel-076-6583795,Mobile,+8550766583795
Mobitel-076-6583796,Mobile,+8550766583796
Mobitel-076-6583797,Mobile,+8550766583797
Mobitel-076-6583798,Mobile,+8550766583798
Mobitel-076-6583799,Mobile,+8550766583799
Mobitel-076-6583800,Mobile,+8550766583800
Mobitel-076-6583801,Mobile,+8550766583801
Mobitel-076-6583802,Mobile,+8550766583802
Mobitel-076-6583803,Mobile,+8550766583803
Mobitel-076-6583804,Mobile,+8550766583804
Mobitel-076-6583805,Mobile,+8550766583805
Mobitel-076-6583806,Mobile,+8550766583806
Mobitel-076-6583807,Mobile,+8550766583807
Mobitel-076-6583808,Mobile,+8550766583808
Mobitel-076-6583809,Mobile,+8550766583809
Mobitel-076-6583810,Mobile,+8550766583810
Mobitel-076-6583811,Mobile,+8550766583811
Mobitel-076-6583812,Mobile,+8550766583812
Mobitel-076-6583813,Mobile,+8550766583813
Mobitel-076-6583814,Mobile,+8550766583814
Mobitel-076-6583815,Mobile,+8550766583815
Mobitel-076-6583816,Mobile,+8550766583816
Mobitel-076-6583817,Mobile,+8550766583817
Mobitel-076-6583818,Mobile,+8550766583818
Mobitel-076-6583819,Mobile,+8550766583819
Mobitel-076-6583820,Mobile,+8550766583820
Mobitel-076-6583821,Mobile,+8550766583821
Mobitel-076-6583822,Mobile,+8550766583822
Mobitel-076-6583823,Mobile,+8550766583823
Mobitel-076-6583824,Mobile,+8550766583824
Mobitel-076-6583825,Mobile,+8550766583825
Mobitel-076-6583826,Mobile,+8550766583826
Mobitel-076-6583827,Mobile,+8550766583827
Mobitel-076-6583828,Mobile,+8550766583828
Mobitel-076-6583829,Mobile,+8550766583829
Mobitel-076-6583830,Mobile,+8550766583830
Mobitel-076-6583831,Mobile,+8550766583831
Mobitel-076-6583832,Mobile,+8550766583832
Mobitel-076-6583833,Mobile,+8550766583833
Mobitel-076-6583834,Mobile,+8550766583834
Mobitel-076-6583835,Mobile,+8550766583835
Mobitel-076-6583836,Mobile,+8550766583836
Mobitel-076-6583837,Mobile,+8550766583837
Mobitel-076-6583838,Mobile,+8550766583838
Mobitel-076-6583839,Mobile,+8550766583839
Mobitel-076-6583840,Mobile,+8550766583840
Mobitel-076-6583841,Mobile,+8550766583841
Mobitel-076-6583842,Mobile,+8550766583842
Mobitel-076-6583843,Mobile,+8550766583843
Mobitel-076-6583844,Mobile,+8550766583844
Mobitel-076-6583845,Mobile,+8550766583845
Mobitel-076-6583846,Mobile,+8550766583846
Mobitel-076-6583847,Mobile,+8550766583847
Mobitel-076-6583848,Mobile,+8550766583848
Mobitel-076-6583849,Mobile,+8550766583849
Mobitel-076-6583850,Mobile,+8550766583850
Mobitel-076-6583851,Mobile,+8550766583851
Mobitel-076-6583852,Mobile,+8550766583852
Mobitel-076-6583853,Mobile,+8550766583853
Mobitel-076-6583854,Mobile,+8550766583854
Mobitel-076-6583855,Mobile,+8550766583855
Mobitel-076-6583856,Mobile,+8550766583856
Mobitel-076-6583857,Mobile,+8550766583857
Mobitel-076-6583858,Mobile,+8550766583858
Mobitel-076-6583859,Mobile,+8550766583859
Mobitel-076-6583860,Mobile,+8550766583860
Mobitel-076-6583861,Mobile,+8550766583861
Mobitel-076-6583862,Mobile,+8550766583862
Mobitel-076-6583863,Mobile,+8550766583863
Mobitel-076-6583864,Mobile,+8550766583864
Mobitel-076-6583865,Mobile,+8550766583865
Mobitel-076-6583866,Mobile,+8550766583866
Mobitel-076-6583867,Mobile,+8550766583867
Mobitel-076-6583868,Mobile,+8550766583868
Mobitel-076-6583869,Mobile,+8550766583869
Mobitel-076-6583870,Mobile,+8550766583870
Mobitel-076-6583871,Mobile,+8550766583871
Mobitel-076-6583872,Mobile,+8550766583872
Mobitel-076-6583873,Mobile,+8550766583873
Mobitel-076-6583874,Mobile,+8550766583874
Mobitel-076-6583875,Mobile,+8550766583875
Mobitel-076-6583876,Mobile,+8550766583876
Mobitel-076-6583877,Mobile,+8550766583877
Mobitel-076-6583878,Mobile,+8550766583878
Mobitel-076-6583879,Mobile,+8550766583879
Mobitel-076-6583880,Mobile,+8550766583880
Mobitel-076-6583881,Mobile,+8550766583881
Mobitel-076-6583882,Mobile,+8550766583882
Mobitel-076-6583883,Mobile,+8550766583883
Mobitel-076-6583884,Mobile,+8550766583884
Mobitel-076-6583885,Mobile,+8550766583885
Mobitel-076-6583886,Mobile,+8550766583886
Mobitel-076-6583887,Mobile,+8550766583887
Mobitel-076-6583888,Mobile,+8550766583888
Mobitel-076-6583889,Mobile,+8550766583889
Mobitel-076-6583890,Mobile,+8550766583890
Mobitel-076-6583891,Mobile,+8550766583891
Mobitel-076-6583892,Mobile,+8550766583892
Mobitel-076-6583893,Mobile,+8550766583893
Mobitel-076-6583894,Mobile,+8550766583894
Mobitel-076-6583895,Mobile,+8550766583895
Mobitel-076-6583896,Mobile,+8550766583896
Mobitel-076-6583897,Mobile,+8550766583897
Mobitel-076-6583898,Mobile,+8550766583898
Mobitel-076-6583899,Mobile,+8550766583899
Mobitel-076-6583900,Mobile,+8550766583900
Mobitel-076-6583901,Mobile,+8550766583901
Mobitel-076-6583902,Mobile,+8550766583902
Mobitel-076-6583903,Mobile,+8550766583903
Mobitel-076-6583904,Mobile,+8550766583904
Mobitel-076-6583905,Mobile,+8550766583905
Mobitel-076-6583906,Mobile,+8550766583906
Mobitel-076-6583907,Mobile,+8550766583907
Mobitel-076-6583908,Mobile,+8550766583908
Mobitel-076-6583909,Mobile,+8550766583909
Mobitel-076-6583910,Mobile,+8550766583910
Mobitel-076-6583911,Mobile,+8550766583911
Mobitel-076-6583912,Mobile,+8550766583912
Mobitel-076-6583913,Mobile,+8550766583913
Mobitel-076-6583914,Mobile,+8550766583914
Mobitel-076-6583915,Mobile,+8550766583915
Mobitel-076-6583916,Mobile,+8550766583916
Mobitel-076-6583917,Mobile,+8550766583917
Mobitel-076-6583918,Mobile,+8550766583918
Mobitel-076-6583919,Mobile,+8550766583919
Mobitel-076-6583920,Mobile,+8550766583920
Mobitel-076-6583921,Mobile,+8550766583921
Mobitel-076-6583922,Mobile,+8550766583922
Mobitel-076-6583923,Mobile,+8550766583923
Mobitel-076-6583924,Mobile,+8550766583924
Mobitel-076-6583925,Mobile,+8550766583925
Mobitel-076-6583926,Mobile,+8550766583926
Mobitel-076-6583927,Mobile,+8550766583927
Mobitel-076-6583928,Mobile,+8550766583928
Mobitel-076-6583929,Mobile,+8550766583929
Mobitel-076-6583930,Mobile,+8550766583930
Mobitel-076-6583931,Mobile,+8550766583931
Mobitel-076-6583932,Mobile,+8550766583932
Mobitel-076-6583933,Mobile,+8550766583933
Mobitel-076-6583934,Mobile,+8550766583934
Mobitel-076-6583935,Mobile,+8550766583935
Mobitel-076-6583936,Mobile,+8550766583936
Mobitel-076-6583937,Mobile,+8550766583937
Mobitel-076-6583938,Mobile,+8550766583938
Mobitel-076-6583939,Mobile,+8550766583939
Mobitel-076-6583940,Mobile,+8550766583940
Mobitel-076-6583941,Mobile,+8550766583941
Mobitel-076-6583942,Mobile,+8550766583942
Mobitel-076-6583943,Mobile,+8550766583943
Mobitel-076-6583944,Mobile,+8550766583944
Mobitel-076-6583945,Mobile,+8550766583945
Mobitel-076-6583946,Mobile,+8550766583946
Mobitel-076-6583947,Mobile,+8550766583947
Mobitel-076-6583948,Mobile,+8550766583948
Mobitel-076-6583949,Mobile,+8550766583949
Mobitel-076-6583950,Mobile,+8550766583950
Mobitel-076-6583951,Mobile,+8550766583951
Mobitel-076-6583952,Mobile,+8550766583952
Mobitel-076-6583953,Mobile,+8550766583953
Mobitel-076-6583954,Mobile,+8550766583954
Mobitel-076-6583955,Mobile,+8550766583955
Mobitel-076-6583956,Mobile,+8550766583956
Mobitel-076-6583957,Mobile,+8550766583957
Mobitel-076-6583958,Mobile,+8550766583958
Mobitel-076-6583959,Mobile,+8550766583959
Mobitel-076-6583960,Mobile,+8550766583960
Mobitel-076-6583961,Mobile,+8550766583961
Mobitel-076-6583962,Mobile,+8550766583962
Mobitel-076-6583963,Mobile,+8550766583963
Mobitel-076-6583964,Mobile,+8550766583964
Mobitel-076-6583965,Mobile,+8550766583965
Mobitel-076-6583966,Mobile,+8550766583966
Mobitel-076-6583967,Mobile,+8550766583967
Mobitel-076-6583968,Mobile,+8550766583968
Mobitel-076-6583969,Mobile,+8550766583969
Mobitel-076-6583970,Mobile,+8550766583970
Mobitel-076-6583971,Mobile,+8550766583971
Mobitel-076-6583972,Mobile,+8550766583972
Mobitel-076-6583973,Mobile,+8550766583973
Mobitel-076-6583974,Mobile,+8550766583974
Mobitel-076-6583975,Mobile,+8550766583975
Mobitel-076-6583976,Mobile,+8550766583976
Mobitel-076-6583977,Mobile,+8550766583977
Mobitel-076-6583978,Mobile,+8550766583978
Mobitel-076-6583979,Mobile,+8550766583979
Mobitel-076-6583980,Mobile,+8550766583980
Mobitel-076-6583981,Mobile,+8550766583981
Mobitel-076-6583982,Mobile,+8550766583982
Mobitel-076-6583983,Mobile,+8550766583983
Mobitel-076-6583984,Mobile,+8550766583984
Mobitel-076-6583985,Mobile,+8550766583985
Mobitel-076-6583986,Mobile,+8550766583986
Mobitel-076-6583987,Mobile,+8550766583987
Mobitel-076-6583988,Mobile,+8550766583988
Mobitel-076-6583989,Mobile,+8550766583989
Mobitel-076-6583990,Mobile,+8550766583990
Mobitel-076-6583991,Mobile,+8550766583991
Mobitel-076-6583992,Mobile,+8550766583992
Mobitel-076-6583993,Mobile,+8550766583993
Mobitel-076-6583994,Mobile,+8550766583994
Mobitel-076-6583995,Mobile,+8550766583995
Mobitel-076-6583996,Mobile,+8550766583996
Mobitel-076-6583997,Mobile,+8550766583997
Mobitel-076-6583998,Mobile,+8550766583998
Mobitel-076-6583999,Mobile,+8550766583999
Mobitel-076-6584000,Mobile,+8550766584000
Mobitel-076-6584001,Mobile,+8550766584001
Mobitel-076-6584002,Mobile,+8550766584002
Mobitel-076-6584003,Mobile,+8550766584003
Mobitel-076-6584004,Mobile,+8550766584004
Mobitel-076-6584005,Mobile,+8550766584005
Mobitel-076-6584006,Mobile,+8550766584006
Mobitel-076-6584007,Mobile,+8550766584007
Mobitel-076-6584008,Mobile,+8550766584008
Mobitel-076-6584009,Mobile,+8550766584009
Mobitel-076-6584010,Mobile,+8550766584010
Mobitel-076-6584011,Mobile,+8550766584011
Mobitel-076-6584012,Mobile,+8550766584012
Mobitel-076-6584013,Mobile,+8550766584013
Mobitel-076-6584014,Mobile,+8550766584014
Mobitel-076-6584015,Mobile,+8550766584015
Mobitel-076-6584016,Mobile,+8550766584016
Mobitel-076-6584017,Mobile,+8550766584017
Mobitel-076-6584018,Mobile,+8550766584018
Mobitel-076-6584019,Mobile,+8550766584019
Mobitel-076-6584020,Mobile,+8550766584020
Mobitel-076-6584021,Mobile,+8550766584021
Mobitel-076-6584022,Mobile,+8550766584022
Mobitel-076-6584023,Mobile,+8550766584023
Mobitel-076-6584024,Mobile,+8550766584024
Mobitel-076-6584025,Mobile,+8550766584025
Mobitel-076-6584026,Mobile,+8550766584026
Mobitel-076-6584027,Mobile,+8550766584027
Mobitel-076-6584028,Mobile,+8550766584028
Mobitel-076-6584029,Mobile,+8550766584029
Mobitel-076-6584030,Mobile,+8550766584030
Mobitel-076-6584031,Mobile,+8550766584031
Mobitel-076-6584032,Mobile,+8550766584032
Mobitel-076-6584033,Mobile,+8550766584033
Mobitel-076-6584034,Mobile,+8550766584034
Mobitel-076-6584035,Mobile,+8550766584035
Mobitel-076-6584036,Mobile,+8550766584036
Mobitel-076-6584037,Mobile,+8550766584037
Mobitel-076-6584038,Mobile,+8550766584038
Mobitel-076-6584039,Mobile,+8550766584039
Mobitel-076-6584040,Mobile,+8550766584040
Mobitel-076-6584041,Mobile,+8550766584041
Mobitel-076-6584042,Mobile,+8550766584042
Mobitel-076-6584043,Mobile,+8550766584043
Mobitel-076-6584044,Mobile,+8550766584044
Mobitel-076-6584045,Mobile,+8550766584045
Mobitel-076-6584046,Mobile,+8550766584046
Mobitel-076-6584047,Mobile,+8550766584047
Mobitel-076-6584048,Mobile,+8550766584048
Mobitel-076-6584049,Mobile,+8550766584049
Mobitel-076-6584050,Mobile,+8550766584050
Mobitel-076-6584051,Mobile,+8550766584051
Mobitel-076-6584052,Mobile,+8550766584052
Mobitel-076-6584053,Mobile,+8550766584053
Mobitel-076-6584054,Mobile,+8550766584054
Mobitel-076-6584055,Mobile,+8550766584055
Mobitel-076-6584056,Mobile,+8550766584056
Mobitel-076-6584057,Mobile,+8550766584057
Mobitel-076-6584058,Mobile,+8550766584058
Mobitel-076-6584059,Mobile,+8550766584059
Mobitel-076-6584060,Mobile,+8550766584060
Mobitel-076-6584061,Mobile,+8550766584061
Mobitel-076-6584062,Mobile,+8550766584062
Mobitel-076-6584063,Mobile,+8550766584063
Mobitel-076-6584064,Mobile,+8550766584064
Mobitel-076-6584065,Mobile,+8550766584065
Mobitel-076-6584066,Mobile,+8550766584066
Mobitel-076-6584067,Mobile,+8550766584067
Mobitel-076-6584068,Mobile,+8550766584068
Mobitel-076-6584069,Mobile,+8550766584069
Mobitel-076-6584070,Mobile,+8550766584070
Mobitel-076-6584071,Mobile,+8550766584071
Mobitel-076-6584072,Mobile,+8550766584072
Mobitel-076-6584073,Mobile,+8550766584073
Mobitel-076-6584074,Mobile,+8550766584074
Mobitel-076-6584075,Mobile,+8550766584075
Mobitel-076-6584076,Mobile,+8550766584076
Mobitel-076-6584077,Mobile,+8550766584077
Mobitel-076-6584078,Mobile,+8550766584078
Mobitel-076-6584079,Mobile,+8550766584079
Mobitel-076-6584080,Mobile,+8550766584080
Mobitel-076-6584081,Mobile,+8550766584081
Mobitel-076-6584082,Mobile,+8550766584082
Mobitel-076-6584083,Mobile,+8550766584083
Mobitel-076-6584084,Mobile,+8550766584084
Mobitel-076-6584085,Mobile,+8550766584085
Mobitel-076-6584086,Mobile,+8550766584086
Mobitel-076-6584087,Mobile,+8550766584087
Mobitel-076-6584088,Mobile,+8550766584088
Mobitel-076-6584089,Mobile,+8550766584089
Mobitel-076-6584090,Mobile,+8550766584090
Mobitel-076-6584091,Mobile,+8550766584091
Mobitel-076-6584092,Mobile,+8550766584092
Mobitel-076-6584093,Mobile,+8550766584093
Mobitel-076-6584094,Mobile,+8550766584094
Mobitel-076-6584095,Mobile,+8550766584095
Mobitel-076-6584096,Mobile,+8550766584096
Mobitel-076-6584097,Mobile,+8550766584097
Mobitel-076-6584098,Mobile,+8550766584098
Mobitel-076-6584099,Mobile,+8550766584099
Mobitel-076-6584100,Mobile,+8550766584100
Mobitel-076-6584101,Mobile,+8550766584101
Mobitel-076-6584102,Mobile,+8550766584102
Mobitel-076-6584103,Mobile,+8550766584103
Mobitel-076-6584104,Mobile,+8550766584104
Mobitel-076-6584105,Mobile,+8550766584105
Mobitel-076-6584106,Mobile,+8550766584106
Mobitel-076-6584107,Mobile,+8550766584107
Mobitel-076-6584108,Mobile,+8550766584108
Mobitel-076-6584109,Mobile,+8550766584109
Mobitel-076-6584110,Mobile,+8550766584110
Mobitel-076-6584111,Mobile,+8550766584111
Mobitel-076-6584112,Mobile,+8550766584112
Mobitel-076-6584113,Mobile,+8550766584113
Mobitel-076-6584114,Mobile,+8550766584114
Mobitel-076-6584115,Mobile,+8550766584115
Mobitel-076-6584116,Mobile,+8550766584116
Mobitel-076-6584117,Mobile,+8550766584117
Mobitel-076-6584118,Mobile,+8550766584118
Mobitel-076-6584119,Mobile,+8550766584119
Mobitel-076-6584120,Mobile,+8550766584120
Mobitel-076-6584121,Mobile,+8550766584121
Mobitel-076-6584122,Mobile,+8550766584122
Mobitel-076-6584123,Mobile,+8550766584123
Mobitel-076-6584124,Mobile,+8550766584124
Mobitel-076-6584125,Mobile,+8550766584125
Mobitel-076-6584126,Mobile,+8550766584126
Mobitel-076-6584127,Mobile,+8550766584127
Mobitel-076-6584128,Mobile,+8550766584128
Mobitel-076-6584129,Mobile,+8550766584129
Mobitel-076-6584130,Mobile,+8550766584130
Mobitel-076-6584131,Mobile,+8550766584131
Mobitel-076-6584132,Mobile,+8550766584132
Mobitel-076-6584133,Mobile,+8550766584133
Mobitel-076-6584134,Mobile,+8550766584134
Mobitel-076-6584135,Mobile,+8550766584135
Mobitel-076-6584136,Mobile,+8550766584136
Mobitel-076-6584137,Mobile,+8550766584137
Mobitel-076-6584138,Mobile,+8550766584138
Mobitel-076-6584139,Mobile,+8550766584139
Mobitel-076-6584140,Mobile,+8550766584140
Mobitel-076-6584141,Mobile,+8550766584141
Mobitel-076-6584142,Mobile,+8550766584142
Mobitel-076-6584143,Mobile,+8550766584143
Mobitel-076-6584144,Mobile,+8550766584144
Mobitel-076-6584145,Mobile,+8550766584145
Mobitel-076-6584146,Mobile,+8550766584146
Mobitel-076-6584147,Mobile,+8550766584147
Mobitel-076-6584148,Mobile,+8550766584148
Mobitel-076-6584149,Mobile,+8550766584149
Mobitel-076-6584150,Mobile,+8550766584150
Mobitel-076-6584151,Mobile,+8550766584151
Mobitel-076-6584152,Mobile,+8550766584152
Mobitel-076-6584153,Mobile,+8550766584153
Mobitel-076-6584154,Mobile,+8550766584154
Mobitel-076-6584155,Mobile,+8550766584155
Mobitel-076-6584156,Mobile,+8550766584156
Mobitel-076-6584157,Mobile,+8550766584157
Mobitel-076-6584158,Mobile,+8550766584158
Mobitel-076-6584159,Mobile,+8550766584159
Mobitel-076-6584160,Mobile,+8550766584160
Mobitel-076-6584161,Mobile,+8550766584161
Mobitel-076-6584162,Mobile,+8550766584162
Mobitel-076-6584163,Mobile,+8550766584163
Mobitel-076-6584164,Mobile,+8550766584164
Mobitel-076-6584165,Mobile,+8550766584165
Mobitel-076-6584166,Mobile,+8550766584166
Mobitel-076-6584167,Mobile,+8550766584167
Mobitel-076-6584168,Mobile,+8550766584168
Mobitel-076-6584169,Mobile,+8550766584169
Mobitel-076-6584170,Mobile,+8550766584170
Mobitel-076-6584171,Mobile,+8550766584171
Mobitel-076-6584172,Mobile,+8550766584172
Mobitel-076-6584173,Mobile,+8550766584173
Mobitel-076-6584174,Mobile,+8550766584174
Mobitel-076-6584175,Mobile,+8550766584175
Mobitel-076-6584176,Mobile,+8550766584176
Mobitel-076-6584177,Mobile,+8550766584177
Mobitel-076-6584178,Mobile,+8550766584178
Mobitel-076-6584179,Mobile,+8550766584179
Mobitel-076-6584180,Mobile,+8550766584180
Mobitel-076-6584181,Mobile,+8550766584181
Mobitel-076-6584182,Mobile,+8550766584182
Mobitel-076-6584183,Mobile,+8550766584183
Mobitel-076-6584184,Mobile,+8550766584184
Mobitel-076-6584185,Mobile,+8550766584185
Mobitel-076-6584186,Mobile,+8550766584186
Mobitel-076-6584187,Mobile,+8550766584187
Mobitel-076-6584188,Mobile,+8550766584188
Mobitel-076-6584189,Mobile,+8550766584189
Mobitel-076-6584190,Mobile,+8550766584190
Mobitel-076-6584191,Mobile,+8550766584191
Mobitel-076-6584192,Mobile,+8550766584192
Mobitel-076-6584193,Mobile,+8550766584193
Mobitel-076-6584194,Mobile,+8550766584194
Mobitel-076-6584195,Mobile,+8550766584195
Mobitel-076-6584196,Mobile,+8550766584196
Mobitel-076-6584197,Mobile,+8550766584197
Mobitel-076-6584198,Mobile,+8550766584198
Mobitel-076-6584199,Mobile,+8550766584199
Mobitel-076-6584200,Mobile,+8550766584200
Mobitel-076-6584201,Mobile,+8550766584201
Mobitel-076-6584202,Mobile,+8550766584202
Mobitel-076-6584203,Mobile,+8550766584203
Mobitel-076-6584204,Mobile,+8550766584204
Mobitel-076-6584205,Mobile,+8550766584205
Mobitel-076-6584206,Mobile,+8550766584206
Mobitel-076-6584207,Mobile,+8550766584207
Mobitel-076-6584208,Mobile,+8550766584208
Mobitel-076-6584209,Mobile,+8550766584209
Mobitel-076-6584210,Mobile,+8550766584210
Mobitel-076-6584211,Mobile,+8550766584211
Mobitel-076-6584212,Mobile,+8550766584212
Mobitel-076-6584213,Mobile,+8550766584213
Mobitel-076-6584214,Mobile,+8550766584214
Mobitel-076-6584215,Mobile,+8550766584215
Mobitel-076-6584216,Mobile,+8550766584216
Mobitel-076-6584217,Mobile,+8550766584217
Mobitel-076-6584218,Mobile,+8550766584218
Mobitel-076-6584219,Mobile,+8550766584219
Mobitel-076-6584220,Mobile,+8550766584220
Mobitel-076-6584221,Mobile,+8550766584221
Mobitel-076-6584222,Mobile,+8550766584222
Mobitel-076-6584223,Mobile,+8550766584223
Mobitel-076-6584224,Mobile,+8550766584224
Mobitel-076-6584225,Mobile,+8550766584225
Mobitel-076-6584226,Mobile,+8550766584226
Mobitel-076-6584227,Mobile,+8550766584227
Mobitel-076-6584228,Mobile,+8550766584228
Mobitel-076-6584229,Mobile,+8550766584229
Mobitel-076-6584230,Mobile,+8550766584230
Mobitel-076-6584231,Mobile,+8550766584231
Mobitel-076-6584232,Mobile,+8550766584232
Mobitel-076-6584233,Mobile,+8550766584233
Mobitel-076-6584234,Mobile,+8550766584234
Mobitel-076-6584235,Mobile,+8550766584235
Mobitel-076-6584236,Mobile,+8550766584236
Mobitel-076-6584237,Mobile,+8550766584237
Mobitel-076-6584238,Mobile,+8550766584238
Mobitel-076-6584239,Mobile,+8550766584239
Mobitel-076-6584240,Mobile,+8550766584240
Mobitel-076-6584241,Mobile,+8550766584241
Mobitel-076-6584242,Mobile,+8550766584242
Mobitel-076-6584243,Mobile,+8550766584243
Mobitel-076-6584244,Mobile,+8550766584244
Mobitel-076-6584245,Mobile,+8550766584245
Mobitel-076-6584246,Mobile,+8550766584246
Mobitel-076-6584247,Mobile,+8550766584247
Mobitel-076-6584248,Mobile,+8550766584248
Mobitel-076-6584249,Mobile,+8550766584249
Mobitel-076-6584250,Mobile,+8550766584250
Mobitel-076-6584251,Mobile,+8550766584251
Mobitel-076-6584252,Mobile,+8550766584252
Mobitel-076-6584253,Mobile,+8550766584253
Mobitel-076-6584254,Mobile,+8550766584254
Mobitel-076-6584255,Mobile,+8550766584255
Mobitel-076-6584256,Mobile,+8550766584256
Mobitel-076-6584257,Mobile,+8550766584257
Mobitel-076-6584258,Mobile,+8550766584258
Mobitel-076-6584259,Mobile,+8550766584259
Mobitel-076-6584260,Mobile,+8550766584260
Mobitel-076-6584261,Mobile,+8550766584261
Mobitel-076-6584262,Mobile,+8550766584262
Mobitel-076-6584263,Mobile,+8550766584263
Mobitel-076-6584264,Mobile,+8550766584264
Mobitel-076-6584265,Mobile,+8550766584265
Mobitel-076-6584266,Mobile,+8550766584266
Mobitel-076-6584267,Mobile,+8550766584267
Mobitel-076-6584268,Mobile,+8550766584268
Mobitel-076-6584269,Mobile,+8550766584269
Mobitel-076-6584270,Mobile,+8550766584270
Mobitel-076-6584271,Mobile,+8550766584271
Mobitel-076-6584272,Mobile,+8550766584272
Mobitel-076-6584273,Mobile,+8550766584273
Mobitel-076-6584274,Mobile,+8550766584274
Mobitel-076-6584275,Mobile,+8550766584275
Mobitel-076-6584276,Mobile,+8550766584276
Mobitel-076-6584277,Mobile,+8550766584277
Mobitel-076-6584278,Mobile,+8550766584278
Mobitel-076-6584279,Mobile,+8550766584279
Mobitel-076-6584280,Mobile,+8550766584280
Mobitel-076-6584281,Mobile,+8550766584281
Mobitel-076-6584282,Mobile,+8550766584282
Mobitel-076-6584283,Mobile,+8550766584283
Mobitel-076-6584284,Mobile,+8550766584284
Mobitel-076-6584285,Mobile,+8550766584285
Mobitel-076-6584286,Mobile,+8550766584286
Mobitel-076-6584287,Mobile,+8550766584287
Mobitel-076-6584288,Mobile,+8550766584288
Mobitel-076-6584289,Mobile,+8550766584289
Mobitel-076-6584290,Mobile,+8550766584290
Mobitel-076-6584291,Mobile,+8550766584291
Mobitel-076-6584292,Mobile,+8550766584292
Mobitel-076-6584293,Mobile,+8550766584293
Mobitel-076-6584294,Mobile,+8550766584294
Mobitel-076-6584295,Mobile,+8550766584295
Mobitel-076-6584296,Mobile,+8550766584296
Mobitel-076-6584297,Mobile,+8550766584297
Mobitel-076-6584298,Mobile,+8550766584298
Mobitel-076-6584299,Mobile,+8550766584299
Mobitel-076-6584300,Mobile,+8550766584300
Mobitel-076-6584301,Mobile,+8550766584301
Mobitel-076-6584302,Mobile,+8550766584302
Mobitel-076-6584303,Mobile,+8550766584303
Mobitel-076-6584304,Mobile,+8550766584304
Mobitel-076-6584305,Mobile,+8550766584305
Mobitel-076-6584306,Mobile,+8550766584306
Mobitel-076-6584307,Mobile,+8550766584307
Mobitel-076-6584308,Mobile,+8550766584308
Mobitel-076-6584309,Mobile,+8550766584309
Mobitel-076-6584310,Mobile,+8550766584310
Mobitel-076-6584311,Mobile,+8550766584311
Mobitel-076-6584312,Mobile,+8550766584312
Mobitel-076-6584313,Mobile,+8550766584313
Mobitel-076-6584314,Mobile,+8550766584314
Mobitel-076-6584315,Mobile,+8550766584315
Mobitel-076-6584316,Mobile,+8550766584316
Mobitel-076-6584317,Mobile,+8550766584317
Mobitel-076-6584318,Mobile,+8550766584318
Mobitel-076-6584319,Mobile,+8550766584319
Mobitel-076-6584320,Mobile,+8550766584320
Mobitel-076-6584321,Mobile,+8550766584321
Mobitel-076-6584322,Mobile,+8550766584322
Mobitel-076-6584323,Mobile,+8550766584323
Mobitel-076-6584324,Mobile,+8550766584324
Mobitel-076-6584325,Mobile,+8550766584325
Mobitel-076-6584326,Mobile,+8550766584326
Mobitel-076-6584327,Mobile,+8550766584327
Mobitel-076-6584328,Mobile,+8550766584328
Mobitel-076-6584329,Mobile,+8550766584329
Mobitel-076-6584330,Mobile,+8550766584330
Mobitel-076-6584331,Mobile,+8550766584331
Mobitel-076-6584332,Mobile,+8550766584332
Mobitel-076-6584333,Mobile,+8550766584333
Mobitel-076-6584334,Mobile,+8550766584334
Mobitel-076-6584335,Mobile,+8550766584335
Mobitel-076-6584336,Mobile,+8550766584336
Mobitel-076-6584337,Mobile,+8550766584337
Mobitel-076-6584338,Mobile,+8550766584338
Mobitel-076-6584339,Mobile,+8550766584339
Mobitel-076-6584340,Mobile,+8550766584340
Mobitel-076-6584341,Mobile,+8550766584341
Mobitel-076-6584342,Mobile,+8550766584342
Mobitel-076-6584343,Mobile,+8550766584343
Mobitel-076-6584344,Mobile,+8550766584344
Mobitel-076-6584345,Mobile,+8550766584345
Mobitel-076-6584346,Mobile,+8550766584346
Mobitel-076-6584347,Mobile,+8550766584347
Mobitel-076-6584348,Mobile,+8550766584348
Mobitel-076-6584349,Mobile,+8550766584349
Mobitel-076-6584350,Mobile,+8550766584350
Mobitel-076-6584351,Mobile,+8550766584351
Mobitel-076-6584352,Mobile,+8550766584352
Mobitel-076-6584353,Mobile,+8550766584353
Mobitel-076-6584354,Mobile,+8550766584354
Mobitel-076-6584355,Mobile,+8550766584355
Mobitel-076-6584356,Mobile,+8550766584356
Mobitel-076-6584357,Mobile,+8550766584357
Mobitel-076-6584358,Mobile,+8550766584358
Mobitel-076-6584359,Mobile,+8550766584359
Mobitel-076-6584360,Mobile,+8550766584360
Mobitel-076-6584361,Mobile,+8550766584361
Mobitel-076-6584362,Mobile,+8550766584362
Mobitel-076-6584363,Mobile,+8550766584363
Mobitel-076-6584364,Mobile,+8550766584364
Mobitel-076-6584365,Mobile,+8550766584365
Mobitel-076-6584366,Mobile,+8550766584366
Mobitel-076-6584367,Mobile,+8550766584367
Mobitel-076-6584368,Mobile,+8550766584368
Mobitel-076-6584369,Mobile,+8550766584369
Mobitel-076-6584370,Mobile,+8550766584370
Mobitel-076-6584371,Mobile,+8550766584371
Mobitel-076-6584372,Mobile,+8550766584372
Mobitel-076-6584373,Mobile,+8550766584373
Mobitel-076-6584374,Mobile,+8550766584374
Mobitel-076-6584375,Mobile,+8550766584375
Mobitel-076-6584376,Mobile,+8550766584376
Mobitel-076-6584377,Mobile,+8550766584377
Mobitel-076-6584378,Mobile,+8550766584378
Mobitel-076-6584379,Mobile,+8550766584379
Mobitel-076-6584380,Mobile,+8550766584380
Mobitel-076-6584381,Mobile,+8550766584381
Mobitel-076-6584382,Mobile,+8550766584382
Mobitel-076-6584383,Mobile,+8550766584383
Mobitel-076-6584384,Mobile,+8550766584384
Mobitel-076-6584385,Mobile,+8550766584385
Mobitel-076-6584386,Mobile,+8550766584386
Mobitel-076-6584387,Mobile,+8550766584387
Mobitel-076-6584388,Mobile,+8550766584388
Mobitel-076-6584389,Mobile,+8550766584389
Mobitel-076-6584390,Mobile,+8550766584390
Mobitel-076-6584391,Mobile,+8550766584391
Mobitel-076-6584392,Mobile,+8550766584392
Mobitel-076-6584393,Mobile,+8550766584393
Mobitel-076-6584394,Mobile,+8550766584394
Mobitel-076-6584395,Mobile,+8550766584395
Mobitel-076-6584396,Mobile,+8550766584396
Mobitel-076-6584397,Mobile,+8550766584397
Mobitel-076-6584398,Mobile,+8550766584398
Mobitel-076-6584399,Mobile,+8550766584399
Mobitel-076-6584400,Mobile,+8550766584400
Mobitel-076-6584401,Mobile,+8550766584401
Mobitel-076-6584402,Mobile,+8550766584402
Mobitel-076-6584403,Mobile,+8550766584403
Mobitel-076-6584404,Mobile,+8550766584404
Mobitel-076-6584405,Mobile,+8550766584405
Mobitel-076-6584406,Mobile,+8550766584406
Mobitel-076-6584407,Mobile,+8550766584407
Mobitel-076-6584408,Mobile,+8550766584408
Mobitel-076-6584409,Mobile,+8550766584409
Mobitel-076-6584410,Mobile,+8550766584410
Mobitel-076-6584411,Mobile,+8550766584411
Mobitel-076-6584412,Mobile,+8550766584412
Mobitel-076-6584413,Mobile,+8550766584413
Mobitel-076-6584414,Mobile,+8550766584414
Mobitel-076-6584415,Mobile,+8550766584415
Mobitel-076-6584416,Mobile,+8550766584416
Mobitel-076-6584417,Mobile,+8550766584417
Mobitel-076-6584418,Mobile,+8550766584418
Mobitel-076-6584419,Mobile,+8550766584419
Mobitel-076-6584420,Mobile,+8550766584420
Mobitel-076-6584421,Mobile,+8550766584421
Mobitel-076-6584422,Mobile,+8550766584422
Mobitel-076-6584423,Mobile,+8550766584423
Mobitel-076-6584424,Mobile,+8550766584424
Mobitel-076-6584425,Mobile,+8550766584425
Mobitel-076-6584426,Mobile,+8550766584426
Mobitel-076-6584427,Mobile,+8550766584427
Mobitel-076-6584428,Mobile,+8550766584428
Mobitel-076-6584429,Mobile,+8550766584429
Mobitel-076-6584430,Mobile,+8550766584430
Mobitel-076-6584431,Mobile,+8550766584431
Mobitel-076-6584432,Mobile,+8550766584432
Mobitel-076-6584433,Mobile,+8550766584433
Mobitel-076-6584434,Mobile,+8550766584434
Mobitel-076-6584435,Mobile,+8550766584435
Mobitel-076-6584436,Mobile,+8550766584436
Mobitel-076-6584437,Mobile,+8550766584437
Mobitel-076-6584438,Mobile,+8550766584438
Mobitel-076-6584439,Mobile,+8550766584439
Mobitel-076-6584440,Mobile,+8550766584440
Mobitel-076-6584441,Mobile,+8550766584441
Mobitel-076-6584442,Mobile,+8550766584442
Mobitel-076-6584443,Mobile,+8550766584443
Mobitel-076-6584444,Mobile,+8550766584444
Mobitel-076-6584445,Mobile,+8550766584445
Mobitel-076-6584446,Mobile,+8550766584446
Mobitel-076-6584447,Mobile,+8550766584447
Mobitel-076-6584448,Mobile,+8550766584448
Mobitel-076-6584449,Mobile,+8550766584449
Mobitel-076-6584450,Mobile,+8550766584450
Mobitel-076-6584451,Mobile,+8550766584451
Mobitel-076-6584452,Mobile,+8550766584452
Mobitel-076-6584453,Mobile,+8550766584453
Mobitel-076-6584454,Mobile,+8550766584454
Mobitel-076-6584455,Mobile,+8550766584455
Mobitel-076-6584456,Mobile,+8550766584456
Mobitel-076-6584457,Mobile,+8550766584457
Mobitel-076-6584458,Mobile,+8550766584458
Mobitel-076-6584459,Mobile,+8550766584459
Mobitel-076-6584460,Mobile,+8550766584460
Mobitel-076-6584461,Mobile,+8550766584461
Mobitel-076-6584462,Mobile,+8550766584462
Mobitel-076-6584463,Mobile,+8550766584463
Mobitel-076-6584464,Mobile,+8550766584464
Mobitel-076-6584465,Mobile,+8550766584465
Mobitel-076-6584466,Mobile,+8550766584466
Mobitel-076-6584467,Mobile,+8550766584467
Mobitel-076-6584468,Mobile,+8550766584468
Mobitel-076-6584469,Mobile,+8550766584469
Mobitel-076-6584470,Mobile,+8550766584470
Mobitel-076-6584471,Mobile,+8550766584471
Mobitel-076-6584472,Mobile,+8550766584472
Mobitel-076-6584473,Mobile,+8550766584473
Mobitel-076-6584474,Mobile,+8550766584474
Mobitel-076-6584475,Mobile,+8550766584475
Mobitel-076-6584476,Mobile,+8550766584476
Mobitel-076-6584477,Mobile,+8550766584477
Mobitel-076-6584478,Mobile,+8550766584478
Mobitel-076-6584479,Mobile,+8550766584479
Mobitel-076-6584480,Mobile,+8550766584480
Mobitel-076-6584481,Mobile,+8550766584481
Mobitel-076-6584482,Mobile,+8550766584482
Mobitel-076-6584483,Mobile,+8550766584483
Mobitel-076-6584484,Mobile,+8550766584484
Mobitel-076-6584485,Mobile,+8550766584485
Mobitel-076-6584486,Mobile,+8550766584486
Mobitel-076-6584487,Mobile,+8550766584487
Mobitel-076-6584488,Mobile,+8550766584488
Mobitel-076-6584489,Mobile,+8550766584489
Mobitel-076-6584490,Mobile,+8550766584490
Mobitel-076-6584491,Mobile,+8550766584491
Mobitel-076-6584492,Mobile,+8550766584492
Mobitel-076-6584493,Mobile,+8550766584493
Mobitel-076-6584494,Mobile,+8550766584494
Mobitel-076-6584495,Mobile,+8550766584495
Mobitel-076-6584496,Mobile,+8550766584496
Mobitel-076-6584497,Mobile,+8550766584497
Mobitel-076-6584498,Mobile,+8550766584498
Mobitel-076-6584499,Mobile,+8550766584499
Mobitel-076-6584500,Mobile,+8550766584500
Mobitel-076-6584501,Mobile,+8550766584501
Mobitel-076-6584502,Mobile,+8550766584502
Mobitel-076-6584503,Mobile,+8550766584503
Mobitel-076-6584504,Mobile,+8550766584504
Mobitel-076-6584505,Mobile,+8550766584505
Mobitel-076-6584506,Mobile,+8550766584506
Mobitel-076-6584507,Mobile,+8550766584507
Mobitel-076-6584508,Mobile,+8550766584508
Mobitel-076-6584509,Mobile,+8550766584509
Mobitel-076-6584510,Mobile,+8550766584510
Mobitel-076-6584511,Mobile,+8550766584511
Mobitel-076-6584512,Mobile,+8550766584512
Mobitel-076-6584513,Mobile,+8550766584513
Mobitel-076-6584514,Mobile,+8550766584514
Mobitel-076-6584515,Mobile,+8550766584515
Mobitel-076-6584516,Mobile,+8550766584516
Mobitel-076-6584517,Mobile,+8550766584517
Mobitel-076-6584518,Mobile,+8550766584518
Mobitel-076-6584519,Mobile,+8550766584519
Mobitel-076-6584520,Mobile,+8550766584520
Mobitel-076-6584521,Mobile,+8550766584521
Mobitel-076-6584522,Mobile,+8550766584522
Mobitel-076-6584523,Mobile,+8550766584523
Mobitel-076-6584524,Mobile,+8550766584524
Mobitel-076-6584525,Mobile,+8550766584525
Mobitel-076-6584526,Mobile,+8550766584526
Mobitel-076-6584527,Mobile,+8550766584527
Mobitel-076-6584528,Mobile,+8550766584528
Mobitel-076-6584529,Mobile,+8550766584529
Mobitel-076-6584530,Mobile,+8550766584530
Mobitel-076-6584531,Mobile,+8550766584531
Mobitel-076-6584532,Mobile,+8550766584532
Mobitel-076-6584533,Mobile,+8550766584533
Mobitel-076-6584534,Mobile,+8550766584534
Mobitel-076-6584535,Mobile,+8550766584535
Mobitel-076-6584536,Mobile,+8550766584536
Mobitel-076-6584537,Mobile,+8550766584537
Mobitel-076-6584538,Mobile,+8550766584538
Mobitel-076-6584539,Mobile,+8550766584539
Mobitel-076-6584540,Mobile,+8550766584540
Mobitel-076-6584541,Mobile,+8550766584541
Mobitel-076-6584542,Mobile,+8550766584542
Mobitel-076-6584543,Mobile,+8550766584543
Mobitel-076-6584544,Mobile,+8550766584544
Mobitel-076-6584545,Mobile,+8550766584545
Mobitel-076-6584546,Mobile,+8550766584546
Mobitel-076-6584547,Mobile,+8550766584547
Mobitel-076-6584548,Mobile,+8550766584548
Mobitel-076-6584549,Mobile,+8550766584549
Mobitel-076-6584550,Mobile,+8550766584550
Mobitel-076-6584551,Mobile,+8550766584551
Mobitel-076-6584552,Mobile,+8550766584552
Mobitel-076-6584553,Mobile,+8550766584553
Mobitel-076-6584554,Mobile,+8550766584554
Mobitel-076-6584555,Mobile,+8550766584555
Mobitel-076-6584556,Mobile,+8550766584556
Mobitel-076-6584557,Mobile,+8550766584557
Mobitel-076-6584558,Mobile,+8550766584558
Mobitel-076-6584559,Mobile,+8550766584559
Mobitel-076-6584560,Mobile,+8550766584560
Mobitel-076-6584561,Mobile,+8550766584561
Mobitel-076-6584562,Mobile,+8550766584562
Mobitel-076-6584563,Mobile,+8550766584563
Mobitel-076-6584564,Mobile,+8550766584564
Mobitel-076-6584565,Mobile,+8550766584565
Mobitel-076-6584566,Mobile,+8550766584566
Mobitel-076-6584567,Mobile,+8550766584567
Mobitel-076-6584568,Mobile,+8550766584568
Mobitel-076-6584569,Mobile,+8550766584569
Mobitel-076-6584570,Mobile,+8550766584570
Mobitel-076-6584571,Mobile,+8550766584571
Mobitel-076-6584572,Mobile,+8550766584572
Mobitel-076-6584573,Mobile,+8550766584573
Mobitel-076-6584574,Mobile,+8550766584574
Mobitel-076-6584575,Mobile,+8550766584575
Mobitel-076-6584576,Mobile,+8550766584576
Mobitel-076-6584577,Mobile,+8550766584577
Mobitel-076-6584578,Mobile,+8550766584578
Mobitel-076-6584579,Mobile,+8550766584579
Mobitel-076-6584580,Mobile,+8550766584580
Mobitel-076-6584581,Mobile,+8550766584581
Mobitel-076-6584582,Mobile,+8550766584582
Mobitel-076-6584583,Mobile,+8550766584583
Mobitel-076-6584584,Mobile,+8550766584584
Mobitel-076-6584585,Mobile,+8550766584585
Mobitel-076-6584586,Mobile,+8550766584586
Mobitel-076-6584587,Mobile,+8550766584587
Mobitel-076-6584588,Mobile,+8550766584588
Mobitel-076-6584589,Mobile,+8550766584589
Mobitel-076-6584590,Mobile,+8550766584590
Mobitel-076-6584591,Mobile,+8550766584591
Mobitel-076-6584592,Mobile,+8550766584592
Mobitel-076-6584593,Mobile,+8550766584593
Mobitel-076-6584594,Mobile,+8550766584594
Mobitel-076-6584595,Mobile,+8550766584595
Mobitel-076-6584596,Mobile,+8550766584596
Mobitel-076-6584597,Mobile,+8550766584597
Mobitel-076-6584598,Mobile,+8550766584598
Mobitel-076-6584599,Mobile,+8550766584599
Mobitel-076-6584600,Mobile,+8550766584600
Mobitel-076-6584601,Mobile,+8550766584601
Mobitel-076-6584602,Mobile,+8550766584602
Mobitel-076-6584603,Mobile,+8550766584603
Mobitel-076-6584604,Mobile,+8550766584604
Mobitel-076-6584605,Mobile,+8550766584605
Mobitel-076-6584606,Mobile,+8550766584606
Mobitel-076-6584607,Mobile,+8550766584607
Mobitel-076-6584608,Mobile,+8550766584608
Mobitel-076-6584609,Mobile,+8550766584609
Mobitel-076-6584610,Mobile,+8550766584610
Mobitel-076-6584611,Mobile,+8550766584611
Mobitel-076-6584612,Mobile,+8550766584612
Mobitel-076-6584613,Mobile,+8550766584613
Mobitel-076-6584614,Mobile,+8550766584614
Mobitel-076-6584615,Mobile,+8550766584615
Mobitel-076-6584616,Mobile,+8550766584616
Mobitel-076-6584617,Mobile,+8550766584617
Mobitel-076-6584618,Mobile,+8550766584618
Mobitel-076-6584619,Mobile,+8550766584619
Mobitel-076-6584620,Mobile,+8550766584620
Mobitel-076-6584621,Mobile,+8550766584621
Mobitel-076-6584622,Mobile,+8550766584622
Mobitel-076-6584623,Mobile,+8550766584623
Mobitel-076-6584624,Mobile,+8550766584624
Mobitel-076-6584625,Mobile,+8550766584625
Mobitel-076-6584626,Mobile,+8550766584626
Mobitel-076-6584627,Mobile,+8550766584627
Mobitel-076-6584628,Mobile,+8550766584628
Mobitel-076-6584629,Mobile,+8550766584629
Mobitel-076-6584630,Mobile,+8550766584630
Mobitel-076-6584631,Mobile,+8550766584631
Mobitel-076-6584632,Mobile,+8550766584632
Mobitel-076-6584633,Mobile,+8550766584633
Mobitel-076-6584634,Mobile,+8550766584634
Mobitel-076-6584635,Mobile,+8550766584635
Mobitel-076-6584636,Mobile,+8550766584636
Mobitel-076-6584637,Mobile,+8550766584637
Mobitel-076-6584638,Mobile,+8550766584638
Mobitel-076-6584639,Mobile,+8550766584639
Mobitel-076-6584640,Mobile,+8550766584640
Mobitel-076-6584641,Mobile,+8550766584641
Mobitel-076-6584642,Mobile,+8550766584642
Mobitel-076-6584643,Mobile,+8550766584643
Mobitel-076-6584644,Mobile,+8550766584644
Mobitel-076-6584645,Mobile,+8550766584645
Mobitel-076-6584646,Mobile,+8550766584646
Mobitel-076-6584647,Mobile,+8550766584647
Mobitel-076-6584648,Mobile,+8550766584648
Mobitel-076-6584649,Mobile,+8550766584649
Mobitel-076-6584650,Mobile,+8550766584650
Mobitel-076-6584651,Mobile,+8550766584651
Mobitel-076-6584652,Mobile,+8550766584652
Mobitel-076-6584653,Mobile,+8550766584653
Mobitel-076-6584654,Mobile,+8550766584654
Mobitel-076-6584655,Mobile,+8550766584655
Mobitel-076-6584656,Mobile,+8550766584656
Mobitel-076-6584657,Mobile,+8550766584657
Mobitel-076-6584658,Mobile,+8550766584658
Mobitel-076-6584659,Mobile,+8550766584659
Mobitel-076-6584660,Mobile,+8550766584660
Mobitel-076-6584661,Mobile,+8550766584661
Mobitel-076-6584662,Mobile,+8550766584662
Mobitel-076-6584663,Mobile,+8550766584663
Mobitel-076-6584664,Mobile,+8550766584664
Mobitel-076-6584665,Mobile,+8550766584665
Mobitel-076-6584666,Mobile,+8550766584666
Mobitel-076-6584667,Mobile,+8550766584667
Mobitel-076-6584668,Mobile,+8550766584668
Mobitel-076-6584669,Mobile,+8550766584669
Mobitel-076-6584670,Mobile,+8550766584670
Mobitel-076-6584671,Mobile,+8550766584671
Mobitel-076-6584672,Mobile,+8550766584672
Mobitel-076-6584673,Mobile,+8550766584673
Mobitel-076-6584674,Mobile,+8550766584674
Mobitel-076-6584675,Mobile,+8550766584675
Mobitel-076-6584676,Mobile,+8550766584676
Mobitel-076-6584677,Mobile,+8550766584677
Mobitel-076-6584678,Mobile,+8550766584678
Mobitel-076-6584679,Mobile,+8550766584679
Mobitel-076-6584680,Mobile,+8550766584680
Mobitel-076-6584681,Mobile,+8550766584681
Mobitel-076-6584682,Mobile,+8550766584682
Mobitel-076-6584683,Mobile,+8550766584683
Mobitel-076-6584684,Mobile,+8550766584684
Mobitel-076-6584685,Mobile,+8550766584685
Mobitel-076-6584686,Mobile,+8550766584686
Mobitel-076-6584687,Mobile,+8550766584687
Mobitel-076-6584688,Mobile,+8550766584688
Mobitel-076-6584689,Mobile,+8550766584689
Mobitel-076-6584690,Mobile,+8550766584690
Mobitel-076-6584691,Mobile,+8550766584691
Mobitel-076-6584692,Mobile,+8550766584692
Mobitel-076-6584693,Mobile,+8550766584693
Mobitel-076-6584694,Mobile,+8550766584694
Mobitel-076-6584695,Mobile,+8550766584695
Mobitel-076-6584696,Mobile,+8550766584696
Mobitel-076-6584697,Mobile,+8550766584697
Mobitel-076-6584698,Mobile,+8550766584698
Mobitel-076-6584699,Mobile,+8550766584699
Mobitel-076-6584700,Mobile,+8550766584700
Mobitel-076-6584701,Mobile,+8550766584701
Mobitel-076-6584702,Mobile,+8550766584702
Mobitel-076-6584703,Mobile,+8550766584703
Mobitel-076-6584704,Mobile,+8550766584704
Mobitel-076-6584705,Mobile,+8550766584705
Mobitel-076-6584706,Mobile,+8550766584706
Mobitel-076-6584707,Mobile,+8550766584707
Mobitel-076-6584708,Mobile,+8550766584708
Mobitel-076-6584709,Mobile,+8550766584709
Mobitel-076-6584710,Mobile,+8550766584710
Mobitel-076-6584711,Mobile,+8550766584711
Mobitel-076-6584712,Mobile,+8550766584712
Mobitel-076-6584713,Mobile,+8550766584713
Mobitel-076-6584714,Mobile,+8550766584714
Mobitel-076-6584715,Mobile,+8550766584715
Mobitel-076-6584716,Mobile,+8550766584716
Mobitel-076-6584717,Mobile,+8550766584717
Mobitel-076-6584718,Mobile,+8550766584718
Mobitel-076-6584719,Mobile,+8550766584719
Mobitel-076-6584720,Mobile,+8550766584720
Mobitel-076-6584721,Mobile,+8550766584721
Mobitel-076-6584722,Mobile,+8550766584722
Mobitel-076-6584723,Mobile,+8550766584723
Mobitel-076-6584724,Mobile,+8550766584724
Mobitel-076-6584725,Mobile,+8550766584725
Mobitel-076-6584726,Mobile,+8550766584726
Mobitel-076-6584727,Mobile,+8550766584727
Mobitel-076-6584728,Mobile,+8550766584728
Mobitel-076-6584729,Mobile,+8550766584729
Mobitel-076-6584730,Mobile,+8550766584730
Mobitel-076-6584731,Mobile,+8550766584731
Mobitel-076-6584732,Mobile,+8550766584732
Mobitel-076-6584733,Mobile,+8550766584733
Mobitel-076-6584734,Mobile,+8550766584734
Mobitel-076-6584735,Mobile,+8550766584735
Mobitel-076-6584736,Mobile,+8550766584736
Mobitel-076-6584737,Mobile,+8550766584737
Mobitel-076-6584738,Mobile,+8550766584738
Mobitel-076-6584739,Mobile,+8550766584739
Mobitel-076-6584740,Mobile,+8550766584740
Mobitel-076-6584741,Mobile,+8550766584741
Mobitel-076-6584742,Mobile,+8550766584742
Mobitel-076-6584743,Mobile,+8550766584743
Mobitel-076-6584744,Mobile,+8550766584744
Mobitel-076-6584745,Mobile,+8550766584745
Mobitel-076-6584746,Mobile,+8550766584746
Mobitel-076-6584747,Mobile,+8550766584747
Mobitel-076-6584748,Mobile,+8550766584748
Mobitel-076-6584749,Mobile,+8550766584749
Mobitel-076-6584750,Mobile,+8550766584750
Mobitel-076-6584751,Mobile,+8550766584751
Mobitel-076-6584752,Mobile,+8550766584752
Mobitel-076-6584753,Mobile,+8550766584753
Mobitel-076-6584754,Mobile,+8550766584754
Mobitel-076-6584755,Mobile,+8550766584755
Mobitel-076-6584756,Mobile,+8550766584756
Mobitel-076-6584757,Mobile,+8550766584757
Mobitel-076-6584758,Mobile,+8550766584758
Mobitel-076-6584759,Mobile,+8550766584759
Mobitel-076-6584760,Mobile,+8550766584760
Mobitel-076-6584761,Mobile,+8550766584761
Mobitel-076-6584762,Mobile,+8550766584762
Mobitel-076-6584763,Mobile,+8550766584763
Mobitel-076-6584764,Mobile,+8550766584764
Mobitel-076-6584765,Mobile,+8550766584765
Mobitel-076-6584766,Mobile,+8550766584766
Mobitel-076-6584767,Mobile,+8550766584767
Mobitel-076-6584768,Mobile,+8550766584768
Mobitel-076-6584769,Mobile,+8550766584769
Mobitel-076-6584770,Mobile,+8550766584770
Mobitel-076-6584771,Mobile,+8550766584771
Mobitel-076-6584772,Mobile,+8550766584772
Mobitel-076-6584773,Mobile,+8550766584773
Mobitel-076-6584774,Mobile,+8550766584774
Mobitel-076-6584775,Mobile,+8550766584775
Mobitel-076-6584776,Mobile,+8550766584776
Mobitel-076-6584777,Mobile,+8550766584777
Mobitel-076-6584778,Mobile,+8550766584778
Mobitel-076-6584779,Mobile,+8550766584779
Mobitel-076-6584780,Mobile,+8550766584780
Mobitel-076-6584781,Mobile,+8550766584781
Mobitel-076-6584782,Mobile,+8550766584782
Mobitel-076-6584783,Mobile,+8550766584783
Mobitel-076-6584784,Mobile,+8550766584784
Mobitel-076-6584785,Mobile,+8550766584785
Mobitel-076-6584786,Mobile,+8550766584786
Mobitel-076-6584787,Mobile,+8550766584787
Mobitel-076-6584788,Mobile,+8550766584788
Mobitel-076-6584789,Mobile,+8550766584789
Mobitel-076-6584790,Mobile,+8550766584790
Mobitel-076-6584791,Mobile,+8550766584791
Mobitel-076-6584792,Mobile,+8550766584792
Mobitel-076-6584793,Mobile,+8550766584793
Mobitel-076-6584794,Mobile,+8550766584794
Mobitel-076-6584795,Mobile,+8550766584795
Mobitel-076-6584796,Mobile,+8550766584796
Mobitel-076-6584797,Mobile,+8550766584797
Mobitel-076-6584798,Mobile,+8550766584798
Mobitel-076-6584799,Mobile,+8550766584799
Mobitel-076-6584800,Mobile,+8550766584800
Mobitel-076-6584801,Mobile,+8550766584801
Mobitel-076-6584802,Mobile,+8550766584802
Mobitel-076-6584803,Mobile,+8550766584803
Mobitel-076-6584804,Mobile,+8550766584804
Mobitel-076-6584805,Mobile,+8550766584805
Mobitel-076-6584806,Mobile,+8550766584806
Mobitel-076-6584807,Mobile,+8550766584807
Mobitel-076-6584808,Mobile,+8550766584808
Mobitel-076-6584809,Mobile,+8550766584809
Mobitel-076-6584810,Mobile,+8550766584810
Mobitel-076-6584811,Mobile,+8550766584811
Mobitel-076-6584812,Mobile,+8550766584812
Mobitel-076-6584813,Mobile,+8550766584813
Mobitel-076-6584814,Mobile,+8550766584814
Mobitel-076-6584815,Mobile,+8550766584815
Mobitel-076-6584816,Mobile,+8550766584816
Mobitel-076-6584817,Mobile,+8550766584817
Mobitel-076-6584818,Mobile,+8550766584818
Mobitel-076-6584819,Mobile,+8550766584819
Mobitel-076-6584820,Mobile,+8550766584820
Mobitel-076-6584821,Mobile,+8550766584821
Mobitel-076-6584822,Mobile,+8550766584822
Mobitel-076-6584823,Mobile,+8550766584823
Mobitel-076-6584824,Mobile,+8550766584824
Mobitel-076-6584825,Mobile,+8550766584825
Mobitel-076-6584826,Mobile,+8550766584826
Mobitel-076-6584827,Mobile,+8550766584827
Mobitel-076-6584828,Mobile,+8550766584828
Mobitel-076-6584829,Mobile,+8550766584829
Mobitel-076-6584830,Mobile,+8550766584830
Mobitel-076-6584831,Mobile,+8550766584831
Mobitel-076-6584832,Mobile,+8550766584832
Mobitel-076-6584833,Mobile,+8550766584833
Mobitel-076-6584834,Mobile,+8550766584834
Mobitel-076-6584835,Mobile,+8550766584835
Mobitel-076-6584836,Mobile,+8550766584836
Mobitel-076-6584837,Mobile,+8550766584837
Mobitel-076-6584838,Mobile,+8550766584838
Mobitel-076-6584839,Mobile,+8550766584839
Mobitel-076-6584840,Mobile,+8550766584840
Mobitel-076-6584841,Mobile,+8550766584841
Mobitel-076-6584842,Mobile,+8550766584842
Mobitel-076-6584843,Mobile,+8550766584843
Mobitel-076-6584844,Mobile,+8550766584844
Mobitel-076-6584845,Mobile,+8550766584845
Mobitel-076-6584846,Mobile,+8550766584846
Mobitel-076-6584847,Mobile,+8550766584847
Mobitel-076-6584848,Mobile,+8550766584848
Mobitel-076-6584849,Mobile,+8550766584849
Mobitel-076-6584850,Mobile,+8550766584850
Mobitel-076-6584851,Mobile,+8550766584851
Mobitel-076-6584852,Mobile,+8550766584852
Mobitel-076-6584853,Mobile,+8550766584853
Mobitel-076-6584854,Mobile,+8550766584854
Mobitel-076-6584855,Mobile,+8550766584855
Mobitel-076-6584856,Mobile,+8550766584856
Mobitel-076-6584857,Mobile,+8550766584857
Mobitel-076-6584858,Mobile,+8550766584858
Mobitel-076-6584859,Mobile,+8550766584859
Mobitel-076-6584860,Mobile,+8550766584860
Mobitel-076-6584861,Mobile,+8550766584861
Mobitel-076-6584862,Mobile,+8550766584862
Mobitel-076-6584863,Mobile,+8550766584863
Mobitel-076-6584864,Mobile,+8550766584864
Mobitel-076-6584865,Mobile,+8550766584865
Mobitel-076-6584866,Mobile,+8550766584866
Mobitel-076-6584867,Mobile,+8550766584867
Mobitel-076-6584868,Mobile,+8550766584868
Mobitel-076-6584869,Mobile,+8550766584869
Mobitel-076-6584870,Mobile,+8550766584870
Mobitel-076-6584871,Mobile,+8550766584871
Mobitel-076-6584872,Mobile,+8550766584872
Mobitel-076-6584873,Mobile,+8550766584873
Mobitel-076-6584874,Mobile,+8550766584874
Mobitel-076-6584875,Mobile,+8550766584875
Mobitel-076-6584876,Mobile,+8550766584876
Mobitel-076-6584877,Mobile,+8550766584877
Mobitel-076-6584878,Mobile,+8550766584878
Mobitel-076-6584879,Mobile,+8550766584879
Mobitel-076-6584880,Mobile,+8550766584880
Mobitel-076-6584881,Mobile,+8550766584881
Mobitel-076-6584882,Mobile,+8550766584882
Mobitel-076-6584883,Mobile,+8550766584883
Mobitel-076-6584884,Mobile,+8550766584884
Mobitel-076-6584885,Mobile,+8550766584885
Mobitel-076-6584886,Mobile,+8550766584886
Mobitel-076-6584887,Mobile,+8550766584887
Mobitel-076-6584888,Mobile,+8550766584888
Mobitel-076-6584889,Mobile,+8550766584889
Mobitel-076-6584890,Mobile,+8550766584890
Mobitel-076-6584891,Mobile,+8550766584891
Mobitel-076-6584892,Mobile,+8550766584892
Mobitel-076-6584893,Mobile,+8550766584893
Mobitel-076-6584894,Mobile,+8550766584894
Mobitel-076-6584895,Mobile,+8550766584895
Mobitel-076-6584896,Mobile,+8550766584896
Mobitel-076-6584897,Mobile,+8550766584897
Mobitel-076-6584898,Mobile,+8550766584898
Mobitel-076-6584899,Mobile,+8550766584899
Mobitel-076-6584900,Mobile,+8550766584900
Mobitel-076-6584901,Mobile,+8550766584901
Mobitel-076-6584902,Mobile,+8550766584902
Mobitel-076-6584903,Mobile,+8550766584903
Mobitel-076-6584904,Mobile,+8550766584904
Mobitel-076-6584905,Mobile,+8550766584905
Mobitel-076-6584906,Mobile,+8550766584906
Mobitel-076-6584907,Mobile,+8550766584907
Mobitel-076-6584908,Mobile,+8550766584908
Mobitel-076-6584909,Mobile,+8550766584909
Mobitel-076-6584910,Mobile,+8550766584910
Mobitel-076-6584911,Mobile,+8550766584911
Mobitel-076-6584912,Mobile,+8550766584912
Mobitel-076-6584913,Mobile,+8550766584913
Mobitel-076-6584914,Mobile,+8550766584914
Mobitel-076-6584915,Mobile,+8550766584915
Mobitel-076-6584916,Mobile,+8550766584916
Mobitel-076-6584917,Mobile,+8550766584917
Mobitel-076-6584918,Mobile,+8550766584918
Mobitel-076-6584919,Mobile,+8550766584919
Mobitel-076-6584920,Mobile,+8550766584920
Mobitel-076-6584921,Mobile,+8550766584921
Mobitel-076-6584922,Mobile,+8550766584922
Mobitel-076-6584923,Mobile,+8550766584923
Mobitel-076-6584924,Mobile,+8550766584924
Mobitel-076-6584925,Mobile,+8550766584925
Mobitel-076-6584926,Mobile,+8550766584926
Mobitel-076-6584927,Mobile,+8550766584927
Mobitel-076-6584928,Mobile,+8550766584928
Mobitel-076-6584929,Mobile,+8550766584929
Mobitel-076-6584930,Mobile,+8550766584930
Mobitel-076-6584931,Mobile,+8550766584931
Mobitel-076-6584932,Mobile,+8550766584932
Mobitel-076-6584933,Mobile,+8550766584933
Mobitel-076-6584934,Mobile,+8550766584934
Mobitel-076-6584935,Mobile,+8550766584935
Mobitel-076-6584936,Mobile,+8550766584936
Mobitel-076-6584937,Mobile,+8550766584937
Mobitel-076-6584938,Mobile,+8550766584938
Mobitel-076-6584939,Mobile,+8550766584939
Mobitel-076-6584940,Mobile,+8550766584940
Mobitel-076-6584941,Mobile,+8550766584941
Mobitel-076-6584942,Mobile,+8550766584942
Mobitel-076-6584943,Mobile,+8550766584943
Mobitel-076-6584944,Mobile,+8550766584944
Mobitel-076-6584945,Mobile,+8550766584945
Mobitel-076-6584946,Mobile,+8550766584946
Mobitel-076-6584947,Mobile,+8550766584947
Mobitel-076-6584948,Mobile,+8550766584948
Mobitel-076-6584949,Mobile,+8550766584949
Mobitel-076-6584950,Mobile,+8550766584950
Mobitel-076-6584951,Mobile,+8550766584951
Mobitel-076-6584952,Mobile,+8550766584952
Mobitel-076-6584953,Mobile,+8550766584953
Mobitel-076-6584954,Mobile,+8550766584954
Mobitel-076-6584955,Mobile,+8550766584955
Mobitel-076-6584956,Mobile,+8550766584956
Mobitel-076-6584957,Mobile,+8550766584957
Mobitel-076-6584958,Mobile,+8550766584958
Mobitel-076-6584959,Mobile,+8550766584959
Mobitel-076-6584960,Mobile,+8550766584960
Mobitel-076-6584961,Mobile,+8550766584961
Mobitel-076-6584962,Mobile,+8550766584962
Mobitel-076-6584963,Mobile,+8550766584963
Mobitel-076-6584964,Mobile,+8550766584964
Mobitel-076-6584965,Mobile,+8550766584965
Mobitel-076-6584966,Mobile,+8550766584966
Mobitel-076-6584967,Mobile,+8550766584967
Mobitel-076-6584968,Mobile,+8550766584968
Mobitel-076-6584969,Mobile,+8550766584969
Mobitel-076-6584970,Mobile,+8550766584970
Mobitel-076-6584971,Mobile,+8550766584971
Mobitel-076-6584972,Mobile,+8550766584972
Mobitel-076-6584973,Mobile,+8550766584973
Mobitel-076-6584974,Mobile,+8550766584974
Mobitel-076-6584975,Mobile,+8550766584975
Mobitel-076-6584976,Mobile,+8550766584976
Mobitel-076-6584977,Mobile,+8550766584977
Mobitel-076-6584978,Mobile,+8550766584978
Mobitel-076-6584979,Mobile,+8550766584979
Mobitel-076-6584980,Mobile,+8550766584980
Mobitel-076-6584981,Mobile,+8550766584981
Mobitel-076-6584982,Mobile,+8550766584982
Mobitel-076-6584983,Mobile,+8550766584983
Mobitel-076-6584984,Mobile,+8550766584984
Mobitel-076-6584985,Mobile,+8550766584985
Mobitel-076-6584986,Mobile,+8550766584986
Mobitel-076-6584987,Mobile,+8550766584987
Mobitel-076-6584988,Mobile,+8550766584988
Mobitel-076-6584989,Mobile,+8550766584989
Mobitel-076-6584990,Mobile,+8550766584990
Mobitel-076-6584991,Mobile,+8550766584991
Mobitel-076-6584992,Mobile,+8550766584992
Mobitel-076-6584993,Mobile,+8550766584993
Mobitel-076-6584994,Mobile,+8550766584994
Mobitel-076-6584995,Mobile,+8550766584995
Mobitel-076-6584996,Mobile,+8550766584996
Mobitel-076-6584997,Mobile,+8550766584997
Mobitel-076-6584998,Mobile,+8550766584998
Mobitel-076-6584999,Mobile,+8550766584999
Mobitel-076-6585000,Mobile,+8550766585000
Mobitel-076-6585001,Mobile,+8550766585001
Mobitel-076-6585002,Mobile,+8550766585002
Mobitel-076-6585003,Mobile,+8550766585003
Mobitel-076-6585004,Mobile,+8550766585004
Mobitel-076-6585005,Mobile,+8550766585005
Mobitel-076-6585006,Mobile,+8550766585006
Mobitel-076-6585007,Mobile,+8550766585007
Mobitel-076-6585008,Mobile,+8550766585008
Mobitel-076-6585009,Mobile,+8550766585009
Mobitel-076-6585010,Mobile,+8550766585010
Mobitel-076-6585011,Mobile,+8550766585011
Mobitel-076-6585012,Mobile,+8550766585012
Mobitel-076-6585013,Mobile,+8550766585013
Mobitel-076-6585014,Mobile,+8550766585014
Mobitel-076-6585015,Mobile,+8550766585015
Mobitel-076-6585016,Mobile,+8550766585016
Mobitel-076-6585017,Mobile,+8550766585017
Mobitel-076-6585018,Mobile,+8550766585018
Mobitel-076-6585019,Mobile,+8550766585019
Mobitel-076-6585020,Mobile,+8550766585020
Mobitel-076-6585021,Mobile,+8550766585021
Mobitel-076-6585022,Mobile,+8550766585022
Mobitel-076-6585023,Mobile,+8550766585023
Mobitel-076-6585024,Mobile,+8550766585024
Mobitel-076-6585025,Mobile,+8550766585025
Mobitel-076-6585026,Mobile,+8550766585026
Mobitel-076-6585027,Mobile,+8550766585027
Mobitel-076-6585028,Mobile,+8550766585028
Mobitel-076-6585029,Mobile,+8550766585029
Mobitel-076-6585030,Mobile,+8550766585030
Mobitel-076-6585031,Mobile,+8550766585031
Mobitel-076-6585032,Mobile,+8550766585032
Mobitel-076-6585033,Mobile,+8550766585033
Mobitel-076-6585034,Mobile,+8550766585034
Mobitel-076-6585035,Mobile,+8550766585035
Mobitel-076-6585036,Mobile,+8550766585036
Mobitel-076-6585037,Mobile,+8550766585037
Mobitel-076-6585038,Mobile,+8550766585038
Mobitel-076-6585039,Mobile,+8550766585039
Mobitel-076-6585040,Mobile,+8550766585040
Mobitel-076-6585041,Mobile,+8550766585041
Mobitel-076-6585042,Mobile,+8550766585042
Mobitel-076-6585043,Mobile,+8550766585043
Mobitel-076-6585044,Mobile,+8550766585044
Mobitel-076-6585045,Mobile,+8550766585045
Mobitel-076-6585046,Mobile,+8550766585046
Mobitel-076-6585047,Mobile,+8550766585047
Mobitel-076-6585048,Mobile,+8550766585048
Mobitel-076-6585049,Mobile,+8550766585049
Mobitel-076-6585050,Mobile,+8550766585050
Mobitel-076-6585051,Mobile,+8550766585051
Mobitel-076-6585052,Mobile,+8550766585052
Mobitel-076-6585053,Mobile,+8550766585053
Mobitel-076-6585054,Mobile,+8550766585054
Mobitel-076-6585055,Mobile,+8550766585055
Mobitel-076-6585056,Mobile,+8550766585056
Mobitel-076-6585057,Mobile,+8550766585057
Mobitel-076-6585058,Mobile,+8550766585058
Mobitel-076-6585059,Mobile,+8550766585059
Mobitel-076-6585060,Mobile,+8550766585060
Mobitel-076-6585061,Mobile,+8550766585061
Mobitel-076-6585062,Mobile,+8550766585062
Mobitel-076-6585063,Mobile,+8550766585063
Mobitel-076-6585064,Mobile,+8550766585064
Mobitel-076-6585065,Mobile,+8550766585065
Mobitel-076-6585066,Mobile,+8550766585066
Mobitel-076-6585067,Mobile,+8550766585067
Mobitel-076-6585068,Mobile,+8550766585068
Mobitel-076-6585069,Mobile,+8550766585069
Mobitel-076-6585070,Mobile,+8550766585070
Mobitel-076-6585071,Mobile,+8550766585071
Mobitel-076-6585072,Mobile,+8550766585072
Mobitel-076-6585073,Mobile,+8550766585073
Mobitel-076-6585074,Mobile,+8550766585074
Mobitel-076-6585075,Mobile,+8550766585075
Mobitel-076-6585076,Mobile,+8550766585076
Mobitel-076-6585077,Mobile,+8550766585077
Mobitel-076-6585078,Mobile,+8550766585078
Mobitel-076-6585079,Mobile,+8550766585079
Mobitel-076-6585080,Mobile,+8550766585080
Mobitel-076-6585081,Mobile,+8550766585081
Mobitel-076-6585082,Mobile,+8550766585082
Mobitel-076-6585083,Mobile,+8550766585083
Mobitel-076-6585084,Mobile,+8550766585084
Mobitel-076-6585085,Mobile,+8550766585085
Mobitel-076-6585086,Mobile,+8550766585086
Mobitel-076-6585087,Mobile,+8550766585087
Mobitel-076-6585088,Mobile,+8550766585088
Mobitel-076-6585089,Mobile,+8550766585089
Mobitel-076-6585090,Mobile,+8550766585090
Mobitel-076-6585091,Mobile,+8550766585091
Mobitel-076-6585092,Mobile,+8550766585092
Mobitel-076-6585093,Mobile,+8550766585093
Mobitel-076-6585094,Mobile,+8550766585094
Mobitel-076-6585095,Mobile,+8550766585095
Mobitel-076-6585096,Mobile,+8550766585096
Mobitel-076-6585097,Mobile,+8550766585097
Mobitel-076-6585098,Mobile,+8550766585098
Mobitel-076-6585099,Mobile,+8550766585099
Mobitel-076-6585100,Mobile,+8550766585100
Mobitel-076-6585101,Mobile,+8550766585101
Mobitel-076-6585102,Mobile,+8550766585102
Mobitel-076-6585103,Mobile,+8550766585103
Mobitel-076-6585104,Mobile,+8550766585104
Mobitel-076-6585105,Mobile,+8550766585105
Mobitel-076-6585106,Mobile,+8550766585106
Mobitel-076-6585107,Mobile,+8550766585107
Mobitel-076-6585108,Mobile,+8550766585108
Mobitel-076-6585109,Mobile,+8550766585109
Mobitel-076-6585110,Mobile,+8550766585110
Mobitel-076-6585111,Mobile,+8550766585111
Mobitel-076-6585112,Mobile,+8550766585112
Mobitel-076-6585113,Mobile,+8550766585113
Mobitel-076-6585114,Mobile,+8550766585114
Mobitel-076-6585115,Mobile,+8550766585115
Mobitel-076-6585116,Mobile,+8550766585116
Mobitel-076-6585117,Mobile,+8550766585117
Mobitel-076-6585118,Mobile,+8550766585118
Mobitel-076-6585119,Mobile,+8550766585119
Mobitel-076-6585120,Mobile,+8550766585120
Mobitel-076-6585121,Mobile,+8550766585121
Mobitel-076-6585122,Mobile,+8550766585122
Mobitel-076-6585123,Mobile,+8550766585123
Mobitel-076-6585124,Mobile,+8550766585124
Mobitel-076-6585125,Mobile,+8550766585125
Mobitel-076-6585126,Mobile,+8550766585126
Mobitel-076-6585127,Mobile,+8550766585127
Mobitel-076-6585128,Mobile,+8550766585128
Mobitel-076-6585129,Mobile,+8550766585129
Mobitel-076-6585130,Mobile,+8550766585130
Mobitel-076-6585131,Mobile,+8550766585131
Mobitel-076-6585132,Mobile,+8550766585132
Mobitel-076-6585133,Mobile,+8550766585133
Mobitel-076-6585134,Mobile,+8550766585134
Mobitel-076-6585135,Mobile,+8550766585135
Mobitel-076-6585136,Mobile,+8550766585136
Mobitel-076-6585137,Mobile,+8550766585137
Mobitel-076-6585138,Mobile,+8550766585138
Mobitel-076-6585139,Mobile,+8550766585139
Mobitel-076-6585140,Mobile,+8550766585140
Mobitel-076-6585141,Mobile,+8550766585141
Mobitel-076-6585142,Mobile,+8550766585142
Mobitel-076-6585143,Mobile,+8550766585143
Mobitel-076-6585144,Mobile,+8550766585144
Mobitel-076-6585145,Mobile,+8550766585145
Mobitel-076-6585146,Mobile,+8550766585146
Mobitel-076-6585147,Mobile,+8550766585147
Mobitel-076-6585148,Mobile,+8550766585148
Mobitel-076-6585149,Mobile,+8550766585149
Mobitel-076-6585150,Mobile,+8550766585150
Mobitel-076-6585151,Mobile,+8550766585151
Mobitel-076-6585152,Mobile,+8550766585152
Mobitel-076-6585153,Mobile,+8550766585153
Mobitel-076-6585154,Mobile,+8550766585154
Mobitel-076-6585155,Mobile,+8550766585155
Mobitel-076-6585156,Mobile,+8550766585156
Mobitel-076-6585157,Mobile,+8550766585157
Mobitel-076-6585158,Mobile,+8550766585158
Mobitel-076-6585159,Mobile,+8550766585159
Mobitel-076-6585160,Mobile,+8550766585160
Mobitel-076-6585161,Mobile,+8550766585161
Mobitel-076-6585162,Mobile,+8550766585162
Mobitel-076-6585163,Mobile,+8550766585163
Mobitel-076-6585164,Mobile,+8550766585164
Mobitel-076-6585165,Mobile,+8550766585165
Mobitel-076-6585166,Mobile,+8550766585166
Mobitel-076-6585167,Mobile,+8550766585167
Mobitel-076-6585168,Mobile,+8550766585168
Mobitel-076-6585169,Mobile,+8550766585169
Mobitel-076-6585170,Mobile,+8550766585170
Mobitel-076-6585171,Mobile,+8550766585171
Mobitel-076-6585172,Mobile,+8550766585172
Mobitel-076-6585173,Mobile,+8550766585173
Mobitel-076-6585174,Mobile,+8550766585174
Mobitel-076-6585175,Mobile,+8550766585175
Mobitel-076-6585176,Mobile,+8550766585176
Mobitel-076-6585177,Mobile,+8550766585177
Mobitel-076-6585178,Mobile,+8550766585178
Mobitel-076-6585179,Mobile,+8550766585179
Mobitel-076-6585180,Mobile,+8550766585180
Mobitel-076-6585181,Mobile,+8550766585181
Mobitel-076-6585182,Mobile,+8550766585182
Mobitel-076-6585183,Mobile,+8550766585183
Mobitel-076-6585184,Mobile,+8550766585184
Mobitel-076-6585185,Mobile,+8550766585185
Mobitel-076-6585186,Mobile,+8550766585186
Mobitel-076-6585187,Mobile,+8550766585187
Mobitel-076-6585188,Mobile,+8550766585188
Mobitel-076-6585189,Mobile,+8550766585189
Mobitel-076-6585190,Mobile,+8550766585190
Mobitel-076-6585191,Mobile,+8550766585191
Mobitel-076-6585192,Mobile,+8550766585192
Mobitel-076-6585193,Mobile,+8550766585193
Mobitel-076-6585194,Mobile,+8550766585194
Mobitel-076-6585195,Mobile,+8550766585195
Mobitel-076-6585196,Mobile,+8550766585196
Mobitel-076-6585197,Mobile,+8550766585197
Mobitel-076-6585198,Mobile,+8550766585198
Mobitel-076-6585199,Mobile,+8550766585199
Mobitel-076-6585200,Mobile,+8550766585200
Mobitel-076-6585201,Mobile,+8550766585201
Mobitel-076-6585202,Mobile,+8550766585202
Mobitel-076-6585203,Mobile,+8550766585203
Mobitel-076-6585204,Mobile,+8550766585204
Mobitel-076-6585205,Mobile,+8550766585205
Mobitel-076-6585206,Mobile,+8550766585206
Mobitel-076-6585207,Mobile,+8550766585207
Mobitel-076-6585208,Mobile,+8550766585208
Mobitel-076-6585209,Mobile,+8550766585209
Mobitel-076-6585210,Mobile,+8550766585210
Mobitel-076-6585211,Mobile,+8550766585211
Mobitel-076-6585212,Mobile,+8550766585212
Mobitel-076-6585213,Mobile,+8550766585213
Mobitel-076-6585214,Mobile,+8550766585214
Mobitel-076-6585215,Mobile,+8550766585215
Mobitel-076-6585216,Mobile,+8550766585216
Mobitel-076-6585217,Mobile,+8550766585217
Mobitel-076-6585218,Mobile,+8550766585218
Mobitel-076-6585219,Mobile,+8550766585219
Mobitel-076-6585220,Mobile,+8550766585220
Mobitel-076-6585221,Mobile,+8550766585221
Mobitel-076-6585222,Mobile,+8550766585222
Mobitel-076-6585223,Mobile,+8550766585223
Mobitel-076-6585224,Mobile,+8550766585224
Mobitel-076-6585225,Mobile,+8550766585225
Mobitel-076-6585226,Mobile,+8550766585226
Mobitel-076-6585227,Mobile,+8550766585227
Mobitel-076-6585228,Mobile,+8550766585228
Mobitel-076-6585229,Mobile,+8550766585229
Mobitel-076-6585230,Mobile,+8550766585230
Mobitel-076-6585231,Mobile,+8550766585231
Mobitel-076-6585232,Mobile,+8550766585232
Mobitel-076-6585233,Mobile,+8550766585233
Mobitel-076-6585234,Mobile,+8550766585234
Mobitel-076-6585235,Mobile,+8550766585235
Mobitel-076-6585236,Mobile,+8550766585236
Mobitel-076-6585237,Mobile,+8550766585237
Mobitel-076-6585238,Mobile,+8550766585238
Mobitel-076-6585239,Mobile,+8550766585239
Mobitel-076-6585240,Mobile,+8550766585240
Mobitel-076-6585241,Mobile,+8550766585241
Mobitel-076-6585242,Mobile,+8550766585242
Mobitel-076-6585243,Mobile,+8550766585243
Mobitel-076-6585244,Mobile,+8550766585244
Mobitel-076-6585245,Mobile,+8550766585245
Mobitel-076-6585246,Mobile,+8550766585246
Mobitel-076-6585247,Mobile,+8550766585247
Mobitel-076-6585248,Mobile,+8550766585248
Mobitel-076-6585249,Mobile,+8550766585249
Mobitel-076-6585250,Mobile,+8550766585250
Mobitel-076-6585251,Mobile,+8550766585251
Mobitel-076-6585252,Mobile,+8550766585252
Mobitel-076-6585253,Mobile,+8550766585253
Mobitel-076-6585254,Mobile,+8550766585254
Mobitel-076-6585255,Mobile,+8550766585255
Mobitel-076-6585256,Mobile,+8550766585256
Mobitel-076-6585257,Mobile,+8550766585257
Mobitel-076-6585258,Mobile,+8550766585258
Mobitel-076-6585259,Mobile,+8550766585259
Mobitel-076-6585260,Mobile,+8550766585260
Mobitel-076-6585261,Mobile,+8550766585261
Mobitel-076-6585262,Mobile,+8550766585262
Mobitel-076-6585263,Mobile,+8550766585263
Mobitel-076-6585264,Mobile,+8550766585264
Mobitel-076-6585265,Mobile,+8550766585265
Mobitel-076-6585266,Mobile,+8550766585266
Mobitel-076-6585267,Mobile,+8550766585267
Mobitel-076-6585268,Mobile,+8550766585268
Mobitel-076-6585269,Mobile,+8550766585269
Mobitel-076-6585270,Mobile,+8550766585270
Mobitel-076-6585271,Mobile,+8550766585271
Mobitel-076-6585272,Mobile,+8550766585272
Mobitel-076-6585273,Mobile,+8550766585273
Mobitel-076-6585274,Mobile,+8550766585274
Mobitel-076-6585275,Mobile,+8550766585275
Mobitel-076-6585276,Mobile,+8550766585276
Mobitel-076-6585277,Mobile,+8550766585277
Mobitel-076-6585278,Mobile,+8550766585278
Mobitel-076-6585279,Mobile,+8550766585279
Mobitel-076-6585280,Mobile,+8550766585280
Mobitel-076-6585281,Mobile,+8550766585281
Mobitel-076-6585282,Mobile,+8550766585282
Mobitel-076-6585283,Mobile,+8550766585283
Mobitel-076-6585284,Mobile,+8550766585284
Mobitel-076-6585285,Mobile,+8550766585285
Mobitel-076-6585286,Mobile,+8550766585286
Mobitel-076-6585287,Mobile,+8550766585287
Mobitel-076-6585288,Mobile,+8550766585288
Mobitel-076-6585289,Mobile,+8550766585289
Mobitel-076-6585290,Mobile,+8550766585290
Mobitel-076-6585291,Mobile,+8550766585291
Mobitel-076-6585292,Mobile,+8550766585292
Mobitel-076-6585293,Mobile,+8550766585293
Mobitel-076-6585294,Mobile,+8550766585294
Mobitel-076-6585295,Mobile,+8550766585295
Mobitel-076-6585296,Mobile,+8550766585296
Mobitel-076-6585297,Mobile,+8550766585297
Mobitel-076-6585298,Mobile,+8550766585298
Mobitel-076-6585299,Mobile,+8550766585299
Mobitel-076-6585300,Mobile,+8550766585300
Mobitel-076-6585301,Mobile,+8550766585301
Mobitel-076-6585302,Mobile,+8550766585302
Mobitel-076-6585303,Mobile,+8550766585303
Mobitel-076-6585304,Mobile,+8550766585304
Mobitel-076-6585305,Mobile,+8550766585305
Mobitel-076-6585306,Mobile,+8550766585306
Mobitel-076-6585307,Mobile,+8550766585307
Mobitel-076-6585308,Mobile,+8550766585308
Mobitel-076-6585309,Mobile,+8550766585309
Mobitel-076-6585310,Mobile,+8550766585310
Mobitel-076-6585311,Mobile,+8550766585311
Mobitel-076-6585312,Mobile,+8550766585312
Mobitel-076-6585313,Mobile,+8550766585313
Mobitel-076-6585314,Mobile,+8550766585314
Mobitel-076-6585315,Mobile,+8550766585315
Mobitel-076-6585316,Mobile,+8550766585316
Mobitel-076-6585317,Mobile,+8550766585317
Mobitel-076-6585318,Mobile,+8550766585318
Mobitel-076-6585319,Mobile,+8550766585319
Mobitel-076-6585320,Mobile,+8550766585320
Mobitel-076-6585321,Mobile,+8550766585321
Mobitel-076-6585322,Mobile,+8550766585322
Mobitel-076-6585323,Mobile,+8550766585323
Mobitel-076-6585324,Mobile,+8550766585324
Mobitel-076-6585325,Mobile,+8550766585325
Mobitel-076-6585326,Mobile,+8550766585326
Mobitel-076-6585327,Mobile,+8550766585327
Mobitel-076-6585328,Mobile,+8550766585328
Mobitel-076-6585329,Mobile,+8550766585329
Mobitel-076-6585330,Mobile,+8550766585330
Mobitel-076-6585331,Mobile,+8550766585331
Mobitel-076-6585332,Mobile,+8550766585332
Mobitel-076-6585333,Mobile,+8550766585333
Mobitel-076-6585334,Mobile,+8550766585334
Mobitel-076-6585335,Mobile,+8550766585335
Mobitel-076-6585336,Mobile,+8550766585336
Mobitel-076-6585337,Mobile,+8550766585337
Mobitel-076-6585338,Mobile,+8550766585338
Mobitel-076-6585339,Mobile,+8550766585339
Mobitel-076-6585340,Mobile,+8550766585340
Mobitel-076-6585341,Mobile,+8550766585341
Mobitel-076-6585342,Mobile,+8550766585342
Mobitel-076-6585343,Mobile,+8550766585343
Mobitel-076-6585344,Mobile,+8550766585344
Mobitel-076-6585345,Mobile,+8550766585345
Mobitel-076-6585346,Mobile,+8550766585346
Mobitel-076-6585347,Mobile,+8550766585347
Mobitel-076-6585348,Mobile,+8550766585348
Mobitel-076-6585349,Mobile,+8550766585349
Mobitel-076-6585350,Mobile,+8550766585350
Mobitel-076-6585351,Mobile,+8550766585351
Mobitel-076-6585352,Mobile,+8550766585352
Mobitel-076-6585353,Mobile,+8550766585353
Mobitel-076-6585354,Mobile,+8550766585354
Mobitel-076-6585355,Mobile,+8550766585355
Mobitel-076-6585356,Mobile,+8550766585356
Mobitel-076-6585357,Mobile,+8550766585357
Mobitel-076-6585358,Mobile,+8550766585358
Mobitel-076-6585359,Mobile,+8550766585359
Mobitel-076-6585360,Mobile,+8550766585360
Mobitel-076-6585361,Mobile,+8550766585361
Mobitel-076-6585362,Mobile,+8550766585362
Mobitel-076-6585363,Mobile,+8550766585363
Mobitel-076-6585364,Mobile,+8550766585364
Mobitel-076-6585365,Mobile,+8550766585365
Mobitel-076-6585366,Mobile,+8550766585366
Mobitel-076-6585367,Mobile,+8550766585367
Mobitel-076-6585368,Mobile,+8550766585368
Mobitel-076-6585369,Mobile,+8550766585369
Mobitel-076-6585370,Mobile,+8550766585370
Mobitel-076-6585371,Mobile,+8550766585371
Mobitel-076-6585372,Mobile,+8550766585372
Mobitel-076-6585373,Mobile,+8550766585373
Mobitel-076-6585374,Mobile,+8550766585374
Mobitel-076-6585375,Mobile,+8550766585375
Mobitel-076-6585376,Mobile,+8550766585376
Mobitel-076-6585377,Mobile,+8550766585377
Mobitel-076-6585378,Mobile,+8550766585378
Mobitel-076-6585379,Mobile,+8550766585379
Mobitel-076-6585380,Mobile,+8550766585380
Mobitel-076-6585381,Mobile,+8550766585381
Mobitel-076-6585382,Mobile,+8550766585382
Mobitel-076-6585383,Mobile,+8550766585383
Mobitel-076-6585384,Mobile,+8550766585384
Mobitel-076-6585385,Mobile,+8550766585385
Mobitel-076-6585386,Mobile,+8550766585386
Mobitel-076-6585387,Mobile,+8550766585387
Mobitel-076-6585388,Mobile,+8550766585388
Mobitel-076-6585389,Mobile,+8550766585389
Mobitel-076-6585390,Mobile,+8550766585390
Mobitel-076-6585391,Mobile,+8550766585391
Mobitel-076-6585392,Mobile,+8550766585392
Mobitel-076-6585393,Mobile,+8550766585393
Mobitel-076-6585394,Mobile,+8550766585394
Mobitel-076-6585395,Mobile,+8550766585395
Mobitel-076-6585396,Mobile,+8550766585396
Mobitel-076-6585397,Mobile,+8550766585397
Mobitel-076-6585398,Mobile,+8550766585398
Mobitel-076-6585399,Mobile,+8550766585399
Mobitel-076-6585400,Mobile,+8550766585400
Mobitel-076-6585401,Mobile,+8550766585401
Mobitel-076-6585402,Mobile,+8550766585402
Mobitel-076-6585403,Mobile,+8550766585403
Mobitel-076-6585404,Mobile,+8550766585404
Mobitel-076-6585405,Mobile,+8550766585405
Mobitel-076-6585406,Mobile,+8550766585406
Mobitel-076-6585407,Mobile,+8550766585407
Mobitel-076-6585408,Mobile,+8550766585408
Mobitel-076-6585409,Mobile,+8550766585409
Mobitel-076-6585410,Mobile,+8550766585410
Mobitel-076-6585411,Mobile,+8550766585411
Mobitel-076-6585412,Mobile,+8550766585412
Mobitel-076-6585413,Mobile,+8550766585413
Mobitel-076-6585414,Mobile,+8550766585414
Mobitel-076-6585415,Mobile,+8550766585415
Mobitel-076-6585416,Mobile,+8550766585416
Mobitel-076-6585417,Mobile,+8550766585417
Mobitel-076-6585418,Mobile,+8550766585418
Mobitel-076-6585419,Mobile,+8550766585419
Mobitel-076-6585420,Mobile,+8550766585420
Mobitel-076-6585421,Mobile,+8550766585421
Mobitel-076-6585422,Mobile,+8550766585422
Mobitel-076-6585423,Mobile,+8550766585423
Mobitel-076-6585424,Mobile,+8550766585424
Mobitel-076-6585425,Mobile,+8550766585425
Mobitel-076-6585426,Mobile,+8550766585426
Mobitel-076-6585427,Mobile,+8550766585427
Mobitel-076-6585428,Mobile,+8550766585428
Mobitel-076-6585429,Mobile,+8550766585429
Mobitel-076-6585430,Mobile,+8550766585430
Mobitel-076-6585431,Mobile,+8550766585431
Mobitel-076-6585432,Mobile,+8550766585432
Mobitel-076-6585433,Mobile,+8550766585433
Mobitel-076-6585434,Mobile,+8550766585434
Mobitel-076-6585435,Mobile,+8550766585435
Mobitel-076-6585436,Mobile,+8550766585436
Mobitel-076-6585437,Mobile,+8550766585437
Mobitel-076-6585438,Mobile,+8550766585438
Mobitel-076-6585439,Mobile,+8550766585439
Mobitel-076-6585440,Mobile,+8550766585440
Mobitel-076-6585441,Mobile,+8550766585441
Mobitel-076-6585442,Mobile,+8550766585442
Mobitel-076-6585443,Mobile,+8550766585443
Mobitel-076-6585444,Mobile,+8550766585444
Mobitel-076-6585445,Mobile,+8550766585445
Mobitel-076-6585446,Mobile,+8550766585446
Mobitel-076-6585447,Mobile,+8550766585447
Mobitel-076-6585448,Mobile,+8550766585448
Mobitel-076-6585449,Mobile,+8550766585449
Mobitel-076-6585450,Mobile,+8550766585450
Mobitel-076-6585451,Mobile,+8550766585451
Mobitel-076-6585452,Mobile,+8550766585452
Mobitel-076-6585453,Mobile,+8550766585453
Mobitel-076-6585454,Mobile,+8550766585454
Mobitel-076-6585455,Mobile,+8550766585455
Mobitel-076-6585456,Mobile,+8550766585456
Mobitel-076-6585457,Mobile,+8550766585457
Mobitel-076-6585458,Mobile,+8550766585458
Mobitel-076-6585459,Mobile,+8550766585459
Mobitel-076-6585460,Mobile,+8550766585460
Mobitel-076-6585461,Mobile,+8550766585461
Mobitel-076-6585462,Mobile,+8550766585462
Mobitel-076-6585463,Mobile,+8550766585463
Mobitel-076-6585464,Mobile,+8550766585464
Mobitel-076-6585465,Mobile,+8550766585465
Mobitel-076-6585466,Mobile,+8550766585466
Mobitel-076-6585467,Mobile,+8550766585467
Mobitel-076-6585468,Mobile,+8550766585468
Mobitel-076-6585469,Mobile,+8550766585469
Mobitel-076-6585470,Mobile,+8550766585470
Mobitel-076-6585471,Mobile,+8550766585471
Mobitel-076-6585472,Mobile,+8550766585472
Mobitel-076-6585473,Mobile,+8550766585473
Mobitel-076-6585474,Mobile,+8550766585474
Mobitel-076-6585475,Mobile,+8550766585475
Mobitel-076-6585476,Mobile,+8550766585476
Mobitel-076-6585477,Mobile,+8550766585477
Mobitel-076-6585478,Mobile,+8550766585478
Mobitel-076-6585479,Mobile,+8550766585479
Mobitel-076-6585480,Mobile,+8550766585480
Mobitel-076-6585481,Mobile,+8550766585481
Mobitel-076-6585482,Mobile,+8550766585482
Mobitel-076-6585483,Mobile,+8550766585483
Mobitel-076-6585484,Mobile,+8550766585484
Mobitel-076-6585485,Mobile,+8550766585485
Mobitel-076-6585486,Mobile,+8550766585486
Mobitel-076-6585487,Mobile,+8550766585487
Mobitel-076-6585488,Mobile,+8550766585488
Mobitel-076-6585489,Mobile,+8550766585489
Mobitel-076-6585490,Mobile,+8550766585490
Mobitel-076-6585491,Mobile,+8550766585491
Mobitel-076-6585492,Mobile,+8550766585492
Mobitel-076-6585493,Mobile,+8550766585493
Mobitel-076-6585494,Mobile,+8550766585494
Mobitel-076-6585495,Mobile,+8550766585495
Mobitel-076-6585496,Mobile,+8550766585496
Mobitel-076-6585497,Mobile,+8550766585497
Mobitel-076-6585498,Mobile,+8550766585498
Mobitel-076-6585499,Mobile,+8550766585499
Mobitel-076-6585500,Mobile,+8550766585500
Mobitel-076-6585501,Mobile,+8550766585501
Mobitel-076-6585502,Mobile,+8550766585502
Mobitel-076-6585503,Mobile,+8550766585503
Mobitel-076-6585504,Mobile,+8550766585504
Mobitel-076-6585505,Mobile,+8550766585505
Mobitel-076-6585506,Mobile,+8550766585506
Mobitel-076-6585507,Mobile,+8550766585507
Mobitel-076-6585508,Mobile,+8550766585508
Mobitel-076-6585509,Mobile,+8550766585509
Mobitel-076-6585510,Mobile,+8550766585510
Mobitel-076-6585511,Mobile,+8550766585511
Mobitel-076-6585512,Mobile,+8550766585512
Mobitel-076-6585513,Mobile,+8550766585513
Mobitel-076-6585514,Mobile,+8550766585514
Mobitel-076-6585515,Mobile,+8550766585515
Mobitel-076-6585516,Mobile,+8550766585516
Mobitel-076-6585517,Mobile,+8550766585517
Mobitel-076-6585518,Mobile,+8550766585518
Mobitel-076-6585519,Mobile,+8550766585519
Mobitel-076-6585520,Mobile,+8550766585520
Mobitel-076-6585521,Mobile,+8550766585521
Mobitel-076-6585522,Mobile,+8550766585522
Mobitel-076-6585523,Mobile,+8550766585523
Mobitel-076-6585524,Mobile,+8550766585524
Mobitel-076-6585525,Mobile,+8550766585525
Mobitel-076-6585526,Mobile,+8550766585526
Mobitel-076-6585527,Mobile,+8550766585527
Mobitel-076-6585528,Mobile,+8550766585528
Mobitel-076-6585529,Mobile,+8550766585529
Mobitel-076-6585530,Mobile,+8550766585530
Mobitel-076-6585531,Mobile,+8550766585531
Mobitel-076-6585532,Mobile,+8550766585532
Mobitel-076-6585533,Mobile,+8550766585533
Mobitel-076-6585534,Mobile,+8550766585534
Mobitel-076-6585535,Mobile,+8550766585535
Mobitel-076-6585536,Mobile,+8550766585536
Mobitel-076-6585537,Mobile,+8550766585537
Mobitel-076-6585538,Mobile,+8550766585538
Mobitel-076-6585539,Mobile,+8550766585539
Mobitel-076-6585540,Mobile,+8550766585540
Mobitel-076-6585541,Mobile,+8550766585541
Mobitel-076-6585542,Mobile,+8550766585542
Mobitel-076-6585543,Mobile,+8550766585543
Mobitel-076-6585544,Mobile,+8550766585544
Mobitel-076-6585545,Mobile,+8550766585545
Mobitel-076-6585546,Mobile,+8550766585546
Mobitel-076-6585547,Mobile,+8550766585547
Mobitel-076-6585548,Mobile,+8550766585548
Mobitel-076-6585549,Mobile,+8550766585549
Mobitel-076-6585550,Mobile,+8550766585550
Mobitel-076-6585551,Mobile,+8550766585551
Mobitel-076-6585552,Mobile,+8550766585552
Mobitel-076-6585553,Mobile,+8550766585553
Mobitel-076-6585554,Mobile,+8550766585554
Mobitel-076-6585555,Mobile,+8550766585555
Mobitel-076-6585556,Mobile,+8550766585556
Mobitel-076-6585557,Mobile,+8550766585557
Mobitel-076-6585558,Mobile,+8550766585558
Mobitel-076-6585559,Mobile,+8550766585559
Mobitel-076-6585560,Mobile,+8550766585560
Mobitel-076-6585561,Mobile,+8550766585561
Mobitel-076-6585562,Mobile,+8550766585562
Mobitel-076-6585563,Mobile,+8550766585563
Mobitel-076-6585564,Mobile,+8550766585564
Mobitel-076-6585565,Mobile,+8550766585565
Mobitel-076-6585566,Mobile,+8550766585566
Mobitel-076-6585567,Mobile,+8550766585567
Mobitel-076-6585568,Mobile,+8550766585568
Mobitel-076-6585569,Mobile,+8550766585569
Mobitel-076-6585570,Mobile,+8550766585570
Mobitel-076-6585571,Mobile,+8550766585571
Mobitel-076-6585572,Mobile,+8550766585572
Mobitel-076-6585573,Mobile,+8550766585573
Mobitel-076-6585574,Mobile,+8550766585574
Mobitel-076-6585575,Mobile,+8550766585575
Mobitel-076-6585576,Mobile,+8550766585576
Mobitel-076-6585577,Mobile,+8550766585577
Mobitel-076-6585578,Mobile,+8550766585578
Mobitel-076-6585579,Mobile,+8550766585579
Mobitel-076-6585580,Mobile,+8550766585580
Mobitel-076-6585581,Mobile,+8550766585581
Mobitel-076-6585582,Mobile,+8550766585582
Mobitel-076-6585583,Mobile,+8550766585583
Mobitel-076-6585584,Mobile,+8550766585584
Mobitel-076-6585585,Mobile,+8550766585585
Mobitel-076-6585586,Mobile,+8550766585586
Mobitel-076-6585587,Mobile,+8550766585587
Mobitel-076-6585588,Mobile,+8550766585588
Mobitel-076-6585589,Mobile,+8550766585589
Mobitel-076-6585590,Mobile,+8550766585590
Mobitel-076-6585591,Mobile,+8550766585591
Mobitel-076-6585592,Mobile,+8550766585592
Mobitel-076-6585593,Mobile,+8550766585593
Mobitel-076-6585594,Mobile,+8550766585594
Mobitel-076-6585595,Mobile,+8550766585595
Mobitel-076-6585596,Mobile,+8550766585596
Mobitel-076-6585597,Mobile,+8550766585597
Mobitel-076-6585598,Mobile,+8550766585598
Mobitel-076-6585599,Mobile,+8550766585599
Mobitel-076-6585600,Mobile,+8550766585600
Mobitel-076-6585601,Mobile,+8550766585601
Mobitel-076-6585602,Mobile,+8550766585602
Mobitel-076-6585603,Mobile,+8550766585603
Mobitel-076-6585604,Mobile,+8550766585604
Mobitel-076-6585605,Mobile,+8550766585605
Mobitel-076-6585606,Mobile,+8550766585606
Mobitel-076-6585607,Mobile,+8550766585607
Mobitel-076-6585608,Mobile,+8550766585608
Mobitel-076-6585609,Mobile,+8550766585609
Mobitel-076-6585610,Mobile,+8550766585610
Mobitel-076-6585611,Mobile,+8550766585611
Mobitel-076-6585612,Mobile,+8550766585612
Mobitel-076-6585613,Mobile,+8550766585613
Mobitel-076-6585614,Mobile,+8550766585614
Mobitel-076-6585615,Mobile,+8550766585615
Mobitel-076-6585616,Mobile,+8550766585616
Mobitel-076-6585617,Mobile,+8550766585617
Mobitel-076-6585618,Mobile,+8550766585618
Mobitel-076-6585619,Mobile,+8550766585619
Mobitel-076-6585620,Mobile,+8550766585620
Mobitel-076-6585621,Mobile,+8550766585621
Mobitel-076-6585622,Mobile,+8550766585622
Mobitel-076-6585623,Mobile,+8550766585623
Mobitel-076-6585624,Mobile,+8550766585624
Mobitel-076-6585625,Mobile,+8550766585625
Mobitel-076-6585626,Mobile,+8550766585626
Mobitel-076-6585627,Mobile,+8550766585627
Mobitel-076-6585628,Mobile,+8550766585628
Mobitel-076-6585629,Mobile,+8550766585629
Mobitel-076-6585630,Mobile,+8550766585630
Mobitel-076-6585631,Mobile,+8550766585631
Mobitel-076-6585632,Mobile,+8550766585632
Mobitel-076-6585633,Mobile,+8550766585633
Mobitel-076-6585634,Mobile,+8550766585634
Mobitel-076-6585635,Mobile,+8550766585635
Mobitel-076-6585636,Mobile,+8550766585636
Mobitel-076-6585637,Mobile,+8550766585637
Mobitel-076-6585638,Mobile,+8550766585638
Mobitel-076-6585639,Mobile,+8550766585639
Mobitel-076-6585640,Mobile,+8550766585640
Mobitel-076-6585641,Mobile,+8550766585641
Mobitel-076-6585642,Mobile,+8550766585642
Mobitel-076-6585643,Mobile,+8550766585643
Mobitel-076-6585644,Mobile,+8550766585644
Mobitel-076-6585645,Mobile,+8550766585645
Mobitel-076-6585646,Mobile,+8550766585646
Mobitel-076-6585647,Mobile,+8550766585647
Mobitel-076-6585648,Mobile,+8550766585648
Mobitel-076-6585649,Mobile,+8550766585649
Mobitel-076-6585650,Mobile,+8550766585650
Mobitel-076-6585651,Mobile,+8550766585651
Mobitel-076-6585652,Mobile,+8550766585652
Mobitel-076-6585653,Mobile,+8550766585653
Mobitel-076-6585654,Mobile,+8550766585654
Mobitel-076-6585655,Mobile,+8550766585655
Mobitel-076-6585656,Mobile,+8550766585656
Mobitel-076-6585657,Mobile,+8550766585657
Mobitel-076-6585658,Mobile,+8550766585658
Mobitel-076-6585659,Mobile,+8550766585659
Mobitel-076-6585660,Mobile,+8550766585660
Mobitel-076-6585661,Mobile,+8550766585661
Mobitel-076-6585662,Mobile,+8550766585662
Mobitel-076-6585663,Mobile,+8550766585663
Mobitel-076-6585664,Mobile,+8550766585664
Mobitel-076-6585665,Mobile,+8550766585665
Mobitel-076-6585666,Mobile,+8550766585666
Mobitel-076-6585667,Mobile,+8550766585667
Mobitel-076-6585668,Mobile,+8550766585668
Mobitel-076-6585669,Mobile,+8550766585669
Mobitel-076-6585670,Mobile,+8550766585670
Mobitel-076-6585671,Mobile,+8550766585671
Mobitel-076-6585672,Mobile,+8550766585672
Mobitel-076-6585673,Mobile,+8550766585673
Mobitel-076-6585674,Mobile,+8550766585674
Mobitel-076-6585675,Mobile,+8550766585675
Mobitel-076-6585676,Mobile,+8550766585676
Mobitel-076-6585677,Mobile,+8550766585677
Mobitel-076-6585678,Mobile,+8550766585678
Mobitel-076-6585679,Mobile,+8550766585679
Mobitel-076-6585680,Mobile,+8550766585680
Mobitel-076-6585681,Mobile,+8550766585681
Mobitel-076-6585682,Mobile,+8550766585682
Mobitel-076-6585683,Mobile,+8550766585683
Mobitel-076-6585684,Mobile,+8550766585684
Mobitel-076-6585685,Mobile,+8550766585685
Mobitel-076-6585686,Mobile,+8550766585686
Mobitel-076-6585687,Mobile,+8550766585687
Mobitel-076-6585688,Mobile,+8550766585688
Mobitel-076-6585689,Mobile,+8550766585689
Mobitel-076-6585690,Mobile,+8550766585690
Mobitel-076-6585691,Mobile,+8550766585691
Mobitel-076-6585692,Mobile,+8550766585692
Mobitel-076-6585693,Mobile,+8550766585693
Mobitel-076-6585694,Mobile,+8550766585694
Mobitel-076-6585695,Mobile,+8550766585695
Mobitel-076-6585696,Mobile,+8550766585696
Mobitel-076-6585697,Mobile,+8550766585697
Mobitel-076-6585698,Mobile,+8550766585698
Mobitel-076-6585699,Mobile,+8550766585699
Mobitel-076-6585700,Mobile,+8550766585700
Mobitel-076-6585701,Mobile,+8550766585701
Mobitel-076-6585702,Mobile,+8550766585702
Mobitel-076-6585703,Mobile,+8550766585703
Mobitel-076-6585704,Mobile,+8550766585704
Mobitel-076-6585705,Mobile,+8550766585705
Mobitel-076-6585706,Mobile,+8550766585706
Mobitel-076-6585707,Mobile,+8550766585707
Mobitel-076-6585708,Mobile,+8550766585708
Mobitel-076-6585709,Mobile,+8550766585709
Mobitel-076-6585710,Mobile,+8550766585710
Mobitel-076-6585711,Mobile,+8550766585711
Mobitel-076-6585712,Mobile,+8550766585712
Mobitel-076-6585713,Mobile,+8550766585713
Mobitel-076-6585714,Mobile,+8550766585714
Mobitel-076-6585715,Mobile,+8550766585715
Mobitel-076-6585716,Mobile,+8550766585716
Mobitel-076-6585717,Mobile,+8550766585717
Mobitel-076-6585718,Mobile,+8550766585718
Mobitel-076-6585719,Mobile,+8550766585719
Mobitel-076-6585720,Mobile,+8550766585720
Mobitel-076-6585721,Mobile,+8550766585721
Mobitel-076-6585722,Mobile,+8550766585722
Mobitel-076-6585723,Mobile,+8550766585723
Mobitel-076-6585724,Mobile,+8550766585724
Mobitel-076-6585725,Mobile,+8550766585725
Mobitel-076-6585726,Mobile,+8550766585726
Mobitel-076-6585727,Mobile,+8550766585727
Mobitel-076-6585728,Mobile,+8550766585728
Mobitel-076-6585729,Mobile,+8550766585729
Mobitel-076-6585730,Mobile,+8550766585730
Mobitel-076-6585731,Mobile,+8550766585731
Mobitel-076-6585732,Mobile,+8550766585732
Mobitel-076-6585733,Mobile,+8550766585733
Mobitel-076-6585734,Mobile,+8550766585734
Mobitel-076-6585735,Mobile,+8550766585735
Mobitel-076-6585736,Mobile,+8550766585736
Mobitel-076-6585737,Mobile,+8550766585737
Mobitel-076-6585738,Mobile,+8550766585738
Mobitel-076-6585739,Mobile,+8550766585739
Mobitel-076-6585740,Mobile,+8550766585740
Mobitel-076-6585741,Mobile,+8550766585741
Mobitel-076-6585742,Mobile,+8550766585742
Mobitel-076-6585743,Mobile,+8550766585743
Mobitel-076-6585744,Mobile,+8550766585744
Mobitel-076-6585745,Mobile,+8550766585745
Mobitel-076-6585746,Mobile,+8550766585746
Mobitel-076-6585747,Mobile,+8550766585747
Mobitel-076-6585748,Mobile,+8550766585748
Mobitel-076-6585749,Mobile,+8550766585749
Mobitel-076-6585750,Mobile,+8550766585750
Mobitel-076-6585751,Mobile,+8550766585751
Mobitel-076-6585752,Mobile,+8550766585752
Mobitel-076-6585753,Mobile,+8550766585753
Mobitel-076-6585754,Mobile,+8550766585754
Mobitel-076-6585755,Mobile,+8550766585755
Mobitel-076-6585756,Mobile,+8550766585756
Mobitel-076-6585757,Mobile,+8550766585757
Mobitel-076-6585758,Mobile,+8550766585758
Mobitel-076-6585759,Mobile,+8550766585759
Mobitel-076-6585760,Mobile,+8550766585760
Mobitel-076-6585761,Mobile,+8550766585761
Mobitel-076-6585762,Mobile,+8550766585762
Mobitel-076-6585763,Mobile,+8550766585763
Mobitel-076-6585764,Mobile,+8550766585764
Mobitel-076-6585765,Mobile,+8550766585765
Mobitel-076-6585766,Mobile,+8550766585766
Mobitel-076-6585767,Mobile,+8550766585767
Mobitel-076-6585768,Mobile,+8550766585768
Mobitel-076-6585769,Mobile,+8550766585769
Mobitel-076-6585770,Mobile,+8550766585770
Mobitel-076-6585771,Mobile,+8550766585771
Mobitel-076-6585772,Mobile,+8550766585772
Mobitel-076-6585773,Mobile,+8550766585773
Mobitel-076-6585774,Mobile,+8550766585774
Mobitel-076-6585775,Mobile,+8550766585775
Mobitel-076-6585776,Mobile,+8550766585776
Mobitel-076-6585777,Mobile,+8550766585777
Mobitel-076-6585778,Mobile,+8550766585778
Mobitel-076-6585779,Mobile,+8550766585779
Mobitel-076-6585780,Mobile,+8550766585780
Mobitel-076-6585781,Mobile,+8550766585781
Mobitel-076-6585782,Mobile,+8550766585782
Mobitel-076-6585783,Mobile,+8550766585783
Mobitel-076-6585784,Mobile,+8550766585784
Mobitel-076-6585785,Mobile,+8550766585785
Mobitel-076-6585786,Mobile,+8550766585786
Mobitel-076-6585787,Mobile,+8550766585787
Mobitel-076-6585788,Mobile,+8550766585788
Mobitel-076-6585789,Mobile,+8550766585789
Mobitel-076-6585790,Mobile,+8550766585790
Mobitel-076-6585791,Mobile,+8550766585791
Mobitel-076-6585792,Mobile,+8550766585792
Mobitel-076-6585793,Mobile,+8550766585793
Mobitel-076-6585794,Mobile,+8550766585794
Mobitel-076-6585795,Mobile,+8550766585795
Mobitel-076-6585796,Mobile,+8550766585796
Mobitel-076-6585797,Mobile,+8550766585797
Mobitel-076-6585798,Mobile,+8550766585798
Mobitel-076-6585799,Mobile,+8550766585799
Mobitel-076-6585800,Mobile,+8550766585800
Mobitel-076-6585801,Mobile,+8550766585801
Mobitel-076-6585802,Mobile,+8550766585802
Mobitel-076-6585803,Mobile,+8550766585803
Mobitel-076-6585804,Mobile,+8550766585804
Mobitel-076-6585805,Mobile,+8550766585805
Mobitel-076-6585806,Mobile,+8550766585806
Mobitel-076-6585807,Mobile,+8550766585807
Mobitel-076-6585808,Mobile,+8550766585808
Mobitel-076-6585809,Mobile,+8550766585809
Mobitel-076-6585810,Mobile,+8550766585810
Mobitel-076-6585811,Mobile,+8550766585811
Mobitel-076-6585812,Mobile,+8550766585812
Mobitel-076-6585813,Mobile,+8550766585813
Mobitel-076-6585814,Mobile,+8550766585814
Mobitel-076-6585815,Mobile,+8550766585815
Mobitel-076-6585816,Mobile,+8550766585816
Mobitel-076-6585817,Mobile,+8550766585817
Mobitel-076-6585818,Mobile,+8550766585818
Mobitel-076-6585819,Mobile,+8550766585819
Mobitel-076-6585820,Mobile,+8550766585820
Mobitel-076-6585821,Mobile,+8550766585821
Mobitel-076-6585822,Mobile,+8550766585822
Mobitel-076-6585823,Mobile,+8550766585823
Mobitel-076-6585824,Mobile,+8550766585824
Mobitel-076-6585825,Mobile,+8550766585825
Mobitel-076-6585826,Mobile,+8550766585826
Mobitel-076-6585827,Mobile,+8550766585827
Mobitel-076-6585828,Mobile,+8550766585828
Mobitel-076-6585829,Mobile,+8550766585829
Mobitel-076-6585830,Mobile,+8550766585830
Mobitel-076-6585831,Mobile,+8550766585831
Mobitel-076-6585832,Mobile,+8550766585832
Mobitel-076-6585833,Mobile,+8550766585833
Mobitel-076-6585834,Mobile,+8550766585834
Mobitel-076-6585835,Mobile,+8550766585835
Mobitel-076-6585836,Mobile,+8550766585836
Mobitel-076-6585837,Mobile,+8550766585837
Mobitel-076-6585838,Mobile,+8550766585838
Mobitel-076-6585839,Mobile,+8550766585839
Mobitel-076-6585840,Mobile,+8550766585840
Mobitel-076-6585841,Mobile,+8550766585841
Mobitel-076-6585842,Mobile,+8550766585842
Mobitel-076-6585843,Mobile,+8550766585843
Mobitel-076-6585844,Mobile,+8550766585844
Mobitel-076-6585845,Mobile,+8550766585845
Mobitel-076-6585846,Mobile,+8550766585846
Mobitel-076-6585847,Mobile,+8550766585847
Mobitel-076-6585848,Mobile,+8550766585848
Mobitel-076-6585849,Mobile,+8550766585849
Mobitel-076-6585850,Mobile,+8550766585850
Mobitel-076-6585851,Mobile,+8550766585851
Mobitel-076-6585852,Mobile,+8550766585852
Mobitel-076-6585853,Mobile,+8550766585853
Mobitel-076-6585854,Mobile,+8550766585854
Mobitel-076-6585855,Mobile,+8550766585855
Mobitel-076-6585856,Mobile,+8550766585856
Mobitel-076-6585857,Mobile,+8550766585857
Mobitel-076-6585858,Mobile,+8550766585858
Mobitel-076-6585859,Mobile,+8550766585859
Mobitel-076-6585860,Mobile,+8550766585860
Mobitel-076-6585861,Mobile,+8550766585861
Mobitel-076-6585862,Mobile,+8550766585862
Mobitel-076-6585863,Mobile,+8550766585863
Mobitel-076-6585864,Mobile,+8550766585864
Mobitel-076-6585865,Mobile,+8550766585865
Mobitel-076-6585866,Mobile,+8550766585866
Mobitel-076-6585867,Mobile,+8550766585867
Mobitel-076-6585868,Mobile,+8550766585868
Mobitel-076-6585869,Mobile,+8550766585869
Mobitel-076-6585870,Mobile,+8550766585870
Mobitel-076-6585871,Mobile,+8550766585871
Mobitel-076-6585872,Mobile,+8550766585872
Mobitel-076-6585873,Mobile,+8550766585873
Mobitel-076-6585874,Mobile,+8550766585874
Mobitel-076-6585875,Mobile,+8550766585875
Mobitel-076-6585876,Mobile,+8550766585876
Mobitel-076-6585877,Mobile,+8550766585877
Mobitel-076-6585878,Mobile,+8550766585878
Mobitel-076-6585879,Mobile,+8550766585879
Mobitel-076-6585880,Mobile,+8550766585880
Mobitel-076-6585881,Mobile,+8550766585881
Mobitel-076-6585882,Mobile,+8550766585882
Mobitel-076-6585883,Mobile,+8550766585883
Mobitel-076-6585884,Mobile,+8550766585884
Mobitel-076-6585885,Mobile,+8550766585885
Mobitel-076-6585886,Mobile,+8550766585886
Mobitel-076-6585887,Mobile,+8550766585887
Mobitel-076-6585888,Mobile,+8550766585888
Mobitel-076-6585889,Mobile,+8550766585889
Mobitel-076-6585890,Mobile,+8550766585890
Mobitel-076-6585891,Mobile,+8550766585891
Mobitel-076-6585892,Mobile,+8550766585892
Mobitel-076-6585893,Mobile,+8550766585893
Mobitel-076-6585894,Mobile,+8550766585894
Mobitel-076-6585895,Mobile,+8550766585895
Mobitel-076-6585896,Mobile,+8550766585896
Mobitel-076-6585897,Mobile,+8550766585897
Mobitel-076-6585898,Mobile,+8550766585898
Mobitel-076-6585899,Mobile,+8550766585899
Mobitel-076-6585900,Mobile,+8550766585900
Mobitel-076-6585901,Mobile,+8550766585901
Mobitel-076-6585902,Mobile,+8550766585902
Mobitel-076-6585903,Mobile,+8550766585903
Mobitel-076-6585904,Mobile,+8550766585904
Mobitel-076-6585905,Mobile,+8550766585905
Mobitel-076-6585906,Mobile,+8550766585906
Mobitel-076-6585907,Mobile,+8550766585907
Mobitel-076-6585908,Mobile,+8550766585908
Mobitel-076-6585909,Mobile,+8550766585909
Mobitel-076-6585910,Mobile,+8550766585910
Mobitel-076-6585911,Mobile,+8550766585911
Mobitel-076-6585912,Mobile,+8550766585912
Mobitel-076-6585913,Mobile,+8550766585913
Mobitel-076-6585914,Mobile,+8550766585914
Mobitel-076-6585915,Mobile,+8550766585915
Mobitel-076-6585916,Mobile,+8550766585916
Mobitel-076-6585917,Mobile,+8550766585917
Mobitel-076-6585918,Mobile,+8550766585918
Mobitel-076-6585919,Mobile,+8550766585919
Mobitel-076-6585920,Mobile,+8550766585920
Mobitel-076-6585921,Mobile,+8550766585921
Mobitel-076-6585922,Mobile,+8550766585922
Mobitel-076-6585923,Mobile,+8550766585923
Mobitel-076-6585924,Mobile,+8550766585924
Mobitel-076-6585925,Mobile,+8550766585925
Mobitel-076-6585926,Mobile,+8550766585926
Mobitel-076-6585927,Mobile,+8550766585927
Mobitel-076-6585928,Mobile,+8550766585928
Mobitel-076-6585929,Mobile,+8550766585929
Mobitel-076-6585930,Mobile,+8550766585930
Mobitel-076-6585931,Mobile,+8550766585931
Mobitel-076-6585932,Mobile,+8550766585932
Mobitel-076-6585933,Mobile,+8550766585933
Mobitel-076-6585934,Mobile,+8550766585934
Mobitel-076-6585935,Mobile,+8550766585935
Mobitel-076-6585936,Mobile,+8550766585936
Mobitel-076-6585937,Mobile,+8550766585937
Mobitel-076-6585938,Mobile,+8550766585938
Mobitel-076-6585939,Mobile,+8550766585939
Mobitel-076-6585940,Mobile,+8550766585940
Mobitel-076-6585941,Mobile,+8550766585941
Mobitel-076-6585942,Mobile,+8550766585942
Mobitel-076-6585943,Mobile,+8550766585943
Mobitel-076-6585944,Mobile,+8550766585944
Mobitel-076-6585945,Mobile,+8550766585945
Mobitel-076-6585946,Mobile,+8550766585946
Mobitel-076-6585947,Mobile,+8550766585947
Mobitel-076-6585948,Mobile,+8550766585948
Mobitel-076-6585949,Mobile,+8550766585949
Mobitel-076-6585950,Mobile,+8550766585950
Mobitel-076-6585951,Mobile,+8550766585951
Mobitel-076-6585952,Mobile,+8550766585952
Mobitel-076-6585953,Mobile,+8550766585953
Mobitel-076-6585954,Mobile,+8550766585954
Mobitel-076-6585955,Mobile,+8550766585955
Mobitel-076-6585956,Mobile,+8550766585956
Mobitel-076-6585957,Mobile,+8550766585957
Mobitel-076-6585958,Mobile,+8550766585958
Mobitel-076-6585959,Mobile,+8550766585959
Mobitel-076-6585960,Mobile,+8550766585960
Mobitel-076-6585961,Mobile,+8550766585961
Mobitel-076-6585962,Mobile,+8550766585962
Mobitel-076-6585963,Mobile,+8550766585963
Mobitel-076-6585964,Mobile,+8550766585964
Mobitel-076-6585965,Mobile,+8550766585965
Mobitel-076-6585966,Mobile,+8550766585966
Mobitel-076-6585967,Mobile,+8550766585967
Mobitel-076-6585968,Mobile,+8550766585968
Mobitel-076-6585969,Mobile,+8550766585969
Mobitel-076-6585970,Mobile,+8550766585970
Mobitel-076-6585971,Mobile,+8550766585971
Mobitel-076-6585972,Mobile,+8550766585972
Mobitel-076-6585973,Mobile,+8550766585973
Mobitel-076-6585974,Mobile,+8550766585974
Mobitel-076-6585975,Mobile,+8550766585975
Mobitel-076-6585976,Mobile,+8550766585976
Mobitel-076-6585977,Mobile,+8550766585977
Mobitel-076-6585978,Mobile,+8550766585978
Mobitel-076-6585979,Mobile,+8550766585979
Mobitel-076-6585980,Mobile,+8550766585980
Mobitel-076-6585981,Mobile,+8550766585981
Mobitel-076-6585982,Mobile,+8550766585982
Mobitel-076-6585983,Mobile,+8550766585983
Mobitel-076-6585984,Mobile,+8550766585984
Mobitel-076-6585985,Mobile,+8550766585985
Mobitel-076-6585986,Mobile,+8550766585986
Mobitel-076-6585987,Mobile,+8550766585987
Mobitel-076-6585988,Mobile,+8550766585988
Mobitel-076-6585989,Mobile,+8550766585989
Mobitel-076-6585990,Mobile,+8550766585990
Mobitel-076-6585991,Mobile,+8550766585991
Mobitel-076-6585992,Mobile,+8550766585992
Mobitel-076-6585993,Mobile,+8550766585993
Mobitel-076-6585994,Mobile,+8550766585994
Mobitel-076-6585995,Mobile,+8550766585995
Mobitel-076-6585996,Mobile,+8550766585996
Mobitel-076-6585997,Mobile,+8550766585997
Mobitel-076-6585998,Mobile,+8550766585998
Mobitel-076-6585999,Mobile,+8550766585999
Mobitel-076-6586000,Mobile,+8550766586000
Mobitel-076-6586001,Mobile,+8550766586001
Mobitel-076-6586002,Mobile,+8550766586002
Mobitel-076-6586003,Mobile,+8550766586003
Mobitel-076-6586004,Mobile,+8550766586004
Mobitel-076-6586005,Mobile,+8550766586005
Mobitel-076-6586006,Mobile,+8550766586006
Mobitel-076-6586007,Mobile,+8550766586007
Mobitel-076-6586008,Mobile,+8550766586008
Mobitel-076-6586009,Mobile,+8550766586009
Mobitel-076-6586010,Mobile,+8550766586010
Mobitel-076-6586011,Mobile,+8550766586011
Mobitel-076-6586012,Mobile,+8550766586012
Mobitel-076-6586013,Mobile,+8550766586013
Mobitel-076-6586014,Mobile,+8550766586014
Mobitel-076-6586015,Mobile,+8550766586015
Mobitel-076-6586016,Mobile,+8550766586016
Mobitel-076-6586017,Mobile,+8550766586017
Mobitel-076-6586018,Mobile,+8550766586018
Mobitel-076-6586019,Mobile,+8550766586019
Mobitel-076-6586020,Mobile,+8550766586020
Mobitel-076-6586021,Mobile,+8550766586021
Mobitel-076-6586022,Mobile,+8550766586022
Mobitel-076-6586023,Mobile,+8550766586023
Mobitel-076-6586024,Mobile,+8550766586024
Mobitel-076-6586025,Mobile,+8550766586025
Mobitel-076-6586026,Mobile,+8550766586026
Mobitel-076-6586027,Mobile,+8550766586027
Mobitel-076-6586028,Mobile,+8550766586028
Mobitel-076-6586029,Mobile,+8550766586029
Mobitel-076-6586030,Mobile,+8550766586030
Mobitel-076-6586031,Mobile,+8550766586031
Mobitel-076-6586032,Mobile,+8550766586032
Mobitel-076-6586033,Mobile,+8550766586033
Mobitel-076-6586034,Mobile,+8550766586034
Mobitel-076-6586035,Mobile,+8550766586035
Mobitel-076-6586036,Mobile,+8550766586036
Mobitel-076-6586037,Mobile,+8550766586037
Mobitel-076-6586038,Mobile,+8550766586038
Mobitel-076-6586039,Mobile,+8550766586039
Mobitel-076-6586040,Mobile,+8550766586040
Mobitel-076-6586041,Mobile,+8550766586041
Mobitel-076-6586042,Mobile,+8550766586042
Mobitel-076-6586043,Mobile,+8550766586043
Mobitel-076-6586044,Mobile,+8550766586044
Mobitel-076-6586045,Mobile,+8550766586045
Mobitel-076-6586046,Mobile,+8550766586046
Mobitel-076-6586047,Mobile,+8550766586047
Mobitel-076-6586048,Mobile,+8550766586048
Mobitel-076-6586049,Mobile,+8550766586049
Mobitel-076-6586050,Mobile,+8550766586050
Mobitel-076-6586051,Mobile,+8550766586051
Mobitel-076-6586052,Mobile,+8550766586052
Mobitel-076-6586053,Mobile,+8550766586053
Mobitel-076-6586054,Mobile,+8550766586054
Mobitel-076-6586055,Mobile,+8550766586055
Mobitel-076-6586056,Mobile,+8550766586056
Mobitel-076-6586057,Mobile,+8550766586057
Mobitel-076-6586058,Mobile,+8550766586058
Mobitel-076-6586059,Mobile,+8550766586059
Mobitel-076-6586060,Mobile,+8550766586060
Mobitel-076-6586061,Mobile,+8550766586061
Mobitel-076-6586062,Mobile,+8550766586062
Mobitel-076-6586063,Mobile,+8550766586063
Mobitel-076-6586064,Mobile,+8550766586064
Mobitel-076-6586065,Mobile,+8550766586065
Mobitel-076-6586066,Mobile,+8550766586066
Mobitel-076-6586067,Mobile,+8550766586067
Mobitel-076-6586068,Mobile,+8550766586068
Mobitel-076-6586069,Mobile,+8550766586069
Mobitel-076-6586070,Mobile,+8550766586070
Mobitel-076-6586071,Mobile,+8550766586071
Mobitel-076-6586072,Mobile,+8550766586072
Mobitel-076-6586073,Mobile,+8550766586073
Mobitel-076-6586074,Mobile,+8550766586074
Mobitel-076-6586075,Mobile,+8550766586075
Mobitel-076-6586076,Mobile,+8550766586076
Mobitel-076-6586077,Mobile,+8550766586077
Mobitel-076-6586078,Mobile,+8550766586078
Mobitel-076-6586079,Mobile,+8550766586079
Mobitel-076-6586080,Mobile,+8550766586080
Mobitel-076-6586081,Mobile,+8550766586081
Mobitel-076-6586082,Mobile,+8550766586082
Mobitel-076-6586083,Mobile,+8550766586083
Mobitel-076-6586084,Mobile,+8550766586084
Mobitel-076-6586085,Mobile,+8550766586085
Mobitel-076-6586086,Mobile,+8550766586086
Mobitel-076-6586087,Mobile,+8550766586087
Mobitel-076-6586088,Mobile,+8550766586088
Mobitel-076-6586089,Mobile,+8550766586089
Mobitel-076-6586090,Mobile,+8550766586090
Mobitel-076-6586091,Mobile,+8550766586091
Mobitel-076-6586092,Mobile,+8550766586092
Mobitel-076-6586093,Mobile,+8550766586093
Mobitel-076-6586094,Mobile,+8550766586094
Mobitel-076-6586095,Mobile,+8550766586095
Mobitel-076-6586096,Mobile,+8550766586096
Mobitel-076-6586097,Mobile,+8550766586097
Mobitel-076-6586098,Mobile,+8550766586098
Mobitel-076-6586099,Mobile,+8550766586099
Mobitel-076-6586100,Mobile,+8550766586100
Mobitel-076-6586101,Mobile,+8550766586101
Mobitel-076-6586102,Mobile,+8550766586102
Mobitel-076-6586103,Mobile,+8550766586103
Mobitel-076-6586104,Mobile,+8550766586104
Mobitel-076-6586105,Mobile,+8550766586105
Mobitel-076-6586106,Mobile,+8550766586106
Mobitel-076-6586107,Mobile,+8550766586107
Mobitel-076-6586108,Mobile,+8550766586108
Mobitel-076-6586109,Mobile,+8550766586109
Mobitel-076-6586110,Mobile,+8550766586110
Mobitel-076-6586111,Mobile,+8550766586111
Mobitel-076-6586112,Mobile,+8550766586112
Mobitel-076-6586113,Mobile,+8550766586113
Mobitel-076-6586114,Mobile,+8550766586114
Mobitel-076-6586115,Mobile,+8550766586115
Mobitel-076-6586116,Mobile,+8550766586116
Mobitel-076-6586117,Mobile,+8550766586117
Mobitel-076-6586118,Mobile,+8550766586118
Mobitel-076-6586119,Mobile,+8550766586119
Mobitel-076-6586120,Mobile,+8550766586120
Mobitel-076-6586121,Mobile,+8550766586121
Mobitel-076-6586122,Mobile,+8550766586122
Mobitel-076-6586123,Mobile,+8550766586123
Mobitel-076-6586124,Mobile,+8550766586124
Mobitel-076-6586125,Mobile,+8550766586125
Mobitel-076-6586126,Mobile,+8550766586126
Mobitel-076-6586127,Mobile,+8550766586127
Mobitel-076-6586128,Mobile,+8550766586128
Mobitel-076-6586129,Mobile,+8550766586129
Mobitel-076-6586130,Mobile,+8550766586130
Mobitel-076-6586131,Mobile,+8550766586131
Mobitel-076-6586132,Mobile,+8550766586132
Mobitel-076-6586133,Mobile,+8550766586133
Mobitel-076-6586134,Mobile,+8550766586134
Mobitel-076-6586135,Mobile,+8550766586135
Mobitel-076-6586136,Mobile,+8550766586136
Mobitel-076-6586137,Mobile,+8550766586137
Mobitel-076-6586138,Mobile,+8550766586138
Mobitel-076-6586139,Mobile,+8550766586139
Mobitel-076-6586140,Mobile,+8550766586140
Mobitel-076-6586141,Mobile,+8550766586141
Mobitel-076-6586142,Mobile,+8550766586142
Mobitel-076-6586143,Mobile,+8550766586143
Mobitel-076-6586144,Mobile,+8550766586144
Mobitel-076-6586145,Mobile,+8550766586145
Mobitel-076-6586146,Mobile,+8550766586146
Mobitel-076-6586147,Mobile,+8550766586147
Mobitel-076-6586148,Mobile,+8550766586148
Mobitel-076-6586149,Mobile,+8550766586149
Mobitel-076-6586150,Mobile,+8550766586150
Mobitel-076-6586151,Mobile,+8550766586151
Mobitel-076-6586152,Mobile,+8550766586152
Mobitel-076-6586153,Mobile,+8550766586153
Mobitel-076-6586154,Mobile,+8550766586154
Mobitel-076-6586155,Mobile,+8550766586155
Mobitel-076-6586156,Mobile,+8550766586156
Mobitel-076-6586157,Mobile,+8550766586157
Mobitel-076-6586158,Mobile,+8550766586158
Mobitel-076-6586159,Mobile,+8550766586159
Mobitel-076-6586160,Mobile,+8550766586160
Mobitel-076-6586161,Mobile,+8550766586161
Mobitel-076-6586162,Mobile,+8550766586162
Mobitel-076-6586163,Mobile,+8550766586163
Mobitel-076-6586164,Mobile,+8550766586164
Mobitel-076-6586165,Mobile,+8550766586165
Mobitel-076-6586166,Mobile,+8550766586166
Mobitel-076-6586167,Mobile,+8550766586167
Mobitel-076-6586168,Mobile,+8550766586168
Mobitel-076-6586169,Mobile,+8550766586169
Mobitel-076-6586170,Mobile,+8550766586170
Mobitel-076-6586171,Mobile,+8550766586171
Mobitel-076-6586172,Mobile,+8550766586172
Mobitel-076-6586173,Mobile,+8550766586173
Mobitel-076-6586174,Mobile,+8550766586174
Mobitel-076-6586175,Mobile,+8550766586175
Mobitel-076-6586176,Mobile,+8550766586176
Mobitel-076-6586177,Mobile,+8550766586177
Mobitel-076-6586178,Mobile,+8550766586178
Mobitel-076-6586179,Mobile,+8550766586179
Mobitel-076-6586180,Mobile,+8550766586180
Mobitel-076-6586181,Mobile,+8550766586181
Mobitel-076-6586182,Mobile,+8550766586182
Mobitel-076-6586183,Mobile,+8550766586183
Mobitel-076-6586184,Mobile,+8550766586184
Mobitel-076-6586185,Mobile,+8550766586185
Mobitel-076-6586186,Mobile,+8550766586186
Mobitel-076-6586187,Mobile,+8550766586187
Mobitel-076-6586188,Mobile,+8550766586188
Mobitel-076-6586189,Mobile,+8550766586189
Mobitel-076-6586190,Mobile,+8550766586190
Mobitel-076-6586191,Mobile,+8550766586191
Mobitel-076-6586192,Mobile,+8550766586192
Mobitel-076-6586193,Mobile,+8550766586193
Mobitel-076-6586194,Mobile,+8550766586194
Mobitel-076-6586195,Mobile,+8550766586195
Mobitel-076-6586196,Mobile,+8550766586196
Mobitel-076-6586197,Mobile,+8550766586197
Mobitel-076-6586198,Mobile,+8550766586198
Mobitel-076-6586199,Mobile,+8550766586199
Mobitel-076-6586200,Mobile,+8550766586200
Mobitel-076-6586201,Mobile,+8550766586201
Mobitel-076-6586202,Mobile,+8550766586202
Mobitel-076-6586203,Mobile,+8550766586203
Mobitel-076-6586204,Mobile,+8550766586204
Mobitel-076-6586205,Mobile,+8550766586205
Mobitel-076-6586206,Mobile,+8550766586206
Mobitel-076-6586207,Mobile,+8550766586207
Mobitel-076-6586208,Mobile,+8550766586208
Mobitel-076-6586209,Mobile,+8550766586209
Mobitel-076-6586210,Mobile,+8550766586210
Mobitel-076-6586211,Mobile,+8550766586211
Mobitel-076-6586212,Mobile,+8550766586212
Mobitel-076-6586213,Mobile,+8550766586213
Mobitel-076-6586214,Mobile,+8550766586214
Mobitel-076-6586215,Mobile,+8550766586215
Mobitel-076-6586216,Mobile,+8550766586216
Mobitel-076-6586217,Mobile,+8550766586217
Mobitel-076-6586218,Mobile,+8550766586218
Mobitel-076-6586219,Mobile,+8550766586219
Mobitel-076-6586220,Mobile,+8550766586220
Mobitel-076-6586221,Mobile,+8550766586221
Mobitel-076-6586222,Mobile,+8550766586222
Mobitel-076-6586223,Mobile,+8550766586223
Mobitel-076-6586224,Mobile,+8550766586224
Mobitel-076-6586225,Mobile,+8550766586225
Mobitel-076-6586226,Mobile,+8550766586226
Mobitel-076-6586227,Mobile,+8550766586227
Mobitel-076-6586228,Mobile,+8550766586228
Mobitel-076-6586229,Mobile,+8550766586229
Mobitel-076-6586230,Mobile,+8550766586230
Mobitel-076-6586231,Mobile,+8550766586231
Mobitel-076-6586232,Mobile,+8550766586232
Mobitel-076-6586233,Mobile,+8550766586233
Mobitel-076-6586234,Mobile,+8550766586234
Mobitel-076-6586235,Mobile,+8550766586235
Mobitel-076-6586236,Mobile,+8550766586236
Mobitel-076-6586237,Mobile,+8550766586237
Mobitel-076-6586238,Mobile,+8550766586238
Mobitel-076-6586239,Mobile,+8550766586239
Mobitel-076-6586240,Mobile,+8550766586240
Mobitel-076-6586241,Mobile,+8550766586241
Mobitel-076-6586242,Mobile,+8550766586242
Mobitel-076-6586243,Mobile,+8550766586243
Mobitel-076-6586244,Mobile,+8550766586244
Mobitel-076-6586245,Mobile,+8550766586245
Mobitel-076-6586246,Mobile,+8550766586246
Mobitel-076-6586247,Mobile,+8550766586247
Mobitel-076-6586248,Mobile,+8550766586248
Mobitel-076-6586249,Mobile,+8550766586249
Mobitel-076-6586250,Mobile,+8550766586250
Mobitel-076-6586251,Mobile,+8550766586251
Mobitel-076-6586252,Mobile,+8550766586252
Mobitel-076-6586253,Mobile,+8550766586253
Mobitel-076-6586254,Mobile,+8550766586254
Mobitel-076-6586255,Mobile,+8550766586255
Mobitel-076-6586256,Mobile,+8550766586256
Mobitel-076-6586257,Mobile,+8550766586257
Mobitel-076-6586258,Mobile,+8550766586258
Mobitel-076-6586259,Mobile,+8550766586259
Mobitel-076-6586260,Mobile,+8550766586260
Mobitel-076-6586261,Mobile,+8550766586261
Mobitel-076-6586262,Mobile,+8550766586262
Mobitel-076-6586263,Mobile,+8550766586263
Mobitel-076-6586264,Mobile,+8550766586264
Mobitel-076-6586265,Mobile,+8550766586265
Mobitel-076-6586266,Mobile,+8550766586266
Mobitel-076-6586267,Mobile,+8550766586267
Mobitel-076-6586268,Mobile,+8550766586268
Mobitel-076-6586269,Mobile,+8550766586269
Mobitel-076-6586270,Mobile,+8550766586270
Mobitel-076-6586271,Mobile,+8550766586271
Mobitel-076-6586272,Mobile,+8550766586272
Mobitel-076-6586273,Mobile,+8550766586273
Mobitel-076-6586274,Mobile,+8550766586274
Mobitel-076-6586275,Mobile,+8550766586275
Mobitel-076-6586276,Mobile,+8550766586276
Mobitel-076-6586277,Mobile,+8550766586277
Mobitel-076-6586278,Mobile,+8550766586278
Mobitel-076-6586279,Mobile,+8550766586279
Mobitel-076-6586280,Mobile,+8550766586280
Mobitel-076-6586281,Mobile,+8550766586281
Mobitel-076-6586282,Mobile,+8550766586282
Mobitel-076-6586283,Mobile,+8550766586283
Mobitel-076-6586284,Mobile,+8550766586284
Mobitel-076-6586285,Mobile,+8550766586285
Mobitel-076-6586286,Mobile,+8550766586286
Mobitel-076-6586287,Mobile,+8550766586287
Mobitel-076-6586288,Mobile,+8550766586288
Mobitel-076-6586289,Mobile,+8550766586289
Mobitel-076-6586290,Mobile,+8550766586290
Mobitel-076-6586291,Mobile,+8550766586291
Mobitel-076-6586292,Mobile,+8550766586292
Mobitel-076-6586293,Mobile,+8550766586293
Mobitel-076-6586294,Mobile,+8550766586294
Mobitel-076-6586295,Mobile,+8550766586295
Mobitel-076-6586296,Mobile,+8550766586296
Mobitel-076-6586297,Mobile,+8550766586297
Mobitel-076-6586298,Mobile,+8550766586298
Mobitel-076-6586299,Mobile,+8550766586299
Mobitel-076-6586300,Mobile,+8550766586300
Mobitel-076-6586301,Mobile,+8550766586301
Mobitel-076-6586302,Mobile,+8550766586302
Mobitel-076-6586303,Mobile,+8550766586303
Mobitel-076-6586304,Mobile,+8550766586304
Mobitel-076-6586305,Mobile,+8550766586305
Mobitel-076-6586306,Mobile,+8550766586306
Mobitel-076-6586307,Mobile,+8550766586307
Mobitel-076-6586308,Mobile,+8550766586308
Mobitel-076-6586309,Mobile,+8550766586309
Mobitel-076-6586310,Mobile,+8550766586310
Mobitel-076-6586311,Mobile,+8550766586311
Mobitel-076-6586312,Mobile,+8550766586312
Mobitel-076-6586313,Mobile,+8550766586313
Mobitel-076-6586314,Mobile,+8550766586314
Mobitel-076-6586315,Mobile,+8550766586315
Mobitel-076-6586316,Mobile,+8550766586316
Mobitel-076-6586317,Mobile,+8550766586317
Mobitel-076-6586318,Mobile,+8550766586318
Mobitel-076-6586319,Mobile,+8550766586319
Mobitel-076-6586320,Mobile,+8550766586320
Mobitel-076-6586321,Mobile,+8550766586321
Mobitel-076-6586322,Mobile,+8550766586322
Mobitel-076-6586323,Mobile,+8550766586323
Mobitel-076-6586324,Mobile,+8550766586324
Mobitel-076-6586325,Mobile,+8550766586325
Mobitel-076-6586326,Mobile,+8550766586326
Mobitel-076-6586327,Mobile,+8550766586327
Mobitel-076-6586328,Mobile,+8550766586328
Mobitel-076-6586329,Mobile,+8550766586329
Mobitel-076-6586330,Mobile,+8550766586330
Mobitel-076-6586331,Mobile,+8550766586331
Mobitel-076-6586332,Mobile,+8550766586332
Mobitel-076-6586333,Mobile,+8550766586333
Mobitel-076-6586334,Mobile,+8550766586334
Mobitel-076-6586335,Mobile,+8550766586335
Mobitel-076-6586336,Mobile,+8550766586336
Mobitel-076-6586337,Mobile,+8550766586337
Mobitel-076-6586338,Mobile,+8550766586338
Mobitel-076-6586339,Mobile,+8550766586339
Mobitel-076-6586340,Mobile,+8550766586340
Mobitel-076-6586341,Mobile,+8550766586341
Mobitel-076-6586342,Mobile,+8550766586342
Mobitel-076-6586343,Mobile,+8550766586343
Mobitel-076-6586344,Mobile,+8550766586344
Mobitel-076-6586345,Mobile,+8550766586345
Mobitel-076-6586346,Mobile,+8550766586346
Mobitel-076-6586347,Mobile,+8550766586347
Mobitel-076-6586348,Mobile,+8550766586348
Mobitel-076-6586349,Mobile,+8550766586349
Mobitel-076-6586350,Mobile,+8550766586350
Mobitel-076-6586351,Mobile,+8550766586351
Mobitel-076-6586352,Mobile,+8550766586352
Mobitel-076-6586353,Mobile,+8550766586353
Mobitel-076-6586354,Mobile,+8550766586354
Mobitel-076-6586355,Mobile,+8550766586355
Mobitel-076-6586356,Mobile,+8550766586356
Mobitel-076-6586357,Mobile,+8550766586357
Mobitel-076-6586358,Mobile,+8550766586358
Mobitel-076-6586359,Mobile,+8550766586359
Mobitel-076-6586360,Mobile,+8550766586360
Mobitel-076-6586361,Mobile,+8550766586361
Mobitel-076-6586362,Mobile,+8550766586362
Mobitel-076-6586363,Mobile,+8550766586363
Mobitel-076-6586364,Mobile,+8550766586364
Mobitel-076-6586365,Mobile,+8550766586365
Mobitel-076-6586366,Mobile,+8550766586366
Mobitel-076-6586367,Mobile,+8550766586367
Mobitel-076-6586368,Mobile,+8550766586368
Mobitel-076-6586369,Mobile,+8550766586369
Mobitel-076-6586370,Mobile,+8550766586370
Mobitel-076-6586371,Mobile,+8550766586371
Mobitel-076-6586372,Mobile,+8550766586372
Mobitel-076-6586373,Mobile,+8550766586373
Mobitel-076-6586374,Mobile,+8550766586374
Mobitel-076-6586375,Mobile,+8550766586375
Mobitel-076-6586376,Mobile,+8550766586376
Mobitel-076-6586377,Mobile,+8550766586377
Mobitel-076-6586378,Mobile,+8550766586378
Mobitel-076-6586379,Mobile,+8550766586379
Mobitel-076-6586380,Mobile,+8550766586380
Mobitel-076-6586381,Mobile,+8550766586381
Mobitel-076-6586382,Mobile,+8550766586382
Mobitel-076-6586383,Mobile,+8550766586383
Mobitel-076-6586384,Mobile,+8550766586384
Mobitel-076-6586385,Mobile,+8550766586385
Mobitel-076-6586386,Mobile,+8550766586386
Mobitel-076-6586387,Mobile,+8550766586387
Mobitel-076-6586388,Mobile,+8550766586388
Mobitel-076-6586389,Mobile,+8550766586389
Mobitel-076-6586390,Mobile,+8550766586390
Mobitel-076-6586391,Mobile,+8550766586391
Mobitel-076-6586392,Mobile,+8550766586392
Mobitel-076-6586393,Mobile,+8550766586393
Mobitel-076-6586394,Mobile,+8550766586394
Mobitel-076-6586395,Mobile,+8550766586395
Mobitel-076-6586396,Mobile,+8550766586396
Mobitel-076-6586397,Mobile,+8550766586397
Mobitel-076-6586398,Mobile,+8550766586398
Mobitel-076-6586399,Mobile,+8550766586399
Mobitel-076-6586400,Mobile,+8550766586400
Mobitel-076-6586401,Mobile,+8550766586401
Mobitel-076-6586402,Mobile,+8550766586402
Mobitel-076-6586403,Mobile,+8550766586403
Mobitel-076-6586404,Mobile,+8550766586404
Mobitel-076-6586405,Mobile,+8550766586405
Mobitel-076-6586406,Mobile,+8550766586406
Mobitel-076-6586407,Mobile,+8550766586407
Mobitel-076-6586408,Mobile,+8550766586408
Mobitel-076-6586409,Mobile,+8550766586409
Mobitel-076-6586410,Mobile,+8550766586410
Mobitel-076-6586411,Mobile,+8550766586411
Mobitel-076-6586412,Mobile,+8550766586412
Mobitel-076-6586413,Mobile,+8550766586413
Mobitel-076-6586414,Mobile,+8550766586414
Mobitel-076-6586415,Mobile,+8550766586415
Mobitel-076-6586416,Mobile,+8550766586416
Mobitel-076-6586417,Mobile,+8550766586417
Mobitel-076-6586418,Mobile,+8550766586418
Mobitel-076-6586419,Mobile,+8550766586419
Mobitel-076-6586420,Mobile,+8550766586420
Mobitel-076-6586421,Mobile,+8550766586421
Mobitel-076-6586422,Mobile,+8550766586422
Mobitel-076-6586423,Mobile,+8550766586423
Mobitel-076-6586424,Mobile,+8550766586424
Mobitel-076-6586425,Mobile,+8550766586425
Mobitel-076-6586426,Mobile,+8550766586426
Mobitel-076-6586427,Mobile,+8550766586427
Mobitel-076-6586428,Mobile,+8550766586428
Mobitel-076-6586429,Mobile,+8550766586429
Mobitel-076-6586430,Mobile,+8550766586430
Mobitel-076-6586431,Mobile,+8550766586431
Mobitel-076-6586432,Mobile,+8550766586432
Mobitel-076-6586433,Mobile,+8550766586433
Mobitel-076-6586434,Mobile,+8550766586434
Mobitel-076-6586435,Mobile,+8550766586435
Mobitel-076-6586436,Mobile,+8550766586436
Mobitel-076-6586437,Mobile,+8550766586437
Mobitel-076-6586438,Mobile,+8550766586438
Mobitel-076-6586439,Mobile,+8550766586439
Mobitel-076-6586440,Mobile,+8550766586440
Mobitel-076-6586441,Mobile,+8550766586441
Mobitel-076-6586442,Mobile,+8550766586442
Mobitel-076-6586443,Mobile,+8550766586443
Mobitel-076-6586444,Mobile,+8550766586444
Mobitel-076-6586445,Mobile,+8550766586445
Mobitel-076-6586446,Mobile,+8550766586446
Mobitel-076-6586447,Mobile,+8550766586447
Mobitel-076-6586448,Mobile,+8550766586448
Mobitel-076-6586449,Mobile,+8550766586449
Mobitel-076-6586450,Mobile,+8550766586450
Mobitel-076-6586451,Mobile,+8550766586451
Mobitel-076-6586452,Mobile,+8550766586452
Mobitel-076-6586453,Mobile,+8550766586453
Mobitel-076-6586454,Mobile,+8550766586454
Mobitel-076-6586455,Mobile,+8550766586455
Mobitel-076-6586456,Mobile,+8550766586456
Mobitel-076-6586457,Mobile,+8550766586457
Mobitel-076-6586458,Mobile,+8550766586458
Mobitel-076-6586459,Mobile,+8550766586459
Mobitel-076-6586460,Mobile,+8550766586460
Mobitel-076-6586461,Mobile,+8550766586461
Mobitel-076-6586462,Mobile,+8550766586462
Mobitel-076-6586463,Mobile,+8550766586463
Mobitel-076-6586464,Mobile,+8550766586464
Mobitel-076-6586465,Mobile,+8550766586465
Mobitel-076-6586466,Mobile,+8550766586466
Mobitel-076-6586467,Mobile,+8550766586467
Mobitel-076-6586468,Mobile,+8550766586468
Mobitel-076-6586469,Mobile,+8550766586469
Mobitel-076-6586470,Mobile,+8550766586470
Mobitel-076-6586471,Mobile,+8550766586471
Mobitel-076-6586472,Mobile,+8550766586472
Mobitel-076-6586473,Mobile,+8550766586473
Mobitel-076-6586474,Mobile,+8550766586474
Mobitel-076-6586475,Mobile,+8550766586475
Mobitel-076-6586476,Mobile,+8550766586476
Mobitel-076-6586477,Mobile,+8550766586477
Mobitel-076-6586478,Mobile,+8550766586478
Mobitel-076-6586479,Mobile,+8550766586479
Mobitel-076-6586480,Mobile,+8550766586480
Mobitel-076-6586481,Mobile,+8550766586481
Mobitel-076-6586482,Mobile,+8550766586482
Mobitel-076-6586483,Mobile,+8550766586483
Mobitel-076-6586484,Mobile,+8550766586484
Mobitel-076-6586485,Mobile,+8550766586485
Mobitel-076-6586486,Mobile,+8550766586486
Mobitel-076-6586487,Mobile,+8550766586487
Mobitel-076-6586488,Mobile,+8550766586488
Mobitel-076-6586489,Mobile,+8550766586489
Mobitel-076-6586490,Mobile,+8550766586490
Mobitel-076-6586491,Mobile,+8550766586491
Mobitel-076-6586492,Mobile,+8550766586492
Mobitel-076-6586493,Mobile,+8550766586493
Mobitel-076-6586494,Mobile,+8550766586494
Mobitel-076-6586495,Mobile,+8550766586495
Mobitel-076-6586496,Mobile,+8550766586496
Mobitel-076-6586497,Mobile,+8550766586497
Mobitel-076-6586498,Mobile,+8550766586498
Mobitel-076-6586499,Mobile,+8550766586499
Mobitel-076-6586500,Mobile,+8550766586500
Mobitel-076-6586501,Mobile,+8550766586501
Mobitel-076-6586502,Mobile,+8550766586502
Mobitel-076-6586503,Mobile,+8550766586503
Mobitel-076-6586504,Mobile,+8550766586504
Mobitel-076-6586505,Mobile,+8550766586505
Mobitel-076-6586506,Mobile,+8550766586506
Mobitel-076-6586507,Mobile,+8550766586507
Mobitel-076-6586508,Mobile,+8550766586508
Mobitel-076-6586509,Mobile,+8550766586509
Mobitel-076-6586510,Mobile,+8550766586510
Mobitel-076-6586511,Mobile,+8550766586511
Mobitel-076-6586512,Mobile,+8550766586512
Mobitel-076-6586513,Mobile,+8550766586513
Mobitel-076-6586514,Mobile,+8550766586514
Mobitel-076-6586515,Mobile,+8550766586515
Mobitel-076-6586516,Mobile,+8550766586516
Mobitel-076-6586517,Mobile,+8550766586517
Mobitel-076-6586518,Mobile,+8550766586518
Mobitel-076-6586519,Mobile,+8550766586519
Mobitel-076-6586520,Mobile,+8550766586520
Mobitel-076-6586521,Mobile,+8550766586521
Mobitel-076-6586522,Mobile,+8550766586522
Mobitel-076-6586523,Mobile,+8550766586523
Mobitel-076-6586524,Mobile,+8550766586524
Mobitel-076-6586525,Mobile,+8550766586525
Mobitel-076-6586526,Mobile,+8550766586526
Mobitel-076-6586527,Mobile,+8550766586527
Mobitel-076-6586528,Mobile,+8550766586528
Mobitel-076-6586529,Mobile,+8550766586529
Mobitel-076-6586530,Mobile,+8550766586530
Mobitel-076-6586531,Mobile,+8550766586531
Mobitel-076-6586532,Mobile,+8550766586532
Mobitel-076-6586533,Mobile,+8550766586533
Mobitel-076-6586534,Mobile,+8550766586534
Mobitel-076-6586535,Mobile,+8550766586535
Mobitel-076-6586536,Mobile,+8550766586536
Mobitel-076-6586537,Mobile,+8550766586537
Mobitel-076-6586538,Mobile,+8550766586538
Mobitel-076-6586539,Mobile,+8550766586539
Mobitel-076-6586540,Mobile,+8550766586540
Mobitel-076-6586541,Mobile,+8550766586541
Mobitel-076-6586542,Mobile,+8550766586542
Mobitel-076-6586543,Mobile,+8550766586543
Mobitel-076-6586544,Mobile,+8550766586544
Mobitel-076-6586545,Mobile,+8550766586545
Mobitel-076-6586546,Mobile,+8550766586546
Mobitel-076-6586547,Mobile,+8550766586547
Mobitel-076-6586548,Mobile,+8550766586548
Mobitel-076-6586549,Mobile,+8550766586549
Mobitel-076-6586550,Mobile,+8550766586550
Mobitel-076-6586551,Mobile,+8550766586551
Mobitel-076-6586552,Mobile,+8550766586552
Mobitel-076-6586553,Mobile,+8550766586553
Mobitel-076-6586554,Mobile,+8550766586554
Mobitel-076-6586555,Mobile,+8550766586555
Mobitel-076-6586556,Mobile,+8550766586556
Mobitel-076-6586557,Mobile,+8550766586557
Mobitel-076-6586558,Mobile,+8550766586558
Mobitel-076-6586559,Mobile,+8550766586559
Mobitel-076-6586560,Mobile,+8550766586560
Mobitel-076-6586561,Mobile,+8550766586561
Mobitel-076-6586562,Mobile,+8550766586562
Mobitel-076-6586563,Mobile,+8550766586563
Mobitel-076-6586564,Mobile,+8550766586564
Mobitel-076-6586565,Mobile,+8550766586565
Mobitel-076-6586566,Mobile,+8550766586566
Mobitel-076-6586567,Mobile,+8550766586567
Mobitel-076-6586568,Mobile,+8550766586568
Mobitel-076-6586569,Mobile,+8550766586569
Mobitel-076-6586570,Mobile,+8550766586570
Mobitel-076-6586571,Mobile,+8550766586571
Mobitel-076-6586572,Mobile,+8550766586572
Mobitel-076-6586573,Mobile,+8550766586573
Mobitel-076-6586574,Mobile,+8550766586574
Mobitel-076-6586575,Mobile,+8550766586575
Mobitel-076-6586576,Mobile,+8550766586576
Mobitel-076-6586577,Mobile,+8550766586577
Mobitel-076-6586578,Mobile,+8550766586578
Mobitel-076-6586579,Mobile,+8550766586579
Mobitel-076-6586580,Mobile,+8550766586580
Mobitel-076-6586581,Mobile,+8550766586581
Mobitel-076-6586582,Mobile,+8550766586582
Mobitel-076-6586583,Mobile,+8550766586583
Mobitel-076-6586584,Mobile,+8550766586584
Mobitel-076-6586585,Mobile,+8550766586585
Mobitel-076-6586586,Mobile,+8550766586586
Mobitel-076-6586587,Mobile,+8550766586587
Mobitel-076-6586588,Mobile,+8550766586588
Mobitel-076-6586589,Mobile,+8550766586589
Mobitel-076-6586590,Mobile,+8550766586590
Mobitel-076-6586591,Mobile,+8550766586591
Mobitel-076-6586592,Mobile,+8550766586592
Mobitel-076-6586593,Mobile,+8550766586593
Mobitel-076-6586594,Mobile,+8550766586594
Mobitel-076-6586595,Mobile,+8550766586595
Mobitel-076-6586596,Mobile,+8550766586596
Mobitel-076-6586597,Mobile,+8550766586597
Mobitel-076-6586598,Mobile,+8550766586598
Mobitel-076-6586599,Mobile,+8550766586599
Mobitel-076-6586600,Mobile,+8550766586600
Mobitel-076-6586601,Mobile,+8550766586601
Mobitel-076-6586602,Mobile,+8550766586602
Mobitel-076-6586603,Mobile,+8550766586603
Mobitel-076-6586604,Mobile,+8550766586604
Mobitel-076-6586605,Mobile,+8550766586605
Mobitel-076-6586606,Mobile,+8550766586606
Mobitel-076-6586607,Mobile,+8550766586607
Mobitel-076-6586608,Mobile,+8550766586608
Mobitel-076-6586609,Mobile,+8550766586609
Mobitel-076-6586610,Mobile,+8550766586610
Mobitel-076-6586611,Mobile,+8550766586611
Mobitel-076-6586612,Mobile,+8550766586612
Mobitel-076-6586613,Mobile,+8550766586613
Mobitel-076-6586614,Mobile,+8550766586614
Mobitel-076-6586615,Mobile,+8550766586615
Mobitel-076-6586616,Mobile,+8550766586616
Mobitel-076-6586617,Mobile,+8550766586617
Mobitel-076-6586618,Mobile,+8550766586618
Mobitel-076-6586619,Mobile,+8550766586619
Mobitel-076-6586620,Mobile,+8550766586620
Mobitel-076-6586621,Mobile,+8550766586621
Mobitel-076-6586622,Mobile,+8550766586622
Mobitel-076-6586623,Mobile,+8550766586623
Mobitel-076-6586624,Mobile,+8550766586624
Mobitel-076-6586625,Mobile,+8550766586625
Mobitel-076-6586626,Mobile,+8550766586626
Mobitel-076-6586627,Mobile,+8550766586627
Mobitel-076-6586628,Mobile,+8550766586628
Mobitel-076-6586629,Mobile,+8550766586629
Mobitel-076-6586630,Mobile,+8550766586630
Mobitel-076-6586631,Mobile,+8550766586631
Mobitel-076-6586632,Mobile,+8550766586632
Mobitel-076-6586633,Mobile,+8550766586633
Mobitel-076-6586634,Mobile,+8550766586634
Mobitel-076-6586635,Mobile,+8550766586635
Mobitel-076-6586636,Mobile,+8550766586636
Mobitel-076-6586637,Mobile,+8550766586637
Mobitel-076-6586638,Mobile,+8550766586638
Mobitel-076-6586639,Mobile,+8550766586639
Mobitel-076-6586640,Mobile,+8550766586640
Mobitel-076-6586641,Mobile,+8550766586641
Mobitel-076-6586642,Mobile,+8550766586642
Mobitel-076-6586643,Mobile,+8550766586643
Mobitel-076-6586644,Mobile,+8550766586644
Mobitel-076-6586645,Mobile,+8550766586645
Mobitel-076-6586646,Mobile,+8550766586646
Mobitel-076-6586647,Mobile,+8550766586647
Mobitel-076-6586648,Mobile,+8550766586648
Mobitel-076-6586649,Mobile,+8550766586649
Mobitel-076-6586650,Mobile,+8550766586650
Mobitel-076-6586651,Mobile,+8550766586651
Mobitel-076-6586652,Mobile,+8550766586652
Mobitel-076-6586653,Mobile,+8550766586653
Mobitel-076-6586654,Mobile,+8550766586654
Mobitel-076-6586655,Mobile,+8550766586655
Mobitel-076-6586656,Mobile,+8550766586656
Mobitel-076-6586657,Mobile,+8550766586657
Mobitel-076-6586658,Mobile,+8550766586658
Mobitel-076-6586659,Mobile,+8550766586659
Mobitel-076-6586660,Mobile,+8550766586660
Mobitel-076-6586661,Mobile,+8550766586661
Mobitel-076-6586662,Mobile,+8550766586662
Mobitel-076-6586663,Mobile,+8550766586663
Mobitel-076-6586664,Mobile,+8550766586664
Mobitel-076-6586665,Mobile,+8550766586665
Mobitel-076-6586666,Mobile,+8550766586666
Mobitel-076-6586667,Mobile,+8550766586667
Mobitel-076-6586668,Mobile,+8550766586668
Mobitel-076-6586669,Mobile,+8550766586669
Mobitel-076-6586670,Mobile,+8550766586670
Mobitel-076-6586671,Mobile,+8550766586671
Mobitel-076-6586672,Mobile,+8550766586672
Mobitel-076-6586673,Mobile,+8550766586673
Mobitel-076-6586674,Mobile,+8550766586674
Mobitel-076-6586675,Mobile,+8550766586675
Mobitel-076-6586676,Mobile,+8550766586676
Mobitel-076-6586677,Mobile,+8550766586677
Mobitel-076-6586678,Mobile,+8550766586678
Mobitel-076-6586679,Mobile,+8550766586679
Mobitel-076-6586680,Mobile,+8550766586680
Mobitel-076-6586681,Mobile,+8550766586681
Mobitel-076-6586682,Mobile,+8550766586682
Mobitel-076-6586683,Mobile,+8550766586683
Mobitel-076-6586684,Mobile,+8550766586684
Mobitel-076-6586685,Mobile,+8550766586685
Mobitel-076-6586686,Mobile,+8550766586686
Mobitel-076-6586687,Mobile,+8550766586687
Mobitel-076-6586688,Mobile,+8550766586688
Mobitel-076-6586689,Mobile,+8550766586689
Mobitel-076-6586690,Mobile,+8550766586690
Mobitel-076-6586691,Mobile,+8550766586691
Mobitel-076-6586692,Mobile,+8550766586692
Mobitel-076-6586693,Mobile,+8550766586693
Mobitel-076-6586694,Mobile,+8550766586694
Mobitel-076-6586695,Mobile,+8550766586695
Mobitel-076-6586696,Mobile,+8550766586696
Mobitel-076-6586697,Mobile,+8550766586697
Mobitel-076-6586698,Mobile,+8550766586698
Mobitel-076-6586699,Mobile,+8550766586699
Mobitel-076-6586700,Mobile,+8550766586700
Mobitel-076-6586701,Mobile,+8550766586701
Mobitel-076-6586702,Mobile,+8550766586702
Mobitel-076-6586703,Mobile,+8550766586703
Mobitel-076-6586704,Mobile,+8550766586704
Mobitel-076-6586705,Mobile,+8550766586705
Mobitel-076-6586706,Mobile,+8550766586706
Mobitel-076-6586707,Mobile,+8550766586707
Mobitel-076-6586708,Mobile,+8550766586708
Mobitel-076-6586709,Mobile,+8550766586709
Mobitel-076-6586710,Mobile,+8550766586710
Mobitel-076-6586711,Mobile,+8550766586711
Mobitel-076-6586712,Mobile,+8550766586712
Mobitel-076-6586713,Mobile,+8550766586713
Mobitel-076-6586714,Mobile,+8550766586714
Mobitel-076-6586715,Mobile,+8550766586715
Mobitel-076-6586716,Mobile,+8550766586716
Mobitel-076-6586717,Mobile,+8550766586717
Mobitel-076-6586718,Mobile,+8550766586718
Mobitel-076-6586719,Mobile,+8550766586719
Mobitel-076-6586720,Mobile,+8550766586720
Mobitel-076-6586721,Mobile,+8550766586721
Mobitel-076-6586722,Mobile,+8550766586722
Mobitel-076-6586723,Mobile,+8550766586723
Mobitel-076-6586724,Mobile,+8550766586724
Mobitel-076-6586725,Mobile,+8550766586725
Mobitel-076-6586726,Mobile,+8550766586726
Mobitel-076-6586727,Mobile,+8550766586727
Mobitel-076-6586728,Mobile,+8550766586728
Mobitel-076-6586729,Mobile,+8550766586729
Mobitel-076-6586730,Mobile,+8550766586730
Mobitel-076-6586731,Mobile,+8550766586731
Mobitel-076-6586732,Mobile,+8550766586732
Mobitel-076-6586733,Mobile,+8550766586733
Mobitel-076-6586734,Mobile,+8550766586734
Mobitel-076-6586735,Mobile,+8550766586735
Mobitel-076-6586736,Mobile,+8550766586736
Mobitel-076-6586737,Mobile,+8550766586737
Mobitel-076-6586738,Mobile,+8550766586738
Mobitel-076-6586739,Mobile,+8550766586739
Mobitel-076-6586740,Mobile,+8550766586740
Mobitel-076-6586741,Mobile,+8550766586741
Mobitel-076-6586742,Mobile,+8550766586742
Mobitel-076-6586743,Mobile,+8550766586743
Mobitel-076-6586744,Mobile,+8550766586744
Mobitel-076-6586745,Mobile,+8550766586745
Mobitel-076-6586746,Mobile,+8550766586746
Mobitel-076-6586747,Mobile,+8550766586747
Mobitel-076-6586748,Mobile,+8550766586748
Mobitel-076-6586749,Mobile,+8550766586749
Mobitel-076-6586750,Mobile,+8550766586750
Mobitel-076-6586751,Mobile,+8550766586751
Mobitel-076-6586752,Mobile,+8550766586752
Mobitel-076-6586753,Mobile,+8550766586753
Mobitel-076-6586754,Mobile,+8550766586754
Mobitel-076-6586755,Mobile,+8550766586755
Mobitel-076-6586756,Mobile,+8550766586756
Mobitel-076-6586757,Mobile,+8550766586757
Mobitel-076-6586758,Mobile,+8550766586758
Mobitel-076-6586759,Mobile,+8550766586759
Mobitel-076-6586760,Mobile,+8550766586760
Mobitel-076-6586761,Mobile,+8550766586761
Mobitel-076-6586762,Mobile,+8550766586762
Mobitel-076-6586763,Mobile,+8550766586763
Mobitel-076-6586764,Mobile,+8550766586764
Mobitel-076-6586765,Mobile,+8550766586765
Mobitel-076-6586766,Mobile,+8550766586766
Mobitel-076-6586767,Mobile,+8550766586767
Mobitel-076-6586768,Mobile,+8550766586768
Mobitel-076-6586769,Mobile,+8550766586769
Mobitel-076-6586770,Mobile,+8550766586770
Mobitel-076-6586771,Mobile,+8550766586771
Mobitel-076-6586772,Mobile,+8550766586772
Mobitel-076-6586773,Mobile,+8550766586773
Mobitel-076-6586774,Mobile,+8550766586774
Mobitel-076-6586775,Mobile,+8550766586775
Mobitel-076-6586776,Mobile,+8550766586776
Mobitel-076-6586777,Mobile,+8550766586777
Mobitel-076-6586778,Mobile,+8550766586778
Mobitel-076-6586779,Mobile,+8550766586779
Mobitel-076-6586780,Mobile,+8550766586780
Mobitel-076-6586781,Mobile,+8550766586781
Mobitel-076-6586782,Mobile,+8550766586782
Mobitel-076-6586783,Mobile,+8550766586783
Mobitel-076-6586784,Mobile,+8550766586784
Mobitel-076-6586785,Mobile,+8550766586785
Mobitel-076-6586786,Mobile,+8550766586786
Mobitel-076-6586787,Mobile,+8550766586787
Mobitel-076-6586788,Mobile,+8550766586788
Mobitel-076-6586789,Mobile,+8550766586789
Mobitel-076-6586790,Mobile,+8550766586790
Mobitel-076-6586791,Mobile,+8550766586791
Mobitel-076-6586792,Mobile,+8550766586792
Mobitel-076-6586793,Mobile,+8550766586793
Mobitel-076-6586794,Mobile,+8550766586794
Mobitel-076-6586795,Mobile,+8550766586795
Mobitel-076-6586796,Mobile,+8550766586796
Mobitel-076-6586797,Mobile,+8550766586797
Mobitel-076-6586798,Mobile,+8550766586798
Mobitel-076-6586799,Mobile,+8550766586799
Mobitel-076-6586800,Mobile,+8550766586800
Mobitel-076-6586801,Mobile,+8550766586801
Mobitel-076-6586802,Mobile,+8550766586802
Mobitel-076-6586803,Mobile,+8550766586803
Mobitel-076-6586804,Mobile,+8550766586804
Mobitel-076-6586805,Mobile,+8550766586805
Mobitel-076-6586806,Mobile,+8550766586806
Mobitel-076-6586807,Mobile,+8550766586807
Mobitel-076-6586808,Mobile,+8550766586808
Mobitel-076-6586809,Mobile,+8550766586809
Mobitel-076-6586810,Mobile,+8550766586810
Mobitel-076-6586811,Mobile,+8550766586811
Mobitel-076-6586812,Mobile,+8550766586812
Mobitel-076-6586813,Mobile,+8550766586813
Mobitel-076-6586814,Mobile,+8550766586814
Mobitel-076-6586815,Mobile,+8550766586815
Mobitel-076-6586816,Mobile,+8550766586816
Mobitel-076-6586817,Mobile,+8550766586817
Mobitel-076-6586818,Mobile,+8550766586818
Mobitel-076-6586819,Mobile,+8550766586819
Mobitel-076-6586820,Mobile,+8550766586820
Mobitel-076-6586821,Mobile,+8550766586821
Mobitel-076-6586822,Mobile,+8550766586822
Mobitel-076-6586823,Mobile,+8550766586823
Mobitel-076-6586824,Mobile,+8550766586824
Mobitel-076-6586825,Mobile,+8550766586825
Mobitel-076-6586826,Mobile,+8550766586826
Mobitel-076-6586827,Mobile,+8550766586827
Mobitel-076-6586828,Mobile,+8550766586828
Mobitel-076-6586829,Mobile,+8550766586829
Mobitel-076-6586830,Mobile,+8550766586830
Mobitel-076-6586831,Mobile,+8550766586831
Mobitel-076-6586832,Mobile,+8550766586832
Mobitel-076-6586833,Mobile,+8550766586833
Mobitel-076-6586834,Mobile,+8550766586834
Mobitel-076-6586835,Mobile,+8550766586835
Mobitel-076-6586836,Mobile,+8550766586836
Mobitel-076-6586837,Mobile,+8550766586837
Mobitel-076-6586838,Mobile,+8550766586838
Mobitel-076-6586839,Mobile,+8550766586839
Mobitel-076-6586840,Mobile,+8550766586840
Mobitel-076-6586841,Mobile,+8550766586841
Mobitel-076-6586842,Mobile,+8550766586842
Mobitel-076-6586843,Mobile,+8550766586843
Mobitel-076-6586844,Mobile,+8550766586844
Mobitel-076-6586845,Mobile,+8550766586845
Mobitel-076-6586846,Mobile,+8550766586846
Mobitel-076-6586847,Mobile,+8550766586847
Mobitel-076-6586848,Mobile,+8550766586848
Mobitel-076-6586849,Mobile,+8550766586849
Mobitel-076-6586850,Mobile,+8550766586850
Mobitel-076-6586851,Mobile,+8550766586851
Mobitel-076-6586852,Mobile,+8550766586852
Mobitel-076-6586853,Mobile,+8550766586853
Mobitel-076-6586854,Mobile,+8550766586854
Mobitel-076-6586855,Mobile,+8550766586855
Mobitel-076-6586856,Mobile,+8550766586856
Mobitel-076-6586857,Mobile,+8550766586857
Mobitel-076-6586858,Mobile,+8550766586858
Mobitel-076-6586859,Mobile,+8550766586859
Mobitel-076-6586860,Mobile,+8550766586860
Mobitel-076-6586861,Mobile,+8550766586861
Mobitel-076-6586862,Mobile,+8550766586862
Mobitel-076-6586863,Mobile,+8550766586863
Mobitel-076-6586864,Mobile,+8550766586864
Mobitel-076-6586865,Mobile,+8550766586865
Mobitel-076-6586866,Mobile,+8550766586866
Mobitel-076-6586867,Mobile,+8550766586867
Mobitel-076-6586868,Mobile,+8550766586868
Mobitel-076-6586869,Mobile,+8550766586869
Mobitel-076-6586870,Mobile,+8550766586870
Mobitel-076-6586871,Mobile,+8550766586871
Mobitel-076-6586872,Mobile,+8550766586872
Mobitel-076-6586873,Mobile,+8550766586873
Mobitel-076-6586874,Mobile,+8550766586874
Mobitel-076-6586875,Mobile,+8550766586875
Mobitel-076-6586876,Mobile,+8550766586876
Mobitel-076-6586877,Mobile,+8550766586877
Mobitel-076-6586878,Mobile,+8550766586878
Mobitel-076-6586879,Mobile,+8550766586879
Mobitel-076-6586880,Mobile,+8550766586880
Mobitel-076-6586881,Mobile,+8550766586881
Mobitel-076-6586882,Mobile,+8550766586882
Mobitel-076-6586883,Mobile,+8550766586883
Mobitel-076-6586884,Mobile,+8550766586884
Mobitel-076-6586885,Mobile,+8550766586885
Mobitel-076-6586886,Mobile,+8550766586886
Mobitel-076-6586887,Mobile,+8550766586887
Mobitel-076-6586888,Mobile,+8550766586888
Mobitel-076-6586889,Mobile,+8550766586889
Mobitel-076-6586890,Mobile,+8550766586890
Mobitel-076-6586891,Mobile,+8550766586891
Mobitel-076-6586892,Mobile,+8550766586892
Mobitel-076-6586893,Mobile,+8550766586893
Mobitel-076-6586894,Mobile,+8550766586894
Mobitel-076-6586895,Mobile,+8550766586895
Mobitel-076-6586896,Mobile,+8550766586896
Mobitel-076-6586897,Mobile,+8550766586897
Mobitel-076-6586898,Mobile,+8550766586898
Mobitel-076-6586899,Mobile,+8550766586899
Mobitel-076-6586900,Mobile,+8550766586900
Mobitel-076-6586901,Mobile,+8550766586901
Mobitel-076-6586902,Mobile,+8550766586902
Mobitel-076-6586903,Mobile,+8550766586903
Mobitel-076-6586904,Mobile,+8550766586904
Mobitel-076-6586905,Mobile,+8550766586905
Mobitel-076-6586906,Mobile,+8550766586906
Mobitel-076-6586907,Mobile,+8550766586907
Mobitel-076-6586908,Mobile,+8550766586908
Mobitel-076-6586909,Mobile,+8550766586909
Mobitel-076-6586910,Mobile,+8550766586910
Mobitel-076-6586911,Mobile,+8550766586911
Mobitel-076-6586912,Mobile,+8550766586912
Mobitel-076-6586913,Mobile,+8550766586913
Mobitel-076-6586914,Mobile,+8550766586914
Mobitel-076-6586915,Mobile,+8550766586915
Mobitel-076-6586916,Mobile,+8550766586916
Mobitel-076-6586917,Mobile,+8550766586917
Mobitel-076-6586918,Mobile,+8550766586918
Mobitel-076-6586919,Mobile,+8550766586919
Mobitel-076-6586920,Mobile,+8550766586920
Mobitel-076-6586921,Mobile,+8550766586921
Mobitel-076-6586922,Mobile,+8550766586922
Mobitel-076-6586923,Mobile,+8550766586923
Mobitel-076-6586924,Mobile,+8550766586924
Mobitel-076-6586925,Mobile,+8550766586925
Mobitel-076-6586926,Mobile,+8550766586926
Mobitel-076-6586927,Mobile,+8550766586927
Mobitel-076-6586928,Mobile,+8550766586928
Mobitel-076-6586929,Mobile,+8550766586929
Mobitel-076-6586930,Mobile,+8550766586930
Mobitel-076-6586931,Mobile,+8550766586931
Mobitel-076-6586932,Mobile,+8550766586932
Mobitel-076-6586933,Mobile,+8550766586933
Mobitel-076-6586934,Mobile,+8550766586934
Mobitel-076-6586935,Mobile,+8550766586935
Mobitel-076-6586936,Mobile,+8550766586936
Mobitel-076-6586937,Mobile,+8550766586937
Mobitel-076-6586938,Mobile,+8550766586938
Mobitel-076-6586939,Mobile,+8550766586939
Mobitel-076-6586940,Mobile,+8550766586940
Mobitel-076-6586941,Mobile,+8550766586941
Mobitel-076-6586942,Mobile,+8550766586942
Mobitel-076-6586943,Mobile,+8550766586943
Mobitel-076-6586944,Mobile,+8550766586944
Mobitel-076-6586945,Mobile,+8550766586945
Mobitel-076-6586946,Mobile,+8550766586946
Mobitel-076-6586947,Mobile,+8550766586947
Mobitel-076-6586948,Mobile,+8550766586948
Mobitel-076-6586949,Mobile,+8550766586949
Mobitel-076-6586950,Mobile,+8550766586950
Mobitel-076-6586951,Mobile,+8550766586951
Mobitel-076-6586952,Mobile,+8550766586952
Mobitel-076-6586953,Mobile,+8550766586953
Mobitel-076-6586954,Mobile,+8550766586954
Mobitel-076-6586955,Mobile,+8550766586955
Mobitel-076-6586956,Mobile,+8550766586956
Mobitel-076-6586957,Mobile,+8550766586957
Mobitel-076-6586958,Mobile,+8550766586958
Mobitel-076-6586959,Mobile,+8550766586959
Mobitel-076-6586960,Mobile,+8550766586960
Mobitel-076-6586961,Mobile,+8550766586961
Mobitel-076-6586962,Mobile,+8550766586962
Mobitel-076-6586963,Mobile,+8550766586963
Mobitel-076-6586964,Mobile,+8550766586964
Mobitel-076-6586965,Mobile,+8550766586965
Mobitel-076-6586966,Mobile,+8550766586966
Mobitel-076-6586967,Mobile,+8550766586967
Mobitel-076-6586968,Mobile,+8550766586968
Mobitel-076-6586969,Mobile,+8550766586969
Mobitel-076-6586970,Mobile,+8550766586970
Mobitel-076-6586971,Mobile,+8550766586971
Mobitel-076-6586972,Mobile,+8550766586972
Mobitel-076-6586973,Mobile,+8550766586973
Mobitel-076-6586974,Mobile,+8550766586974
Mobitel-076-6586975,Mobile,+8550766586975
Mobitel-076-6586976,Mobile,+8550766586976
Mobitel-076-6586977,Mobile,+8550766586977
Mobitel-076-6586978,Mobile,+8550766586978
Mobitel-076-6586979,Mobile,+8550766586979
Mobitel-076-6586980,Mobile,+8550766586980
Mobitel-076-6586981,Mobile,+8550766586981
Mobitel-076-6586982,Mobile,+8550766586982
Mobitel-076-6586983,Mobile,+8550766586983
Mobitel-076-6586984,Mobile,+8550766586984
Mobitel-076-6586985,Mobile,+8550766586985
Mobitel-076-6586986,Mobile,+8550766586986
Mobitel-076-6586987,Mobile,+8550766586987
Mobitel-076-6586988,Mobile,+8550766586988
Mobitel-076-6586989,Mobile,+8550766586989
Mobitel-076-6586990,Mobile,+8550766586990
Mobitel-076-6586991,Mobile,+8550766586991
Mobitel-076-6586992,Mobile,+8550766586992
Mobitel-076-6586993,Mobile,+8550766586993
Mobitel-076-6586994,Mobile,+8550766586994
Mobitel-076-6586995,Mobile,+8550766586995
Mobitel-076-6586996,Mobile,+8550766586996
Mobitel-076-6586997,Mobile,+8550766586997
Mobitel-076-6586998,Mobile,+8550766586998
Mobitel-076-6586999,Mobile,+8550766586999
Mobitel-076-6587000,Mobile,+8550766587000
Mobitel-076-6587001,Mobile,+8550766587001
Mobitel-076-6587002,Mobile,+8550766587002
Mobitel-076-6587003,Mobile,+8550766587003
Mobitel-076-6587004,Mobile,+8550766587004
Mobitel-076-6587005,Mobile,+8550766587005
Mobitel-076-6587006,Mobile,+8550766587006
Mobitel-076-6587007,Mobile,+8550766587007
Mobitel-076-6587008,Mobile,+8550766587008
Mobitel-076-6587009,Mobile,+8550766587009
Mobitel-076-6587010,Mobile,+8550766587010
Mobitel-076-6587011,Mobile,+8550766587011
Mobitel-076-6587012,Mobile,+8550766587012
Mobitel-076-6587013,Mobile,+8550766587013
Mobitel-076-6587014,Mobile,+8550766587014
Mobitel-076-6587015,Mobile,+8550766587015
Mobitel-076-6587016,Mobile,+8550766587016
Mobitel-076-6587017,Mobile,+8550766587017
Mobitel-076-6587018,Mobile,+8550766587018
Mobitel-076-6587019,Mobile,+8550766587019
Mobitel-076-6587020,Mobile,+8550766587020
Mobitel-076-6587021,Mobile,+8550766587021
Mobitel-076-6587022,Mobile,+8550766587022
Mobitel-076-6587023,Mobile,+8550766587023
Mobitel-076-6587024,Mobile,+8550766587024
Mobitel-076-6587025,Mobile,+8550766587025
Mobitel-076-6587026,Mobile,+8550766587026
Mobitel-076-6587027,Mobile,+8550766587027
Mobitel-076-6587028,Mobile,+8550766587028
Mobitel-076-6587029,Mobile,+8550766587029
Mobitel-076-6587030,Mobile,+8550766587030
Mobitel-076-6587031,Mobile,+8550766587031
Mobitel-076-6587032,Mobile,+8550766587032
Mobitel-076-6587033,Mobile,+8550766587033
Mobitel-076-6587034,Mobile,+8550766587034
Mobitel-076-6587035,Mobile,+8550766587035
Mobitel-076-6587036,Mobile,+8550766587036
Mobitel-076-6587037,Mobile,+8550766587037
Mobitel-076-6587038,Mobile,+8550766587038
Mobitel-076-6587039,Mobile,+8550766587039
Mobitel-076-6587040,Mobile,+8550766587040
Mobitel-076-6587041,Mobile,+8550766587041
Mobitel-076-6587042,Mobile,+8550766587042
Mobitel-076-6587043,Mobile,+8550766587043
Mobitel-076-6587044,Mobile,+8550766587044
Mobitel-076-6587045,Mobile,+8550766587045
Mobitel-076-6587046,Mobile,+8550766587046
Mobitel-076-6587047,Mobile,+8550766587047
Mobitel-076-6587048,Mobile,+8550766587048
Mobitel-076-6587049,Mobile,+8550766587049
Mobitel-076-6587050,Mobile,+8550766587050
Mobitel-076-6587051,Mobile,+8550766587051
Mobitel-076-6587052,Mobile,+8550766587052
Mobitel-076-6587053,Mobile,+8550766587053
Mobitel-076-6587054,Mobile,+8550766587054
Mobitel-076-6587055,Mobile,+8550766587055
Mobitel-076-6587056,Mobile,+8550766587056
Mobitel-076-6587057,Mobile,+8550766587057
Mobitel-076-6587058,Mobile,+8550766587058
Mobitel-076-6587059,Mobile,+8550766587059
Mobitel-076-6587060,Mobile,+8550766587060
Mobitel-076-6587061,Mobile,+8550766587061
Mobitel-076-6587062,Mobile,+8550766587062
Mobitel-076-6587063,Mobile,+8550766587063
Mobitel-076-6587064,Mobile,+8550766587064
Mobitel-076-6587065,Mobile,+8550766587065
Mobitel-076-6587066,Mobile,+8550766587066
Mobitel-076-6587067,Mobile,+8550766587067
Mobitel-076-6587068,Mobile,+8550766587068
Mobitel-076-6587069,Mobile,+8550766587069
Mobitel-076-6587070,Mobile,+8550766587070
Mobitel-076-6587071,Mobile,+8550766587071
Mobitel-076-6587072,Mobile,+8550766587072
Mobitel-076-6587073,Mobile,+8550766587073
Mobitel-076-6587074,Mobile,+8550766587074
Mobitel-076-6587075,Mobile,+8550766587075
Mobitel-076-6587076,Mobile,+8550766587076
Mobitel-076-6587077,Mobile,+8550766587077
Mobitel-076-6587078,Mobile,+8550766587078
Mobitel-076-6587079,Mobile,+8550766587079
Mobitel-076-6587080,Mobile,+8550766587080
Mobitel-076-6587081,Mobile,+8550766587081
Mobitel-076-6587082,Mobile,+8550766587082
Mobitel-076-6587083,Mobile,+8550766587083
Mobitel-076-6587084,Mobile,+8550766587084
Mobitel-076-6587085,Mobile,+8550766587085
Mobitel-076-6587086,Mobile,+8550766587086
Mobitel-076-6587087,Mobile,+8550766587087
Mobitel-076-6587088,Mobile,+8550766587088
Mobitel-076-6587089,Mobile,+8550766587089
Mobitel-076-6587090,Mobile,+8550766587090
Mobitel-076-6587091,Mobile,+8550766587091
Mobitel-076-6587092,Mobile,+8550766587092
Mobitel-076-6587093,Mobile,+8550766587093
Mobitel-076-6587094,Mobile,+8550766587094
Mobitel-076-6587095,Mobile,+8550766587095
Mobitel-076-6587096,Mobile,+8550766587096
Mobitel-076-6587097,Mobile,+8550766587097
Mobitel-076-6587098,Mobile,+8550766587098
Mobitel-076-6587099,Mobile,+8550766587099
Mobitel-076-6587100,Mobile,+8550766587100
Mobitel-076-6587101,Mobile,+8550766587101
Mobitel-076-6587102,Mobile,+8550766587102
Mobitel-076-6587103,Mobile,+8550766587103
Mobitel-076-6587104,Mobile,+8550766587104
Mobitel-076-6587105,Mobile,+8550766587105
Mobitel-076-6587106,Mobile,+8550766587106
Mobitel-076-6587107,Mobile,+8550766587107
Mobitel-076-6587108,Mobile,+8550766587108
Mobitel-076-6587109,Mobile,+8550766587109
Mobitel-076-6587110,Mobile,+8550766587110
Mobitel-076-6587111,Mobile,+8550766587111
Mobitel-076-6587112,Mobile,+8550766587112
Mobitel-076-6587113,Mobile,+8550766587113
Mobitel-076-6587114,Mobile,+8550766587114
Mobitel-076-6587115,Mobile,+8550766587115
Mobitel-076-6587116,Mobile,+8550766587116
Mobitel-076-6587117,Mobile,+8550766587117
Mobitel-076-6587118,Mobile,+8550766587118
Mobitel-076-6587119,Mobile,+8550766587119
Mobitel-076-6587120,Mobile,+8550766587120
Mobitel-076-6587121,Mobile,+8550766587121
Mobitel-076-6587122,Mobile,+8550766587122
Mobitel-076-6587123,Mobile,+8550766587123
Mobitel-076-6587124,Mobile,+8550766587124
Mobitel-076-6587125,Mobile,+8550766587125
Mobitel-076-6587126,Mobile,+8550766587126
Mobitel-076-6587127,Mobile,+8550766587127
Mobitel-076-6587128,Mobile,+8550766587128
Mobitel-076-6587129,Mobile,+8550766587129
Mobitel-076-6587130,Mobile,+8550766587130
Mobitel-076-6587131,Mobile,+8550766587131
Mobitel-076-6587132,Mobile,+8550766587132
Mobitel-076-6587133,Mobile,+8550766587133
Mobitel-076-6587134,Mobile,+8550766587134
Mobitel-076-6587135,Mobile,+8550766587135
Mobitel-076-6587136,Mobile,+8550766587136
Mobitel-076-6587137,Mobile,+8550766587137
Mobitel-076-6587138,Mobile,+8550766587138
Mobitel-076-6587139,Mobile,+8550766587139
Mobitel-076-6587140,Mobile,+8550766587140
Mobitel-076-6587141,Mobile,+8550766587141
Mobitel-076-6587142,Mobile,+8550766587142
Mobitel-076-6587143,Mobile,+8550766587143
Mobitel-076-6587144,Mobile,+8550766587144
Mobitel-076-6587145,Mobile,+8550766587145
Mobitel-076-6587146,Mobile,+8550766587146
Mobitel-076-6587147,Mobile,+8550766587147
Mobitel-076-6587148,Mobile,+8550766587148
Mobitel-076-6587149,Mobile,+8550766587149
Mobitel-076-6587150,Mobile,+8550766587150
Mobitel-076-6587151,Mobile,+8550766587151
Mobitel-076-6587152,Mobile,+8550766587152
Mobitel-076-6587153,Mobile,+8550766587153
Mobitel-076-6587154,Mobile,+8550766587154
Mobitel-076-6587155,Mobile,+8550766587155
Mobitel-076-6587156,Mobile,+8550766587156
Mobitel-076-6587157,Mobile,+8550766587157
Mobitel-076-6587158,Mobile,+8550766587158
Mobitel-076-6587159,Mobile,+8550766587159
Mobitel-076-6587160,Mobile,+8550766587160
Mobitel-076-6587161,Mobile,+8550766587161
Mobitel-076-6587162,Mobile,+8550766587162
Mobitel-076-6587163,Mobile,+8550766587163
Mobitel-076-6587164,Mobile,+8550766587164
Mobitel-076-6587165,Mobile,+8550766587165
Mobitel-076-6587166,Mobile,+8550766587166
Mobitel-076-6587167,Mobile,+8550766587167
Mobitel-076-6587168,Mobile,+8550766587168
Mobitel-076-6587169,Mobile,+8550766587169
Mobitel-076-6587170,Mobile,+8550766587170
Mobitel-076-6587171,Mobile,+8550766587171
Mobitel-076-6587172,Mobile,+8550766587172
Mobitel-076-6587173,Mobile,+8550766587173
Mobitel-076-6587174,Mobile,+8550766587174
Mobitel-076-6587175,Mobile,+8550766587175
Mobitel-076-6587176,Mobile,+8550766587176
Mobitel-076-6587177,Mobile,+8550766587177
Mobitel-076-6587178,Mobile,+8550766587178
Mobitel-076-6587179,Mobile,+8550766587179
Mobitel-076-6587180,Mobile,+8550766587180
Mobitel-076-6587181,Mobile,+8550766587181
Mobitel-076-6587182,Mobile,+8550766587182
Mobitel-076-6587183,Mobile,+8550766587183
Mobitel-076-6587184,Mobile,+8550766587184
Mobitel-076-6587185,Mobile,+8550766587185
Mobitel-076-6587186,Mobile,+8550766587186
Mobitel-076-6587187,Mobile,+8550766587187
Mobitel-076-6587188,Mobile,+8550766587188
Mobitel-076-6587189,Mobile,+8550766587189
Mobitel-076-6587190,Mobile,+8550766587190
Mobitel-076-6587191,Mobile,+8550766587191
Mobitel-076-6587192,Mobile,+8550766587192
Mobitel-076-6587193,Mobile,+8550766587193
Mobitel-076-6587194,Mobile,+8550766587194
Mobitel-076-6587195,Mobile,+8550766587195
Mobitel-076-6587196,Mobile,+8550766587196
Mobitel-076-6587197,Mobile,+8550766587197
Mobitel-076-6587198,Mobile,+8550766587198
Mobitel-076-6587199,Mobile,+8550766587199
Mobitel-076-6587200,Mobile,+8550766587200
Mobitel-076-6587201,Mobile,+8550766587201
Mobitel-076-6587202,Mobile,+8550766587202
Mobitel-076-6587203,Mobile,+8550766587203
Mobitel-076-6587204,Mobile,+8550766587204
Mobitel-076-6587205,Mobile,+8550766587205
Mobitel-076-6587206,Mobile,+8550766587206
Mobitel-076-6587207,Mobile,+8550766587207
Mobitel-076-6587208,Mobile,+8550766587208
Mobitel-076-6587209,Mobile,+8550766587209
Mobitel-076-6587210,Mobile,+8550766587210
Mobitel-076-6587211,Mobile,+8550766587211
Mobitel-076-6587212,Mobile,+8550766587212
Mobitel-076-6587213,Mobile,+8550766587213
Mobitel-076-6587214,Mobile,+8550766587214
Mobitel-076-6587215,Mobile,+8550766587215
Mobitel-076-6587216,Mobile,+8550766587216
Mobitel-076-6587217,Mobile,+8550766587217
Mobitel-076-6587218,Mobile,+8550766587218
Mobitel-076-6587219,Mobile,+8550766587219
Mobitel-076-6587220,Mobile,+8550766587220
Mobitel-076-6587221,Mobile,+8550766587221
Mobitel-076-6587222,Mobile,+8550766587222
Mobitel-076-6587223,Mobile,+8550766587223
Mobitel-076-6587224,Mobile,+8550766587224
Mobitel-076-6587225,Mobile,+8550766587225
Mobitel-076-6587226,Mobile,+8550766587226
Mobitel-076-6587227,Mobile,+8550766587227
Mobitel-076-6587228,Mobile,+8550766587228
Mobitel-076-6587229,Mobile,+8550766587229
Mobitel-076-6587230,Mobile,+8550766587230
Mobitel-076-6587231,Mobile,+8550766587231
Mobitel-076-6587232,Mobile,+8550766587232
Mobitel-076-6587233,Mobile,+8550766587233
Mobitel-076-6587234,Mobile,+8550766587234
Mobitel-076-6587235,Mobile,+8550766587235
Mobitel-076-6587236,Mobile,+8550766587236
Mobitel-076-6587237,Mobile,+8550766587237
Mobitel-076-6587238,Mobile,+8550766587238
Mobitel-076-6587239,Mobile,+8550766587239
Mobitel-076-6587240,Mobile,+8550766587240
Mobitel-076-6587241,Mobile,+8550766587241
Mobitel-076-6587242,Mobile,+8550766587242
Mobitel-076-6587243,Mobile,+8550766587243
Mobitel-076-6587244,Mobile,+8550766587244
Mobitel-076-6587245,Mobile,+8550766587245
Mobitel-076-6587246,Mobile,+8550766587246
Mobitel-076-6587247,Mobile,+8550766587247
Mobitel-076-6587248,Mobile,+8550766587248
Mobitel-076-6587249,Mobile,+8550766587249
Mobitel-076-6587250,Mobile,+8550766587250
Mobitel-076-6587251,Mobile,+8550766587251
Mobitel-076-6587252,Mobile,+8550766587252
Mobitel-076-6587253,Mobile,+8550766587253
Mobitel-076-6587254,Mobile,+8550766587254
Mobitel-076-6587255,Mobile,+8550766587255
Mobitel-076-6587256,Mobile,+8550766587256
Mobitel-076-6587257,Mobile,+8550766587257
Mobitel-076-6587258,Mobile,+8550766587258
Mobitel-076-6587259,Mobile,+8550766587259
Mobitel-076-6587260,Mobile,+8550766587260
Mobitel-076-6587261,Mobile,+8550766587261
Mobitel-076-6587262,Mobile,+8550766587262
Mobitel-076-6587263,Mobile,+8550766587263
Mobitel-076-6587264,Mobile,+8550766587264
Mobitel-076-6587265,Mobile,+8550766587265
Mobitel-076-6587266,Mobile,+8550766587266
Mobitel-076-6587267,Mobile,+8550766587267
Mobitel-076-6587268,Mobile,+8550766587268
Mobitel-076-6587269,Mobile,+8550766587269
Mobitel-076-6587270,Mobile,+8550766587270
Mobitel-076-6587271,Mobile,+8550766587271
Mobitel-076-6587272,Mobile,+8550766587272
Mobitel-076-6587273,Mobile,+8550766587273
Mobitel-076-6587274,Mobile,+8550766587274
Mobitel-076-6587275,Mobile,+8550766587275
Mobitel-076-6587276,Mobile,+8550766587276
Mobitel-076-6587277,Mobile,+8550766587277
Mobitel-076-6587278,Mobile,+8550766587278
Mobitel-076-6587279,Mobile,+8550766587279
Mobitel-076-6587280,Mobile,+8550766587280
Mobitel-076-6587281,Mobile,+8550766587281
Mobitel-076-6587282,Mobile,+8550766587282
Mobitel-076-6587283,Mobile,+8550766587283
Mobitel-076-6587284,Mobile,+8550766587284
Mobitel-076-6587285,Mobile,+8550766587285
Mobitel-076-6587286,Mobile,+8550766587286
Mobitel-076-6587287,Mobile,+8550766587287
Mobitel-076-6587288,Mobile,+8550766587288
Mobitel-076-6587289,Mobile,+8550766587289
Mobitel-076-6587290,Mobile,+8550766587290
Mobitel-076-6587291,Mobile,+8550766587291
Mobitel-076-6587292,Mobile,+8550766587292
Mobitel-076-6587293,Mobile,+8550766587293
Mobitel-076-6587294,Mobile,+8550766587294
Mobitel-076-6587295,Mobile,+8550766587295
Mobitel-076-6587296,Mobile,+8550766587296
Mobitel-076-6587297,Mobile,+8550766587297
Mobitel-076-6587298,Mobile,+8550766587298
Mobitel-076-6587299,Mobile,+8550766587299
Mobitel-076-6587300,Mobile,+8550766587300
Mobitel-076-6587301,Mobile,+8550766587301
Mobitel-076-6587302,Mobile,+8550766587302
Mobitel-076-6587303,Mobile,+8550766587303
Mobitel-076-6587304,Mobile,+8550766587304
Mobitel-076-6587305,Mobile,+8550766587305
Mobitel-076-6587306,Mobile,+8550766587306
Mobitel-076-6587307,Mobile,+8550766587307
Mobitel-076-6587308,Mobile,+8550766587308
Mobitel-076-6587309,Mobile,+8550766587309
Mobitel-076-6587310,Mobile,+8550766587310
Mobitel-076-6587311,Mobile,+8550766587311
Mobitel-076-6587312,Mobile,+8550766587312
Mobitel-076-6587313,Mobile,+8550766587313
Mobitel-076-6587314,Mobile,+8550766587314
Mobitel-076-6587315,Mobile,+8550766587315
Mobitel-076-6587316,Mobile,+8550766587316
Mobitel-076-6587317,Mobile,+8550766587317
Mobitel-076-6587318,Mobile,+8550766587318
Mobitel-076-6587319,Mobile,+8550766587319
Mobitel-076-6587320,Mobile,+8550766587320
Mobitel-076-6587321,Mobile,+8550766587321
Mobitel-076-6587322,Mobile,+8550766587322
Mobitel-076-6587323,Mobile,+8550766587323
Mobitel-076-6587324,Mobile,+8550766587324
Mobitel-076-6587325,Mobile,+8550766587325
Mobitel-076-6587326,Mobile,+8550766587326
Mobitel-076-6587327,Mobile,+8550766587327
Mobitel-076-6587328,Mobile,+8550766587328
Mobitel-076-6587329,Mobile,+8550766587329
Mobitel-076-6587330,Mobile,+8550766587330
Mobitel-076-6587331,Mobile,+8550766587331
Mobitel-076-6587332,Mobile,+8550766587332
Mobitel-076-6587333,Mobile,+8550766587333
Mobitel-076-6587334,Mobile,+8550766587334
Mobitel-076-6587335,Mobile,+8550766587335
Mobitel-076-6587336,Mobile,+8550766587336
Mobitel-076-6587337,Mobile,+8550766587337
Mobitel-076-6587338,Mobile,+8550766587338
Mobitel-076-6587339,Mobile,+8550766587339
Mobitel-076-6587340,Mobile,+8550766587340
Mobitel-076-6587341,Mobile,+8550766587341
Mobitel-076-6587342,Mobile,+8550766587342
Mobitel-076-6587343,Mobile,+8550766587343
Mobitel-076-6587344,Mobile,+8550766587344
Mobitel-076-6587345,Mobile,+8550766587345
Mobitel-076-6587346,Mobile,+8550766587346
Mobitel-076-6587347,Mobile,+8550766587347
Mobitel-076-6587348,Mobile,+8550766587348
Mobitel-076-6587349,Mobile,+8550766587349
Mobitel-076-6587350,Mobile,+8550766587350
Mobitel-076-6587351,Mobile,+8550766587351
Mobitel-076-6587352,Mobile,+8550766587352
Mobitel-076-6587353,Mobile,+8550766587353
Mobitel-076-6587354,Mobile,+8550766587354
Mobitel-076-6587355,Mobile,+8550766587355
Mobitel-076-6587356,Mobile,+8550766587356
Mobitel-076-6587357,Mobile,+8550766587357
Mobitel-076-6587358,Mobile,+8550766587358
Mobitel-076-6587359,Mobile,+8550766587359
Mobitel-076-6587360,Mobile,+8550766587360
Mobitel-076-6587361,Mobile,+8550766587361
Mobitel-076-6587362,Mobile,+8550766587362
Mobitel-076-6587363,Mobile,+8550766587363
Mobitel-076-6587364,Mobile,+8550766587364
Mobitel-076-6587365,Mobile,+8550766587365
Mobitel-076-6587366,Mobile,+8550766587366
Mobitel-076-6587367,Mobile,+8550766587367
Mobitel-076-6587368,Mobile,+8550766587368
Mobitel-076-6587369,Mobile,+8550766587369
Mobitel-076-6587370,Mobile,+8550766587370
Mobitel-076-6587371,Mobile,+8550766587371
Mobitel-076-6587372,Mobile,+8550766587372
Mobitel-076-6587373,Mobile,+8550766587373
Mobitel-076-6587374,Mobile,+8550766587374
Mobitel-076-6587375,Mobile,+8550766587375
Mobitel-076-6587376,Mobile,+8550766587376
Mobitel-076-6587377,Mobile,+8550766587377
Mobitel-076-6587378,Mobile,+8550766587378
Mobitel-076-6587379,Mobile,+8550766587379
Mobitel-076-6587380,Mobile,+8550766587380
Mobitel-076-6587381,Mobile,+8550766587381
Mobitel-076-6587382,Mobile,+8550766587382
Mobitel-076-6587383,Mobile,+8550766587383
Mobitel-076-6587384,Mobile,+8550766587384
Mobitel-076-6587385,Mobile,+8550766587385
Mobitel-076-6587386,Mobile,+8550766587386
Mobitel-076-6587387,Mobile,+8550766587387
Mobitel-076-6587388,Mobile,+8550766587388
Mobitel-076-6587389,Mobile,+8550766587389
Mobitel-076-6587390,Mobile,+8550766587390
Mobitel-076-6587391,Mobile,+8550766587391
Mobitel-076-6587392,Mobile,+8550766587392
Mobitel-076-6587393,Mobile,+8550766587393
Mobitel-076-6587394,Mobile,+8550766587394
Mobitel-076-6587395,Mobile,+8550766587395
Mobitel-076-6587396,Mobile,+8550766587396
Mobitel-076-6587397,Mobile,+8550766587397
Mobitel-076-6587398,Mobile,+8550766587398
Mobitel-076-6587399,Mobile,+8550766587399
Mobitel-076-6587400,Mobile,+8550766587400
Mobitel-076-6587401,Mobile,+8550766587401
Mobitel-076-6587402,Mobile,+8550766587402
Mobitel-076-6587403,Mobile,+8550766587403
Mobitel-076-6587404,Mobile,+8550766587404
Mobitel-076-6587405,Mobile,+8550766587405
Mobitel-076-6587406,Mobile,+8550766587406
Mobitel-076-6587407,Mobile,+8550766587407
Mobitel-076-6587408,Mobile,+8550766587408
Mobitel-076-6587409,Mobile,+8550766587409
Mobitel-076-6587410,Mobile,+8550766587410
Mobitel-076-6587411,Mobile,+8550766587411
Mobitel-076-6587412,Mobile,+8550766587412
Mobitel-076-6587413,Mobile,+8550766587413
Mobitel-076-6587414,Mobile,+8550766587414
Mobitel-076-6587415,Mobile,+8550766587415
Mobitel-076-6587416,Mobile,+8550766587416
Mobitel-076-6587417,Mobile,+8550766587417
Mobitel-076-6587418,Mobile,+8550766587418
Mobitel-076-6587419,Mobile,+8550766587419
Mobitel-076-6587420,Mobile,+8550766587420
Mobitel-076-6587421,Mobile,+8550766587421
Mobitel-076-6587422,Mobile,+8550766587422
Mobitel-076-6587423,Mobile,+8550766587423
Mobitel-076-6587424,Mobile,+8550766587424
Mobitel-076-6587425,Mobile,+8550766587425
Mobitel-076-6587426,Mobile,+8550766587426
Mobitel-076-6587427,Mobile,+8550766587427
Mobitel-076-6587428,Mobile,+8550766587428
Mobitel-076-6587429,Mobile,+8550766587429
Mobitel-076-6587430,Mobile,+8550766587430
Mobitel-076-6587431,Mobile,+8550766587431
Mobitel-076-6587432,Mobile,+8550766587432
Mobitel-076-6587433,Mobile,+8550766587433
Mobitel-076-6587434,Mobile,+8550766587434
Mobitel-076-6587435,Mobile,+8550766587435
Mobitel-076-6587436,Mobile,+8550766587436
Mobitel-076-6587437,Mobile,+8550766587437
Mobitel-076-6587438,Mobile,+8550766587438
Mobitel-076-6587439,Mobile,+8550766587439
Mobitel-076-6587440,Mobile,+8550766587440
Mobitel-076-6587441,Mobile,+8550766587441
Mobitel-076-6587442,Mobile,+8550766587442
Mobitel-076-6587443,Mobile,+8550766587443
Mobitel-076-6587444,Mobile,+8550766587444
Mobitel-076-6587445,Mobile,+8550766587445
Mobitel-076-6587446,Mobile,+8550766587446
Mobitel-076-6587447,Mobile,+8550766587447
Mobitel-076-6587448,Mobile,+8550766587448
Mobitel-076-6587449,Mobile,+8550766587449
Mobitel-076-6587450,Mobile,+8550766587450
Mobitel-076-6587451,Mobile,+8550766587451
Mobitel-076-6587452,Mobile,+8550766587452
Mobitel-076-6587453,Mobile,+8550766587453
Mobitel-076-6587454,Mobile,+8550766587454
Mobitel-076-6587455,Mobile,+8550766587455
Mobitel-076-6587456,Mobile,+8550766587456
Mobitel-076-6587457,Mobile,+8550766587457
Mobitel-076-6587458,Mobile,+8550766587458
Mobitel-076-6587459,Mobile,+8550766587459
Mobitel-076-6587460,Mobile,+8550766587460
Mobitel-076-6587461,Mobile,+8550766587461
Mobitel-076-6587462,Mobile,+8550766587462
Mobitel-076-6587463,Mobile,+8550766587463
Mobitel-076-6587464,Mobile,+8550766587464
Mobitel-076-6587465,Mobile,+8550766587465
Mobitel-076-6587466,Mobile,+8550766587466
Mobitel-076-6587467,Mobile,+8550766587467
Mobitel-076-6587468,Mobile,+8550766587468
Mobitel-076-6587469,Mobile,+8550766587469
Mobitel-076-6587470,Mobile,+8550766587470
Mobitel-076-6587471,Mobile,+8550766587471
Mobitel-076-6587472,Mobile,+8550766587472
Mobitel-076-6587473,Mobile,+8550766587473
Mobitel-076-6587474,Mobile,+8550766587474
Mobitel-076-6587475,Mobile,+8550766587475
Mobitel-076-6587476,Mobile,+8550766587476
Mobitel-076-6587477,Mobile,+8550766587477
Mobitel-076-6587478,Mobile,+8550766587478
Mobitel-076-6587479,Mobile,+8550766587479
Mobitel-076-6587480,Mobile,+8550766587480
Mobitel-076-6587481,Mobile,+8550766587481
Mobitel-076-6587482,Mobile,+8550766587482
Mobitel-076-6587483,Mobile,+8550766587483
Mobitel-076-6587484,Mobile,+8550766587484
Mobitel-076-6587485,Mobile,+8550766587485
Mobitel-076-6587486,Mobile,+8550766587486
Mobitel-076-6587487,Mobile,+8550766587487
Mobitel-076-6587488,Mobile,+8550766587488
Mobitel-076-6587489,Mobile,+8550766587489
Mobitel-076-6587490,Mobile,+8550766587490
Mobitel-076-6587491,Mobile,+8550766587491
Mobitel-076-6587492,Mobile,+8550766587492
Mobitel-076-6587493,Mobile,+8550766587493
Mobitel-076-6587494,Mobile,+8550766587494
Mobitel-076-6587495,Mobile,+8550766587495
Mobitel-076-6587496,Mobile,+8550766587496
Mobitel-076-6587497,Mobile,+8550766587497
Mobitel-076-6587498,Mobile,+8550766587498
Mobitel-076-6587499,Mobile,+8550766587499
Mobitel-076-6587500,Mobile,+8550766587500
Mobitel-076-6587501,Mobile,+8550766587501
Mobitel-076-6587502,Mobile,+8550766587502
Mobitel-076-6587503,Mobile,+8550766587503
Mobitel-076-6587504,Mobile,+8550766587504
Mobitel-076-6587505,Mobile,+8550766587505
Mobitel-076-6587506,Mobile,+8550766587506
Mobitel-076-6587507,Mobile,+8550766587507
Mobitel-076-6587508,Mobile,+8550766587508
Mobitel-076-6587509,Mobile,+8550766587509
Mobitel-076-6587510,Mobile,+8550766587510
Mobitel-076-6587511,Mobile,+8550766587511
Mobitel-076-6587512,Mobile,+8550766587512
Mobitel-076-6587513,Mobile,+8550766587513
Mobitel-076-6587514,Mobile,+8550766587514
Mobitel-076-6587515,Mobile,+8550766587515
Mobitel-076-6587516,Mobile,+8550766587516
Mobitel-076-6587517,Mobile,+8550766587517
Mobitel-076-6587518,Mobile,+8550766587518
Mobitel-076-6587519,Mobile,+8550766587519
Mobitel-076-6587520,Mobile,+8550766587520
Mobitel-076-6587521,Mobile,+8550766587521
Mobitel-076-6587522,Mobile,+8550766587522
Mobitel-076-6587523,Mobile,+8550766587523
Mobitel-076-6587524,Mobile,+8550766587524
Mobitel-076-6587525,Mobile,+8550766587525
Mobitel-076-6587526,Mobile,+8550766587526
Mobitel-076-6587527,Mobile,+8550766587527
Mobitel-076-6587528,Mobile,+8550766587528
Mobitel-076-6587529,Mobile,+8550766587529
Mobitel-076-6587530,Mobile,+8550766587530
Mobitel-076-6587531,Mobile,+8550766587531
Mobitel-076-6587532,Mobile,+8550766587532
Mobitel-076-6587533,Mobile,+8550766587533
Mobitel-076-6587534,Mobile,+8550766587534
Mobitel-076-6587535,Mobile,+8550766587535
Mobitel-076-6587536,Mobile,+8550766587536
Mobitel-076-6587537,Mobile,+8550766587537
Mobitel-076-6587538,Mobile,+8550766587538
Mobitel-076-6587539,Mobile,+8550766587539
Mobitel-076-6587540,Mobile,+8550766587540
Mobitel-076-6587541,Mobile,+8550766587541
Mobitel-076-6587542,Mobile,+8550766587542
Mobitel-076-6587543,Mobile,+8550766587543
Mobitel-076-6587544,Mobile,+8550766587544
Mobitel-076-6587545,Mobile,+8550766587545
Mobitel-076-6587546,Mobile,+8550766587546
Mobitel-076-6587547,Mobile,+8550766587547
Mobitel-076-6587548,Mobile,+8550766587548
Mobitel-076-6587549,Mobile,+8550766587549
Mobitel-076-6587550,Mobile,+8550766587550
Mobitel-076-6587551,Mobile,+8550766587551
Mobitel-076-6587552,Mobile,+8550766587552
Mobitel-076-6587553,Mobile,+8550766587553
Mobitel-076-6587554,Mobile,+8550766587554
Mobitel-076-6587555,Mobile,+8550766587555
Mobitel-076-6587556,Mobile,+8550766587556
Mobitel-076-6587557,Mobile,+8550766587557
Mobitel-076-6587558,Mobile,+8550766587558
Mobitel-076-6587559,Mobile,+8550766587559
Mobitel-076-6587560,Mobile,+8550766587560
Mobitel-076-6587561,Mobile,+8550766587561
Mobitel-076-6587562,Mobile,+8550766587562
Mobitel-076-6587563,Mobile,+8550766587563
Mobitel-076-6587564,Mobile,+8550766587564
Mobitel-076-6587565,Mobile,+8550766587565
Mobitel-076-6587566,Mobile,+8550766587566
Mobitel-076-6587567,Mobile,+8550766587567
Mobitel-076-6587568,Mobile,+8550766587568
Mobitel-076-6587569,Mobile,+8550766587569
Mobitel-076-6587570,Mobile,+8550766587570
Mobitel-076-6587571,Mobile,+8550766587571
Mobitel-076-6587572,Mobile,+8550766587572
Mobitel-076-6587573,Mobile,+8550766587573
Mobitel-076-6587574,Mobile,+8550766587574
Mobitel-076-6587575,Mobile,+8550766587575
Mobitel-076-6587576,Mobile,+8550766587576
Mobitel-076-6587577,Mobile,+8550766587577
Mobitel-076-6587578,Mobile,+8550766587578
Mobitel-076-6587579,Mobile,+8550766587579
Mobitel-076-6587580,Mobile,+8550766587580
Mobitel-076-6587581,Mobile,+8550766587581
Mobitel-076-6587582,Mobile,+8550766587582
Mobitel-076-6587583,Mobile,+8550766587583
Mobitel-076-6587584,Mobile,+8550766587584
Mobitel-076-6587585,Mobile,+8550766587585
Mobitel-076-6587586,Mobile,+8550766587586
Mobitel-076-6587587,Mobile,+8550766587587
Mobitel-076-6587588,Mobile,+8550766587588
Mobitel-076-6587589,Mobile,+8550766587589
Mobitel-076-6587590,Mobile,+8550766587590
Mobitel-076-6587591,Mobile,+8550766587591
Mobitel-076-6587592,Mobile,+8550766587592
Mobitel-076-6587593,Mobile,+8550766587593
Mobitel-076-6587594,Mobile,+8550766587594
Mobitel-076-6587595,Mobile,+8550766587595
Mobitel-076-6587596,Mobile,+8550766587596
Mobitel-076-6587597,Mobile,+8550766587597
Mobitel-076-6587598,Mobile,+8550766587598
Mobitel-076-6587599,Mobile,+8550766587599
Mobitel-076-6587600,Mobile,+8550766587600
Mobitel-076-6587601,Mobile,+8550766587601
Mobitel-076-6587602,Mobile,+8550766587602
Mobitel-076-6587603,Mobile,+8550766587603
Mobitel-076-6587604,Mobile,+8550766587604
Mobitel-076-6587605,Mobile,+8550766587605
Mobitel-076-6587606,Mobile,+8550766587606
Mobitel-076-6587607,Mobile,+8550766587607
Mobitel-076-6587608,Mobile,+8550766587608
Mobitel-076-6587609,Mobile,+8550766587609
Mobitel-076-6587610,Mobile,+8550766587610
Mobitel-076-6587611,Mobile,+8550766587611
Mobitel-076-6587612,Mobile,+8550766587612
Mobitel-076-6587613,Mobile,+8550766587613
Mobitel-076-6587614,Mobile,+8550766587614
Mobitel-076-6587615,Mobile,+8550766587615
Mobitel-076-6587616,Mobile,+8550766587616
Mobitel-076-6587617,Mobile,+8550766587617
Mobitel-076-6587618,Mobile,+8550766587618
Mobitel-076-6587619,Mobile,+8550766587619
Mobitel-076-6587620,Mobile,+8550766587620
Mobitel-076-6587621,Mobile,+8550766587621
Mobitel-076-6587622,Mobile,+8550766587622
Mobitel-076-6587623,Mobile,+8550766587623
Mobitel-076-6587624,Mobile,+8550766587624
Mobitel-076-6587625,Mobile,+8550766587625
Mobitel-076-6587626,Mobile,+8550766587626
Mobitel-076-6587627,Mobile,+8550766587627
Mobitel-076-6587628,Mobile,+8550766587628
Mobitel-076-6587629,Mobile,+8550766587629
Mobitel-076-6587630,Mobile,+8550766587630
Mobitel-076-6587631,Mobile,+8550766587631
Mobitel-076-6587632,Mobile,+8550766587632
Mobitel-076-6587633,Mobile,+8550766587633
Mobitel-076-6587634,Mobile,+8550766587634
Mobitel-076-6587635,Mobile,+8550766587635
Mobitel-076-6587636,Mobile,+8550766587636
Mobitel-076-6587637,Mobile,+8550766587637
Mobitel-076-6587638,Mobile,+8550766587638
Mobitel-076-6587639,Mobile,+8550766587639
Mobitel-076-6587640,Mobile,+8550766587640
Mobitel-076-6587641,Mobile,+8550766587641
Mobitel-076-6587642,Mobile,+8550766587642
Mobitel-076-6587643,Mobile,+8550766587643
Mobitel-076-6587644,Mobile,+8550766587644
Mobitel-076-6587645,Mobile,+8550766587645
Mobitel-076-6587646,Mobile,+8550766587646
Mobitel-076-6587647,Mobile,+8550766587647
Mobitel-076-6587648,Mobile,+8550766587648
Mobitel-076-6587649,Mobile,+8550766587649
Mobitel-076-6587650,Mobile,+8550766587650
Mobitel-076-6587651,Mobile,+8550766587651
Mobitel-076-6587652,Mobile,+8550766587652
Mobitel-076-6587653,Mobile,+8550766587653
Mobitel-076-6587654,Mobile,+8550766587654
Mobitel-076-6587655,Mobile,+8550766587655
Mobitel-076-6587656,Mobile,+8550766587656
Mobitel-076-6587657,Mobile,+8550766587657
Mobitel-076-6587658,Mobile,+8550766587658
Mobitel-076-6587659,Mobile,+8550766587659
Mobitel-076-6587660,Mobile,+8550766587660
Mobitel-076-6587661,Mobile,+8550766587661
Mobitel-076-6587662,Mobile,+8550766587662
Mobitel-076-6587663,Mobile,+8550766587663
Mobitel-076-6587664,Mobile,+8550766587664
Mobitel-076-6587665,Mobile,+8550766587665
Mobitel-076-6587666,Mobile,+8550766587666
Mobitel-076-6587667,Mobile,+8550766587667
Mobitel-076-6587668,Mobile,+8550766587668
Mobitel-076-6587669,Mobile,+8550766587669
Mobitel-076-6587670,Mobile,+8550766587670
Mobitel-076-6587671,Mobile,+8550766587671
Mobitel-076-6587672,Mobile,+8550766587672
Mobitel-076-6587673,Mobile,+8550766587673
Mobitel-076-6587674,Mobile,+8550766587674
Mobitel-076-6587675,Mobile,+8550766587675
Mobitel-076-6587676,Mobile,+8550766587676
Mobitel-076-6587677,Mobile,+8550766587677
Mobitel-076-6587678,Mobile,+8550766587678
Mobitel-076-6587679,Mobile,+8550766587679
Mobitel-076-6587680,Mobile,+8550766587680
Mobitel-076-6587681,Mobile,+8550766587681
Mobitel-076-6587682,Mobile,+8550766587682
Mobitel-076-6587683,Mobile,+8550766587683
Mobitel-076-6587684,Mobile,+8550766587684
Mobitel-076-6587685,Mobile,+8550766587685
Mobitel-076-6587686,Mobile,+8550766587686
Mobitel-076-6587687,Mobile,+8550766587687
Mobitel-076-6587688,Mobile,+8550766587688
Mobitel-076-6587689,Mobile,+8550766587689
Mobitel-076-6587690,Mobile,+8550766587690
Mobitel-076-6587691,Mobile,+8550766587691
Mobitel-076-6587692,Mobile,+8550766587692
Mobitel-076-6587693,Mobile,+8550766587693
Mobitel-076-6587694,Mobile,+8550766587694
Mobitel-076-6587695,Mobile,+8550766587695
Mobitel-076-6587696,Mobile,+8550766587696
Mobitel-076-6587697,Mobile,+8550766587697
Mobitel-076-6587698,Mobile,+8550766587698
Mobitel-076-6587699,Mobile,+8550766587699
Mobitel-076-6587700,Mobile,+8550766587700
Mobitel-076-6587701,Mobile,+8550766587701
Mobitel-076-6587702,Mobile,+8550766587702
Mobitel-076-6587703,Mobile,+8550766587703
Mobitel-076-6587704,Mobile,+8550766587704
Mobitel-076-6587705,Mobile,+8550766587705
Mobitel-076-6587706,Mobile,+8550766587706
Mobitel-076-6587707,Mobile,+8550766587707
Mobitel-076-6587708,Mobile,+8550766587708
Mobitel-076-6587709,Mobile,+8550766587709
Mobitel-076-6587710,Mobile,+8550766587710
Mobitel-076-6587711,Mobile,+8550766587711
Mobitel-076-6587712,Mobile,+8550766587712
Mobitel-076-6587713,Mobile,+8550766587713
Mobitel-076-6587714,Mobile,+8550766587714
Mobitel-076-6587715,Mobile,+8550766587715
Mobitel-076-6587716,Mobile,+8550766587716
Mobitel-076-6587717,Mobile,+8550766587717
Mobitel-076-6587718,Mobile,+8550766587718
Mobitel-076-6587719,Mobile,+8550766587719
Mobitel-076-6587720,Mobile,+8550766587720
Mobitel-076-6587721,Mobile,+8550766587721
Mobitel-076-6587722,Mobile,+8550766587722
Mobitel-076-6587723,Mobile,+8550766587723
Mobitel-076-6587724,Mobile,+8550766587724
Mobitel-076-6587725,Mobile,+8550766587725
Mobitel-076-6587726,Mobile,+8550766587726
Mobitel-076-6587727,Mobile,+8550766587727
Mobitel-076-6587728,Mobile,+8550766587728
Mobitel-076-6587729,Mobile,+8550766587729
Mobitel-076-6587730,Mobile,+8550766587730
Mobitel-076-6587731,Mobile,+8550766587731
Mobitel-076-6587732,Mobile,+8550766587732
Mobitel-076-6587733,Mobile,+8550766587733
Mobitel-076-6587734,Mobile,+8550766587734
Mobitel-076-6587735,Mobile,+8550766587735
Mobitel-076-6587736,Mobile,+8550766587736
Mobitel-076-6587737,Mobile,+8550766587737
Mobitel-076-6587738,Mobile,+8550766587738
Mobitel-076-6587739,Mobile,+8550766587739
Mobitel-076-6587740,Mobile,+8550766587740
Mobitel-076-6587741,Mobile,+8550766587741
Mobitel-076-6587742,Mobile,+8550766587742
Mobitel-076-6587743,Mobile,+8550766587743
Mobitel-076-6587744,Mobile,+8550766587744
Mobitel-076-6587745,Mobile,+8550766587745
Mobitel-076-6587746,Mobile,+8550766587746
Mobitel-076-6587747,Mobile,+8550766587747
Mobitel-076-6587748,Mobile,+8550766587748
Mobitel-076-6587749,Mobile,+8550766587749
Mobitel-076-6587750,Mobile,+8550766587750
Mobitel-076-6587751,Mobile,+8550766587751
Mobitel-076-6587752,Mobile,+8550766587752
Mobitel-076-6587753,Mobile,+8550766587753
Mobitel-076-6587754,Mobile,+8550766587754
Mobitel-076-6587755,Mobile,+8550766587755
Mobitel-076-6587756,Mobile,+8550766587756
Mobitel-076-6587757,Mobile,+8550766587757
Mobitel-076-6587758,Mobile,+8550766587758
Mobitel-076-6587759,Mobile,+8550766587759
Mobitel-076-6587760,Mobile,+8550766587760
Mobitel-076-6587761,Mobile,+8550766587761
Mobitel-076-6587762,Mobile,+8550766587762
Mobitel-076-6587763,Mobile,+8550766587763
Mobitel-076-6587764,Mobile,+8550766587764
Mobitel-076-6587765,Mobile,+8550766587765
Mobitel-076-6587766,Mobile,+8550766587766
Mobitel-076-6587767,Mobile,+8550766587767
Mobitel-076-6587768,Mobile,+8550766587768
Mobitel-076-6587769,Mobile,+8550766587769
Mobitel-076-6587770,Mobile,+8550766587770
Mobitel-076-6587771,Mobile,+8550766587771
Mobitel-076-6587772,Mobile,+8550766587772
Mobitel-076-6587773,Mobile,+8550766587773
Mobitel-076-6587774,Mobile,+8550766587774
Mobitel-076-6587775,Mobile,+8550766587775
Mobitel-076-6587776,Mobile,+8550766587776
Mobitel-076-6587777,Mobile,+8550766587777
Mobitel-076-6587778,Mobile,+8550766587778
Mobitel-076-6587779,Mobile,+8550766587779
Mobitel-076-6587780,Mobile,+8550766587780
Mobitel-076-6587781,Mobile,+8550766587781
Mobitel-076-6587782,Mobile,+8550766587782
Mobitel-076-6587783,Mobile,+8550766587783
Mobitel-076-6587784,Mobile,+8550766587784
Mobitel-076-6587785,Mobile,+8550766587785
Mobitel-076-6587786,Mobile,+8550766587786
Mobitel-076-6587787,Mobile,+8550766587787
Mobitel-076-6587788,Mobile,+8550766587788
Mobitel-076-6587789,Mobile,+8550766587789
Mobitel-076-6587790,Mobile,+8550766587790
Mobitel-076-6587791,Mobile,+8550766587791
Mobitel-076-6587792,Mobile,+8550766587792
Mobitel-076-6587793,Mobile,+8550766587793
Mobitel-076-6587794,Mobile,+8550766587794
Mobitel-076-6587795,Mobile,+8550766587795
Mobitel-076-6587796,Mobile,+8550766587796
Mobitel-076-6587797,Mobile,+8550766587797
Mobitel-076-6587798,Mobile,+8550766587798
Mobitel-076-6587799,Mobile,+8550766587799
Mobitel-076-6587800,Mobile,+8550766587800
Mobitel-076-6587801,Mobile,+8550766587801
Mobitel-076-6587802,Mobile,+8550766587802
Mobitel-076-6587803,Mobile,+8550766587803
Mobitel-076-6587804,Mobile,+8550766587804
Mobitel-076-6587805,Mobile,+8550766587805
Mobitel-076-6587806,Mobile,+8550766587806
Mobitel-076-6587807,Mobile,+8550766587807
Mobitel-076-6587808,Mobile,+8550766587808
Mobitel-076-6587809,Mobile,+8550766587809
Mobitel-076-6587810,Mobile,+8550766587810
Mobitel-076-6587811,Mobile,+8550766587811
Mobitel-076-6587812,Mobile,+8550766587812
Mobitel-076-6587813,Mobile,+8550766587813
Mobitel-076-6587814,Mobile,+8550766587814
Mobitel-076-6587815,Mobile,+8550766587815
Mobitel-076-6587816,Mobile,+8550766587816
Mobitel-076-6587817,Mobile,+8550766587817
Mobitel-076-6587818,Mobile,+8550766587818
Mobitel-076-6587819,Mobile,+8550766587819
Mobitel-076-6587820,Mobile,+8550766587820
Mobitel-076-6587821,Mobile,+8550766587821
Mobitel-076-6587822,Mobile,+8550766587822
Mobitel-076-6587823,Mobile,+8550766587823
Mobitel-076-6587824,Mobile,+8550766587824
Mobitel-076-6587825,Mobile,+8550766587825
Mobitel-076-6587826,Mobile,+8550766587826
Mobitel-076-6587827,Mobile,+8550766587827
Mobitel-076-6587828,Mobile,+8550766587828
Mobitel-076-6587829,Mobile,+8550766587829
Mobitel-076-6587830,Mobile,+8550766587830
Mobitel-076-6587831,Mobile,+8550766587831
Mobitel-076-6587832,Mobile,+8550766587832
Mobitel-076-6587833,Mobile,+8550766587833
Mobitel-076-6587834,Mobile,+8550766587834
Mobitel-076-6587835,Mobile,+8550766587835
Mobitel-076-6587836,Mobile,+8550766587836
Mobitel-076-6587837,Mobile,+8550766587837
Mobitel-076-6587838,Mobile,+8550766587838
Mobitel-076-6587839,Mobile,+8550766587839
Mobitel-076-6587840,Mobile,+8550766587840
Mobitel-076-6587841,Mobile,+8550766587841
Mobitel-076-6587842,Mobile,+8550766587842
Mobitel-076-6587843,Mobile,+8550766587843
Mobitel-076-6587844,Mobile,+8550766587844
Mobitel-076-6587845,Mobile,+8550766587845
Mobitel-076-6587846,Mobile,+8550766587846
Mobitel-076-6587847,Mobile,+8550766587847
Mobitel-076-6587848,Mobile,+8550766587848
Mobitel-076-6587849,Mobile,+8550766587849
Mobitel-076-6587850,Mobile,+8550766587850
Mobitel-076-6587851,Mobile,+8550766587851
Mobitel-076-6587852,Mobile,+8550766587852
Mobitel-076-6587853,Mobile,+8550766587853
Mobitel-076-6587854,Mobile,+8550766587854
Mobitel-076-6587855,Mobile,+8550766587855
Mobitel-076-6587856,Mobile,+8550766587856
Mobitel-076-6587857,Mobile,+8550766587857
Mobitel-076-6587858,Mobile,+8550766587858
Mobitel-076-6587859,Mobile,+8550766587859
Mobitel-076-6587860,Mobile,+8550766587860
Mobitel-076-6587861,Mobile,+8550766587861
Mobitel-076-6587862,Mobile,+8550766587862
Mobitel-076-6587863,Mobile,+8550766587863
Mobitel-076-6587864,Mobile,+8550766587864
Mobitel-076-6587865,Mobile,+8550766587865
Mobitel-076-6587866,Mobile,+8550766587866
Mobitel-076-6587867,Mobile,+8550766587867
Mobitel-076-6587868,Mobile,+8550766587868
Mobitel-076-6587869,Mobile,+8550766587869
Mobitel-076-6587870,Mobile,+8550766587870
Mobitel-076-6587871,Mobile,+8550766587871
Mobitel-076-6587872,Mobile,+8550766587872
Mobitel-076-6587873,Mobile,+8550766587873
Mobitel-076-6587874,Mobile,+8550766587874
Mobitel-076-6587875,Mobile,+8550766587875
Mobitel-076-6587876,Mobile,+8550766587876
Mobitel-076-6587877,Mobile,+8550766587877
Mobitel-076-6587878,Mobile,+8550766587878
Mobitel-076-6587879,Mobile,+8550766587879
Mobitel-076-6587880,Mobile,+8550766587880
Mobitel-076-6587881,Mobile,+8550766587881
Mobitel-076-6587882,Mobile,+8550766587882
Mobitel-076-6587883,Mobile,+8550766587883
Mobitel-076-6587884,Mobile,+8550766587884
Mobitel-076-6587885,Mobile,+8550766587885
Mobitel-076-6587886,Mobile,+8550766587886
Mobitel-076-6587887,Mobile,+8550766587887
Mobitel-076-6587888,Mobile,+8550766587888
Mobitel-076-6587889,Mobile,+8550766587889
Mobitel-076-6587890,Mobile,+8550766587890
Mobitel-076-6587891,Mobile,+8550766587891
Mobitel-076-6587892,Mobile,+8550766587892
Mobitel-076-6587893,Mobile,+8550766587893
Mobitel-076-6587894,Mobile,+8550766587894
Mobitel-076-6587895,Mobile,+8550766587895
Mobitel-076-6587896,Mobile,+8550766587896
Mobitel-076-6587897,Mobile,+8550766587897
Mobitel-076-6587898,Mobile,+8550766587898
Mobitel-076-6587899,Mobile,+8550766587899
Mobitel-076-6587900,Mobile,+8550766587900
Mobitel-076-6587901,Mobile,+8550766587901
Mobitel-076-6587902,Mobile,+8550766587902
Mobitel-076-6587903,Mobile,+8550766587903
Mobitel-076-6587904,Mobile,+8550766587904
Mobitel-076-6587905,Mobile,+8550766587905
Mobitel-076-6587906,Mobile,+8550766587906
Mobitel-076-6587907,Mobile,+8550766587907
Mobitel-076-6587908,Mobile,+8550766587908
Mobitel-076-6587909,Mobile,+8550766587909
Mobitel-076-6587910,Mobile,+8550766587910
Mobitel-076-6587911,Mobile,+8550766587911
Mobitel-076-6587912,Mobile,+8550766587912
Mobitel-076-6587913,Mobile,+8550766587913
Mobitel-076-6587914,Mobile,+8550766587914
Mobitel-076-6587915,Mobile,+8550766587915
Mobitel-076-6587916,Mobile,+8550766587916
Mobitel-076-6587917,Mobile,+8550766587917
Mobitel-076-6587918,Mobile,+8550766587918
Mobitel-076-6587919,Mobile,+8550766587919
Mobitel-076-6587920,Mobile,+8550766587920
Mobitel-076-6587921,Mobile,+8550766587921
Mobitel-076-6587922,Mobile,+8550766587922
Mobitel-076-6587923,Mobile,+8550766587923
Mobitel-076-6587924,Mobile,+8550766587924
Mobitel-076-6587925,Mobile,+8550766587925
Mobitel-076-6587926,Mobile,+8550766587926
Mobitel-076-6587927,Mobile,+8550766587927
Mobitel-076-6587928,Mobile,+8550766587928
Mobitel-076-6587929,Mobile,+8550766587929
Mobitel-076-6587930,Mobile,+8550766587930
Mobitel-076-6587931,Mobile,+8550766587931
Mobitel-076-6587932,Mobile,+8550766587932
Mobitel-076-6587933,Mobile,+8550766587933
Mobitel-076-6587934,Mobile,+8550766587934
Mobitel-076-6587935,Mobile,+8550766587935
Mobitel-076-6587936,Mobile,+8550766587936
Mobitel-076-6587937,Mobile,+8550766587937
Mobitel-076-6587938,Mobile,+8550766587938
Mobitel-076-6587939,Mobile,+8550766587939
Mobitel-076-6587940,Mobile,+8550766587940
Mobitel-076-6587941,Mobile,+8550766587941
Mobitel-076-6587942,Mobile,+8550766587942
Mobitel-076-6587943,Mobile,+8550766587943
Mobitel-076-6587944,Mobile,+8550766587944
Mobitel-076-6587945,Mobile,+8550766587945
Mobitel-076-6587946,Mobile,+8550766587946
Mobitel-076-6587947,Mobile,+8550766587947
Mobitel-076-6587948,Mobile,+8550766587948
Mobitel-076-6587949,Mobile,+8550766587949
Mobitel-076-6587950,Mobile,+8550766587950
Mobitel-076-6587951,Mobile,+8550766587951
Mobitel-076-6587952,Mobile,+8550766587952
Mobitel-076-6587953,Mobile,+8550766587953
Mobitel-076-6587954,Mobile,+8550766587954
Mobitel-076-6587955,Mobile,+8550766587955
Mobitel-076-6587956,Mobile,+8550766587956
Mobitel-076-6587957,Mobile,+8550766587957
Mobitel-076-6587958,Mobile,+8550766587958
Mobitel-076-6587959,Mobile,+8550766587959
Mobitel-076-6587960,Mobile,+8550766587960
Mobitel-076-6587961,Mobile,+8550766587961
Mobitel-076-6587962,Mobile,+8550766587962
Mobitel-076-6587963,Mobile,+8550766587963
Mobitel-076-6587964,Mobile,+8550766587964
Mobitel-076-6587965,Mobile,+8550766587965
Mobitel-076-6587966,Mobile,+8550766587966
Mobitel-076-6587967,Mobile,+8550766587967
Mobitel-076-6587968,Mobile,+8550766587968
Mobitel-076-6587969,Mobile,+8550766587969
Mobitel-076-6587970,Mobile,+8550766587970
Mobitel-076-6587971,Mobile,+8550766587971
Mobitel-076-6587972,Mobile,+8550766587972
Mobitel-076-6587973,Mobile,+8550766587973
Mobitel-076-6587974,Mobile,+8550766587974
Mobitel-076-6587975,Mobile,+8550766587975
Mobitel-076-6587976,Mobile,+8550766587976
Mobitel-076-6587977,Mobile,+8550766587977
Mobitel-076-6587978,Mobile,+8550766587978
Mobitel-076-6587979,Mobile,+8550766587979
Mobitel-076-6587980,Mobile,+8550766587980
Mobitel-076-6587981,Mobile,+8550766587981
Mobitel-076-6587982,Mobile,+8550766587982
Mobitel-076-6587983,Mobile,+8550766587983
Mobitel-076-6587984,Mobile,+8550766587984
Mobitel-076-6587985,Mobile,+8550766587985
Mobitel-076-6587986,Mobile,+8550766587986
Mobitel-076-6587987,Mobile,+8550766587987
Mobitel-076-6587988,Mobile,+8550766587988
Mobitel-076-6587989,Mobile,+8550766587989
Mobitel-076-6587990,Mobile,+8550766587990
Mobitel-076-6587991,Mobile,+8550766587991
Mobitel-076-6587992,Mobile,+8550766587992
Mobitel-076-6587993,Mobile,+8550766587993
Mobitel-076-6587994,Mobile,+8550766587994
Mobitel-076-6587995,Mobile,+8550766587995
Mobitel-076-6587996,Mobile,+8550766587996
Mobitel-076-6587997,Mobile,+8550766587997
Mobitel-076-6587998,Mobile,+8550766587998
Mobitel-076-6587999,Mobile,+8550766587999
Mobitel-076-6588000,Mobile,+8550766588000
Mobitel-076-6588001,Mobile,+8550766588001
Mobitel-076-6588002,Mobile,+8550766588002
Mobitel-076-6588003,Mobile,+8550766588003
Mobitel-076-6588004,Mobile,+8550766588004
Mobitel-076-6588005,Mobile,+8550766588005
Mobitel-076-6588006,Mobile,+8550766588006
Mobitel-076-6588007,Mobile,+8550766588007
Mobitel-076-6588008,Mobile,+8550766588008
Mobitel-076-6588009,Mobile,+8550766588009
Mobitel-076-6588010,Mobile,+8550766588010
Mobitel-076-6588011,Mobile,+8550766588011
Mobitel-076-6588012,Mobile,+8550766588012
Mobitel-076-6588013,Mobile,+8550766588013
Mobitel-076-6588014,Mobile,+8550766588014
Mobitel-076-6588015,Mobile,+8550766588015
Mobitel-076-6588016,Mobile,+8550766588016
Mobitel-076-6588017,Mobile,+8550766588017
Mobitel-076-6588018,Mobile,+8550766588018
Mobitel-076-6588019,Mobile,+8550766588019
Mobitel-076-6588020,Mobile,+8550766588020
Mobitel-076-6588021,Mobile,+8550766588021
Mobitel-076-6588022,Mobile,+8550766588022
Mobitel-076-6588023,Mobile,+8550766588023
Mobitel-076-6588024,Mobile,+8550766588024
Mobitel-076-6588025,Mobile,+8550766588025
Mobitel-076-6588026,Mobile,+8550766588026
Mobitel-076-6588027,Mobile,+8550766588027
Mobitel-076-6588028,Mobile,+8550766588028
Mobitel-076-6588029,Mobile,+8550766588029
Mobitel-076-6588030,Mobile,+8550766588030
Mobitel-076-6588031,Mobile,+8550766588031
Mobitel-076-6588032,Mobile,+8550766588032
Mobitel-076-6588033,Mobile,+8550766588033
Mobitel-076-6588034,Mobile,+8550766588034
Mobitel-076-6588035,Mobile,+8550766588035
Mobitel-076-6588036,Mobile,+8550766588036
Mobitel-076-6588037,Mobile,+8550766588037
Mobitel-076-6588038,Mobile,+8550766588038
Mobitel-076-6588039,Mobile,+8550766588039
Mobitel-076-6588040,Mobile,+8550766588040
Mobitel-076-6588041,Mobile,+8550766588041
Mobitel-076-6588042,Mobile,+8550766588042
Mobitel-076-6588043,Mobile,+8550766588043
Mobitel-076-6588044,Mobile,+8550766588044
Mobitel-076-6588045,Mobile,+8550766588045
Mobitel-076-6588046,Mobile,+8550766588046
Mobitel-076-6588047,Mobile,+8550766588047
Mobitel-076-6588048,Mobile,+8550766588048
Mobitel-076-6588049,Mobile,+8550766588049
Mobitel-076-6588050,Mobile,+8550766588050
Mobitel-076-6588051,Mobile,+8550766588051
Mobitel-076-6588052,Mobile,+8550766588052
Mobitel-076-6588053,Mobile,+8550766588053
Mobitel-076-6588054,Mobile,+8550766588054
Mobitel-076-6588055,Mobile,+8550766588055
Mobitel-076-6588056,Mobile,+8550766588056
Mobitel-076-6588057,Mobile,+8550766588057
Mobitel-076-6588058,Mobile,+8550766588058
Mobitel-076-6588059,Mobile,+8550766588059
Mobitel-076-6588060,Mobile,+8550766588060
Mobitel-076-6588061,Mobile,+8550766588061
Mobitel-076-6588062,Mobile,+8550766588062
Mobitel-076-6588063,Mobile,+8550766588063
Mobitel-076-6588064,Mobile,+8550766588064
Mobitel-076-6588065,Mobile,+8550766588065
Mobitel-076-6588066,Mobile,+8550766588066
Mobitel-076-6588067,Mobile,+8550766588067
Mobitel-076-6588068,Mobile,+8550766588068
Mobitel-076-6588069,Mobile,+8550766588069
Mobitel-076-6588070,Mobile,+8550766588070
Mobitel-076-6588071,Mobile,+8550766588071
Mobitel-076-6588072,Mobile,+8550766588072
Mobitel-076-6588073,Mobile,+8550766588073
Mobitel-076-6588074,Mobile,+8550766588074
Mobitel-076-6588075,Mobile,+8550766588075
Mobitel-076-6588076,Mobile,+8550766588076
Mobitel-076-6588077,Mobile,+8550766588077
Mobitel-076-6588078,Mobile,+8550766588078
Mobitel-076-6588079,Mobile,+8550766588079
Mobitel-076-6588080,Mobile,+8550766588080
Mobitel-076-6588081,Mobile,+8550766588081
Mobitel-076-6588082,Mobile,+8550766588082
Mobitel-076-6588083,Mobile,+8550766588083
Mobitel-076-6588084,Mobile,+8550766588084
Mobitel-076-6588085,Mobile,+8550766588085
Mobitel-076-6588086,Mobile,+8550766588086
Mobitel-076-6588087,Mobile,+8550766588087
Mobitel-076-6588088,Mobile,+8550766588088
Mobitel-076-6588089,Mobile,+8550766588089
Mobitel-076-6588090,Mobile,+8550766588090
Mobitel-076-6588091,Mobile,+8550766588091
Mobitel-076-6588092,Mobile,+8550766588092
Mobitel-076-6588093,Mobile,+8550766588093
Mobitel-076-6588094,Mobile,+8550766588094
Mobitel-076-6588095,Mobile,+8550766588095
Mobitel-076-6588096,Mobile,+8550766588096
Mobitel-076-6588097,Mobile,+8550766588097
Mobitel-076-6588098,Mobile,+8550766588098
Mobitel-076-6588099,Mobile,+8550766588099
Mobitel-076-6588100,Mobile,+8550766588100
Mobitel-076-6588101,Mobile,+8550766588101
Mobitel-076-6588102,Mobile,+8550766588102
Mobitel-076-6588103,Mobile,+8550766588103
Mobitel-076-6588104,Mobile,+8550766588104
Mobitel-076-6588105,Mobile,+8550766588105
Mobitel-076-6588106,Mobile,+8550766588106
Mobitel-076-6588107,Mobile,+8550766588107
Mobitel-076-6588108,Mobile,+8550766588108
Mobitel-076-6588109,Mobile,+8550766588109
Mobitel-076-6588110,Mobile,+8550766588110
Mobitel-076-6588111,Mobile,+8550766588111
Mobitel-076-6588112,Mobile,+8550766588112
Mobitel-076-6588113,Mobile,+8550766588113
Mobitel-076-6588114,Mobile,+8550766588114
Mobitel-076-6588115,Mobile,+8550766588115
Mobitel-076-6588116,Mobile,+8550766588116
Mobitel-076-6588117,Mobile,+8550766588117
Mobitel-076-6588118,Mobile,+8550766588118
Mobitel-076-6588119,Mobile,+8550766588119
Mobitel-076-6588120,Mobile,+8550766588120
Mobitel-076-6588121,Mobile,+8550766588121
Mobitel-076-6588122,Mobile,+8550766588122
Mobitel-076-6588123,Mobile,+8550766588123
Mobitel-076-6588124,Mobile,+8550766588124
Mobitel-076-6588125,Mobile,+8550766588125
Mobitel-076-6588126,Mobile,+8550766588126
Mobitel-076-6588127,Mobile,+8550766588127
Mobitel-076-6588128,Mobile,+8550766588128
Mobitel-076-6588129,Mobile,+8550766588129
Mobitel-076-6588130,Mobile,+8550766588130
Mobitel-076-6588131,Mobile,+8550766588131
Mobitel-076-6588132,Mobile,+8550766588132
Mobitel-076-6588133,Mobile,+8550766588133
Mobitel-076-6588134,Mobile,+8550766588134
Mobitel-076-6588135,Mobile,+8550766588135
Mobitel-076-6588136,Mobile,+8550766588136
Mobitel-076-6588137,Mobile,+8550766588137
Mobitel-076-6588138,Mobile,+8550766588138
Mobitel-076-6588139,Mobile,+8550766588139
Mobitel-076-6588140,Mobile,+8550766588140
Mobitel-076-6588141,Mobile,+8550766588141
Mobitel-076-6588142,Mobile,+8550766588142
Mobitel-076-6588143,Mobile,+8550766588143
Mobitel-076-6588144,Mobile,+8550766588144
Mobitel-076-6588145,Mobile,+8550766588145
Mobitel-076-6588146,Mobile,+8550766588146
Mobitel-076-6588147,Mobile,+8550766588147
Mobitel-076-6588148,Mobile,+8550766588148
Mobitel-076-6588149,Mobile,+8550766588149
Mobitel-076-6588150,Mobile,+8550766588150
Mobitel-076-6588151,Mobile,+8550766588151
Mobitel-076-6588152,Mobile,+8550766588152
Mobitel-076-6588153,Mobile,+8550766588153
Mobitel-076-6588154,Mobile,+8550766588154
Mobitel-076-6588155,Mobile,+8550766588155
Mobitel-076-6588156,Mobile,+8550766588156
Mobitel-076-6588157,Mobile,+8550766588157
Mobitel-076-6588158,Mobile,+8550766588158
Mobitel-076-6588159,Mobile,+8550766588159
Mobitel-076-6588160,Mobile,+8550766588160
Mobitel-076-6588161,Mobile,+8550766588161
Mobitel-076-6588162,Mobile,+8550766588162
Mobitel-076-6588163,Mobile,+8550766588163
Mobitel-076-6588164,Mobile,+8550766588164
Mobitel-076-6588165,Mobile,+8550766588165
Mobitel-076-6588166,Mobile,+8550766588166
Mobitel-076-6588167,Mobile,+8550766588167
Mobitel-076-6588168,Mobile,+8550766588168
Mobitel-076-6588169,Mobile,+8550766588169
Mobitel-076-6588170,Mobile,+8550766588170
Mobitel-076-6588171,Mobile,+8550766588171
Mobitel-076-6588172,Mobile,+8550766588172
Mobitel-076-6588173,Mobile,+8550766588173
Mobitel-076-6588174,Mobile,+8550766588174
Mobitel-076-6588175,Mobile,+8550766588175
Mobitel-076-6588176,Mobile,+8550766588176
Mobitel-076-6588177,Mobile,+8550766588177
Mobitel-076-6588178,Mobile,+8550766588178
Mobitel-076-6588179,Mobile,+8550766588179
Mobitel-076-6588180,Mobile,+8550766588180
Mobitel-076-6588181,Mobile,+8550766588181
Mobitel-076-6588182,Mobile,+8550766588182
Mobitel-076-6588183,Mobile,+8550766588183
Mobitel-076-6588184,Mobile,+8550766588184
Mobitel-076-6588185,Mobile,+8550766588185
Mobitel-076-6588186,Mobile,+8550766588186
Mobitel-076-6588187,Mobile,+8550766588187
Mobitel-076-6588188,Mobile,+8550766588188
Mobitel-076-6588189,Mobile,+8550766588189
Mobitel-076-6588190,Mobile,+8550766588190
Mobitel-076-6588191,Mobile,+8550766588191
Mobitel-076-6588192,Mobile,+8550766588192
Mobitel-076-6588193,Mobile,+8550766588193
Mobitel-076-6588194,Mobile,+8550766588194
Mobitel-076-6588195,Mobile,+8550766588195
Mobitel-076-6588196,Mobile,+8550766588196
Mobitel-076-6588197,Mobile,+8550766588197
Mobitel-076-6588198,Mobile,+8550766588198
Mobitel-076-6588199,Mobile,+8550766588199
Mobitel-076-6588200,Mobile,+8550766588200
Mobitel-076-6588201,Mobile,+8550766588201
Mobitel-076-6588202,Mobile,+8550766588202
Mobitel-076-6588203,Mobile,+8550766588203
Mobitel-076-6588204,Mobile,+8550766588204
Mobitel-076-6588205,Mobile,+8550766588205
Mobitel-076-6588206,Mobile,+8550766588206
Mobitel-076-6588207,Mobile,+8550766588207
Mobitel-076-6588208,Mobile,+8550766588208
Mobitel-076-6588209,Mobile,+8550766588209
Mobitel-076-6588210,Mobile,+8550766588210
Mobitel-076-6588211,Mobile,+8550766588211
Mobitel-076-6588212,Mobile,+8550766588212
Mobitel-076-6588213,Mobile,+8550766588213
Mobitel-076-6588214,Mobile,+8550766588214
Mobitel-076-6588215,Mobile,+8550766588215
Mobitel-076-6588216,Mobile,+8550766588216
Mobitel-076-6588217,Mobile,+8550766588217
Mobitel-076-6588218,Mobile,+8550766588218
Mobitel-076-6588219,Mobile,+8550766588219
Mobitel-076-6588220,Mobile,+8550766588220
Mobitel-076-6588221,Mobile,+8550766588221
Mobitel-076-6588222,Mobile,+8550766588222
Mobitel-076-6588223,Mobile,+8550766588223
Mobitel-076-6588224,Mobile,+8550766588224
Mobitel-076-6588225,Mobile,+8550766588225
Mobitel-076-6588226,Mobile,+8550766588226
Mobitel-076-6588227,Mobile,+8550766588227
Mobitel-076-6588228,Mobile,+8550766588228
Mobitel-076-6588229,Mobile,+8550766588229
Mobitel-076-6588230,Mobile,+8550766588230
Mobitel-076-6588231,Mobile,+8550766588231
Mobitel-076-6588232,Mobile,+8550766588232
Mobitel-076-6588233,Mobile,+8550766588233
Mobitel-076-6588234,Mobile,+8550766588234
Mobitel-076-6588235,Mobile,+8550766588235
Mobitel-076-6588236,Mobile,+8550766588236
Mobitel-076-6588237,Mobile,+8550766588237
Mobitel-076-6588238,Mobile,+8550766588238
Mobitel-076-6588239,Mobile,+8550766588239
Mobitel-076-6588240,Mobile,+8550766588240
Mobitel-076-6588241,Mobile,+8550766588241
Mobitel-076-6588242,Mobile,+8550766588242
Mobitel-076-6588243,Mobile,+8550766588243
Mobitel-076-6588244,Mobile,+8550766588244
Mobitel-076-6588245,Mobile,+8550766588245
Mobitel-076-6588246,Mobile,+8550766588246
Mobitel-076-6588247,Mobile,+8550766588247
Mobitel-076-6588248,Mobile,+8550766588248
Mobitel-076-6588249,Mobile,+8550766588249
Mobitel-076-6588250,Mobile,+8550766588250
Mobitel-076-6588251,Mobile,+8550766588251
Mobitel-076-6588252,Mobile,+8550766588252
Mobitel-076-6588253,Mobile,+8550766588253
Mobitel-076-6588254,Mobile,+8550766588254
Mobitel-076-6588255,Mobile,+8550766588255
Mobitel-076-6588256,Mobile,+8550766588256
Mobitel-076-6588257,Mobile,+8550766588257
Mobitel-076-6588258,Mobile,+8550766588258
Mobitel-076-6588259,Mobile,+8550766588259
Mobitel-076-6588260,Mobile,+8550766588260
Mobitel-076-6588261,Mobile,+8550766588261
Mobitel-076-6588262,Mobile,+8550766588262
Mobitel-076-6588263,Mobile,+8550766588263
Mobitel-076-6588264,Mobile,+8550766588264
Mobitel-076-6588265,Mobile,+8550766588265
Mobitel-076-6588266,Mobile,+8550766588266
Mobitel-076-6588267,Mobile,+8550766588267
Mobitel-076-6588268,Mobile,+8550766588268
Mobitel-076-6588269,Mobile,+8550766588269
Mobitel-076-6588270,Mobile,+8550766588270
Mobitel-076-6588271,Mobile,+8550766588271
Mobitel-076-6588272,Mobile,+8550766588272
Mobitel-076-6588273,Mobile,+8550766588273
Mobitel-076-6588274,Mobile,+8550766588274
Mobitel-076-6588275,Mobile,+8550766588275
Mobitel-076-6588276,Mobile,+8550766588276
Mobitel-076-6588277,Mobile,+8550766588277
Mobitel-076-6588278,Mobile,+8550766588278
Mobitel-076-6588279,Mobile,+8550766588279
Mobitel-076-6588280,Mobile,+8550766588280
Mobitel-076-6588281,Mobile,+8550766588281
Mobitel-076-6588282,Mobile,+8550766588282
Mobitel-076-6588283,Mobile,+8550766588283
Mobitel-076-6588284,Mobile,+8550766588284
Mobitel-076-6588285,Mobile,+8550766588285
Mobitel-076-6588286,Mobile,+8550766588286
Mobitel-076-6588287,Mobile,+8550766588287
Mobitel-076-6588288,Mobile,+8550766588288
Mobitel-076-6588289,Mobile,+8550766588289
Mobitel-076-6588290,Mobile,+8550766588290
Mobitel-076-6588291,Mobile,+8550766588291
Mobitel-076-6588292,Mobile,+8550766588292
Mobitel-076-6588293,Mobile,+8550766588293
Mobitel-076-6588294,Mobile,+8550766588294
Mobitel-076-6588295,Mobile,+8550766588295
Mobitel-076-6588296,Mobile,+8550766588296
Mobitel-076-6588297,Mobile,+8550766588297
Mobitel-076-6588298,Mobile,+8550766588298
Mobitel-076-6588299,Mobile,+8550766588299
Mobitel-076-6588300,Mobile,+8550766588300
Mobitel-076-6588301,Mobile,+8550766588301
Mobitel-076-6588302,Mobile,+8550766588302
Mobitel-076-6588303,Mobile,+8550766588303
Mobitel-076-6588304,Mobile,+8550766588304
Mobitel-076-6588305,Mobile,+8550766588305
Mobitel-076-6588306,Mobile,+8550766588306
Mobitel-076-6588307,Mobile,+8550766588307
Mobitel-076-6588308,Mobile,+8550766588308
Mobitel-076-6588309,Mobile,+8550766588309
Mobitel-076-6588310,Mobile,+8550766588310
Mobitel-076-6588311,Mobile,+8550766588311
Mobitel-076-6588312,Mobile,+8550766588312
Mobitel-076-6588313,Mobile,+8550766588313
Mobitel-076-6588314,Mobile,+8550766588314
Mobitel-076-6588315,Mobile,+8550766588315
Mobitel-076-6588316,Mobile,+8550766588316
Mobitel-076-6588317,Mobile,+8550766588317
Mobitel-076-6588318,Mobile,+8550766588318
Mobitel-076-6588319,Mobile,+8550766588319
Mobitel-076-6588320,Mobile,+8550766588320
Mobitel-076-6588321,Mobile,+8550766588321
Mobitel-076-6588322,Mobile,+8550766588322
Mobitel-076-6588323,Mobile,+8550766588323
Mobitel-076-6588324,Mobile,+8550766588324
Mobitel-076-6588325,Mobile,+8550766588325
Mobitel-076-6588326,Mobile,+8550766588326
Mobitel-076-6588327,Mobile,+8550766588327
Mobitel-076-6588328,Mobile,+8550766588328
Mobitel-076-6588329,Mobile,+8550766588329
Mobitel-076-6588330,Mobile,+8550766588330
Mobitel-076-6588331,Mobile,+8550766588331
Mobitel-076-6588332,Mobile,+8550766588332
Mobitel-076-6588333,Mobile,+8550766588333
Mobitel-076-6588334,Mobile,+8550766588334
Mobitel-076-6588335,Mobile,+8550766588335
Mobitel-076-6588336,Mobile,+8550766588336
Mobitel-076-6588337,Mobile,+8550766588337
Mobitel-076-6588338,Mobile,+8550766588338
Mobitel-076-6588339,Mobile,+8550766588339
Mobitel-076-6588340,Mobile,+8550766588340
Mobitel-076-6588341,Mobile,+8550766588341
Mobitel-076-6588342,Mobile,+8550766588342
Mobitel-076-6588343,Mobile,+8550766588343
Mobitel-076-6588344,Mobile,+8550766588344
Mobitel-076-6588345,Mobile,+8550766588345
Mobitel-076-6588346,Mobile,+8550766588346
Mobitel-076-6588347,Mobile,+8550766588347
Mobitel-076-6588348,Mobile,+8550766588348
Mobitel-076-6588349,Mobile,+8550766588349
Mobitel-076-6588350,Mobile,+8550766588350
Mobitel-076-6588351,Mobile,+8550766588351
Mobitel-076-6588352,Mobile,+8550766588352
Mobitel-076-6588353,Mobile,+8550766588353
Mobitel-076-6588354,Mobile,+8550766588354
Mobitel-076-6588355,Mobile,+8550766588355
Mobitel-076-6588356,Mobile,+8550766588356
Mobitel-076-6588357,Mobile,+8550766588357
Mobitel-076-6588358,Mobile,+8550766588358
Mobitel-076-6588359,Mobile,+8550766588359
Mobitel-076-6588360,Mobile,+8550766588360
Mobitel-076-6588361,Mobile,+8550766588361
Mobitel-076-6588362,Mobile,+8550766588362
Mobitel-076-6588363,Mobile,+8550766588363
Mobitel-076-6588364,Mobile,+8550766588364
Mobitel-076-6588365,Mobile,+8550766588365
Mobitel-076-6588366,Mobile,+8550766588366
Mobitel-076-6588367,Mobile,+8550766588367
Mobitel-076-6588368,Mobile,+8550766588368
Mobitel-076-6588369,Mobile,+8550766588369
Mobitel-076-6588370,Mobile,+8550766588370
Mobitel-076-6588371,Mobile,+8550766588371
Mobitel-076-6588372,Mobile,+8550766588372
Mobitel-076-6588373,Mobile,+8550766588373
Mobitel-076-6588374,Mobile,+8550766588374
Mobitel-076-6588375,Mobile,+8550766588375
Mobitel-076-6588376,Mobile,+8550766588376
Mobitel-076-6588377,Mobile,+8550766588377
Mobitel-076-6588378,Mobile,+8550766588378
Mobitel-076-6588379,Mobile,+8550766588379
Mobitel-076-6588380,Mobile,+8550766588380
Mobitel-076-6588381,Mobile,+8550766588381
Mobitel-076-6588382,Mobile,+8550766588382
Mobitel-076-6588383,Mobile,+8550766588383
Mobitel-076-6588384,Mobile,+8550766588384
Mobitel-076-6588385,Mobile,+8550766588385
Mobitel-076-6588386,Mobile,+8550766588386
Mobitel-076-6588387,Mobile,+8550766588387
Mobitel-076-6588388,Mobile,+8550766588388
Mobitel-076-6588389,Mobile,+8550766588389
Mobitel-076-6588390,Mobile,+8550766588390
Mobitel-076-6588391,Mobile,+8550766588391
Mobitel-076-6588392,Mobile,+8550766588392
Mobitel-076-6588393,Mobile,+8550766588393
Mobitel-076-6588394,Mobile,+8550766588394
Mobitel-076-6588395,Mobile,+8550766588395
Mobitel-076-6588396,Mobile,+8550766588396
Mobitel-076-6588397,Mobile,+8550766588397
Mobitel-076-6588398,Mobile,+8550766588398
Mobitel-076-6588399,Mobile,+8550766588399
Mobitel-076-6588400,Mobile,+8550766588400
Mobitel-076-6588401,Mobile,+8550766588401
Mobitel-076-6588402,Mobile,+8550766588402
Mobitel-076-6588403,Mobile,+8550766588403
Mobitel-076-6588404,Mobile,+8550766588404
Mobitel-076-6588405,Mobile,+8550766588405
Mobitel-076-6588406,Mobile,+8550766588406
Mobitel-076-6588407,Mobile,+8550766588407
Mobitel-076-6588408,Mobile,+8550766588408
Mobitel-076-6588409,Mobile,+8550766588409
Mobitel-076-6588410,Mobile,+8550766588410
Mobitel-076-6588411,Mobile,+8550766588411
Mobitel-076-6588412,Mobile,+8550766588412
Mobitel-076-6588413,Mobile,+8550766588413
Mobitel-076-6588414,Mobile,+8550766588414
Mobitel-076-6588415,Mobile,+8550766588415
Mobitel-076-6588416,Mobile,+8550766588416
Mobitel-076-6588417,Mobile,+8550766588417
Mobitel-076-6588418,Mobile,+8550766588418
Mobitel-076-6588419,Mobile,+8550766588419
Mobitel-076-6588420,Mobile,+8550766588420
Mobitel-076-6588421,Mobile,+8550766588421
Mobitel-076-6588422,Mobile,+8550766588422
Mobitel-076-6588423,Mobile,+8550766588423
Mobitel-076-6588424,Mobile,+8550766588424
Mobitel-076-6588425,Mobile,+8550766588425
Mobitel-076-6588426,Mobile,+8550766588426
Mobitel-076-6588427,Mobile,+8550766588427
Mobitel-076-6588428,Mobile,+8550766588428
Mobitel-076-6588429,Mobile,+8550766588429
Mobitel-076-6588430,Mobile,+8550766588430
Mobitel-076-6588431,Mobile,+8550766588431
Mobitel-076-6588432,Mobile,+8550766588432
Mobitel-076-6588433,Mobile,+8550766588433
Mobitel-076-6588434,Mobile,+8550766588434
Mobitel-076-6588435,Mobile,+8550766588435
Mobitel-076-6588436,Mobile,+8550766588436
Mobitel-076-6588437,Mobile,+8550766588437
Mobitel-076-6588438,Mobile,+8550766588438
Mobitel-076-6588439,Mobile,+8550766588439
Mobitel-076-6588440,Mobile,+8550766588440
Mobitel-076-6588441,Mobile,+8550766588441
Mobitel-076-6588442,Mobile,+8550766588442
Mobitel-076-6588443,Mobile,+8550766588443
Mobitel-076-6588444,Mobile,+8550766588444
Mobitel-076-6588445,Mobile,+8550766588445
Mobitel-076-6588446,Mobile,+8550766588446
Mobitel-076-6588447,Mobile,+8550766588447
Mobitel-076-6588448,Mobile,+8550766588448
Mobitel-076-6588449,Mobile,+8550766588449
Mobitel-076-6588450,Mobile,+8550766588450
Mobitel-076-6588451,Mobile,+8550766588451
Mobitel-076-6588452,Mobile,+8550766588452
Mobitel-076-6588453,Mobile,+8550766588453
Mobitel-076-6588454,Mobile,+8550766588454
Mobitel-076-6588455,Mobile,+8550766588455
Mobitel-076-6588456,Mobile,+8550766588456
Mobitel-076-6588457,Mobile,+8550766588457
Mobitel-076-6588458,Mobile,+8550766588458
Mobitel-076-6588459,Mobile,+8550766588459
Mobitel-076-6588460,Mobile,+8550766588460
Mobitel-076-6588461,Mobile,+8550766588461
Mobitel-076-6588462,Mobile,+8550766588462
Mobitel-076-6588463,Mobile,+8550766588463
Mobitel-076-6588464,Mobile,+8550766588464
Mobitel-076-6588465,Mobile,+8550766588465
Mobitel-076-6588466,Mobile,+8550766588466
Mobitel-076-6588467,Mobile,+8550766588467
Mobitel-076-6588468,Mobile,+8550766588468
Mobitel-076-6588469,Mobile,+8550766588469
Mobitel-076-6588470,Mobile,+8550766588470
Mobitel-076-6588471,Mobile,+8550766588471
Mobitel-076-6588472,Mobile,+8550766588472
Mobitel-076-6588473,Mobile,+8550766588473
Mobitel-076-6588474,Mobile,+8550766588474
Mobitel-076-6588475,Mobile,+8550766588475
Mobitel-076-6588476,Mobile,+8550766588476
Mobitel-076-6588477,Mobile,+8550766588477
Mobitel-076-6588478,Mobile,+8550766588478
Mobitel-076-6588479,Mobile,+8550766588479
Mobitel-076-6588480,Mobile,+8550766588480
Mobitel-076-6588481,Mobile,+8550766588481
Mobitel-076-6588482,Mobile,+8550766588482
Mobitel-076-6588483,Mobile,+8550766588483
Mobitel-076-6588484,Mobile,+8550766588484
Mobitel-076-6588485,Mobile,+8550766588485
Mobitel-076-6588486,Mobile,+8550766588486
Mobitel-076-6588487,Mobile,+8550766588487
Mobitel-076-6588488,Mobile,+8550766588488
Mobitel-076-6588489,Mobile,+8550766588489
Mobitel-076-6588490,Mobile,+8550766588490
Mobitel-076-6588491,Mobile,+8550766588491
Mobitel-076-6588492,Mobile,+8550766588492
Mobitel-076-6588493,Mobile,+8550766588493
Mobitel-076-6588494,Mobile,+8550766588494
Mobitel-076-6588495,Mobile,+8550766588495
Mobitel-076-6588496,Mobile,+8550766588496
Mobitel-076-6588497,Mobile,+8550766588497
Mobitel-076-6588498,Mobile,+8550766588498
Mobitel-076-6588499,Mobile,+8550766588499
Mobitel-076-6588500,Mobile,+8550766588500
Mobitel-076-6588501,Mobile,+8550766588501
Mobitel-076-6588502,Mobile,+8550766588502
Mobitel-076-6588503,Mobile,+8550766588503
Mobitel-076-6588504,Mobile,+8550766588504
Mobitel-076-6588505,Mobile,+8550766588505
Mobitel-076-6588506,Mobile,+8550766588506
Mobitel-076-6588507,Mobile,+8550766588507
Mobitel-076-6588508,Mobile,+8550766588508
Mobitel-076-6588509,Mobile,+8550766588509
Mobitel-076-6588510,Mobile,+8550766588510
Mobitel-076-6588511,Mobile,+8550766588511
Mobitel-076-6588512,Mobile,+8550766588512
Mobitel-076-6588513,Mobile,+8550766588513
Mobitel-076-6588514,Mobile,+8550766588514
Mobitel-076-6588515,Mobile,+8550766588515
Mobitel-076-6588516,Mobile,+8550766588516
Mobitel-076-6588517,Mobile,+8550766588517
Mobitel-076-6588518,Mobile,+8550766588518
Mobitel-076-6588519,Mobile,+8550766588519
Mobitel-076-6588520,Mobile,+8550766588520
Mobitel-076-6588521,Mobile,+8550766588521
Mobitel-076-6588522,Mobile,+8550766588522
Mobitel-076-6588523,Mobile,+8550766588523
Mobitel-076-6588524,Mobile,+8550766588524
Mobitel-076-6588525,Mobile,+8550766588525
Mobitel-076-6588526,Mobile,+8550766588526
Mobitel-076-6588527,Mobile,+8550766588527
Mobitel-076-6588528,Mobile,+8550766588528
Mobitel-076-6588529,Mobile,+8550766588529
Mobitel-076-6588530,Mobile,+8550766588530
Mobitel-076-6588531,Mobile,+8550766588531
Mobitel-076-6588532,Mobile,+8550766588532
Mobitel-076-6588533,Mobile,+8550766588533
Mobitel-076-6588534,Mobile,+8550766588534
Mobitel-076-6588535,Mobile,+8550766588535
Mobitel-076-6588536,Mobile,+8550766588536
Mobitel-076-6588537,Mobile,+8550766588537
Mobitel-076-6588538,Mobile,+8550766588538
Mobitel-076-6588539,Mobile,+8550766588539
Mobitel-076-6588540,Mobile,+8550766588540
Mobitel-076-6588541,Mobile,+8550766588541
Mobitel-076-6588542,Mobile,+8550766588542
Mobitel-076-6588543,Mobile,+8550766588543
Mobitel-076-6588544,Mobile,+8550766588544
Mobitel-076-6588545,Mobile,+8550766588545
Mobitel-076-6588546,Mobile,+8550766588546
Mobitel-076-6588547,Mobile,+8550766588547
Mobitel-076-6588548,Mobile,+8550766588548
Mobitel-076-6588549,Mobile,+8550766588549
Mobitel-076-6588550,Mobile,+8550766588550
Mobitel-076-6588551,Mobile,+8550766588551
Mobitel-076-6588552,Mobile,+8550766588552
Mobitel-076-6588553,Mobile,+8550766588553
Mobitel-076-6588554,Mobile,+8550766588554
Mobitel-076-6588555,Mobile,+8550766588555
Mobitel-076-6588556,Mobile,+8550766588556
Mobitel-076-6588557,Mobile,+8550766588557
Mobitel-076-6588558,Mobile,+8550766588558
Mobitel-076-6588559,Mobile,+8550766588559
Mobitel-076-6588560,Mobile,+8550766588560
Mobitel-076-6588561,Mobile,+8550766588561
Mobitel-076-6588562,Mobile,+8550766588562
Mobitel-076-6588563,Mobile,+8550766588563
Mobitel-076-6588564,Mobile,+8550766588564
Mobitel-076-6588565,Mobile,+8550766588565
Mobitel-076-6588566,Mobile,+8550766588566
Mobitel-076-6588567,Mobile,+8550766588567
Mobitel-076-6588568,Mobile,+8550766588568
Mobitel-076-6588569,Mobile,+8550766588569
Mobitel-076-6588570,Mobile,+8550766588570
Mobitel-076-6588571,Mobile,+8550766588571
Mobitel-076-6588572,Mobile,+8550766588572
Mobitel-076-6588573,Mobile,+8550766588573
Mobitel-076-6588574,Mobile,+8550766588574
Mobitel-076-6588575,Mobile,+8550766588575
Mobitel-076-6588576,Mobile,+8550766588576
Mobitel-076-6588577,Mobile,+8550766588577
Mobitel-076-6588578,Mobile,+8550766588578
Mobitel-076-6588579,Mobile,+8550766588579
Mobitel-076-6588580,Mobile,+8550766588580
Mobitel-076-6588581,Mobile,+8550766588581
Mobitel-076-6588582,Mobile,+8550766588582
Mobitel-076-6588583,Mobile,+8550766588583
Mobitel-076-6588584,Mobile,+8550766588584
Mobitel-076-6588585,Mobile,+8550766588585
Mobitel-076-6588586,Mobile,+8550766588586
Mobitel-076-6588587,Mobile,+8550766588587
Mobitel-076-6588588,Mobile,+8550766588588
Mobitel-076-6588589,Mobile,+8550766588589
Mobitel-076-6588590,Mobile,+8550766588590
Mobitel-076-6588591,Mobile,+8550766588591
Mobitel-076-6588592,Mobile,+8550766588592
Mobitel-076-6588593,Mobile,+8550766588593
Mobitel-076-6588594,Mobile,+8550766588594
Mobitel-076-6588595,Mobile,+8550766588595
Mobitel-076-6588596,Mobile,+8550766588596
Mobitel-076-6588597,Mobile,+8550766588597
Mobitel-076-6588598,Mobile,+8550766588598
Mobitel-076-6588599,Mobile,+8550766588599
Mobitel-076-6588600,Mobile,+8550766588600
Mobitel-076-6588601,Mobile,+8550766588601
Mobitel-076-6588602,Mobile,+8550766588602
Mobitel-076-6588603,Mobile,+8550766588603
Mobitel-076-6588604,Mobile,+8550766588604
Mobitel-076-6588605,Mobile,+8550766588605
Mobitel-076-6588606,Mobile,+8550766588606
Mobitel-076-6588607,Mobile,+8550766588607
Mobitel-076-6588608,Mobile,+8550766588608
Mobitel-076-6588609,Mobile,+8550766588609
Mobitel-076-6588610,Mobile,+8550766588610
Mobitel-076-6588611,Mobile,+8550766588611
Mobitel-076-6588612,Mobile,+8550766588612
Mobitel-076-6588613,Mobile,+8550766588613
Mobitel-076-6588614,Mobile,+8550766588614
Mobitel-076-6588615,Mobile,+8550766588615
Mobitel-076-6588616,Mobile,+8550766588616
Mobitel-076-6588617,Mobile,+8550766588617
Mobitel-076-6588618,Mobile,+8550766588618
Mobitel-076-6588619,Mobile,+8550766588619
Mobitel-076-6588620,Mobile,+8550766588620
Mobitel-076-6588621,Mobile,+8550766588621
Mobitel-076-6588622,Mobile,+8550766588622
Mobitel-076-6588623,Mobile,+8550766588623
Mobitel-076-6588624,Mobile,+8550766588624
Mobitel-076-6588625,Mobile,+8550766588625
Mobitel-076-6588626,Mobile,+8550766588626
Mobitel-076-6588627,Mobile,+8550766588627
Mobitel-076-6588628,Mobile,+8550766588628
Mobitel-076-6588629,Mobile,+8550766588629
Mobitel-076-6588630,Mobile,+8550766588630
Mobitel-076-6588631,Mobile,+8550766588631
Mobitel-076-6588632,Mobile,+8550766588632
Mobitel-076-6588633,Mobile,+8550766588633
Mobitel-076-6588634,Mobile,+8550766588634
Mobitel-076-6588635,Mobile,+8550766588635
Mobitel-076-6588636,Mobile,+8550766588636
Mobitel-076-6588637,Mobile,+8550766588637
Mobitel-076-6588638,Mobile,+8550766588638
Mobitel-076-6588639,Mobile,+8550766588639
Mobitel-076-6588640,Mobile,+8550766588640
Mobitel-076-6588641,Mobile,+8550766588641
Mobitel-076-6588642,Mobile,+8550766588642
Mobitel-076-6588643,Mobile,+8550766588643
Mobitel-076-6588644,Mobile,+8550766588644
Mobitel-076-6588645,Mobile,+8550766588645
Mobitel-076-6588646,Mobile,+8550766588646
Mobitel-076-6588647,Mobile,+8550766588647
Mobitel-076-6588648,Mobile,+8550766588648
Mobitel-076-6588649,Mobile,+8550766588649
Mobitel-076-6588650,Mobile,+8550766588650
Mobitel-076-6588651,Mobile,+8550766588651
Mobitel-076-6588652,Mobile,+8550766588652
Mobitel-076-6588653,Mobile,+8550766588653
Mobitel-076-6588654,Mobile,+8550766588654
Mobitel-076-6588655,Mobile,+8550766588655
Mobitel-076-6588656,Mobile,+8550766588656
Mobitel-076-6588657,Mobile,+8550766588657
Mobitel-076-6588658,Mobile,+8550766588658
Mobitel-076-6588659,Mobile,+8550766588659
Mobitel-076-6588660,Mobile,+8550766588660
Mobitel-076-6588661,Mobile,+8550766588661
Mobitel-076-6588662,Mobile,+8550766588662
Mobitel-076-6588663,Mobile,+8550766588663
Mobitel-076-6588664,Mobile,+8550766588664
Mobitel-076-6588665,Mobile,+8550766588665
Mobitel-076-6588666,Mobile,+8550766588666
Mobitel-076-6588667,Mobile,+8550766588667
Mobitel-076-6588668,Mobile,+8550766588668
Mobitel-076-6588669,Mobile,+8550766588669
Mobitel-076-6588670,Mobile,+8550766588670
Mobitel-076-6588671,Mobile,+8550766588671
Mobitel-076-6588672,Mobile,+8550766588672
Mobitel-076-6588673,Mobile,+8550766588673
Mobitel-076-6588674,Mobile,+8550766588674
Mobitel-076-6588675,Mobile,+8550766588675
Mobitel-076-6588676,Mobile,+8550766588676
Mobitel-076-6588677,Mobile,+8550766588677
Mobitel-076-6588678,Mobile,+8550766588678
Mobitel-076-6588679,Mobile,+8550766588679
Mobitel-076-6588680,Mobile,+8550766588680
Mobitel-076-6588681,Mobile,+8550766588681
Mobitel-076-6588682,Mobile,+8550766588682
Mobitel-076-6588683,Mobile,+8550766588683
Mobitel-076-6588684,Mobile,+8550766588684
Mobitel-076-6588685,Mobile,+8550766588685
Mobitel-076-6588686,Mobile,+8550766588686
Mobitel-076-6588687,Mobile,+8550766588687
Mobitel-076-6588688,Mobile,+8550766588688
Mobitel-076-6588689,Mobile,+8550766588689
Mobitel-076-6588690,Mobile,+8550766588690
Mobitel-076-6588691,Mobile,+8550766588691
Mobitel-076-6588692,Mobile,+8550766588692
Mobitel-076-6588693,Mobile,+8550766588693
Mobitel-076-6588694,Mobile,+8550766588694
Mobitel-076-6588695,Mobile,+8550766588695
Mobitel-076-6588696,Mobile,+8550766588696
Mobitel-076-6588697,Mobile,+8550766588697
Mobitel-076-6588698,Mobile,+8550766588698
Mobitel-076-6588699,Mobile,+8550766588699
Mobitel-076-6588700,Mobile,+8550766588700
Mobitel-076-6588701,Mobile,+8550766588701
Mobitel-076-6588702,Mobile,+8550766588702
Mobitel-076-6588703,Mobile,+8550766588703
Mobitel-076-6588704,Mobile,+8550766588704
Mobitel-076-6588705,Mobile,+8550766588705
Mobitel-076-6588706,Mobile,+8550766588706
Mobitel-076-6588707,Mobile,+8550766588707
Mobitel-076-6588708,Mobile,+8550766588708
Mobitel-076-6588709,Mobile,+8550766588709
Mobitel-076-6588710,Mobile,+8550766588710
Mobitel-076-6588711,Mobile,+8550766588711
Mobitel-076-6588712,Mobile,+8550766588712
Mobitel-076-6588713,Mobile,+8550766588713
Mobitel-076-6588714,Mobile,+8550766588714
Mobitel-076-6588715,Mobile,+8550766588715
Mobitel-076-6588716,Mobile,+8550766588716
Mobitel-076-6588717,Mobile,+8550766588717
Mobitel-076-6588718,Mobile,+8550766588718
Mobitel-076-6588719,Mobile,+8550766588719
Mobitel-076-6588720,Mobile,+8550766588720
Mobitel-076-6588721,Mobile,+8550766588721
Mobitel-076-6588722,Mobile,+8550766588722
Mobitel-076-6588723,Mobile,+8550766588723
Mobitel-076-6588724,Mobile,+8550766588724
Mobitel-076-6588725,Mobile,+8550766588725
Mobitel-076-6588726,Mobile,+8550766588726
Mobitel-076-6588727,Mobile,+8550766588727
Mobitel-076-6588728,Mobile,+8550766588728
Mobitel-076-6588729,Mobile,+8550766588729
Mobitel-076-6588730,Mobile,+8550766588730
Mobitel-076-6588731,Mobile,+8550766588731
Mobitel-076-6588732,Mobile,+8550766588732
Mobitel-076-6588733,Mobile,+8550766588733
Mobitel-076-6588734,Mobile,+8550766588734
Mobitel-076-6588735,Mobile,+8550766588735
Mobitel-076-6588736,Mobile,+8550766588736
Mobitel-076-6588737,Mobile,+8550766588737
Mobitel-076-6588738,Mobile,+8550766588738
Mobitel-076-6588739,Mobile,+8550766588739
Mobitel-076-6588740,Mobile,+8550766588740
Mobitel-076-6588741,Mobile,+8550766588741
Mobitel-076-6588742,Mobile,+8550766588742
Mobitel-076-6588743,Mobile,+8550766588743
Mobitel-076-6588744,Mobile,+8550766588744
Mobitel-076-6588745,Mobile,+8550766588745
Mobitel-076-6588746,Mobile,+8550766588746
Mobitel-076-6588747,Mobile,+8550766588747
Mobitel-076-6588748,Mobile,+8550766588748
Mobitel-076-6588749,Mobile,+8550766588749
Mobitel-076-6588750,Mobile,+8550766588750
Mobitel-076-6588751,Mobile,+8550766588751
Mobitel-076-6588752,Mobile,+8550766588752
Mobitel-076-6588753,Mobile,+8550766588753
Mobitel-076-6588754,Mobile,+8550766588754
Mobitel-076-6588755,Mobile,+8550766588755
Mobitel-076-6588756,Mobile,+8550766588756
Mobitel-076-6588757,Mobile,+8550766588757
Mobitel-076-6588758,Mobile,+8550766588758
Mobitel-076-6588759,Mobile,+8550766588759
Mobitel-076-6588760,Mobile,+8550766588760
Mobitel-076-6588761,Mobile,+8550766588761
Mobitel-076-6588762,Mobile,+8550766588762
Mobitel-076-6588763,Mobile,+8550766588763
Mobitel-076-6588764,Mobile,+8550766588764
Mobitel-076-6588765,Mobile,+8550766588765
Mobitel-076-6588766,Mobile,+8550766588766
Mobitel-076-6588767,Mobile,+8550766588767
Mobitel-076-6588768,Mobile,+8550766588768
Mobitel-076-6588769,Mobile,+8550766588769
Mobitel-076-6588770,Mobile,+8550766588770
Mobitel-076-6588771,Mobile,+8550766588771
Mobitel-076-6588772,Mobile,+8550766588772
Mobitel-076-6588773,Mobile,+8550766588773
Mobitel-076-6588774,Mobile,+8550766588774
Mobitel-076-6588775,Mobile,+8550766588775
Mobitel-076-6588776,Mobile,+8550766588776
Mobitel-076-6588777,Mobile,+8550766588777
Mobitel-076-6588778,Mobile,+8550766588778
Mobitel-076-6588779,Mobile,+8550766588779
Mobitel-076-6588780,Mobile,+8550766588780
Mobitel-076-6588781,Mobile,+8550766588781
Mobitel-076-6588782,Mobile,+8550766588782
Mobitel-076-6588783,Mobile,+8550766588783
Mobitel-076-6588784,Mobile,+8550766588784
Mobitel-076-6588785,Mobile,+8550766588785
Mobitel-076-6588786,Mobile,+8550766588786
Mobitel-076-6588787,Mobile,+8550766588787
Mobitel-076-6588788,Mobile,+8550766588788
Mobitel-076-6588789,Mobile,+8550766588789
Mobitel-076-6588790,Mobile,+8550766588790
Mobitel-076-6588791,Mobile,+8550766588791
Mobitel-076-6588792,Mobile,+8550766588792
Mobitel-076-6588793,Mobile,+8550766588793
Mobitel-076-6588794,Mobile,+8550766588794
Mobitel-076-6588795,Mobile,+8550766588795
Mobitel-076-6588796,Mobile,+8550766588796
Mobitel-076-6588797,Mobile,+8550766588797
Mobitel-076-6588798,Mobile,+8550766588798
Mobitel-076-6588799,Mobile,+8550766588799
Mobitel-076-6588800,Mobile,+8550766588800
Mobitel-076-6588801,Mobile,+8550766588801
Mobitel-076-6588802,Mobile,+8550766588802
Mobitel-076-6588803,Mobile,+8550766588803
Mobitel-076-6588804,Mobile,+8550766588804
Mobitel-076-6588805,Mobile,+8550766588805
Mobitel-076-6588806,Mobile,+8550766588806
Mobitel-076-6588807,Mobile,+8550766588807
Mobitel-076-6588808,Mobile,+8550766588808
Mobitel-076-6588809,Mobile,+8550766588809
Mobitel-076-6588810,Mobile,+8550766588810
Mobitel-076-6588811,Mobile,+8550766588811
Mobitel-076-6588812,Mobile,+8550766588812
Mobitel-076-6588813,Mobile,+8550766588813
Mobitel-076-6588814,Mobile,+8550766588814
Mobitel-076-6588815,Mobile,+8550766588815
Mobitel-076-6588816,Mobile,+8550766588816
Mobitel-076-6588817,Mobile,+8550766588817
Mobitel-076-6588818,Mobile,+8550766588818
Mobitel-076-6588819,Mobile,+8550766588819
Mobitel-076-6588820,Mobile,+8550766588820
Mobitel-076-6588821,Mobile,+8550766588821
Mobitel-076-6588822,Mobile,+8550766588822
Mobitel-076-6588823,Mobile,+8550766588823
Mobitel-076-6588824,Mobile,+8550766588824
Mobitel-076-6588825,Mobile,+8550766588825
Mobitel-076-6588826,Mobile,+8550766588826
Mobitel-076-6588827,Mobile,+8550766588827
Mobitel-076-6588828,Mobile,+8550766588828
Mobitel-076-6588829,Mobile,+8550766588829
Mobitel-076-6588830,Mobile,+8550766588830
Mobitel-076-6588831,Mobile,+8550766588831
Mobitel-076-6588832,Mobile,+8550766588832
Mobitel-076-6588833,Mobile,+8550766588833
Mobitel-076-6588834,Mobile,+8550766588834
Mobitel-076-6588835,Mobile,+8550766588835
Mobitel-076-6588836,Mobile,+8550766588836
Mobitel-076-6588837,Mobile,+8550766588837
Mobitel-076-6588838,Mobile,+8550766588838
Mobitel-076-6588839,Mobile,+8550766588839
Mobitel-076-6588840,Mobile,+8550766588840
Mobitel-076-6588841,Mobile,+8550766588841
Mobitel-076-6588842,Mobile,+8550766588842
Mobitel-076-6588843,Mobile,+8550766588843
Mobitel-076-6588844,Mobile,+8550766588844
Mobitel-076-6588845,Mobile,+8550766588845
Mobitel-076-6588846,Mobile,+8550766588846
Mobitel-076-6588847,Mobile,+8550766588847
Mobitel-076-6588848,Mobile,+8550766588848
Mobitel-076-6588849,Mobile,+8550766588849
Mobitel-076-6588850,Mobile,+8550766588850
Mobitel-076-6588851,Mobile,+8550766588851
Mobitel-076-6588852,Mobile,+8550766588852
Mobitel-076-6588853,Mobile,+8550766588853
Mobitel-076-6588854,Mobile,+8550766588854
Mobitel-076-6588855,Mobile,+8550766588855
Mobitel-076-6588856,Mobile,+8550766588856
Mobitel-076-6588857,Mobile,+8550766588857
Mobitel-076-6588858,Mobile,+8550766588858
Mobitel-076-6588859,Mobile,+8550766588859
Mobitel-076-6588860,Mobile,+8550766588860
Mobitel-076-6588861,Mobile,+8550766588861
Mobitel-076-6588862,Mobile,+8550766588862
Mobitel-076-6588863,Mobile,+8550766588863
Mobitel-076-6588864,Mobile,+8550766588864
Mobitel-076-6588865,Mobile,+8550766588865
Mobitel-076-6588866,Mobile,+8550766588866
Mobitel-076-6588867,Mobile,+8550766588867
Mobitel-076-6588868,Mobile,+8550766588868
Mobitel-076-6588869,Mobile,+8550766588869
Mobitel-076-6588870,Mobile,+8550766588870
Mobitel-076-6588871,Mobile,+8550766588871
Mobitel-076-6588872,Mobile,+8550766588872
Mobitel-076-6588873,Mobile,+8550766588873
Mobitel-076-6588874,Mobile,+8550766588874
Mobitel-076-6588875,Mobile,+8550766588875
Mobitel-076-6588876,Mobile,+8550766588876
Mobitel-076-6588877,Mobile,+8550766588877
Mobitel-076-6588878,Mobile,+8550766588878
Mobitel-076-6588879,Mobile,+8550766588879
Mobitel-076-6588880,Mobile,+8550766588880
Mobitel-076-6588881,Mobile,+8550766588881
Mobitel-076-6588882,Mobile,+8550766588882
Mobitel-076-6588883,Mobile,+8550766588883
Mobitel-076-6588884,Mobile,+8550766588884
Mobitel-076-6588885,Mobile,+8550766588885
Mobitel-076-6588886,Mobile,+8550766588886
Mobitel-076-6588887,Mobile,+8550766588887
Mobitel-076-6588888,Mobile,+8550766588888
Mobitel-076-6588889,Mobile,+8550766588889
Mobitel-076-6588890,Mobile,+8550766588890
Mobitel-076-6588891,Mobile,+8550766588891
Mobitel-076-6588892,Mobile,+8550766588892
Mobitel-076-6588893,Mobile,+8550766588893
Mobitel-076-6588894,Mobile,+8550766588894
Mobitel-076-6588895,Mobile,+8550766588895
Mobitel-076-6588896,Mobile,+8550766588896
Mobitel-076-6588897,Mobile,+8550766588897
Mobitel-076-6588898,Mobile,+8550766588898
Mobitel-076-6588899,Mobile,+8550766588899
Mobitel-076-6588900,Mobile,+8550766588900
Mobitel-076-6588901,Mobile,+8550766588901
Mobitel-076-6588902,Mobile,+8550766588902
Mobitel-076-6588903,Mobile,+8550766588903
Mobitel-076-6588904,Mobile,+8550766588904
Mobitel-076-6588905,Mobile,+8550766588905
Mobitel-076-6588906,Mobile,+8550766588906
Mobitel-076-6588907,Mobile,+8550766588907
Mobitel-076-6588908,Mobile,+8550766588908
Mobitel-076-6588909,Mobile,+8550766588909
Mobitel-076-6588910,Mobile,+8550766588910
Mobitel-076-6588911,Mobile,+8550766588911
Mobitel-076-6588912,Mobile,+8550766588912
Mobitel-076-6588913,Mobile,+8550766588913
Mobitel-076-6588914,Mobile,+8550766588914
Mobitel-076-6588915,Mobile,+8550766588915
Mobitel-076-6588916,Mobile,+8550766588916
Mobitel-076-6588917,Mobile,+8550766588917
Mobitel-076-6588918,Mobile,+8550766588918
Mobitel-076-6588919,Mobile,+8550766588919
Mobitel-076-6588920,Mobile,+8550766588920
Mobitel-076-6588921,Mobile,+8550766588921
Mobitel-076-6588922,Mobile,+8550766588922
Mobitel-076-6588923,Mobile,+8550766588923
Mobitel-076-6588924,Mobile,+8550766588924
Mobitel-076-6588925,Mobile,+8550766588925
Mobitel-076-6588926,Mobile,+8550766588926
Mobitel-076-6588927,Mobile,+8550766588927
Mobitel-076-6588928,Mobile,+8550766588928
Mobitel-076-6588929,Mobile,+8550766588929
Mobitel-076-6588930,Mobile,+8550766588930
Mobitel-076-6588931,Mobile,+8550766588931
Mobitel-076-6588932,Mobile,+8550766588932
Mobitel-076-6588933,Mobile,+8550766588933
Mobitel-076-6588934,Mobile,+8550766588934
Mobitel-076-6588935,Mobile,+8550766588935
Mobitel-076-6588936,Mobile,+8550766588936
Mobitel-076-6588937,Mobile,+8550766588937
Mobitel-076-6588938,Mobile,+8550766588938
Mobitel-076-6588939,Mobile,+8550766588939
Mobitel-076-6588940,Mobile,+8550766588940
Mobitel-076-6588941,Mobile,+8550766588941
Mobitel-076-6588942,Mobile,+8550766588942
Mobitel-076-6588943,Mobile,+8550766588943
Mobitel-076-6588944,Mobile,+8550766588944
Mobitel-076-6588945,Mobile,+8550766588945
Mobitel-076-6588946,Mobile,+8550766588946
Mobitel-076-6588947,Mobile,+8550766588947
Mobitel-076-6588948,Mobile,+8550766588948
Mobitel-076-6588949,Mobile,+8550766588949
Mobitel-076-6588950,Mobile,+8550766588950
Mobitel-076-6588951,Mobile,+8550766588951
Mobitel-076-6588952,Mobile,+8550766588952
Mobitel-076-6588953,Mobile,+8550766588953
Mobitel-076-6588954,Mobile,+8550766588954
Mobitel-076-6588955,Mobile,+8550766588955
Mobitel-076-6588956,Mobile,+8550766588956
Mobitel-076-6588957,Mobile,+8550766588957
Mobitel-076-6588958,Mobile,+8550766588958
Mobitel-076-6588959,Mobile,+8550766588959
Mobitel-076-6588960,Mobile,+8550766588960
Mobitel-076-6588961,Mobile,+8550766588961
Mobitel-076-6588962,Mobile,+8550766588962
Mobitel-076-6588963,Mobile,+8550766588963
Mobitel-076-6588964,Mobile,+8550766588964
Mobitel-076-6588965,Mobile,+8550766588965
Mobitel-076-6588966,Mobile,+8550766588966
Mobitel-076-6588967,Mobile,+8550766588967
Mobitel-076-6588968,Mobile,+8550766588968
Mobitel-076-6588969,Mobile,+8550766588969
Mobitel-076-6588970,Mobile,+8550766588970
Mobitel-076-6588971,Mobile,+8550766588971
Mobitel-076-6588972,Mobile,+8550766588972
Mobitel-076-6588973,Mobile,+8550766588973
Mobitel-076-6588974,Mobile,+8550766588974
Mobitel-076-6588975,Mobile,+8550766588975
Mobitel-076-6588976,Mobile,+8550766588976
Mobitel-076-6588977,Mobile,+8550766588977
Mobitel-076-6588978,Mobile,+8550766588978
Mobitel-076-6588979,Mobile,+8550766588979
Mobitel-076-6588980,Mobile,+8550766588980
Mobitel-076-6588981,Mobile,+8550766588981
Mobitel-076-6588982,Mobile,+8550766588982
Mobitel-076-6588983,Mobile,+8550766588983
Mobitel-076-6588984,Mobile,+8550766588984
Mobitel-076-6588985,Mobile,+8550766588985
Mobitel-076-6588986,Mobile,+8550766588986
Mobitel-076-6588987,Mobile,+8550766588987
Mobitel-076-6588988,Mobile,+8550766588988
Mobitel-076-6588989,Mobile,+8550766588989
Mobitel-076-6588990,Mobile,+8550766588990
Mobitel-076-6588991,Mobile,+8550766588991
Mobitel-076-6588992,Mobile,+8550766588992
Mobitel-076-6588993,Mobile,+8550766588993
Mobitel-076-6588994,Mobile,+8550766588994
Mobitel-076-6588995,Mobile,+8550766588995
Mobitel-076-6588996,Mobile,+8550766588996
Mobitel-076-6588997,Mobile,+8550766588997
Mobitel-076-6588998,Mobile,+8550766588998
Mobitel-076-6588999,Mobile,+8550766588999
Mobitel-076-6589000,Mobile,+8550766589000
Mobitel-076-6589001,Mobile,+8550766589001
Mobitel-076-6589002,Mobile,+8550766589002
Mobitel-076-6589003,Mobile,+8550766589003
Mobitel-076-6589004,Mobile,+8550766589004
Mobitel-076-6589005,Mobile,+8550766589005
Mobitel-076-6589006,Mobile,+8550766589006
Mobitel-076-6589007,Mobile,+8550766589007
Mobitel-076-6589008,Mobile,+8550766589008
Mobitel-076-6589009,Mobile,+8550766589009
Mobitel-076-6589010,Mobile,+8550766589010
Mobitel-076-6589011,Mobile,+8550766589011
Mobitel-076-6589012,Mobile,+8550766589012
Mobitel-076-6589013,Mobile,+8550766589013
Mobitel-076-6589014,Mobile,+8550766589014
Mobitel-076-6589015,Mobile,+8550766589015
Mobitel-076-6589016,Mobile,+8550766589016
Mobitel-076-6589017,Mobile,+8550766589017
Mobitel-076-6589018,Mobile,+8550766589018
Mobitel-076-6589019,Mobile,+8550766589019
Mobitel-076-6589020,Mobile,+8550766589020
Mobitel-076-6589021,Mobile,+8550766589021
Mobitel-076-6589022,Mobile,+8550766589022
Mobitel-076-6589023,Mobile,+8550766589023
Mobitel-076-6589024,Mobile,+8550766589024
Mobitel-076-6589025,Mobile,+8550766589025
Mobitel-076-6589026,Mobile,+8550766589026
Mobitel-076-6589027,Mobile,+8550766589027
Mobitel-076-6589028,Mobile,+8550766589028
Mobitel-076-6589029,Mobile,+8550766589029
Mobitel-076-6589030,Mobile,+8550766589030
Mobitel-076-6589031,Mobile,+8550766589031
Mobitel-076-6589032,Mobile,+8550766589032
Mobitel-076-6589033,Mobile,+8550766589033
Mobitel-076-6589034,Mobile,+8550766589034
Mobitel-076-6589035,Mobile,+8550766589035
Mobitel-076-6589036,Mobile,+8550766589036
Mobitel-076-6589037,Mobile,+8550766589037
Mobitel-076-6589038,Mobile,+8550766589038
Mobitel-076-6589039,Mobile,+8550766589039
Mobitel-076-6589040,Mobile,+8550766589040
Mobitel-076-6589041,Mobile,+8550766589041
Mobitel-076-6589042,Mobile,+8550766589042
Mobitel-076-6589043,Mobile,+8550766589043
Mobitel-076-6589044,Mobile,+8550766589044
Mobitel-076-6589045,Mobile,+8550766589045
Mobitel-076-6589046,Mobile,+8550766589046
Mobitel-076-6589047,Mobile,+8550766589047
Mobitel-076-6589048,Mobile,+8550766589048
Mobitel-076-6589049,Mobile,+8550766589049
Mobitel-076-6589050,Mobile,+8550766589050
Mobitel-076-6589051,Mobile,+8550766589051
Mobitel-076-6589052,Mobile,+8550766589052
Mobitel-076-6589053,Mobile,+8550766589053
Mobitel-076-6589054,Mobile,+8550766589054
Mobitel-076-6589055,Mobile,+8550766589055
Mobitel-076-6589056,Mobile,+8550766589056
Mobitel-076-6589057,Mobile,+8550766589057
Mobitel-076-6589058,Mobile,+8550766589058
Mobitel-076-6589059,Mobile,+8550766589059
Mobitel-076-6589060,Mobile,+8550766589060
Mobitel-076-6589061,Mobile,+8550766589061
Mobitel-076-6589062,Mobile,+8550766589062
Mobitel-076-6589063,Mobile,+8550766589063
Mobitel-076-6589064,Mobile,+8550766589064
Mobitel-076-6589065,Mobile,+8550766589065
Mobitel-076-6589066,Mobile,+8550766589066
Mobitel-076-6589067,Mobile,+8550766589067
Mobitel-076-6589068,Mobile,+8550766589068
Mobitel-076-6589069,Mobile,+8550766589069
Mobitel-076-6589070,Mobile,+8550766589070
Mobitel-076-6589071,Mobile,+8550766589071
Mobitel-076-6589072,Mobile,+8550766589072
Mobitel-076-6589073,Mobile,+8550766589073
Mobitel-076-6589074,Mobile,+8550766589074
Mobitel-076-6589075,Mobile,+8550766589075
Mobitel-076-6589076,Mobile,+8550766589076
Mobitel-076-6589077,Mobile,+8550766589077
Mobitel-076-6589078,Mobile,+8550766589078
Mobitel-076-6589079,Mobile,+8550766589079
Mobitel-076-6589080,Mobile,+8550766589080
Mobitel-076-6589081,Mobile,+8550766589081
Mobitel-076-6589082,Mobile,+8550766589082
Mobitel-076-6589083,Mobile,+8550766589083
Mobitel-076-6589084,Mobile,+8550766589084
Mobitel-076-6589085,Mobile,+8550766589085
Mobitel-076-6589086,Mobile,+8550766589086
Mobitel-076-6589087,Mobile,+8550766589087
Mobitel-076-6589088,Mobile,+8550766589088
Mobitel-076-6589089,Mobile,+8550766589089
Mobitel-076-6589090,Mobile,+8550766589090
Mobitel-076-6589091,Mobile,+8550766589091
Mobitel-076-6589092,Mobile,+8550766589092
Mobitel-076-6589093,Mobile,+8550766589093
Mobitel-076-6589094,Mobile,+8550766589094
Mobitel-076-6589095,Mobile,+8550766589095
Mobitel-076-6589096,Mobile,+8550766589096
Mobitel-076-6589097,Mobile,+8550766589097
Mobitel-076-6589098,Mobile,+8550766589098
Mobitel-076-6589099,Mobile,+8550766589099
Mobitel-076-6589100,Mobile,+8550766589100
Mobitel-076-6589101,Mobile,+8550766589101
Mobitel-076-6589102,Mobile,+8550766589102
Mobitel-076-6589103,Mobile,+8550766589103
Mobitel-076-6589104,Mobile,+8550766589104
Mobitel-076-6589105,Mobile,+8550766589105
Mobitel-076-6589106,Mobile,+8550766589106
Mobitel-076-6589107,Mobile,+8550766589107
Mobitel-076-6589108,Mobile,+8550766589108
Mobitel-076-6589109,Mobile,+8550766589109
Mobitel-076-6589110,Mobile,+8550766589110
Mobitel-076-6589111,Mobile,+8550766589111
Mobitel-076-6589112,Mobile,+8550766589112
Mobitel-076-6589113,Mobile,+8550766589113
Mobitel-076-6589114,Mobile,+8550766589114
Mobitel-076-6589115,Mobile,+8550766589115
Mobitel-076-6589116,Mobile,+8550766589116
Mobitel-076-6589117,Mobile,+8550766589117
Mobitel-076-6589118,Mobile,+8550766589118
Mobitel-076-6589119,Mobile,+8550766589119
Mobitel-076-6589120,Mobile,+8550766589120
Mobitel-076-6589121,Mobile,+8550766589121
Mobitel-076-6589122,Mobile,+8550766589122
Mobitel-076-6589123,Mobile,+8550766589123
Mobitel-076-6589124,Mobile,+8550766589124
Mobitel-076-6589125,Mobile,+8550766589125
Mobitel-076-6589126,Mobile,+8550766589126
Mobitel-076-6589127,Mobile,+8550766589127
Mobitel-076-6589128,Mobile,+8550766589128
Mobitel-076-6589129,Mobile,+8550766589129
Mobitel-076-6589130,Mobile,+8550766589130
Mobitel-076-6589131,Mobile,+8550766589131
Mobitel-076-6589132,Mobile,+8550766589132
Mobitel-076-6589133,Mobile,+8550766589133
Mobitel-076-6589134,Mobile,+8550766589134
Mobitel-076-6589135,Mobile,+8550766589135
Mobitel-076-6589136,Mobile,+8550766589136
Mobitel-076-6589137,Mobile,+8550766589137
Mobitel-076-6589138,Mobile,+8550766589138
Mobitel-076-6589139,Mobile,+8550766589139
Mobitel-076-6589140,Mobile,+8550766589140
Mobitel-076-6589141,Mobile,+8550766589141
Mobitel-076-6589142,Mobile,+8550766589142
Mobitel-076-6589143,Mobile,+8550766589143
Mobitel-076-6589144,Mobile,+8550766589144
Mobitel-076-6589145,Mobile,+8550766589145
Mobitel-076-6589146,Mobile,+8550766589146
Mobitel-076-6589147,Mobile,+8550766589147
Mobitel-076-6589148,Mobile,+8550766589148
Mobitel-076-6589149,Mobile,+8550766589149
Mobitel-076-6589150,Mobile,+8550766589150
Mobitel-076-6589151,Mobile,+8550766589151
Mobitel-076-6589152,Mobile,+8550766589152
Mobitel-076-6589153,Mobile,+8550766589153
Mobitel-076-6589154,Mobile,+8550766589154
Mobitel-076-6589155,Mobile,+8550766589155
Mobitel-076-6589156,Mobile,+8550766589156
Mobitel-076-6589157,Mobile,+8550766589157
Mobitel-076-6589158,Mobile,+8550766589158
Mobitel-076-6589159,Mobile,+8550766589159
Mobitel-076-6589160,Mobile,+8550766589160
Mobitel-076-6589161,Mobile,+8550766589161
Mobitel-076-6589162,Mobile,+8550766589162
Mobitel-076-6589163,Mobile,+8550766589163
Mobitel-076-6589164,Mobile,+8550766589164
Mobitel-076-6589165,Mobile,+8550766589165
Mobitel-076-6589166,Mobile,+8550766589166
Mobitel-076-6589167,Mobile,+8550766589167
Mobitel-076-6589168,Mobile,+8550766589168
Mobitel-076-6589169,Mobile,+8550766589169
Mobitel-076-6589170,Mobile,+8550766589170
Mobitel-076-6589171,Mobile,+8550766589171
Mobitel-076-6589172,Mobile,+8550766589172
Mobitel-076-6589173,Mobile,+8550766589173
Mobitel-076-6589174,Mobile,+8550766589174
Mobitel-076-6589175,Mobile,+8550766589175
Mobitel-076-6589176,Mobile,+8550766589176
Mobitel-076-6589177,Mobile,+8550766589177
Mobitel-076-6589178,Mobile,+8550766589178
Mobitel-076-6589179,Mobile,+8550766589179
Mobitel-076-6589180,Mobile,+8550766589180
Mobitel-076-6589181,Mobile,+8550766589181
Mobitel-076-6589182,Mobile,+8550766589182
Mobitel-076-6589183,Mobile,+8550766589183
Mobitel-076-6589184,Mobile,+8550766589184
Mobitel-076-6589185,Mobile,+8550766589185
Mobitel-076-6589186,Mobile,+8550766589186
Mobitel-076-6589187,Mobile,+8550766589187
Mobitel-076-6589188,Mobile,+8550766589188
Mobitel-076-6589189,Mobile,+8550766589189
Mobitel-076-6589190,Mobile,+8550766589190
Mobitel-076-6589191,Mobile,+8550766589191
Mobitel-076-6589192,Mobile,+8550766589192
Mobitel-076-6589193,Mobile,+8550766589193
Mobitel-076-6589194,Mobile,+8550766589194
Mobitel-076-6589195,Mobile,+8550766589195
Mobitel-076-6589196,Mobile,+8550766589196
Mobitel-076-6589197,Mobile,+8550766589197
Mobitel-076-6589198,Mobile,+8550766589198
Mobitel-076-6589199,Mobile,+8550766589199
Mobitel-076-6589200,Mobile,+8550766589200
Mobitel-076-6589201,Mobile,+8550766589201
Mobitel-076-6589202,Mobile,+8550766589202
Mobitel-076-6589203,Mobile,+8550766589203
Mobitel-076-6589204,Mobile,+8550766589204
Mobitel-076-6589205,Mobile,+8550766589205
Mobitel-076-6589206,Mobile,+8550766589206
Mobitel-076-6589207,Mobile,+8550766589207
Mobitel-076-6589208,Mobile,+8550766589208
Mobitel-076-6589209,Mobile,+8550766589209
Mobitel-076-6589210,Mobile,+8550766589210
Mobitel-076-6589211,Mobile,+8550766589211
Mobitel-076-6589212,Mobile,+8550766589212
Mobitel-076-6589213,Mobile,+8550766589213
Mobitel-076-6589214,Mobile,+8550766589214
Mobitel-076-6589215,Mobile,+8550766589215
Mobitel-076-6589216,Mobile,+8550766589216
Mobitel-076-6589217,Mobile,+8550766589217
Mobitel-076-6589218,Mobile,+8550766589218
Mobitel-076-6589219,Mobile,+8550766589219
Mobitel-076-6589220,Mobile,+8550766589220
Mobitel-076-6589221,Mobile,+8550766589221
Mobitel-076-6589222,Mobile,+8550766589222
Mobitel-076-6589223,Mobile,+8550766589223
Mobitel-076-6589224,Mobile,+8550766589224
Mobitel-076-6589225,Mobile,+8550766589225
Mobitel-076-6589226,Mobile,+8550766589226
Mobitel-076-6589227,Mobile,+8550766589227
Mobitel-076-6589228,Mobile,+8550766589228
Mobitel-076-6589229,Mobile,+8550766589229
Mobitel-076-6589230,Mobile,+8550766589230
Mobitel-076-6589231,Mobile,+8550766589231
Mobitel-076-6589232,Mobile,+8550766589232
Mobitel-076-6589233,Mobile,+8550766589233
Mobitel-076-6589234,Mobile,+8550766589234
Mobitel-076-6589235,Mobile,+8550766589235
Mobitel-076-6589236,Mobile,+8550766589236
Mobitel-076-6589237,Mobile,+8550766589237
Mobitel-076-6589238,Mobile,+8550766589238
Mobitel-076-6589239,Mobile,+8550766589239
Mobitel-076-6589240,Mobile,+8550766589240
Mobitel-076-6589241,Mobile,+8550766589241
Mobitel-076-6589242,Mobile,+8550766589242
Mobitel-076-6589243,Mobile,+8550766589243
Mobitel-076-6589244,Mobile,+8550766589244
Mobitel-076-6589245,Mobile,+8550766589245
Mobitel-076-6589246,Mobile,+8550766589246
Mobitel-076-6589247,Mobile,+8550766589247
Mobitel-076-6589248,Mobile,+8550766589248
Mobitel-076-6589249,Mobile,+8550766589249
Mobitel-076-6589250,Mobile,+8550766589250
Mobitel-076-6589251,Mobile,+8550766589251
Mobitel-076-6589252,Mobile,+8550766589252
Mobitel-076-6589253,Mobile,+8550766589253
Mobitel-076-6589254,Mobile,+8550766589254
Mobitel-076-6589255,Mobile,+8550766589255
Mobitel-076-6589256,Mobile,+8550766589256
Mobitel-076-6589257,Mobile,+8550766589257
Mobitel-076-6589258,Mobile,+8550766589258
Mobitel-076-6589259,Mobile,+8550766589259
Mobitel-076-6589260,Mobile,+8550766589260
Mobitel-076-6589261,Mobile,+8550766589261
Mobitel-076-6589262,Mobile,+8550766589262
Mobitel-076-6589263,Mobile,+8550766589263
Mobitel-076-6589264,Mobile,+8550766589264
Mobitel-076-6589265,Mobile,+8550766589265
Mobitel-076-6589266,Mobile,+8550766589266
Mobitel-076-6589267,Mobile,+8550766589267
Mobitel-076-6589268,Mobile,+8550766589268
Mobitel-076-6589269,Mobile,+8550766589269
Mobitel-076-6589270,Mobile,+8550766589270
Mobitel-076-6589271,Mobile,+8550766589271
Mobitel-076-6589272,Mobile,+8550766589272
Mobitel-076-6589273,Mobile,+8550766589273
Mobitel-076-6589274,Mobile,+8550766589274
Mobitel-076-6589275,Mobile,+8550766589275
Mobitel-076-6589276,Mobile,+8550766589276
Mobitel-076-6589277,Mobile,+8550766589277
Mobitel-076-6589278,Mobile,+8550766589278
Mobitel-076-6589279,Mobile,+8550766589279
Mobitel-076-6589280,Mobile,+8550766589280
Mobitel-076-6589281,Mobile,+8550766589281
Mobitel-076-6589282,Mobile,+8550766589282
Mobitel-076-6589283,Mobile,+8550766589283
Mobitel-076-6589284,Mobile,+8550766589284
Mobitel-076-6589285,Mobile,+8550766589285
Mobitel-076-6589286,Mobile,+8550766589286
Mobitel-076-6589287,Mobile,+8550766589287
Mobitel-076-6589288,Mobile,+8550766589288
Mobitel-076-6589289,Mobile,+8550766589289
Mobitel-076-6589290,Mobile,+8550766589290
Mobitel-076-6589291,Mobile,+8550766589291
Mobitel-076-6589292,Mobile,+8550766589292
Mobitel-076-6589293,Mobile,+8550766589293
Mobitel-076-6589294,Mobile,+8550766589294
Mobitel-076-6589295,Mobile,+8550766589295
Mobitel-076-6589296,Mobile,+8550766589296
Mobitel-076-6589297,Mobile,+8550766589297
Mobitel-076-6589298,Mobile,+8550766589298
Mobitel-076-6589299,Mobile,+8550766589299
Mobitel-076-6589300,Mobile,+8550766589300
Mobitel-076-6589301,Mobile,+8550766589301
Mobitel-076-6589302,Mobile,+8550766589302
Mobitel-076-6589303,Mobile,+8550766589303
Mobitel-076-6589304,Mobile,+8550766589304
Mobitel-076-6589305,Mobile,+8550766589305
Mobitel-076-6589306,Mobile,+8550766589306
Mobitel-076-6589307,Mobile,+8550766589307
Mobitel-076-6589308,Mobile,+8550766589308
Mobitel-076-6589309,Mobile,+8550766589309
Mobitel-076-6589310,Mobile,+8550766589310
Mobitel-076-6589311,Mobile,+8550766589311
Mobitel-076-6589312,Mobile,+8550766589312
Mobitel-076-6589313,Mobile,+8550766589313
Mobitel-076-6589314,Mobile,+8550766589314
Mobitel-076-6589315,Mobile,+8550766589315
Mobitel-076-6589316,Mobile,+8550766589316
Mobitel-076-6589317,Mobile,+8550766589317
Mobitel-076-6589318,Mobile,+8550766589318
Mobitel-076-6589319,Mobile,+8550766589319
Mobitel-076-6589320,Mobile,+8550766589320
Mobitel-076-6589321,Mobile,+8550766589321
Mobitel-076-6589322,Mobile,+8550766589322
Mobitel-076-6589323,Mobile,+8550766589323
Mobitel-076-6589324,Mobile,+8550766589324
Mobitel-076-6589325,Mobile,+8550766589325
Mobitel-076-6589326,Mobile,+8550766589326
Mobitel-076-6589327,Mobile,+8550766589327
Mobitel-076-6589328,Mobile,+8550766589328
Mobitel-076-6589329,Mobile,+8550766589329
Mobitel-076-6589330,Mobile,+8550766589330
Mobitel-076-6589331,Mobile,+8550766589331
Mobitel-076-6589332,Mobile,+8550766589332
Mobitel-076-6589333,Mobile,+8550766589333
Mobitel-076-6589334,Mobile,+8550766589334
Mobitel-076-6589335,Mobile,+8550766589335
Mobitel-076-6589336,Mobile,+8550766589336
Mobitel-076-6589337,Mobile,+8550766589337
Mobitel-076-6589338,Mobile,+8550766589338
Mobitel-076-6589339,Mobile,+8550766589339
Mobitel-076-6589340,Mobile,+8550766589340
Mobitel-076-6589341,Mobile,+8550766589341
Mobitel-076-6589342,Mobile,+8550766589342
Mobitel-076-6589343,Mobile,+8550766589343
Mobitel-076-6589344,Mobile,+8550766589344
Mobitel-076-6589345,Mobile,+8550766589345
Mobitel-076-6589346,Mobile,+8550766589346
Mobitel-076-6589347,Mobile,+8550766589347
Mobitel-076-6589348,Mobile,+8550766589348
Mobitel-076-6589349,Mobile,+8550766589349
Mobitel-076-6589350,Mobile,+8550766589350
Mobitel-076-6589351,Mobile,+8550766589351
Mobitel-076-6589352,Mobile,+8550766589352
Mobitel-076-6589353,Mobile,+8550766589353
Mobitel-076-6589354,Mobile,+8550766589354
Mobitel-076-6589355,Mobile,+8550766589355
Mobitel-076-6589356,Mobile,+8550766589356
Mobitel-076-6589357,Mobile,+8550766589357
Mobitel-076-6589358,Mobile,+8550766589358
Mobitel-076-6589359,Mobile,+8550766589359
Mobitel-076-6589360,Mobile,+8550766589360
Mobitel-076-6589361,Mobile,+8550766589361
Mobitel-076-6589362,Mobile,+8550766589362
Mobitel-076-6589363,Mobile,+8550766589363
Mobitel-076-6589364,Mobile,+8550766589364
Mobitel-076-6589365,Mobile,+8550766589365
Mobitel-076-6589366,Mobile,+8550766589366
Mobitel-076-6589367,Mobile,+8550766589367
Mobitel-076-6589368,Mobile,+8550766589368
Mobitel-076-6589369,Mobile,+8550766589369
Mobitel-076-6589370,Mobile,+8550766589370
Mobitel-076-6589371,Mobile,+8550766589371
Mobitel-076-6589372,Mobile,+8550766589372
Mobitel-076-6589373,Mobile,+8550766589373
Mobitel-076-6589374,Mobile,+8550766589374
Mobitel-076-6589375,Mobile,+8550766589375
Mobitel-076-6589376,Mobile,+8550766589376
Mobitel-076-6589377,Mobile,+8550766589377
Mobitel-076-6589378,Mobile,+8550766589378
Mobitel-076-6589379,Mobile,+8550766589379
Mobitel-076-6589380,Mobile,+8550766589380
Mobitel-076-6589381,Mobile,+8550766589381
Mobitel-076-6589382,Mobile,+8550766589382
Mobitel-076-6589383,Mobile,+8550766589383
Mobitel-076-6589384,Mobile,+8550766589384
Mobitel-076-6589385,Mobile,+8550766589385
Mobitel-076-6589386,Mobile,+8550766589386
Mobitel-076-6589387,Mobile,+8550766589387
Mobitel-076-6589388,Mobile,+8550766589388
Mobitel-076-6589389,Mobile,+8550766589389
Mobitel-076-6589390,Mobile,+8550766589390
Mobitel-076-6589391,Mobile,+8550766589391
Mobitel-076-6589392,Mobile,+8550766589392
Mobitel-076-6589393,Mobile,+8550766589393
Mobitel-076-6589394,Mobile,+8550766589394
Mobitel-076-6589395,Mobile,+8550766589395
Mobitel-076-6589396,Mobile,+8550766589396
Mobitel-076-6589397,Mobile,+8550766589397
Mobitel-076-6589398,Mobile,+8550766589398
Mobitel-076-6589399,Mobile,+8550766589399
Mobitel-076-6589400,Mobile,+8550766589400
Mobitel-076-6589401,Mobile,+8550766589401
Mobitel-076-6589402,Mobile,+8550766589402
Mobitel-076-6589403,Mobile,+8550766589403
Mobitel-076-6589404,Mobile,+8550766589404
Mobitel-076-6589405,Mobile,+8550766589405
Mobitel-076-6589406,Mobile,+8550766589406
Mobitel-076-6589407,Mobile,+8550766589407
Mobitel-076-6589408,Mobile,+8550766589408
Mobitel-076-6589409,Mobile,+8550766589409
Mobitel-076-6589410,Mobile,+8550766589410
Mobitel-076-6589411,Mobile,+8550766589411
Mobitel-076-6589412,Mobile,+8550766589412
Mobitel-076-6589413,Mobile,+8550766589413
Mobitel-076-6589414,Mobile,+8550766589414
Mobitel-076-6589415,Mobile,+8550766589415
Mobitel-076-6589416,Mobile,+8550766589416
Mobitel-076-6589417,Mobile,+8550766589417
Mobitel-076-6589418,Mobile,+8550766589418
Mobitel-076-6589419,Mobile,+8550766589419
Mobitel-076-6589420,Mobile,+8550766589420
Mobitel-076-6589421,Mobile,+8550766589421
Mobitel-076-6589422,Mobile,+8550766589422
Mobitel-076-6589423,Mobile,+8550766589423
Mobitel-076-6589424,Mobile,+8550766589424
Mobitel-076-6589425,Mobile,+8550766589425
Mobitel-076-6589426,Mobile,+8550766589426
Mobitel-076-6589427,Mobile,+8550766589427
Mobitel-076-6589428,Mobile,+8550766589428
Mobitel-076-6589429,Mobile,+8550766589429
Mobitel-076-6589430,Mobile,+8550766589430
Mobitel-076-6589431,Mobile,+8550766589431
Mobitel-076-6589432,Mobile,+8550766589432
Mobitel-076-6589433,Mobile,+8550766589433
Mobitel-076-6589434,Mobile,+8550766589434
Mobitel-076-6589435,Mobile,+8550766589435
Mobitel-076-6589436,Mobile,+8550766589436
Mobitel-076-6589437,Mobile,+8550766589437
Mobitel-076-6589438,Mobile,+8550766589438
Mobitel-076-6589439,Mobile,+8550766589439
Mobitel-076-6589440,Mobile,+8550766589440
Mobitel-076-6589441,Mobile,+8550766589441
Mobitel-076-6589442,Mobile,+8550766589442
Mobitel-076-6589443,Mobile,+8550766589443
Mobitel-076-6589444,Mobile,+8550766589444
Mobitel-076-6589445,Mobile,+8550766589445
Mobitel-076-6589446,Mobile,+8550766589446
Mobitel-076-6589447,Mobile,+8550766589447
Mobitel-076-6589448,Mobile,+8550766589448
Mobitel-076-6589449,Mobile,+8550766589449
Mobitel-076-6589450,Mobile,+8550766589450
Mobitel-076-6589451,Mobile,+8550766589451
Mobitel-076-6589452,Mobile,+8550766589452
Mobitel-076-6589453,Mobile,+8550766589453
Mobitel-076-6589454,Mobile,+8550766589454
Mobitel-076-6589455,Mobile,+8550766589455
Mobitel-076-6589456,Mobile,+8550766589456
Mobitel-076-6589457,Mobile,+8550766589457
Mobitel-076-6589458,Mobile,+8550766589458
Mobitel-076-6589459,Mobile,+8550766589459
Mobitel-076-6589460,Mobile,+8550766589460
Mobitel-076-6589461,Mobile,+8550766589461
Mobitel-076-6589462,Mobile,+8550766589462
Mobitel-076-6589463,Mobile,+8550766589463
Mobitel-076-6589464,Mobile,+8550766589464
Mobitel-076-6589465,Mobile,+8550766589465
Mobitel-076-6589466,Mobile,+8550766589466
Mobitel-076-6589467,Mobile,+8550766589467
Mobitel-076-6589468,Mobile,+8550766589468
Mobitel-076-6589469,Mobile,+8550766589469
Mobitel-076-6589470,Mobile,+8550766589470
Mobitel-076-6589471,Mobile,+8550766589471
Mobitel-076-6589472,Mobile,+8550766589472
Mobitel-076-6589473,Mobile,+8550766589473
Mobitel-076-6589474,Mobile,+8550766589474
Mobitel-076-6589475,Mobile,+8550766589475
Mobitel-076-6589476,Mobile,+8550766589476
Mobitel-076-6589477,Mobile,+8550766589477
Mobitel-076-6589478,Mobile,+8550766589478
Mobitel-076-6589479,Mobile,+8550766589479
Mobitel-076-6589480,Mobile,+8550766589480
Mobitel-076-6589481,Mobile,+8550766589481
Mobitel-076-6589482,Mobile,+8550766589482
Mobitel-076-6589483,Mobile,+8550766589483
Mobitel-076-6589484,Mobile,+8550766589484
Mobitel-076-6589485,Mobile,+8550766589485
Mobitel-076-6589486,Mobile,+8550766589486
Mobitel-076-6589487,Mobile,+8550766589487
Mobitel-076-6589488,Mobile,+8550766589488
Mobitel-076-6589489,Mobile,+8550766589489
Mobitel-076-6589490,Mobile,+8550766589490
Mobitel-076-6589491,Mobile,+8550766589491
Mobitel-076-6589492,Mobile,+8550766589492
Mobitel-076-6589493,Mobile,+8550766589493
Mobitel-076-6589494,Mobile,+8550766589494
Mobitel-076-6589495,Mobile,+8550766589495
Mobitel-076-6589496,Mobile,+8550766589496
Mobitel-076-6589497,Mobile,+8550766589497
Mobitel-076-6589498,Mobile,+8550766589498
Mobitel-076-6589499,Mobile,+8550766589499
Mobitel-076-6589500,Mobile,+8550766589500
Mobitel-076-6589501,Mobile,+8550766589501
Mobitel-076-6589502,Mobile,+8550766589502
Mobitel-076-6589503,Mobile,+8550766589503
Mobitel-076-6589504,Mobile,+8550766589504
Mobitel-076-6589505,Mobile,+8550766589505
Mobitel-076-6589506,Mobile,+8550766589506
Mobitel-076-6589507,Mobile,+8550766589507
Mobitel-076-6589508,Mobile,+8550766589508
Mobitel-076-6589509,Mobile,+8550766589509
Mobitel-076-6589510,Mobile,+8550766589510
Mobitel-076-6589511,Mobile,+8550766589511
Mobitel-076-6589512,Mobile,+8550766589512
Mobitel-076-6589513,Mobile,+8550766589513
Mobitel-076-6589514,Mobile,+8550766589514
Mobitel-076-6589515,Mobile,+8550766589515
Mobitel-076-6589516,Mobile,+8550766589516
Mobitel-076-6589517,Mobile,+8550766589517
Mobitel-076-6589518,Mobile,+8550766589518
Mobitel-076-6589519,Mobile,+8550766589519
Mobitel-076-6589520,Mobile,+8550766589520
Mobitel-076-6589521,Mobile,+8550766589521
Mobitel-076-6589522,Mobile,+8550766589522
Mobitel-076-6589523,Mobile,+8550766589523
Mobitel-076-6589524,Mobile,+8550766589524
Mobitel-076-6589525,Mobile,+8550766589525
Mobitel-076-6589526,Mobile,+8550766589526
Mobitel-076-6589527,Mobile,+8550766589527
Mobitel-076-6589528,Mobile,+8550766589528
Mobitel-076-6589529,Mobile,+8550766589529
Mobitel-076-6589530,Mobile,+8550766589530
Mobitel-076-6589531,Mobile,+8550766589531
Mobitel-076-6589532,Mobile,+8550766589532
Mobitel-076-6589533,Mobile,+8550766589533
Mobitel-076-6589534,Mobile,+8550766589534
Mobitel-076-6589535,Mobile,+8550766589535
Mobitel-076-6589536,Mobile,+8550766589536
Mobitel-076-6589537,Mobile,+8550766589537
Mobitel-076-6589538,Mobile,+8550766589538
Mobitel-076-6589539,Mobile,+8550766589539
Mobitel-076-6589540,Mobile,+8550766589540
Mobitel-076-6589541,Mobile,+8550766589541
Mobitel-076-6589542,Mobile,+8550766589542
Mobitel-076-6589543,Mobile,+8550766589543
Mobitel-076-6589544,Mobile,+8550766589544
Mobitel-076-6589545,Mobile,+8550766589545
Mobitel-076-6589546,Mobile,+8550766589546
Mobitel-076-6589547,Mobile,+8550766589547
Mobitel-076-6589548,Mobile,+8550766589548
Mobitel-076-6589549,Mobile,+8550766589549
Mobitel-076-6589550,Mobile,+8550766589550
Mobitel-076-6589551,Mobile,+8550766589551
Mobitel-076-6589552,Mobile,+8550766589552
Mobitel-076-6589553,Mobile,+8550766589553
Mobitel-076-6589554,Mobile,+8550766589554
Mobitel-076-6589555,Mobile,+8550766589555
Mobitel-076-6589556,Mobile,+8550766589556
Mobitel-076-6589557,Mobile,+8550766589557
Mobitel-076-6589558,Mobile,+8550766589558
Mobitel-076-6589559,Mobile,+8550766589559
Mobitel-076-6589560,Mobile,+8550766589560
Mobitel-076-6589561,Mobile,+8550766589561
Mobitel-076-6589562,Mobile,+8550766589562
Mobitel-076-6589563,Mobile,+8550766589563
Mobitel-076-6589564,Mobile,+8550766589564
Mobitel-076-6589565,Mobile,+8550766589565
Mobitel-076-6589566,Mobile,+8550766589566
Mobitel-076-6589567,Mobile,+8550766589567
Mobitel-076-6589568,Mobile,+8550766589568
Mobitel-076-6589569,Mobile,+8550766589569
Mobitel-076-6589570,Mobile,+8550766589570
Mobitel-076-6589571,Mobile,+8550766589571
Mobitel-076-6589572,Mobile,+8550766589572
Mobitel-076-6589573,Mobile,+8550766589573
Mobitel-076-6589574,Mobile,+8550766589574
Mobitel-076-6589575,Mobile,+8550766589575
Mobitel-076-6589576,Mobile,+8550766589576
Mobitel-076-6589577,Mobile,+8550766589577
Mobitel-076-6589578,Mobile,+8550766589578
Mobitel-076-6589579,Mobile,+8550766589579
Mobitel-076-6589580,Mobile,+8550766589580
Mobitel-076-6589581,Mobile,+8550766589581
Mobitel-076-6589582,Mobile,+8550766589582
Mobitel-076-6589583,Mobile,+8550766589583
Mobitel-076-6589584,Mobile,+8550766589584
Mobitel-076-6589585,Mobile,+8550766589585
Mobitel-076-6589586,Mobile,+8550766589586
Mobitel-076-6589587,Mobile,+8550766589587
Mobitel-076-6589588,Mobile,+8550766589588
Mobitel-076-6589589,Mobile,+8550766589589
Mobitel-076-6589590,Mobile,+8550766589590
Mobitel-076-6589591,Mobile,+8550766589591
Mobitel-076-6589592,Mobile,+8550766589592
Mobitel-076-6589593,Mobile,+8550766589593
Mobitel-076-6589594,Mobile,+8550766589594
Mobitel-076-6589595,Mobile,+8550766589595
Mobitel-076-6589596,Mobile,+8550766589596
Mobitel-076-6589597,Mobile,+8550766589597
Mobitel-076-6589598,Mobile,+8550766589598
Mobitel-076-6589599,Mobile,+8550766589599
Mobitel-076-6589600,Mobile,+8550766589600
Mobitel-076-6589601,Mobile,+8550766589601
Mobitel-076-6589602,Mobile,+8550766589602
Mobitel-076-6589603,Mobile,+8550766589603
Mobitel-076-6589604,Mobile,+8550766589604
Mobitel-076-6589605,Mobile,+8550766589605
Mobitel-076-6589606,Mobile,+8550766589606
Mobitel-076-6589607,Mobile,+8550766589607
Mobitel-076-6589608,Mobile,+8550766589608
Mobitel-076-6589609,Mobile,+8550766589609
Mobitel-076-6589610,Mobile,+8550766589610
Mobitel-076-6589611,Mobile,+8550766589611
Mobitel-076-6589612,Mobile,+8550766589612
Mobitel-076-6589613,Mobile,+8550766589613
Mobitel-076-6589614,Mobile,+8550766589614
Mobitel-076-6589615,Mobile,+8550766589615
Mobitel-076-6589616,Mobile,+8550766589616
Mobitel-076-6589617,Mobile,+8550766589617
Mobitel-076-6589618,Mobile,+8550766589618
Mobitel-076-6589619,Mobile,+8550766589619
Mobitel-076-6589620,Mobile,+8550766589620
Mobitel-076-6589621,Mobile,+8550766589621
Mobitel-076-6589622,Mobile,+8550766589622
Mobitel-076-6589623,Mobile,+8550766589623
Mobitel-076-6589624,Mobile,+8550766589624
Mobitel-076-6589625,Mobile,+8550766589625
Mobitel-076-6589626,Mobile,+8550766589626
Mobitel-076-6589627,Mobile,+8550766589627
Mobitel-076-6589628,Mobile,+8550766589628
Mobitel-076-6589629,Mobile,+8550766589629
Mobitel-076-6589630,Mobile,+8550766589630
Mobitel-076-6589631,Mobile,+8550766589631
Mobitel-076-6589632,Mobile,+8550766589632
Mobitel-076-6589633,Mobile,+8550766589633
Mobitel-076-6589634,Mobile,+8550766589634
Mobitel-076-6589635,Mobile,+8550766589635
Mobitel-076-6589636,Mobile,+8550766589636
Mobitel-076-6589637,Mobile,+8550766589637
Mobitel-076-6589638,Mobile,+8550766589638
Mobitel-076-6589639,Mobile,+8550766589639
Mobitel-076-6589640,Mobile,+8550766589640
Mobitel-076-6589641,Mobile,+8550766589641
Mobitel-076-6589642,Mobile,+8550766589642
Mobitel-076-6589643,Mobile,+8550766589643
Mobitel-076-6589644,Mobile,+8550766589644
Mobitel-076-6589645,Mobile,+8550766589645
Mobitel-076-6589646,Mobile,+8550766589646
Mobitel-076-6589647,Mobile,+8550766589647
Mobitel-076-6589648,Mobile,+8550766589648
Mobitel-076-6589649,Mobile,+8550766589649
Mobitel-076-6589650,Mobile,+8550766589650
Mobitel-076-6589651,Mobile,+8550766589651
Mobitel-076-6589652,Mobile,+8550766589652
Mobitel-076-6589653,Mobile,+8550766589653
Mobitel-076-6589654,Mobile,+8550766589654
Mobitel-076-6589655,Mobile,+8550766589655
Mobitel-076-6589656,Mobile,+8550766589656
Mobitel-076-6589657,Mobile,+8550766589657
Mobitel-076-6589658,Mobile,+8550766589658
Mobitel-076-6589659,Mobile,+8550766589659
Mobitel-076-6589660,Mobile,+8550766589660
Mobitel-076-6589661,Mobile,+8550766589661
Mobitel-076-6589662,Mobile,+8550766589662
Mobitel-076-6589663,Mobile,+8550766589663
Mobitel-076-6589664,Mobile,+8550766589664
Mobitel-076-6589665,Mobile,+8550766589665
Mobitel-076-6589666,Mobile,+8550766589666
Mobitel-076-6589667,Mobile,+8550766589667
Mobitel-076-6589668,Mobile,+8550766589668
Mobitel-076-6589669,Mobile,+8550766589669
Mobitel-076-6589670,Mobile,+8550766589670
Mobitel-076-6589671,Mobile,+8550766589671
Mobitel-076-6589672,Mobile,+8550766589672
Mobitel-076-6589673,Mobile,+8550766589673
Mobitel-076-6589674,Mobile,+8550766589674
Mobitel-076-6589675,Mobile,+8550766589675
Mobitel-076-6589676,Mobile,+8550766589676
Mobitel-076-6589677,Mobile,+8550766589677
Mobitel-076-6589678,Mobile,+8550766589678
Mobitel-076-6589679,Mobile,+8550766589679
Mobitel-076-6589680,Mobile,+8550766589680
Mobitel-076-6589681,Mobile,+8550766589681
Mobitel-076-6589682,Mobile,+8550766589682
Mobitel-076-6589683,Mobile,+8550766589683
Mobitel-076-6589684,Mobile,+8550766589684
Mobitel-076-6589685,Mobile,+8550766589685
Mobitel-076-6589686,Mobile,+8550766589686
Mobitel-076-6589687,Mobile,+8550766589687
Mobitel-076-6589688,Mobile,+8550766589688
Mobitel-076-6589689,Mobile,+8550766589689
Mobitel-076-6589690,Mobile,+8550766589690
Mobitel-076-6589691,Mobile,+8550766589691
Mobitel-076-6589692,Mobile,+8550766589692
Mobitel-076-6589693,Mobile,+8550766589693
Mobitel-076-6589694,Mobile,+8550766589694
Mobitel-076-6589695,Mobile,+8550766589695
Mobitel-076-6589696,Mobile,+8550766589696
Mobitel-076-6589697,Mobile,+8550766589697
Mobitel-076-6589698,Mobile,+8550766589698
Mobitel-076-6589699,Mobile,+8550766589699
Mobitel-076-6589700,Mobile,+8550766589700
Mobitel-076-6589701,Mobile,+8550766589701
Mobitel-076-6589702,Mobile,+8550766589702
Mobitel-076-6589703,Mobile,+8550766589703
Mobitel-076-6589704,Mobile,+8550766589704
Mobitel-076-6589705,Mobile,+8550766589705
Mobitel-076-6589706,Mobile,+8550766589706
Mobitel-076-6589707,Mobile,+8550766589707
Mobitel-076-6589708,Mobile,+8550766589708
Mobitel-076-6589709,Mobile,+8550766589709
Mobitel-076-6589710,Mobile,+8550766589710
Mobitel-076-6589711,Mobile,+8550766589711
Mobitel-076-6589712,Mobile,+8550766589712
Mobitel-076-6589713,Mobile,+8550766589713
Mobitel-076-6589714,Mobile,+8550766589714
Mobitel-076-6589715,Mobile,+8550766589715
Mobitel-076-6589716,Mobile,+8550766589716
Mobitel-076-6589717,Mobile,+8550766589717
Mobitel-076-6589718,Mobile,+8550766589718
Mobitel-076-6589719,Mobile,+8550766589719
Mobitel-076-6589720,Mobile,+8550766589720
Mobitel-076-6589721,Mobile,+8550766589721
Mobitel-076-6589722,Mobile,+8550766589722
Mobitel-076-6589723,Mobile,+8550766589723
Mobitel-076-6589724,Mobile,+8550766589724
Mobitel-076-6589725,Mobile,+8550766589725
Mobitel-076-6589726,Mobile,+8550766589726
Mobitel-076-6589727,Mobile,+8550766589727
Mobitel-076-6589728,Mobile,+8550766589728
Mobitel-076-6589729,Mobile,+8550766589729
Mobitel-076-6589730,Mobile,+8550766589730
Mobitel-076-6589731,Mobile,+8550766589731
Mobitel-076-6589732,Mobile,+8550766589732
Mobitel-076-6589733,Mobile,+8550766589733
Mobitel-076-6589734,Mobile,+8550766589734
Mobitel-076-6589735,Mobile,+8550766589735
Mobitel-076-6589736,Mobile,+8550766589736
Mobitel-076-6589737,Mobile,+8550766589737
Mobitel-076-6589738,Mobile,+8550766589738
Mobitel-076-6589739,Mobile,+8550766589739
Mobitel-076-6589740,Mobile,+8550766589740
Mobitel-076-6589741,Mobile,+8550766589741
Mobitel-076-6589742,Mobile,+8550766589742
Mobitel-076-6589743,Mobile,+8550766589743
Mobitel-076-6589744,Mobile,+8550766589744
Mobitel-076-6589745,Mobile,+8550766589745
Mobitel-076-6589746,Mobile,+8550766589746
Mobitel-076-6589747,Mobile,+8550766589747
Mobitel-076-6589748,Mobile,+8550766589748
Mobitel-076-6589749,Mobile,+8550766589749
Mobitel-076-6589750,Mobile,+8550766589750
Mobitel-076-6589751,Mobile,+8550766589751
Mobitel-076-6589752,Mobile,+8550766589752
Mobitel-076-6589753,Mobile,+8550766589753
Mobitel-076-6589754,Mobile,+8550766589754
Mobitel-076-6589755,Mobile,+8550766589755
Mobitel-076-6589756,Mobile,+8550766589756
Mobitel-076-6589757,Mobile,+8550766589757
Mobitel-076-6589758,Mobile,+8550766589758
Mobitel-076-6589759,Mobile,+8550766589759
Mobitel-076-6589760,Mobile,+8550766589760
Mobitel-076-6589761,Mobile,+8550766589761
Mobitel-076-6589762,Mobile,+8550766589762
Mobitel-076-6589763,Mobile,+8550766589763
Mobitel-076-6589764,Mobile,+8550766589764
Mobitel-076-6589765,Mobile,+8550766589765
Mobitel-076-6589766,Mobile,+8550766589766
Mobitel-076-6589767,Mobile,+8550766589767
Mobitel-076-6589768,Mobile,+8550766589768
Mobitel-076-6589769,Mobile,+8550766589769
Mobitel-076-6589770,Mobile,+8550766589770
Mobitel-076-6589771,Mobile,+8550766589771
Mobitel-076-6589772,Mobile,+8550766589772
Mobitel-076-6589773,Mobile,+8550766589773
Mobitel-076-6589774,Mobile,+8550766589774
Mobitel-076-6589775,Mobile,+8550766589775
Mobitel-076-6589776,Mobile,+8550766589776
Mobitel-076-6589777,Mobile,+8550766589777
Mobitel-076-6589778,Mobile,+8550766589778
Mobitel-076-6589779,Mobile,+8550766589779
Mobitel-076-6589780,Mobile,+8550766589780
Mobitel-076-6589781,Mobile,+8550766589781
Mobitel-076-6589782,Mobile,+8550766589782
Mobitel-076-6589783,Mobile,+8550766589783
Mobitel-076-6589784,Mobile,+8550766589784
Mobitel-076-6589785,Mobile,+8550766589785
Mobitel-076-6589786,Mobile,+8550766589786
Mobitel-076-6589787,Mobile,+8550766589787
Mobitel-076-6589788,Mobile,+8550766589788
Mobitel-076-6589789,Mobile,+8550766589789
Mobitel-076-6589790,Mobile,+8550766589790
Mobitel-076-6589791,Mobile,+8550766589791
Mobitel-076-6589792,Mobile,+8550766589792
Mobitel-076-6589793,Mobile,+8550766589793
Mobitel-076-6589794,Mobile,+8550766589794
Mobitel-076-6589795,Mobile,+8550766589795
Mobitel-076-6589796,Mobile,+8550766589796
Mobitel-076-6589797,Mobile,+8550766589797
Mobitel-076-6589798,Mobile,+8550766589798
Mobitel-076-6589799,Mobile,+8550766589799
Mobitel-076-6589800,Mobile,+8550766589800
Mobitel-076-6589801,Mobile,+8550766589801
Mobitel-076-6589802,Mobile,+8550766589802
Mobitel-076-6589803,Mobile,+8550766589803
Mobitel-076-6589804,Mobile,+8550766589804
Mobitel-076-6589805,Mobile,+8550766589805
Mobitel-076-6589806,Mobile,+8550766589806
Mobitel-076-6589807,Mobile,+8550766589807
Mobitel-076-6589808,Mobile,+8550766589808
Mobitel-076-6589809,Mobile,+8550766589809
Mobitel-076-6589810,Mobile,+8550766589810
Mobitel-076-6589811,Mobile,+8550766589811
Mobitel-076-6589812,Mobile,+8550766589812
Mobitel-076-6589813,Mobile,+8550766589813
Mobitel-076-6589814,Mobile,+8550766589814
Mobitel-076-6589815,Mobile,+8550766589815
Mobitel-076-6589816,Mobile,+8550766589816
Mobitel-076-6589817,Mobile,+8550766589817
Mobitel-076-6589818,Mobile,+8550766589818
Mobitel-076-6589819,Mobile,+8550766589819
Mobitel-076-6589820,Mobile,+8550766589820
Mobitel-076-6589821,Mobile,+8550766589821
Mobitel-076-6589822,Mobile,+8550766589822
Mobitel-076-6589823,Mobile,+8550766589823
Mobitel-076-6589824,Mobile,+8550766589824
Mobitel-076-6589825,Mobile,+8550766589825
Mobitel-076-6589826,Mobile,+8550766589826
Mobitel-076-6589827,Mobile,+8550766589827
Mobitel-076-6589828,Mobile,+8550766589828
Mobitel-076-6589829,Mobile,+8550766589829
Mobitel-076-6589830,Mobile,+8550766589830
Mobitel-076-6589831,Mobile,+8550766589831
Mobitel-076-6589832,Mobile,+8550766589832
Mobitel-076-6589833,Mobile,+8550766589833
Mobitel-076-6589834,Mobile,+8550766589834
Mobitel-076-6589835,Mobile,+8550766589835
Mobitel-076-6589836,Mobile,+8550766589836
Mobitel-076-6589837,Mobile,+8550766589837
Mobitel-076-6589838,Mobile,+8550766589838
Mobitel-076-6589839,Mobile,+8550766589839
Mobitel-076-6589840,Mobile,+8550766589840
Mobitel-076-6589841,Mobile,+8550766589841
Mobitel-076-6589842,Mobile,+8550766589842
Mobitel-076-6589843,Mobile,+8550766589843
Mobitel-076-6589844,Mobile,+8550766589844
Mobitel-076-6589845,Mobile,+8550766589845
Mobitel-076-6589846,Mobile,+8550766589846
Mobitel-076-6589847,Mobile,+8550766589847
Mobitel-076-6589848,Mobile,+8550766589848
Mobitel-076-6589849,Mobile,+8550766589849
Mobitel-076-6589850,Mobile,+8550766589850
Mobitel-076-6589851,Mobile,+8550766589851
Mobitel-076-6589852,Mobile,+8550766589852
Mobitel-076-6589853,Mobile,+8550766589853
Mobitel-076-6589854,Mobile,+8550766589854
Mobitel-076-6589855,Mobile,+8550766589855
Mobitel-076-6589856,Mobile,+8550766589856
Mobitel-076-6589857,Mobile,+8550766589857
Mobitel-076-6589858,Mobile,+8550766589858
Mobitel-076-6589859,Mobile,+8550766589859
Mobitel-076-6589860,Mobile,+8550766589860
Mobitel-076-6589861,Mobile,+8550766589861
Mobitel-076-6589862,Mobile,+8550766589862
Mobitel-076-6589863,Mobile,+8550766589863
Mobitel-076-6589864,Mobile,+8550766589864
Mobitel-076-6589865,Mobile,+8550766589865
Mobitel-076-6589866,Mobile,+8550766589866
Mobitel-076-6589867,Mobile,+8550766589867
Mobitel-076-6589868,Mobile,+8550766589868
Mobitel-076-6589869,Mobile,+8550766589869
Mobitel-076-6589870,Mobile,+8550766589870
Mobitel-076-6589871,Mobile,+8550766589871
Mobitel-076-6589872,Mobile,+8550766589872
Mobitel-076-6589873,Mobile,+8550766589873
Mobitel-076-6589874,Mobile,+8550766589874
Mobitel-076-6589875,Mobile,+8550766589875
Mobitel-076-6589876,Mobile,+8550766589876
Mobitel-076-6589877,Mobile,+8550766589877
Mobitel-076-6589878,Mobile,+8550766589878
Mobitel-076-6589879,Mobile,+8550766589879
Mobitel-076-6589880,Mobile,+8550766589880
Mobitel-076-6589881,Mobile,+8550766589881
Mobitel-076-6589882,Mobile,+8550766589882
Mobitel-076-6589883,Mobile,+8550766589883
Mobitel-076-6589884,Mobile,+8550766589884
Mobitel-076-6589885,Mobile,+8550766589885
Mobitel-076-6589886,Mobile,+8550766589886
Mobitel-076-6589887,Mobile,+8550766589887
Mobitel-076-6589888,Mobile,+8550766589888
Mobitel-076-6589889,Mobile,+8550766589889
Mobitel-076-6589890,Mobile,+8550766589890
Mobitel-076-6589891,Mobile,+8550766589891
Mobitel-076-6589892,Mobile,+8550766589892
Mobitel-076-6589893,Mobile,+8550766589893
Mobitel-076-6589894,Mobile,+8550766589894
Mobitel-076-6589895,Mobile,+8550766589895
Mobitel-076-6589896,Mobile,+8550766589896
Mobitel-076-6589897,Mobile,+8550766589897
Mobitel-076-6589898,Mobile,+8550766589898
Mobitel-076-6589899,Mobile,+8550766589899
Mobitel-076-6589900,Mobile,+8550766589900
Mobitel-076-6589901,Mobile,+8550766589901
Mobitel-076-6589902,Mobile,+8550766589902
Mobitel-076-6589903,Mobile,+8550766589903
Mobitel-076-6589904,Mobile,+8550766589904
Mobitel-076-6589905,Mobile,+8550766589905
Mobitel-076-6589906,Mobile,+8550766589906
Mobitel-076-6589907,Mobile,+8550766589907
Mobitel-076-6589908,Mobile,+8550766589908
Mobitel-076-6589909,Mobile,+8550766589909
Mobitel-076-6589910,Mobile,+8550766589910
Mobitel-076-6589911,Mobile,+8550766589911
Mobitel-076-6589912,Mobile,+8550766589912
Mobitel-076-6589913,Mobile,+8550766589913
Mobitel-076-6589914,Mobile,+8550766589914
Mobitel-076-6589915,Mobile,+8550766589915
Mobitel-076-6589916,Mobile,+8550766589916
Mobitel-076-6589917,Mobile,+8550766589917
Mobitel-076-6589918,Mobile,+8550766589918
Mobitel-076-6589919,Mobile,+8550766589919
Mobitel-076-6589920,Mobile,+8550766589920
Mobitel-076-6589921,Mobile,+8550766589921
Mobitel-076-6589922,Mobile,+8550766589922
Mobitel-076-6589923,Mobile,+8550766589923
Mobitel-076-6589924,Mobile,+8550766589924
Mobitel-076-6589925,Mobile,+8550766589925
Mobitel-076-6589926,Mobile,+8550766589926
Mobitel-076-6589927,Mobile,+8550766589927
Mobitel-076-6589928,Mobile,+8550766589928
Mobitel-076-6589929,Mobile,+8550766589929
Mobitel-076-6589930,Mobile,+8550766589930
Mobitel-076-6589931,Mobile,+8550766589931
Mobitel-076-6589932,Mobile,+8550766589932
Mobitel-076-6589933,Mobile,+8550766589933
Mobitel-076-6589934,Mobile,+8550766589934
Mobitel-076-6589935,Mobile,+8550766589935
Mobitel-076-6589936,Mobile,+8550766589936
Mobitel-076-6589937,Mobile,+8550766589937
Mobitel-076-6589938,Mobile,+8550766589938
Mobitel-076-6589939,Mobile,+8550766589939
Mobitel-076-6589940,Mobile,+8550766589940
Mobitel-076-6589941,Mobile,+8550766589941
Mobitel-076-6589942,Mobile,+8550766589942
Mobitel-076-6589943,Mobile,+8550766589943
Mobitel-076-6589944,Mobile,+8550766589944
Mobitel-076-6589945,Mobile,+8550766589945
Mobitel-076-6589946,Mobile,+8550766589946
Mobitel-076-6589947,Mobile,+8550766589947
Mobitel-076-6589948,Mobile,+8550766589948
Mobitel-076-6589949,Mobile,+8550766589949
Mobitel-076-6589950,Mobile,+8550766589950
Mobitel-076-6589951,Mobile,+8550766589951
Mobitel-076-6589952,Mobile,+8550766589952
Mobitel-076-6589953,Mobile,+8550766589953
Mobitel-076-6589954,Mobile,+8550766589954
Mobitel-076-6589955,Mobile,+8550766589955
Mobitel-076-6589956,Mobile,+8550766589956
Mobitel-076-6589957,Mobile,+8550766589957
Mobitel-076-6589958,Mobile,+8550766589958
Mobitel-076-6589959,Mobile,+8550766589959
Mobitel-076-6589960,Mobile,+8550766589960
Mobitel-076-6589961,Mobile,+8550766589961
Mobitel-076-6589962,Mobile,+8550766589962
Mobitel-076-6589963,Mobile,+8550766589963
Mobitel-076-6589964,Mobile,+8550766589964
Mobitel-076-6589965,Mobile,+8550766589965
Mobitel-076-6589966,Mobile,+8550766589966
Mobitel-076-6589967,Mobile,+8550766589967
Mobitel-076-6589968,Mobile,+8550766589968
Mobitel-076-6589969,Mobile,+8550766589969
Mobitel-076-6589970,Mobile,+8550766589970
Mobitel-076-6589971,Mobile,+8550766589971
Mobitel-076-6589972,Mobile,+8550766589972
Mobitel-076-6589973,Mobile,+8550766589973
Mobitel-076-6589974,Mobile,+8550766589974
Mobitel-076-6589975,Mobile,+8550766589975
Mobitel-076-6589976,Mobile,+8550766589976
Mobitel-076-6589977,Mobile,+8550766589977
Mobitel-076-6589978,Mobile,+8550766589978
Mobitel-076-6589979,Mobile,+8550766589979
Mobitel-076-6589980,Mobile,+8550766589980
Mobitel-076-6589981,Mobile,+8550766589981
Mobitel-076-6589982,Mobile,+8550766589982
Mobitel-076-6589983,Mobile,+8550766589983
Mobitel-076-6589984,Mobile,+8550766589984
Mobitel-076-6589985,Mobile,+8550766589985
Mobitel-076-6589986,Mobile,+8550766589986
Mobitel-076-6589987,Mobile,+8550766589987
Mobitel-076-6589988,Mobile,+8550766589988
Mobitel-076-6589989,Mobile,+8550766589989
Mobitel-076-6589990,Mobile,+8550766589990
Mobitel-076-6589991,Mobile,+8550766589991
Mobitel-076-6589992,Mobile,+8550766589992
Mobitel-076-6589993,Mobile,+8550766589993
Mobitel-076-6589994,Mobile,+8550766589994
Mobitel-076-6589995,Mobile,+8550766589995
Mobitel-076-6589996,Mobile,+8550766589996
Mobitel-076-6589997,Mobile,+8550766589997
Mobitel-076-6589998,Mobile,+8550766589998
Mobitel-076-6589999,Mobile,+8550766589999
Mobitel-076-6590000,Mobile,+8550766590000
Mobitel-076-6590001,Mobile,+8550766590001
Mobitel-076-6590002,Mobile,+8550766590002
Mobitel-076-6590003,Mobile,+8550766590003
Mobitel-076-6590004,Mobile,+8550766590004
Mobitel-076-6590005,Mobile,+8550766590005
Mobitel-076-6590006,Mobile,+8550766590006
Mobitel-076-6590007,Mobile,+8550766590007
Mobitel-076-6590008,Mobile,+8550766590008
Mobitel-076-6590009,Mobile,+8550766590009
Mobitel-076-6590010,Mobile,+8550766590010
Mobitel-076-6590011,Mobile,+8550766590011
Mobitel-076-6590012,Mobile,+8550766590012
Mobitel-076-6590013,Mobile,+8550766590013
Mobitel-076-6590014,Mobile,+8550766590014
Mobitel-076-6590015,Mobile,+8550766590015
Mobitel-076-6590016,Mobile,+8550766590016
Mobitel-076-6590017,Mobile,+8550766590017
Mobitel-076-6590018,Mobile,+8550766590018
Mobitel-076-6590019,Mobile,+8550766590019
Mobitel-076-6590020,Mobile,+8550766590020
Mobitel-076-6590021,Mobile,+8550766590021
Mobitel-076-6590022,Mobile,+8550766590022
Mobitel-076-6590023,Mobile,+8550766590023
Mobitel-076-6590024,Mobile,+8550766590024
Mobitel-076-6590025,Mobile,+8550766590025
Mobitel-076-6590026,Mobile,+8550766590026
Mobitel-076-6590027,Mobile,+8550766590027
Mobitel-076-6590028,Mobile,+8550766590028
Mobitel-076-6590029,Mobile,+8550766590029
Mobitel-076-6590030,Mobile,+8550766590030
Mobitel-076-6590031,Mobile,+8550766590031
Mobitel-076-6590032,Mobile,+8550766590032
Mobitel-076-6590033,Mobile,+8550766590033
Mobitel-076-6590034,Mobile,+8550766590034
Mobitel-076-6590035,Mobile,+8550766590035
Mobitel-076-6590036,Mobile,+8550766590036
Mobitel-076-6590037,Mobile,+8550766590037
Mobitel-076-6590038,Mobile,+8550766590038
Mobitel-076-6590039,Mobile,+8550766590039
Mobitel-076-6590040,Mobile,+8550766590040
Mobitel-076-6590041,Mobile,+8550766590041
Mobitel-076-6590042,Mobile,+8550766590042
Mobitel-076-6590043,Mobile,+8550766590043
Mobitel-076-6590044,Mobile,+8550766590044
Mobitel-076-6590045,Mobile,+8550766590045
Mobitel-076-6590046,Mobile,+8550766590046
Mobitel-076-6590047,Mobile,+8550766590047
Mobitel-076-6590048,Mobile,+8550766590048
Mobitel-076-6590049,Mobile,+8550766590049
Mobitel-076-6590050,Mobile,+8550766590050
Mobitel-076-6590051,Mobile,+8550766590051
Mobitel-076-6590052,Mobile,+8550766590052
Mobitel-076-6590053,Mobile,+8550766590053
Mobitel-076-6590054,Mobile,+8550766590054
Mobitel-076-6590055,Mobile,+8550766590055
Mobitel-076-6590056,Mobile,+8550766590056
Mobitel-076-6590057,Mobile,+8550766590057
Mobitel-076-6590058,Mobile,+8550766590058
Mobitel-076-6590059,Mobile,+8550766590059
Mobitel-076-6590060,Mobile,+8550766590060
Mobitel-076-6590061,Mobile,+8550766590061
Mobitel-076-6590062,Mobile,+8550766590062
Mobitel-076-6590063,Mobile,+8550766590063
Mobitel-076-6590064,Mobile,+8550766590064
Mobitel-076-6590065,Mobile,+8550766590065
Mobitel-076-6590066,Mobile,+8550766590066
Mobitel-076-6590067,Mobile,+8550766590067
Mobitel-076-6590068,Mobile,+8550766590068
Mobitel-076-6590069,Mobile,+8550766590069
Mobitel-076-6590070,Mobile,+8550766590070
Mobitel-076-6590071,Mobile,+8550766590071
Mobitel-076-6590072,Mobile,+8550766590072
Mobitel-076-6590073,Mobile,+8550766590073
Mobitel-076-6590074,Mobile,+8550766590074
Mobitel-076-6590075,Mobile,+8550766590075
Mobitel-076-6590076,Mobile,+8550766590076
Mobitel-076-6590077,Mobile,+8550766590077
Mobitel-076-6590078,Mobile,+8550766590078
Mobitel-076-6590079,Mobile,+8550766590079
Mobitel-076-6590080,Mobile,+8550766590080
Mobitel-076-6590081,Mobile,+8550766590081
Mobitel-076-6590082,Mobile,+8550766590082
Mobitel-076-6590083,Mobile,+8550766590083
Mobitel-076-6590084,Mobile,+8550766590084
Mobitel-076-6590085,Mobile,+8550766590085
Mobitel-076-6590086,Mobile,+8550766590086
Mobitel-076-6590087,Mobile,+8550766590087
Mobitel-076-6590088,Mobile,+8550766590088
Mobitel-076-6590089,Mobile,+8550766590089
Mobitel-076-6590090,Mobile,+8550766590090
Mobitel-076-6590091,Mobile,+8550766590091
Mobitel-076-6590092,Mobile,+8550766590092
Mobitel-076-6590093,Mobile,+8550766590093
Mobitel-076-6590094,Mobile,+8550766590094
Mobitel-076-6590095,Mobile,+8550766590095
Mobitel-076-6590096,Mobile,+8550766590096
Mobitel-076-6590097,Mobile,+8550766590097
Mobitel-076-6590098,Mobile,+8550766590098
Mobitel-076-6590099,Mobile,+8550766590099
Mobitel-076-6590100,Mobile,+8550766590100
Mobitel-076-6590101,Mobile,+8550766590101
Mobitel-076-6590102,Mobile,+8550766590102
Mobitel-076-6590103,Mobile,+8550766590103
Mobitel-076-6590104,Mobile,+8550766590104
Mobitel-076-6590105,Mobile,+8550766590105
Mobitel-076-6590106,Mobile,+8550766590106
Mobitel-076-6590107,Mobile,+8550766590107
Mobitel-076-6590108,Mobile,+8550766590108
Mobitel-076-6590109,Mobile,+8550766590109
Mobitel-076-6590110,Mobile,+8550766590110
Mobitel-076-6590111,Mobile,+8550766590111
Mobitel-076-6590112,Mobile,+8550766590112
Mobitel-076-6590113,Mobile,+8550766590113
Mobitel-076-6590114,Mobile,+8550766590114
Mobitel-076-6590115,Mobile,+8550766590115
Mobitel-076-6590116,Mobile,+8550766590116
Mobitel-076-6590117,Mobile,+8550766590117
Mobitel-076-6590118,Mobile,+8550766590118
Mobitel-076-6590119,Mobile,+8550766590119
Mobitel-076-6590120,Mobile,+8550766590120
Mobitel-076-6590121,Mobile,+8550766590121
Mobitel-076-6590122,Mobile,+8550766590122
Mobitel-076-6590123,Mobile,+8550766590123
Mobitel-076-6590124,Mobile,+8550766590124
Mobitel-076-6590125,Mobile,+8550766590125
Mobitel-076-6590126,Mobile,+8550766590126
Mobitel-076-6590127,Mobile,+8550766590127
Mobitel-076-6590128,Mobile,+8550766590128
Mobitel-076-6590129,Mobile,+8550766590129
Mobitel-076-6590130,Mobile,+8550766590130
Mobitel-076-6590131,Mobile,+8550766590131
Mobitel-076-6590132,Mobile,+8550766590132
Mobitel-076-6590133,Mobile,+8550766590133
Mobitel-076-6590134,Mobile,+8550766590134
Mobitel-076-6590135,Mobile,+8550766590135
Mobitel-076-6590136,Mobile,+8550766590136
Mobitel-076-6590137,Mobile,+8550766590137
Mobitel-076-6590138,Mobile,+8550766590138
Mobitel-076-6590139,Mobile,+8550766590139
Mobitel-076-6590140,Mobile,+8550766590140
Mobitel-076-6590141,Mobile,+8550766590141
Mobitel-076-6590142,Mobile,+8550766590142
Mobitel-076-6590143,Mobile,+8550766590143
Mobitel-076-6590144,Mobile,+8550766590144
Mobitel-076-6590145,Mobile,+8550766590145
Mobitel-076-6590146,Mobile,+8550766590146
Mobitel-076-6590147,Mobile,+8550766590147
Mobitel-076-6590148,Mobile,+8550766590148
Mobitel-076-6590149,Mobile,+8550766590149
Mobitel-076-6590150,Mobile,+8550766590150
Mobitel-076-6590151,Mobile,+8550766590151
Mobitel-076-6590152,Mobile,+8550766590152
Mobitel-076-6590153,Mobile,+8550766590153
Mobitel-076-6590154,Mobile,+8550766590154
Mobitel-076-6590155,Mobile,+8550766590155
Mobitel-076-6590156,Mobile,+8550766590156
Mobitel-076-6590157,Mobile,+8550766590157
Mobitel-076-6590158,Mobile,+8550766590158
Mobitel-076-6590159,Mobile,+8550766590159
Mobitel-076-6590160,Mobile,+8550766590160
Mobitel-076-6590161,Mobile,+8550766590161
Mobitel-076-6590162,Mobile,+8550766590162
Mobitel-076-6590163,Mobile,+8550766590163
Mobitel-076-6590164,Mobile,+8550766590164
Mobitel-076-6590165,Mobile,+8550766590165
Mobitel-076-6590166,Mobile,+8550766590166
Mobitel-076-6590167,Mobile,+8550766590167
Mobitel-076-6590168,Mobile,+8550766590168
Mobitel-076-6590169,Mobile,+8550766590169
Mobitel-076-6590170,Mobile,+8550766590170
Mobitel-076-6590171,Mobile,+8550766590171
Mobitel-076-6590172,Mobile,+8550766590172
Mobitel-076-6590173,Mobile,+8550766590173
Mobitel-076-6590174,Mobile,+8550766590174
Mobitel-076-6590175,Mobile,+8550766590175
Mobitel-076-6590176,Mobile,+8550766590176
Mobitel-076-6590177,Mobile,+8550766590177
Mobitel-076-6590178,Mobile,+8550766590178
Mobitel-076-6590179,Mobile,+8550766590179
Mobitel-076-6590180,Mobile,+8550766590180
Mobitel-076-6590181,Mobile,+8550766590181
Mobitel-076-6590182,Mobile,+8550766590182
Mobitel-076-6590183,Mobile,+8550766590183
Mobitel-076-6590184,Mobile,+8550766590184
Mobitel-076-6590185,Mobile,+8550766590185
Mobitel-076-6590186,Mobile,+8550766590186
Mobitel-076-6590187,Mobile,+8550766590187
Mobitel-076-6590188,Mobile,+8550766590188
Mobitel-076-6590189,Mobile,+8550766590189
Mobitel-076-6590190,Mobile,+8550766590190
Mobitel-076-6590191,Mobile,+8550766590191
Mobitel-076-6590192,Mobile,+8550766590192
Mobitel-076-6590193,Mobile,+8550766590193
Mobitel-076-6590194,Mobile,+8550766590194
Mobitel-076-6590195,Mobile,+8550766590195
Mobitel-076-6590196,Mobile,+8550766590196
Mobitel-076-6590197,Mobile,+8550766590197
Mobitel-076-6590198,Mobile,+8550766590198
Mobitel-076-6590199,Mobile,+8550766590199
Mobitel-076-6590200,Mobile,+8550766590200
Mobitel-076-6590201,Mobile,+8550766590201
Mobitel-076-6590202,Mobile,+8550766590202
Mobitel-076-6590203,Mobile,+8550766590203
Mobitel-076-6590204,Mobile,+8550766590204
Mobitel-076-6590205,Mobile,+8550766590205
Mobitel-076-6590206,Mobile,+8550766590206
Mobitel-076-6590207,Mobile,+8550766590207
Mobitel-076-6590208,Mobile,+8550766590208
Mobitel-076-6590209,Mobile,+8550766590209
Mobitel-076-6590210,Mobile,+8550766590210
Mobitel-076-6590211,Mobile,+8550766590211
Mobitel-076-6590212,Mobile,+8550766590212
Mobitel-076-6590213,Mobile,+8550766590213
Mobitel-076-6590214,Mobile,+8550766590214
Mobitel-076-6590215,Mobile,+8550766590215
Mobitel-076-6590216,Mobile,+8550766590216
Mobitel-076-6590217,Mobile,+8550766590217
Mobitel-076-6590218,Mobile,+8550766590218
Mobitel-076-6590219,Mobile,+8550766590219
Mobitel-076-6590220,Mobile,+8550766590220
Mobitel-076-6590221,Mobile,+8550766590221
Mobitel-076-6590222,Mobile,+8550766590222
Mobitel-076-6590223,Mobile,+8550766590223
Mobitel-076-6590224,Mobile,+8550766590224
Mobitel-076-6590225,Mobile,+8550766590225
Mobitel-076-6590226,Mobile,+8550766590226
Mobitel-076-6590227,Mobile,+8550766590227
Mobitel-076-6590228,Mobile,+8550766590228
Mobitel-076-6590229,Mobile,+8550766590229
Mobitel-076-6590230,Mobile,+8550766590230
Mobitel-076-6590231,Mobile,+8550766590231
Mobitel-076-6590232,Mobile,+8550766590232
Mobitel-076-6590233,Mobile,+8550766590233
Mobitel-076-6590234,Mobile,+8550766590234
Mobitel-076-6590235,Mobile,+8550766590235
Mobitel-076-6590236,Mobile,+8550766590236
Mobitel-076-6590237,Mobile,+8550766590237
Mobitel-076-6590238,Mobile,+8550766590238
Mobitel-076-6590239,Mobile,+8550766590239
Mobitel-076-6590240,Mobile,+8550766590240
Mobitel-076-6590241,Mobile,+8550766590241
Mobitel-076-6590242,Mobile,+8550766590242
Mobitel-076-6590243,Mobile,+8550766590243
Mobitel-076-6590244,Mobile,+8550766590244
Mobitel-076-6590245,Mobile,+8550766590245
Mobitel-076-6590246,Mobile,+8550766590246
Mobitel-076-6590247,Mobile,+8550766590247
Mobitel-076-6590248,Mobile,+8550766590248
Mobitel-076-6590249,Mobile,+8550766590249
Mobitel-076-6590250,Mobile,+8550766590250
Mobitel-076-6590251,Mobile,+8550766590251
Mobitel-076-6590252,Mobile,+8550766590252
Mobitel-076-6590253,Mobile,+8550766590253
Mobitel-076-6590254,Mobile,+8550766590254
Mobitel-076-6590255,Mobile,+8550766590255
Mobitel-076-6590256,Mobile,+8550766590256
Mobitel-076-6590257,Mobile,+8550766590257
Mobitel-076-6590258,Mobile,+8550766590258
Mobitel-076-6590259,Mobile,+8550766590259
Mobitel-076-6590260,Mobile,+8550766590260
Mobitel-076-6590261,Mobile,+8550766590261
Mobitel-076-6590262,Mobile,+8550766590262
Mobitel-076-6590263,Mobile,+8550766590263
Mobitel-076-6590264,Mobile,+8550766590264
Mobitel-076-6590265,Mobile,+8550766590265
Mobitel-076-6590266,Mobile,+8550766590266
Mobitel-076-6590267,Mobile,+8550766590267
Mobitel-076-6590268,Mobile,+8550766590268
Mobitel-076-6590269,Mobile,+8550766590269
Mobitel-076-6590270,Mobile,+8550766590270
Mobitel-076-6590271,Mobile,+8550766590271
Mobitel-076-6590272,Mobile,+8550766590272
Mobitel-076-6590273,Mobile,+8550766590273
Mobitel-076-6590274,Mobile,+8550766590274
Mobitel-076-6590275,Mobile,+8550766590275
Mobitel-076-6590276,Mobile,+8550766590276
Mobitel-076-6590277,Mobile,+8550766590277
Mobitel-076-6590278,Mobile,+8550766590278
Mobitel-076-6590279,Mobile,+8550766590279
Mobitel-076-6590280,Mobile,+8550766590280
Mobitel-076-6590281,Mobile,+8550766590281
Mobitel-076-6590282,Mobile,+8550766590282
Mobitel-076-6590283,Mobile,+8550766590283
Mobitel-076-6590284,Mobile,+8550766590284
Mobitel-076-6590285,Mobile,+8550766590285
Mobitel-076-6590286,Mobile,+8550766590286
Mobitel-076-6590287,Mobile,+8550766590287
Mobitel-076-6590288,Mobile,+8550766590288
Mobitel-076-6590289,Mobile,+8550766590289
Mobitel-076-6590290,Mobile,+8550766590290
Mobitel-076-6590291,Mobile,+8550766590291
Mobitel-076-6590292,Mobile,+8550766590292
Mobitel-076-6590293,Mobile,+8550766590293
Mobitel-076-6590294,Mobile,+8550766590294
Mobitel-076-6590295,Mobile,+8550766590295
Mobitel-076-6590296,Mobile,+8550766590296
Mobitel-076-6590297,Mobile,+8550766590297
Mobitel-076-6590298,Mobile,+8550766590298
Mobitel-076-6590299,Mobile,+8550766590299
Mobitel-076-6590300,Mobile,+8550766590300
Mobitel-076-6590301,Mobile,+8550766590301
Mobitel-076-6590302,Mobile,+8550766590302
Mobitel-076-6590303,Mobile,+8550766590303
Mobitel-076-6590304,Mobile,+8550766590304
Mobitel-076-6590305,Mobile,+8550766590305
Mobitel-076-6590306,Mobile,+8550766590306
Mobitel-076-6590307,Mobile,+8550766590307
Mobitel-076-6590308,Mobile,+8550766590308
Mobitel-076-6590309,Mobile,+8550766590309
Mobitel-076-6590310,Mobile,+8550766590310
Mobitel-076-6590311,Mobile,+8550766590311
Mobitel-076-6590312,Mobile,+8550766590312
Mobitel-076-6590313,Mobile,+8550766590313
Mobitel-076-6590314,Mobile,+8550766590314
Mobitel-076-6590315,Mobile,+8550766590315
Mobitel-076-6590316,Mobile,+8550766590316
Mobitel-076-6590317,Mobile,+8550766590317
Mobitel-076-6590318,Mobile,+8550766590318
Mobitel-076-6590319,Mobile,+8550766590319
Mobitel-076-6590320,Mobile,+8550766590320
Mobitel-076-6590321,Mobile,+8550766590321
Mobitel-076-6590322,Mobile,+8550766590322
Mobitel-076-6590323,Mobile,+8550766590323
Mobitel-076-6590324,Mobile,+8550766590324
Mobitel-076-6590325,Mobile,+8550766590325
Mobitel-076-6590326,Mobile,+8550766590326
Mobitel-076-6590327,Mobile,+8550766590327
Mobitel-076-6590328,Mobile,+8550766590328
Mobitel-076-6590329,Mobile,+8550766590329
Mobitel-076-6590330,Mobile,+8550766590330
Mobitel-076-6590331,Mobile,+8550766590331
Mobitel-076-6590332,Mobile,+8550766590332
Mobitel-076-6590333,Mobile,+8550766590333
Mobitel-076-6590334,Mobile,+8550766590334
Mobitel-076-6590335,Mobile,+8550766590335
Mobitel-076-6590336,Mobile,+8550766590336
Mobitel-076-6590337,Mobile,+8550766590337
Mobitel-076-6590338,Mobile,+8550766590338
Mobitel-076-6590339,Mobile,+8550766590339
Mobitel-076-6590340,Mobile,+8550766590340
Mobitel-076-6590341,Mobile,+8550766590341
Mobitel-076-6590342,Mobile,+8550766590342
Mobitel-076-6590343,Mobile,+8550766590343
Mobitel-076-6590344,Mobile,+8550766590344
Mobitel-076-6590345,Mobile,+8550766590345
Mobitel-076-6590346,Mobile,+8550766590346
Mobitel-076-6590347,Mobile,+8550766590347
Mobitel-076-6590348,Mobile,+8550766590348
Mobitel-076-6590349,Mobile,+8550766590349
Mobitel-076-6590350,Mobile,+8550766590350
Mobitel-076-6590351,Mobile,+8550766590351
Mobitel-076-6590352,Mobile,+8550766590352
Mobitel-076-6590353,Mobile,+8550766590353
Mobitel-076-6590354,Mobile,+8550766590354
Mobitel-076-6590355,Mobile,+8550766590355
Mobitel-076-6590356,Mobile,+8550766590356
Mobitel-076-6590357,Mobile,+8550766590357
Mobitel-076-6590358,Mobile,+8550766590358
Mobitel-076-6590359,Mobile,+8550766590359
Mobitel-076-6590360,Mobile,+8550766590360
Mobitel-076-6590361,Mobile,+8550766590361
Mobitel-076-6590362,Mobile,+8550766590362
Mobitel-076-6590363,Mobile,+8550766590363
Mobitel-076-6590364,Mobile,+8550766590364
Mobitel-076-6590365,Mobile,+8550766590365
Mobitel-076-6590366,Mobile,+8550766590366
Mobitel-076-6590367,Mobile,+8550766590367
Mobitel-076-6590368,Mobile,+8550766590368
Mobitel-076-6590369,Mobile,+8550766590369
Mobitel-076-6590370,Mobile,+8550766590370
Mobitel-076-6590371,Mobile,+8550766590371
Mobitel-076-6590372,Mobile,+8550766590372
Mobitel-076-6590373,Mobile,+8550766590373
Mobitel-076-6590374,Mobile,+8550766590374
Mobitel-076-6590375,Mobile,+8550766590375
Mobitel-076-6590376,Mobile,+8550766590376
Mobitel-076-6590377,Mobile,+8550766590377
Mobitel-076-6590378,Mobile,+8550766590378
Mobitel-076-6590379,Mobile,+8550766590379
Mobitel-076-6590380,Mobile,+8550766590380
Mobitel-076-6590381,Mobile,+8550766590381
Mobitel-076-6590382,Mobile,+8550766590382
Mobitel-076-6590383,Mobile,+8550766590383
Mobitel-076-6590384,Mobile,+8550766590384
Mobitel-076-6590385,Mobile,+8550766590385
Mobitel-076-6590386,Mobile,+8550766590386
Mobitel-076-6590387,Mobile,+8550766590387
Mobitel-076-6590388,Mobile,+8550766590388
Mobitel-076-6590389,Mobile,+8550766590389
Mobitel-076-6590390,Mobile,+8550766590390
Mobitel-076-6590391,Mobile,+8550766590391
Mobitel-076-6590392,Mobile,+8550766590392
Mobitel-076-6590393,Mobile,+8550766590393
Mobitel-076-6590394,Mobile,+8550766590394
Mobitel-076-6590395,Mobile,+8550766590395
Mobitel-076-6590396,Mobile,+8550766590396
Mobitel-076-6590397,Mobile,+8550766590397
Mobitel-076-6590398,Mobile,+8550766590398
Mobitel-076-6590399,Mobile,+8550766590399
Mobitel-076-6590400,Mobile,+8550766590400
Mobitel-076-6590401,Mobile,+8550766590401
Mobitel-076-6590402,Mobile,+8550766590402
Mobitel-076-6590403,Mobile,+8550766590403
Mobitel-076-6590404,Mobile,+8550766590404
Mobitel-076-6590405,Mobile,+8550766590405
Mobitel-076-6590406,Mobile,+8550766590406
Mobitel-076-6590407,Mobile,+8550766590407
Mobitel-076-6590408,Mobile,+8550766590408
Mobitel-076-6590409,Mobile,+8550766590409
Mobitel-076-6590410,Mobile,+8550766590410
Mobitel-076-6590411,Mobile,+8550766590411
Mobitel-076-6590412,Mobile,+8550766590412
Mobitel-076-6590413,Mobile,+8550766590413
Mobitel-076-6590414,Mobile,+8550766590414
Mobitel-076-6590415,Mobile,+8550766590415
Mobitel-076-6590416,Mobile,+8550766590416
Mobitel-076-6590417,Mobile,+8550766590417
Mobitel-076-6590418,Mobile,+8550766590418
Mobitel-076-6590419,Mobile,+8550766590419
Mobitel-076-6590420,Mobile,+8550766590420
Mobitel-076-6590421,Mobile,+8550766590421
Mobitel-076-6590422,Mobile,+8550766590422
Mobitel-076-6590423,Mobile,+8550766590423
Mobitel-076-6590424,Mobile,+8550766590424
Mobitel-076-6590425,Mobile,+8550766590425
Mobitel-076-6590426,Mobile,+8550766590426
Mobitel-076-6590427,Mobile,+8550766590427
Mobitel-076-6590428,Mobile,+8550766590428
Mobitel-076-6590429,Mobile,+8550766590429
Mobitel-076-6590430,Mobile,+8550766590430
Mobitel-076-6590431,Mobile,+8550766590431
Mobitel-076-6590432,Mobile,+8550766590432
Mobitel-076-6590433,Mobile,+8550766590433
Mobitel-076-6590434,Mobile,+8550766590434
Mobitel-076-6590435,Mobile,+8550766590435
Mobitel-076-6590436,Mobile,+8550766590436
Mobitel-076-6590437,Mobile,+8550766590437
Mobitel-076-6590438,Mobile,+8550766590438
Mobitel-076-6590439,Mobile,+8550766590439
Mobitel-076-6590440,Mobile,+8550766590440
Mobitel-076-6590441,Mobile,+8550766590441
Mobitel-076-6590442,Mobile,+8550766590442
Mobitel-076-6590443,Mobile,+8550766590443
Mobitel-076-6590444,Mobile,+8550766590444
Mobitel-076-6590445,Mobile,+8550766590445
Mobitel-076-6590446,Mobile,+8550766590446
Mobitel-076-6590447,Mobile,+8550766590447
Mobitel-076-6590448,Mobile,+8550766590448
Mobitel-076-6590449,Mobile,+8550766590449
Mobitel-076-6590450,Mobile,+8550766590450
Mobitel-076-6590451,Mobile,+8550766590451
Mobitel-076-6590452,Mobile,+8550766590452
Mobitel-076-6590453,Mobile,+8550766590453
Mobitel-076-6590454,Mobile,+8550766590454
Mobitel-076-6590455,Mobile,+8550766590455
Mobitel-076-6590456,Mobile,+8550766590456
Mobitel-076-6590457,Mobile,+8550766590457
Mobitel-076-6590458,Mobile,+8550766590458
Mobitel-076-6590459,Mobile,+8550766590459
Mobitel-076-6590460,Mobile,+8550766590460
Mobitel-076-6590461,Mobile,+8550766590461
Mobitel-076-6590462,Mobile,+8550766590462
Mobitel-076-6590463,Mobile,+8550766590463
Mobitel-076-6590464,Mobile,+8550766590464
Mobitel-076-6590465,Mobile,+8550766590465
Mobitel-076-6590466,Mobile,+8550766590466
Mobitel-076-6590467,Mobile,+8550766590467
Mobitel-076-6590468,Mobile,+8550766590468
Mobitel-076-6590469,Mobile,+8550766590469
Mobitel-076-6590470,Mobile,+8550766590470
Mobitel-076-6590471,Mobile,+8550766590471
Mobitel-076-6590472,Mobile,+8550766590472
Mobitel-076-6590473,Mobile,+8550766590473
Mobitel-076-6590474,Mobile,+8550766590474
Mobitel-076-6590475,Mobile,+8550766590475
Mobitel-076-6590476,Mobile,+8550766590476
Mobitel-076-6590477,Mobile,+8550766590477
Mobitel-076-6590478,Mobile,+8550766590478
Mobitel-076-6590479,Mobile,+8550766590479
Mobitel-076-6590480,Mobile,+8550766590480
Mobitel-076-6590481,Mobile,+8550766590481
Mobitel-076-6590482,Mobile,+8550766590482
Mobitel-076-6590483,Mobile,+8550766590483
Mobitel-076-6590484,Mobile,+8550766590484
Mobitel-076-6590485,Mobile,+8550766590485
Mobitel-076-6590486,Mobile,+8550766590486
Mobitel-076-6590487,Mobile,+8550766590487
Mobitel-076-6590488,Mobile,+8550766590488
Mobitel-076-6590489,Mobile,+8550766590489
Mobitel-076-6590490,Mobile,+8550766590490
Mobitel-076-6590491,Mobile,+8550766590491
Mobitel-076-6590492,Mobile,+8550766590492
Mobitel-076-6590493,Mobile,+8550766590493
Mobitel-076-6590494,Mobile,+8550766590494
Mobitel-076-6590495,Mobile,+8550766590495
Mobitel-076-6590496,Mobile,+8550766590496
Mobitel-076-6590497,Mobile,+8550766590497
Mobitel-076-6590498,Mobile,+8550766590498
Mobitel-076-6590499,Mobile,+8550766590499
Mobitel-076-6590500,Mobile,+8550766590500
Mobitel-076-6590501,Mobile,+8550766590501
Mobitel-076-6590502,Mobile,+8550766590502
Mobitel-076-6590503,Mobile,+8550766590503
Mobitel-076-6590504,Mobile,+8550766590504
Mobitel-076-6590505,Mobile,+8550766590505
Mobitel-076-6590506,Mobile,+8550766590506
Mobitel-076-6590507,Mobile,+8550766590507
Mobitel-076-6590508,Mobile,+8550766590508
Mobitel-076-6590509,Mobile,+8550766590509
Mobitel-076-6590510,Mobile,+8550766590510
Mobitel-076-6590511,Mobile,+8550766590511
Mobitel-076-6590512,Mobile,+8550766590512
Mobitel-076-6590513,Mobile,+8550766590513
Mobitel-076-6590514,Mobile,+8550766590514
Mobitel-076-6590515,Mobile,+8550766590515
Mobitel-076-6590516,Mobile,+8550766590516
Mobitel-076-6590517,Mobile,+8550766590517
Mobitel-076-6590518,Mobile,+8550766590518
Mobitel-076-6590519,Mobile,+8550766590519
Mobitel-076-6590520,Mobile,+8550766590520
Mobitel-076-6590521,Mobile,+8550766590521
Mobitel-076-6590522,Mobile,+8550766590522
Mobitel-076-6590523,Mobile,+8550766590523
Mobitel-076-6590524,Mobile,+8550766590524
Mobitel-076-6590525,Mobile,+8550766590525
Mobitel-076-6590526,Mobile,+8550766590526
Mobitel-076-6590527,Mobile,+8550766590527
Mobitel-076-6590528,Mobile,+8550766590528
Mobitel-076-6590529,Mobile,+8550766590529
Mobitel-076-6590530,Mobile,+8550766590530
Mobitel-076-6590531,Mobile,+8550766590531
Mobitel-076-6590532,Mobile,+8550766590532
Mobitel-076-6590533,Mobile,+8550766590533
Mobitel-076-6590534,Mobile,+8550766590534
Mobitel-076-6590535,Mobile,+8550766590535
Mobitel-076-6590536,Mobile,+8550766590536
Mobitel-076-6590537,Mobile,+8550766590537
Mobitel-076-6590538,Mobile,+8550766590538
Mobitel-076-6590539,Mobile,+8550766590539
Mobitel-076-6590540,Mobile,+8550766590540
Mobitel-076-6590541,Mobile,+8550766590541
Mobitel-076-6590542,Mobile,+8550766590542
Mobitel-076-6590543,Mobile,+8550766590543
Mobitel-076-6590544,Mobile,+8550766590544
Mobitel-076-6590545,Mobile,+8550766590545
Mobitel-076-6590546,Mobile,+8550766590546
Mobitel-076-6590547,Mobile,+8550766590547
Mobitel-076-6590548,Mobile,+8550766590548
Mobitel-076-6590549,Mobile,+8550766590549
Mobitel-076-6590550,Mobile,+8550766590550
Mobitel-076-6590551,Mobile,+8550766590551
Mobitel-076-6590552,Mobile,+8550766590552
Mobitel-076-6590553,Mobile,+8550766590553
Mobitel-076-6590554,Mobile,+8550766590554
Mobitel-076-6590555,Mobile,+8550766590555
Mobitel-076-6590556,Mobile,+8550766590556
Mobitel-076-6590557,Mobile,+8550766590557
Mobitel-076-6590558,Mobile,+8550766590558
Mobitel-076-6590559,Mobile,+8550766590559
Mobitel-076-6590560,Mobile,+8550766590560
Mobitel-076-6590561,Mobile,+8550766590561
Mobitel-076-6590562,Mobile,+8550766590562
Mobitel-076-6590563,Mobile,+8550766590563
Mobitel-076-6590564,Mobile,+8550766590564
Mobitel-076-6590565,Mobile,+8550766590565
Mobitel-076-6590566,Mobile,+8550766590566
Mobitel-076-6590567,Mobile,+8550766590567
Mobitel-076-6590568,Mobile,+8550766590568
Mobitel-076-6590569,Mobile,+8550766590569
Mobitel-076-6590570,Mobile,+8550766590570
Mobitel-076-6590571,Mobile,+8550766590571
Mobitel-076-6590572,Mobile,+8550766590572
Mobitel-076-6590573,Mobile,+8550766590573
Mobitel-076-6590574,Mobile,+8550766590574
Mobitel-076-6590575,Mobile,+8550766590575
Mobitel-076-6590576,Mobile,+8550766590576
Mobitel-076-6590577,Mobile,+8550766590577
Mobitel-076-6590578,Mobile,+8550766590578
Mobitel-076-6590579,Mobile,+8550766590579
Mobitel-076-6590580,Mobile,+8550766590580
Mobitel-076-6590581,Mobile,+8550766590581
Mobitel-076-6590582,Mobile,+8550766590582
Mobitel-076-6590583,Mobile,+8550766590583
Mobitel-076-6590584,Mobile,+8550766590584
Mobitel-076-6590585,Mobile,+8550766590585
Mobitel-076-6590586,Mobile,+8550766590586
Mobitel-076-6590587,Mobile,+8550766590587
Mobitel-076-6590588,Mobile,+8550766590588
Mobitel-076-6590589,Mobile,+8550766590589
Mobitel-076-6590590,Mobile,+8550766590590
Mobitel-076-6590591,Mobile,+8550766590591
Mobitel-076-6590592,Mobile,+8550766590592
Mobitel-076-6590593,Mobile,+8550766590593
Mobitel-076-6590594,Mobile,+8550766590594
Mobitel-076-6590595,Mobile,+8550766590595
Mobitel-076-6590596,Mobile,+8550766590596
Mobitel-076-6590597,Mobile,+8550766590597
Mobitel-076-6590598,Mobile,+8550766590598
Mobitel-076-6590599,Mobile,+8550766590599
Mobitel-076-6590600,Mobile,+8550766590600
Mobitel-076-6590601,Mobile,+8550766590601
Mobitel-076-6590602,Mobile,+8550766590602
Mobitel-076-6590603,Mobile,+8550766590603
Mobitel-076-6590604,Mobile,+8550766590604
Mobitel-076-6590605,Mobile,+8550766590605
Mobitel-076-6590606,Mobile,+8550766590606
Mobitel-076-6590607,Mobile,+8550766590607
Mobitel-076-6590608,Mobile,+8550766590608
Mobitel-076-6590609,Mobile,+8550766590609
Mobitel-076-6590610,Mobile,+8550766590610
Mobitel-076-6590611,Mobile,+8550766590611
Mobitel-076-6590612,Mobile,+8550766590612
Mobitel-076-6590613,Mobile,+8550766590613
Mobitel-076-6590614,Mobile,+8550766590614
Mobitel-076-6590615,Mobile,+8550766590615
Mobitel-076-6590616,Mobile,+8550766590616
Mobitel-076-6590617,Mobile,+8550766590617
Mobitel-076-6590618,Mobile,+8550766590618
Mobitel-076-6590619,Mobile,+8550766590619
Mobitel-076-6590620,Mobile,+8550766590620
Mobitel-076-6590621,Mobile,+8550766590621
Mobitel-076-6590622,Mobile,+8550766590622
Mobitel-076-6590623,Mobile,+8550766590623
Mobitel-076-6590624,Mobile,+8550766590624
Mobitel-076-6590625,Mobile,+8550766590625
Mobitel-076-6590626,Mobile,+8550766590626
Mobitel-076-6590627,Mobile,+8550766590627
Mobitel-076-6590628,Mobile,+8550766590628
Mobitel-076-6590629,Mobile,+8550766590629
Mobitel-076-6590630,Mobile,+8550766590630
Mobitel-076-6590631,Mobile,+8550766590631
Mobitel-076-6590632,Mobile,+8550766590632
Mobitel-076-6590633,Mobile,+8550766590633
Mobitel-076-6590634,Mobile,+8550766590634
Mobitel-076-6590635,Mobile,+8550766590635
Mobitel-076-6590636,Mobile,+8550766590636
Mobitel-076-6590637,Mobile,+8550766590637
Mobitel-076-6590638,Mobile,+8550766590638
Mobitel-076-6590639,Mobile,+8550766590639
Mobitel-076-6590640,Mobile,+8550766590640
Mobitel-076-6590641,Mobile,+8550766590641
Mobitel-076-6590642,Mobile,+8550766590642
Mobitel-076-6590643,Mobile,+8550766590643
Mobitel-076-6590644,Mobile,+8550766590644
Mobitel-076-6590645,Mobile,+8550766590645
Mobitel-076-6590646,Mobile,+8550766590646
Mobitel-076-6590647,Mobile,+8550766590647
Mobitel-076-6590648,Mobile,+8550766590648
Mobitel-076-6590649,Mobile,+8550766590649
Mobitel-076-6590650,Mobile,+8550766590650
Mobitel-076-6590651,Mobile,+8550766590651
Mobitel-076-6590652,Mobile,+8550766590652
Mobitel-076-6590653,Mobile,+8550766590653
Mobitel-076-6590654,Mobile,+8550766590654
Mobitel-076-6590655,Mobile,+8550766590655
Mobitel-076-6590656,Mobile,+8550766590656
Mobitel-076-6590657,Mobile,+8550766590657
Mobitel-076-6590658,Mobile,+8550766590658
Mobitel-076-6590659,Mobile,+8550766590659
Mobitel-076-6590660,Mobile,+8550766590660
Mobitel-076-6590661,Mobile,+8550766590661
Mobitel-076-6590662,Mobile,+8550766590662
Mobitel-076-6590663,Mobile,+8550766590663
Mobitel-076-6590664,Mobile,+8550766590664
Mobitel-076-6590665,Mobile,+8550766590665
Mobitel-076-6590666,Mobile,+8550766590666
Mobitel-076-6590667,Mobile,+8550766590667
Mobitel-076-6590668,Mobile,+8550766590668
Mobitel-076-6590669,Mobile,+8550766590669
Mobitel-076-6590670,Mobile,+8550766590670
Mobitel-076-6590671,Mobile,+8550766590671
Mobitel-076-6590672,Mobile,+8550766590672
Mobitel-076-6590673,Mobile,+8550766590673
Mobitel-076-6590674,Mobile,+8550766590674
Mobitel-076-6590675,Mobile,+8550766590675
Mobitel-076-6590676,Mobile,+8550766590676
Mobitel-076-6590677,Mobile,+8550766590677
Mobitel-076-6590678,Mobile,+8550766590678
Mobitel-076-6590679,Mobile,+8550766590679
Mobitel-076-6590680,Mobile,+8550766590680
Mobitel-076-6590681,Mobile,+8550766590681
Mobitel-076-6590682,Mobile,+8550766590682
Mobitel-076-6590683,Mobile,+8550766590683
Mobitel-076-6590684,Mobile,+8550766590684
Mobitel-076-6590685,Mobile,+8550766590685
Mobitel-076-6590686,Mobile,+8550766590686
Mobitel-076-6590687,Mobile,+8550766590687
Mobitel-076-6590688,Mobile,+8550766590688
Mobitel-076-6590689,Mobile,+8550766590689
Mobitel-076-6590690,Mobile,+8550766590690
Mobitel-076-6590691,Mobile,+8550766590691
Mobitel-076-6590692,Mobile,+8550766590692
Mobitel-076-6590693,Mobile,+8550766590693
Mobitel-076-6590694,Mobile,+8550766590694
Mobitel-076-6590695,Mobile,+8550766590695
Mobitel-076-6590696,Mobile,+8550766590696
Mobitel-076-6590697,Mobile,+8550766590697
Mobitel-076-6590698,Mobile,+8550766590698
Mobitel-076-6590699,Mobile,+8550766590699
Mobitel-076-6590700,Mobile,+8550766590700
Mobitel-076-6590701,Mobile,+8550766590701
Mobitel-076-6590702,Mobile,+8550766590702
Mobitel-076-6590703,Mobile,+8550766590703
Mobitel-076-6590704,Mobile,+8550766590704
Mobitel-076-6590705,Mobile,+8550766590705
Mobitel-076-6590706,Mobile,+8550766590706
Mobitel-076-6590707,Mobile,+8550766590707
Mobitel-076-6590708,Mobile,+8550766590708
Mobitel-076-6590709,Mobile,+8550766590709
Mobitel-076-6590710,Mobile,+8550766590710
Mobitel-076-6590711,Mobile,+8550766590711
Mobitel-076-6590712,Mobile,+8550766590712
Mobitel-076-6590713,Mobile,+8550766590713
Mobitel-076-6590714,Mobile,+8550766590714
Mobitel-076-6590715,Mobile,+8550766590715
Mobitel-076-6590716,Mobile,+8550766590716
Mobitel-076-6590717,Mobile,+8550766590717
Mobitel-076-6590718,Mobile,+8550766590718
Mobitel-076-6590719,Mobile,+8550766590719
Mobitel-076-6590720,Mobile,+8550766590720
Mobitel-076-6590721,Mobile,+8550766590721
Mobitel-076-6590722,Mobile,+8550766590722
Mobitel-076-6590723,Mobile,+8550766590723
Mobitel-076-6590724,Mobile,+8550766590724
Mobitel-076-6590725,Mobile,+8550766590725
Mobitel-076-6590726,Mobile,+8550766590726
Mobitel-076-6590727,Mobile,+8550766590727
Mobitel-076-6590728,Mobile,+8550766590728
Mobitel-076-6590729,Mobile,+8550766590729
Mobitel-076-6590730,Mobile,+8550766590730
Mobitel-076-6590731,Mobile,+8550766590731
Mobitel-076-6590732,Mobile,+8550766590732
Mobitel-076-6590733,Mobile,+8550766590733
Mobitel-076-6590734,Mobile,+8550766590734
Mobitel-076-6590735,Mobile,+8550766590735
Mobitel-076-6590736,Mobile,+8550766590736
Mobitel-076-6590737,Mobile,+8550766590737
Mobitel-076-6590738,Mobile,+8550766590738
Mobitel-076-6590739,Mobile,+8550766590739
Mobitel-076-6590740,Mobile,+8550766590740
Mobitel-076-6590741,Mobile,+8550766590741
Mobitel-076-6590742,Mobile,+8550766590742
Mobitel-076-6590743,Mobile,+8550766590743
Mobitel-076-6590744,Mobile,+8550766590744
Mobitel-076-6590745,Mobile,+8550766590745
Mobitel-076-6590746,Mobile,+8550766590746
Mobitel-076-6590747,Mobile,+8550766590747
Mobitel-076-6590748,Mobile,+8550766590748
Mobitel-076-6590749,Mobile,+8550766590749
Mobitel-076-6590750,Mobile,+8550766590750
Mobitel-076-6590751,Mobile,+8550766590751
Mobitel-076-6590752,Mobile,+8550766590752
Mobitel-076-6590753,Mobile,+8550766590753
Mobitel-076-6590754,Mobile,+8550766590754
Mobitel-076-6590755,Mobile,+8550766590755
Mobitel-076-6590756,Mobile,+8550766590756
Mobitel-076-6590757,Mobile,+8550766590757
Mobitel-076-6590758,Mobile,+8550766590758
Mobitel-076-6590759,Mobile,+8550766590759
Mobitel-076-6590760,Mobile,+8550766590760
Mobitel-076-6590761,Mobile,+8550766590761
Mobitel-076-6590762,Mobile,+8550766590762
Mobitel-076-6590763,Mobile,+8550766590763
Mobitel-076-6590764,Mobile,+8550766590764
Mobitel-076-6590765,Mobile,+8550766590765
Mobitel-076-6590766,Mobile,+8550766590766
Mobitel-076-6590767,Mobile,+8550766590767
Mobitel-076-6590768,Mobile,+8550766590768
Mobitel-076-6590769,Mobile,+8550766590769
Mobitel-076-6590770,Mobile,+8550766590770
Mobitel-076-6590771,Mobile,+8550766590771
Mobitel-076-6590772,Mobile,+8550766590772
Mobitel-076-6590773,Mobile,+8550766590773
Mobitel-076-6590774,Mobile,+8550766590774
Mobitel-076-6590775,Mobile,+8550766590775
Mobitel-076-6590776,Mobile,+8550766590776
Mobitel-076-6590777,Mobile,+8550766590777
Mobitel-076-6590778,Mobile,+8550766590778
Mobitel-076-6590779,Mobile,+8550766590779
Mobitel-076-6590780,Mobile,+8550766590780
Mobitel-076-6590781,Mobile,+8550766590781
Mobitel-076-6590782,Mobile,+8550766590782
Mobitel-076-6590783,Mobile,+8550766590783
Mobitel-076-6590784,Mobile,+8550766590784
Mobitel-076-6590785,Mobile,+8550766590785
Mobitel-076-6590786,Mobile,+8550766590786
Mobitel-076-6590787,Mobile,+8550766590787
Mobitel-076-6590788,Mobile,+8550766590788
Mobitel-076-6590789,Mobile,+8550766590789
Mobitel-076-6590790,Mobile,+8550766590790
Mobitel-076-6590791,Mobile,+8550766590791
Mobitel-076-6590792,Mobile,+8550766590792
Mobitel-076-6590793,Mobile,+8550766590793
Mobitel-076-6590794,Mobile,+8550766590794
Mobitel-076-6590795,Mobile,+8550766590795
Mobitel-076-6590796,Mobile,+8550766590796
Mobitel-076-6590797,Mobile,+8550766590797
Mobitel-076-6590798,Mobile,+8550766590798
Mobitel-076-6590799,Mobile,+8550766590799
Mobitel-076-6590800,Mobile,+8550766590800
Mobitel-076-6590801,Mobile,+8550766590801
Mobitel-076-6590802,Mobile,+8550766590802
Mobitel-076-6590803,Mobile,+8550766590803
Mobitel-076-6590804,Mobile,+8550766590804
Mobitel-076-6590805,Mobile,+8550766590805
Mobitel-076-6590806,Mobile,+8550766590806
Mobitel-076-6590807,Mobile,+8550766590807
Mobitel-076-6590808,Mobile,+8550766590808
Mobitel-076-6590809,Mobile,+8550766590809
Mobitel-076-6590810,Mobile,+8550766590810
Mobitel-076-6590811,Mobile,+8550766590811
Mobitel-076-6590812,Mobile,+8550766590812
Mobitel-076-6590813,Mobile,+8550766590813
Mobitel-076-6590814,Mobile,+8550766590814
Mobitel-076-6590815,Mobile,+8550766590815
Mobitel-076-6590816,Mobile,+8550766590816
Mobitel-076-6590817,Mobile,+8550766590817
Mobitel-076-6590818,Mobile,+8550766590818
Mobitel-076-6590819,Mobile,+8550766590819
Mobitel-076-6590820,Mobile,+8550766590820
Mobitel-076-6590821,Mobile,+8550766590821
Mobitel-076-6590822,Mobile,+8550766590822
Mobitel-076-6590823,Mobile,+8550766590823
Mobitel-076-6590824,Mobile,+8550766590824
Mobitel-076-6590825,Mobile,+8550766590825
Mobitel-076-6590826,Mobile,+8550766590826
Mobitel-076-6590827,Mobile,+8550766590827
Mobitel-076-6590828,Mobile,+8550766590828
Mobitel-076-6590829,Mobile,+8550766590829
Mobitel-076-6590830,Mobile,+8550766590830
Mobitel-076-6590831,Mobile,+8550766590831
Mobitel-076-6590832,Mobile,+8550766590832
Mobitel-076-6590833,Mobile,+8550766590833
Mobitel-076-6590834,Mobile,+8550766590834
Mobitel-076-6590835,Mobile,+8550766590835
Mobitel-076-6590836,Mobile,+8550766590836
Mobitel-076-6590837,Mobile,+8550766590837
Mobitel-076-6590838,Mobile,+8550766590838
Mobitel-076-6590839,Mobile,+8550766590839
Mobitel-076-6590840,Mobile,+8550766590840
Mobitel-076-6590841,Mobile,+8550766590841
Mobitel-076-6590842,Mobile,+8550766590842
Mobitel-076-6590843,Mobile,+8550766590843
Mobitel-076-6590844,Mobile,+8550766590844
Mobitel-076-6590845,Mobile,+8550766590845
Mobitel-076-6590846,Mobile,+8550766590846
Mobitel-076-6590847,Mobile,+8550766590847
Mobitel-076-6590848,Mobile,+8550766590848
Mobitel-076-6590849,Mobile,+8550766590849
Mobitel-076-6590850,Mobile,+8550766590850
Mobitel-076-6590851,Mobile,+8550766590851
Mobitel-076-6590852,Mobile,+8550766590852
Mobitel-076-6590853,Mobile,+8550766590853
Mobitel-076-6590854,Mobile,+8550766590854
Mobitel-076-6590855,Mobile,+8550766590855
Mobitel-076-6590856,Mobile,+8550766590856
Mobitel-076-6590857,Mobile,+8550766590857
Mobitel-076-6590858,Mobile,+8550766590858
Mobitel-076-6590859,Mobile,+8550766590859
Mobitel-076-6590860,Mobile,+8550766590860
Mobitel-076-6590861,Mobile,+8550766590861
Mobitel-076-6590862,Mobile,+8550766590862
Mobitel-076-6590863,Mobile,+8550766590863
Mobitel-076-6590864,Mobile,+8550766590864
Mobitel-076-6590865,Mobile,+8550766590865
Mobitel-076-6590866,Mobile,+8550766590866
Mobitel-076-6590867,Mobile,+8550766590867
Mobitel-076-6590868,Mobile,+8550766590868
Mobitel-076-6590869,Mobile,+8550766590869
Mobitel-076-6590870,Mobile,+8550766590870
Mobitel-076-6590871,Mobile,+8550766590871
Mobitel-076-6590872,Mobile,+8550766590872
Mobitel-076-6590873,Mobile,+8550766590873
Mobitel-076-6590874,Mobile,+8550766590874
Mobitel-076-6590875,Mobile,+8550766590875
Mobitel-076-6590876,Mobile,+8550766590876
Mobitel-076-6590877,Mobile,+8550766590877
Mobitel-076-6590878,Mobile,+8550766590878
Mobitel-076-6590879,Mobile,+8550766590879
Mobitel-076-6590880,Mobile,+8550766590880
Mobitel-076-6590881,Mobile,+8550766590881
Mobitel-076-6590882,Mobile,+8550766590882
Mobitel-076-6590883,Mobile,+8550766590883
Mobitel-076-6590884,Mobile,+8550766590884
Mobitel-076-6590885,Mobile,+8550766590885
Mobitel-076-6590886,Mobile,+8550766590886
Mobitel-076-6590887,Mobile,+8550766590887
Mobitel-076-6590888,Mobile,+8550766590888
Mobitel-076-6590889,Mobile,+8550766590889
Mobitel-076-6590890,Mobile,+8550766590890
Mobitel-076-6590891,Mobile,+8550766590891
Mobitel-076-6590892,Mobile,+8550766590892
Mobitel-076-6590893,Mobile,+8550766590893
Mobitel-076-6590894,Mobile,+8550766590894
Mobitel-076-6590895,Mobile,+8550766590895
Mobitel-076-6590896,Mobile,+8550766590896
Mobitel-076-6590897,Mobile,+8550766590897
Mobitel-076-6590898,Mobile,+8550766590898
Mobitel-076-6590899,Mobile,+8550766590899
Mobitel-076-6590900,Mobile,+8550766590900
Mobitel-076-6590901,Mobile,+8550766590901
Mobitel-076-6590902,Mobile,+8550766590902
Mobitel-076-6590903,Mobile,+8550766590903
Mobitel-076-6590904,Mobile,+8550766590904
Mobitel-076-6590905,Mobile,+8550766590905
Mobitel-076-6590906,Mobile,+8550766590906
Mobitel-076-6590907,Mobile,+8550766590907
Mobitel-076-6590908,Mobile,+8550766590908
Mobitel-076-6590909,Mobile,+8550766590909
Mobitel-076-6590910,Mobile,+8550766590910
Mobitel-076-6590911,Mobile,+8550766590911
Mobitel-076-6590912,Mobile,+8550766590912
Mobitel-076-6590913,Mobile,+8550766590913
Mobitel-076-6590914,Mobile,+8550766590914
Mobitel-076-6590915,Mobile,+8550766590915
Mobitel-076-6590916,Mobile,+8550766590916
Mobitel-076-6590917,Mobile,+8550766590917
Mobitel-076-6590918,Mobile,+8550766590918
Mobitel-076-6590919,Mobile,+8550766590919
Mobitel-076-6590920,Mobile,+8550766590920
Mobitel-076-6590921,Mobile,+8550766590921
Mobitel-076-6590922,Mobile,+8550766590922
Mobitel-076-6590923,Mobile,+8550766590923
Mobitel-076-6590924,Mobile,+8550766590924
Mobitel-076-6590925,Mobile,+8550766590925
Mobitel-076-6590926,Mobile,+8550766590926
Mobitel-076-6590927,Mobile,+8550766590927
Mobitel-076-6590928,Mobile,+8550766590928
Mobitel-076-6590929,Mobile,+8550766590929
Mobitel-076-6590930,Mobile,+8550766590930
Mobitel-076-6590931,Mobile,+8550766590931
Mobitel-076-6590932,Mobile,+8550766590932
Mobitel-076-6590933,Mobile,+8550766590933
Mobitel-076-6590934,Mobile,+8550766590934
Mobitel-076-6590935,Mobile,+8550766590935
Mobitel-076-6590936,Mobile,+8550766590936
Mobitel-076-6590937,Mobile,+8550766590937
Mobitel-076-6590938,Mobile,+8550766590938
Mobitel-076-6590939,Mobile,+8550766590939
Mobitel-076-6590940,Mobile,+8550766590940
Mobitel-076-6590941,Mobile,+8550766590941
Mobitel-076-6590942,Mobile,+8550766590942
Mobitel-076-6590943,Mobile,+8550766590943
Mobitel-076-6590944,Mobile,+8550766590944
Mobitel-076-6590945,Mobile,+8550766590945
Mobitel-076-6590946,Mobile,+8550766590946
Mobitel-076-6590947,Mobile,+8550766590947
Mobitel-076-6590948,Mobile,+8550766590948
Mobitel-076-6590949,Mobile,+8550766590949
Mobitel-076-6590950,Mobile,+8550766590950
Mobitel-076-6590951,Mobile,+8550766590951
Mobitel-076-6590952,Mobile,+8550766590952
Mobitel-076-6590953,Mobile,+8550766590953
Mobitel-076-6590954,Mobile,+8550766590954
Mobitel-076-6590955,Mobile,+8550766590955
Mobitel-076-6590956,Mobile,+8550766590956
Mobitel-076-6590957,Mobile,+8550766590957
Mobitel-076-6590958,Mobile,+8550766590958
Mobitel-076-6590959,Mobile,+8550766590959
Mobitel-076-6590960,Mobile,+8550766590960
Mobitel-076-6590961,Mobile,+8550766590961
Mobitel-076-6590962,Mobile,+8550766590962
Mobitel-076-6590963,Mobile,+8550766590963
Mobitel-076-6590964,Mobile,+8550766590964
Mobitel-076-6590965,Mobile,+8550766590965
Mobitel-076-6590966,Mobile,+8550766590966
Mobitel-076-6590967,Mobile,+8550766590967
Mobitel-076-6590968,Mobile,+8550766590968
Mobitel-076-6590969,Mobile,+8550766590969
Mobitel-076-6590970,Mobile,+8550766590970
Mobitel-076-6590971,Mobile,+8550766590971
Mobitel-076-6590972,Mobile,+8550766590972
Mobitel-076-6590973,Mobile,+8550766590973
Mobitel-076-6590974,Mobile,+8550766590974
Mobitel-076-6590975,Mobile,+8550766590975
Mobitel-076-6590976,Mobile,+8550766590976
Mobitel-076-6590977,Mobile,+8550766590977
Mobitel-076-6590978,Mobile,+8550766590978
Mobitel-076-6590979,Mobile,+8550766590979
Mobitel-076-6590980,Mobile,+8550766590980
Mobitel-076-6590981,Mobile,+8550766590981
Mobitel-076-6590982,Mobile,+8550766590982
Mobitel-076-6590983,Mobile,+8550766590983
Mobitel-076-6590984,Mobile,+8550766590984
Mobitel-076-6590985,Mobile,+8550766590985
Mobitel-076-6590986,Mobile,+8550766590986
Mobitel-076-6590987,Mobile,+8550766590987
Mobitel-076-6590988,Mobile,+8550766590988
Mobitel-076-6590989,Mobile,+8550766590989
Mobitel-076-6590990,Mobile,+8550766590990
Mobitel-076-6590991,Mobile,+8550766590991
Mobitel-076-6590992,Mobile,+8550766590992
Mobitel-076-6590993,Mobile,+8550766590993
Mobitel-076-6590994,Mobile,+8550766590994
Mobitel-076-6590995,Mobile,+8550766590995
Mobitel-076-6590996,Mobile,+8550766590996
Mobitel-076-6590997,Mobile,+8550766590997
Mobitel-076-6590998,Mobile,+8550766590998
Mobitel-076-6590999,Mobile,+8550766590999
Mobitel-076-6591000,Mobile,+8550766591000
Mobitel-076-6591001,Mobile,+8550766591001
Mobitel-076-6591002,Mobile,+8550766591002
Mobitel-076-6591003,Mobile,+8550766591003
Mobitel-076-6591004,Mobile,+8550766591004
Mobitel-076-6591005,Mobile,+8550766591005
Mobitel-076-6591006,Mobile,+8550766591006
Mobitel-076-6591007,Mobile,+8550766591007
Mobitel-076-6591008,Mobile,+8550766591008
Mobitel-076-6591009,Mobile,+8550766591009
Mobitel-076-6591010,Mobile,+8550766591010
Mobitel-076-6591011,Mobile,+8550766591011
Mobitel-076-6591012,Mobile,+8550766591012
Mobitel-076-6591013,Mobile,+8550766591013
Mobitel-076-6591014,Mobile,+8550766591014
Mobitel-076-6591015,Mobile,+8550766591015
Mobitel-076-6591016,Mobile,+8550766591016
Mobitel-076-6591017,Mobile,+8550766591017
Mobitel-076-6591018,Mobile,+8550766591018
Mobitel-076-6591019,Mobile,+8550766591019
Mobitel-076-6591020,Mobile,+8550766591020
Mobitel-076-6591021,Mobile,+8550766591021
Mobitel-076-6591022,Mobile,+8550766591022
Mobitel-076-6591023,Mobile,+8550766591023
Mobitel-076-6591024,Mobile,+8550766591024
Mobitel-076-6591025,Mobile,+8550766591025
Mobitel-076-6591026,Mobile,+8550766591026
Mobitel-076-6591027,Mobile,+8550766591027
Mobitel-076-6591028,Mobile,+8550766591028
Mobitel-076-6591029,Mobile,+8550766591029
Mobitel-076-6591030,Mobile,+8550766591030
Mobitel-076-6591031,Mobile,+8550766591031
Mobitel-076-6591032,Mobile,+8550766591032
Mobitel-076-6591033,Mobile,+8550766591033
Mobitel-076-6591034,Mobile,+8550766591034
Mobitel-076-6591035,Mobile,+8550766591035
Mobitel-076-6591036,Mobile,+8550766591036
Mobitel-076-6591037,Mobile,+8550766591037
Mobitel-076-6591038,Mobile,+8550766591038
Mobitel-076-6591039,Mobile,+8550766591039
Mobitel-076-6591040,Mobile,+8550766591040
Mobitel-076-6591041,Mobile,+8550766591041
Mobitel-076-6591042,Mobile,+8550766591042
Mobitel-076-6591043,Mobile,+8550766591043
Mobitel-076-6591044,Mobile,+8550766591044
Mobitel-076-6591045,Mobile,+8550766591045
Mobitel-076-6591046,Mobile,+8550766591046
Mobitel-076-6591047,Mobile,+8550766591047
Mobitel-076-6591048,Mobile,+8550766591048
Mobitel-076-6591049,Mobile,+8550766591049
Mobitel-076-6591050,Mobile,+8550766591050
Mobitel-076-6591051,Mobile,+8550766591051
Mobitel-076-6591052,Mobile,+8550766591052
Mobitel-076-6591053,Mobile,+8550766591053
Mobitel-076-6591054,Mobile,+8550766591054
Mobitel-076-6591055,Mobile,+8550766591055
Mobitel-076-6591056,Mobile,+8550766591056
Mobitel-076-6591057,Mobile,+8550766591057
Mobitel-076-6591058,Mobile,+8550766591058
Mobitel-076-6591059,Mobile,+8550766591059
Mobitel-076-6591060,Mobile,+8550766591060
Mobitel-076-6591061,Mobile,+8550766591061
Mobitel-076-6591062,Mobile,+8550766591062
Mobitel-076-6591063,Mobile,+8550766591063
Mobitel-076-6591064,Mobile,+8550766591064
Mobitel-076-6591065,Mobile,+8550766591065
Mobitel-076-6591066,Mobile,+8550766591066
Mobitel-076-6591067,Mobile,+8550766591067
Mobitel-076-6591068,Mobile,+8550766591068
Mobitel-076-6591069,Mobile,+8550766591069
Mobitel-076-6591070,Mobile,+8550766591070
Mobitel-076-6591071,Mobile,+8550766591071
Mobitel-076-6591072,Mobile,+8550766591072
Mobitel-076-6591073,Mobile,+8550766591073
Mobitel-076-6591074,Mobile,+8550766591074
Mobitel-076-6591075,Mobile,+8550766591075
Mobitel-076-6591076,Mobile,+8550766591076
Mobitel-076-6591077,Mobile,+8550766591077
Mobitel-076-6591078,Mobile,+8550766591078
Mobitel-076-6591079,Mobile,+8550766591079
Mobitel-076-6591080,Mobile,+8550766591080
Mobitel-076-6591081,Mobile,+8550766591081
Mobitel-076-6591082,Mobile,+8550766591082
Mobitel-076-6591083,Mobile,+8550766591083
Mobitel-076-6591084,Mobile,+8550766591084
Mobitel-076-6591085,Mobile,+8550766591085
Mobitel-076-6591086,Mobile,+8550766591086
Mobitel-076-6591087,Mobile,+8550766591087
Mobitel-076-6591088,Mobile,+8550766591088
Mobitel-076-6591089,Mobile,+8550766591089
Mobitel-076-6591090,Mobile,+8550766591090
Mobitel-076-6591091,Mobile,+8550766591091
Mobitel-076-6591092,Mobile,+8550766591092
Mobitel-076-6591093,Mobile,+8550766591093
Mobitel-076-6591094,Mobile,+8550766591094
Mobitel-076-6591095,Mobile,+8550766591095
Mobitel-076-6591096,Mobile,+8550766591096
Mobitel-076-6591097,Mobile,+8550766591097
Mobitel-076-6591098,Mobile,+8550766591098
Mobitel-076-6591099,Mobile,+8550766591099
Mobitel-076-6591100,Mobile,+8550766591100
Mobitel-076-6591101,Mobile,+8550766591101
Mobitel-076-6591102,Mobile,+8550766591102
Mobitel-076-6591103,Mobile,+8550766591103
Mobitel-076-6591104,Mobile,+8550766591104
Mobitel-076-6591105,Mobile,+8550766591105
Mobitel-076-6591106,Mobile,+8550766591106
Mobitel-076-6591107,Mobile,+8550766591107
Mobitel-076-6591108,Mobile,+8550766591108
Mobitel-076-6591109,Mobile,+8550766591109
Mobitel-076-6591110,Mobile,+8550766591110
Mobitel-076-6591111,Mobile,+8550766591111
Mobitel-076-6591112,Mobile,+8550766591112
Mobitel-076-6591113,Mobile,+8550766591113
Mobitel-076-6591114,Mobile,+8550766591114
Mobitel-076-6591115,Mobile,+8550766591115
Mobitel-076-6591116,Mobile,+8550766591116
Mobitel-076-6591117,Mobile,+8550766591117
Mobitel-076-6591118,Mobile,+8550766591118
Mobitel-076-6591119,Mobile,+8550766591119
Mobitel-076-6591120,Mobile,+8550766591120
Mobitel-076-6591121,Mobile,+8550766591121
Mobitel-076-6591122,Mobile,+8550766591122
Mobitel-076-6591123,Mobile,+8550766591123
Mobitel-076-6591124,Mobile,+8550766591124
Mobitel-076-6591125,Mobile,+8550766591125
Mobitel-076-6591126,Mobile,+8550766591126
Mobitel-076-6591127,Mobile,+8550766591127
Mobitel-076-6591128,Mobile,+8550766591128
Mobitel-076-6591129,Mobile,+8550766591129
Mobitel-076-6591130,Mobile,+8550766591130
Mobitel-076-6591131,Mobile,+8550766591131
Mobitel-076-6591132,Mobile,+8550766591132
Mobitel-076-6591133,Mobile,+8550766591133
Mobitel-076-6591134,Mobile,+8550766591134
Mobitel-076-6591135,Mobile,+8550766591135
Mobitel-076-6591136,Mobile,+8550766591136
Mobitel-076-6591137,Mobile,+8550766591137
Mobitel-076-6591138,Mobile,+8550766591138
Mobitel-076-6591139,Mobile,+8550766591139
Mobitel-076-6591140,Mobile,+8550766591140
Mobitel-076-6591141,Mobile,+8550766591141
Mobitel-076-6591142,Mobile,+8550766591142
Mobitel-076-6591143,Mobile,+8550766591143
Mobitel-076-6591144,Mobile,+8550766591144
Mobitel-076-6591145,Mobile,+8550766591145
Mobitel-076-6591146,Mobile,+8550766591146
Mobitel-076-6591147,Mobile,+8550766591147
Mobitel-076-6591148,Mobile,+8550766591148
Mobitel-076-6591149,Mobile,+8550766591149
Mobitel-076-6591150,Mobile,+8550766591150
Mobitel-076-6591151,Mobile,+8550766591151
Mobitel-076-6591152,Mobile,+8550766591152
Mobitel-076-6591153,Mobile,+8550766591153
Mobitel-076-6591154,Mobile,+8550766591154
Mobitel-076-6591155,Mobile,+8550766591155
Mobitel-076-6591156,Mobile,+8550766591156
Mobitel-076-6591157,Mobile,+8550766591157
Mobitel-076-6591158,Mobile,+8550766591158
Mobitel-076-6591159,Mobile,+8550766591159
Mobitel-076-6591160,Mobile,+8550766591160
Mobitel-076-6591161,Mobile,+8550766591161
Mobitel-076-6591162,Mobile,+8550766591162
Mobitel-076-6591163,Mobile,+8550766591163
Mobitel-076-6591164,Mobile,+8550766591164
Mobitel-076-6591165,Mobile,+8550766591165
Mobitel-076-6591166,Mobile,+8550766591166
Mobitel-076-6591167,Mobile,+8550766591167
Mobitel-076-6591168,Mobile,+8550766591168
Mobitel-076-6591169,Mobile,+8550766591169
Mobitel-076-6591170,Mobile,+8550766591170
Mobitel-076-6591171,Mobile,+8550766591171
Mobitel-076-6591172,Mobile,+8550766591172
Mobitel-076-6591173,Mobile,+8550766591173
Mobitel-076-6591174,Mobile,+8550766591174
Mobitel-076-6591175,Mobile,+8550766591175
Mobitel-076-6591176,Mobile,+8550766591176
Mobitel-076-6591177,Mobile,+8550766591177
Mobitel-076-6591178,Mobile,+8550766591178
Mobitel-076-6591179,Mobile,+8550766591179
Mobitel-076-6591180,Mobile,+8550766591180
Mobitel-076-6591181,Mobile,+8550766591181
Mobitel-076-6591182,Mobile,+8550766591182
Mobitel-076-6591183,Mobile,+8550766591183
Mobitel-076-6591184,Mobile,+8550766591184
Mobitel-076-6591185,Mobile,+8550766591185
Mobitel-076-6591186,Mobile,+8550766591186
Mobitel-076-6591187,Mobile,+8550766591187
Mobitel-076-6591188,Mobile,+8550766591188
Mobitel-076-6591189,Mobile,+8550766591189
Mobitel-076-6591190,Mobile,+8550766591190
Mobitel-076-6591191,Mobile,+8550766591191
Mobitel-076-6591192,Mobile,+8550766591192
Mobitel-076-6591193,Mobile,+8550766591193
Mobitel-076-6591194,Mobile,+8550766591194
Mobitel-076-6591195,Mobile,+8550766591195
Mobitel-076-6591196,Mobile,+8550766591196
Mobitel-076-6591197,Mobile,+8550766591197
Mobitel-076-6591198,Mobile,+8550766591198
Mobitel-076-6591199,Mobile,+8550766591199
Mobitel-076-6591200,Mobile,+8550766591200
Mobitel-076-6591201,Mobile,+8550766591201
Mobitel-076-6591202,Mobile,+8550766591202
Mobitel-076-6591203,Mobile,+8550766591203
Mobitel-076-6591204,Mobile,+8550766591204
Mobitel-076-6591205,Mobile,+8550766591205
Mobitel-076-6591206,Mobile,+8550766591206
Mobitel-076-6591207,Mobile,+8550766591207
Mobitel-076-6591208,Mobile,+8550766591208
Mobitel-076-6591209,Mobile,+8550766591209
Mobitel-076-6591210,Mobile,+8550766591210
Mobitel-076-6591211,Mobile,+8550766591211
Mobitel-076-6591212,Mobile,+8550766591212
Mobitel-076-6591213,Mobile,+8550766591213
Mobitel-076-6591214,Mobile,+8550766591214
Mobitel-076-6591215,Mobile,+8550766591215
Mobitel-076-6591216,Mobile,+8550766591216
Mobitel-076-6591217,Mobile,+8550766591217
Mobitel-076-6591218,Mobile,+8550766591218
Mobitel-076-6591219,Mobile,+8550766591219
Mobitel-076-6591220,Mobile,+8550766591220
Mobitel-076-6591221,Mobile,+8550766591221
Mobitel-076-6591222,Mobile,+8550766591222
Mobitel-076-6591223,Mobile,+8550766591223
Mobitel-076-6591224,Mobile,+8550766591224
Mobitel-076-6591225,Mobile,+8550766591225
Mobitel-076-6591226,Mobile,+8550766591226
Mobitel-076-6591227,Mobile,+8550766591227
Mobitel-076-6591228,Mobile,+8550766591228
Mobitel-076-6591229,Mobile,+8550766591229
Mobitel-076-6591230,Mobile,+8550766591230
Mobitel-076-6591231,Mobile,+8550766591231
Mobitel-076-6591232,Mobile,+8550766591232
Mobitel-076-6591233,Mobile,+8550766591233
Mobitel-076-6591234,Mobile,+8550766591234
Mobitel-076-6591235,Mobile,+8550766591235
Mobitel-076-6591236,Mobile,+8550766591236
Mobitel-076-6591237,Mobile,+8550766591237
Mobitel-076-6591238,Mobile,+8550766591238
Mobitel-076-6591239,Mobile,+8550766591239
Mobitel-076-6591240,Mobile,+8550766591240
Mobitel-076-6591241,Mobile,+8550766591241
Mobitel-076-6591242,Mobile,+8550766591242
Mobitel-076-6591243,Mobile,+8550766591243
Mobitel-076-6591244,Mobile,+8550766591244
Mobitel-076-6591245,Mobile,+8550766591245
Mobitel-076-6591246,Mobile,+8550766591246
Mobitel-076-6591247,Mobile,+8550766591247
Mobitel-076-6591248,Mobile,+8550766591248
Mobitel-076-6591249,Mobile,+8550766591249
Mobitel-076-6591250,Mobile,+8550766591250
Mobitel-076-6591251,Mobile,+8550766591251
Mobitel-076-6591252,Mobile,+8550766591252
Mobitel-076-6591253,Mobile,+8550766591253
Mobitel-076-6591254,Mobile,+8550766591254
Mobitel-076-6591255,Mobile,+8550766591255
Mobitel-076-6591256,Mobile,+8550766591256
Mobitel-076-6591257,Mobile,+8550766591257
Mobitel-076-6591258,Mobile,+8550766591258
Mobitel-076-6591259,Mobile,+8550766591259
Mobitel-076-6591260,Mobile,+8550766591260
Mobitel-076-6591261,Mobile,+8550766591261
Mobitel-076-6591262,Mobile,+8550766591262
Mobitel-076-6591263,Mobile,+8550766591263
Mobitel-076-6591264,Mobile,+8550766591264
Mobitel-076-6591265,Mobile,+8550766591265
Mobitel-076-6591266,Mobile,+8550766591266
Mobitel-076-6591267,Mobile,+8550766591267
Mobitel-076-6591268,Mobile,+8550766591268
Mobitel-076-6591269,Mobile,+8550766591269
Mobitel-076-6591270,Mobile,+8550766591270
Mobitel-076-6591271,Mobile,+8550766591271
Mobitel-076-6591272,Mobile,+8550766591272
Mobitel-076-6591273,Mobile,+8550766591273
Mobitel-076-6591274,Mobile,+8550766591274
Mobitel-076-6591275,Mobile,+8550766591275
Mobitel-076-6591276,Mobile,+8550766591276
Mobitel-076-6591277,Mobile,+8550766591277
Mobitel-076-6591278,Mobile,+8550766591278
Mobitel-076-6591279,Mobile,+8550766591279
Mobitel-076-6591280,Mobile,+8550766591280
Mobitel-076-6591281,Mobile,+8550766591281
Mobitel-076-6591282,Mobile,+8550766591282
Mobitel-076-6591283,Mobile,+8550766591283
Mobitel-076-6591284,Mobile,+8550766591284
Mobitel-076-6591285,Mobile,+8550766591285
Mobitel-076-6591286,Mobile,+8550766591286
Mobitel-076-6591287,Mobile,+8550766591287
Mobitel-076-6591288,Mobile,+8550766591288
Mobitel-076-6591289,Mobile,+8550766591289
Mobitel-076-6591290,Mobile,+8550766591290
Mobitel-076-6591291,Mobile,+8550766591291
Mobitel-076-6591292,Mobile,+8550766591292
Mobitel-076-6591293,Mobile,+8550766591293
Mobitel-076-6591294,Mobile,+8550766591294
Mobitel-076-6591295,Mobile,+8550766591295
Mobitel-076-6591296,Mobile,+8550766591296
Mobitel-076-6591297,Mobile,+8550766591297
Mobitel-076-6591298,Mobile,+8550766591298
Mobitel-076-6591299,Mobile,+8550766591299
Mobitel-076-6591300,Mobile,+8550766591300
Mobitel-076-6591301,Mobile,+8550766591301
Mobitel-076-6591302,Mobile,+8550766591302
Mobitel-076-6591303,Mobile,+8550766591303
Mobitel-076-6591304,Mobile,+8550766591304
Mobitel-076-6591305,Mobile,+8550766591305
Mobitel-076-6591306,Mobile,+8550766591306
Mobitel-076-6591307,Mobile,+8550766591307
Mobitel-076-6591308,Mobile,+8550766591308
Mobitel-076-6591309,Mobile,+8550766591309
Mobitel-076-6591310,Mobile,+8550766591310
Mobitel-076-6591311,Mobile,+8550766591311
Mobitel-076-6591312,Mobile,+8550766591312
Mobitel-076-6591313,Mobile,+8550766591313
Mobitel-076-6591314,Mobile,+8550766591314
Mobitel-076-6591315,Mobile,+8550766591315
Mobitel-076-6591316,Mobile,+8550766591316
Mobitel-076-6591317,Mobile,+8550766591317
Mobitel-076-6591318,Mobile,+8550766591318
Mobitel-076-6591319,Mobile,+8550766591319
Mobitel-076-6591320,Mobile,+8550766591320
Mobitel-076-6591321,Mobile,+8550766591321
Mobitel-076-6591322,Mobile,+8550766591322
Mobitel-076-6591323,Mobile,+8550766591323
Mobitel-076-6591324,Mobile,+8550766591324
Mobitel-076-6591325,Mobile,+8550766591325
Mobitel-076-6591326,Mobile,+8550766591326
Mobitel-076-6591327,Mobile,+8550766591327
Mobitel-076-6591328,Mobile,+8550766591328
Mobitel-076-6591329,Mobile,+8550766591329
Mobitel-076-6591330,Mobile,+8550766591330
Mobitel-076-6591331,Mobile,+8550766591331
Mobitel-076-6591332,Mobile,+8550766591332
Mobitel-076-6591333,Mobile,+8550766591333
Mobitel-076-6591334,Mobile,+8550766591334
Mobitel-076-6591335,Mobile,+8550766591335
Mobitel-076-6591336,Mobile,+8550766591336
Mobitel-076-6591337,Mobile,+8550766591337
Mobitel-076-6591338,Mobile,+8550766591338
Mobitel-076-6591339,Mobile,+8550766591339
Mobitel-076-6591340,Mobile,+8550766591340
Mobitel-076-6591341,Mobile,+8550766591341
Mobitel-076-6591342,Mobile,+8550766591342
Mobitel-076-6591343,Mobile,+8550766591343
Mobitel-076-6591344,Mobile,+8550766591344
Mobitel-076-6591345,Mobile,+8550766591345
Mobitel-076-6591346,Mobile,+8550766591346
Mobitel-076-6591347,Mobile,+8550766591347
Mobitel-076-6591348,Mobile,+8550766591348
Mobitel-076-6591349,Mobile,+8550766591349
Mobitel-076-6591350,Mobile,+8550766591350
Mobitel-076-6591351,Mobile,+8550766591351
Mobitel-076-6591352,Mobile,+8550766591352
Mobitel-076-6591353,Mobile,+8550766591353
Mobitel-076-6591354,Mobile,+8550766591354
Mobitel-076-6591355,Mobile,+8550766591355
Mobitel-076-6591356,Mobile,+8550766591356
Mobitel-076-6591357,Mobile,+8550766591357
Mobitel-076-6591358,Mobile,+8550766591358
Mobitel-076-6591359,Mobile,+8550766591359
Mobitel-076-6591360,Mobile,+8550766591360
Mobitel-076-6591361,Mobile,+8550766591361
Mobitel-076-6591362,Mobile,+8550766591362
Mobitel-076-6591363,Mobile,+8550766591363
Mobitel-076-6591364,Mobile,+8550766591364
Mobitel-076-6591365,Mobile,+8550766591365
Mobitel-076-6591366,Mobile,+8550766591366
Mobitel-076-6591367,Mobile,+8550766591367
Mobitel-076-6591368,Mobile,+8550766591368
Mobitel-076-6591369,Mobile,+8550766591369
Mobitel-076-6591370,Mobile,+8550766591370
Mobitel-076-6591371,Mobile,+8550766591371
Mobitel-076-6591372,Mobile,+8550766591372
Mobitel-076-6591373,Mobile,+8550766591373
Mobitel-076-6591374,Mobile,+8550766591374
Mobitel-076-6591375,Mobile,+8550766591375
Mobitel-076-6591376,Mobile,+8550766591376
Mobitel-076-6591377,Mobile,+8550766591377
Mobitel-076-6591378,Mobile,+8550766591378
Mobitel-076-6591379,Mobile,+8550766591379
Mobitel-076-6591380,Mobile,+8550766591380
Mobitel-076-6591381,Mobile,+8550766591381
Mobitel-076-6591382,Mobile,+8550766591382
Mobitel-076-6591383,Mobile,+8550766591383
Mobitel-076-6591384,Mobile,+8550766591384
Mobitel-076-6591385,Mobile,+8550766591385
Mobitel-076-6591386,Mobile,+8550766591386
Mobitel-076-6591387,Mobile,+8550766591387
Mobitel-076-6591388,Mobile,+8550766591388
Mobitel-076-6591389,Mobile,+8550766591389
Mobitel-076-6591390,Mobile,+8550766591390
Mobitel-076-6591391,Mobile,+8550766591391
Mobitel-076-6591392,Mobile,+8550766591392
Mobitel-076-6591393,Mobile,+8550766591393
Mobitel-076-6591394,Mobile,+8550766591394
Mobitel-076-6591395,Mobile,+8550766591395
Mobitel-076-6591396,Mobile,+8550766591396
Mobitel-076-6591397,Mobile,+8550766591397
Mobitel-076-6591398,Mobile,+8550766591398
Mobitel-076-6591399,Mobile,+8550766591399
Mobitel-076-6591400,Mobile,+8550766591400
Mobitel-076-6591401,Mobile,+8550766591401
Mobitel-076-6591402,Mobile,+8550766591402
Mobitel-076-6591403,Mobile,+8550766591403
Mobitel-076-6591404,Mobile,+8550766591404
Mobitel-076-6591405,Mobile,+8550766591405
Mobitel-076-6591406,Mobile,+8550766591406
Mobitel-076-6591407,Mobile,+8550766591407
Mobitel-076-6591408,Mobile,+8550766591408
Mobitel-076-6591409,Mobile,+8550766591409
Mobitel-076-6591410,Mobile,+8550766591410
Mobitel-076-6591411,Mobile,+8550766591411
Mobitel-076-6591412,Mobile,+8550766591412
Mobitel-076-6591413,Mobile,+8550766591413
Mobitel-076-6591414,Mobile,+8550766591414
Mobitel-076-6591415,Mobile,+8550766591415
Mobitel-076-6591416,Mobile,+8550766591416
Mobitel-076-6591417,Mobile,+8550766591417
Mobitel-076-6591418,Mobile,+8550766591418
Mobitel-076-6591419,Mobile,+8550766591419
Mobitel-076-6591420,Mobile,+8550766591420
Mobitel-076-6591421,Mobile,+8550766591421
Mobitel-076-6591422,Mobile,+8550766591422
Mobitel-076-6591423,Mobile,+8550766591423
Mobitel-076-6591424,Mobile,+8550766591424
Mobitel-076-6591425,Mobile,+8550766591425
Mobitel-076-6591426,Mobile,+8550766591426
Mobitel-076-6591427,Mobile,+8550766591427
Mobitel-076-6591428,Mobile,+8550766591428
Mobitel-076-6591429,Mobile,+8550766591429
Mobitel-076-6591430,Mobile,+8550766591430
Mobitel-076-6591431,Mobile,+8550766591431
Mobitel-076-6591432,Mobile,+8550766591432
Mobitel-076-6591433,Mobile,+8550766591433
Mobitel-076-6591434,Mobile,+8550766591434
Mobitel-076-6591435,Mobile,+8550766591435
Mobitel-076-6591436,Mobile,+8550766591436
Mobitel-076-6591437,Mobile,+8550766591437
Mobitel-076-6591438,Mobile,+8550766591438
Mobitel-076-6591439,Mobile,+8550766591439
Mobitel-076-6591440,Mobile,+8550766591440
Mobitel-076-6591441,Mobile,+8550766591441
Mobitel-076-6591442,Mobile,+8550766591442
Mobitel-076-6591443,Mobile,+8550766591443
Mobitel-076-6591444,Mobile,+8550766591444
Mobitel-076-6591445,Mobile,+8550766591445
Mobitel-076-6591446,Mobile,+8550766591446
Mobitel-076-6591447,Mobile,+8550766591447
Mobitel-076-6591448,Mobile,+8550766591448
Mobitel-076-6591449,Mobile,+8550766591449
Mobitel-076-6591450,Mobile,+8550766591450
Mobitel-076-6591451,Mobile,+8550766591451
Mobitel-076-6591452,Mobile,+8550766591452
Mobitel-076-6591453,Mobile,+8550766591453
Mobitel-076-6591454,Mobile,+8550766591454
Mobitel-076-6591455,Mobile,+8550766591455
Mobitel-076-6591456,Mobile,+8550766591456
Mobitel-076-6591457,Mobile,+8550766591457
Mobitel-076-6591458,Mobile,+8550766591458
Mobitel-076-6591459,Mobile,+8550766591459
Mobitel-076-6591460,Mobile,+8550766591460
Mobitel-076-6591461,Mobile,+8550766591461
Mobitel-076-6591462,Mobile,+8550766591462
Mobitel-076-6591463,Mobile,+8550766591463
Mobitel-076-6591464,Mobile,+8550766591464
Mobitel-076-6591465,Mobile,+8550766591465
Mobitel-076-6591466,Mobile,+8550766591466
Mobitel-076-6591467,Mobile,+8550766591467
Mobitel-076-6591468,Mobile,+8550766591468
Mobitel-076-6591469,Mobile,+8550766591469
Mobitel-076-6591470,Mobile,+8550766591470
Mobitel-076-6591471,Mobile,+8550766591471
Mobitel-076-6591472,Mobile,+8550766591472
Mobitel-076-6591473,Mobile,+8550766591473
Mobitel-076-6591474,Mobile,+8550766591474
Mobitel-076-6591475,Mobile,+8550766591475
Mobitel-076-6591476,Mobile,+8550766591476
Mobitel-076-6591477,Mobile,+8550766591477
Mobitel-076-6591478,Mobile,+8550766591478
Mobitel-076-6591479,Mobile,+8550766591479
Mobitel-076-6591480,Mobile,+8550766591480
Mobitel-076-6591481,Mobile,+8550766591481
Mobitel-076-6591482,Mobile,+8550766591482
Mobitel-076-6591483,Mobile,+8550766591483
Mobitel-076-6591484,Mobile,+8550766591484
Mobitel-076-6591485,Mobile,+8550766591485
Mobitel-076-6591486,Mobile,+8550766591486
Mobitel-076-6591487,Mobile,+8550766591487
Mobitel-076-6591488,Mobile,+8550766591488
Mobitel-076-6591489,Mobile,+8550766591489
Mobitel-076-6591490,Mobile,+8550766591490
Mobitel-076-6591491,Mobile,+8550766591491
Mobitel-076-6591492,Mobile,+8550766591492
Mobitel-076-6591493,Mobile,+8550766591493
Mobitel-076-6591494,Mobile,+8550766591494
Mobitel-076-6591495,Mobile,+8550766591495
Mobitel-076-6591496,Mobile,+8550766591496
Mobitel-076-6591497,Mobile,+8550766591497
Mobitel-076-6591498,Mobile,+8550766591498
Mobitel-076-6591499,Mobile,+8550766591499
Mobitel-076-6591500,Mobile,+8550766591500
Mobitel-076-6591501,Mobile,+8550766591501
Mobitel-076-6591502,Mobile,+8550766591502
Mobitel-076-6591503,Mobile,+8550766591503
Mobitel-076-6591504,Mobile,+8550766591504
Mobitel-076-6591505,Mobile,+8550766591505
Mobitel-076-6591506,Mobile,+8550766591506
Mobitel-076-6591507,Mobile,+8550766591507
Mobitel-076-6591508,Mobile,+8550766591508
Mobitel-076-6591509,Mobile,+8550766591509
Mobitel-076-6591510,Mobile,+8550766591510
Mobitel-076-6591511,Mobile,+8550766591511
Mobitel-076-6591512,Mobile,+8550766591512
Mobitel-076-6591513,Mobile,+8550766591513
Mobitel-076-6591514,Mobile,+8550766591514
Mobitel-076-6591515,Mobile,+8550766591515
Mobitel-076-6591516,Mobile,+8550766591516
Mobitel-076-6591517,Mobile,+8550766591517
Mobitel-076-6591518,Mobile,+8550766591518
Mobitel-076-6591519,Mobile,+8550766591519
Mobitel-076-6591520,Mobile,+8550766591520
Mobitel-076-6591521,Mobile,+8550766591521
Mobitel-076-6591522,Mobile,+8550766591522
Mobitel-076-6591523,Mobile,+8550766591523
Mobitel-076-6591524,Mobile,+8550766591524
Mobitel-076-6591525,Mobile,+8550766591525
Mobitel-076-6591526,Mobile,+8550766591526
Mobitel-076-6591527,Mobile,+8550766591527
Mobitel-076-6591528,Mobile,+8550766591528
Mobitel-076-6591529,Mobile,+8550766591529
Mobitel-076-6591530,Mobile,+8550766591530
Mobitel-076-6591531,Mobile,+8550766591531
Mobitel-076-6591532,Mobile,+8550766591532
Mobitel-076-6591533,Mobile,+8550766591533
Mobitel-076-6591534,Mobile,+8550766591534
Mobitel-076-6591535,Mobile,+8550766591535
Mobitel-076-6591536,Mobile,+8550766591536
Mobitel-076-6591537,Mobile,+8550766591537
Mobitel-076-6591538,Mobile,+8550766591538
Mobitel-076-6591539,Mobile,+8550766591539
Mobitel-076-6591540,Mobile,+8550766591540
Mobitel-076-6591541,Mobile,+8550766591541
Mobitel-076-6591542,Mobile,+8550766591542
Mobitel-076-6591543,Mobile,+8550766591543
Mobitel-076-6591544,Mobile,+8550766591544
Mobitel-076-6591545,Mobile,+8550766591545
Mobitel-076-6591546,Mobile,+8550766591546
Mobitel-076-6591547,Mobile,+8550766591547
Mobitel-076-6591548,Mobile,+8550766591548
Mobitel-076-6591549,Mobile,+8550766591549
Mobitel-076-6591550,Mobile,+8550766591550
Mobitel-076-6591551,Mobile,+8550766591551
Mobitel-076-6591552,Mobile,+8550766591552
Mobitel-076-6591553,Mobile,+8550766591553
Mobitel-076-6591554,Mobile,+8550766591554
Mobitel-076-6591555,Mobile,+8550766591555
Mobitel-076-6591556,Mobile,+8550766591556
Mobitel-076-6591557,Mobile,+8550766591557
Mobitel-076-6591558,Mobile,+8550766591558
Mobitel-076-6591559,Mobile,+8550766591559
Mobitel-076-6591560,Mobile,+8550766591560
Mobitel-076-6591561,Mobile,+8550766591561
Mobitel-076-6591562,Mobile,+8550766591562
Mobitel-076-6591563,Mobile,+8550766591563
Mobitel-076-6591564,Mobile,+8550766591564
Mobitel-076-6591565,Mobile,+8550766591565
Mobitel-076-6591566,Mobile,+8550766591566
Mobitel-076-6591567,Mobile,+8550766591567
Mobitel-076-6591568,Mobile,+8550766591568
Mobitel-076-6591569,Mobile,+8550766591569
Mobitel-076-6591570,Mobile,+8550766591570
Mobitel-076-6591571,Mobile,+8550766591571
Mobitel-076-6591572,Mobile,+8550766591572
Mobitel-076-6591573,Mobile,+8550766591573
Mobitel-076-6591574,Mobile,+8550766591574
Mobitel-076-6591575,Mobile,+8550766591575
Mobitel-076-6591576,Mobile,+8550766591576
Mobitel-076-6591577,Mobile,+8550766591577
Mobitel-076-6591578,Mobile,+8550766591578
Mobitel-076-6591579,Mobile,+8550766591579
Mobitel-076-6591580,Mobile,+8550766591580
Mobitel-076-6591581,Mobile,+8550766591581
Mobitel-076-6591582,Mobile,+8550766591582
Mobitel-076-6591583,Mobile,+8550766591583
Mobitel-076-6591584,Mobile,+8550766591584
Mobitel-076-6591585,Mobile,+8550766591585
Mobitel-076-6591586,Mobile,+8550766591586
Mobitel-076-6591587,Mobile,+8550766591587
Mobitel-076-6591588,Mobile,+8550766591588
Mobitel-076-6591589,Mobile,+8550766591589
Mobitel-076-6591590,Mobile,+8550766591590
Mobitel-076-6591591,Mobile,+8550766591591
Mobitel-076-6591592,Mobile,+8550766591592
Mobitel-076-6591593,Mobile,+8550766591593
Mobitel-076-6591594,Mobile,+8550766591594
Mobitel-076-6591595,Mobile,+8550766591595
Mobitel-076-6591596,Mobile,+8550766591596
Mobitel-076-6591597,Mobile,+8550766591597
Mobitel-076-6591598,Mobile,+8550766591598
Mobitel-076-6591599,Mobile,+8550766591599
Mobitel-076-6591600,Mobile,+8550766591600
Mobitel-076-6591601,Mobile,+8550766591601
Mobitel-076-6591602,Mobile,+8550766591602
Mobitel-076-6591603,Mobile,+8550766591603
Mobitel-076-6591604,Mobile,+8550766591604
Mobitel-076-6591605,Mobile,+8550766591605
Mobitel-076-6591606,Mobile,+8550766591606
Mobitel-076-6591607,Mobile,+8550766591607
Mobitel-076-6591608,Mobile,+8550766591608
Mobitel-076-6591609,Mobile,+8550766591609
Mobitel-076-6591610,Mobile,+8550766591610
Mobitel-076-6591611,Mobile,+8550766591611
Mobitel-076-6591612,Mobile,+8550766591612
Mobitel-076-6591613,Mobile,+8550766591613
Mobitel-076-6591614,Mobile,+8550766591614
Mobitel-076-6591615,Mobile,+8550766591615
Mobitel-076-6591616,Mobile,+8550766591616
Mobitel-076-6591617,Mobile,+8550766591617
Mobitel-076-6591618,Mobile,+8550766591618
Mobitel-076-6591619,Mobile,+8550766591619
Mobitel-076-6591620,Mobile,+8550766591620
Mobitel-076-6591621,Mobile,+8550766591621
Mobitel-076-6591622,Mobile,+8550766591622
Mobitel-076-6591623,Mobile,+8550766591623
Mobitel-076-6591624,Mobile,+8550766591624
Mobitel-076-6591625,Mobile,+8550766591625
Mobitel-076-6591626,Mobile,+8550766591626
Mobitel-076-6591627,Mobile,+8550766591627
Mobitel-076-6591628,Mobile,+8550766591628
Mobitel-076-6591629,Mobile,+8550766591629
Mobitel-076-6591630,Mobile,+8550766591630
Mobitel-076-6591631,Mobile,+8550766591631
Mobitel-076-6591632,Mobile,+8550766591632
Mobitel-076-6591633,Mobile,+8550766591633
Mobitel-076-6591634,Mobile,+8550766591634
Mobitel-076-6591635,Mobile,+8550766591635
Mobitel-076-6591636,Mobile,+8550766591636
Mobitel-076-6591637,Mobile,+8550766591637
Mobitel-076-6591638,Mobile,+8550766591638
Mobitel-076-6591639,Mobile,+8550766591639
Mobitel-076-6591640,Mobile,+8550766591640
Mobitel-076-6591641,Mobile,+8550766591641
Mobitel-076-6591642,Mobile,+8550766591642
Mobitel-076-6591643,Mobile,+8550766591643
Mobitel-076-6591644,Mobile,+8550766591644
Mobitel-076-6591645,Mobile,+8550766591645
Mobitel-076-6591646,Mobile,+8550766591646
Mobitel-076-6591647,Mobile,+8550766591647
Mobitel-076-6591648,Mobile,+8550766591648
Mobitel-076-6591649,Mobile,+8550766591649
Mobitel-076-6591650,Mobile,+8550766591650
Mobitel-076-6591651,Mobile,+8550766591651
Mobitel-076-6591652,Mobile,+8550766591652
Mobitel-076-6591653,Mobile,+8550766591653
Mobitel-076-6591654,Mobile,+8550766591654
Mobitel-076-6591655,Mobile,+8550766591655
Mobitel-076-6591656,Mobile,+8550766591656
Mobitel-076-6591657,Mobile,+8550766591657
Mobitel-076-6591658,Mobile,+8550766591658
Mobitel-076-6591659,Mobile,+8550766591659
Mobitel-076-6591660,Mobile,+8550766591660
Mobitel-076-6591661,Mobile,+8550766591661
Mobitel-076-6591662,Mobile,+8550766591662
Mobitel-076-6591663,Mobile,+8550766591663
Mobitel-076-6591664,Mobile,+8550766591664
Mobitel-076-6591665,Mobile,+8550766591665
Mobitel-076-6591666,Mobile,+8550766591666
Mobitel-076-6591667,Mobile,+8550766591667
Mobitel-076-6591668,Mobile,+8550766591668
Mobitel-076-6591669,Mobile,+8550766591669
Mobitel-076-6591670,Mobile,+8550766591670
Mobitel-076-6591671,Mobile,+8550766591671
Mobitel-076-6591672,Mobile,+8550766591672
Mobitel-076-6591673,Mobile,+8550766591673
Mobitel-076-6591674,Mobile,+8550766591674
Mobitel-076-6591675,Mobile,+8550766591675
Mobitel-076-6591676,Mobile,+8550766591676
Mobitel-076-6591677,Mobile,+8550766591677
Mobitel-076-6591678,Mobile,+8550766591678
Mobitel-076-6591679,Mobile,+8550766591679
Mobitel-076-6591680,Mobile,+8550766591680
Mobitel-076-6591681,Mobile,+8550766591681
Mobitel-076-6591682,Mobile,+8550766591682
Mobitel-076-6591683,Mobile,+8550766591683
Mobitel-076-6591684,Mobile,+8550766591684
Mobitel-076-6591685,Mobile,+8550766591685
Mobitel-076-6591686,Mobile,+8550766591686
Mobitel-076-6591687,Mobile,+8550766591687
Mobitel-076-6591688,Mobile,+8550766591688
Mobitel-076-6591689,Mobile,+8550766591689
Mobitel-076-6591690,Mobile,+8550766591690
Mobitel-076-6591691,Mobile,+8550766591691
Mobitel-076-6591692,Mobile,+8550766591692
Mobitel-076-6591693,Mobile,+8550766591693
Mobitel-076-6591694,Mobile,+8550766591694
Mobitel-076-6591695,Mobile,+8550766591695
Mobitel-076-6591696,Mobile,+8550766591696
Mobitel-076-6591697,Mobile,+8550766591697
Mobitel-076-6591698,Mobile,+8550766591698
Mobitel-076-6591699,Mobile,+8550766591699
Mobitel-076-6591700,Mobile,+8550766591700
Mobitel-076-6591701,Mobile,+8550766591701
Mobitel-076-6591702,Mobile,+8550766591702
Mobitel-076-6591703,Mobile,+8550766591703
Mobitel-076-6591704,Mobile,+8550766591704
Mobitel-076-6591705,Mobile,+8550766591705
Mobitel-076-6591706,Mobile,+8550766591706
Mobitel-076-6591707,Mobile,+8550766591707
Mobitel-076-6591708,Mobile,+8550766591708
Mobitel-076-6591709,Mobile,+8550766591709
Mobitel-076-6591710,Mobile,+8550766591710
Mobitel-076-6591711,Mobile,+8550766591711
Mobitel-076-6591712,Mobile,+8550766591712
Mobitel-076-6591713,Mobile,+8550766591713
Mobitel-076-6591714,Mobile,+8550766591714
Mobitel-076-6591715,Mobile,+8550766591715
Mobitel-076-6591716,Mobile,+8550766591716
Mobitel-076-6591717,Mobile,+8550766591717
Mobitel-076-6591718,Mobile,+8550766591718
Mobitel-076-6591719,Mobile,+8550766591719
Mobitel-076-6591720,Mobile,+8550766591720
Mobitel-076-6591721,Mobile,+8550766591721
Mobitel-076-6591722,Mobile,+8550766591722
Mobitel-076-6591723,Mobile,+8550766591723
Mobitel-076-6591724,Mobile,+8550766591724
Mobitel-076-6591725,Mobile,+8550766591725
Mobitel-076-6591726,Mobile,+8550766591726
Mobitel-076-6591727,Mobile,+8550766591727
Mobitel-076-6591728,Mobile,+8550766591728
Mobitel-076-6591729,Mobile,+8550766591729
Mobitel-076-6591730,Mobile,+8550766591730
Mobitel-076-6591731,Mobile,+8550766591731
Mobitel-076-6591732,Mobile,+8550766591732
Mobitel-076-6591733,Mobile,+8550766591733
Mobitel-076-6591734,Mobile,+8550766591734
Mobitel-076-6591735,Mobile,+8550766591735
Mobitel-076-6591736,Mobile,+8550766591736
Mobitel-076-6591737,Mobile,+8550766591737
Mobitel-076-6591738,Mobile,+8550766591738
Mobitel-076-6591739,Mobile,+8550766591739
Mobitel-076-6591740,Mobile,+8550766591740
Mobitel-076-6591741,Mobile,+8550766591741
Mobitel-076-6591742,Mobile,+8550766591742
Mobitel-076-6591743,Mobile,+8550766591743
Mobitel-076-6591744,Mobile,+8550766591744
Mobitel-076-6591745,Mobile,+8550766591745
Mobitel-076-6591746,Mobile,+8550766591746
Mobitel-076-6591747,Mobile,+8550766591747
Mobitel-076-6591748,Mobile,+8550766591748
Mobitel-076-6591749,Mobile,+8550766591749
Mobitel-076-6591750,Mobile,+8550766591750
Mobitel-076-6591751,Mobile,+8550766591751
Mobitel-076-6591752,Mobile,+8550766591752
Mobitel-076-6591753,Mobile,+8550766591753
Mobitel-076-6591754,Mobile,+8550766591754
Mobitel-076-6591755,Mobile,+8550766591755
Mobitel-076-6591756,Mobile,+8550766591756
Mobitel-076-6591757,Mobile,+8550766591757
Mobitel-076-6591758,Mobile,+8550766591758
Mobitel-076-6591759,Mobile,+8550766591759
Mobitel-076-6591760,Mobile,+8550766591760
Mobitel-076-6591761,Mobile,+8550766591761
Mobitel-076-6591762,Mobile,+8550766591762
Mobitel-076-6591763,Mobile,+8550766591763
Mobitel-076-6591764,Mobile,+8550766591764
Mobitel-076-6591765,Mobile,+8550766591765
Mobitel-076-6591766,Mobile,+8550766591766
Mobitel-076-6591767,Mobile,+8550766591767
Mobitel-076-6591768,Mobile,+8550766591768
Mobitel-076-6591769,Mobile,+8550766591769
Mobitel-076-6591770,Mobile,+8550766591770
Mobitel-076-6591771,Mobile,+8550766591771
Mobitel-076-6591772,Mobile,+8550766591772
Mobitel-076-6591773,Mobile,+8550766591773
Mobitel-076-6591774,Mobile,+8550766591774
Mobitel-076-6591775,Mobile,+8550766591775
Mobitel-076-6591776,Mobile,+8550766591776
Mobitel-076-6591777,Mobile,+8550766591777
Mobitel-076-6591778,Mobile,+8550766591778
Mobitel-076-6591779,Mobile,+8550766591779
Mobitel-076-6591780,Mobile,+8550766591780
Mobitel-076-6591781,Mobile,+8550766591781
Mobitel-076-6591782,Mobile,+8550766591782
Mobitel-076-6591783,Mobile,+8550766591783
Mobitel-076-6591784,Mobile,+8550766591784
Mobitel-076-6591785,Mobile,+8550766591785
Mobitel-076-6591786,Mobile,+8550766591786
Mobitel-076-6591787,Mobile,+8550766591787
Mobitel-076-6591788,Mobile,+8550766591788
Mobitel-076-6591789,Mobile,+8550766591789
Mobitel-076-6591790,Mobile,+8550766591790
Mobitel-076-6591791,Mobile,+8550766591791
Mobitel-076-6591792,Mobile,+8550766591792
Mobitel-076-6591793,Mobile,+8550766591793
Mobitel-076-6591794,Mobile,+8550766591794
Mobitel-076-6591795,Mobile,+8550766591795
Mobitel-076-6591796,Mobile,+8550766591796
Mobitel-076-6591797,Mobile,+8550766591797
Mobitel-076-6591798,Mobile,+8550766591798
Mobitel-076-6591799,Mobile,+8550766591799
Mobitel-076-6591800,Mobile,+8550766591800
Mobitel-076-6591801,Mobile,+8550766591801
Mobitel-076-6591802,Mobile,+8550766591802
Mobitel-076-6591803,Mobile,+8550766591803
Mobitel-076-6591804,Mobile,+8550766591804
Mobitel-076-6591805,Mobile,+8550766591805
Mobitel-076-6591806,Mobile,+8550766591806
Mobitel-076-6591807,Mobile,+8550766591807
Mobitel-076-6591808,Mobile,+8550766591808
Mobitel-076-6591809,Mobile,+8550766591809
Mobitel-076-6591810,Mobile,+8550766591810
Mobitel-076-6591811,Mobile,+8550766591811
Mobitel-076-6591812,Mobile,+8550766591812
Mobitel-076-6591813,Mobile,+8550766591813
Mobitel-076-6591814,Mobile,+8550766591814
Mobitel-076-6591815,Mobile,+8550766591815
Mobitel-076-6591816,Mobile,+8550766591816
Mobitel-076-6591817,Mobile,+8550766591817
Mobitel-076-6591818,Mobile,+8550766591818
Mobitel-076-6591819,Mobile,+8550766591819
Mobitel-076-6591820,Mobile,+8550766591820
Mobitel-076-6591821,Mobile,+8550766591821
Mobitel-076-6591822,Mobile,+8550766591822
Mobitel-076-6591823,Mobile,+8550766591823
Mobitel-076-6591824,Mobile,+8550766591824
Mobitel-076-6591825,Mobile,+8550766591825
Mobitel-076-6591826,Mobile,+8550766591826
Mobitel-076-6591827,Mobile,+8550766591827
Mobitel-076-6591828,Mobile,+8550766591828
Mobitel-076-6591829,Mobile,+8550766591829
Mobitel-076-6591830,Mobile,+8550766591830
Mobitel-076-6591831,Mobile,+8550766591831
Mobitel-076-6591832,Mobile,+8550766591832
Mobitel-076-6591833,Mobile,+8550766591833
Mobitel-076-6591834,Mobile,+8550766591834
Mobitel-076-6591835,Mobile,+8550766591835
Mobitel-076-6591836,Mobile,+8550766591836
Mobitel-076-6591837,Mobile,+8550766591837
Mobitel-076-6591838,Mobile,+8550766591838
Mobitel-076-6591839,Mobile,+8550766591839
Mobitel-076-6591840,Mobile,+8550766591840
Mobitel-076-6591841,Mobile,+8550766591841
Mobitel-076-6591842,Mobile,+8550766591842
Mobitel-076-6591843,Mobile,+8550766591843
Mobitel-076-6591844,Mobile,+8550766591844
Mobitel-076-6591845,Mobile,+8550766591845
Mobitel-076-6591846,Mobile,+8550766591846
Mobitel-076-6591847,Mobile,+8550766591847
Mobitel-076-6591848,Mobile,+8550766591848
Mobitel-076-6591849,Mobile,+8550766591849
Mobitel-076-6591850,Mobile,+8550766591850
Mobitel-076-6591851,Mobile,+8550766591851
Mobitel-076-6591852,Mobile,+8550766591852
Mobitel-076-6591853,Mobile,+8550766591853
Mobitel-076-6591854,Mobile,+8550766591854
Mobitel-076-6591855,Mobile,+8550766591855
Mobitel-076-6591856,Mobile,+8550766591856
Mobitel-076-6591857,Mobile,+8550766591857
Mobitel-076-6591858,Mobile,+8550766591858
Mobitel-076-6591859,Mobile,+8550766591859
Mobitel-076-6591860,Mobile,+8550766591860
Mobitel-076-6591861,Mobile,+8550766591861
Mobitel-076-6591862,Mobile,+8550766591862
Mobitel-076-6591863,Mobile,+8550766591863
Mobitel-076-6591864,Mobile,+8550766591864
Mobitel-076-6591865,Mobile,+8550766591865
Mobitel-076-6591866,Mobile,+8550766591866
Mobitel-076-6591867,Mobile,+8550766591867
Mobitel-076-6591868,Mobile,+8550766591868
Mobitel-076-6591869,Mobile,+8550766591869
Mobitel-076-6591870,Mobile,+8550766591870
Mobitel-076-6591871,Mobile,+8550766591871
Mobitel-076-6591872,Mobile,+8550766591872
Mobitel-076-6591873,Mobile,+8550766591873
Mobitel-076-6591874,Mobile,+8550766591874
Mobitel-076-6591875,Mobile,+8550766591875
Mobitel-076-6591876,Mobile,+8550766591876
Mobitel-076-6591877,Mobile,+8550766591877
Mobitel-076-6591878,Mobile,+8550766591878
Mobitel-076-6591879,Mobile,+8550766591879
Mobitel-076-6591880,Mobile,+8550766591880
Mobitel-076-6591881,Mobile,+8550766591881
Mobitel-076-6591882,Mobile,+8550766591882
Mobitel-076-6591883,Mobile,+8550766591883
Mobitel-076-6591884,Mobile,+8550766591884
Mobitel-076-6591885,Mobile,+8550766591885
Mobitel-076-6591886,Mobile,+8550766591886
Mobitel-076-6591887,Mobile,+8550766591887
Mobitel-076-6591888,Mobile,+8550766591888
Mobitel-076-6591889,Mobile,+8550766591889
Mobitel-076-6591890,Mobile,+8550766591890
Mobitel-076-6591891,Mobile,+8550766591891
Mobitel-076-6591892,Mobile,+8550766591892
Mobitel-076-6591893,Mobile,+8550766591893
Mobitel-076-6591894,Mobile,+8550766591894
Mobitel-076-6591895,Mobile,+8550766591895
Mobitel-076-6591896,Mobile,+8550766591896
Mobitel-076-6591897,Mobile,+8550766591897
Mobitel-076-6591898,Mobile,+8550766591898
Mobitel-076-6591899,Mobile,+8550766591899
Mobitel-076-6591900,Mobile,+8550766591900
Mobitel-076-6591901,Mobile,+8550766591901
Mobitel-076-6591902,Mobile,+8550766591902
Mobitel-076-6591903,Mobile,+8550766591903
Mobitel-076-6591904,Mobile,+8550766591904
Mobitel-076-6591905,Mobile,+8550766591905
Mobitel-076-6591906,Mobile,+8550766591906
Mobitel-076-6591907,Mobile,+8550766591907
Mobitel-076-6591908,Mobile,+8550766591908
Mobitel-076-6591909,Mobile,+8550766591909
Mobitel-076-6591910,Mobile,+8550766591910
Mobitel-076-6591911,Mobile,+8550766591911
Mobitel-076-6591912,Mobile,+8550766591912
Mobitel-076-6591913,Mobile,+8550766591913
Mobitel-076-6591914,Mobile,+8550766591914
Mobitel-076-6591915,Mobile,+8550766591915
Mobitel-076-6591916,Mobile,+8550766591916
Mobitel-076-6591917,Mobile,+8550766591917
Mobitel-076-6591918,Mobile,+8550766591918
Mobitel-076-6591919,Mobile,+8550766591919
Mobitel-076-6591920,Mobile,+8550766591920
Mobitel-076-6591921,Mobile,+8550766591921
Mobitel-076-6591922,Mobile,+8550766591922
Mobitel-076-6591923,Mobile,+8550766591923
Mobitel-076-6591924,Mobile,+8550766591924
Mobitel-076-6591925,Mobile,+8550766591925
Mobitel-076-6591926,Mobile,+8550766591926
Mobitel-076-6591927,Mobile,+8550766591927
Mobitel-076-6591928,Mobile,+8550766591928
Mobitel-076-6591929,Mobile,+8550766591929
Mobitel-076-6591930,Mobile,+8550766591930
Mobitel-076-6591931,Mobile,+8550766591931
Mobitel-076-6591932,Mobile,+8550766591932
Mobitel-076-6591933,Mobile,+8550766591933
Mobitel-076-6591934,Mobile,+8550766591934
Mobitel-076-6591935,Mobile,+8550766591935
Mobitel-076-6591936,Mobile,+8550766591936
Mobitel-076-6591937,Mobile,+8550766591937
Mobitel-076-6591938,Mobile,+8550766591938
Mobitel-076-6591939,Mobile,+8550766591939
Mobitel-076-6591940,Mobile,+8550766591940
Mobitel-076-6591941,Mobile,+8550766591941
Mobitel-076-6591942,Mobile,+8550766591942
Mobitel-076-6591943,Mobile,+8550766591943
Mobitel-076-6591944,Mobile,+8550766591944
Mobitel-076-6591945,Mobile,+8550766591945
Mobitel-076-6591946,Mobile,+8550766591946
Mobitel-076-6591947,Mobile,+8550766591947
Mobitel-076-6591948,Mobile,+8550766591948
Mobitel-076-6591949,Mobile,+8550766591949
Mobitel-076-6591950,Mobile,+8550766591950
Mobitel-076-6591951,Mobile,+8550766591951
Mobitel-076-6591952,Mobile,+8550766591952
Mobitel-076-6591953,Mobile,+8550766591953
Mobitel-076-6591954,Mobile,+8550766591954
Mobitel-076-6591955,Mobile,+8550766591955
Mobitel-076-6591956,Mobile,+8550766591956
Mobitel-076-6591957,Mobile,+8550766591957
Mobitel-076-6591958,Mobile,+8550766591958
Mobitel-076-6591959,Mobile,+8550766591959
Mobitel-076-6591960,Mobile,+8550766591960
Mobitel-076-6591961,Mobile,+8550766591961
Mobitel-076-6591962,Mobile,+8550766591962
Mobitel-076-6591963,Mobile,+8550766591963
Mobitel-076-6591964,Mobile,+8550766591964
Mobitel-076-6591965,Mobile,+8550766591965
Mobitel-076-6591966,Mobile,+8550766591966
Mobitel-076-6591967,Mobile,+8550766591967
Mobitel-076-6591968,Mobile,+8550766591968
Mobitel-076-6591969,Mobile,+8550766591969
Mobitel-076-6591970,Mobile,+8550766591970
Mobitel-076-6591971,Mobile,+8550766591971
Mobitel-076-6591972,Mobile,+8550766591972
Mobitel-076-6591973,Mobile,+8550766591973
Mobitel-076-6591974,Mobile,+8550766591974
Mobitel-076-6591975,Mobile,+8550766591975
Mobitel-076-6591976,Mobile,+8550766591976
Mobitel-076-6591977,Mobile,+8550766591977
Mobitel-076-6591978,Mobile,+8550766591978
Mobitel-076-6591979,Mobile,+8550766591979
Mobitel-076-6591980,Mobile,+8550766591980
Mobitel-076-6591981,Mobile,+8550766591981
Mobitel-076-6591982,Mobile,+8550766591982
Mobitel-076-6591983,Mobile,+8550766591983
Mobitel-076-6591984,Mobile,+8550766591984
Mobitel-076-6591985,Mobile,+8550766591985
Mobitel-076-6591986,Mobile,+8550766591986
Mobitel-076-6591987,Mobile,+8550766591987
Mobitel-076-6591988,Mobile,+8550766591988
Mobitel-076-6591989,Mobile,+8550766591989
Mobitel-076-6591990,Mobile,+8550766591990
Mobitel-076-6591991,Mobile,+8550766591991
Mobitel-076-6591992,Mobile,+8550766591992
Mobitel-076-6591993,Mobile,+8550766591993
Mobitel-076-6591994,Mobile,+8550766591994
Mobitel-076-6591995,Mobile,+8550766591995
Mobitel-076-6591996,Mobile,+8550766591996
Mobitel-076-6591997,Mobile,+8550766591997
Mobitel-076-6591998,Mobile,+8550766591998
Mobitel-076-6591999,Mobile,+8550766591999
Mobitel-076-6592000,Mobile,+8550766592000
Mobitel-076-6592001,Mobile,+8550766592001
Mobitel-076-6592002,Mobile,+8550766592002
Mobitel-076-6592003,Mobile,+8550766592003
Mobitel-076-6592004,Mobile,+8550766592004
Mobitel-076-6592005,Mobile,+8550766592005
Mobitel-076-6592006,Mobile,+8550766592006
Mobitel-076-6592007,Mobile,+8550766592007
Mobitel-076-6592008,Mobile,+8550766592008
Mobitel-076-6592009,Mobile,+8550766592009
