Name,Phone 1 - Type,Phone 1 - Value
Metfone-071-7872590,Mobile,+8550717872590
Metfone-071-7872591,Mobile,+8550717872591
Metfone-071-7872592,Mobile,+8550717872592
Metfone-071-7872593,Mobile,+8550717872593
Metfone-071-7872594,Mobile,+8550717872594
Metfone-071-7872595,Mobile,+8550717872595
Metfone-071-7872596,Mobile,+8550717872596
Metfone-071-7872597,Mobile,+8550717872597
Metfone-071-7872598,Mobile,+8550717872598
Metfone-071-7872599,Mobile,+8550717872599
Metfone-071-7872600,Mobile,+8550717872600
Metfone-071-7872601,Mobile,+8550717872601
Metfone-071-7872602,Mobile,+8550717872602
Metfone-071-7872603,Mobile,+8550717872603
Metfone-071-7872604,Mobile,+8550717872604
Metfone-071-7872605,Mobile,+8550717872605
Metfone-071-7872606,Mobile,+8550717872606
Metfone-071-7872607,Mobile,+8550717872607
Metfone-071-7872608,Mobile,+8550717872608
Metfone-071-7872609,Mobile,+8550717872609
Metfone-071-7872610,Mobile,+8550717872610
Metfone-071-7872611,Mobile,+8550717872611
Metfone-071-7872612,Mobile,+8550717872612
Metfone-071-7872613,Mobile,+8550717872613
Metfone-071-7872614,Mobile,+8550717872614
Metfone-071-7872615,Mobile,+8550717872615
Metfone-071-7872616,Mobile,+8550717872616
Metfone-071-7872617,Mobile,+8550717872617
Metfone-071-7872618,Mobile,+8550717872618
Metfone-071-7872619,Mobile,+8550717872619
Metfone-071-7872620,Mobile,+8550717872620
Metfone-071-7872621,Mobile,+8550717872621
Metfone-071-7872622,Mobile,+8550717872622
Metfone-071-7872623,Mobile,+8550717872623
Metfone-071-7872624,Mobile,+8550717872624
Metfone-071-7872625,Mobile,+8550717872625
Metfone-071-7872626,Mobile,+8550717872626
Metfone-071-7872627,Mobile,+8550717872627
Metfone-071-7872628,Mobile,+8550717872628
Metfone-071-7872629,Mobile,+8550717872629
Metfone-071-7872630,Mobile,+8550717872630
Metfone-071-7872631,Mobile,+8550717872631
Metfone-071-7872632,Mobile,+8550717872632
Metfone-071-7872633,Mobile,+8550717872633
Metfone-071-7872634,Mobile,+8550717872634
Metfone-071-7872635,Mobile,+8550717872635
Metfone-071-7872636,Mobile,+8550717872636
Metfone-071-7872637,Mobile,+8550717872637
Metfone-071-7872638,Mobile,+8550717872638
Metfone-071-7872639,Mobile,+8550717872639
Metfone-071-7872640,Mobile,+8550717872640
Metfone-071-7872641,Mobile,+8550717872641
Metfone-071-7872642,Mobile,+8550717872642
Metfone-071-7872643,Mobile,+8550717872643
Metfone-071-7872644,Mobile,+8550717872644
Metfone-071-7872645,Mobile,+8550717872645
Metfone-071-7872646,Mobile,+8550717872646
Metfone-071-7872647,Mobile,+8550717872647
Metfone-071-7872648,Mobile,+8550717872648
Metfone-071-7872649,Mobile,+8550717872649
Metfone-071-7872650,Mobile,+8550717872650
Metfone-071-7872651,Mobile,+8550717872651
Metfone-071-7872652,Mobile,+8550717872652
Metfone-071-7872653,Mobile,+8550717872653
Metfone-071-7872654,Mobile,+8550717872654
Metfone-071-7872655,Mobile,+8550717872655
Metfone-071-7872656,Mobile,+8550717872656
Metfone-071-7872657,Mobile,+8550717872657
Metfone-071-7872658,Mobile,+8550717872658
Metfone-071-7872659,Mobile,+8550717872659
Metfone-071-7872660,Mobile,+8550717872660
Metfone-071-7872661,Mobile,+8550717872661
Metfone-071-7872662,Mobile,+8550717872662
Metfone-071-7872663,Mobile,+8550717872663
Metfone-071-7872664,Mobile,+8550717872664
Metfone-071-7872665,Mobile,+8550717872665
Metfone-071-7872666,Mobile,+8550717872666
Metfone-071-7872667,Mobile,+8550717872667
Metfone-071-7872668,Mobile,+8550717872668
Metfone-071-7872669,Mobile,+8550717872669
Metfone-071-7872670,Mobile,+8550717872670
Metfone-071-7872671,Mobile,+8550717872671
Metfone-071-7872672,Mobile,+8550717872672
Metfone-071-7872673,Mobile,+8550717872673
Metfone-071-7872674,Mobile,+8550717872674
Metfone-071-7872675,Mobile,+8550717872675
Metfone-071-7872676,Mobile,+8550717872676
Metfone-071-7872677,Mobile,+8550717872677
Metfone-071-7872678,Mobile,+8550717872678
Metfone-071-7872679,Mobile,+8550717872679
Metfone-071-7872680,Mobile,+8550717872680
Metfone-071-7872681,Mobile,+8550717872681
Metfone-071-7872682,Mobile,+8550717872682
Metfone-071-7872683,Mobile,+8550717872683
Metfone-071-7872684,Mobile,+8550717872684
Metfone-071-7872685,Mobile,+8550717872685
Metfone-071-7872686,Mobile,+8550717872686
Metfone-071-7872687,Mobile,+8550717872687
Metfone-071-7872688,Mobile,+8550717872688
Metfone-071-7872689,Mobile,+8550717872689
Metfone-071-7872690,Mobile,+8550717872690
Metfone-071-7872691,Mobile,+8550717872691
Metfone-071-7872692,Mobile,+8550717872692
Metfone-071-7872693,Mobile,+8550717872693
Metfone-071-7872694,Mobile,+8550717872694
Metfone-071-7872695,Mobile,+8550717872695
Metfone-071-7872696,Mobile,+8550717872696
Metfone-071-7872697,Mobile,+8550717872697
Metfone-071-7872698,Mobile,+8550717872698
Metfone-071-7872699,Mobile,+8550717872699
Metfone-071-7872700,Mobile,+8550717872700
Metfone-071-7872701,Mobile,+8550717872701
Metfone-071-7872702,Mobile,+8550717872702
Metfone-071-7872703,Mobile,+8550717872703
Metfone-071-7872704,Mobile,+8550717872704
Metfone-071-7872705,Mobile,+8550717872705
Metfone-071-7872706,Mobile,+8550717872706
Metfone-071-7872707,Mobile,+8550717872707
Metfone-071-7872708,Mobile,+8550717872708
Metfone-071-7872709,Mobile,+8550717872709
Metfone-071-7872710,Mobile,+8550717872710
Metfone-071-7872711,Mobile,+8550717872711
Metfone-071-7872712,Mobile,+8550717872712
Metfone-071-7872713,Mobile,+8550717872713
Metfone-071-7872714,Mobile,+8550717872714
Metfone-071-7872715,Mobile,+8550717872715
Metfone-071-7872716,Mobile,+8550717872716
Metfone-071-7872717,Mobile,+8550717872717
Metfone-071-7872718,Mobile,+8550717872718
Metfone-071-7872719,Mobile,+8550717872719
Metfone-071-7872720,Mobile,+8550717872720
Metfone-071-7872721,Mobile,+8550717872721
Metfone-071-7872722,Mobile,+8550717872722
Metfone-071-7872723,Mobile,+8550717872723
Metfone-071-7872724,Mobile,+8550717872724
Metfone-071-7872725,Mobile,+8550717872725
Metfone-071-7872726,Mobile,+8550717872726
Metfone-071-7872727,Mobile,+8550717872727
Metfone-071-7872728,Mobile,+8550717872728
Metfone-071-7872729,Mobile,+8550717872729
Metfone-071-7872730,Mobile,+8550717872730
Metfone-071-7872731,Mobile,+8550717872731
Metfone-071-7872732,Mobile,+8550717872732
Metfone-071-7872733,Mobile,+8550717872733
Metfone-071-7872734,Mobile,+8550717872734
Metfone-071-7872735,Mobile,+8550717872735
Metfone-071-7872736,Mobile,+8550717872736
Metfone-071-7872737,Mobile,+8550717872737
Metfone-071-7872738,Mobile,+8550717872738
Metfone-071-7872739,Mobile,+8550717872739
Metfone-071-7872740,Mobile,+8550717872740
Metfone-071-7872741,Mobile,+8550717872741
Metfone-071-7872742,Mobile,+8550717872742
Metfone-071-7872743,Mobile,+8550717872743
Metfone-071-7872744,Mobile,+8550717872744
Metfone-071-7872745,Mobile,+8550717872745
Metfone-071-7872746,Mobile,+8550717872746
Metfone-071-7872747,Mobile,+8550717872747
Metfone-071-7872748,Mobile,+8550717872748
Metfone-071-7872749,Mobile,+8550717872749
Metfone-071-7872750,Mobile,+8550717872750
Metfone-071-7872751,Mobile,+8550717872751
Metfone-071-7872752,Mobile,+8550717872752
Metfone-071-7872753,Mobile,+8550717872753
Metfone-071-7872754,Mobile,+8550717872754
Metfone-071-7872755,Mobile,+8550717872755
Metfone-071-7872756,Mobile,+8550717872756
Metfone-071-7872757,Mobile,+8550717872757
Metfone-071-7872758,Mobile,+8550717872758
Metfone-071-7872759,Mobile,+8550717872759
Metfone-071-7872760,Mobile,+8550717872760
Metfone-071-7872761,Mobile,+8550717872761
Metfone-071-7872762,Mobile,+8550717872762
Metfone-071-7872763,Mobile,+8550717872763
Metfone-071-7872764,Mobile,+8550717872764
Metfone-071-7872765,Mobile,+8550717872765
Metfone-071-7872766,Mobile,+8550717872766
Metfone-071-7872767,Mobile,+8550717872767
Metfone-071-7872768,Mobile,+8550717872768
Metfone-071-7872769,Mobile,+8550717872769
Metfone-071-7872770,Mobile,+8550717872770
Metfone-071-7872771,Mobile,+8550717872771
Metfone-071-7872772,Mobile,+8550717872772
Metfone-071-7872773,Mobile,+8550717872773
Metfone-071-7872774,Mobile,+8550717872774
Metfone-071-7872775,Mobile,+8550717872775
Metfone-071-7872776,Mobile,+8550717872776
Metfone-071-7872777,Mobile,+8550717872777
Metfone-071-7872778,Mobile,+8550717872778
Metfone-071-7872779,Mobile,+8550717872779
Metfone-071-7872780,Mobile,+8550717872780
Metfone-071-7872781,Mobile,+8550717872781
Metfone-071-7872782,Mobile,+8550717872782
Metfone-071-7872783,Mobile,+8550717872783
Metfone-071-7872784,Mobile,+8550717872784
Metfone-071-7872785,Mobile,+8550717872785
Metfone-071-7872786,Mobile,+8550717872786
Metfone-071-7872787,Mobile,+8550717872787
Metfone-071-7872788,Mobile,+8550717872788
Metfone-071-7872789,Mobile,+8550717872789
Metfone-071-7872790,Mobile,+8550717872790
Metfone-071-7872791,Mobile,+8550717872791
Metfone-071-7872792,Mobile,+8550717872792
Metfone-071-7872793,Mobile,+8550717872793
Metfone-071-7872794,Mobile,+8550717872794
Metfone-071-7872795,Mobile,+8550717872795
Metfone-071-7872796,Mobile,+8550717872796
Metfone-071-7872797,Mobile,+8550717872797
Metfone-071-7872798,Mobile,+8550717872798
Metfone-071-7872799,Mobile,+8550717872799
Metfone-071-7872800,Mobile,+8550717872800
Metfone-071-7872801,Mobile,+8550717872801
Metfone-071-7872802,Mobile,+8550717872802
Metfone-071-7872803,Mobile,+8550717872803
Metfone-071-7872804,Mobile,+8550717872804
Metfone-071-7872805,Mobile,+8550717872805
Metfone-071-7872806,Mobile,+8550717872806
Metfone-071-7872807,Mobile,+8550717872807
Metfone-071-7872808,Mobile,+8550717872808
Metfone-071-7872809,Mobile,+8550717872809
Metfone-071-7872810,Mobile,+8550717872810
Metfone-071-7872811,Mobile,+8550717872811
Metfone-071-7872812,Mobile,+8550717872812
Metfone-071-7872813,Mobile,+8550717872813
Metfone-071-7872814,Mobile,+8550717872814
Metfone-071-7872815,Mobile,+8550717872815
Metfone-071-7872816,Mobile,+8550717872816
Metfone-071-7872817,Mobile,+8550717872817
Metfone-071-7872818,Mobile,+8550717872818
Metfone-071-7872819,Mobile,+8550717872819
Metfone-071-7872820,Mobile,+8550717872820
Metfone-071-7872821,Mobile,+8550717872821
Metfone-071-7872822,Mobile,+8550717872822
Metfone-071-7872823,Mobile,+8550717872823
Metfone-071-7872824,Mobile,+8550717872824
Metfone-071-7872825,Mobile,+8550717872825
Metfone-071-7872826,Mobile,+8550717872826
Metfone-071-7872827,Mobile,+8550717872827
Metfone-071-7872828,Mobile,+8550717872828
Metfone-071-7872829,Mobile,+8550717872829
Metfone-071-7872830,Mobile,+8550717872830
Metfone-071-7872831,Mobile,+8550717872831
Metfone-071-7872832,Mobile,+8550717872832
Metfone-071-7872833,Mobile,+8550717872833
Metfone-071-7872834,Mobile,+8550717872834
Metfone-071-7872835,Mobile,+8550717872835
Metfone-071-7872836,Mobile,+8550717872836
Metfone-071-7872837,Mobile,+8550717872837
Metfone-071-7872838,Mobile,+8550717872838
Metfone-071-7872839,Mobile,+8550717872839
Metfone-071-7872840,Mobile,+8550717872840
Metfone-071-7872841,Mobile,+8550717872841
Metfone-071-7872842,Mobile,+8550717872842
Metfone-071-7872843,Mobile,+8550717872843
Metfone-071-7872844,Mobile,+8550717872844
Metfone-071-7872845,Mobile,+8550717872845
Metfone-071-7872846,Mobile,+8550717872846
Metfone-071-7872847,Mobile,+8550717872847
Metfone-071-7872848,Mobile,+8550717872848
Metfone-071-7872849,Mobile,+8550717872849
Metfone-071-7872850,Mobile,+8550717872850
Metfone-071-7872851,Mobile,+8550717872851
Metfone-071-7872852,Mobile,+8550717872852
Metfone-071-7872853,Mobile,+8550717872853
Metfone-071-7872854,Mobile,+8550717872854
Metfone-071-7872855,Mobile,+8550717872855
Metfone-071-7872856,Mobile,+8550717872856
Metfone-071-7872857,Mobile,+8550717872857
Metfone-071-7872858,Mobile,+8550717872858
Metfone-071-7872859,Mobile,+8550717872859
Metfone-071-7872860,Mobile,+8550717872860
Metfone-071-7872861,Mobile,+8550717872861
Metfone-071-7872862,Mobile,+8550717872862
Metfone-071-7872863,Mobile,+8550717872863
Metfone-071-7872864,Mobile,+8550717872864
Metfone-071-7872865,Mobile,+8550717872865
Metfone-071-7872866,Mobile,+8550717872866
Metfone-071-7872867,Mobile,+8550717872867
Metfone-071-7872868,Mobile,+8550717872868
Metfone-071-7872869,Mobile,+8550717872869
Metfone-071-7872870,Mobile,+8550717872870
Metfone-071-7872871,Mobile,+8550717872871
Metfone-071-7872872,Mobile,+8550717872872
Metfone-071-7872873,Mobile,+8550717872873
Metfone-071-7872874,Mobile,+8550717872874
Metfone-071-7872875,Mobile,+8550717872875
Metfone-071-7872876,Mobile,+8550717872876
Metfone-071-7872877,Mobile,+8550717872877
Metfone-071-7872878,Mobile,+8550717872878
Metfone-071-7872879,Mobile,+8550717872879
Metfone-071-7872880,Mobile,+8550717872880
Metfone-071-7872881,Mobile,+8550717872881
Metfone-071-7872882,Mobile,+8550717872882
Metfone-071-7872883,Mobile,+8550717872883
Metfone-071-7872884,Mobile,+8550717872884
Metfone-071-7872885,Mobile,+8550717872885
Metfone-071-7872886,Mobile,+8550717872886
Metfone-071-7872887,Mobile,+8550717872887
Metfone-071-7872888,Mobile,+8550717872888
Metfone-071-7872889,Mobile,+8550717872889
Metfone-071-7872890,Mobile,+8550717872890
Metfone-071-7872891,Mobile,+8550717872891
Metfone-071-7872892,Mobile,+8550717872892
Metfone-071-7872893,Mobile,+8550717872893
Metfone-071-7872894,Mobile,+8550717872894
Metfone-071-7872895,Mobile,+8550717872895
Metfone-071-7872896,Mobile,+8550717872896
Metfone-071-7872897,Mobile,+8550717872897
Metfone-071-7872898,Mobile,+8550717872898
Metfone-071-7872899,Mobile,+8550717872899
Metfone-071-7872900,Mobile,+8550717872900
Metfone-071-7872901,Mobile,+8550717872901
Metfone-071-7872902,Mobile,+8550717872902
Metfone-071-7872903,Mobile,+8550717872903
Metfone-071-7872904,Mobile,+8550717872904
Metfone-071-7872905,Mobile,+8550717872905
Metfone-071-7872906,Mobile,+8550717872906
Metfone-071-7872907,Mobile,+8550717872907
Metfone-071-7872908,Mobile,+8550717872908
Metfone-071-7872909,Mobile,+8550717872909
Metfone-071-7872910,Mobile,+8550717872910
Metfone-071-7872911,Mobile,+8550717872911
Metfone-071-7872912,Mobile,+8550717872912
Metfone-071-7872913,Mobile,+8550717872913
Metfone-071-7872914,Mobile,+8550717872914
Metfone-071-7872915,Mobile,+8550717872915
Metfone-071-7872916,Mobile,+8550717872916
Metfone-071-7872917,Mobile,+8550717872917
Metfone-071-7872918,Mobile,+8550717872918
Metfone-071-7872919,Mobile,+8550717872919
Metfone-071-7872920,Mobile,+8550717872920
Metfone-071-7872921,Mobile,+8550717872921
Metfone-071-7872922,Mobile,+8550717872922
Metfone-071-7872923,Mobile,+8550717872923
Metfone-071-7872924,Mobile,+8550717872924
Metfone-071-7872925,Mobile,+8550717872925
Metfone-071-7872926,Mobile,+8550717872926
Metfone-071-7872927,Mobile,+8550717872927
Metfone-071-7872928,Mobile,+8550717872928
Metfone-071-7872929,Mobile,+8550717872929
Metfone-071-7872930,Mobile,+8550717872930
Metfone-071-7872931,Mobile,+8550717872931
Metfone-071-7872932,Mobile,+8550717872932
Metfone-071-7872933,Mobile,+8550717872933
Metfone-071-7872934,Mobile,+8550717872934
Metfone-071-7872935,Mobile,+8550717872935
Metfone-071-7872936,Mobile,+8550717872936
Metfone-071-7872937,Mobile,+8550717872937
Metfone-071-7872938,Mobile,+8550717872938
Metfone-071-7872939,Mobile,+8550717872939
Metfone-071-7872940,Mobile,+8550717872940
Metfone-071-7872941,Mobile,+8550717872941
Metfone-071-7872942,Mobile,+8550717872942
Metfone-071-7872943,Mobile,+8550717872943
Metfone-071-7872944,Mobile,+8550717872944
Metfone-071-7872945,Mobile,+8550717872945
Metfone-071-7872946,Mobile,+8550717872946
Metfone-071-7872947,Mobile,+8550717872947
Metfone-071-7872948,Mobile,+8550717872948
Metfone-071-7872949,Mobile,+8550717872949
Metfone-071-7872950,Mobile,+8550717872950
Metfone-071-7872951,Mobile,+8550717872951
Metfone-071-7872952,Mobile,+8550717872952
Metfone-071-7872953,Mobile,+8550717872953
Metfone-071-7872954,Mobile,+8550717872954
Metfone-071-7872955,Mobile,+8550717872955
Metfone-071-7872956,Mobile,+8550717872956
Metfone-071-7872957,Mobile,+8550717872957
Metfone-071-7872958,Mobile,+8550717872958
Metfone-071-7872959,Mobile,+8550717872959
Metfone-071-7872960,Mobile,+8550717872960
Metfone-071-7872961,Mobile,+8550717872961
Metfone-071-7872962,Mobile,+8550717872962
Metfone-071-7872963,Mobile,+8550717872963
Metfone-071-7872964,Mobile,+8550717872964
Metfone-071-7872965,Mobile,+8550717872965
Metfone-071-7872966,Mobile,+8550717872966
Metfone-071-7872967,Mobile,+8550717872967
Metfone-071-7872968,Mobile,+8550717872968
Metfone-071-7872969,Mobile,+8550717872969
Metfone-071-7872970,Mobile,+8550717872970
Metfone-071-7872971,Mobile,+8550717872971
Metfone-071-7872972,Mobile,+8550717872972
Metfone-071-7872973,Mobile,+8550717872973
Metfone-071-7872974,Mobile,+8550717872974
Metfone-071-7872975,Mobile,+8550717872975
Metfone-071-7872976,Mobile,+8550717872976
Metfone-071-7872977,Mobile,+8550717872977
Metfone-071-7872978,Mobile,+8550717872978
Metfone-071-7872979,Mobile,+8550717872979
Metfone-071-7872980,Mobile,+8550717872980
Metfone-071-7872981,Mobile,+8550717872981
Metfone-071-7872982,Mobile,+8550717872982
Metfone-071-7872983,Mobile,+8550717872983
Metfone-071-7872984,Mobile,+8550717872984
Metfone-071-7872985,Mobile,+8550717872985
Metfone-071-7872986,Mobile,+8550717872986
Metfone-071-7872987,Mobile,+8550717872987
Metfone-071-7872988,Mobile,+8550717872988
Metfone-071-7872989,Mobile,+8550717872989
Metfone-071-7872990,Mobile,+8550717872990
Metfone-071-7872991,Mobile,+8550717872991
Metfone-071-7872992,Mobile,+8550717872992
Metfone-071-7872993,Mobile,+8550717872993
Metfone-071-7872994,Mobile,+8550717872994
Metfone-071-7872995,Mobile,+8550717872995
Metfone-071-7872996,Mobile,+8550717872996
Metfone-071-7872997,Mobile,+8550717872997
Metfone-071-7872998,Mobile,+8550717872998
Metfone-071-7872999,Mobile,+8550717872999
Metfone-071-7873000,Mobile,+8550717873000
Metfone-071-7873001,Mobile,+8550717873001
Metfone-071-7873002,Mobile,+8550717873002
Metfone-071-7873003,Mobile,+8550717873003
Metfone-071-7873004,Mobile,+8550717873004
Metfone-071-7873005,Mobile,+8550717873005
Metfone-071-7873006,Mobile,+8550717873006
Metfone-071-7873007,Mobile,+8550717873007
Metfone-071-7873008,Mobile,+8550717873008
Metfone-071-7873009,Mobile,+8550717873009
Metfone-071-7873010,Mobile,+8550717873010
Metfone-071-7873011,Mobile,+8550717873011
Metfone-071-7873012,Mobile,+8550717873012
Metfone-071-7873013,Mobile,+8550717873013
Metfone-071-7873014,Mobile,+8550717873014
Metfone-071-7873015,Mobile,+8550717873015
Metfone-071-7873016,Mobile,+8550717873016
Metfone-071-7873017,Mobile,+8550717873017
Metfone-071-7873018,Mobile,+8550717873018
Metfone-071-7873019,Mobile,+8550717873019
Metfone-071-7873020,Mobile,+8550717873020
Metfone-071-7873021,Mobile,+8550717873021
Metfone-071-7873022,Mobile,+8550717873022
Metfone-071-7873023,Mobile,+8550717873023
Metfone-071-7873024,Mobile,+8550717873024
Metfone-071-7873025,Mobile,+8550717873025
Metfone-071-7873026,Mobile,+8550717873026
Metfone-071-7873027,Mobile,+8550717873027
Metfone-071-7873028,Mobile,+8550717873028
Metfone-071-7873029,Mobile,+8550717873029
Metfone-071-7873030,Mobile,+8550717873030
Metfone-071-7873031,Mobile,+8550717873031
Metfone-071-7873032,Mobile,+8550717873032
Metfone-071-7873033,Mobile,+8550717873033
Metfone-071-7873034,Mobile,+8550717873034
Metfone-071-7873035,Mobile,+8550717873035
Metfone-071-7873036,Mobile,+8550717873036
Metfone-071-7873037,Mobile,+8550717873037
Metfone-071-7873038,Mobile,+8550717873038
Metfone-071-7873039,Mobile,+8550717873039
Metfone-071-7873040,Mobile,+8550717873040
Metfone-071-7873041,Mobile,+8550717873041
Metfone-071-7873042,Mobile,+8550717873042
Metfone-071-7873043,Mobile,+8550717873043
Metfone-071-7873044,Mobile,+8550717873044
Metfone-071-7873045,Mobile,+8550717873045
Metfone-071-7873046,Mobile,+8550717873046
Metfone-071-7873047,Mobile,+8550717873047
Metfone-071-7873048,Mobile,+8550717873048
Metfone-071-7873049,Mobile,+8550717873049
Metfone-071-7873050,Mobile,+8550717873050
Metfone-071-7873051,Mobile,+8550717873051
Metfone-071-7873052,Mobile,+8550717873052
Metfone-071-7873053,Mobile,+8550717873053
Metfone-071-7873054,Mobile,+8550717873054
Metfone-071-7873055,Mobile,+8550717873055
Metfone-071-7873056,Mobile,+8550717873056
Metfone-071-7873057,Mobile,+8550717873057
Metfone-071-7873058,Mobile,+8550717873058
Metfone-071-7873059,Mobile,+8550717873059
Metfone-071-7873060,Mobile,+8550717873060
Metfone-071-7873061,Mobile,+8550717873061
Metfone-071-7873062,Mobile,+8550717873062
Metfone-071-7873063,Mobile,+8550717873063
Metfone-071-7873064,Mobile,+8550717873064
Metfone-071-7873065,Mobile,+8550717873065
Metfone-071-7873066,Mobile,+8550717873066
Metfone-071-7873067,Mobile,+8550717873067
Metfone-071-7873068,Mobile,+8550717873068
Metfone-071-7873069,Mobile,+8550717873069
Metfone-071-7873070,Mobile,+8550717873070
Metfone-071-7873071,Mobile,+8550717873071
Metfone-071-7873072,Mobile,+8550717873072
Metfone-071-7873073,Mobile,+8550717873073
Metfone-071-7873074,Mobile,+8550717873074
Metfone-071-7873075,Mobile,+8550717873075
Metfone-071-7873076,Mobile,+8550717873076
Metfone-071-7873077,Mobile,+8550717873077
Metfone-071-7873078,Mobile,+8550717873078
Metfone-071-7873079,Mobile,+8550717873079
Metfone-071-7873080,Mobile,+8550717873080
Metfone-071-7873081,Mobile,+8550717873081
Metfone-071-7873082,Mobile,+8550717873082
Metfone-071-7873083,Mobile,+8550717873083
Metfone-071-7873084,Mobile,+8550717873084
Metfone-071-7873085,Mobile,+8550717873085
Metfone-071-7873086,Mobile,+8550717873086
Metfone-071-7873087,Mobile,+8550717873087
Metfone-071-7873088,Mobile,+8550717873088
Metfone-071-7873089,Mobile,+8550717873089
Metfone-071-7873090,Mobile,+8550717873090
Metfone-071-7873091,Mobile,+8550717873091
Metfone-071-7873092,Mobile,+8550717873092
Metfone-071-7873093,Mobile,+8550717873093
Metfone-071-7873094,Mobile,+8550717873094
Metfone-071-7873095,Mobile,+8550717873095
Metfone-071-7873096,Mobile,+8550717873096
Metfone-071-7873097,Mobile,+8550717873097
Metfone-071-7873098,Mobile,+8550717873098
Metfone-071-7873099,Mobile,+8550717873099
Metfone-071-7873100,Mobile,+8550717873100
Metfone-071-7873101,Mobile,+8550717873101
Metfone-071-7873102,Mobile,+8550717873102
Metfone-071-7873103,Mobile,+8550717873103
Metfone-071-7873104,Mobile,+8550717873104
Metfone-071-7873105,Mobile,+8550717873105
Metfone-071-7873106,Mobile,+8550717873106
Metfone-071-7873107,Mobile,+8550717873107
Metfone-071-7873108,Mobile,+8550717873108
Metfone-071-7873109,Mobile,+8550717873109
Metfone-071-7873110,Mobile,+8550717873110
Metfone-071-7873111,Mobile,+8550717873111
Metfone-071-7873112,Mobile,+8550717873112
Metfone-071-7873113,Mobile,+8550717873113
Metfone-071-7873114,Mobile,+8550717873114
Metfone-071-7873115,Mobile,+8550717873115
Metfone-071-7873116,Mobile,+8550717873116
Metfone-071-7873117,Mobile,+8550717873117
Metfone-071-7873118,Mobile,+8550717873118
Metfone-071-7873119,Mobile,+8550717873119
Metfone-071-7873120,Mobile,+8550717873120
Metfone-071-7873121,Mobile,+8550717873121
Metfone-071-7873122,Mobile,+8550717873122
Metfone-071-7873123,Mobile,+8550717873123
Metfone-071-7873124,Mobile,+8550717873124
Metfone-071-7873125,Mobile,+8550717873125
Metfone-071-7873126,Mobile,+8550717873126
Metfone-071-7873127,Mobile,+8550717873127
Metfone-071-7873128,Mobile,+8550717873128
Metfone-071-7873129,Mobile,+8550717873129
Metfone-071-7873130,Mobile,+8550717873130
Metfone-071-7873131,Mobile,+8550717873131
Metfone-071-7873132,Mobile,+8550717873132
Metfone-071-7873133,Mobile,+8550717873133
Metfone-071-7873134,Mobile,+8550717873134
Metfone-071-7873135,Mobile,+8550717873135
Metfone-071-7873136,Mobile,+8550717873136
Metfone-071-7873137,Mobile,+8550717873137
Metfone-071-7873138,Mobile,+8550717873138
Metfone-071-7873139,Mobile,+8550717873139
Metfone-071-7873140,Mobile,+8550717873140
Metfone-071-7873141,Mobile,+8550717873141
Metfone-071-7873142,Mobile,+8550717873142
Metfone-071-7873143,Mobile,+8550717873143
Metfone-071-7873144,Mobile,+8550717873144
Metfone-071-7873145,Mobile,+8550717873145
Metfone-071-7873146,Mobile,+8550717873146
Metfone-071-7873147,Mobile,+8550717873147
Metfone-071-7873148,Mobile,+8550717873148
Metfone-071-7873149,Mobile,+8550717873149
Metfone-071-7873150,Mobile,+8550717873150
Metfone-071-7873151,Mobile,+8550717873151
Metfone-071-7873152,Mobile,+8550717873152
Metfone-071-7873153,Mobile,+8550717873153
Metfone-071-7873154,Mobile,+8550717873154
Metfone-071-7873155,Mobile,+8550717873155
Metfone-071-7873156,Mobile,+8550717873156
Metfone-071-7873157,Mobile,+8550717873157
Metfone-071-7873158,Mobile,+8550717873158
Metfone-071-7873159,Mobile,+8550717873159
Metfone-071-7873160,Mobile,+8550717873160
Metfone-071-7873161,Mobile,+8550717873161
Metfone-071-7873162,Mobile,+8550717873162
Metfone-071-7873163,Mobile,+8550717873163
Metfone-071-7873164,Mobile,+8550717873164
Metfone-071-7873165,Mobile,+8550717873165
Metfone-071-7873166,Mobile,+8550717873166
Metfone-071-7873167,Mobile,+8550717873167
Metfone-071-7873168,Mobile,+8550717873168
Metfone-071-7873169,Mobile,+8550717873169
Metfone-071-7873170,Mobile,+8550717873170
Metfone-071-7873171,Mobile,+8550717873171
Metfone-071-7873172,Mobile,+8550717873172
Metfone-071-7873173,Mobile,+8550717873173
Metfone-071-7873174,Mobile,+8550717873174
Metfone-071-7873175,Mobile,+8550717873175
Metfone-071-7873176,Mobile,+8550717873176
Metfone-071-7873177,Mobile,+8550717873177
Metfone-071-7873178,Mobile,+8550717873178
Metfone-071-7873179,Mobile,+8550717873179
Metfone-071-7873180,Mobile,+8550717873180
Metfone-071-7873181,Mobile,+8550717873181
Metfone-071-7873182,Mobile,+8550717873182
Metfone-071-7873183,Mobile,+8550717873183
Metfone-071-7873184,Mobile,+8550717873184
Metfone-071-7873185,Mobile,+8550717873185
Metfone-071-7873186,Mobile,+8550717873186
Metfone-071-7873187,Mobile,+8550717873187
Metfone-071-7873188,Mobile,+8550717873188
Metfone-071-7873189,Mobile,+8550717873189
Metfone-071-7873190,Mobile,+8550717873190
Metfone-071-7873191,Mobile,+8550717873191
Metfone-071-7873192,Mobile,+8550717873192
Metfone-071-7873193,Mobile,+8550717873193
Metfone-071-7873194,Mobile,+8550717873194
Metfone-071-7873195,Mobile,+8550717873195
Metfone-071-7873196,Mobile,+8550717873196
Metfone-071-7873197,Mobile,+8550717873197
Metfone-071-7873198,Mobile,+8550717873198
Metfone-071-7873199,Mobile,+8550717873199
Metfone-071-7873200,Mobile,+8550717873200
Metfone-071-7873201,Mobile,+8550717873201
Metfone-071-7873202,Mobile,+8550717873202
Metfone-071-7873203,Mobile,+8550717873203
Metfone-071-7873204,Mobile,+8550717873204
Metfone-071-7873205,Mobile,+8550717873205
Metfone-071-7873206,Mobile,+8550717873206
Metfone-071-7873207,Mobile,+8550717873207
Metfone-071-7873208,Mobile,+8550717873208
Metfone-071-7873209,Mobile,+8550717873209
Metfone-071-7873210,Mobile,+8550717873210
Metfone-071-7873211,Mobile,+8550717873211
Metfone-071-7873212,Mobile,+8550717873212
Metfone-071-7873213,Mobile,+8550717873213
Metfone-071-7873214,Mobile,+8550717873214
Metfone-071-7873215,Mobile,+8550717873215
Metfone-071-7873216,Mobile,+8550717873216
Metfone-071-7873217,Mobile,+8550717873217
Metfone-071-7873218,Mobile,+8550717873218
Metfone-071-7873219,Mobile,+8550717873219
Metfone-071-7873220,Mobile,+8550717873220
Metfone-071-7873221,Mobile,+8550717873221
Metfone-071-7873222,Mobile,+8550717873222
Metfone-071-7873223,Mobile,+8550717873223
Metfone-071-7873224,Mobile,+8550717873224
Metfone-071-7873225,Mobile,+8550717873225
Metfone-071-7873226,Mobile,+8550717873226
Metfone-071-7873227,Mobile,+8550717873227
Metfone-071-7873228,Mobile,+8550717873228
Metfone-071-7873229,Mobile,+8550717873229
Metfone-071-7873230,Mobile,+8550717873230
Metfone-071-7873231,Mobile,+8550717873231
Metfone-071-7873232,Mobile,+8550717873232
Metfone-071-7873233,Mobile,+8550717873233
Metfone-071-7873234,Mobile,+8550717873234
Metfone-071-7873235,Mobile,+8550717873235
Metfone-071-7873236,Mobile,+8550717873236
Metfone-071-7873237,Mobile,+8550717873237
Metfone-071-7873238,Mobile,+8550717873238
Metfone-071-7873239,Mobile,+8550717873239
Metfone-071-7873240,Mobile,+8550717873240
Metfone-071-7873241,Mobile,+8550717873241
Metfone-071-7873242,Mobile,+8550717873242
Metfone-071-7873243,Mobile,+8550717873243
Metfone-071-7873244,Mobile,+8550717873244
Metfone-071-7873245,Mobile,+8550717873245
Metfone-071-7873246,Mobile,+8550717873246
Metfone-071-7873247,Mobile,+8550717873247
Metfone-071-7873248,Mobile,+8550717873248
Metfone-071-7873249,Mobile,+8550717873249
Metfone-071-7873250,Mobile,+8550717873250
Metfone-071-7873251,Mobile,+8550717873251
Metfone-071-7873252,Mobile,+8550717873252
Metfone-071-7873253,Mobile,+8550717873253
Metfone-071-7873254,Mobile,+8550717873254
Metfone-071-7873255,Mobile,+8550717873255
Metfone-071-7873256,Mobile,+8550717873256
Metfone-071-7873257,Mobile,+8550717873257
Metfone-071-7873258,Mobile,+8550717873258
Metfone-071-7873259,Mobile,+8550717873259
Metfone-071-7873260,Mobile,+8550717873260
Metfone-071-7873261,Mobile,+8550717873261
Metfone-071-7873262,Mobile,+8550717873262
Metfone-071-7873263,Mobile,+8550717873263
Metfone-071-7873264,Mobile,+8550717873264
Metfone-071-7873265,Mobile,+8550717873265
Metfone-071-7873266,Mobile,+8550717873266
Metfone-071-7873267,Mobile,+8550717873267
Metfone-071-7873268,Mobile,+8550717873268
Metfone-071-7873269,Mobile,+8550717873269
Metfone-071-7873270,Mobile,+8550717873270
Metfone-071-7873271,Mobile,+8550717873271
Metfone-071-7873272,Mobile,+8550717873272
Metfone-071-7873273,Mobile,+8550717873273
Metfone-071-7873274,Mobile,+8550717873274
Metfone-071-7873275,Mobile,+8550717873275
Metfone-071-7873276,Mobile,+8550717873276
Metfone-071-7873277,Mobile,+8550717873277
Metfone-071-7873278,Mobile,+8550717873278
Metfone-071-7873279,Mobile,+8550717873279
Metfone-071-7873280,Mobile,+8550717873280
Metfone-071-7873281,Mobile,+8550717873281
Metfone-071-7873282,Mobile,+8550717873282
Metfone-071-7873283,Mobile,+8550717873283
Metfone-071-7873284,Mobile,+8550717873284
Metfone-071-7873285,Mobile,+8550717873285
Metfone-071-7873286,Mobile,+8550717873286
Metfone-071-7873287,Mobile,+8550717873287
Metfone-071-7873288,Mobile,+8550717873288
Metfone-071-7873289,Mobile,+8550717873289
Metfone-071-7873290,Mobile,+8550717873290
Metfone-071-7873291,Mobile,+8550717873291
Metfone-071-7873292,Mobile,+8550717873292
Metfone-071-7873293,Mobile,+8550717873293
Metfone-071-7873294,Mobile,+8550717873294
Metfone-071-7873295,Mobile,+8550717873295
Metfone-071-7873296,Mobile,+8550717873296
Metfone-071-7873297,Mobile,+8550717873297
Metfone-071-7873298,Mobile,+8550717873298
Metfone-071-7873299,Mobile,+8550717873299
Metfone-071-7873300,Mobile,+8550717873300
Metfone-071-7873301,Mobile,+8550717873301
Metfone-071-7873302,Mobile,+8550717873302
Metfone-071-7873303,Mobile,+8550717873303
Metfone-071-7873304,Mobile,+8550717873304
Metfone-071-7873305,Mobile,+8550717873305
Metfone-071-7873306,Mobile,+8550717873306
Metfone-071-7873307,Mobile,+8550717873307
Metfone-071-7873308,Mobile,+8550717873308
Metfone-071-7873309,Mobile,+8550717873309
Metfone-071-7873310,Mobile,+8550717873310
Metfone-071-7873311,Mobile,+8550717873311
Metfone-071-7873312,Mobile,+8550717873312
Metfone-071-7873313,Mobile,+8550717873313
Metfone-071-7873314,Mobile,+8550717873314
Metfone-071-7873315,Mobile,+8550717873315
Metfone-071-7873316,Mobile,+8550717873316
Metfone-071-7873317,Mobile,+8550717873317
Metfone-071-7873318,Mobile,+8550717873318
Metfone-071-7873319,Mobile,+8550717873319
Metfone-071-7873320,Mobile,+8550717873320
Metfone-071-7873321,Mobile,+8550717873321
Metfone-071-7873322,Mobile,+8550717873322
Metfone-071-7873323,Mobile,+8550717873323
Metfone-071-7873324,Mobile,+8550717873324
Metfone-071-7873325,Mobile,+8550717873325
Metfone-071-7873326,Mobile,+8550717873326
Metfone-071-7873327,Mobile,+8550717873327
Metfone-071-7873328,Mobile,+8550717873328
Metfone-071-7873329,Mobile,+8550717873329
Metfone-071-7873330,Mobile,+8550717873330
Metfone-071-7873331,Mobile,+8550717873331
Metfone-071-7873332,Mobile,+8550717873332
Metfone-071-7873333,Mobile,+8550717873333
Metfone-071-7873334,Mobile,+8550717873334
Metfone-071-7873335,Mobile,+8550717873335
Metfone-071-7873336,Mobile,+8550717873336
Metfone-071-7873337,Mobile,+8550717873337
Metfone-071-7873338,Mobile,+8550717873338
Metfone-071-7873339,Mobile,+8550717873339
Metfone-071-7873340,Mobile,+8550717873340
Metfone-071-7873341,Mobile,+8550717873341
Metfone-071-7873342,Mobile,+8550717873342
Metfone-071-7873343,Mobile,+8550717873343
Metfone-071-7873344,Mobile,+8550717873344
Metfone-071-7873345,Mobile,+8550717873345
Metfone-071-7873346,Mobile,+8550717873346
Metfone-071-7873347,Mobile,+8550717873347
Metfone-071-7873348,Mobile,+8550717873348
Metfone-071-7873349,Mobile,+8550717873349
Metfone-071-7873350,Mobile,+8550717873350
Metfone-071-7873351,Mobile,+8550717873351
Metfone-071-7873352,Mobile,+8550717873352
Metfone-071-7873353,Mobile,+8550717873353
Metfone-071-7873354,Mobile,+8550717873354
Metfone-071-7873355,Mobile,+8550717873355
Metfone-071-7873356,Mobile,+8550717873356
Metfone-071-7873357,Mobile,+8550717873357
Metfone-071-7873358,Mobile,+8550717873358
Metfone-071-7873359,Mobile,+8550717873359
Metfone-071-7873360,Mobile,+8550717873360
Metfone-071-7873361,Mobile,+8550717873361
Metfone-071-7873362,Mobile,+8550717873362
Metfone-071-7873363,Mobile,+8550717873363
Metfone-071-7873364,Mobile,+8550717873364
Metfone-071-7873365,Mobile,+8550717873365
Metfone-071-7873366,Mobile,+8550717873366
Metfone-071-7873367,Mobile,+8550717873367
Metfone-071-7873368,Mobile,+8550717873368
Metfone-071-7873369,Mobile,+8550717873369
Metfone-071-7873370,Mobile,+8550717873370
Metfone-071-7873371,Mobile,+8550717873371
Metfone-071-7873372,Mobile,+8550717873372
Metfone-071-7873373,Mobile,+8550717873373
Metfone-071-7873374,Mobile,+8550717873374
Metfone-071-7873375,Mobile,+8550717873375
Metfone-071-7873376,Mobile,+8550717873376
Metfone-071-7873377,Mobile,+8550717873377
Metfone-071-7873378,Mobile,+8550717873378
Metfone-071-7873379,Mobile,+8550717873379
Metfone-071-7873380,Mobile,+8550717873380
Metfone-071-7873381,Mobile,+8550717873381
Metfone-071-7873382,Mobile,+8550717873382
Metfone-071-7873383,Mobile,+8550717873383
Metfone-071-7873384,Mobile,+8550717873384
Metfone-071-7873385,Mobile,+8550717873385
Metfone-071-7873386,Mobile,+8550717873386
Metfone-071-7873387,Mobile,+8550717873387
Metfone-071-7873388,Mobile,+8550717873388
Metfone-071-7873389,Mobile,+8550717873389
Metfone-071-7873390,Mobile,+8550717873390
Metfone-071-7873391,Mobile,+8550717873391
Metfone-071-7873392,Mobile,+8550717873392
Metfone-071-7873393,Mobile,+8550717873393
Metfone-071-7873394,Mobile,+8550717873394
Metfone-071-7873395,Mobile,+8550717873395
Metfone-071-7873396,Mobile,+8550717873396
Metfone-071-7873397,Mobile,+8550717873397
Metfone-071-7873398,Mobile,+8550717873398
Metfone-071-7873399,Mobile,+8550717873399
Metfone-071-7873400,Mobile,+8550717873400
Metfone-071-7873401,Mobile,+8550717873401
Metfone-071-7873402,Mobile,+8550717873402
Metfone-071-7873403,Mobile,+8550717873403
Metfone-071-7873404,Mobile,+8550717873404
Metfone-071-7873405,Mobile,+8550717873405
Metfone-071-7873406,Mobile,+8550717873406
Metfone-071-7873407,Mobile,+8550717873407
Metfone-071-7873408,Mobile,+8550717873408
Metfone-071-7873409,Mobile,+8550717873409
Metfone-071-7873410,Mobile,+8550717873410
Metfone-071-7873411,Mobile,+8550717873411
Metfone-071-7873412,Mobile,+8550717873412
Metfone-071-7873413,Mobile,+8550717873413
Metfone-071-7873414,Mobile,+8550717873414
Metfone-071-7873415,Mobile,+8550717873415
Metfone-071-7873416,Mobile,+8550717873416
Metfone-071-7873417,Mobile,+8550717873417
Metfone-071-7873418,Mobile,+8550717873418
Metfone-071-7873419,Mobile,+8550717873419
Metfone-071-7873420,Mobile,+8550717873420
Metfone-071-7873421,Mobile,+8550717873421
Metfone-071-7873422,Mobile,+8550717873422
Metfone-071-7873423,Mobile,+8550717873423
Metfone-071-7873424,Mobile,+8550717873424
Metfone-071-7873425,Mobile,+8550717873425
Metfone-071-7873426,Mobile,+8550717873426
Metfone-071-7873427,Mobile,+8550717873427
Metfone-071-7873428,Mobile,+8550717873428
Metfone-071-7873429,Mobile,+8550717873429
Metfone-071-7873430,Mobile,+8550717873430
Metfone-071-7873431,Mobile,+8550717873431
Metfone-071-7873432,Mobile,+8550717873432
Metfone-071-7873433,Mobile,+8550717873433
Metfone-071-7873434,Mobile,+8550717873434
Metfone-071-7873435,Mobile,+8550717873435
Metfone-071-7873436,Mobile,+8550717873436
Metfone-071-7873437,Mobile,+8550717873437
Metfone-071-7873438,Mobile,+8550717873438
Metfone-071-7873439,Mobile,+8550717873439
Metfone-071-7873440,Mobile,+8550717873440
Metfone-071-7873441,Mobile,+8550717873441
Metfone-071-7873442,Mobile,+8550717873442
Metfone-071-7873443,Mobile,+8550717873443
Metfone-071-7873444,Mobile,+8550717873444
Metfone-071-7873445,Mobile,+8550717873445
Metfone-071-7873446,Mobile,+8550717873446
Metfone-071-7873447,Mobile,+8550717873447
Metfone-071-7873448,Mobile,+8550717873448
Metfone-071-7873449,Mobile,+8550717873449
Metfone-071-7873450,Mobile,+8550717873450
Metfone-071-7873451,Mobile,+8550717873451
Metfone-071-7873452,Mobile,+8550717873452
Metfone-071-7873453,Mobile,+8550717873453
Metfone-071-7873454,Mobile,+8550717873454
Metfone-071-7873455,Mobile,+8550717873455
Metfone-071-7873456,Mobile,+8550717873456
Metfone-071-7873457,Mobile,+8550717873457
Metfone-071-7873458,Mobile,+8550717873458
Metfone-071-7873459,Mobile,+8550717873459
Metfone-071-7873460,Mobile,+8550717873460
Metfone-071-7873461,Mobile,+8550717873461
Metfone-071-7873462,Mobile,+8550717873462
Metfone-071-7873463,Mobile,+8550717873463
Metfone-071-7873464,Mobile,+8550717873464
Metfone-071-7873465,Mobile,+8550717873465
Metfone-071-7873466,Mobile,+8550717873466
Metfone-071-7873467,Mobile,+8550717873467
Metfone-071-7873468,Mobile,+8550717873468
Metfone-071-7873469,Mobile,+8550717873469
Metfone-071-7873470,Mobile,+8550717873470
Metfone-071-7873471,Mobile,+8550717873471
Metfone-071-7873472,Mobile,+8550717873472
Metfone-071-7873473,Mobile,+8550717873473
Metfone-071-7873474,Mobile,+8550717873474
Metfone-071-7873475,Mobile,+8550717873475
Metfone-071-7873476,Mobile,+8550717873476
Metfone-071-7873477,Mobile,+8550717873477
Metfone-071-7873478,Mobile,+8550717873478
Metfone-071-7873479,Mobile,+8550717873479
Metfone-071-7873480,Mobile,+8550717873480
Metfone-071-7873481,Mobile,+8550717873481
Metfone-071-7873482,Mobile,+8550717873482
Metfone-071-7873483,Mobile,+8550717873483
Metfone-071-7873484,Mobile,+8550717873484
Metfone-071-7873485,Mobile,+8550717873485
Metfone-071-7873486,Mobile,+8550717873486
Metfone-071-7873487,Mobile,+8550717873487
Metfone-071-7873488,Mobile,+8550717873488
Metfone-071-7873489,Mobile,+8550717873489
Metfone-071-7873490,Mobile,+8550717873490
Metfone-071-7873491,Mobile,+8550717873491
Metfone-071-7873492,Mobile,+8550717873492
Metfone-071-7873493,Mobile,+8550717873493
Metfone-071-7873494,Mobile,+8550717873494
Metfone-071-7873495,Mobile,+8550717873495
Metfone-071-7873496,Mobile,+8550717873496
Metfone-071-7873497,Mobile,+8550717873497
Metfone-071-7873498,Mobile,+8550717873498
Metfone-071-7873499,Mobile,+8550717873499
Metfone-071-7873500,Mobile,+8550717873500
Metfone-071-7873501,Mobile,+8550717873501
Metfone-071-7873502,Mobile,+8550717873502
Metfone-071-7873503,Mobile,+8550717873503
Metfone-071-7873504,Mobile,+8550717873504
Metfone-071-7873505,Mobile,+8550717873505
Metfone-071-7873506,Mobile,+8550717873506
Metfone-071-7873507,Mobile,+8550717873507
Metfone-071-7873508,Mobile,+8550717873508
Metfone-071-7873509,Mobile,+8550717873509
Metfone-071-7873510,Mobile,+8550717873510
Metfone-071-7873511,Mobile,+8550717873511
Metfone-071-7873512,Mobile,+8550717873512
Metfone-071-7873513,Mobile,+8550717873513
Metfone-071-7873514,Mobile,+8550717873514
Metfone-071-7873515,Mobile,+8550717873515
Metfone-071-7873516,Mobile,+8550717873516
Metfone-071-7873517,Mobile,+8550717873517
Metfone-071-7873518,Mobile,+8550717873518
Metfone-071-7873519,Mobile,+8550717873519
Metfone-071-7873520,Mobile,+8550717873520
Metfone-071-7873521,Mobile,+8550717873521
Metfone-071-7873522,Mobile,+8550717873522
Metfone-071-7873523,Mobile,+8550717873523
Metfone-071-7873524,Mobile,+8550717873524
Metfone-071-7873525,Mobile,+8550717873525
Metfone-071-7873526,Mobile,+8550717873526
Metfone-071-7873527,Mobile,+8550717873527
Metfone-071-7873528,Mobile,+8550717873528
Metfone-071-7873529,Mobile,+8550717873529
Metfone-071-7873530,Mobile,+8550717873530
Metfone-071-7873531,Mobile,+8550717873531
Metfone-071-7873532,Mobile,+8550717873532
Metfone-071-7873533,Mobile,+8550717873533
Metfone-071-7873534,Mobile,+8550717873534
Metfone-071-7873535,Mobile,+8550717873535
Metfone-071-7873536,Mobile,+8550717873536
Metfone-071-7873537,Mobile,+8550717873537
Metfone-071-7873538,Mobile,+8550717873538
Metfone-071-7873539,Mobile,+8550717873539
Metfone-071-7873540,Mobile,+8550717873540
Metfone-071-7873541,Mobile,+8550717873541
Metfone-071-7873542,Mobile,+8550717873542
Metfone-071-7873543,Mobile,+8550717873543
Metfone-071-7873544,Mobile,+8550717873544
Metfone-071-7873545,Mobile,+8550717873545
Metfone-071-7873546,Mobile,+8550717873546
Metfone-071-7873547,Mobile,+8550717873547
Metfone-071-7873548,Mobile,+8550717873548
Metfone-071-7873549,Mobile,+8550717873549
Metfone-071-7873550,Mobile,+8550717873550
Metfone-071-7873551,Mobile,+8550717873551
Metfone-071-7873552,Mobile,+8550717873552
Metfone-071-7873553,Mobile,+8550717873553
Metfone-071-7873554,Mobile,+8550717873554
Metfone-071-7873555,Mobile,+8550717873555
Metfone-071-7873556,Mobile,+8550717873556
Metfone-071-7873557,Mobile,+8550717873557
Metfone-071-7873558,Mobile,+8550717873558
Metfone-071-7873559,Mobile,+8550717873559
Metfone-071-7873560,Mobile,+8550717873560
Metfone-071-7873561,Mobile,+8550717873561
Metfone-071-7873562,Mobile,+8550717873562
Metfone-071-7873563,Mobile,+8550717873563
Metfone-071-7873564,Mobile,+8550717873564
Metfone-071-7873565,Mobile,+8550717873565
Metfone-071-7873566,Mobile,+8550717873566
Metfone-071-7873567,Mobile,+8550717873567
Metfone-071-7873568,Mobile,+8550717873568
Metfone-071-7873569,Mobile,+8550717873569
Metfone-071-7873570,Mobile,+8550717873570
Metfone-071-7873571,Mobile,+8550717873571
Metfone-071-7873572,Mobile,+8550717873572
Metfone-071-7873573,Mobile,+8550717873573
Metfone-071-7873574,Mobile,+8550717873574
Metfone-071-7873575,Mobile,+8550717873575
Metfone-071-7873576,Mobile,+8550717873576
Metfone-071-7873577,Mobile,+8550717873577
Metfone-071-7873578,Mobile,+8550717873578
Metfone-071-7873579,Mobile,+8550717873579
Metfone-071-7873580,Mobile,+8550717873580
Metfone-071-7873581,Mobile,+8550717873581
Metfone-071-7873582,Mobile,+8550717873582
Metfone-071-7873583,Mobile,+8550717873583
Metfone-071-7873584,Mobile,+8550717873584
Metfone-071-7873585,Mobile,+8550717873585
Metfone-071-7873586,Mobile,+8550717873586
Metfone-071-7873587,Mobile,+8550717873587
Metfone-071-7873588,Mobile,+8550717873588
Metfone-071-7873589,Mobile,+8550717873589
Metfone-071-7873590,Mobile,+8550717873590
Metfone-071-7873591,Mobile,+8550717873591
Metfone-071-7873592,Mobile,+8550717873592
Metfone-071-7873593,Mobile,+8550717873593
Metfone-071-7873594,Mobile,+8550717873594
Metfone-071-7873595,Mobile,+8550717873595
Metfone-071-7873596,Mobile,+8550717873596
Metfone-071-7873597,Mobile,+8550717873597
Metfone-071-7873598,Mobile,+8550717873598
Metfone-071-7873599,Mobile,+8550717873599
Metfone-071-7873600,Mobile,+8550717873600
Metfone-071-7873601,Mobile,+8550717873601
Metfone-071-7873602,Mobile,+8550717873602
Metfone-071-7873603,Mobile,+8550717873603
Metfone-071-7873604,Mobile,+8550717873604
Metfone-071-7873605,Mobile,+8550717873605
Metfone-071-7873606,Mobile,+8550717873606
Metfone-071-7873607,Mobile,+8550717873607
Metfone-071-7873608,Mobile,+8550717873608
Metfone-071-7873609,Mobile,+8550717873609
Metfone-071-7873610,Mobile,+8550717873610
Metfone-071-7873611,Mobile,+8550717873611
Metfone-071-7873612,Mobile,+8550717873612
Metfone-071-7873613,Mobile,+8550717873613
Metfone-071-7873614,Mobile,+8550717873614
Metfone-071-7873615,Mobile,+8550717873615
Metfone-071-7873616,Mobile,+8550717873616
Metfone-071-7873617,Mobile,+8550717873617
Metfone-071-7873618,Mobile,+8550717873618
Metfone-071-7873619,Mobile,+8550717873619
Metfone-071-7873620,Mobile,+8550717873620
Metfone-071-7873621,Mobile,+8550717873621
Metfone-071-7873622,Mobile,+8550717873622
Metfone-071-7873623,Mobile,+8550717873623
Metfone-071-7873624,Mobile,+8550717873624
Metfone-071-7873625,Mobile,+8550717873625
Metfone-071-7873626,Mobile,+8550717873626
Metfone-071-7873627,Mobile,+8550717873627
Metfone-071-7873628,Mobile,+8550717873628
Metfone-071-7873629,Mobile,+8550717873629
Metfone-071-7873630,Mobile,+8550717873630
Metfone-071-7873631,Mobile,+8550717873631
Metfone-071-7873632,Mobile,+8550717873632
Metfone-071-7873633,Mobile,+8550717873633
Metfone-071-7873634,Mobile,+8550717873634
Metfone-071-7873635,Mobile,+8550717873635
Metfone-071-7873636,Mobile,+8550717873636
Metfone-071-7873637,Mobile,+8550717873637
Metfone-071-7873638,Mobile,+8550717873638
Metfone-071-7873639,Mobile,+8550717873639
Metfone-071-7873640,Mobile,+8550717873640
Metfone-071-7873641,Mobile,+8550717873641
Metfone-071-7873642,Mobile,+8550717873642
Metfone-071-7873643,Mobile,+8550717873643
Metfone-071-7873644,Mobile,+8550717873644
Metfone-071-7873645,Mobile,+8550717873645
Metfone-071-7873646,Mobile,+8550717873646
Metfone-071-7873647,Mobile,+8550717873647
Metfone-071-7873648,Mobile,+8550717873648
Metfone-071-7873649,Mobile,+8550717873649
Metfone-071-7873650,Mobile,+8550717873650
Metfone-071-7873651,Mobile,+8550717873651
Metfone-071-7873652,Mobile,+8550717873652
Metfone-071-7873653,Mobile,+8550717873653
Metfone-071-7873654,Mobile,+8550717873654
Metfone-071-7873655,Mobile,+8550717873655
Metfone-071-7873656,Mobile,+8550717873656
Metfone-071-7873657,Mobile,+8550717873657
Metfone-071-7873658,Mobile,+8550717873658
Metfone-071-7873659,Mobile,+8550717873659
Metfone-071-7873660,Mobile,+8550717873660
Metfone-071-7873661,Mobile,+8550717873661
Metfone-071-7873662,Mobile,+8550717873662
Metfone-071-7873663,Mobile,+8550717873663
Metfone-071-7873664,Mobile,+8550717873664
Metfone-071-7873665,Mobile,+8550717873665
Metfone-071-7873666,Mobile,+8550717873666
Metfone-071-7873667,Mobile,+8550717873667
Metfone-071-7873668,Mobile,+8550717873668
Metfone-071-7873669,Mobile,+8550717873669
Metfone-071-7873670,Mobile,+8550717873670
Metfone-071-7873671,Mobile,+8550717873671
Metfone-071-7873672,Mobile,+8550717873672
Metfone-071-7873673,Mobile,+8550717873673
Metfone-071-7873674,Mobile,+8550717873674
Metfone-071-7873675,Mobile,+8550717873675
Metfone-071-7873676,Mobile,+8550717873676
Metfone-071-7873677,Mobile,+8550717873677
Metfone-071-7873678,Mobile,+8550717873678
Metfone-071-7873679,Mobile,+8550717873679
Metfone-071-7873680,Mobile,+8550717873680
Metfone-071-7873681,Mobile,+8550717873681
Metfone-071-7873682,Mobile,+8550717873682
Metfone-071-7873683,Mobile,+8550717873683
Metfone-071-7873684,Mobile,+8550717873684
Metfone-071-7873685,Mobile,+8550717873685
Metfone-071-7873686,Mobile,+8550717873686
Metfone-071-7873687,Mobile,+8550717873687
Metfone-071-7873688,Mobile,+8550717873688
Metfone-071-7873689,Mobile,+8550717873689
Metfone-071-7873690,Mobile,+8550717873690
Metfone-071-7873691,Mobile,+8550717873691
Metfone-071-7873692,Mobile,+8550717873692
Metfone-071-7873693,Mobile,+8550717873693
Metfone-071-7873694,Mobile,+8550717873694
Metfone-071-7873695,Mobile,+8550717873695
Metfone-071-7873696,Mobile,+8550717873696
Metfone-071-7873697,Mobile,+8550717873697
Metfone-071-7873698,Mobile,+8550717873698
Metfone-071-7873699,Mobile,+8550717873699
Metfone-071-7873700,Mobile,+8550717873700
Metfone-071-7873701,Mobile,+8550717873701
Metfone-071-7873702,Mobile,+8550717873702
Metfone-071-7873703,Mobile,+8550717873703
Metfone-071-7873704,Mobile,+8550717873704
Metfone-071-7873705,Mobile,+8550717873705
Metfone-071-7873706,Mobile,+8550717873706
Metfone-071-7873707,Mobile,+8550717873707
Metfone-071-7873708,Mobile,+8550717873708
Metfone-071-7873709,Mobile,+8550717873709
Metfone-071-7873710,Mobile,+8550717873710
Metfone-071-7873711,Mobile,+8550717873711
Metfone-071-7873712,Mobile,+8550717873712
Metfone-071-7873713,Mobile,+8550717873713
Metfone-071-7873714,Mobile,+8550717873714
Metfone-071-7873715,Mobile,+8550717873715
Metfone-071-7873716,Mobile,+8550717873716
Metfone-071-7873717,Mobile,+8550717873717
Metfone-071-7873718,Mobile,+8550717873718
Metfone-071-7873719,Mobile,+8550717873719
Metfone-071-7873720,Mobile,+8550717873720
Metfone-071-7873721,Mobile,+8550717873721
Metfone-071-7873722,Mobile,+8550717873722
Metfone-071-7873723,Mobile,+8550717873723
Metfone-071-7873724,Mobile,+8550717873724
Metfone-071-7873725,Mobile,+8550717873725
Metfone-071-7873726,Mobile,+8550717873726
Metfone-071-7873727,Mobile,+8550717873727
Metfone-071-7873728,Mobile,+8550717873728
Metfone-071-7873729,Mobile,+8550717873729
Metfone-071-7873730,Mobile,+8550717873730
Metfone-071-7873731,Mobile,+8550717873731
Metfone-071-7873732,Mobile,+8550717873732
Metfone-071-7873733,Mobile,+8550717873733
Metfone-071-7873734,Mobile,+8550717873734
Metfone-071-7873735,Mobile,+8550717873735
Metfone-071-7873736,Mobile,+8550717873736
Metfone-071-7873737,Mobile,+8550717873737
Metfone-071-7873738,Mobile,+8550717873738
Metfone-071-7873739,Mobile,+8550717873739
Metfone-071-7873740,Mobile,+8550717873740
Metfone-071-7873741,Mobile,+8550717873741
Metfone-071-7873742,Mobile,+8550717873742
Metfone-071-7873743,Mobile,+8550717873743
Metfone-071-7873744,Mobile,+8550717873744
Metfone-071-7873745,Mobile,+8550717873745
Metfone-071-7873746,Mobile,+8550717873746
Metfone-071-7873747,Mobile,+8550717873747
Metfone-071-7873748,Mobile,+8550717873748
Metfone-071-7873749,Mobile,+8550717873749
Metfone-071-7873750,Mobile,+8550717873750
Metfone-071-7873751,Mobile,+8550717873751
Metfone-071-7873752,Mobile,+8550717873752
Metfone-071-7873753,Mobile,+8550717873753
Metfone-071-7873754,Mobile,+8550717873754
Metfone-071-7873755,Mobile,+8550717873755
Metfone-071-7873756,Mobile,+8550717873756
Metfone-071-7873757,Mobile,+8550717873757
Metfone-071-7873758,Mobile,+8550717873758
Metfone-071-7873759,Mobile,+8550717873759
Metfone-071-7873760,Mobile,+8550717873760
Metfone-071-7873761,Mobile,+8550717873761
Metfone-071-7873762,Mobile,+8550717873762
Metfone-071-7873763,Mobile,+8550717873763
Metfone-071-7873764,Mobile,+8550717873764
Metfone-071-7873765,Mobile,+8550717873765
Metfone-071-7873766,Mobile,+8550717873766
Metfone-071-7873767,Mobile,+8550717873767
Metfone-071-7873768,Mobile,+8550717873768
Metfone-071-7873769,Mobile,+8550717873769
Metfone-071-7873770,Mobile,+8550717873770
Metfone-071-7873771,Mobile,+8550717873771
Metfone-071-7873772,Mobile,+8550717873772
Metfone-071-7873773,Mobile,+8550717873773
Metfone-071-7873774,Mobile,+8550717873774
Metfone-071-7873775,Mobile,+8550717873775
Metfone-071-7873776,Mobile,+8550717873776
Metfone-071-7873777,Mobile,+8550717873777
Metfone-071-7873778,Mobile,+8550717873778
Metfone-071-7873779,Mobile,+8550717873779
Metfone-071-7873780,Mobile,+8550717873780
Metfone-071-7873781,Mobile,+8550717873781
Metfone-071-7873782,Mobile,+8550717873782
Metfone-071-7873783,Mobile,+8550717873783
Metfone-071-7873784,Mobile,+8550717873784
Metfone-071-7873785,Mobile,+8550717873785
Metfone-071-7873786,Mobile,+8550717873786
Metfone-071-7873787,Mobile,+8550717873787
Metfone-071-7873788,Mobile,+8550717873788
Metfone-071-7873789,Mobile,+8550717873789
Metfone-071-7873790,Mobile,+8550717873790
Metfone-071-7873791,Mobile,+8550717873791
Metfone-071-7873792,Mobile,+8550717873792
Metfone-071-7873793,Mobile,+8550717873793
Metfone-071-7873794,Mobile,+8550717873794
Metfone-071-7873795,Mobile,+8550717873795
Metfone-071-7873796,Mobile,+8550717873796
Metfone-071-7873797,Mobile,+8550717873797
Metfone-071-7873798,Mobile,+8550717873798
Metfone-071-7873799,Mobile,+8550717873799
Metfone-071-7873800,Mobile,+8550717873800
Metfone-071-7873801,Mobile,+8550717873801
Metfone-071-7873802,Mobile,+8550717873802
Metfone-071-7873803,Mobile,+8550717873803
Metfone-071-7873804,Mobile,+8550717873804
Metfone-071-7873805,Mobile,+8550717873805
Metfone-071-7873806,Mobile,+8550717873806
Metfone-071-7873807,Mobile,+8550717873807
Metfone-071-7873808,Mobile,+8550717873808
Metfone-071-7873809,Mobile,+8550717873809
Metfone-071-7873810,Mobile,+8550717873810
Metfone-071-7873811,Mobile,+8550717873811
Metfone-071-7873812,Mobile,+8550717873812
Metfone-071-7873813,Mobile,+8550717873813
Metfone-071-7873814,Mobile,+8550717873814
Metfone-071-7873815,Mobile,+8550717873815
Metfone-071-7873816,Mobile,+8550717873816
Metfone-071-7873817,Mobile,+8550717873817
Metfone-071-7873818,Mobile,+8550717873818
Metfone-071-7873819,Mobile,+8550717873819
Metfone-071-7873820,Mobile,+8550717873820
Metfone-071-7873821,Mobile,+8550717873821
Metfone-071-7873822,Mobile,+8550717873822
Metfone-071-7873823,Mobile,+8550717873823
Metfone-071-7873824,Mobile,+8550717873824
Metfone-071-7873825,Mobile,+8550717873825
Metfone-071-7873826,Mobile,+8550717873826
Metfone-071-7873827,Mobile,+8550717873827
Metfone-071-7873828,Mobile,+8550717873828
Metfone-071-7873829,Mobile,+8550717873829
Metfone-071-7873830,Mobile,+8550717873830
Metfone-071-7873831,Mobile,+8550717873831
Metfone-071-7873832,Mobile,+8550717873832
Metfone-071-7873833,Mobile,+8550717873833
Metfone-071-7873834,Mobile,+8550717873834
Metfone-071-7873835,Mobile,+8550717873835
Metfone-071-7873836,Mobile,+8550717873836
Metfone-071-7873837,Mobile,+8550717873837
Metfone-071-7873838,Mobile,+8550717873838
Metfone-071-7873839,Mobile,+8550717873839
Metfone-071-7873840,Mobile,+8550717873840
Metfone-071-7873841,Mobile,+8550717873841
Metfone-071-7873842,Mobile,+8550717873842
Metfone-071-7873843,Mobile,+8550717873843
Metfone-071-7873844,Mobile,+8550717873844
Metfone-071-7873845,Mobile,+8550717873845
Metfone-071-7873846,Mobile,+8550717873846
Metfone-071-7873847,Mobile,+8550717873847
Metfone-071-7873848,Mobile,+8550717873848
Metfone-071-7873849,Mobile,+8550717873849
Metfone-071-7873850,Mobile,+8550717873850
Metfone-071-7873851,Mobile,+8550717873851
Metfone-071-7873852,Mobile,+8550717873852
Metfone-071-7873853,Mobile,+8550717873853
Metfone-071-7873854,Mobile,+8550717873854
Metfone-071-7873855,Mobile,+8550717873855
Metfone-071-7873856,Mobile,+8550717873856
Metfone-071-7873857,Mobile,+8550717873857
Metfone-071-7873858,Mobile,+8550717873858
Metfone-071-7873859,Mobile,+8550717873859
Metfone-071-7873860,Mobile,+8550717873860
Metfone-071-7873861,Mobile,+8550717873861
Metfone-071-7873862,Mobile,+8550717873862
Metfone-071-7873863,Mobile,+8550717873863
Metfone-071-7873864,Mobile,+8550717873864
Metfone-071-7873865,Mobile,+8550717873865
Metfone-071-7873866,Mobile,+8550717873866
Metfone-071-7873867,Mobile,+8550717873867
Metfone-071-7873868,Mobile,+8550717873868
Metfone-071-7873869,Mobile,+8550717873869
Metfone-071-7873870,Mobile,+8550717873870
Metfone-071-7873871,Mobile,+8550717873871
Metfone-071-7873872,Mobile,+8550717873872
Metfone-071-7873873,Mobile,+8550717873873
Metfone-071-7873874,Mobile,+8550717873874
Metfone-071-7873875,Mobile,+8550717873875
Metfone-071-7873876,Mobile,+8550717873876
Metfone-071-7873877,Mobile,+8550717873877
Metfone-071-7873878,Mobile,+8550717873878
Metfone-071-7873879,Mobile,+8550717873879
Metfone-071-7873880,Mobile,+8550717873880
Metfone-071-7873881,Mobile,+8550717873881
Metfone-071-7873882,Mobile,+8550717873882
Metfone-071-7873883,Mobile,+8550717873883
Metfone-071-7873884,Mobile,+8550717873884
Metfone-071-7873885,Mobile,+8550717873885
Metfone-071-7873886,Mobile,+8550717873886
Metfone-071-7873887,Mobile,+8550717873887
Metfone-071-7873888,Mobile,+8550717873888
Metfone-071-7873889,Mobile,+8550717873889
Metfone-071-7873890,Mobile,+8550717873890
Metfone-071-7873891,Mobile,+8550717873891
Metfone-071-7873892,Mobile,+8550717873892
Metfone-071-7873893,Mobile,+8550717873893
Metfone-071-7873894,Mobile,+8550717873894
Metfone-071-7873895,Mobile,+8550717873895
Metfone-071-7873896,Mobile,+8550717873896
Metfone-071-7873897,Mobile,+8550717873897
Metfone-071-7873898,Mobile,+8550717873898
Metfone-071-7873899,Mobile,+8550717873899
Metfone-071-7873900,Mobile,+8550717873900
Metfone-071-7873901,Mobile,+8550717873901
Metfone-071-7873902,Mobile,+8550717873902
Metfone-071-7873903,Mobile,+8550717873903
Metfone-071-7873904,Mobile,+8550717873904
Metfone-071-7873905,Mobile,+8550717873905
Metfone-071-7873906,Mobile,+8550717873906
Metfone-071-7873907,Mobile,+8550717873907
Metfone-071-7873908,Mobile,+8550717873908
Metfone-071-7873909,Mobile,+8550717873909
Metfone-071-7873910,Mobile,+8550717873910
Metfone-071-7873911,Mobile,+8550717873911
Metfone-071-7873912,Mobile,+8550717873912
Metfone-071-7873913,Mobile,+8550717873913
Metfone-071-7873914,Mobile,+8550717873914
Metfone-071-7873915,Mobile,+8550717873915
Metfone-071-7873916,Mobile,+8550717873916
Metfone-071-7873917,Mobile,+8550717873917
Metfone-071-7873918,Mobile,+8550717873918
Metfone-071-7873919,Mobile,+8550717873919
Metfone-071-7873920,Mobile,+8550717873920
Metfone-071-7873921,Mobile,+8550717873921
Metfone-071-7873922,Mobile,+8550717873922
Metfone-071-7873923,Mobile,+8550717873923
Metfone-071-7873924,Mobile,+8550717873924
Metfone-071-7873925,Mobile,+8550717873925
Metfone-071-7873926,Mobile,+8550717873926
Metfone-071-7873927,Mobile,+8550717873927
Metfone-071-7873928,Mobile,+8550717873928
Metfone-071-7873929,Mobile,+8550717873929
Metfone-071-7873930,Mobile,+8550717873930
Metfone-071-7873931,Mobile,+8550717873931
Metfone-071-7873932,Mobile,+8550717873932
Metfone-071-7873933,Mobile,+8550717873933
Metfone-071-7873934,Mobile,+8550717873934
Metfone-071-7873935,Mobile,+8550717873935
Metfone-071-7873936,Mobile,+8550717873936
Metfone-071-7873937,Mobile,+8550717873937
Metfone-071-7873938,Mobile,+8550717873938
Metfone-071-7873939,Mobile,+8550717873939
Metfone-071-7873940,Mobile,+8550717873940
Metfone-071-7873941,Mobile,+8550717873941
Metfone-071-7873942,Mobile,+8550717873942
Metfone-071-7873943,Mobile,+8550717873943
Metfone-071-7873944,Mobile,+8550717873944
Metfone-071-7873945,Mobile,+8550717873945
Metfone-071-7873946,Mobile,+8550717873946
Metfone-071-7873947,Mobile,+8550717873947
Metfone-071-7873948,Mobile,+8550717873948
Metfone-071-7873949,Mobile,+8550717873949
Metfone-071-7873950,Mobile,+8550717873950
Metfone-071-7873951,Mobile,+8550717873951
Metfone-071-7873952,Mobile,+8550717873952
Metfone-071-7873953,Mobile,+8550717873953
Metfone-071-7873954,Mobile,+8550717873954
Metfone-071-7873955,Mobile,+8550717873955
Metfone-071-7873956,Mobile,+8550717873956
Metfone-071-7873957,Mobile,+8550717873957
Metfone-071-7873958,Mobile,+8550717873958
Metfone-071-7873959,Mobile,+8550717873959
Metfone-071-7873960,Mobile,+8550717873960
Metfone-071-7873961,Mobile,+8550717873961
Metfone-071-7873962,Mobile,+8550717873962
Metfone-071-7873963,Mobile,+8550717873963
Metfone-071-7873964,Mobile,+8550717873964
Metfone-071-7873965,Mobile,+8550717873965
Metfone-071-7873966,Mobile,+8550717873966
Metfone-071-7873967,Mobile,+8550717873967
Metfone-071-7873968,Mobile,+8550717873968
Metfone-071-7873969,Mobile,+8550717873969
Metfone-071-7873970,Mobile,+8550717873970
Metfone-071-7873971,Mobile,+8550717873971
Metfone-071-7873972,Mobile,+8550717873972
Metfone-071-7873973,Mobile,+8550717873973
Metfone-071-7873974,Mobile,+8550717873974
Metfone-071-7873975,Mobile,+8550717873975
Metfone-071-7873976,Mobile,+8550717873976
Metfone-071-7873977,Mobile,+8550717873977
Metfone-071-7873978,Mobile,+8550717873978
Metfone-071-7873979,Mobile,+8550717873979
Metfone-071-7873980,Mobile,+8550717873980
Metfone-071-7873981,Mobile,+8550717873981
Metfone-071-7873982,Mobile,+8550717873982
Metfone-071-7873983,Mobile,+8550717873983
Metfone-071-7873984,Mobile,+8550717873984
Metfone-071-7873985,Mobile,+8550717873985
Metfone-071-7873986,Mobile,+8550717873986
Metfone-071-7873987,Mobile,+8550717873987
Metfone-071-7873988,Mobile,+8550717873988
Metfone-071-7873989,Mobile,+8550717873989
Metfone-071-7873990,Mobile,+8550717873990
Metfone-071-7873991,Mobile,+8550717873991
Metfone-071-7873992,Mobile,+8550717873992
Metfone-071-7873993,Mobile,+8550717873993
Metfone-071-7873994,Mobile,+8550717873994
Metfone-071-7873995,Mobile,+8550717873995
Metfone-071-7873996,Mobile,+8550717873996
Metfone-071-7873997,Mobile,+8550717873997
Metfone-071-7873998,Mobile,+8550717873998
Metfone-071-7873999,Mobile,+8550717873999
Metfone-071-7874000,Mobile,+8550717874000
Metfone-071-7874001,Mobile,+8550717874001
Metfone-071-7874002,Mobile,+8550717874002
Metfone-071-7874003,Mobile,+8550717874003
Metfone-071-7874004,Mobile,+8550717874004
Metfone-071-7874005,Mobile,+8550717874005
Metfone-071-7874006,Mobile,+8550717874006
Metfone-071-7874007,Mobile,+8550717874007
Metfone-071-7874008,Mobile,+8550717874008
Metfone-071-7874009,Mobile,+8550717874009
Metfone-071-7874010,Mobile,+8550717874010
Metfone-071-7874011,Mobile,+8550717874011
Metfone-071-7874012,Mobile,+8550717874012
Metfone-071-7874013,Mobile,+8550717874013
Metfone-071-7874014,Mobile,+8550717874014
Metfone-071-7874015,Mobile,+8550717874015
Metfone-071-7874016,Mobile,+8550717874016
Metfone-071-7874017,Mobile,+8550717874017
Metfone-071-7874018,Mobile,+8550717874018
Metfone-071-7874019,Mobile,+8550717874019
Metfone-071-7874020,Mobile,+8550717874020
Metfone-071-7874021,Mobile,+8550717874021
Metfone-071-7874022,Mobile,+8550717874022
Metfone-071-7874023,Mobile,+8550717874023
Metfone-071-7874024,Mobile,+8550717874024
Metfone-071-7874025,Mobile,+8550717874025
Metfone-071-7874026,Mobile,+8550717874026
Metfone-071-7874027,Mobile,+8550717874027
Metfone-071-7874028,Mobile,+8550717874028
Metfone-071-7874029,Mobile,+8550717874029
Metfone-071-7874030,Mobile,+8550717874030
Metfone-071-7874031,Mobile,+8550717874031
Metfone-071-7874032,Mobile,+8550717874032
Metfone-071-7874033,Mobile,+8550717874033
Metfone-071-7874034,Mobile,+8550717874034
Metfone-071-7874035,Mobile,+8550717874035
Metfone-071-7874036,Mobile,+8550717874036
Metfone-071-7874037,Mobile,+8550717874037
Metfone-071-7874038,Mobile,+8550717874038
Metfone-071-7874039,Mobile,+8550717874039
Metfone-071-7874040,Mobile,+8550717874040
Metfone-071-7874041,Mobile,+8550717874041
Metfone-071-7874042,Mobile,+8550717874042
Metfone-071-7874043,Mobile,+8550717874043
Metfone-071-7874044,Mobile,+8550717874044
Metfone-071-7874045,Mobile,+8550717874045
Metfone-071-7874046,Mobile,+8550717874046
Metfone-071-7874047,Mobile,+8550717874047
Metfone-071-7874048,Mobile,+8550717874048
Metfone-071-7874049,Mobile,+8550717874049
Metfone-071-7874050,Mobile,+8550717874050
Metfone-071-7874051,Mobile,+8550717874051
Metfone-071-7874052,Mobile,+8550717874052
Metfone-071-7874053,Mobile,+8550717874053
Metfone-071-7874054,Mobile,+8550717874054
Metfone-071-7874055,Mobile,+8550717874055
Metfone-071-7874056,Mobile,+8550717874056
Metfone-071-7874057,Mobile,+8550717874057
Metfone-071-7874058,Mobile,+8550717874058
Metfone-071-7874059,Mobile,+8550717874059
Metfone-071-7874060,Mobile,+8550717874060
Metfone-071-7874061,Mobile,+8550717874061
Metfone-071-7874062,Mobile,+8550717874062
Metfone-071-7874063,Mobile,+8550717874063
Metfone-071-7874064,Mobile,+8550717874064
Metfone-071-7874065,Mobile,+8550717874065
Metfone-071-7874066,Mobile,+8550717874066
Metfone-071-7874067,Mobile,+8550717874067
Metfone-071-7874068,Mobile,+8550717874068
Metfone-071-7874069,Mobile,+8550717874069
Metfone-071-7874070,Mobile,+8550717874070
Metfone-071-7874071,Mobile,+8550717874071
Metfone-071-7874072,Mobile,+8550717874072
Metfone-071-7874073,Mobile,+8550717874073
Metfone-071-7874074,Mobile,+8550717874074
Metfone-071-7874075,Mobile,+8550717874075
Metfone-071-7874076,Mobile,+8550717874076
Metfone-071-7874077,Mobile,+8550717874077
Metfone-071-7874078,Mobile,+8550717874078
Metfone-071-7874079,Mobile,+8550717874079
Metfone-071-7874080,Mobile,+8550717874080
Metfone-071-7874081,Mobile,+8550717874081
Metfone-071-7874082,Mobile,+8550717874082
Metfone-071-7874083,Mobile,+8550717874083
Metfone-071-7874084,Mobile,+8550717874084
Metfone-071-7874085,Mobile,+8550717874085
Metfone-071-7874086,Mobile,+8550717874086
Metfone-071-7874087,Mobile,+8550717874087
Metfone-071-7874088,Mobile,+8550717874088
Metfone-071-7874089,Mobile,+8550717874089
Metfone-071-7874090,Mobile,+8550717874090
Metfone-071-7874091,Mobile,+8550717874091
Metfone-071-7874092,Mobile,+8550717874092
Metfone-071-7874093,Mobile,+8550717874093
Metfone-071-7874094,Mobile,+8550717874094
Metfone-071-7874095,Mobile,+8550717874095
Metfone-071-7874096,Mobile,+8550717874096
Metfone-071-7874097,Mobile,+8550717874097
Metfone-071-7874098,Mobile,+8550717874098
Metfone-071-7874099,Mobile,+8550717874099
Metfone-071-7874100,Mobile,+8550717874100
Metfone-071-7874101,Mobile,+8550717874101
Metfone-071-7874102,Mobile,+8550717874102
Metfone-071-7874103,Mobile,+8550717874103
Metfone-071-7874104,Mobile,+8550717874104
Metfone-071-7874105,Mobile,+8550717874105
Metfone-071-7874106,Mobile,+8550717874106
Metfone-071-7874107,Mobile,+8550717874107
Metfone-071-7874108,Mobile,+8550717874108
Metfone-071-7874109,Mobile,+8550717874109
Metfone-071-7874110,Mobile,+8550717874110
Metfone-071-7874111,Mobile,+8550717874111
Metfone-071-7874112,Mobile,+8550717874112
Metfone-071-7874113,Mobile,+8550717874113
Metfone-071-7874114,Mobile,+8550717874114
Metfone-071-7874115,Mobile,+8550717874115
Metfone-071-7874116,Mobile,+8550717874116
Metfone-071-7874117,Mobile,+8550717874117
Metfone-071-7874118,Mobile,+8550717874118
Metfone-071-7874119,Mobile,+8550717874119
Metfone-071-7874120,Mobile,+8550717874120
Metfone-071-7874121,Mobile,+8550717874121
Metfone-071-7874122,Mobile,+8550717874122
Metfone-071-7874123,Mobile,+8550717874123
Metfone-071-7874124,Mobile,+8550717874124
Metfone-071-7874125,Mobile,+8550717874125
Metfone-071-7874126,Mobile,+8550717874126
Metfone-071-7874127,Mobile,+8550717874127
Metfone-071-7874128,Mobile,+8550717874128
Metfone-071-7874129,Mobile,+8550717874129
Metfone-071-7874130,Mobile,+8550717874130
Metfone-071-7874131,Mobile,+8550717874131
Metfone-071-7874132,Mobile,+8550717874132
Metfone-071-7874133,Mobile,+8550717874133
Metfone-071-7874134,Mobile,+8550717874134
Metfone-071-7874135,Mobile,+8550717874135
Metfone-071-7874136,Mobile,+8550717874136
Metfone-071-7874137,Mobile,+8550717874137
Metfone-071-7874138,Mobile,+8550717874138
Metfone-071-7874139,Mobile,+8550717874139
Metfone-071-7874140,Mobile,+8550717874140
Metfone-071-7874141,Mobile,+8550717874141
Metfone-071-7874142,Mobile,+8550717874142
Metfone-071-7874143,Mobile,+8550717874143
Metfone-071-7874144,Mobile,+8550717874144
Metfone-071-7874145,Mobile,+8550717874145
Metfone-071-7874146,Mobile,+8550717874146
Metfone-071-7874147,Mobile,+8550717874147
Metfone-071-7874148,Mobile,+8550717874148
Metfone-071-7874149,Mobile,+8550717874149
Metfone-071-7874150,Mobile,+8550717874150
Metfone-071-7874151,Mobile,+8550717874151
Metfone-071-7874152,Mobile,+8550717874152
Metfone-071-7874153,Mobile,+8550717874153
Metfone-071-7874154,Mobile,+8550717874154
Metfone-071-7874155,Mobile,+8550717874155
Metfone-071-7874156,Mobile,+8550717874156
Metfone-071-7874157,Mobile,+8550717874157
Metfone-071-7874158,Mobile,+8550717874158
Metfone-071-7874159,Mobile,+8550717874159
Metfone-071-7874160,Mobile,+8550717874160
Metfone-071-7874161,Mobile,+8550717874161
Metfone-071-7874162,Mobile,+8550717874162
Metfone-071-7874163,Mobile,+8550717874163
Metfone-071-7874164,Mobile,+8550717874164
Metfone-071-7874165,Mobile,+8550717874165
Metfone-071-7874166,Mobile,+8550717874166
Metfone-071-7874167,Mobile,+8550717874167
Metfone-071-7874168,Mobile,+8550717874168
Metfone-071-7874169,Mobile,+8550717874169
Metfone-071-7874170,Mobile,+8550717874170
Metfone-071-7874171,Mobile,+8550717874171
Metfone-071-7874172,Mobile,+8550717874172
Metfone-071-7874173,Mobile,+8550717874173
Metfone-071-7874174,Mobile,+8550717874174
Metfone-071-7874175,Mobile,+8550717874175
Metfone-071-7874176,Mobile,+8550717874176
Metfone-071-7874177,Mobile,+8550717874177
Metfone-071-7874178,Mobile,+8550717874178
Metfone-071-7874179,Mobile,+8550717874179
Metfone-071-7874180,Mobile,+8550717874180
Metfone-071-7874181,Mobile,+8550717874181
Metfone-071-7874182,Mobile,+8550717874182
Metfone-071-7874183,Mobile,+8550717874183
Metfone-071-7874184,Mobile,+8550717874184
Metfone-071-7874185,Mobile,+8550717874185
Metfone-071-7874186,Mobile,+8550717874186
Metfone-071-7874187,Mobile,+8550717874187
Metfone-071-7874188,Mobile,+8550717874188
Metfone-071-7874189,Mobile,+8550717874189
Metfone-071-7874190,Mobile,+8550717874190
Metfone-071-7874191,Mobile,+8550717874191
Metfone-071-7874192,Mobile,+8550717874192
Metfone-071-7874193,Mobile,+8550717874193
Metfone-071-7874194,Mobile,+8550717874194
Metfone-071-7874195,Mobile,+8550717874195
Metfone-071-7874196,Mobile,+8550717874196
Metfone-071-7874197,Mobile,+8550717874197
Metfone-071-7874198,Mobile,+8550717874198
Metfone-071-7874199,Mobile,+8550717874199
Metfone-071-7874200,Mobile,+8550717874200
Metfone-071-7874201,Mobile,+8550717874201
Metfone-071-7874202,Mobile,+8550717874202
Metfone-071-7874203,Mobile,+8550717874203
Metfone-071-7874204,Mobile,+8550717874204
Metfone-071-7874205,Mobile,+8550717874205
Metfone-071-7874206,Mobile,+8550717874206
Metfone-071-7874207,Mobile,+8550717874207
Metfone-071-7874208,Mobile,+8550717874208
Metfone-071-7874209,Mobile,+8550717874209
Metfone-071-7874210,Mobile,+8550717874210
Metfone-071-7874211,Mobile,+8550717874211
Metfone-071-7874212,Mobile,+8550717874212
Metfone-071-7874213,Mobile,+8550717874213
Metfone-071-7874214,Mobile,+8550717874214
Metfone-071-7874215,Mobile,+8550717874215
Metfone-071-7874216,Mobile,+8550717874216
Metfone-071-7874217,Mobile,+8550717874217
Metfone-071-7874218,Mobile,+8550717874218
Metfone-071-7874219,Mobile,+8550717874219
Metfone-071-7874220,Mobile,+8550717874220
Metfone-071-7874221,Mobile,+8550717874221
Metfone-071-7874222,Mobile,+8550717874222
Metfone-071-7874223,Mobile,+8550717874223
Metfone-071-7874224,Mobile,+8550717874224
Metfone-071-7874225,Mobile,+8550717874225
Metfone-071-7874226,Mobile,+8550717874226
Metfone-071-7874227,Mobile,+8550717874227
Metfone-071-7874228,Mobile,+8550717874228
Metfone-071-7874229,Mobile,+8550717874229
Metfone-071-7874230,Mobile,+8550717874230
Metfone-071-7874231,Mobile,+8550717874231
Metfone-071-7874232,Mobile,+8550717874232
Metfone-071-7874233,Mobile,+8550717874233
Metfone-071-7874234,Mobile,+8550717874234
Metfone-071-7874235,Mobile,+8550717874235
Metfone-071-7874236,Mobile,+8550717874236
Metfone-071-7874237,Mobile,+8550717874237
Metfone-071-7874238,Mobile,+8550717874238
Metfone-071-7874239,Mobile,+8550717874239
Metfone-071-7874240,Mobile,+8550717874240
Metfone-071-7874241,Mobile,+8550717874241
Metfone-071-7874242,Mobile,+8550717874242
Metfone-071-7874243,Mobile,+8550717874243
Metfone-071-7874244,Mobile,+8550717874244
Metfone-071-7874245,Mobile,+8550717874245
Metfone-071-7874246,Mobile,+8550717874246
Metfone-071-7874247,Mobile,+8550717874247
Metfone-071-7874248,Mobile,+8550717874248
Metfone-071-7874249,Mobile,+8550717874249
Metfone-071-7874250,Mobile,+8550717874250
Metfone-071-7874251,Mobile,+8550717874251
Metfone-071-7874252,Mobile,+8550717874252
Metfone-071-7874253,Mobile,+8550717874253
Metfone-071-7874254,Mobile,+8550717874254
Metfone-071-7874255,Mobile,+8550717874255
Metfone-071-7874256,Mobile,+8550717874256
Metfone-071-7874257,Mobile,+8550717874257
Metfone-071-7874258,Mobile,+8550717874258
Metfone-071-7874259,Mobile,+8550717874259
Metfone-071-7874260,Mobile,+8550717874260
Metfone-071-7874261,Mobile,+8550717874261
Metfone-071-7874262,Mobile,+8550717874262
Metfone-071-7874263,Mobile,+8550717874263
Metfone-071-7874264,Mobile,+8550717874264
Metfone-071-7874265,Mobile,+8550717874265
Metfone-071-7874266,Mobile,+8550717874266
Metfone-071-7874267,Mobile,+8550717874267
Metfone-071-7874268,Mobile,+8550717874268
Metfone-071-7874269,Mobile,+8550717874269
Metfone-071-7874270,Mobile,+8550717874270
Metfone-071-7874271,Mobile,+8550717874271
Metfone-071-7874272,Mobile,+8550717874272
Metfone-071-7874273,Mobile,+8550717874273
Metfone-071-7874274,Mobile,+8550717874274
Metfone-071-7874275,Mobile,+8550717874275
Metfone-071-7874276,Mobile,+8550717874276
Metfone-071-7874277,Mobile,+8550717874277
Metfone-071-7874278,Mobile,+8550717874278
Metfone-071-7874279,Mobile,+8550717874279
Metfone-071-7874280,Mobile,+8550717874280
Metfone-071-7874281,Mobile,+8550717874281
Metfone-071-7874282,Mobile,+8550717874282
Metfone-071-7874283,Mobile,+8550717874283
Metfone-071-7874284,Mobile,+8550717874284
Metfone-071-7874285,Mobile,+8550717874285
Metfone-071-7874286,Mobile,+8550717874286
Metfone-071-7874287,Mobile,+8550717874287
Metfone-071-7874288,Mobile,+8550717874288
Metfone-071-7874289,Mobile,+8550717874289
Metfone-071-7874290,Mobile,+8550717874290
Metfone-071-7874291,Mobile,+8550717874291
Metfone-071-7874292,Mobile,+8550717874292
Metfone-071-7874293,Mobile,+8550717874293
Metfone-071-7874294,Mobile,+8550717874294
Metfone-071-7874295,Mobile,+8550717874295
Metfone-071-7874296,Mobile,+8550717874296
Metfone-071-7874297,Mobile,+8550717874297
Metfone-071-7874298,Mobile,+8550717874298
Metfone-071-7874299,Mobile,+8550717874299
Metfone-071-7874300,Mobile,+8550717874300
Metfone-071-7874301,Mobile,+8550717874301
Metfone-071-7874302,Mobile,+8550717874302
Metfone-071-7874303,Mobile,+8550717874303
Metfone-071-7874304,Mobile,+8550717874304
Metfone-071-7874305,Mobile,+8550717874305
Metfone-071-7874306,Mobile,+8550717874306
Metfone-071-7874307,Mobile,+8550717874307
Metfone-071-7874308,Mobile,+8550717874308
Metfone-071-7874309,Mobile,+8550717874309
Metfone-071-7874310,Mobile,+8550717874310
Metfone-071-7874311,Mobile,+8550717874311
Metfone-071-7874312,Mobile,+8550717874312
Metfone-071-7874313,Mobile,+8550717874313
Metfone-071-7874314,Mobile,+8550717874314
Metfone-071-7874315,Mobile,+8550717874315
Metfone-071-7874316,Mobile,+8550717874316
Metfone-071-7874317,Mobile,+8550717874317
Metfone-071-7874318,Mobile,+8550717874318
Metfone-071-7874319,Mobile,+8550717874319
Metfone-071-7874320,Mobile,+8550717874320
Metfone-071-7874321,Mobile,+8550717874321
Metfone-071-7874322,Mobile,+8550717874322
Metfone-071-7874323,Mobile,+8550717874323
Metfone-071-7874324,Mobile,+8550717874324
Metfone-071-7874325,Mobile,+8550717874325
Metfone-071-7874326,Mobile,+8550717874326
Metfone-071-7874327,Mobile,+8550717874327
Metfone-071-7874328,Mobile,+8550717874328
Metfone-071-7874329,Mobile,+8550717874329
Metfone-071-7874330,Mobile,+8550717874330
Metfone-071-7874331,Mobile,+8550717874331
Metfone-071-7874332,Mobile,+8550717874332
Metfone-071-7874333,Mobile,+8550717874333
Metfone-071-7874334,Mobile,+8550717874334
Metfone-071-7874335,Mobile,+8550717874335
Metfone-071-7874336,Mobile,+8550717874336
Metfone-071-7874337,Mobile,+8550717874337
Metfone-071-7874338,Mobile,+8550717874338
Metfone-071-7874339,Mobile,+8550717874339
Metfone-071-7874340,Mobile,+8550717874340
Metfone-071-7874341,Mobile,+8550717874341
Metfone-071-7874342,Mobile,+8550717874342
Metfone-071-7874343,Mobile,+8550717874343
Metfone-071-7874344,Mobile,+8550717874344
Metfone-071-7874345,Mobile,+8550717874345
Metfone-071-7874346,Mobile,+8550717874346
Metfone-071-7874347,Mobile,+8550717874347
Metfone-071-7874348,Mobile,+8550717874348
Metfone-071-7874349,Mobile,+8550717874349
Metfone-071-7874350,Mobile,+8550717874350
Metfone-071-7874351,Mobile,+8550717874351
Metfone-071-7874352,Mobile,+8550717874352
Metfone-071-7874353,Mobile,+8550717874353
Metfone-071-7874354,Mobile,+8550717874354
Metfone-071-7874355,Mobile,+8550717874355
Metfone-071-7874356,Mobile,+8550717874356
Metfone-071-7874357,Mobile,+8550717874357
Metfone-071-7874358,Mobile,+8550717874358
Metfone-071-7874359,Mobile,+8550717874359
Metfone-071-7874360,Mobile,+8550717874360
Metfone-071-7874361,Mobile,+8550717874361
Metfone-071-7874362,Mobile,+8550717874362
Metfone-071-7874363,Mobile,+8550717874363
Metfone-071-7874364,Mobile,+8550717874364
Metfone-071-7874365,Mobile,+8550717874365
Metfone-071-7874366,Mobile,+8550717874366
Metfone-071-7874367,Mobile,+8550717874367
Metfone-071-7874368,Mobile,+8550717874368
Metfone-071-7874369,Mobile,+8550717874369
Metfone-071-7874370,Mobile,+8550717874370
Metfone-071-7874371,Mobile,+8550717874371
Metfone-071-7874372,Mobile,+8550717874372
Metfone-071-7874373,Mobile,+8550717874373
Metfone-071-7874374,Mobile,+8550717874374
Metfone-071-7874375,Mobile,+8550717874375
Metfone-071-7874376,Mobile,+8550717874376
Metfone-071-7874377,Mobile,+8550717874377
Metfone-071-7874378,Mobile,+8550717874378
Metfone-071-7874379,Mobile,+8550717874379
Metfone-071-7874380,Mobile,+8550717874380
Metfone-071-7874381,Mobile,+8550717874381
Metfone-071-7874382,Mobile,+8550717874382
Metfone-071-7874383,Mobile,+8550717874383
Metfone-071-7874384,Mobile,+8550717874384
Metfone-071-7874385,Mobile,+8550717874385
Metfone-071-7874386,Mobile,+8550717874386
Metfone-071-7874387,Mobile,+8550717874387
Metfone-071-7874388,Mobile,+8550717874388
Metfone-071-7874389,Mobile,+8550717874389
Metfone-071-7874390,Mobile,+8550717874390
Metfone-071-7874391,Mobile,+8550717874391
Metfone-071-7874392,Mobile,+8550717874392
Metfone-071-7874393,Mobile,+8550717874393
Metfone-071-7874394,Mobile,+8550717874394
Metfone-071-7874395,Mobile,+8550717874395
Metfone-071-7874396,Mobile,+8550717874396
Metfone-071-7874397,Mobile,+8550717874397
Metfone-071-7874398,Mobile,+8550717874398
Metfone-071-7874399,Mobile,+8550717874399
Metfone-071-7874400,Mobile,+8550717874400
Metfone-071-7874401,Mobile,+8550717874401
Metfone-071-7874402,Mobile,+8550717874402
Metfone-071-7874403,Mobile,+8550717874403
Metfone-071-7874404,Mobile,+8550717874404
Metfone-071-7874405,Mobile,+8550717874405
Metfone-071-7874406,Mobile,+8550717874406
Metfone-071-7874407,Mobile,+8550717874407
Metfone-071-7874408,Mobile,+8550717874408
Metfone-071-7874409,Mobile,+8550717874409
Metfone-071-7874410,Mobile,+8550717874410
Metfone-071-7874411,Mobile,+8550717874411
Metfone-071-7874412,Mobile,+8550717874412
Metfone-071-7874413,Mobile,+8550717874413
Metfone-071-7874414,Mobile,+8550717874414
Metfone-071-7874415,Mobile,+8550717874415
Metfone-071-7874416,Mobile,+8550717874416
Metfone-071-7874417,Mobile,+8550717874417
Metfone-071-7874418,Mobile,+8550717874418
Metfone-071-7874419,Mobile,+8550717874419
Metfone-071-7874420,Mobile,+8550717874420
Metfone-071-7874421,Mobile,+8550717874421
Metfone-071-7874422,Mobile,+8550717874422
Metfone-071-7874423,Mobile,+8550717874423
Metfone-071-7874424,Mobile,+8550717874424
Metfone-071-7874425,Mobile,+8550717874425
Metfone-071-7874426,Mobile,+8550717874426
Metfone-071-7874427,Mobile,+8550717874427
Metfone-071-7874428,Mobile,+8550717874428
Metfone-071-7874429,Mobile,+8550717874429
Metfone-071-7874430,Mobile,+8550717874430
Metfone-071-7874431,Mobile,+8550717874431
Metfone-071-7874432,Mobile,+8550717874432
Metfone-071-7874433,Mobile,+8550717874433
Metfone-071-7874434,Mobile,+8550717874434
Metfone-071-7874435,Mobile,+8550717874435
Metfone-071-7874436,Mobile,+8550717874436
Metfone-071-7874437,Mobile,+8550717874437
Metfone-071-7874438,Mobile,+8550717874438
Metfone-071-7874439,Mobile,+8550717874439
Metfone-071-7874440,Mobile,+8550717874440
Metfone-071-7874441,Mobile,+8550717874441
Metfone-071-7874442,Mobile,+8550717874442
Metfone-071-7874443,Mobile,+8550717874443
Metfone-071-7874444,Mobile,+8550717874444
Metfone-071-7874445,Mobile,+8550717874445
Metfone-071-7874446,Mobile,+8550717874446
Metfone-071-7874447,Mobile,+8550717874447
Metfone-071-7874448,Mobile,+8550717874448
Metfone-071-7874449,Mobile,+8550717874449
Metfone-071-7874450,Mobile,+8550717874450
Metfone-071-7874451,Mobile,+8550717874451
Metfone-071-7874452,Mobile,+8550717874452
Metfone-071-7874453,Mobile,+8550717874453
Metfone-071-7874454,Mobile,+8550717874454
Metfone-071-7874455,Mobile,+8550717874455
Metfone-071-7874456,Mobile,+8550717874456
Metfone-071-7874457,Mobile,+8550717874457
Metfone-071-7874458,Mobile,+8550717874458
Metfone-071-7874459,Mobile,+8550717874459
Metfone-071-7874460,Mobile,+8550717874460
Metfone-071-7874461,Mobile,+8550717874461
Metfone-071-7874462,Mobile,+8550717874462
Metfone-071-7874463,Mobile,+8550717874463
Metfone-071-7874464,Mobile,+8550717874464
Metfone-071-7874465,Mobile,+8550717874465
Metfone-071-7874466,Mobile,+8550717874466
Metfone-071-7874467,Mobile,+8550717874467
Metfone-071-7874468,Mobile,+8550717874468
Metfone-071-7874469,Mobile,+8550717874469
Metfone-071-7874470,Mobile,+8550717874470
Metfone-071-7874471,Mobile,+8550717874471
Metfone-071-7874472,Mobile,+8550717874472
Metfone-071-7874473,Mobile,+8550717874473
Metfone-071-7874474,Mobile,+8550717874474
Metfone-071-7874475,Mobile,+8550717874475
Metfone-071-7874476,Mobile,+8550717874476
Metfone-071-7874477,Mobile,+8550717874477
Metfone-071-7874478,Mobile,+8550717874478
Metfone-071-7874479,Mobile,+8550717874479
Metfone-071-7874480,Mobile,+8550717874480
Metfone-071-7874481,Mobile,+8550717874481
Metfone-071-7874482,Mobile,+8550717874482
Metfone-071-7874483,Mobile,+8550717874483
Metfone-071-7874484,Mobile,+8550717874484
Metfone-071-7874485,Mobile,+8550717874485
Metfone-071-7874486,Mobile,+8550717874486
Metfone-071-7874487,Mobile,+8550717874487
Metfone-071-7874488,Mobile,+8550717874488
Metfone-071-7874489,Mobile,+8550717874489
Metfone-071-7874490,Mobile,+8550717874490
Metfone-071-7874491,Mobile,+8550717874491
Metfone-071-7874492,Mobile,+8550717874492
Metfone-071-7874493,Mobile,+8550717874493
Metfone-071-7874494,Mobile,+8550717874494
Metfone-071-7874495,Mobile,+8550717874495
Metfone-071-7874496,Mobile,+8550717874496
Metfone-071-7874497,Mobile,+8550717874497
Metfone-071-7874498,Mobile,+8550717874498
Metfone-071-7874499,Mobile,+8550717874499
Metfone-071-7874500,Mobile,+8550717874500
Metfone-071-7874501,Mobile,+8550717874501
Metfone-071-7874502,Mobile,+8550717874502
Metfone-071-7874503,Mobile,+8550717874503
Metfone-071-7874504,Mobile,+8550717874504
Metfone-071-7874505,Mobile,+8550717874505
Metfone-071-7874506,Mobile,+8550717874506
Metfone-071-7874507,Mobile,+8550717874507
Metfone-071-7874508,Mobile,+8550717874508
Metfone-071-7874509,Mobile,+8550717874509
Metfone-071-7874510,Mobile,+8550717874510
Metfone-071-7874511,Mobile,+8550717874511
Metfone-071-7874512,Mobile,+8550717874512
Metfone-071-7874513,Mobile,+8550717874513
Metfone-071-7874514,Mobile,+8550717874514
Metfone-071-7874515,Mobile,+8550717874515
Metfone-071-7874516,Mobile,+8550717874516
Metfone-071-7874517,Mobile,+8550717874517
Metfone-071-7874518,Mobile,+8550717874518
Metfone-071-7874519,Mobile,+8550717874519
Metfone-071-7874520,Mobile,+8550717874520
Metfone-071-7874521,Mobile,+8550717874521
Metfone-071-7874522,Mobile,+8550717874522
Metfone-071-7874523,Mobile,+8550717874523
Metfone-071-7874524,Mobile,+8550717874524
Metfone-071-7874525,Mobile,+8550717874525
Metfone-071-7874526,Mobile,+8550717874526
Metfone-071-7874527,Mobile,+8550717874527
Metfone-071-7874528,Mobile,+8550717874528
Metfone-071-7874529,Mobile,+8550717874529
Metfone-071-7874530,Mobile,+8550717874530
Metfone-071-7874531,Mobile,+8550717874531
Metfone-071-7874532,Mobile,+8550717874532
Metfone-071-7874533,Mobile,+8550717874533
Metfone-071-7874534,Mobile,+8550717874534
Metfone-071-7874535,Mobile,+8550717874535
Metfone-071-7874536,Mobile,+8550717874536
Metfone-071-7874537,Mobile,+8550717874537
Metfone-071-7874538,Mobile,+8550717874538
Metfone-071-7874539,Mobile,+8550717874539
Metfone-071-7874540,Mobile,+8550717874540
Metfone-071-7874541,Mobile,+8550717874541
Metfone-071-7874542,Mobile,+8550717874542
Metfone-071-7874543,Mobile,+8550717874543
Metfone-071-7874544,Mobile,+8550717874544
Metfone-071-7874545,Mobile,+8550717874545
Metfone-071-7874546,Mobile,+8550717874546
Metfone-071-7874547,Mobile,+8550717874547
Metfone-071-7874548,Mobile,+8550717874548
Metfone-071-7874549,Mobile,+8550717874549
Metfone-071-7874550,Mobile,+8550717874550
Metfone-071-7874551,Mobile,+8550717874551
Metfone-071-7874552,Mobile,+8550717874552
Metfone-071-7874553,Mobile,+8550717874553
Metfone-071-7874554,Mobile,+8550717874554
Metfone-071-7874555,Mobile,+8550717874555
Metfone-071-7874556,Mobile,+8550717874556
Metfone-071-7874557,Mobile,+8550717874557
Metfone-071-7874558,Mobile,+8550717874558
Metfone-071-7874559,Mobile,+8550717874559
Metfone-071-7874560,Mobile,+8550717874560
Metfone-071-7874561,Mobile,+8550717874561
Metfone-071-7874562,Mobile,+8550717874562
Metfone-071-7874563,Mobile,+8550717874563
Metfone-071-7874564,Mobile,+8550717874564
Metfone-071-7874565,Mobile,+8550717874565
Metfone-071-7874566,Mobile,+8550717874566
Metfone-071-7874567,Mobile,+8550717874567
Metfone-071-7874568,Mobile,+8550717874568
Metfone-071-7874569,Mobile,+8550717874569
Metfone-071-7874570,Mobile,+8550717874570
Metfone-071-7874571,Mobile,+8550717874571
Metfone-071-7874572,Mobile,+8550717874572
Metfone-071-7874573,Mobile,+8550717874573
Metfone-071-7874574,Mobile,+8550717874574
Metfone-071-7874575,Mobile,+8550717874575
Metfone-071-7874576,Mobile,+8550717874576
Metfone-071-7874577,Mobile,+8550717874577
Metfone-071-7874578,Mobile,+8550717874578
Metfone-071-7874579,Mobile,+8550717874579
Metfone-071-7874580,Mobile,+8550717874580
Metfone-071-7874581,Mobile,+8550717874581
Metfone-071-7874582,Mobile,+8550717874582
Metfone-071-7874583,Mobile,+8550717874583
Metfone-071-7874584,Mobile,+8550717874584
Metfone-071-7874585,Mobile,+8550717874585
Metfone-071-7874586,Mobile,+8550717874586
Metfone-071-7874587,Mobile,+8550717874587
Metfone-071-7874588,Mobile,+8550717874588
Metfone-071-7874589,Mobile,+8550717874589
Metfone-071-7874590,Mobile,+8550717874590
Metfone-071-7874591,Mobile,+8550717874591
Metfone-071-7874592,Mobile,+8550717874592
Metfone-071-7874593,Mobile,+8550717874593
Metfone-071-7874594,Mobile,+8550717874594
Metfone-071-7874595,Mobile,+8550717874595
Metfone-071-7874596,Mobile,+8550717874596
Metfone-071-7874597,Mobile,+8550717874597
Metfone-071-7874598,Mobile,+8550717874598
Metfone-071-7874599,Mobile,+8550717874599
Metfone-071-7874600,Mobile,+8550717874600
Metfone-071-7874601,Mobile,+8550717874601
Metfone-071-7874602,Mobile,+8550717874602
Metfone-071-7874603,Mobile,+8550717874603
Metfone-071-7874604,Mobile,+8550717874604
Metfone-071-7874605,Mobile,+8550717874605
Metfone-071-7874606,Mobile,+8550717874606
Metfone-071-7874607,Mobile,+8550717874607
Metfone-071-7874608,Mobile,+8550717874608
Metfone-071-7874609,Mobile,+8550717874609
Metfone-071-7874610,Mobile,+8550717874610
Metfone-071-7874611,Mobile,+8550717874611
Metfone-071-7874612,Mobile,+8550717874612
Metfone-071-7874613,Mobile,+8550717874613
Metfone-071-7874614,Mobile,+8550717874614
Metfone-071-7874615,Mobile,+8550717874615
Metfone-071-7874616,Mobile,+8550717874616
Metfone-071-7874617,Mobile,+8550717874617
Metfone-071-7874618,Mobile,+8550717874618
Metfone-071-7874619,Mobile,+8550717874619
Metfone-071-7874620,Mobile,+8550717874620
Metfone-071-7874621,Mobile,+8550717874621
Metfone-071-7874622,Mobile,+8550717874622
Metfone-071-7874623,Mobile,+8550717874623
Metfone-071-7874624,Mobile,+8550717874624
Metfone-071-7874625,Mobile,+8550717874625
Metfone-071-7874626,Mobile,+8550717874626
Metfone-071-7874627,Mobile,+8550717874627
Metfone-071-7874628,Mobile,+8550717874628
Metfone-071-7874629,Mobile,+8550717874629
Metfone-071-7874630,Mobile,+8550717874630
Metfone-071-7874631,Mobile,+8550717874631
Metfone-071-7874632,Mobile,+8550717874632
Metfone-071-7874633,Mobile,+8550717874633
Metfone-071-7874634,Mobile,+8550717874634
Metfone-071-7874635,Mobile,+8550717874635
Metfone-071-7874636,Mobile,+8550717874636
Metfone-071-7874637,Mobile,+8550717874637
Metfone-071-7874638,Mobile,+8550717874638
Metfone-071-7874639,Mobile,+8550717874639
Metfone-071-7874640,Mobile,+8550717874640
Metfone-071-7874641,Mobile,+8550717874641
Metfone-071-7874642,Mobile,+8550717874642
Metfone-071-7874643,Mobile,+8550717874643
Metfone-071-7874644,Mobile,+8550717874644
Metfone-071-7874645,Mobile,+8550717874645
Metfone-071-7874646,Mobile,+8550717874646
Metfone-071-7874647,Mobile,+8550717874647
Metfone-071-7874648,Mobile,+8550717874648
Metfone-071-7874649,Mobile,+8550717874649
Metfone-071-7874650,Mobile,+8550717874650
Metfone-071-7874651,Mobile,+8550717874651
Metfone-071-7874652,Mobile,+8550717874652
Metfone-071-7874653,Mobile,+8550717874653
Metfone-071-7874654,Mobile,+8550717874654
Metfone-071-7874655,Mobile,+8550717874655
Metfone-071-7874656,Mobile,+8550717874656
Metfone-071-7874657,Mobile,+8550717874657
Metfone-071-7874658,Mobile,+8550717874658
Metfone-071-7874659,Mobile,+8550717874659
Metfone-071-7874660,Mobile,+8550717874660
Metfone-071-7874661,Mobile,+8550717874661
Metfone-071-7874662,Mobile,+8550717874662
Metfone-071-7874663,Mobile,+8550717874663
Metfone-071-7874664,Mobile,+8550717874664
Metfone-071-7874665,Mobile,+8550717874665
Metfone-071-7874666,Mobile,+8550717874666
Metfone-071-7874667,Mobile,+8550717874667
Metfone-071-7874668,Mobile,+8550717874668
Metfone-071-7874669,Mobile,+8550717874669
Metfone-071-7874670,Mobile,+8550717874670
Metfone-071-7874671,Mobile,+8550717874671
Metfone-071-7874672,Mobile,+8550717874672
Metfone-071-7874673,Mobile,+8550717874673
Metfone-071-7874674,Mobile,+8550717874674
Metfone-071-7874675,Mobile,+8550717874675
Metfone-071-7874676,Mobile,+8550717874676
Metfone-071-7874677,Mobile,+8550717874677
Metfone-071-7874678,Mobile,+8550717874678
Metfone-071-7874679,Mobile,+8550717874679
Metfone-071-7874680,Mobile,+8550717874680
Metfone-071-7874681,Mobile,+8550717874681
Metfone-071-7874682,Mobile,+8550717874682
Metfone-071-7874683,Mobile,+8550717874683
Metfone-071-7874684,Mobile,+8550717874684
Metfone-071-7874685,Mobile,+8550717874685
Metfone-071-7874686,Mobile,+8550717874686
Metfone-071-7874687,Mobile,+8550717874687
Metfone-071-7874688,Mobile,+8550717874688
Metfone-071-7874689,Mobile,+8550717874689
Metfone-071-7874690,Mobile,+8550717874690
Metfone-071-7874691,Mobile,+8550717874691
Metfone-071-7874692,Mobile,+8550717874692
Metfone-071-7874693,Mobile,+8550717874693
Metfone-071-7874694,Mobile,+8550717874694
Metfone-071-7874695,Mobile,+8550717874695
Metfone-071-7874696,Mobile,+8550717874696
Metfone-071-7874697,Mobile,+8550717874697
Metfone-071-7874698,Mobile,+8550717874698
Metfone-071-7874699,Mobile,+8550717874699
Metfone-071-7874700,Mobile,+8550717874700
Metfone-071-7874701,Mobile,+8550717874701
Metfone-071-7874702,Mobile,+8550717874702
Metfone-071-7874703,Mobile,+8550717874703
Metfone-071-7874704,Mobile,+8550717874704
Metfone-071-7874705,Mobile,+8550717874705
Metfone-071-7874706,Mobile,+8550717874706
Metfone-071-7874707,Mobile,+8550717874707
Metfone-071-7874708,Mobile,+8550717874708
Metfone-071-7874709,Mobile,+8550717874709
Metfone-071-7874710,Mobile,+8550717874710
Metfone-071-7874711,Mobile,+8550717874711
Metfone-071-7874712,Mobile,+8550717874712
Metfone-071-7874713,Mobile,+8550717874713
Metfone-071-7874714,Mobile,+8550717874714
Metfone-071-7874715,Mobile,+8550717874715
Metfone-071-7874716,Mobile,+8550717874716
Metfone-071-7874717,Mobile,+8550717874717
Metfone-071-7874718,Mobile,+8550717874718
Metfone-071-7874719,Mobile,+8550717874719
Metfone-071-7874720,Mobile,+8550717874720
Metfone-071-7874721,Mobile,+8550717874721
Metfone-071-7874722,Mobile,+8550717874722
Metfone-071-7874723,Mobile,+8550717874723
Metfone-071-7874724,Mobile,+8550717874724
Metfone-071-7874725,Mobile,+8550717874725
Metfone-071-7874726,Mobile,+8550717874726
Metfone-071-7874727,Mobile,+8550717874727
Metfone-071-7874728,Mobile,+8550717874728
Metfone-071-7874729,Mobile,+8550717874729
Metfone-071-7874730,Mobile,+8550717874730
Metfone-071-7874731,Mobile,+8550717874731
Metfone-071-7874732,Mobile,+8550717874732
Metfone-071-7874733,Mobile,+8550717874733
Metfone-071-7874734,Mobile,+8550717874734
Metfone-071-7874735,Mobile,+8550717874735
Metfone-071-7874736,Mobile,+8550717874736
Metfone-071-7874737,Mobile,+8550717874737
Metfone-071-7874738,Mobile,+8550717874738
Metfone-071-7874739,Mobile,+8550717874739
Metfone-071-7874740,Mobile,+8550717874740
Metfone-071-7874741,Mobile,+8550717874741
Metfone-071-7874742,Mobile,+8550717874742
Metfone-071-7874743,Mobile,+8550717874743
Metfone-071-7874744,Mobile,+8550717874744
Metfone-071-7874745,Mobile,+8550717874745
Metfone-071-7874746,Mobile,+8550717874746
Metfone-071-7874747,Mobile,+8550717874747
Metfone-071-7874748,Mobile,+8550717874748
Metfone-071-7874749,Mobile,+8550717874749
Metfone-071-7874750,Mobile,+8550717874750
Metfone-071-7874751,Mobile,+8550717874751
Metfone-071-7874752,Mobile,+8550717874752
Metfone-071-7874753,Mobile,+8550717874753
Metfone-071-7874754,Mobile,+8550717874754
Metfone-071-7874755,Mobile,+8550717874755
Metfone-071-7874756,Mobile,+8550717874756
Metfone-071-7874757,Mobile,+8550717874757
Metfone-071-7874758,Mobile,+8550717874758
Metfone-071-7874759,Mobile,+8550717874759
Metfone-071-7874760,Mobile,+8550717874760
Metfone-071-7874761,Mobile,+8550717874761
Metfone-071-7874762,Mobile,+8550717874762
Metfone-071-7874763,Mobile,+8550717874763
Metfone-071-7874764,Mobile,+8550717874764
Metfone-071-7874765,Mobile,+8550717874765
Metfone-071-7874766,Mobile,+8550717874766
Metfone-071-7874767,Mobile,+8550717874767
Metfone-071-7874768,Mobile,+8550717874768
Metfone-071-7874769,Mobile,+8550717874769
Metfone-071-7874770,Mobile,+8550717874770
Metfone-071-7874771,Mobile,+8550717874771
Metfone-071-7874772,Mobile,+8550717874772
Metfone-071-7874773,Mobile,+8550717874773
Metfone-071-7874774,Mobile,+8550717874774
Metfone-071-7874775,Mobile,+8550717874775
Metfone-071-7874776,Mobile,+8550717874776
Metfone-071-7874777,Mobile,+8550717874777
Metfone-071-7874778,Mobile,+8550717874778
Metfone-071-7874779,Mobile,+8550717874779
Metfone-071-7874780,Mobile,+8550717874780
Metfone-071-7874781,Mobile,+8550717874781
Metfone-071-7874782,Mobile,+8550717874782
Metfone-071-7874783,Mobile,+8550717874783
Metfone-071-7874784,Mobile,+8550717874784
Metfone-071-7874785,Mobile,+8550717874785
Metfone-071-7874786,Mobile,+8550717874786
Metfone-071-7874787,Mobile,+8550717874787
Metfone-071-7874788,Mobile,+8550717874788
Metfone-071-7874789,Mobile,+8550717874789
Metfone-071-7874790,Mobile,+8550717874790
Metfone-071-7874791,Mobile,+8550717874791
Metfone-071-7874792,Mobile,+8550717874792
Metfone-071-7874793,Mobile,+8550717874793
Metfone-071-7874794,Mobile,+8550717874794
Metfone-071-7874795,Mobile,+8550717874795
Metfone-071-7874796,Mobile,+8550717874796
Metfone-071-7874797,Mobile,+8550717874797
Metfone-071-7874798,Mobile,+8550717874798
Metfone-071-7874799,Mobile,+8550717874799
Metfone-071-7874800,Mobile,+8550717874800
Metfone-071-7874801,Mobile,+8550717874801
Metfone-071-7874802,Mobile,+8550717874802
Metfone-071-7874803,Mobile,+8550717874803
Metfone-071-7874804,Mobile,+8550717874804
Metfone-071-7874805,Mobile,+8550717874805
Metfone-071-7874806,Mobile,+8550717874806
Metfone-071-7874807,Mobile,+8550717874807
Metfone-071-7874808,Mobile,+8550717874808
Metfone-071-7874809,Mobile,+8550717874809
Metfone-071-7874810,Mobile,+8550717874810
Metfone-071-7874811,Mobile,+8550717874811
Metfone-071-7874812,Mobile,+8550717874812
Metfone-071-7874813,Mobile,+8550717874813
Metfone-071-7874814,Mobile,+8550717874814
Metfone-071-7874815,Mobile,+8550717874815
Metfone-071-7874816,Mobile,+8550717874816
Metfone-071-7874817,Mobile,+8550717874817
Metfone-071-7874818,Mobile,+8550717874818
Metfone-071-7874819,Mobile,+8550717874819
Metfone-071-7874820,Mobile,+8550717874820
Metfone-071-7874821,Mobile,+8550717874821
Metfone-071-7874822,Mobile,+8550717874822
Metfone-071-7874823,Mobile,+8550717874823
Metfone-071-7874824,Mobile,+8550717874824
Metfone-071-7874825,Mobile,+8550717874825
Metfone-071-7874826,Mobile,+8550717874826
Metfone-071-7874827,Mobile,+8550717874827
Metfone-071-7874828,Mobile,+8550717874828
Metfone-071-7874829,Mobile,+8550717874829
Metfone-071-7874830,Mobile,+8550717874830
Metfone-071-7874831,Mobile,+8550717874831
Metfone-071-7874832,Mobile,+8550717874832
Metfone-071-7874833,Mobile,+8550717874833
Metfone-071-7874834,Mobile,+8550717874834
Metfone-071-7874835,Mobile,+8550717874835
Metfone-071-7874836,Mobile,+8550717874836
Metfone-071-7874837,Mobile,+8550717874837
Metfone-071-7874838,Mobile,+8550717874838
Metfone-071-7874839,Mobile,+8550717874839
Metfone-071-7874840,Mobile,+8550717874840
Metfone-071-7874841,Mobile,+8550717874841
Metfone-071-7874842,Mobile,+8550717874842
Metfone-071-7874843,Mobile,+8550717874843
Metfone-071-7874844,Mobile,+8550717874844
Metfone-071-7874845,Mobile,+8550717874845
Metfone-071-7874846,Mobile,+8550717874846
Metfone-071-7874847,Mobile,+8550717874847
Metfone-071-7874848,Mobile,+8550717874848
Metfone-071-7874849,Mobile,+8550717874849
Metfone-071-7874850,Mobile,+8550717874850
Metfone-071-7874851,Mobile,+8550717874851
Metfone-071-7874852,Mobile,+8550717874852
Metfone-071-7874853,Mobile,+8550717874853
Metfone-071-7874854,Mobile,+8550717874854
Metfone-071-7874855,Mobile,+8550717874855
Metfone-071-7874856,Mobile,+8550717874856
Metfone-071-7874857,Mobile,+8550717874857
Metfone-071-7874858,Mobile,+8550717874858
Metfone-071-7874859,Mobile,+8550717874859
Metfone-071-7874860,Mobile,+8550717874860
Metfone-071-7874861,Mobile,+8550717874861
Metfone-071-7874862,Mobile,+8550717874862
Metfone-071-7874863,Mobile,+8550717874863
Metfone-071-7874864,Mobile,+8550717874864
Metfone-071-7874865,Mobile,+8550717874865
Metfone-071-7874866,Mobile,+8550717874866
Metfone-071-7874867,Mobile,+8550717874867
Metfone-071-7874868,Mobile,+8550717874868
Metfone-071-7874869,Mobile,+8550717874869
Metfone-071-7874870,Mobile,+8550717874870
Metfone-071-7874871,Mobile,+8550717874871
Metfone-071-7874872,Mobile,+8550717874872
Metfone-071-7874873,Mobile,+8550717874873
Metfone-071-7874874,Mobile,+8550717874874
Metfone-071-7874875,Mobile,+8550717874875
Metfone-071-7874876,Mobile,+8550717874876
Metfone-071-7874877,Mobile,+8550717874877
Metfone-071-7874878,Mobile,+8550717874878
Metfone-071-7874879,Mobile,+8550717874879
Metfone-071-7874880,Mobile,+8550717874880
Metfone-071-7874881,Mobile,+8550717874881
Metfone-071-7874882,Mobile,+8550717874882
Metfone-071-7874883,Mobile,+8550717874883
Metfone-071-7874884,Mobile,+8550717874884
Metfone-071-7874885,Mobile,+8550717874885
Metfone-071-7874886,Mobile,+8550717874886
Metfone-071-7874887,Mobile,+8550717874887
Metfone-071-7874888,Mobile,+8550717874888
Metfone-071-7874889,Mobile,+8550717874889
Metfone-071-7874890,Mobile,+8550717874890
Metfone-071-7874891,Mobile,+8550717874891
Metfone-071-7874892,Mobile,+8550717874892
Metfone-071-7874893,Mobile,+8550717874893
Metfone-071-7874894,Mobile,+8550717874894
Metfone-071-7874895,Mobile,+8550717874895
Metfone-071-7874896,Mobile,+8550717874896
Metfone-071-7874897,Mobile,+8550717874897
Metfone-071-7874898,Mobile,+8550717874898
Metfone-071-7874899,Mobile,+8550717874899
Metfone-071-7874900,Mobile,+8550717874900
Metfone-071-7874901,Mobile,+8550717874901
Metfone-071-7874902,Mobile,+8550717874902
Metfone-071-7874903,Mobile,+8550717874903
Metfone-071-7874904,Mobile,+8550717874904
Metfone-071-7874905,Mobile,+8550717874905
Metfone-071-7874906,Mobile,+8550717874906
Metfone-071-7874907,Mobile,+8550717874907
Metfone-071-7874908,Mobile,+8550717874908
Metfone-071-7874909,Mobile,+8550717874909
Metfone-071-7874910,Mobile,+8550717874910
Metfone-071-7874911,Mobile,+8550717874911
Metfone-071-7874912,Mobile,+8550717874912
Metfone-071-7874913,Mobile,+8550717874913
Metfone-071-7874914,Mobile,+8550717874914
Metfone-071-7874915,Mobile,+8550717874915
Metfone-071-7874916,Mobile,+8550717874916
Metfone-071-7874917,Mobile,+8550717874917
Metfone-071-7874918,Mobile,+8550717874918
Metfone-071-7874919,Mobile,+8550717874919
Metfone-071-7874920,Mobile,+8550717874920
Metfone-071-7874921,Mobile,+8550717874921
Metfone-071-7874922,Mobile,+8550717874922
Metfone-071-7874923,Mobile,+8550717874923
Metfone-071-7874924,Mobile,+8550717874924
Metfone-071-7874925,Mobile,+8550717874925
Metfone-071-7874926,Mobile,+8550717874926
Metfone-071-7874927,Mobile,+8550717874927
Metfone-071-7874928,Mobile,+8550717874928
Metfone-071-7874929,Mobile,+8550717874929
Metfone-071-7874930,Mobile,+8550717874930
Metfone-071-7874931,Mobile,+8550717874931
Metfone-071-7874932,Mobile,+8550717874932
Metfone-071-7874933,Mobile,+8550717874933
Metfone-071-7874934,Mobile,+8550717874934
Metfone-071-7874935,Mobile,+8550717874935
Metfone-071-7874936,Mobile,+8550717874936
Metfone-071-7874937,Mobile,+8550717874937
Metfone-071-7874938,Mobile,+8550717874938
Metfone-071-7874939,Mobile,+8550717874939
Metfone-071-7874940,Mobile,+8550717874940
Metfone-071-7874941,Mobile,+8550717874941
Metfone-071-7874942,Mobile,+8550717874942
Metfone-071-7874943,Mobile,+8550717874943
Metfone-071-7874944,Mobile,+8550717874944
Metfone-071-7874945,Mobile,+8550717874945
Metfone-071-7874946,Mobile,+8550717874946
Metfone-071-7874947,Mobile,+8550717874947
Metfone-071-7874948,Mobile,+8550717874948
Metfone-071-7874949,Mobile,+8550717874949
Metfone-071-7874950,Mobile,+8550717874950
Metfone-071-7874951,Mobile,+8550717874951
Metfone-071-7874952,Mobile,+8550717874952
Metfone-071-7874953,Mobile,+8550717874953
Metfone-071-7874954,Mobile,+8550717874954
Metfone-071-7874955,Mobile,+8550717874955
Metfone-071-7874956,Mobile,+8550717874956
Metfone-071-7874957,Mobile,+8550717874957
Metfone-071-7874958,Mobile,+8550717874958
Metfone-071-7874959,Mobile,+8550717874959
Metfone-071-7874960,Mobile,+8550717874960
Metfone-071-7874961,Mobile,+8550717874961
Metfone-071-7874962,Mobile,+8550717874962
Metfone-071-7874963,Mobile,+8550717874963
Metfone-071-7874964,Mobile,+8550717874964
Metfone-071-7874965,Mobile,+8550717874965
Metfone-071-7874966,Mobile,+8550717874966
Metfone-071-7874967,Mobile,+8550717874967
Metfone-071-7874968,Mobile,+8550717874968
Metfone-071-7874969,Mobile,+8550717874969
Metfone-071-7874970,Mobile,+8550717874970
Metfone-071-7874971,Mobile,+8550717874971
Metfone-071-7874972,Mobile,+8550717874972
Metfone-071-7874973,Mobile,+8550717874973
Metfone-071-7874974,Mobile,+8550717874974
Metfone-071-7874975,Mobile,+8550717874975
Metfone-071-7874976,Mobile,+8550717874976
Metfone-071-7874977,Mobile,+8550717874977
Metfone-071-7874978,Mobile,+8550717874978
Metfone-071-7874979,Mobile,+8550717874979
Metfone-071-7874980,Mobile,+8550717874980
Metfone-071-7874981,Mobile,+8550717874981
Metfone-071-7874982,Mobile,+8550717874982
Metfone-071-7874983,Mobile,+8550717874983
Metfone-071-7874984,Mobile,+8550717874984
Metfone-071-7874985,Mobile,+8550717874985
Metfone-071-7874986,Mobile,+8550717874986
Metfone-071-7874987,Mobile,+8550717874987
Metfone-071-7874988,Mobile,+8550717874988
Metfone-071-7874989,Mobile,+8550717874989
Metfone-071-7874990,Mobile,+8550717874990
Metfone-071-7874991,Mobile,+8550717874991
Metfone-071-7874992,Mobile,+8550717874992
Metfone-071-7874993,Mobile,+8550717874993
Metfone-071-7874994,Mobile,+8550717874994
Metfone-071-7874995,Mobile,+8550717874995
Metfone-071-7874996,Mobile,+8550717874996
Metfone-071-7874997,Mobile,+8550717874997
Metfone-071-7874998,Mobile,+8550717874998
Metfone-071-7874999,Mobile,+8550717874999
Metfone-071-7875000,Mobile,+8550717875000
Metfone-071-7875001,Mobile,+8550717875001
Metfone-071-7875002,Mobile,+8550717875002
Metfone-071-7875003,Mobile,+8550717875003
Metfone-071-7875004,Mobile,+8550717875004
Metfone-071-7875005,Mobile,+8550717875005
Metfone-071-7875006,Mobile,+8550717875006
Metfone-071-7875007,Mobile,+8550717875007
Metfone-071-7875008,Mobile,+8550717875008
Metfone-071-7875009,Mobile,+8550717875009
Metfone-071-7875010,Mobile,+8550717875010
Metfone-071-7875011,Mobile,+8550717875011
Metfone-071-7875012,Mobile,+8550717875012
Metfone-071-7875013,Mobile,+8550717875013
Metfone-071-7875014,Mobile,+8550717875014
Metfone-071-7875015,Mobile,+8550717875015
Metfone-071-7875016,Mobile,+8550717875016
Metfone-071-7875017,Mobile,+8550717875017
Metfone-071-7875018,Mobile,+8550717875018
Metfone-071-7875019,Mobile,+8550717875019
Metfone-071-7875020,Mobile,+8550717875020
Metfone-071-7875021,Mobile,+8550717875021
Metfone-071-7875022,Mobile,+8550717875022
Metfone-071-7875023,Mobile,+8550717875023
Metfone-071-7875024,Mobile,+8550717875024
Metfone-071-7875025,Mobile,+8550717875025
Metfone-071-7875026,Mobile,+8550717875026
Metfone-071-7875027,Mobile,+8550717875027
Metfone-071-7875028,Mobile,+8550717875028
Metfone-071-7875029,Mobile,+8550717875029
Metfone-071-7875030,Mobile,+8550717875030
Metfone-071-7875031,Mobile,+8550717875031
Metfone-071-7875032,Mobile,+8550717875032
Metfone-071-7875033,Mobile,+8550717875033
Metfone-071-7875034,Mobile,+8550717875034
Metfone-071-7875035,Mobile,+8550717875035
Metfone-071-7875036,Mobile,+8550717875036
Metfone-071-7875037,Mobile,+8550717875037
Metfone-071-7875038,Mobile,+8550717875038
Metfone-071-7875039,Mobile,+8550717875039
Metfone-071-7875040,Mobile,+8550717875040
Metfone-071-7875041,Mobile,+8550717875041
Metfone-071-7875042,Mobile,+8550717875042
Metfone-071-7875043,Mobile,+8550717875043
Metfone-071-7875044,Mobile,+8550717875044
Metfone-071-7875045,Mobile,+8550717875045
Metfone-071-7875046,Mobile,+8550717875046
Metfone-071-7875047,Mobile,+8550717875047
Metfone-071-7875048,Mobile,+8550717875048
Metfone-071-7875049,Mobile,+8550717875049
Metfone-071-7875050,Mobile,+8550717875050
Metfone-071-7875051,Mobile,+8550717875051
Metfone-071-7875052,Mobile,+8550717875052
Metfone-071-7875053,Mobile,+8550717875053
Metfone-071-7875054,Mobile,+8550717875054
Metfone-071-7875055,Mobile,+8550717875055
Metfone-071-7875056,Mobile,+8550717875056
Metfone-071-7875057,Mobile,+8550717875057
Metfone-071-7875058,Mobile,+8550717875058
Metfone-071-7875059,Mobile,+8550717875059
Metfone-071-7875060,Mobile,+8550717875060
Metfone-071-7875061,Mobile,+8550717875061
Metfone-071-7875062,Mobile,+8550717875062
Metfone-071-7875063,Mobile,+8550717875063
Metfone-071-7875064,Mobile,+8550717875064
Metfone-071-7875065,Mobile,+8550717875065
Metfone-071-7875066,Mobile,+8550717875066
Metfone-071-7875067,Mobile,+8550717875067
Metfone-071-7875068,Mobile,+8550717875068
Metfone-071-7875069,Mobile,+8550717875069
Metfone-071-7875070,Mobile,+8550717875070
Metfone-071-7875071,Mobile,+8550717875071
Metfone-071-7875072,Mobile,+8550717875072
Metfone-071-7875073,Mobile,+8550717875073
Metfone-071-7875074,Mobile,+8550717875074
Metfone-071-7875075,Mobile,+8550717875075
Metfone-071-7875076,Mobile,+8550717875076
Metfone-071-7875077,Mobile,+8550717875077
Metfone-071-7875078,Mobile,+8550717875078
Metfone-071-7875079,Mobile,+8550717875079
Metfone-071-7875080,Mobile,+8550717875080
Metfone-071-7875081,Mobile,+8550717875081
Metfone-071-7875082,Mobile,+8550717875082
Metfone-071-7875083,Mobile,+8550717875083
Metfone-071-7875084,Mobile,+8550717875084
Metfone-071-7875085,Mobile,+8550717875085
Metfone-071-7875086,Mobile,+8550717875086
Metfone-071-7875087,Mobile,+8550717875087
Metfone-071-7875088,Mobile,+8550717875088
Metfone-071-7875089,Mobile,+8550717875089
Metfone-071-7875090,Mobile,+8550717875090
Metfone-071-7875091,Mobile,+8550717875091
Metfone-071-7875092,Mobile,+8550717875092
Metfone-071-7875093,Mobile,+8550717875093
Metfone-071-7875094,Mobile,+8550717875094
Metfone-071-7875095,Mobile,+8550717875095
Metfone-071-7875096,Mobile,+8550717875096
Metfone-071-7875097,Mobile,+8550717875097
Metfone-071-7875098,Mobile,+8550717875098
Metfone-071-7875099,Mobile,+8550717875099
Metfone-071-7875100,Mobile,+8550717875100
Metfone-071-7875101,Mobile,+8550717875101
Metfone-071-7875102,Mobile,+8550717875102
Metfone-071-7875103,Mobile,+8550717875103
Metfone-071-7875104,Mobile,+8550717875104
Metfone-071-7875105,Mobile,+8550717875105
Metfone-071-7875106,Mobile,+8550717875106
Metfone-071-7875107,Mobile,+8550717875107
Metfone-071-7875108,Mobile,+8550717875108
Metfone-071-7875109,Mobile,+8550717875109
Metfone-071-7875110,Mobile,+8550717875110
Metfone-071-7875111,Mobile,+8550717875111
Metfone-071-7875112,Mobile,+8550717875112
Metfone-071-7875113,Mobile,+8550717875113
Metfone-071-7875114,Mobile,+8550717875114
Metfone-071-7875115,Mobile,+8550717875115
Metfone-071-7875116,Mobile,+8550717875116
Metfone-071-7875117,Mobile,+8550717875117
Metfone-071-7875118,Mobile,+8550717875118
Metfone-071-7875119,Mobile,+8550717875119
Metfone-071-7875120,Mobile,+8550717875120
Metfone-071-7875121,Mobile,+8550717875121
Metfone-071-7875122,Mobile,+8550717875122
Metfone-071-7875123,Mobile,+8550717875123
Metfone-071-7875124,Mobile,+8550717875124
Metfone-071-7875125,Mobile,+8550717875125
Metfone-071-7875126,Mobile,+8550717875126
Metfone-071-7875127,Mobile,+8550717875127
Metfone-071-7875128,Mobile,+8550717875128
Metfone-071-7875129,Mobile,+8550717875129
Metfone-071-7875130,Mobile,+8550717875130
Metfone-071-7875131,Mobile,+8550717875131
Metfone-071-7875132,Mobile,+8550717875132
Metfone-071-7875133,Mobile,+8550717875133
Metfone-071-7875134,Mobile,+8550717875134
Metfone-071-7875135,Mobile,+8550717875135
Metfone-071-7875136,Mobile,+8550717875136
Metfone-071-7875137,Mobile,+8550717875137
Metfone-071-7875138,Mobile,+8550717875138
Metfone-071-7875139,Mobile,+8550717875139
Metfone-071-7875140,Mobile,+8550717875140
Metfone-071-7875141,Mobile,+8550717875141
Metfone-071-7875142,Mobile,+8550717875142
Metfone-071-7875143,Mobile,+8550717875143
Metfone-071-7875144,Mobile,+8550717875144
Metfone-071-7875145,Mobile,+8550717875145
Metfone-071-7875146,Mobile,+8550717875146
Metfone-071-7875147,Mobile,+8550717875147
Metfone-071-7875148,Mobile,+8550717875148
Metfone-071-7875149,Mobile,+8550717875149
Metfone-071-7875150,Mobile,+8550717875150
Metfone-071-7875151,Mobile,+8550717875151
Metfone-071-7875152,Mobile,+8550717875152
Metfone-071-7875153,Mobile,+8550717875153
Metfone-071-7875154,Mobile,+8550717875154
Metfone-071-7875155,Mobile,+8550717875155
Metfone-071-7875156,Mobile,+8550717875156
Metfone-071-7875157,Mobile,+8550717875157
Metfone-071-7875158,Mobile,+8550717875158
Metfone-071-7875159,Mobile,+8550717875159
Metfone-071-7875160,Mobile,+8550717875160
Metfone-071-7875161,Mobile,+8550717875161
Metfone-071-7875162,Mobile,+8550717875162
Metfone-071-7875163,Mobile,+8550717875163
Metfone-071-7875164,Mobile,+8550717875164
Metfone-071-7875165,Mobile,+8550717875165
Metfone-071-7875166,Mobile,+8550717875166
Metfone-071-7875167,Mobile,+8550717875167
Metfone-071-7875168,Mobile,+8550717875168
Metfone-071-7875169,Mobile,+8550717875169
Metfone-071-7875170,Mobile,+8550717875170
Metfone-071-7875171,Mobile,+8550717875171
Metfone-071-7875172,Mobile,+8550717875172
Metfone-071-7875173,Mobile,+8550717875173
Metfone-071-7875174,Mobile,+8550717875174
Metfone-071-7875175,Mobile,+8550717875175
Metfone-071-7875176,Mobile,+8550717875176
Metfone-071-7875177,Mobile,+8550717875177
Metfone-071-7875178,Mobile,+8550717875178
Metfone-071-7875179,Mobile,+8550717875179
Metfone-071-7875180,Mobile,+8550717875180
Metfone-071-7875181,Mobile,+8550717875181
Metfone-071-7875182,Mobile,+8550717875182
Metfone-071-7875183,Mobile,+8550717875183
Metfone-071-7875184,Mobile,+8550717875184
Metfone-071-7875185,Mobile,+8550717875185
Metfone-071-7875186,Mobile,+8550717875186
Metfone-071-7875187,Mobile,+8550717875187
Metfone-071-7875188,Mobile,+8550717875188
Metfone-071-7875189,Mobile,+8550717875189
Metfone-071-7875190,Mobile,+8550717875190
Metfone-071-7875191,Mobile,+8550717875191
Metfone-071-7875192,Mobile,+8550717875192
Metfone-071-7875193,Mobile,+8550717875193
Metfone-071-7875194,Mobile,+8550717875194
Metfone-071-7875195,Mobile,+8550717875195
Metfone-071-7875196,Mobile,+8550717875196
Metfone-071-7875197,Mobile,+8550717875197
Metfone-071-7875198,Mobile,+8550717875198
Metfone-071-7875199,Mobile,+8550717875199
Metfone-071-7875200,Mobile,+8550717875200
Metfone-071-7875201,Mobile,+8550717875201
Metfone-071-7875202,Mobile,+8550717875202
Metfone-071-7875203,Mobile,+8550717875203
Metfone-071-7875204,Mobile,+8550717875204
Metfone-071-7875205,Mobile,+8550717875205
Metfone-071-7875206,Mobile,+8550717875206
Metfone-071-7875207,Mobile,+8550717875207
Metfone-071-7875208,Mobile,+8550717875208
Metfone-071-7875209,Mobile,+8550717875209
Metfone-071-7875210,Mobile,+8550717875210
Metfone-071-7875211,Mobile,+8550717875211
Metfone-071-7875212,Mobile,+8550717875212
Metfone-071-7875213,Mobile,+8550717875213
Metfone-071-7875214,Mobile,+8550717875214
Metfone-071-7875215,Mobile,+8550717875215
Metfone-071-7875216,Mobile,+8550717875216
Metfone-071-7875217,Mobile,+8550717875217
Metfone-071-7875218,Mobile,+8550717875218
Metfone-071-7875219,Mobile,+8550717875219
Metfone-071-7875220,Mobile,+8550717875220
Metfone-071-7875221,Mobile,+8550717875221
Metfone-071-7875222,Mobile,+8550717875222
Metfone-071-7875223,Mobile,+8550717875223
Metfone-071-7875224,Mobile,+8550717875224
Metfone-071-7875225,Mobile,+8550717875225
Metfone-071-7875226,Mobile,+8550717875226
Metfone-071-7875227,Mobile,+8550717875227
Metfone-071-7875228,Mobile,+8550717875228
Metfone-071-7875229,Mobile,+8550717875229
Metfone-071-7875230,Mobile,+8550717875230
Metfone-071-7875231,Mobile,+8550717875231
Metfone-071-7875232,Mobile,+8550717875232
Metfone-071-7875233,Mobile,+8550717875233
Metfone-071-7875234,Mobile,+8550717875234
Metfone-071-7875235,Mobile,+8550717875235
Metfone-071-7875236,Mobile,+8550717875236
Metfone-071-7875237,Mobile,+8550717875237
Metfone-071-7875238,Mobile,+8550717875238
Metfone-071-7875239,Mobile,+8550717875239
Metfone-071-7875240,Mobile,+8550717875240
Metfone-071-7875241,Mobile,+8550717875241
Metfone-071-7875242,Mobile,+8550717875242
Metfone-071-7875243,Mobile,+8550717875243
Metfone-071-7875244,Mobile,+8550717875244
Metfone-071-7875245,Mobile,+8550717875245
Metfone-071-7875246,Mobile,+8550717875246
Metfone-071-7875247,Mobile,+8550717875247
Metfone-071-7875248,Mobile,+8550717875248
Metfone-071-7875249,Mobile,+8550717875249
Metfone-071-7875250,Mobile,+8550717875250
Metfone-071-7875251,Mobile,+8550717875251
Metfone-071-7875252,Mobile,+8550717875252
Metfone-071-7875253,Mobile,+8550717875253
Metfone-071-7875254,Mobile,+8550717875254
Metfone-071-7875255,Mobile,+8550717875255
Metfone-071-7875256,Mobile,+8550717875256
Metfone-071-7875257,Mobile,+8550717875257
Metfone-071-7875258,Mobile,+8550717875258
Metfone-071-7875259,Mobile,+8550717875259
Metfone-071-7875260,Mobile,+8550717875260
Metfone-071-7875261,Mobile,+8550717875261
Metfone-071-7875262,Mobile,+8550717875262
Metfone-071-7875263,Mobile,+8550717875263
Metfone-071-7875264,Mobile,+8550717875264
Metfone-071-7875265,Mobile,+8550717875265
Metfone-071-7875266,Mobile,+8550717875266
Metfone-071-7875267,Mobile,+8550717875267
Metfone-071-7875268,Mobile,+8550717875268
Metfone-071-7875269,Mobile,+8550717875269
Metfone-071-7875270,Mobile,+8550717875270
Metfone-071-7875271,Mobile,+8550717875271
Metfone-071-7875272,Mobile,+8550717875272
Metfone-071-7875273,Mobile,+8550717875273
Metfone-071-7875274,Mobile,+8550717875274
Metfone-071-7875275,Mobile,+8550717875275
Metfone-071-7875276,Mobile,+8550717875276
Metfone-071-7875277,Mobile,+8550717875277
Metfone-071-7875278,Mobile,+8550717875278
Metfone-071-7875279,Mobile,+8550717875279
Metfone-071-7875280,Mobile,+8550717875280
Metfone-071-7875281,Mobile,+8550717875281
Metfone-071-7875282,Mobile,+8550717875282
Metfone-071-7875283,Mobile,+8550717875283
Metfone-071-7875284,Mobile,+8550717875284
Metfone-071-7875285,Mobile,+8550717875285
Metfone-071-7875286,Mobile,+8550717875286
Metfone-071-7875287,Mobile,+8550717875287
Metfone-071-7875288,Mobile,+8550717875288
Metfone-071-7875289,Mobile,+8550717875289
Metfone-071-7875290,Mobile,+8550717875290
Metfone-071-7875291,Mobile,+8550717875291
Metfone-071-7875292,Mobile,+8550717875292
Metfone-071-7875293,Mobile,+8550717875293
Metfone-071-7875294,Mobile,+8550717875294
Metfone-071-7875295,Mobile,+8550717875295
Metfone-071-7875296,Mobile,+8550717875296
Metfone-071-7875297,Mobile,+8550717875297
Metfone-071-7875298,Mobile,+8550717875298
Metfone-071-7875299,Mobile,+8550717875299
Metfone-071-7875300,Mobile,+8550717875300
Metfone-071-7875301,Mobile,+8550717875301
Metfone-071-7875302,Mobile,+8550717875302
Metfone-071-7875303,Mobile,+8550717875303
Metfone-071-7875304,Mobile,+8550717875304
Metfone-071-7875305,Mobile,+8550717875305
Metfone-071-7875306,Mobile,+8550717875306
Metfone-071-7875307,Mobile,+8550717875307
Metfone-071-7875308,Mobile,+8550717875308
Metfone-071-7875309,Mobile,+8550717875309
Metfone-071-7875310,Mobile,+8550717875310
Metfone-071-7875311,Mobile,+8550717875311
Metfone-071-7875312,Mobile,+8550717875312
Metfone-071-7875313,Mobile,+8550717875313
Metfone-071-7875314,Mobile,+8550717875314
Metfone-071-7875315,Mobile,+8550717875315
Metfone-071-7875316,Mobile,+8550717875316
Metfone-071-7875317,Mobile,+8550717875317
Metfone-071-7875318,Mobile,+8550717875318
Metfone-071-7875319,Mobile,+8550717875319
Metfone-071-7875320,Mobile,+8550717875320
Metfone-071-7875321,Mobile,+8550717875321
Metfone-071-7875322,Mobile,+8550717875322
Metfone-071-7875323,Mobile,+8550717875323
Metfone-071-7875324,Mobile,+8550717875324
Metfone-071-7875325,Mobile,+8550717875325
Metfone-071-7875326,Mobile,+8550717875326
Metfone-071-7875327,Mobile,+8550717875327
Metfone-071-7875328,Mobile,+8550717875328
Metfone-071-7875329,Mobile,+8550717875329
Metfone-071-7875330,Mobile,+8550717875330
Metfone-071-7875331,Mobile,+8550717875331
Metfone-071-7875332,Mobile,+8550717875332
Metfone-071-7875333,Mobile,+8550717875333
Metfone-071-7875334,Mobile,+8550717875334
Metfone-071-7875335,Mobile,+8550717875335
Metfone-071-7875336,Mobile,+8550717875336
Metfone-071-7875337,Mobile,+8550717875337
Metfone-071-7875338,Mobile,+8550717875338
Metfone-071-7875339,Mobile,+8550717875339
Metfone-071-7875340,Mobile,+8550717875340
Metfone-071-7875341,Mobile,+8550717875341
Metfone-071-7875342,Mobile,+8550717875342
Metfone-071-7875343,Mobile,+8550717875343
Metfone-071-7875344,Mobile,+8550717875344
Metfone-071-7875345,Mobile,+8550717875345
Metfone-071-7875346,Mobile,+8550717875346
Metfone-071-7875347,Mobile,+8550717875347
Metfone-071-7875348,Mobile,+8550717875348
Metfone-071-7875349,Mobile,+8550717875349
Metfone-071-7875350,Mobile,+8550717875350
Metfone-071-7875351,Mobile,+8550717875351
Metfone-071-7875352,Mobile,+8550717875352
Metfone-071-7875353,Mobile,+8550717875353
Metfone-071-7875354,Mobile,+8550717875354
Metfone-071-7875355,Mobile,+8550717875355
Metfone-071-7875356,Mobile,+8550717875356
Metfone-071-7875357,Mobile,+8550717875357
Metfone-071-7875358,Mobile,+8550717875358
Metfone-071-7875359,Mobile,+8550717875359
Metfone-071-7875360,Mobile,+8550717875360
Metfone-071-7875361,Mobile,+8550717875361
Metfone-071-7875362,Mobile,+8550717875362
Metfone-071-7875363,Mobile,+8550717875363
Metfone-071-7875364,Mobile,+8550717875364
Metfone-071-7875365,Mobile,+8550717875365
Metfone-071-7875366,Mobile,+8550717875366
Metfone-071-7875367,Mobile,+8550717875367
Metfone-071-7875368,Mobile,+8550717875368
Metfone-071-7875369,Mobile,+8550717875369
Metfone-071-7875370,Mobile,+8550717875370
Metfone-071-7875371,Mobile,+8550717875371
Metfone-071-7875372,Mobile,+8550717875372
Metfone-071-7875373,Mobile,+8550717875373
Metfone-071-7875374,Mobile,+8550717875374
Metfone-071-7875375,Mobile,+8550717875375
Metfone-071-7875376,Mobile,+8550717875376
Metfone-071-7875377,Mobile,+8550717875377
Metfone-071-7875378,Mobile,+8550717875378
Metfone-071-7875379,Mobile,+8550717875379
Metfone-071-7875380,Mobile,+8550717875380
Metfone-071-7875381,Mobile,+8550717875381
Metfone-071-7875382,Mobile,+8550717875382
Metfone-071-7875383,Mobile,+8550717875383
Metfone-071-7875384,Mobile,+8550717875384
Metfone-071-7875385,Mobile,+8550717875385
Metfone-071-7875386,Mobile,+8550717875386
Metfone-071-7875387,Mobile,+8550717875387
Metfone-071-7875388,Mobile,+8550717875388
Metfone-071-7875389,Mobile,+8550717875389
Metfone-071-7875390,Mobile,+8550717875390
Metfone-071-7875391,Mobile,+8550717875391
Metfone-071-7875392,Mobile,+8550717875392
Metfone-071-7875393,Mobile,+8550717875393
Metfone-071-7875394,Mobile,+8550717875394
Metfone-071-7875395,Mobile,+8550717875395
Metfone-071-7875396,Mobile,+8550717875396
Metfone-071-7875397,Mobile,+8550717875397
Metfone-071-7875398,Mobile,+8550717875398
Metfone-071-7875399,Mobile,+8550717875399
Metfone-071-7875400,Mobile,+8550717875400
Metfone-071-7875401,Mobile,+8550717875401
Metfone-071-7875402,Mobile,+8550717875402
Metfone-071-7875403,Mobile,+8550717875403
Metfone-071-7875404,Mobile,+8550717875404
Metfone-071-7875405,Mobile,+8550717875405
Metfone-071-7875406,Mobile,+8550717875406
Metfone-071-7875407,Mobile,+8550717875407
Metfone-071-7875408,Mobile,+8550717875408
Metfone-071-7875409,Mobile,+8550717875409
Metfone-071-7875410,Mobile,+8550717875410
Metfone-071-7875411,Mobile,+8550717875411
Metfone-071-7875412,Mobile,+8550717875412
Metfone-071-7875413,Mobile,+8550717875413
Metfone-071-7875414,Mobile,+8550717875414
Metfone-071-7875415,Mobile,+8550717875415
Metfone-071-7875416,Mobile,+8550717875416
Metfone-071-7875417,Mobile,+8550717875417
Metfone-071-7875418,Mobile,+8550717875418
Metfone-071-7875419,Mobile,+8550717875419
Metfone-071-7875420,Mobile,+8550717875420
Metfone-071-7875421,Mobile,+8550717875421
Metfone-071-7875422,Mobile,+8550717875422
Metfone-071-7875423,Mobile,+8550717875423
Metfone-071-7875424,Mobile,+8550717875424
Metfone-071-7875425,Mobile,+8550717875425
Metfone-071-7875426,Mobile,+8550717875426
Metfone-071-7875427,Mobile,+8550717875427
Metfone-071-7875428,Mobile,+8550717875428
Metfone-071-7875429,Mobile,+8550717875429
Metfone-071-7875430,Mobile,+8550717875430
Metfone-071-7875431,Mobile,+8550717875431
Metfone-071-7875432,Mobile,+8550717875432
Metfone-071-7875433,Mobile,+8550717875433
Metfone-071-7875434,Mobile,+8550717875434
Metfone-071-7875435,Mobile,+8550717875435
Metfone-071-7875436,Mobile,+8550717875436
Metfone-071-7875437,Mobile,+8550717875437
Metfone-071-7875438,Mobile,+8550717875438
Metfone-071-7875439,Mobile,+8550717875439
Metfone-071-7875440,Mobile,+8550717875440
Metfone-071-7875441,Mobile,+8550717875441
Metfone-071-7875442,Mobile,+8550717875442
Metfone-071-7875443,Mobile,+8550717875443
Metfone-071-7875444,Mobile,+8550717875444
Metfone-071-7875445,Mobile,+8550717875445
Metfone-071-7875446,Mobile,+8550717875446
Metfone-071-7875447,Mobile,+8550717875447
Metfone-071-7875448,Mobile,+8550717875448
Metfone-071-7875449,Mobile,+8550717875449
Metfone-071-7875450,Mobile,+8550717875450
Metfone-071-7875451,Mobile,+8550717875451
Metfone-071-7875452,Mobile,+8550717875452
Metfone-071-7875453,Mobile,+8550717875453
Metfone-071-7875454,Mobile,+8550717875454
Metfone-071-7875455,Mobile,+8550717875455
Metfone-071-7875456,Mobile,+8550717875456
Metfone-071-7875457,Mobile,+8550717875457
Metfone-071-7875458,Mobile,+8550717875458
Metfone-071-7875459,Mobile,+8550717875459
Metfone-071-7875460,Mobile,+8550717875460
Metfone-071-7875461,Mobile,+8550717875461
Metfone-071-7875462,Mobile,+8550717875462
Metfone-071-7875463,Mobile,+8550717875463
Metfone-071-7875464,Mobile,+8550717875464
Metfone-071-7875465,Mobile,+8550717875465
Metfone-071-7875466,Mobile,+8550717875466
Metfone-071-7875467,Mobile,+8550717875467
Metfone-071-7875468,Mobile,+8550717875468
Metfone-071-7875469,Mobile,+8550717875469
Metfone-071-7875470,Mobile,+8550717875470
Metfone-071-7875471,Mobile,+8550717875471
Metfone-071-7875472,Mobile,+8550717875472
Metfone-071-7875473,Mobile,+8550717875473
Metfone-071-7875474,Mobile,+8550717875474
Metfone-071-7875475,Mobile,+8550717875475
Metfone-071-7875476,Mobile,+8550717875476
Metfone-071-7875477,Mobile,+8550717875477
Metfone-071-7875478,Mobile,+8550717875478
Metfone-071-7875479,Mobile,+8550717875479
Metfone-071-7875480,Mobile,+8550717875480
Metfone-071-7875481,Mobile,+8550717875481
Metfone-071-7875482,Mobile,+8550717875482
Metfone-071-7875483,Mobile,+8550717875483
Metfone-071-7875484,Mobile,+8550717875484
Metfone-071-7875485,Mobile,+8550717875485
Metfone-071-7875486,Mobile,+8550717875486
Metfone-071-7875487,Mobile,+8550717875487
Metfone-071-7875488,Mobile,+8550717875488
Metfone-071-7875489,Mobile,+8550717875489
Metfone-071-7875490,Mobile,+8550717875490
Metfone-071-7875491,Mobile,+8550717875491
Metfone-071-7875492,Mobile,+8550717875492
Metfone-071-7875493,Mobile,+8550717875493
Metfone-071-7875494,Mobile,+8550717875494
Metfone-071-7875495,Mobile,+8550717875495
Metfone-071-7875496,Mobile,+8550717875496
Metfone-071-7875497,Mobile,+8550717875497
Metfone-071-7875498,Mobile,+8550717875498
Metfone-071-7875499,Mobile,+8550717875499
Metfone-071-7875500,Mobile,+8550717875500
Metfone-071-7875501,Mobile,+8550717875501
Metfone-071-7875502,Mobile,+8550717875502
Metfone-071-7875503,Mobile,+8550717875503
Metfone-071-7875504,Mobile,+8550717875504
Metfone-071-7875505,Mobile,+8550717875505
Metfone-071-7875506,Mobile,+8550717875506
Metfone-071-7875507,Mobile,+8550717875507
Metfone-071-7875508,Mobile,+8550717875508
Metfone-071-7875509,Mobile,+8550717875509
Metfone-071-7875510,Mobile,+8550717875510
Metfone-071-7875511,Mobile,+8550717875511
Metfone-071-7875512,Mobile,+8550717875512
Metfone-071-7875513,Mobile,+8550717875513
Metfone-071-7875514,Mobile,+8550717875514
Metfone-071-7875515,Mobile,+8550717875515
Metfone-071-7875516,Mobile,+8550717875516
Metfone-071-7875517,Mobile,+8550717875517
Metfone-071-7875518,Mobile,+8550717875518
Metfone-071-7875519,Mobile,+8550717875519
Metfone-071-7875520,Mobile,+8550717875520
Metfone-071-7875521,Mobile,+8550717875521
Metfone-071-7875522,Mobile,+8550717875522
Metfone-071-7875523,Mobile,+8550717875523
Metfone-071-7875524,Mobile,+8550717875524
Metfone-071-7875525,Mobile,+8550717875525
Metfone-071-7875526,Mobile,+8550717875526
Metfone-071-7875527,Mobile,+8550717875527
Metfone-071-7875528,Mobile,+8550717875528
Metfone-071-7875529,Mobile,+8550717875529
Metfone-071-7875530,Mobile,+8550717875530
Metfone-071-7875531,Mobile,+8550717875531
Metfone-071-7875532,Mobile,+8550717875532
Metfone-071-7875533,Mobile,+8550717875533
Metfone-071-7875534,Mobile,+8550717875534
Metfone-071-7875535,Mobile,+8550717875535
Metfone-071-7875536,Mobile,+8550717875536
Metfone-071-7875537,Mobile,+8550717875537
Metfone-071-7875538,Mobile,+8550717875538
Metfone-071-7875539,Mobile,+8550717875539
Metfone-071-7875540,Mobile,+8550717875540
Metfone-071-7875541,Mobile,+8550717875541
Metfone-071-7875542,Mobile,+8550717875542
Metfone-071-7875543,Mobile,+8550717875543
Metfone-071-7875544,Mobile,+8550717875544
Metfone-071-7875545,Mobile,+8550717875545
Metfone-071-7875546,Mobile,+8550717875546
Metfone-071-7875547,Mobile,+8550717875547
Metfone-071-7875548,Mobile,+8550717875548
Metfone-071-7875549,Mobile,+8550717875549
Metfone-071-7875550,Mobile,+8550717875550
Metfone-071-7875551,Mobile,+8550717875551
Metfone-071-7875552,Mobile,+8550717875552
Metfone-071-7875553,Mobile,+8550717875553
Metfone-071-7875554,Mobile,+8550717875554
Metfone-071-7875555,Mobile,+8550717875555
Metfone-071-7875556,Mobile,+8550717875556
Metfone-071-7875557,Mobile,+8550717875557
Metfone-071-7875558,Mobile,+8550717875558
Metfone-071-7875559,Mobile,+8550717875559
Metfone-071-7875560,Mobile,+8550717875560
Metfone-071-7875561,Mobile,+8550717875561
Metfone-071-7875562,Mobile,+8550717875562
Metfone-071-7875563,Mobile,+8550717875563
Metfone-071-7875564,Mobile,+8550717875564
Metfone-071-7875565,Mobile,+8550717875565
Metfone-071-7875566,Mobile,+8550717875566
Metfone-071-7875567,Mobile,+8550717875567
Metfone-071-7875568,Mobile,+8550717875568
Metfone-071-7875569,Mobile,+8550717875569
Metfone-071-7875570,Mobile,+8550717875570
Metfone-071-7875571,Mobile,+8550717875571
Metfone-071-7875572,Mobile,+8550717875572
Metfone-071-7875573,Mobile,+8550717875573
Metfone-071-7875574,Mobile,+8550717875574
Metfone-071-7875575,Mobile,+8550717875575
Metfone-071-7875576,Mobile,+8550717875576
Metfone-071-7875577,Mobile,+8550717875577
Metfone-071-7875578,Mobile,+8550717875578
Metfone-071-7875579,Mobile,+8550717875579
Metfone-071-7875580,Mobile,+8550717875580
Metfone-071-7875581,Mobile,+8550717875581
Metfone-071-7875582,Mobile,+8550717875582
Metfone-071-7875583,Mobile,+8550717875583
Metfone-071-7875584,Mobile,+8550717875584
Metfone-071-7875585,Mobile,+8550717875585
Metfone-071-7875586,Mobile,+8550717875586
Metfone-071-7875587,Mobile,+8550717875587
Metfone-071-7875588,Mobile,+8550717875588
Metfone-071-7875589,Mobile,+8550717875589
Metfone-071-7875590,Mobile,+8550717875590
Metfone-071-7875591,Mobile,+8550717875591
Metfone-071-7875592,Mobile,+8550717875592
Metfone-071-7875593,Mobile,+8550717875593
Metfone-071-7875594,Mobile,+8550717875594
Metfone-071-7875595,Mobile,+8550717875595
Metfone-071-7875596,Mobile,+8550717875596
Metfone-071-7875597,Mobile,+8550717875597
Metfone-071-7875598,Mobile,+8550717875598
Metfone-071-7875599,Mobile,+8550717875599
Metfone-071-7875600,Mobile,+8550717875600
Metfone-071-7875601,Mobile,+8550717875601
Metfone-071-7875602,Mobile,+8550717875602
Metfone-071-7875603,Mobile,+8550717875603
Metfone-071-7875604,Mobile,+8550717875604
Metfone-071-7875605,Mobile,+8550717875605
Metfone-071-7875606,Mobile,+8550717875606
Metfone-071-7875607,Mobile,+8550717875607
Metfone-071-7875608,Mobile,+8550717875608
Metfone-071-7875609,Mobile,+8550717875609
Metfone-071-7875610,Mobile,+8550717875610
Metfone-071-7875611,Mobile,+8550717875611
Metfone-071-7875612,Mobile,+8550717875612
Metfone-071-7875613,Mobile,+8550717875613
Metfone-071-7875614,Mobile,+8550717875614
Metfone-071-7875615,Mobile,+8550717875615
Metfone-071-7875616,Mobile,+8550717875616
Metfone-071-7875617,Mobile,+8550717875617
Metfone-071-7875618,Mobile,+8550717875618
Metfone-071-7875619,Mobile,+8550717875619
Metfone-071-7875620,Mobile,+8550717875620
Metfone-071-7875621,Mobile,+8550717875621
Metfone-071-7875622,Mobile,+8550717875622
Metfone-071-7875623,Mobile,+8550717875623
Metfone-071-7875624,Mobile,+8550717875624
Metfone-071-7875625,Mobile,+8550717875625
Metfone-071-7875626,Mobile,+8550717875626
Metfone-071-7875627,Mobile,+8550717875627
Metfone-071-7875628,Mobile,+8550717875628
Metfone-071-7875629,Mobile,+8550717875629
Metfone-071-7875630,Mobile,+8550717875630
Metfone-071-7875631,Mobile,+8550717875631
Metfone-071-7875632,Mobile,+8550717875632
Metfone-071-7875633,Mobile,+8550717875633
Metfone-071-7875634,Mobile,+8550717875634
Metfone-071-7875635,Mobile,+8550717875635
Metfone-071-7875636,Mobile,+8550717875636
Metfone-071-7875637,Mobile,+8550717875637
Metfone-071-7875638,Mobile,+8550717875638
Metfone-071-7875639,Mobile,+8550717875639
Metfone-071-7875640,Mobile,+8550717875640
Metfone-071-7875641,Mobile,+8550717875641
Metfone-071-7875642,Mobile,+8550717875642
Metfone-071-7875643,Mobile,+8550717875643
Metfone-071-7875644,Mobile,+8550717875644
Metfone-071-7875645,Mobile,+8550717875645
Metfone-071-7875646,Mobile,+8550717875646
Metfone-071-7875647,Mobile,+8550717875647
Metfone-071-7875648,Mobile,+8550717875648
Metfone-071-7875649,Mobile,+8550717875649
Metfone-071-7875650,Mobile,+8550717875650
Metfone-071-7875651,Mobile,+8550717875651
Metfone-071-7875652,Mobile,+8550717875652
Metfone-071-7875653,Mobile,+8550717875653
Metfone-071-7875654,Mobile,+8550717875654
Metfone-071-7875655,Mobile,+8550717875655
Metfone-071-7875656,Mobile,+8550717875656
Metfone-071-7875657,Mobile,+8550717875657
Metfone-071-7875658,Mobile,+8550717875658
Metfone-071-7875659,Mobile,+8550717875659
Metfone-071-7875660,Mobile,+8550717875660
Metfone-071-7875661,Mobile,+8550717875661
Metfone-071-7875662,Mobile,+8550717875662
Metfone-071-7875663,Mobile,+8550717875663
Metfone-071-7875664,Mobile,+8550717875664
Metfone-071-7875665,Mobile,+8550717875665
Metfone-071-7875666,Mobile,+8550717875666
Metfone-071-7875667,Mobile,+8550717875667
Metfone-071-7875668,Mobile,+8550717875668
Metfone-071-7875669,Mobile,+8550717875669
Metfone-071-7875670,Mobile,+8550717875670
Metfone-071-7875671,Mobile,+8550717875671
Metfone-071-7875672,Mobile,+8550717875672
Metfone-071-7875673,Mobile,+8550717875673
Metfone-071-7875674,Mobile,+8550717875674
Metfone-071-7875675,Mobile,+8550717875675
Metfone-071-7875676,Mobile,+8550717875676
Metfone-071-7875677,Mobile,+8550717875677
Metfone-071-7875678,Mobile,+8550717875678
Metfone-071-7875679,Mobile,+8550717875679
Metfone-071-7875680,Mobile,+8550717875680
Metfone-071-7875681,Mobile,+8550717875681
Metfone-071-7875682,Mobile,+8550717875682
Metfone-071-7875683,Mobile,+8550717875683
Metfone-071-7875684,Mobile,+8550717875684
Metfone-071-7875685,Mobile,+8550717875685
Metfone-071-7875686,Mobile,+8550717875686
Metfone-071-7875687,Mobile,+8550717875687
Metfone-071-7875688,Mobile,+8550717875688
Metfone-071-7875689,Mobile,+8550717875689
Metfone-071-7875690,Mobile,+8550717875690
Metfone-071-7875691,Mobile,+8550717875691
Metfone-071-7875692,Mobile,+8550717875692
Metfone-071-7875693,Mobile,+8550717875693
Metfone-071-7875694,Mobile,+8550717875694
Metfone-071-7875695,Mobile,+8550717875695
Metfone-071-7875696,Mobile,+8550717875696
Metfone-071-7875697,Mobile,+8550717875697
Metfone-071-7875698,Mobile,+8550717875698
Metfone-071-7875699,Mobile,+8550717875699
Metfone-071-7875700,Mobile,+8550717875700
Metfone-071-7875701,Mobile,+8550717875701
Metfone-071-7875702,Mobile,+8550717875702
Metfone-071-7875703,Mobile,+8550717875703
Metfone-071-7875704,Mobile,+8550717875704
Metfone-071-7875705,Mobile,+8550717875705
Metfone-071-7875706,Mobile,+8550717875706
Metfone-071-7875707,Mobile,+8550717875707
Metfone-071-7875708,Mobile,+8550717875708
Metfone-071-7875709,Mobile,+8550717875709
Metfone-071-7875710,Mobile,+8550717875710
Metfone-071-7875711,Mobile,+8550717875711
Metfone-071-7875712,Mobile,+8550717875712
Metfone-071-7875713,Mobile,+8550717875713
Metfone-071-7875714,Mobile,+8550717875714
Metfone-071-7875715,Mobile,+8550717875715
Metfone-071-7875716,Mobile,+8550717875716
Metfone-071-7875717,Mobile,+8550717875717
Metfone-071-7875718,Mobile,+8550717875718
Metfone-071-7875719,Mobile,+8550717875719
Metfone-071-7875720,Mobile,+8550717875720
Metfone-071-7875721,Mobile,+8550717875721
Metfone-071-7875722,Mobile,+8550717875722
Metfone-071-7875723,Mobile,+8550717875723
Metfone-071-7875724,Mobile,+8550717875724
Metfone-071-7875725,Mobile,+8550717875725
Metfone-071-7875726,Mobile,+8550717875726
Metfone-071-7875727,Mobile,+8550717875727
Metfone-071-7875728,Mobile,+8550717875728
Metfone-071-7875729,Mobile,+8550717875729
Metfone-071-7875730,Mobile,+8550717875730
Metfone-071-7875731,Mobile,+8550717875731
Metfone-071-7875732,Mobile,+8550717875732
Metfone-071-7875733,Mobile,+8550717875733
Metfone-071-7875734,Mobile,+8550717875734
Metfone-071-7875735,Mobile,+8550717875735
Metfone-071-7875736,Mobile,+8550717875736
Metfone-071-7875737,Mobile,+8550717875737
Metfone-071-7875738,Mobile,+8550717875738
Metfone-071-7875739,Mobile,+8550717875739
Metfone-071-7875740,Mobile,+8550717875740
Metfone-071-7875741,Mobile,+8550717875741
Metfone-071-7875742,Mobile,+8550717875742
Metfone-071-7875743,Mobile,+8550717875743
Metfone-071-7875744,Mobile,+8550717875744
Metfone-071-7875745,Mobile,+8550717875745
Metfone-071-7875746,Mobile,+8550717875746
Metfone-071-7875747,Mobile,+8550717875747
Metfone-071-7875748,Mobile,+8550717875748
Metfone-071-7875749,Mobile,+8550717875749
Metfone-071-7875750,Mobile,+8550717875750
Metfone-071-7875751,Mobile,+8550717875751
Metfone-071-7875752,Mobile,+8550717875752
Metfone-071-7875753,Mobile,+8550717875753
Metfone-071-7875754,Mobile,+8550717875754
Metfone-071-7875755,Mobile,+8550717875755
Metfone-071-7875756,Mobile,+8550717875756
Metfone-071-7875757,Mobile,+8550717875757
Metfone-071-7875758,Mobile,+8550717875758
Metfone-071-7875759,Mobile,+8550717875759
Metfone-071-7875760,Mobile,+8550717875760
Metfone-071-7875761,Mobile,+8550717875761
Metfone-071-7875762,Mobile,+8550717875762
Metfone-071-7875763,Mobile,+8550717875763
Metfone-071-7875764,Mobile,+8550717875764
Metfone-071-7875765,Mobile,+8550717875765
Metfone-071-7875766,Mobile,+8550717875766
Metfone-071-7875767,Mobile,+8550717875767
Metfone-071-7875768,Mobile,+8550717875768
Metfone-071-7875769,Mobile,+8550717875769
Metfone-071-7875770,Mobile,+8550717875770
Metfone-071-7875771,Mobile,+8550717875771
Metfone-071-7875772,Mobile,+8550717875772
Metfone-071-7875773,Mobile,+8550717875773
Metfone-071-7875774,Mobile,+8550717875774
Metfone-071-7875775,Mobile,+8550717875775
Metfone-071-7875776,Mobile,+8550717875776
Metfone-071-7875777,Mobile,+8550717875777
Metfone-071-7875778,Mobile,+8550717875778
Metfone-071-7875779,Mobile,+8550717875779
Metfone-071-7875780,Mobile,+8550717875780
Metfone-071-7875781,Mobile,+8550717875781
Metfone-071-7875782,Mobile,+8550717875782
Metfone-071-7875783,Mobile,+8550717875783
Metfone-071-7875784,Mobile,+8550717875784
Metfone-071-7875785,Mobile,+8550717875785
Metfone-071-7875786,Mobile,+8550717875786
Metfone-071-7875787,Mobile,+8550717875787
Metfone-071-7875788,Mobile,+8550717875788
Metfone-071-7875789,Mobile,+8550717875789
Metfone-071-7875790,Mobile,+8550717875790
Metfone-071-7875791,Mobile,+8550717875791
Metfone-071-7875792,Mobile,+8550717875792
Metfone-071-7875793,Mobile,+8550717875793
Metfone-071-7875794,Mobile,+8550717875794
Metfone-071-7875795,Mobile,+8550717875795
Metfone-071-7875796,Mobile,+8550717875796
Metfone-071-7875797,Mobile,+8550717875797
Metfone-071-7875798,Mobile,+8550717875798
Metfone-071-7875799,Mobile,+8550717875799
Metfone-071-7875800,Mobile,+8550717875800
Metfone-071-7875801,Mobile,+8550717875801
Metfone-071-7875802,Mobile,+8550717875802
Metfone-071-7875803,Mobile,+8550717875803
Metfone-071-7875804,Mobile,+8550717875804
Metfone-071-7875805,Mobile,+8550717875805
Metfone-071-7875806,Mobile,+8550717875806
Metfone-071-7875807,Mobile,+8550717875807
Metfone-071-7875808,Mobile,+8550717875808
Metfone-071-7875809,Mobile,+8550717875809
Metfone-071-7875810,Mobile,+8550717875810
Metfone-071-7875811,Mobile,+8550717875811
Metfone-071-7875812,Mobile,+8550717875812
Metfone-071-7875813,Mobile,+8550717875813
Metfone-071-7875814,Mobile,+8550717875814
Metfone-071-7875815,Mobile,+8550717875815
Metfone-071-7875816,Mobile,+8550717875816
Metfone-071-7875817,Mobile,+8550717875817
Metfone-071-7875818,Mobile,+8550717875818
Metfone-071-7875819,Mobile,+8550717875819
Metfone-071-7875820,Mobile,+8550717875820
Metfone-071-7875821,Mobile,+8550717875821
Metfone-071-7875822,Mobile,+8550717875822
Metfone-071-7875823,Mobile,+8550717875823
Metfone-071-7875824,Mobile,+8550717875824
Metfone-071-7875825,Mobile,+8550717875825
Metfone-071-7875826,Mobile,+8550717875826
Metfone-071-7875827,Mobile,+8550717875827
Metfone-071-7875828,Mobile,+8550717875828
Metfone-071-7875829,Mobile,+8550717875829
Metfone-071-7875830,Mobile,+8550717875830
Metfone-071-7875831,Mobile,+8550717875831
Metfone-071-7875832,Mobile,+8550717875832
Metfone-071-7875833,Mobile,+8550717875833
Metfone-071-7875834,Mobile,+8550717875834
Metfone-071-7875835,Mobile,+8550717875835
Metfone-071-7875836,Mobile,+8550717875836
Metfone-071-7875837,Mobile,+8550717875837
Metfone-071-7875838,Mobile,+8550717875838
Metfone-071-7875839,Mobile,+8550717875839
Metfone-071-7875840,Mobile,+8550717875840
Metfone-071-7875841,Mobile,+8550717875841
Metfone-071-7875842,Mobile,+8550717875842
Metfone-071-7875843,Mobile,+8550717875843
Metfone-071-7875844,Mobile,+8550717875844
Metfone-071-7875845,Mobile,+8550717875845
Metfone-071-7875846,Mobile,+8550717875846
Metfone-071-7875847,Mobile,+8550717875847
Metfone-071-7875848,Mobile,+8550717875848
Metfone-071-7875849,Mobile,+8550717875849
Metfone-071-7875850,Mobile,+8550717875850
Metfone-071-7875851,Mobile,+8550717875851
Metfone-071-7875852,Mobile,+8550717875852
Metfone-071-7875853,Mobile,+8550717875853
Metfone-071-7875854,Mobile,+8550717875854
Metfone-071-7875855,Mobile,+8550717875855
Metfone-071-7875856,Mobile,+8550717875856
Metfone-071-7875857,Mobile,+8550717875857
Metfone-071-7875858,Mobile,+8550717875858
Metfone-071-7875859,Mobile,+8550717875859
Metfone-071-7875860,Mobile,+8550717875860
Metfone-071-7875861,Mobile,+8550717875861
Metfone-071-7875862,Mobile,+8550717875862
Metfone-071-7875863,Mobile,+8550717875863
Metfone-071-7875864,Mobile,+8550717875864
Metfone-071-7875865,Mobile,+8550717875865
Metfone-071-7875866,Mobile,+8550717875866
Metfone-071-7875867,Mobile,+8550717875867
Metfone-071-7875868,Mobile,+8550717875868
Metfone-071-7875869,Mobile,+8550717875869
Metfone-071-7875870,Mobile,+8550717875870
Metfone-071-7875871,Mobile,+8550717875871
Metfone-071-7875872,Mobile,+8550717875872
Metfone-071-7875873,Mobile,+8550717875873
Metfone-071-7875874,Mobile,+8550717875874
Metfone-071-7875875,Mobile,+8550717875875
Metfone-071-7875876,Mobile,+8550717875876
Metfone-071-7875877,Mobile,+8550717875877
Metfone-071-7875878,Mobile,+8550717875878
Metfone-071-7875879,Mobile,+8550717875879
Metfone-071-7875880,Mobile,+8550717875880
Metfone-071-7875881,Mobile,+8550717875881
Metfone-071-7875882,Mobile,+8550717875882
Metfone-071-7875883,Mobile,+8550717875883
Metfone-071-7875884,Mobile,+8550717875884
Metfone-071-7875885,Mobile,+8550717875885
Metfone-071-7875886,Mobile,+8550717875886
Metfone-071-7875887,Mobile,+8550717875887
Metfone-071-7875888,Mobile,+8550717875888
Metfone-071-7875889,Mobile,+8550717875889
Metfone-071-7875890,Mobile,+8550717875890
Metfone-071-7875891,Mobile,+8550717875891
Metfone-071-7875892,Mobile,+8550717875892
Metfone-071-7875893,Mobile,+8550717875893
Metfone-071-7875894,Mobile,+8550717875894
Metfone-071-7875895,Mobile,+8550717875895
Metfone-071-7875896,Mobile,+8550717875896
Metfone-071-7875897,Mobile,+8550717875897
Metfone-071-7875898,Mobile,+8550717875898
Metfone-071-7875899,Mobile,+8550717875899
Metfone-071-7875900,Mobile,+8550717875900
Metfone-071-7875901,Mobile,+8550717875901
Metfone-071-7875902,Mobile,+8550717875902
Metfone-071-7875903,Mobile,+8550717875903
Metfone-071-7875904,Mobile,+8550717875904
Metfone-071-7875905,Mobile,+8550717875905
Metfone-071-7875906,Mobile,+8550717875906
Metfone-071-7875907,Mobile,+8550717875907
Metfone-071-7875908,Mobile,+8550717875908
Metfone-071-7875909,Mobile,+8550717875909
Metfone-071-7875910,Mobile,+8550717875910
Metfone-071-7875911,Mobile,+8550717875911
Metfone-071-7875912,Mobile,+8550717875912
Metfone-071-7875913,Mobile,+8550717875913
Metfone-071-7875914,Mobile,+8550717875914
Metfone-071-7875915,Mobile,+8550717875915
Metfone-071-7875916,Mobile,+8550717875916
Metfone-071-7875917,Mobile,+8550717875917
Metfone-071-7875918,Mobile,+8550717875918
Metfone-071-7875919,Mobile,+8550717875919
Metfone-071-7875920,Mobile,+8550717875920
Metfone-071-7875921,Mobile,+8550717875921
Metfone-071-7875922,Mobile,+8550717875922
Metfone-071-7875923,Mobile,+8550717875923
Metfone-071-7875924,Mobile,+8550717875924
Metfone-071-7875925,Mobile,+8550717875925
Metfone-071-7875926,Mobile,+8550717875926
Metfone-071-7875927,Mobile,+8550717875927
Metfone-071-7875928,Mobile,+8550717875928
Metfone-071-7875929,Mobile,+8550717875929
Metfone-071-7875930,Mobile,+8550717875930
Metfone-071-7875931,Mobile,+8550717875931
Metfone-071-7875932,Mobile,+8550717875932
Metfone-071-7875933,Mobile,+8550717875933
Metfone-071-7875934,Mobile,+8550717875934
Metfone-071-7875935,Mobile,+8550717875935
Metfone-071-7875936,Mobile,+8550717875936
Metfone-071-7875937,Mobile,+8550717875937
Metfone-071-7875938,Mobile,+8550717875938
Metfone-071-7875939,Mobile,+8550717875939
Metfone-071-7875940,Mobile,+8550717875940
Metfone-071-7875941,Mobile,+8550717875941
Metfone-071-7875942,Mobile,+8550717875942
Metfone-071-7875943,Mobile,+8550717875943
Metfone-071-7875944,Mobile,+8550717875944
Metfone-071-7875945,Mobile,+8550717875945
Metfone-071-7875946,Mobile,+8550717875946
Metfone-071-7875947,Mobile,+8550717875947
Metfone-071-7875948,Mobile,+8550717875948
Metfone-071-7875949,Mobile,+8550717875949
Metfone-071-7875950,Mobile,+8550717875950
Metfone-071-7875951,Mobile,+8550717875951
Metfone-071-7875952,Mobile,+8550717875952
Metfone-071-7875953,Mobile,+8550717875953
Metfone-071-7875954,Mobile,+8550717875954
Metfone-071-7875955,Mobile,+8550717875955
Metfone-071-7875956,Mobile,+8550717875956
Metfone-071-7875957,Mobile,+8550717875957
Metfone-071-7875958,Mobile,+8550717875958
Metfone-071-7875959,Mobile,+8550717875959
Metfone-071-7875960,Mobile,+8550717875960
Metfone-071-7875961,Mobile,+8550717875961
Metfone-071-7875962,Mobile,+8550717875962
Metfone-071-7875963,Mobile,+8550717875963
Metfone-071-7875964,Mobile,+8550717875964
Metfone-071-7875965,Mobile,+8550717875965
Metfone-071-7875966,Mobile,+8550717875966
Metfone-071-7875967,Mobile,+8550717875967
Metfone-071-7875968,Mobile,+8550717875968
Metfone-071-7875969,Mobile,+8550717875969
Metfone-071-7875970,Mobile,+8550717875970
Metfone-071-7875971,Mobile,+8550717875971
Metfone-071-7875972,Mobile,+8550717875972
Metfone-071-7875973,Mobile,+8550717875973
Metfone-071-7875974,Mobile,+8550717875974
Metfone-071-7875975,Mobile,+8550717875975
Metfone-071-7875976,Mobile,+8550717875976
Metfone-071-7875977,Mobile,+8550717875977
Metfone-071-7875978,Mobile,+8550717875978
Metfone-071-7875979,Mobile,+8550717875979
Metfone-071-7875980,Mobile,+8550717875980
Metfone-071-7875981,Mobile,+8550717875981
Metfone-071-7875982,Mobile,+8550717875982
Metfone-071-7875983,Mobile,+8550717875983
Metfone-071-7875984,Mobile,+8550717875984
Metfone-071-7875985,Mobile,+8550717875985
Metfone-071-7875986,Mobile,+8550717875986
Metfone-071-7875987,Mobile,+8550717875987
Metfone-071-7875988,Mobile,+8550717875988
Metfone-071-7875989,Mobile,+8550717875989
Metfone-071-7875990,Mobile,+8550717875990
Metfone-071-7875991,Mobile,+8550717875991
Metfone-071-7875992,Mobile,+8550717875992
Metfone-071-7875993,Mobile,+8550717875993
Metfone-071-7875994,Mobile,+8550717875994
Metfone-071-7875995,Mobile,+8550717875995
Metfone-071-7875996,Mobile,+8550717875996
Metfone-071-7875997,Mobile,+8550717875997
Metfone-071-7875998,Mobile,+8550717875998
Metfone-071-7875999,Mobile,+8550717875999
Metfone-071-7876000,Mobile,+8550717876000
Metfone-071-7876001,Mobile,+8550717876001
Metfone-071-7876002,Mobile,+8550717876002
Metfone-071-7876003,Mobile,+8550717876003
Metfone-071-7876004,Mobile,+8550717876004
Metfone-071-7876005,Mobile,+8550717876005
Metfone-071-7876006,Mobile,+8550717876006
Metfone-071-7876007,Mobile,+8550717876007
Metfone-071-7876008,Mobile,+8550717876008
Metfone-071-7876009,Mobile,+8550717876009
Metfone-071-7876010,Mobile,+8550717876010
Metfone-071-7876011,Mobile,+8550717876011
Metfone-071-7876012,Mobile,+8550717876012
Metfone-071-7876013,Mobile,+8550717876013
Metfone-071-7876014,Mobile,+8550717876014
Metfone-071-7876015,Mobile,+8550717876015
Metfone-071-7876016,Mobile,+8550717876016
Metfone-071-7876017,Mobile,+8550717876017
Metfone-071-7876018,Mobile,+8550717876018
Metfone-071-7876019,Mobile,+8550717876019
Metfone-071-7876020,Mobile,+8550717876020
Metfone-071-7876021,Mobile,+8550717876021
Metfone-071-7876022,Mobile,+8550717876022
Metfone-071-7876023,Mobile,+8550717876023
Metfone-071-7876024,Mobile,+8550717876024
Metfone-071-7876025,Mobile,+8550717876025
Metfone-071-7876026,Mobile,+8550717876026
Metfone-071-7876027,Mobile,+8550717876027
Metfone-071-7876028,Mobile,+8550717876028
Metfone-071-7876029,Mobile,+8550717876029
Metfone-071-7876030,Mobile,+8550717876030
Metfone-071-7876031,Mobile,+8550717876031
Metfone-071-7876032,Mobile,+8550717876032
Metfone-071-7876033,Mobile,+8550717876033
Metfone-071-7876034,Mobile,+8550717876034
Metfone-071-7876035,Mobile,+8550717876035
Metfone-071-7876036,Mobile,+8550717876036
Metfone-071-7876037,Mobile,+8550717876037
Metfone-071-7876038,Mobile,+8550717876038
Metfone-071-7876039,Mobile,+8550717876039
Metfone-071-7876040,Mobile,+8550717876040
Metfone-071-7876041,Mobile,+8550717876041
Metfone-071-7876042,Mobile,+8550717876042
Metfone-071-7876043,Mobile,+8550717876043
Metfone-071-7876044,Mobile,+8550717876044
Metfone-071-7876045,Mobile,+8550717876045
Metfone-071-7876046,Mobile,+8550717876046
Metfone-071-7876047,Mobile,+8550717876047
Metfone-071-7876048,Mobile,+8550717876048
Metfone-071-7876049,Mobile,+8550717876049
Metfone-071-7876050,Mobile,+8550717876050
Metfone-071-7876051,Mobile,+8550717876051
Metfone-071-7876052,Mobile,+8550717876052
Metfone-071-7876053,Mobile,+8550717876053
Metfone-071-7876054,Mobile,+8550717876054
Metfone-071-7876055,Mobile,+8550717876055
Metfone-071-7876056,Mobile,+8550717876056
Metfone-071-7876057,Mobile,+8550717876057
Metfone-071-7876058,Mobile,+8550717876058
Metfone-071-7876059,Mobile,+8550717876059
Metfone-071-7876060,Mobile,+8550717876060
Metfone-071-7876061,Mobile,+8550717876061
Metfone-071-7876062,Mobile,+8550717876062
Metfone-071-7876063,Mobile,+8550717876063
Metfone-071-7876064,Mobile,+8550717876064
Metfone-071-7876065,Mobile,+8550717876065
Metfone-071-7876066,Mobile,+8550717876066
Metfone-071-7876067,Mobile,+8550717876067
Metfone-071-7876068,Mobile,+8550717876068
Metfone-071-7876069,Mobile,+8550717876069
Metfone-071-7876070,Mobile,+8550717876070
Metfone-071-7876071,Mobile,+8550717876071
Metfone-071-7876072,Mobile,+8550717876072
Metfone-071-7876073,Mobile,+8550717876073
Metfone-071-7876074,Mobile,+8550717876074
Metfone-071-7876075,Mobile,+8550717876075
Metfone-071-7876076,Mobile,+8550717876076
Metfone-071-7876077,Mobile,+8550717876077
Metfone-071-7876078,Mobile,+8550717876078
Metfone-071-7876079,Mobile,+8550717876079
Metfone-071-7876080,Mobile,+8550717876080
Metfone-071-7876081,Mobile,+8550717876081
Metfone-071-7876082,Mobile,+8550717876082
Metfone-071-7876083,Mobile,+8550717876083
Metfone-071-7876084,Mobile,+8550717876084
Metfone-071-7876085,Mobile,+8550717876085
Metfone-071-7876086,Mobile,+8550717876086
Metfone-071-7876087,Mobile,+8550717876087
Metfone-071-7876088,Mobile,+8550717876088
Metfone-071-7876089,Mobile,+8550717876089
Metfone-071-7876090,Mobile,+8550717876090
Metfone-071-7876091,Mobile,+8550717876091
Metfone-071-7876092,Mobile,+8550717876092
Metfone-071-7876093,Mobile,+8550717876093
Metfone-071-7876094,Mobile,+8550717876094
Metfone-071-7876095,Mobile,+8550717876095
Metfone-071-7876096,Mobile,+8550717876096
Metfone-071-7876097,Mobile,+8550717876097
Metfone-071-7876098,Mobile,+8550717876098
Metfone-071-7876099,Mobile,+8550717876099
Metfone-071-7876100,Mobile,+8550717876100
Metfone-071-7876101,Mobile,+8550717876101
Metfone-071-7876102,Mobile,+8550717876102
Metfone-071-7876103,Mobile,+8550717876103
Metfone-071-7876104,Mobile,+8550717876104
Metfone-071-7876105,Mobile,+8550717876105
Metfone-071-7876106,Mobile,+8550717876106
Metfone-071-7876107,Mobile,+8550717876107
Metfone-071-7876108,Mobile,+8550717876108
Metfone-071-7876109,Mobile,+8550717876109
Metfone-071-7876110,Mobile,+8550717876110
Metfone-071-7876111,Mobile,+8550717876111
Metfone-071-7876112,Mobile,+8550717876112
Metfone-071-7876113,Mobile,+8550717876113
Metfone-071-7876114,Mobile,+8550717876114
Metfone-071-7876115,Mobile,+8550717876115
Metfone-071-7876116,Mobile,+8550717876116
Metfone-071-7876117,Mobile,+8550717876117
Metfone-071-7876118,Mobile,+8550717876118
Metfone-071-7876119,Mobile,+8550717876119
Metfone-071-7876120,Mobile,+8550717876120
Metfone-071-7876121,Mobile,+8550717876121
Metfone-071-7876122,Mobile,+8550717876122
Metfone-071-7876123,Mobile,+8550717876123
Metfone-071-7876124,Mobile,+8550717876124
Metfone-071-7876125,Mobile,+8550717876125
Metfone-071-7876126,Mobile,+8550717876126
Metfone-071-7876127,Mobile,+8550717876127
Metfone-071-7876128,Mobile,+8550717876128
Metfone-071-7876129,Mobile,+8550717876129
Metfone-071-7876130,Mobile,+8550717876130
Metfone-071-7876131,Mobile,+8550717876131
Metfone-071-7876132,Mobile,+8550717876132
Metfone-071-7876133,Mobile,+8550717876133
Metfone-071-7876134,Mobile,+8550717876134
Metfone-071-7876135,Mobile,+8550717876135
Metfone-071-7876136,Mobile,+8550717876136
Metfone-071-7876137,Mobile,+8550717876137
Metfone-071-7876138,Mobile,+8550717876138
Metfone-071-7876139,Mobile,+8550717876139
Metfone-071-7876140,Mobile,+8550717876140
Metfone-071-7876141,Mobile,+8550717876141
Metfone-071-7876142,Mobile,+8550717876142
Metfone-071-7876143,Mobile,+8550717876143
Metfone-071-7876144,Mobile,+8550717876144
Metfone-071-7876145,Mobile,+8550717876145
Metfone-071-7876146,Mobile,+8550717876146
Metfone-071-7876147,Mobile,+8550717876147
Metfone-071-7876148,Mobile,+8550717876148
Metfone-071-7876149,Mobile,+8550717876149
Metfone-071-7876150,Mobile,+8550717876150
Metfone-071-7876151,Mobile,+8550717876151
Metfone-071-7876152,Mobile,+8550717876152
Metfone-071-7876153,Mobile,+8550717876153
Metfone-071-7876154,Mobile,+8550717876154
Metfone-071-7876155,Mobile,+8550717876155
Metfone-071-7876156,Mobile,+8550717876156
Metfone-071-7876157,Mobile,+8550717876157
Metfone-071-7876158,Mobile,+8550717876158
Metfone-071-7876159,Mobile,+8550717876159
Metfone-071-7876160,Mobile,+8550717876160
Metfone-071-7876161,Mobile,+8550717876161
Metfone-071-7876162,Mobile,+8550717876162
Metfone-071-7876163,Mobile,+8550717876163
Metfone-071-7876164,Mobile,+8550717876164
Metfone-071-7876165,Mobile,+8550717876165
Metfone-071-7876166,Mobile,+8550717876166
Metfone-071-7876167,Mobile,+8550717876167
Metfone-071-7876168,Mobile,+8550717876168
Metfone-071-7876169,Mobile,+8550717876169
Metfone-071-7876170,Mobile,+8550717876170
Metfone-071-7876171,Mobile,+8550717876171
Metfone-071-7876172,Mobile,+8550717876172
Metfone-071-7876173,Mobile,+8550717876173
Metfone-071-7876174,Mobile,+8550717876174
Metfone-071-7876175,Mobile,+8550717876175
Metfone-071-7876176,Mobile,+8550717876176
Metfone-071-7876177,Mobile,+8550717876177
Metfone-071-7876178,Mobile,+8550717876178
Metfone-071-7876179,Mobile,+8550717876179
Metfone-071-7876180,Mobile,+8550717876180
Metfone-071-7876181,Mobile,+8550717876181
Metfone-071-7876182,Mobile,+8550717876182
Metfone-071-7876183,Mobile,+8550717876183
Metfone-071-7876184,Mobile,+8550717876184
Metfone-071-7876185,Mobile,+8550717876185
Metfone-071-7876186,Mobile,+8550717876186
Metfone-071-7876187,Mobile,+8550717876187
Metfone-071-7876188,Mobile,+8550717876188
Metfone-071-7876189,Mobile,+8550717876189
Metfone-071-7876190,Mobile,+8550717876190
Metfone-071-7876191,Mobile,+8550717876191
Metfone-071-7876192,Mobile,+8550717876192
Metfone-071-7876193,Mobile,+8550717876193
Metfone-071-7876194,Mobile,+8550717876194
Metfone-071-7876195,Mobile,+8550717876195
Metfone-071-7876196,Mobile,+8550717876196
Metfone-071-7876197,Mobile,+8550717876197
Metfone-071-7876198,Mobile,+8550717876198
Metfone-071-7876199,Mobile,+8550717876199
Metfone-071-7876200,Mobile,+8550717876200
Metfone-071-7876201,Mobile,+8550717876201
Metfone-071-7876202,Mobile,+8550717876202
Metfone-071-7876203,Mobile,+8550717876203
Metfone-071-7876204,Mobile,+8550717876204
Metfone-071-7876205,Mobile,+8550717876205
Metfone-071-7876206,Mobile,+8550717876206
Metfone-071-7876207,Mobile,+8550717876207
Metfone-071-7876208,Mobile,+8550717876208
Metfone-071-7876209,Mobile,+8550717876209
Metfone-071-7876210,Mobile,+8550717876210
Metfone-071-7876211,Mobile,+8550717876211
Metfone-071-7876212,Mobile,+8550717876212
Metfone-071-7876213,Mobile,+8550717876213
Metfone-071-7876214,Mobile,+8550717876214
Metfone-071-7876215,Mobile,+8550717876215
Metfone-071-7876216,Mobile,+8550717876216
Metfone-071-7876217,Mobile,+8550717876217
Metfone-071-7876218,Mobile,+8550717876218
Metfone-071-7876219,Mobile,+8550717876219
Metfone-071-7876220,Mobile,+8550717876220
Metfone-071-7876221,Mobile,+8550717876221
Metfone-071-7876222,Mobile,+8550717876222
Metfone-071-7876223,Mobile,+8550717876223
Metfone-071-7876224,Mobile,+8550717876224
Metfone-071-7876225,Mobile,+8550717876225
Metfone-071-7876226,Mobile,+8550717876226
Metfone-071-7876227,Mobile,+8550717876227
Metfone-071-7876228,Mobile,+8550717876228
Metfone-071-7876229,Mobile,+8550717876229
Metfone-071-7876230,Mobile,+8550717876230
Metfone-071-7876231,Mobile,+8550717876231
Metfone-071-7876232,Mobile,+8550717876232
Metfone-071-7876233,Mobile,+8550717876233
Metfone-071-7876234,Mobile,+8550717876234
Metfone-071-7876235,Mobile,+8550717876235
Metfone-071-7876236,Mobile,+8550717876236
Metfone-071-7876237,Mobile,+8550717876237
Metfone-071-7876238,Mobile,+8550717876238
Metfone-071-7876239,Mobile,+8550717876239
Metfone-071-7876240,Mobile,+8550717876240
Metfone-071-7876241,Mobile,+8550717876241
Metfone-071-7876242,Mobile,+8550717876242
Metfone-071-7876243,Mobile,+8550717876243
Metfone-071-7876244,Mobile,+8550717876244
Metfone-071-7876245,Mobile,+8550717876245
Metfone-071-7876246,Mobile,+8550717876246
Metfone-071-7876247,Mobile,+8550717876247
Metfone-071-7876248,Mobile,+8550717876248
Metfone-071-7876249,Mobile,+8550717876249
Metfone-071-7876250,Mobile,+8550717876250
Metfone-071-7876251,Mobile,+8550717876251
Metfone-071-7876252,Mobile,+8550717876252
Metfone-071-7876253,Mobile,+8550717876253
Metfone-071-7876254,Mobile,+8550717876254
Metfone-071-7876255,Mobile,+8550717876255
Metfone-071-7876256,Mobile,+8550717876256
Metfone-071-7876257,Mobile,+8550717876257
Metfone-071-7876258,Mobile,+8550717876258
Metfone-071-7876259,Mobile,+8550717876259
Metfone-071-7876260,Mobile,+8550717876260
Metfone-071-7876261,Mobile,+8550717876261
Metfone-071-7876262,Mobile,+8550717876262
Metfone-071-7876263,Mobile,+8550717876263
Metfone-071-7876264,Mobile,+8550717876264
Metfone-071-7876265,Mobile,+8550717876265
Metfone-071-7876266,Mobile,+8550717876266
Metfone-071-7876267,Mobile,+8550717876267
Metfone-071-7876268,Mobile,+8550717876268
Metfone-071-7876269,Mobile,+8550717876269
Metfone-071-7876270,Mobile,+8550717876270
Metfone-071-7876271,Mobile,+8550717876271
Metfone-071-7876272,Mobile,+8550717876272
Metfone-071-7876273,Mobile,+8550717876273
Metfone-071-7876274,Mobile,+8550717876274
Metfone-071-7876275,Mobile,+8550717876275
Metfone-071-7876276,Mobile,+8550717876276
Metfone-071-7876277,Mobile,+8550717876277
Metfone-071-7876278,Mobile,+8550717876278
Metfone-071-7876279,Mobile,+8550717876279
Metfone-071-7876280,Mobile,+8550717876280
Metfone-071-7876281,Mobile,+8550717876281
Metfone-071-7876282,Mobile,+8550717876282
Metfone-071-7876283,Mobile,+8550717876283
Metfone-071-7876284,Mobile,+8550717876284
Metfone-071-7876285,Mobile,+8550717876285
Metfone-071-7876286,Mobile,+8550717876286
Metfone-071-7876287,Mobile,+8550717876287
Metfone-071-7876288,Mobile,+8550717876288
Metfone-071-7876289,Mobile,+8550717876289
Metfone-071-7876290,Mobile,+8550717876290
Metfone-071-7876291,Mobile,+8550717876291
Metfone-071-7876292,Mobile,+8550717876292
Metfone-071-7876293,Mobile,+8550717876293
Metfone-071-7876294,Mobile,+8550717876294
Metfone-071-7876295,Mobile,+8550717876295
Metfone-071-7876296,Mobile,+8550717876296
Metfone-071-7876297,Mobile,+8550717876297
Metfone-071-7876298,Mobile,+8550717876298
Metfone-071-7876299,Mobile,+8550717876299
Metfone-071-7876300,Mobile,+8550717876300
Metfone-071-7876301,Mobile,+8550717876301
Metfone-071-7876302,Mobile,+8550717876302
Metfone-071-7876303,Mobile,+8550717876303
Metfone-071-7876304,Mobile,+8550717876304
Metfone-071-7876305,Mobile,+8550717876305
Metfone-071-7876306,Mobile,+8550717876306
Metfone-071-7876307,Mobile,+8550717876307
Metfone-071-7876308,Mobile,+8550717876308
Metfone-071-7876309,Mobile,+8550717876309
Metfone-071-7876310,Mobile,+8550717876310
Metfone-071-7876311,Mobile,+8550717876311
Metfone-071-7876312,Mobile,+8550717876312
Metfone-071-7876313,Mobile,+8550717876313
Metfone-071-7876314,Mobile,+8550717876314
Metfone-071-7876315,Mobile,+8550717876315
Metfone-071-7876316,Mobile,+8550717876316
Metfone-071-7876317,Mobile,+8550717876317
Metfone-071-7876318,Mobile,+8550717876318
Metfone-071-7876319,Mobile,+8550717876319
Metfone-071-7876320,Mobile,+8550717876320
Metfone-071-7876321,Mobile,+8550717876321
Metfone-071-7876322,Mobile,+8550717876322
Metfone-071-7876323,Mobile,+8550717876323
Metfone-071-7876324,Mobile,+8550717876324
Metfone-071-7876325,Mobile,+8550717876325
Metfone-071-7876326,Mobile,+8550717876326
Metfone-071-7876327,Mobile,+8550717876327
Metfone-071-7876328,Mobile,+8550717876328
Metfone-071-7876329,Mobile,+8550717876329
Metfone-071-7876330,Mobile,+8550717876330
Metfone-071-7876331,Mobile,+8550717876331
Metfone-071-7876332,Mobile,+8550717876332
Metfone-071-7876333,Mobile,+8550717876333
Metfone-071-7876334,Mobile,+8550717876334
Metfone-071-7876335,Mobile,+8550717876335
Metfone-071-7876336,Mobile,+8550717876336
Metfone-071-7876337,Mobile,+8550717876337
Metfone-071-7876338,Mobile,+8550717876338
Metfone-071-7876339,Mobile,+8550717876339
Metfone-071-7876340,Mobile,+8550717876340
Metfone-071-7876341,Mobile,+8550717876341
Metfone-071-7876342,Mobile,+8550717876342
Metfone-071-7876343,Mobile,+8550717876343
Metfone-071-7876344,Mobile,+8550717876344
Metfone-071-7876345,Mobile,+8550717876345
Metfone-071-7876346,Mobile,+8550717876346
Metfone-071-7876347,Mobile,+8550717876347
Metfone-071-7876348,Mobile,+8550717876348
Metfone-071-7876349,Mobile,+8550717876349
Metfone-071-7876350,Mobile,+8550717876350
Metfone-071-7876351,Mobile,+8550717876351
Metfone-071-7876352,Mobile,+8550717876352
Metfone-071-7876353,Mobile,+8550717876353
Metfone-071-7876354,Mobile,+8550717876354
Metfone-071-7876355,Mobile,+8550717876355
Metfone-071-7876356,Mobile,+8550717876356
Metfone-071-7876357,Mobile,+8550717876357
Metfone-071-7876358,Mobile,+8550717876358
Metfone-071-7876359,Mobile,+8550717876359
Metfone-071-7876360,Mobile,+8550717876360
Metfone-071-7876361,Mobile,+8550717876361
Metfone-071-7876362,Mobile,+8550717876362
Metfone-071-7876363,Mobile,+8550717876363
Metfone-071-7876364,Mobile,+8550717876364
Metfone-071-7876365,Mobile,+8550717876365
Metfone-071-7876366,Mobile,+8550717876366
Metfone-071-7876367,Mobile,+8550717876367
Metfone-071-7876368,Mobile,+8550717876368
Metfone-071-7876369,Mobile,+8550717876369
Metfone-071-7876370,Mobile,+8550717876370
Metfone-071-7876371,Mobile,+8550717876371
Metfone-071-7876372,Mobile,+8550717876372
Metfone-071-7876373,Mobile,+8550717876373
Metfone-071-7876374,Mobile,+8550717876374
Metfone-071-7876375,Mobile,+8550717876375
Metfone-071-7876376,Mobile,+8550717876376
Metfone-071-7876377,Mobile,+8550717876377
Metfone-071-7876378,Mobile,+8550717876378
Metfone-071-7876379,Mobile,+8550717876379
Metfone-071-7876380,Mobile,+8550717876380
Metfone-071-7876381,Mobile,+8550717876381
Metfone-071-7876382,Mobile,+8550717876382
Metfone-071-7876383,Mobile,+8550717876383
Metfone-071-7876384,Mobile,+8550717876384
Metfone-071-7876385,Mobile,+8550717876385
Metfone-071-7876386,Mobile,+8550717876386
Metfone-071-7876387,Mobile,+8550717876387
Metfone-071-7876388,Mobile,+8550717876388
Metfone-071-7876389,Mobile,+8550717876389
Metfone-071-7876390,Mobile,+8550717876390
Metfone-071-7876391,Mobile,+8550717876391
Metfone-071-7876392,Mobile,+8550717876392
Metfone-071-7876393,Mobile,+8550717876393
Metfone-071-7876394,Mobile,+8550717876394
Metfone-071-7876395,Mobile,+8550717876395
Metfone-071-7876396,Mobile,+8550717876396
Metfone-071-7876397,Mobile,+8550717876397
Metfone-071-7876398,Mobile,+8550717876398
Metfone-071-7876399,Mobile,+8550717876399
Metfone-071-7876400,Mobile,+8550717876400
Metfone-071-7876401,Mobile,+8550717876401
Metfone-071-7876402,Mobile,+8550717876402
Metfone-071-7876403,Mobile,+8550717876403
Metfone-071-7876404,Mobile,+8550717876404
Metfone-071-7876405,Mobile,+8550717876405
Metfone-071-7876406,Mobile,+8550717876406
Metfone-071-7876407,Mobile,+8550717876407
Metfone-071-7876408,Mobile,+8550717876408
Metfone-071-7876409,Mobile,+8550717876409
Metfone-071-7876410,Mobile,+8550717876410
Metfone-071-7876411,Mobile,+8550717876411
Metfone-071-7876412,Mobile,+8550717876412
Metfone-071-7876413,Mobile,+8550717876413
Metfone-071-7876414,Mobile,+8550717876414
Metfone-071-7876415,Mobile,+8550717876415
Metfone-071-7876416,Mobile,+8550717876416
Metfone-071-7876417,Mobile,+8550717876417
Metfone-071-7876418,Mobile,+8550717876418
Metfone-071-7876419,Mobile,+8550717876419
Metfone-071-7876420,Mobile,+8550717876420
Metfone-071-7876421,Mobile,+8550717876421
Metfone-071-7876422,Mobile,+8550717876422
Metfone-071-7876423,Mobile,+8550717876423
Metfone-071-7876424,Mobile,+8550717876424
Metfone-071-7876425,Mobile,+8550717876425
Metfone-071-7876426,Mobile,+8550717876426
Metfone-071-7876427,Mobile,+8550717876427
Metfone-071-7876428,Mobile,+8550717876428
Metfone-071-7876429,Mobile,+8550717876429
Metfone-071-7876430,Mobile,+8550717876430
Metfone-071-7876431,Mobile,+8550717876431
Metfone-071-7876432,Mobile,+8550717876432
Metfone-071-7876433,Mobile,+8550717876433
Metfone-071-7876434,Mobile,+8550717876434
Metfone-071-7876435,Mobile,+8550717876435
Metfone-071-7876436,Mobile,+8550717876436
Metfone-071-7876437,Mobile,+8550717876437
Metfone-071-7876438,Mobile,+8550717876438
Metfone-071-7876439,Mobile,+8550717876439
Metfone-071-7876440,Mobile,+8550717876440
Metfone-071-7876441,Mobile,+8550717876441
Metfone-071-7876442,Mobile,+8550717876442
Metfone-071-7876443,Mobile,+8550717876443
Metfone-071-7876444,Mobile,+8550717876444
Metfone-071-7876445,Mobile,+8550717876445
Metfone-071-7876446,Mobile,+8550717876446
Metfone-071-7876447,Mobile,+8550717876447
Metfone-071-7876448,Mobile,+8550717876448
Metfone-071-7876449,Mobile,+8550717876449
Metfone-071-7876450,Mobile,+8550717876450
Metfone-071-7876451,Mobile,+8550717876451
Metfone-071-7876452,Mobile,+8550717876452
Metfone-071-7876453,Mobile,+8550717876453
Metfone-071-7876454,Mobile,+8550717876454
Metfone-071-7876455,Mobile,+8550717876455
Metfone-071-7876456,Mobile,+8550717876456
Metfone-071-7876457,Mobile,+8550717876457
Metfone-071-7876458,Mobile,+8550717876458
Metfone-071-7876459,Mobile,+8550717876459
Metfone-071-7876460,Mobile,+8550717876460
Metfone-071-7876461,Mobile,+8550717876461
Metfone-071-7876462,Mobile,+8550717876462
Metfone-071-7876463,Mobile,+8550717876463
Metfone-071-7876464,Mobile,+8550717876464
Metfone-071-7876465,Mobile,+8550717876465
Metfone-071-7876466,Mobile,+8550717876466
Metfone-071-7876467,Mobile,+8550717876467
Metfone-071-7876468,Mobile,+8550717876468
Metfone-071-7876469,Mobile,+8550717876469
Metfone-071-7876470,Mobile,+8550717876470
Metfone-071-7876471,Mobile,+8550717876471
Metfone-071-7876472,Mobile,+8550717876472
Metfone-071-7876473,Mobile,+8550717876473
Metfone-071-7876474,Mobile,+8550717876474
Metfone-071-7876475,Mobile,+8550717876475
Metfone-071-7876476,Mobile,+8550717876476
Metfone-071-7876477,Mobile,+8550717876477
Metfone-071-7876478,Mobile,+8550717876478
Metfone-071-7876479,Mobile,+8550717876479
Metfone-071-7876480,Mobile,+8550717876480
Metfone-071-7876481,Mobile,+8550717876481
Metfone-071-7876482,Mobile,+8550717876482
Metfone-071-7876483,Mobile,+8550717876483
Metfone-071-7876484,Mobile,+8550717876484
Metfone-071-7876485,Mobile,+8550717876485
Metfone-071-7876486,Mobile,+8550717876486
Metfone-071-7876487,Mobile,+8550717876487
Metfone-071-7876488,Mobile,+8550717876488
Metfone-071-7876489,Mobile,+8550717876489
Metfone-071-7876490,Mobile,+8550717876490
Metfone-071-7876491,Mobile,+8550717876491
Metfone-071-7876492,Mobile,+8550717876492
Metfone-071-7876493,Mobile,+8550717876493
Metfone-071-7876494,Mobile,+8550717876494
Metfone-071-7876495,Mobile,+8550717876495
Metfone-071-7876496,Mobile,+8550717876496
Metfone-071-7876497,Mobile,+8550717876497
Metfone-071-7876498,Mobile,+8550717876498
Metfone-071-7876499,Mobile,+8550717876499
Metfone-071-7876500,Mobile,+8550717876500
Metfone-071-7876501,Mobile,+8550717876501
Metfone-071-7876502,Mobile,+8550717876502
Metfone-071-7876503,Mobile,+8550717876503
Metfone-071-7876504,Mobile,+8550717876504
Metfone-071-7876505,Mobile,+8550717876505
Metfone-071-7876506,Mobile,+8550717876506
Metfone-071-7876507,Mobile,+8550717876507
Metfone-071-7876508,Mobile,+8550717876508
Metfone-071-7876509,Mobile,+8550717876509
Metfone-071-7876510,Mobile,+8550717876510
Metfone-071-7876511,Mobile,+8550717876511
Metfone-071-7876512,Mobile,+8550717876512
Metfone-071-7876513,Mobile,+8550717876513
Metfone-071-7876514,Mobile,+8550717876514
Metfone-071-7876515,Mobile,+8550717876515
Metfone-071-7876516,Mobile,+8550717876516
Metfone-071-7876517,Mobile,+8550717876517
Metfone-071-7876518,Mobile,+8550717876518
Metfone-071-7876519,Mobile,+8550717876519
Metfone-071-7876520,Mobile,+8550717876520
Metfone-071-7876521,Mobile,+8550717876521
Metfone-071-7876522,Mobile,+8550717876522
Metfone-071-7876523,Mobile,+8550717876523
Metfone-071-7876524,Mobile,+8550717876524
Metfone-071-7876525,Mobile,+8550717876525
Metfone-071-7876526,Mobile,+8550717876526
Metfone-071-7876527,Mobile,+8550717876527
Metfone-071-7876528,Mobile,+8550717876528
Metfone-071-7876529,Mobile,+8550717876529
Metfone-071-7876530,Mobile,+8550717876530
Metfone-071-7876531,Mobile,+8550717876531
Metfone-071-7876532,Mobile,+8550717876532
Metfone-071-7876533,Mobile,+8550717876533
Metfone-071-7876534,Mobile,+8550717876534
Metfone-071-7876535,Mobile,+8550717876535
Metfone-071-7876536,Mobile,+8550717876536
Metfone-071-7876537,Mobile,+8550717876537
Metfone-071-7876538,Mobile,+8550717876538
Metfone-071-7876539,Mobile,+8550717876539
Metfone-071-7876540,Mobile,+8550717876540
Metfone-071-7876541,Mobile,+8550717876541
Metfone-071-7876542,Mobile,+8550717876542
Metfone-071-7876543,Mobile,+8550717876543
Metfone-071-7876544,Mobile,+8550717876544
Metfone-071-7876545,Mobile,+8550717876545
Metfone-071-7876546,Mobile,+8550717876546
Metfone-071-7876547,Mobile,+8550717876547
Metfone-071-7876548,Mobile,+8550717876548
Metfone-071-7876549,Mobile,+8550717876549
Metfone-071-7876550,Mobile,+8550717876550
Metfone-071-7876551,Mobile,+8550717876551
Metfone-071-7876552,Mobile,+8550717876552
Metfone-071-7876553,Mobile,+8550717876553
Metfone-071-7876554,Mobile,+8550717876554
Metfone-071-7876555,Mobile,+8550717876555
Metfone-071-7876556,Mobile,+8550717876556
Metfone-071-7876557,Mobile,+8550717876557
Metfone-071-7876558,Mobile,+8550717876558
Metfone-071-7876559,Mobile,+8550717876559
Metfone-071-7876560,Mobile,+8550717876560
Metfone-071-7876561,Mobile,+8550717876561
Metfone-071-7876562,Mobile,+8550717876562
Metfone-071-7876563,Mobile,+8550717876563
Metfone-071-7876564,Mobile,+8550717876564
Metfone-071-7876565,Mobile,+8550717876565
Metfone-071-7876566,Mobile,+8550717876566
Metfone-071-7876567,Mobile,+8550717876567
Metfone-071-7876568,Mobile,+8550717876568
Metfone-071-7876569,Mobile,+8550717876569
Metfone-071-7876570,Mobile,+8550717876570
Metfone-071-7876571,Mobile,+8550717876571
Metfone-071-7876572,Mobile,+8550717876572
Metfone-071-7876573,Mobile,+8550717876573
Metfone-071-7876574,Mobile,+8550717876574
Metfone-071-7876575,Mobile,+8550717876575
Metfone-071-7876576,Mobile,+8550717876576
Metfone-071-7876577,Mobile,+8550717876577
Metfone-071-7876578,Mobile,+8550717876578
Metfone-071-7876579,Mobile,+8550717876579
Metfone-071-7876580,Mobile,+8550717876580
Metfone-071-7876581,Mobile,+8550717876581
Metfone-071-7876582,Mobile,+8550717876582
Metfone-071-7876583,Mobile,+8550717876583
Metfone-071-7876584,Mobile,+8550717876584
Metfone-071-7876585,Mobile,+8550717876585
Metfone-071-7876586,Mobile,+8550717876586
Metfone-071-7876587,Mobile,+8550717876587
Metfone-071-7876588,Mobile,+8550717876588
Metfone-071-7876589,Mobile,+8550717876589
Metfone-071-7876590,Mobile,+8550717876590
Metfone-071-7876591,Mobile,+8550717876591
Metfone-071-7876592,Mobile,+8550717876592
Metfone-071-7876593,Mobile,+8550717876593
Metfone-071-7876594,Mobile,+8550717876594
Metfone-071-7876595,Mobile,+8550717876595
Metfone-071-7876596,Mobile,+8550717876596
Metfone-071-7876597,Mobile,+8550717876597
Metfone-071-7876598,Mobile,+8550717876598
Metfone-071-7876599,Mobile,+8550717876599
Metfone-071-7876600,Mobile,+8550717876600
Metfone-071-7876601,Mobile,+8550717876601
Metfone-071-7876602,Mobile,+8550717876602
Metfone-071-7876603,Mobile,+8550717876603
Metfone-071-7876604,Mobile,+8550717876604
Metfone-071-7876605,Mobile,+8550717876605
Metfone-071-7876606,Mobile,+8550717876606
Metfone-071-7876607,Mobile,+8550717876607
Metfone-071-7876608,Mobile,+8550717876608
Metfone-071-7876609,Mobile,+8550717876609
Metfone-071-7876610,Mobile,+8550717876610
Metfone-071-7876611,Mobile,+8550717876611
Metfone-071-7876612,Mobile,+8550717876612
Metfone-071-7876613,Mobile,+8550717876613
Metfone-071-7876614,Mobile,+8550717876614
Metfone-071-7876615,Mobile,+8550717876615
Metfone-071-7876616,Mobile,+8550717876616
Metfone-071-7876617,Mobile,+8550717876617
Metfone-071-7876618,Mobile,+8550717876618
Metfone-071-7876619,Mobile,+8550717876619
Metfone-071-7876620,Mobile,+8550717876620
Metfone-071-7876621,Mobile,+8550717876621
Metfone-071-7876622,Mobile,+8550717876622
Metfone-071-7876623,Mobile,+8550717876623
Metfone-071-7876624,Mobile,+8550717876624
Metfone-071-7876625,Mobile,+8550717876625
Metfone-071-7876626,Mobile,+8550717876626
Metfone-071-7876627,Mobile,+8550717876627
Metfone-071-7876628,Mobile,+8550717876628
Metfone-071-7876629,Mobile,+8550717876629
Metfone-071-7876630,Mobile,+8550717876630
Metfone-071-7876631,Mobile,+8550717876631
Metfone-071-7876632,Mobile,+8550717876632
Metfone-071-7876633,Mobile,+8550717876633
Metfone-071-7876634,Mobile,+8550717876634
Metfone-071-7876635,Mobile,+8550717876635
Metfone-071-7876636,Mobile,+8550717876636
Metfone-071-7876637,Mobile,+8550717876637
Metfone-071-7876638,Mobile,+8550717876638
Metfone-071-7876639,Mobile,+8550717876639
Metfone-071-7876640,Mobile,+8550717876640
Metfone-071-7876641,Mobile,+8550717876641
Metfone-071-7876642,Mobile,+8550717876642
Metfone-071-7876643,Mobile,+8550717876643
Metfone-071-7876644,Mobile,+8550717876644
Metfone-071-7876645,Mobile,+8550717876645
Metfone-071-7876646,Mobile,+8550717876646
Metfone-071-7876647,Mobile,+8550717876647
Metfone-071-7876648,Mobile,+8550717876648
Metfone-071-7876649,Mobile,+8550717876649
Metfone-071-7876650,Mobile,+8550717876650
Metfone-071-7876651,Mobile,+8550717876651
Metfone-071-7876652,Mobile,+8550717876652
Metfone-071-7876653,Mobile,+8550717876653
Metfone-071-7876654,Mobile,+8550717876654
Metfone-071-7876655,Mobile,+8550717876655
Metfone-071-7876656,Mobile,+8550717876656
Metfone-071-7876657,Mobile,+8550717876657
Metfone-071-7876658,Mobile,+8550717876658
Metfone-071-7876659,Mobile,+8550717876659
Metfone-071-7876660,Mobile,+8550717876660
Metfone-071-7876661,Mobile,+8550717876661
Metfone-071-7876662,Mobile,+8550717876662
Metfone-071-7876663,Mobile,+8550717876663
Metfone-071-7876664,Mobile,+8550717876664
Metfone-071-7876665,Mobile,+8550717876665
Metfone-071-7876666,Mobile,+8550717876666
Metfone-071-7876667,Mobile,+8550717876667
Metfone-071-7876668,Mobile,+8550717876668
Metfone-071-7876669,Mobile,+8550717876669
Metfone-071-7876670,Mobile,+8550717876670
Metfone-071-7876671,Mobile,+8550717876671
Metfone-071-7876672,Mobile,+8550717876672
Metfone-071-7876673,Mobile,+8550717876673
Metfone-071-7876674,Mobile,+8550717876674
Metfone-071-7876675,Mobile,+8550717876675
Metfone-071-7876676,Mobile,+8550717876676
Metfone-071-7876677,Mobile,+8550717876677
Metfone-071-7876678,Mobile,+8550717876678
Metfone-071-7876679,Mobile,+8550717876679
Metfone-071-7876680,Mobile,+8550717876680
Metfone-071-7876681,Mobile,+8550717876681
Metfone-071-7876682,Mobile,+8550717876682
Metfone-071-7876683,Mobile,+8550717876683
Metfone-071-7876684,Mobile,+8550717876684
Metfone-071-7876685,Mobile,+8550717876685
Metfone-071-7876686,Mobile,+8550717876686
Metfone-071-7876687,Mobile,+8550717876687
Metfone-071-7876688,Mobile,+8550717876688
Metfone-071-7876689,Mobile,+8550717876689
Metfone-071-7876690,Mobile,+8550717876690
Metfone-071-7876691,Mobile,+8550717876691
Metfone-071-7876692,Mobile,+8550717876692
Metfone-071-7876693,Mobile,+8550717876693
Metfone-071-7876694,Mobile,+8550717876694
Metfone-071-7876695,Mobile,+8550717876695
Metfone-071-7876696,Mobile,+8550717876696
Metfone-071-7876697,Mobile,+8550717876697
Metfone-071-7876698,Mobile,+8550717876698
Metfone-071-7876699,Mobile,+8550717876699
Metfone-071-7876700,Mobile,+8550717876700
Metfone-071-7876701,Mobile,+8550717876701
Metfone-071-7876702,Mobile,+8550717876702
Metfone-071-7876703,Mobile,+8550717876703
Metfone-071-7876704,Mobile,+8550717876704
Metfone-071-7876705,Mobile,+8550717876705
Metfone-071-7876706,Mobile,+8550717876706
Metfone-071-7876707,Mobile,+8550717876707
Metfone-071-7876708,Mobile,+8550717876708
Metfone-071-7876709,Mobile,+8550717876709
Metfone-071-7876710,Mobile,+8550717876710
Metfone-071-7876711,Mobile,+8550717876711
Metfone-071-7876712,Mobile,+8550717876712
Metfone-071-7876713,Mobile,+8550717876713
Metfone-071-7876714,Mobile,+8550717876714
Metfone-071-7876715,Mobile,+8550717876715
Metfone-071-7876716,Mobile,+8550717876716
Metfone-071-7876717,Mobile,+8550717876717
Metfone-071-7876718,Mobile,+8550717876718
Metfone-071-7876719,Mobile,+8550717876719
Metfone-071-7876720,Mobile,+8550717876720
Metfone-071-7876721,Mobile,+8550717876721
Metfone-071-7876722,Mobile,+8550717876722
Metfone-071-7876723,Mobile,+8550717876723
Metfone-071-7876724,Mobile,+8550717876724
Metfone-071-7876725,Mobile,+8550717876725
Metfone-071-7876726,Mobile,+8550717876726
Metfone-071-7876727,Mobile,+8550717876727
Metfone-071-7876728,Mobile,+8550717876728
Metfone-071-7876729,Mobile,+8550717876729
Metfone-071-7876730,Mobile,+8550717876730
Metfone-071-7876731,Mobile,+8550717876731
Metfone-071-7876732,Mobile,+8550717876732
Metfone-071-7876733,Mobile,+8550717876733
Metfone-071-7876734,Mobile,+8550717876734
Metfone-071-7876735,Mobile,+8550717876735
Metfone-071-7876736,Mobile,+8550717876736
Metfone-071-7876737,Mobile,+8550717876737
Metfone-071-7876738,Mobile,+8550717876738
Metfone-071-7876739,Mobile,+8550717876739
Metfone-071-7876740,Mobile,+8550717876740
Metfone-071-7876741,Mobile,+8550717876741
Metfone-071-7876742,Mobile,+8550717876742
Metfone-071-7876743,Mobile,+8550717876743
Metfone-071-7876744,Mobile,+8550717876744
Metfone-071-7876745,Mobile,+8550717876745
Metfone-071-7876746,Mobile,+8550717876746
Metfone-071-7876747,Mobile,+8550717876747
Metfone-071-7876748,Mobile,+8550717876748
Metfone-071-7876749,Mobile,+8550717876749
Metfone-071-7876750,Mobile,+8550717876750
Metfone-071-7876751,Mobile,+8550717876751
Metfone-071-7876752,Mobile,+8550717876752
Metfone-071-7876753,Mobile,+8550717876753
Metfone-071-7876754,Mobile,+8550717876754
Metfone-071-7876755,Mobile,+8550717876755
Metfone-071-7876756,Mobile,+8550717876756
Metfone-071-7876757,Mobile,+8550717876757
Metfone-071-7876758,Mobile,+8550717876758
Metfone-071-7876759,Mobile,+8550717876759
Metfone-071-7876760,Mobile,+8550717876760
Metfone-071-7876761,Mobile,+8550717876761
Metfone-071-7876762,Mobile,+8550717876762
Metfone-071-7876763,Mobile,+8550717876763
Metfone-071-7876764,Mobile,+8550717876764
Metfone-071-7876765,Mobile,+8550717876765
Metfone-071-7876766,Mobile,+8550717876766
Metfone-071-7876767,Mobile,+8550717876767
Metfone-071-7876768,Mobile,+8550717876768
Metfone-071-7876769,Mobile,+8550717876769
Metfone-071-7876770,Mobile,+8550717876770
Metfone-071-7876771,Mobile,+8550717876771
Metfone-071-7876772,Mobile,+8550717876772
Metfone-071-7876773,Mobile,+8550717876773
Metfone-071-7876774,Mobile,+8550717876774
Metfone-071-7876775,Mobile,+8550717876775
Metfone-071-7876776,Mobile,+8550717876776
Metfone-071-7876777,Mobile,+8550717876777
Metfone-071-7876778,Mobile,+8550717876778
Metfone-071-7876779,Mobile,+8550717876779
Metfone-071-7876780,Mobile,+8550717876780
Metfone-071-7876781,Mobile,+8550717876781
Metfone-071-7876782,Mobile,+8550717876782
Metfone-071-7876783,Mobile,+8550717876783
Metfone-071-7876784,Mobile,+8550717876784
Metfone-071-7876785,Mobile,+8550717876785
Metfone-071-7876786,Mobile,+8550717876786
Metfone-071-7876787,Mobile,+8550717876787
Metfone-071-7876788,Mobile,+8550717876788
Metfone-071-7876789,Mobile,+8550717876789
Metfone-071-7876790,Mobile,+8550717876790
Metfone-071-7876791,Mobile,+8550717876791
Metfone-071-7876792,Mobile,+8550717876792
Metfone-071-7876793,Mobile,+8550717876793
Metfone-071-7876794,Mobile,+8550717876794
Metfone-071-7876795,Mobile,+8550717876795
Metfone-071-7876796,Mobile,+8550717876796
Metfone-071-7876797,Mobile,+8550717876797
Metfone-071-7876798,Mobile,+8550717876798
Metfone-071-7876799,Mobile,+8550717876799
Metfone-071-7876800,Mobile,+8550717876800
Metfone-071-7876801,Mobile,+8550717876801
Metfone-071-7876802,Mobile,+8550717876802
Metfone-071-7876803,Mobile,+8550717876803
Metfone-071-7876804,Mobile,+8550717876804
Metfone-071-7876805,Mobile,+8550717876805
Metfone-071-7876806,Mobile,+8550717876806
Metfone-071-7876807,Mobile,+8550717876807
Metfone-071-7876808,Mobile,+8550717876808
Metfone-071-7876809,Mobile,+8550717876809
Metfone-071-7876810,Mobile,+8550717876810
Metfone-071-7876811,Mobile,+8550717876811
Metfone-071-7876812,Mobile,+8550717876812
Metfone-071-7876813,Mobile,+8550717876813
Metfone-071-7876814,Mobile,+8550717876814
Metfone-071-7876815,Mobile,+8550717876815
Metfone-071-7876816,Mobile,+8550717876816
Metfone-071-7876817,Mobile,+8550717876817
Metfone-071-7876818,Mobile,+8550717876818
Metfone-071-7876819,Mobile,+8550717876819
Metfone-071-7876820,Mobile,+8550717876820
Metfone-071-7876821,Mobile,+8550717876821
Metfone-071-7876822,Mobile,+8550717876822
Metfone-071-7876823,Mobile,+8550717876823
Metfone-071-7876824,Mobile,+8550717876824
Metfone-071-7876825,Mobile,+8550717876825
Metfone-071-7876826,Mobile,+8550717876826
Metfone-071-7876827,Mobile,+8550717876827
Metfone-071-7876828,Mobile,+8550717876828
Metfone-071-7876829,Mobile,+8550717876829
Metfone-071-7876830,Mobile,+8550717876830
Metfone-071-7876831,Mobile,+8550717876831
Metfone-071-7876832,Mobile,+8550717876832
Metfone-071-7876833,Mobile,+8550717876833
Metfone-071-7876834,Mobile,+8550717876834
Metfone-071-7876835,Mobile,+8550717876835
Metfone-071-7876836,Mobile,+8550717876836
Metfone-071-7876837,Mobile,+8550717876837
Metfone-071-7876838,Mobile,+8550717876838
Metfone-071-7876839,Mobile,+8550717876839
Metfone-071-7876840,Mobile,+8550717876840
Metfone-071-7876841,Mobile,+8550717876841
Metfone-071-7876842,Mobile,+8550717876842
Metfone-071-7876843,Mobile,+8550717876843
Metfone-071-7876844,Mobile,+8550717876844
Metfone-071-7876845,Mobile,+8550717876845
Metfone-071-7876846,Mobile,+8550717876846
Metfone-071-7876847,Mobile,+8550717876847
Metfone-071-7876848,Mobile,+8550717876848
Metfone-071-7876849,Mobile,+8550717876849
Metfone-071-7876850,Mobile,+8550717876850
Metfone-071-7876851,Mobile,+8550717876851
Metfone-071-7876852,Mobile,+8550717876852
Metfone-071-7876853,Mobile,+8550717876853
Metfone-071-7876854,Mobile,+8550717876854
Metfone-071-7876855,Mobile,+8550717876855
Metfone-071-7876856,Mobile,+8550717876856
Metfone-071-7876857,Mobile,+8550717876857
Metfone-071-7876858,Mobile,+8550717876858
Metfone-071-7876859,Mobile,+8550717876859
Metfone-071-7876860,Mobile,+8550717876860
Metfone-071-7876861,Mobile,+8550717876861
Metfone-071-7876862,Mobile,+8550717876862
Metfone-071-7876863,Mobile,+8550717876863
Metfone-071-7876864,Mobile,+8550717876864
Metfone-071-7876865,Mobile,+8550717876865
Metfone-071-7876866,Mobile,+8550717876866
Metfone-071-7876867,Mobile,+8550717876867
Metfone-071-7876868,Mobile,+8550717876868
Metfone-071-7876869,Mobile,+8550717876869
Metfone-071-7876870,Mobile,+8550717876870
Metfone-071-7876871,Mobile,+8550717876871
Metfone-071-7876872,Mobile,+8550717876872
Metfone-071-7876873,Mobile,+8550717876873
Metfone-071-7876874,Mobile,+8550717876874
Metfone-071-7876875,Mobile,+8550717876875
Metfone-071-7876876,Mobile,+8550717876876
Metfone-071-7876877,Mobile,+8550717876877
Metfone-071-7876878,Mobile,+8550717876878
Metfone-071-7876879,Mobile,+8550717876879
Metfone-071-7876880,Mobile,+8550717876880
Metfone-071-7876881,Mobile,+8550717876881
Metfone-071-7876882,Mobile,+8550717876882
Metfone-071-7876883,Mobile,+8550717876883
Metfone-071-7876884,Mobile,+8550717876884
Metfone-071-7876885,Mobile,+8550717876885
Metfone-071-7876886,Mobile,+8550717876886
Metfone-071-7876887,Mobile,+8550717876887
Metfone-071-7876888,Mobile,+8550717876888
Metfone-071-7876889,Mobile,+8550717876889
Metfone-071-7876890,Mobile,+8550717876890
Metfone-071-7876891,Mobile,+8550717876891
Metfone-071-7876892,Mobile,+8550717876892
Metfone-071-7876893,Mobile,+8550717876893
Metfone-071-7876894,Mobile,+8550717876894
Metfone-071-7876895,Mobile,+8550717876895
Metfone-071-7876896,Mobile,+8550717876896
Metfone-071-7876897,Mobile,+8550717876897
Metfone-071-7876898,Mobile,+8550717876898
Metfone-071-7876899,Mobile,+8550717876899
Metfone-071-7876900,Mobile,+8550717876900
Metfone-071-7876901,Mobile,+8550717876901
Metfone-071-7876902,Mobile,+8550717876902
Metfone-071-7876903,Mobile,+8550717876903
Metfone-071-7876904,Mobile,+8550717876904
Metfone-071-7876905,Mobile,+8550717876905
Metfone-071-7876906,Mobile,+8550717876906
Metfone-071-7876907,Mobile,+8550717876907
Metfone-071-7876908,Mobile,+8550717876908
Metfone-071-7876909,Mobile,+8550717876909
Metfone-071-7876910,Mobile,+8550717876910
Metfone-071-7876911,Mobile,+8550717876911
Metfone-071-7876912,Mobile,+8550717876912
Metfone-071-7876913,Mobile,+8550717876913
Metfone-071-7876914,Mobile,+8550717876914
Metfone-071-7876915,Mobile,+8550717876915
Metfone-071-7876916,Mobile,+8550717876916
Metfone-071-7876917,Mobile,+8550717876917
Metfone-071-7876918,Mobile,+8550717876918
Metfone-071-7876919,Mobile,+8550717876919
Metfone-071-7876920,Mobile,+8550717876920
Metfone-071-7876921,Mobile,+8550717876921
Metfone-071-7876922,Mobile,+8550717876922
Metfone-071-7876923,Mobile,+8550717876923
Metfone-071-7876924,Mobile,+8550717876924
Metfone-071-7876925,Mobile,+8550717876925
Metfone-071-7876926,Mobile,+8550717876926
Metfone-071-7876927,Mobile,+8550717876927
Metfone-071-7876928,Mobile,+8550717876928
Metfone-071-7876929,Mobile,+8550717876929
Metfone-071-7876930,Mobile,+8550717876930
Metfone-071-7876931,Mobile,+8550717876931
Metfone-071-7876932,Mobile,+8550717876932
Metfone-071-7876933,Mobile,+8550717876933
Metfone-071-7876934,Mobile,+8550717876934
Metfone-071-7876935,Mobile,+8550717876935
Metfone-071-7876936,Mobile,+8550717876936
Metfone-071-7876937,Mobile,+8550717876937
Metfone-071-7876938,Mobile,+8550717876938
Metfone-071-7876939,Mobile,+8550717876939
Metfone-071-7876940,Mobile,+8550717876940
Metfone-071-7876941,Mobile,+8550717876941
Metfone-071-7876942,Mobile,+8550717876942
Metfone-071-7876943,Mobile,+8550717876943
Metfone-071-7876944,Mobile,+8550717876944
Metfone-071-7876945,Mobile,+8550717876945
Metfone-071-7876946,Mobile,+8550717876946
Metfone-071-7876947,Mobile,+8550717876947
Metfone-071-7876948,Mobile,+8550717876948
Metfone-071-7876949,Mobile,+8550717876949
Metfone-071-7876950,Mobile,+8550717876950
Metfone-071-7876951,Mobile,+8550717876951
Metfone-071-7876952,Mobile,+8550717876952
Metfone-071-7876953,Mobile,+8550717876953
Metfone-071-7876954,Mobile,+8550717876954
Metfone-071-7876955,Mobile,+8550717876955
Metfone-071-7876956,Mobile,+8550717876956
Metfone-071-7876957,Mobile,+8550717876957
Metfone-071-7876958,Mobile,+8550717876958
Metfone-071-7876959,Mobile,+8550717876959
Metfone-071-7876960,Mobile,+8550717876960
Metfone-071-7876961,Mobile,+8550717876961
Metfone-071-7876962,Mobile,+8550717876962
Metfone-071-7876963,Mobile,+8550717876963
Metfone-071-7876964,Mobile,+8550717876964
Metfone-071-7876965,Mobile,+8550717876965
Metfone-071-7876966,Mobile,+8550717876966
Metfone-071-7876967,Mobile,+8550717876967
Metfone-071-7876968,Mobile,+8550717876968
Metfone-071-7876969,Mobile,+8550717876969
Metfone-071-7876970,Mobile,+8550717876970
Metfone-071-7876971,Mobile,+8550717876971
Metfone-071-7876972,Mobile,+8550717876972
Metfone-071-7876973,Mobile,+8550717876973
Metfone-071-7876974,Mobile,+8550717876974
Metfone-071-7876975,Mobile,+8550717876975
Metfone-071-7876976,Mobile,+8550717876976
Metfone-071-7876977,Mobile,+8550717876977
Metfone-071-7876978,Mobile,+8550717876978
Metfone-071-7876979,Mobile,+8550717876979
Metfone-071-7876980,Mobile,+8550717876980
Metfone-071-7876981,Mobile,+8550717876981
Metfone-071-7876982,Mobile,+8550717876982
Metfone-071-7876983,Mobile,+8550717876983
Metfone-071-7876984,Mobile,+8550717876984
Metfone-071-7876985,Mobile,+8550717876985
Metfone-071-7876986,Mobile,+8550717876986
Metfone-071-7876987,Mobile,+8550717876987
Metfone-071-7876988,Mobile,+8550717876988
Metfone-071-7876989,Mobile,+8550717876989
Metfone-071-7876990,Mobile,+8550717876990
Metfone-071-7876991,Mobile,+8550717876991
Metfone-071-7876992,Mobile,+8550717876992
Metfone-071-7876993,Mobile,+8550717876993
Metfone-071-7876994,Mobile,+8550717876994
Metfone-071-7876995,Mobile,+8550717876995
Metfone-071-7876996,Mobile,+8550717876996
Metfone-071-7876997,Mobile,+8550717876997
Metfone-071-7876998,Mobile,+8550717876998
Metfone-071-7876999,Mobile,+8550717876999
Metfone-071-7877000,Mobile,+8550717877000
Metfone-071-7877001,Mobile,+8550717877001
Metfone-071-7877002,Mobile,+8550717877002
Metfone-071-7877003,Mobile,+8550717877003
Metfone-071-7877004,Mobile,+8550717877004
Metfone-071-7877005,Mobile,+8550717877005
Metfone-071-7877006,Mobile,+8550717877006
Metfone-071-7877007,Mobile,+8550717877007
Metfone-071-7877008,Mobile,+8550717877008
Metfone-071-7877009,Mobile,+8550717877009
Metfone-071-7877010,Mobile,+8550717877010
Metfone-071-7877011,Mobile,+8550717877011
Metfone-071-7877012,Mobile,+8550717877012
Metfone-071-7877013,Mobile,+8550717877013
Metfone-071-7877014,Mobile,+8550717877014
Metfone-071-7877015,Mobile,+8550717877015
Metfone-071-7877016,Mobile,+8550717877016
Metfone-071-7877017,Mobile,+8550717877017
Metfone-071-7877018,Mobile,+8550717877018
Metfone-071-7877019,Mobile,+8550717877019
Metfone-071-7877020,Mobile,+8550717877020
Metfone-071-7877021,Mobile,+8550717877021
Metfone-071-7877022,Mobile,+8550717877022
Metfone-071-7877023,Mobile,+8550717877023
Metfone-071-7877024,Mobile,+8550717877024
Metfone-071-7877025,Mobile,+8550717877025
Metfone-071-7877026,Mobile,+8550717877026
Metfone-071-7877027,Mobile,+8550717877027
Metfone-071-7877028,Mobile,+8550717877028
Metfone-071-7877029,Mobile,+8550717877029
Metfone-071-7877030,Mobile,+8550717877030
Metfone-071-7877031,Mobile,+8550717877031
Metfone-071-7877032,Mobile,+8550717877032
Metfone-071-7877033,Mobile,+8550717877033
Metfone-071-7877034,Mobile,+8550717877034
Metfone-071-7877035,Mobile,+8550717877035
Metfone-071-7877036,Mobile,+8550717877036
Metfone-071-7877037,Mobile,+8550717877037
Metfone-071-7877038,Mobile,+8550717877038
Metfone-071-7877039,Mobile,+8550717877039
Metfone-071-7877040,Mobile,+8550717877040
Metfone-071-7877041,Mobile,+8550717877041
Metfone-071-7877042,Mobile,+8550717877042
Metfone-071-7877043,Mobile,+8550717877043
Metfone-071-7877044,Mobile,+8550717877044
Metfone-071-7877045,Mobile,+8550717877045
Metfone-071-7877046,Mobile,+8550717877046
Metfone-071-7877047,Mobile,+8550717877047
Metfone-071-7877048,Mobile,+8550717877048
Metfone-071-7877049,Mobile,+8550717877049
Metfone-071-7877050,Mobile,+8550717877050
Metfone-071-7877051,Mobile,+8550717877051
Metfone-071-7877052,Mobile,+8550717877052
Metfone-071-7877053,Mobile,+8550717877053
Metfone-071-7877054,Mobile,+8550717877054
Metfone-071-7877055,Mobile,+8550717877055
Metfone-071-7877056,Mobile,+8550717877056
Metfone-071-7877057,Mobile,+8550717877057
Metfone-071-7877058,Mobile,+8550717877058
Metfone-071-7877059,Mobile,+8550717877059
Metfone-071-7877060,Mobile,+8550717877060
Metfone-071-7877061,Mobile,+8550717877061
Metfone-071-7877062,Mobile,+8550717877062
Metfone-071-7877063,Mobile,+8550717877063
Metfone-071-7877064,Mobile,+8550717877064
Metfone-071-7877065,Mobile,+8550717877065
Metfone-071-7877066,Mobile,+8550717877066
Metfone-071-7877067,Mobile,+8550717877067
Metfone-071-7877068,Mobile,+8550717877068
Metfone-071-7877069,Mobile,+8550717877069
Metfone-071-7877070,Mobile,+8550717877070
Metfone-071-7877071,Mobile,+8550717877071
Metfone-071-7877072,Mobile,+8550717877072
Metfone-071-7877073,Mobile,+8550717877073
Metfone-071-7877074,Mobile,+8550717877074
Metfone-071-7877075,Mobile,+8550717877075
Metfone-071-7877076,Mobile,+8550717877076
Metfone-071-7877077,Mobile,+8550717877077
Metfone-071-7877078,Mobile,+8550717877078
Metfone-071-7877079,Mobile,+8550717877079
Metfone-071-7877080,Mobile,+8550717877080
Metfone-071-7877081,Mobile,+8550717877081
Metfone-071-7877082,Mobile,+8550717877082
Metfone-071-7877083,Mobile,+8550717877083
Metfone-071-7877084,Mobile,+8550717877084
Metfone-071-7877085,Mobile,+8550717877085
Metfone-071-7877086,Mobile,+8550717877086
Metfone-071-7877087,Mobile,+8550717877087
Metfone-071-7877088,Mobile,+8550717877088
Metfone-071-7877089,Mobile,+8550717877089
Metfone-071-7877090,Mobile,+8550717877090
Metfone-071-7877091,Mobile,+8550717877091
Metfone-071-7877092,Mobile,+8550717877092
Metfone-071-7877093,Mobile,+8550717877093
Metfone-071-7877094,Mobile,+8550717877094
Metfone-071-7877095,Mobile,+8550717877095
Metfone-071-7877096,Mobile,+8550717877096
Metfone-071-7877097,Mobile,+8550717877097
Metfone-071-7877098,Mobile,+8550717877098
Metfone-071-7877099,Mobile,+8550717877099
Metfone-071-7877100,Mobile,+8550717877100
Metfone-071-7877101,Mobile,+8550717877101
Metfone-071-7877102,Mobile,+8550717877102
Metfone-071-7877103,Mobile,+8550717877103
Metfone-071-7877104,Mobile,+8550717877104
Metfone-071-7877105,Mobile,+8550717877105
Metfone-071-7877106,Mobile,+8550717877106
Metfone-071-7877107,Mobile,+8550717877107
Metfone-071-7877108,Mobile,+8550717877108
Metfone-071-7877109,Mobile,+8550717877109
Metfone-071-7877110,Mobile,+8550717877110
Metfone-071-7877111,Mobile,+8550717877111
Metfone-071-7877112,Mobile,+8550717877112
Metfone-071-7877113,Mobile,+8550717877113
Metfone-071-7877114,Mobile,+8550717877114
Metfone-071-7877115,Mobile,+8550717877115
Metfone-071-7877116,Mobile,+8550717877116
Metfone-071-7877117,Mobile,+8550717877117
Metfone-071-7877118,Mobile,+8550717877118
Metfone-071-7877119,Mobile,+8550717877119
Metfone-071-7877120,Mobile,+8550717877120
Metfone-071-7877121,Mobile,+8550717877121
Metfone-071-7877122,Mobile,+8550717877122
Metfone-071-7877123,Mobile,+8550717877123
Metfone-071-7877124,Mobile,+8550717877124
Metfone-071-7877125,Mobile,+8550717877125
Metfone-071-7877126,Mobile,+8550717877126
Metfone-071-7877127,Mobile,+8550717877127
Metfone-071-7877128,Mobile,+8550717877128
Metfone-071-7877129,Mobile,+8550717877129
Metfone-071-7877130,Mobile,+8550717877130
Metfone-071-7877131,Mobile,+8550717877131
Metfone-071-7877132,Mobile,+8550717877132
Metfone-071-7877133,Mobile,+8550717877133
Metfone-071-7877134,Mobile,+8550717877134
Metfone-071-7877135,Mobile,+8550717877135
Metfone-071-7877136,Mobile,+8550717877136
Metfone-071-7877137,Mobile,+8550717877137
Metfone-071-7877138,Mobile,+8550717877138
Metfone-071-7877139,Mobile,+8550717877139
Metfone-071-7877140,Mobile,+8550717877140
Metfone-071-7877141,Mobile,+8550717877141
Metfone-071-7877142,Mobile,+8550717877142
Metfone-071-7877143,Mobile,+8550717877143
Metfone-071-7877144,Mobile,+8550717877144
Metfone-071-7877145,Mobile,+8550717877145
Metfone-071-7877146,Mobile,+8550717877146
Metfone-071-7877147,Mobile,+8550717877147
Metfone-071-7877148,Mobile,+8550717877148
Metfone-071-7877149,Mobile,+8550717877149
Metfone-071-7877150,Mobile,+8550717877150
Metfone-071-7877151,Mobile,+8550717877151
Metfone-071-7877152,Mobile,+8550717877152
Metfone-071-7877153,Mobile,+8550717877153
Metfone-071-7877154,Mobile,+8550717877154
Metfone-071-7877155,Mobile,+8550717877155
Metfone-071-7877156,Mobile,+8550717877156
Metfone-071-7877157,Mobile,+8550717877157
Metfone-071-7877158,Mobile,+8550717877158
Metfone-071-7877159,Mobile,+8550717877159
Metfone-071-7877160,Mobile,+8550717877160
Metfone-071-7877161,Mobile,+8550717877161
Metfone-071-7877162,Mobile,+8550717877162
Metfone-071-7877163,Mobile,+8550717877163
Metfone-071-7877164,Mobile,+8550717877164
Metfone-071-7877165,Mobile,+8550717877165
Metfone-071-7877166,Mobile,+8550717877166
Metfone-071-7877167,Mobile,+8550717877167
Metfone-071-7877168,Mobile,+8550717877168
Metfone-071-7877169,Mobile,+8550717877169
Metfone-071-7877170,Mobile,+8550717877170
Metfone-071-7877171,Mobile,+8550717877171
Metfone-071-7877172,Mobile,+8550717877172
Metfone-071-7877173,Mobile,+8550717877173
Metfone-071-7877174,Mobile,+8550717877174
Metfone-071-7877175,Mobile,+8550717877175
Metfone-071-7877176,Mobile,+8550717877176
Metfone-071-7877177,Mobile,+8550717877177
Metfone-071-7877178,Mobile,+8550717877178
Metfone-071-7877179,Mobile,+8550717877179
Metfone-071-7877180,Mobile,+8550717877180
Metfone-071-7877181,Mobile,+8550717877181
Metfone-071-7877182,Mobile,+8550717877182
Metfone-071-7877183,Mobile,+8550717877183
Metfone-071-7877184,Mobile,+8550717877184
Metfone-071-7877185,Mobile,+8550717877185
Metfone-071-7877186,Mobile,+8550717877186
Metfone-071-7877187,Mobile,+8550717877187
Metfone-071-7877188,Mobile,+8550717877188
Metfone-071-7877189,Mobile,+8550717877189
Metfone-071-7877190,Mobile,+8550717877190
Metfone-071-7877191,Mobile,+8550717877191
Metfone-071-7877192,Mobile,+8550717877192
Metfone-071-7877193,Mobile,+8550717877193
Metfone-071-7877194,Mobile,+8550717877194
Metfone-071-7877195,Mobile,+8550717877195
Metfone-071-7877196,Mobile,+8550717877196
Metfone-071-7877197,Mobile,+8550717877197
Metfone-071-7877198,Mobile,+8550717877198
Metfone-071-7877199,Mobile,+8550717877199
Metfone-071-7877200,Mobile,+8550717877200
Metfone-071-7877201,Mobile,+8550717877201
Metfone-071-7877202,Mobile,+8550717877202
Metfone-071-7877203,Mobile,+8550717877203
Metfone-071-7877204,Mobile,+8550717877204
Metfone-071-7877205,Mobile,+8550717877205
Metfone-071-7877206,Mobile,+8550717877206
Metfone-071-7877207,Mobile,+8550717877207
Metfone-071-7877208,Mobile,+8550717877208
Metfone-071-7877209,Mobile,+8550717877209
Metfone-071-7877210,Mobile,+8550717877210
Metfone-071-7877211,Mobile,+8550717877211
Metfone-071-7877212,Mobile,+8550717877212
Metfone-071-7877213,Mobile,+8550717877213
Metfone-071-7877214,Mobile,+8550717877214
Metfone-071-7877215,Mobile,+8550717877215
Metfone-071-7877216,Mobile,+8550717877216
Metfone-071-7877217,Mobile,+8550717877217
Metfone-071-7877218,Mobile,+8550717877218
Metfone-071-7877219,Mobile,+8550717877219
Metfone-071-7877220,Mobile,+8550717877220
Metfone-071-7877221,Mobile,+8550717877221
Metfone-071-7877222,Mobile,+8550717877222
Metfone-071-7877223,Mobile,+8550717877223
Metfone-071-7877224,Mobile,+8550717877224
Metfone-071-7877225,Mobile,+8550717877225
Metfone-071-7877226,Mobile,+8550717877226
Metfone-071-7877227,Mobile,+8550717877227
Metfone-071-7877228,Mobile,+8550717877228
Metfone-071-7877229,Mobile,+8550717877229
Metfone-071-7877230,Mobile,+8550717877230
Metfone-071-7877231,Mobile,+8550717877231
Metfone-071-7877232,Mobile,+8550717877232
Metfone-071-7877233,Mobile,+8550717877233
Metfone-071-7877234,Mobile,+8550717877234
Metfone-071-7877235,Mobile,+8550717877235
Metfone-071-7877236,Mobile,+8550717877236
Metfone-071-7877237,Mobile,+8550717877237
Metfone-071-7877238,Mobile,+8550717877238
Metfone-071-7877239,Mobile,+8550717877239
Metfone-071-7877240,Mobile,+8550717877240
Metfone-071-7877241,Mobile,+8550717877241
Metfone-071-7877242,Mobile,+8550717877242
Metfone-071-7877243,Mobile,+8550717877243
Metfone-071-7877244,Mobile,+8550717877244
Metfone-071-7877245,Mobile,+8550717877245
Metfone-071-7877246,Mobile,+8550717877246
Metfone-071-7877247,Mobile,+8550717877247
Metfone-071-7877248,Mobile,+8550717877248
Metfone-071-7877249,Mobile,+8550717877249
Metfone-071-7877250,Mobile,+8550717877250
Metfone-071-7877251,Mobile,+8550717877251
Metfone-071-7877252,Mobile,+8550717877252
Metfone-071-7877253,Mobile,+8550717877253
Metfone-071-7877254,Mobile,+8550717877254
Metfone-071-7877255,Mobile,+8550717877255
Metfone-071-7877256,Mobile,+8550717877256
Metfone-071-7877257,Mobile,+8550717877257
Metfone-071-7877258,Mobile,+8550717877258
Metfone-071-7877259,Mobile,+8550717877259
Metfone-071-7877260,Mobile,+8550717877260
Metfone-071-7877261,Mobile,+8550717877261
Metfone-071-7877262,Mobile,+8550717877262
Metfone-071-7877263,Mobile,+8550717877263
Metfone-071-7877264,Mobile,+8550717877264
Metfone-071-7877265,Mobile,+8550717877265
Metfone-071-7877266,Mobile,+8550717877266
Metfone-071-7877267,Mobile,+8550717877267
Metfone-071-7877268,Mobile,+8550717877268
Metfone-071-7877269,Mobile,+8550717877269
Metfone-071-7877270,Mobile,+8550717877270
Metfone-071-7877271,Mobile,+8550717877271
Metfone-071-7877272,Mobile,+8550717877272
Metfone-071-7877273,Mobile,+8550717877273
Metfone-071-7877274,Mobile,+8550717877274
Metfone-071-7877275,Mobile,+8550717877275
Metfone-071-7877276,Mobile,+8550717877276
Metfone-071-7877277,Mobile,+8550717877277
Metfone-071-7877278,Mobile,+8550717877278
Metfone-071-7877279,Mobile,+8550717877279
Metfone-071-7877280,Mobile,+8550717877280
Metfone-071-7877281,Mobile,+8550717877281
Metfone-071-7877282,Mobile,+8550717877282
Metfone-071-7877283,Mobile,+8550717877283
Metfone-071-7877284,Mobile,+8550717877284
Metfone-071-7877285,Mobile,+8550717877285
Metfone-071-7877286,Mobile,+8550717877286
Metfone-071-7877287,Mobile,+8550717877287
Metfone-071-7877288,Mobile,+8550717877288
Metfone-071-7877289,Mobile,+8550717877289
Metfone-071-7877290,Mobile,+8550717877290
Metfone-071-7877291,Mobile,+8550717877291
Metfone-071-7877292,Mobile,+8550717877292
Metfone-071-7877293,Mobile,+8550717877293
Metfone-071-7877294,Mobile,+8550717877294
Metfone-071-7877295,Mobile,+8550717877295
Metfone-071-7877296,Mobile,+8550717877296
Metfone-071-7877297,Mobile,+8550717877297
Metfone-071-7877298,Mobile,+8550717877298
Metfone-071-7877299,Mobile,+8550717877299
Metfone-071-7877300,Mobile,+8550717877300
Metfone-071-7877301,Mobile,+8550717877301
Metfone-071-7877302,Mobile,+8550717877302
Metfone-071-7877303,Mobile,+8550717877303
Metfone-071-7877304,Mobile,+8550717877304
Metfone-071-7877305,Mobile,+8550717877305
Metfone-071-7877306,Mobile,+8550717877306
Metfone-071-7877307,Mobile,+8550717877307
Metfone-071-7877308,Mobile,+8550717877308
Metfone-071-7877309,Mobile,+8550717877309
Metfone-071-7877310,Mobile,+8550717877310
Metfone-071-7877311,Mobile,+8550717877311
Metfone-071-7877312,Mobile,+8550717877312
Metfone-071-7877313,Mobile,+8550717877313
Metfone-071-7877314,Mobile,+8550717877314
Metfone-071-7877315,Mobile,+8550717877315
Metfone-071-7877316,Mobile,+8550717877316
Metfone-071-7877317,Mobile,+8550717877317
Metfone-071-7877318,Mobile,+8550717877318
Metfone-071-7877319,Mobile,+8550717877319
Metfone-071-7877320,Mobile,+8550717877320
Metfone-071-7877321,Mobile,+8550717877321
Metfone-071-7877322,Mobile,+8550717877322
Metfone-071-7877323,Mobile,+8550717877323
Metfone-071-7877324,Mobile,+8550717877324
Metfone-071-7877325,Mobile,+8550717877325
Metfone-071-7877326,Mobile,+8550717877326
Metfone-071-7877327,Mobile,+8550717877327
Metfone-071-7877328,Mobile,+8550717877328
Metfone-071-7877329,Mobile,+8550717877329
Metfone-071-7877330,Mobile,+8550717877330
Metfone-071-7877331,Mobile,+8550717877331
Metfone-071-7877332,Mobile,+8550717877332
Metfone-071-7877333,Mobile,+8550717877333
Metfone-071-7877334,Mobile,+8550717877334
Metfone-071-7877335,Mobile,+8550717877335
Metfone-071-7877336,Mobile,+8550717877336
Metfone-071-7877337,Mobile,+8550717877337
Metfone-071-7877338,Mobile,+8550717877338
Metfone-071-7877339,Mobile,+8550717877339
Metfone-071-7877340,Mobile,+8550717877340
Metfone-071-7877341,Mobile,+8550717877341
Metfone-071-7877342,Mobile,+8550717877342
Metfone-071-7877343,Mobile,+8550717877343
Metfone-071-7877344,Mobile,+8550717877344
Metfone-071-7877345,Mobile,+8550717877345
Metfone-071-7877346,Mobile,+8550717877346
Metfone-071-7877347,Mobile,+8550717877347
Metfone-071-7877348,Mobile,+8550717877348
Metfone-071-7877349,Mobile,+8550717877349
Metfone-071-7877350,Mobile,+8550717877350
Metfone-071-7877351,Mobile,+8550717877351
Metfone-071-7877352,Mobile,+8550717877352
Metfone-071-7877353,Mobile,+8550717877353
Metfone-071-7877354,Mobile,+8550717877354
Metfone-071-7877355,Mobile,+8550717877355
Metfone-071-7877356,Mobile,+8550717877356
Metfone-071-7877357,Mobile,+8550717877357
Metfone-071-7877358,Mobile,+8550717877358
Metfone-071-7877359,Mobile,+8550717877359
Metfone-071-7877360,Mobile,+8550717877360
Metfone-071-7877361,Mobile,+8550717877361
Metfone-071-7877362,Mobile,+8550717877362
Metfone-071-7877363,Mobile,+8550717877363
Metfone-071-7877364,Mobile,+8550717877364
Metfone-071-7877365,Mobile,+8550717877365
Metfone-071-7877366,Mobile,+8550717877366
Metfone-071-7877367,Mobile,+8550717877367
Metfone-071-7877368,Mobile,+8550717877368
Metfone-071-7877369,Mobile,+8550717877369
Metfone-071-7877370,Mobile,+8550717877370
Metfone-071-7877371,Mobile,+8550717877371
Metfone-071-7877372,Mobile,+8550717877372
Metfone-071-7877373,Mobile,+8550717877373
Metfone-071-7877374,Mobile,+8550717877374
Metfone-071-7877375,Mobile,+8550717877375
Metfone-071-7877376,Mobile,+8550717877376
Metfone-071-7877377,Mobile,+8550717877377
Metfone-071-7877378,Mobile,+8550717877378
Metfone-071-7877379,Mobile,+8550717877379
Metfone-071-7877380,Mobile,+8550717877380
Metfone-071-7877381,Mobile,+8550717877381
Metfone-071-7877382,Mobile,+8550717877382
Metfone-071-7877383,Mobile,+8550717877383
Metfone-071-7877384,Mobile,+8550717877384
Metfone-071-7877385,Mobile,+8550717877385
Metfone-071-7877386,Mobile,+8550717877386
Metfone-071-7877387,Mobile,+8550717877387
Metfone-071-7877388,Mobile,+8550717877388
Metfone-071-7877389,Mobile,+8550717877389
Metfone-071-7877390,Mobile,+8550717877390
Metfone-071-7877391,Mobile,+8550717877391
Metfone-071-7877392,Mobile,+8550717877392
Metfone-071-7877393,Mobile,+8550717877393
Metfone-071-7877394,Mobile,+8550717877394
Metfone-071-7877395,Mobile,+8550717877395
Metfone-071-7877396,Mobile,+8550717877396
Metfone-071-7877397,Mobile,+8550717877397
Metfone-071-7877398,Mobile,+8550717877398
Metfone-071-7877399,Mobile,+8550717877399
Metfone-071-7877400,Mobile,+8550717877400
Metfone-071-7877401,Mobile,+8550717877401
Metfone-071-7877402,Mobile,+8550717877402
Metfone-071-7877403,Mobile,+8550717877403
Metfone-071-7877404,Mobile,+8550717877404
Metfone-071-7877405,Mobile,+8550717877405
Metfone-071-7877406,Mobile,+8550717877406
Metfone-071-7877407,Mobile,+8550717877407
Metfone-071-7877408,Mobile,+8550717877408
Metfone-071-7877409,Mobile,+8550717877409
Metfone-071-7877410,Mobile,+8550717877410
Metfone-071-7877411,Mobile,+8550717877411
Metfone-071-7877412,Mobile,+8550717877412
Metfone-071-7877413,Mobile,+8550717877413
Metfone-071-7877414,Mobile,+8550717877414
Metfone-071-7877415,Mobile,+8550717877415
Metfone-071-7877416,Mobile,+8550717877416
Metfone-071-7877417,Mobile,+8550717877417
Metfone-071-7877418,Mobile,+8550717877418
Metfone-071-7877419,Mobile,+8550717877419
Metfone-071-7877420,Mobile,+8550717877420
Metfone-071-7877421,Mobile,+8550717877421
Metfone-071-7877422,Mobile,+8550717877422
Metfone-071-7877423,Mobile,+8550717877423
Metfone-071-7877424,Mobile,+8550717877424
Metfone-071-7877425,Mobile,+8550717877425
Metfone-071-7877426,Mobile,+8550717877426
Metfone-071-7877427,Mobile,+8550717877427
Metfone-071-7877428,Mobile,+8550717877428
Metfone-071-7877429,Mobile,+8550717877429
Metfone-071-7877430,Mobile,+8550717877430
Metfone-071-7877431,Mobile,+8550717877431
Metfone-071-7877432,Mobile,+8550717877432
Metfone-071-7877433,Mobile,+8550717877433
Metfone-071-7877434,Mobile,+8550717877434
Metfone-071-7877435,Mobile,+8550717877435
Metfone-071-7877436,Mobile,+8550717877436
Metfone-071-7877437,Mobile,+8550717877437
Metfone-071-7877438,Mobile,+8550717877438
Metfone-071-7877439,Mobile,+8550717877439
Metfone-071-7877440,Mobile,+8550717877440
Metfone-071-7877441,Mobile,+8550717877441
Metfone-071-7877442,Mobile,+8550717877442
Metfone-071-7877443,Mobile,+8550717877443
Metfone-071-7877444,Mobile,+8550717877444
Metfone-071-7877445,Mobile,+8550717877445
Metfone-071-7877446,Mobile,+8550717877446
Metfone-071-7877447,Mobile,+8550717877447
Metfone-071-7877448,Mobile,+8550717877448
Metfone-071-7877449,Mobile,+8550717877449
Metfone-071-7877450,Mobile,+8550717877450
Metfone-071-7877451,Mobile,+8550717877451
Metfone-071-7877452,Mobile,+8550717877452
Metfone-071-7877453,Mobile,+8550717877453
Metfone-071-7877454,Mobile,+8550717877454
Metfone-071-7877455,Mobile,+8550717877455
Metfone-071-7877456,Mobile,+8550717877456
Metfone-071-7877457,Mobile,+8550717877457
Metfone-071-7877458,Mobile,+8550717877458
Metfone-071-7877459,Mobile,+8550717877459
Metfone-071-7877460,Mobile,+8550717877460
Metfone-071-7877461,Mobile,+8550717877461
Metfone-071-7877462,Mobile,+8550717877462
Metfone-071-7877463,Mobile,+8550717877463
Metfone-071-7877464,Mobile,+8550717877464
Metfone-071-7877465,Mobile,+8550717877465
Metfone-071-7877466,Mobile,+8550717877466
Metfone-071-7877467,Mobile,+8550717877467
Metfone-071-7877468,Mobile,+8550717877468
Metfone-071-7877469,Mobile,+8550717877469
Metfone-071-7877470,Mobile,+8550717877470
Metfone-071-7877471,Mobile,+8550717877471
Metfone-071-7877472,Mobile,+8550717877472
Metfone-071-7877473,Mobile,+8550717877473
Metfone-071-7877474,Mobile,+8550717877474
Metfone-071-7877475,Mobile,+8550717877475
Metfone-071-7877476,Mobile,+8550717877476
Metfone-071-7877477,Mobile,+8550717877477
Metfone-071-7877478,Mobile,+8550717877478
Metfone-071-7877479,Mobile,+8550717877479
Metfone-071-7877480,Mobile,+8550717877480
Metfone-071-7877481,Mobile,+8550717877481
Metfone-071-7877482,Mobile,+8550717877482
Metfone-071-7877483,Mobile,+8550717877483
Metfone-071-7877484,Mobile,+8550717877484
Metfone-071-7877485,Mobile,+8550717877485
Metfone-071-7877486,Mobile,+8550717877486
Metfone-071-7877487,Mobile,+8550717877487
Metfone-071-7877488,Mobile,+8550717877488
Metfone-071-7877489,Mobile,+8550717877489
Metfone-071-7877490,Mobile,+8550717877490
Metfone-071-7877491,Mobile,+8550717877491
Metfone-071-7877492,Mobile,+8550717877492
Metfone-071-7877493,Mobile,+8550717877493
Metfone-071-7877494,Mobile,+8550717877494
Metfone-071-7877495,Mobile,+8550717877495
Metfone-071-7877496,Mobile,+8550717877496
Metfone-071-7877497,Mobile,+8550717877497
Metfone-071-7877498,Mobile,+8550717877498
Metfone-071-7877499,Mobile,+8550717877499
Metfone-071-7877500,Mobile,+8550717877500
Metfone-071-7877501,Mobile,+8550717877501
Metfone-071-7877502,Mobile,+8550717877502
Metfone-071-7877503,Mobile,+8550717877503
Metfone-071-7877504,Mobile,+8550717877504
Metfone-071-7877505,Mobile,+8550717877505
Metfone-071-7877506,Mobile,+8550717877506
Metfone-071-7877507,Mobile,+8550717877507
Metfone-071-7877508,Mobile,+8550717877508
Metfone-071-7877509,Mobile,+8550717877509
Metfone-071-7877510,Mobile,+8550717877510
Metfone-071-7877511,Mobile,+8550717877511
Metfone-071-7877512,Mobile,+8550717877512
Metfone-071-7877513,Mobile,+8550717877513
Metfone-071-7877514,Mobile,+8550717877514
Metfone-071-7877515,Mobile,+8550717877515
Metfone-071-7877516,Mobile,+8550717877516
Metfone-071-7877517,Mobile,+8550717877517
Metfone-071-7877518,Mobile,+8550717877518
Metfone-071-7877519,Mobile,+8550717877519
Metfone-071-7877520,Mobile,+8550717877520
Metfone-071-7877521,Mobile,+8550717877521
Metfone-071-7877522,Mobile,+8550717877522
Metfone-071-7877523,Mobile,+8550717877523
Metfone-071-7877524,Mobile,+8550717877524
Metfone-071-7877525,Mobile,+8550717877525
Metfone-071-7877526,Mobile,+8550717877526
Metfone-071-7877527,Mobile,+8550717877527
Metfone-071-7877528,Mobile,+8550717877528
Metfone-071-7877529,Mobile,+8550717877529
Metfone-071-7877530,Mobile,+8550717877530
Metfone-071-7877531,Mobile,+8550717877531
Metfone-071-7877532,Mobile,+8550717877532
Metfone-071-7877533,Mobile,+8550717877533
Metfone-071-7877534,Mobile,+8550717877534
Metfone-071-7877535,Mobile,+8550717877535
Metfone-071-7877536,Mobile,+8550717877536
Metfone-071-7877537,Mobile,+8550717877537
Metfone-071-7877538,Mobile,+8550717877538
Metfone-071-7877539,Mobile,+8550717877539
Metfone-071-7877540,Mobile,+8550717877540
Metfone-071-7877541,Mobile,+8550717877541
Metfone-071-7877542,Mobile,+8550717877542
Metfone-071-7877543,Mobile,+8550717877543
Metfone-071-7877544,Mobile,+8550717877544
Metfone-071-7877545,Mobile,+8550717877545
Metfone-071-7877546,Mobile,+8550717877546
Metfone-071-7877547,Mobile,+8550717877547
Metfone-071-7877548,Mobile,+8550717877548
Metfone-071-7877549,Mobile,+8550717877549
Metfone-071-7877550,Mobile,+8550717877550
Metfone-071-7877551,Mobile,+8550717877551
Metfone-071-7877552,Mobile,+8550717877552
Metfone-071-7877553,Mobile,+8550717877553
Metfone-071-7877554,Mobile,+8550717877554
Metfone-071-7877555,Mobile,+8550717877555
Metfone-071-7877556,Mobile,+8550717877556
Metfone-071-7877557,Mobile,+8550717877557
Metfone-071-7877558,Mobile,+8550717877558
Metfone-071-7877559,Mobile,+8550717877559
Metfone-071-7877560,Mobile,+8550717877560
Metfone-071-7877561,Mobile,+8550717877561
Metfone-071-7877562,Mobile,+8550717877562
Metfone-071-7877563,Mobile,+8550717877563
Metfone-071-7877564,Mobile,+8550717877564
Metfone-071-7877565,Mobile,+8550717877565
Metfone-071-7877566,Mobile,+8550717877566
Metfone-071-7877567,Mobile,+8550717877567
Metfone-071-7877568,Mobile,+8550717877568
Metfone-071-7877569,Mobile,+8550717877569
Metfone-071-7877570,Mobile,+8550717877570
Metfone-071-7877571,Mobile,+8550717877571
Metfone-071-7877572,Mobile,+8550717877572
Metfone-071-7877573,Mobile,+8550717877573
Metfone-071-7877574,Mobile,+8550717877574
Metfone-071-7877575,Mobile,+8550717877575
Metfone-071-7877576,Mobile,+8550717877576
Metfone-071-7877577,Mobile,+8550717877577
Metfone-071-7877578,Mobile,+8550717877578
Metfone-071-7877579,Mobile,+8550717877579
Metfone-071-7877580,Mobile,+8550717877580
Metfone-071-7877581,Mobile,+8550717877581
Metfone-071-7877582,Mobile,+8550717877582
Metfone-071-7877583,Mobile,+8550717877583
Metfone-071-7877584,Mobile,+8550717877584
Metfone-071-7877585,Mobile,+8550717877585
Metfone-071-7877586,Mobile,+8550717877586
Metfone-071-7877587,Mobile,+8550717877587
Metfone-071-7877588,Mobile,+8550717877588
Metfone-071-7877589,Mobile,+8550717877589
Metfone-071-7877590,Mobile,+8550717877590
Metfone-071-7877591,Mobile,+8550717877591
Metfone-071-7877592,Mobile,+8550717877592
Metfone-071-7877593,Mobile,+8550717877593
Metfone-071-7877594,Mobile,+8550717877594
Metfone-071-7877595,Mobile,+8550717877595
Metfone-071-7877596,Mobile,+8550717877596
Metfone-071-7877597,Mobile,+8550717877597
Metfone-071-7877598,Mobile,+8550717877598
Metfone-071-7877599,Mobile,+8550717877599
Metfone-071-7877600,Mobile,+8550717877600
Metfone-071-7877601,Mobile,+8550717877601
Metfone-071-7877602,Mobile,+8550717877602
Metfone-071-7877603,Mobile,+8550717877603
Metfone-071-7877604,Mobile,+8550717877604
Metfone-071-7877605,Mobile,+8550717877605
Metfone-071-7877606,Mobile,+8550717877606
Metfone-071-7877607,Mobile,+8550717877607
Metfone-071-7877608,Mobile,+8550717877608
Metfone-071-7877609,Mobile,+8550717877609
Metfone-071-7877610,Mobile,+8550717877610
Metfone-071-7877611,Mobile,+8550717877611
Metfone-071-7877612,Mobile,+8550717877612
Metfone-071-7877613,Mobile,+8550717877613
Metfone-071-7877614,Mobile,+8550717877614
Metfone-071-7877615,Mobile,+8550717877615
Metfone-071-7877616,Mobile,+8550717877616
Metfone-071-7877617,Mobile,+8550717877617
Metfone-071-7877618,Mobile,+8550717877618
Metfone-071-7877619,Mobile,+8550717877619
Metfone-071-7877620,Mobile,+8550717877620
Metfone-071-7877621,Mobile,+8550717877621
Metfone-071-7877622,Mobile,+8550717877622
Metfone-071-7877623,Mobile,+8550717877623
Metfone-071-7877624,Mobile,+8550717877624
Metfone-071-7877625,Mobile,+8550717877625
Metfone-071-7877626,Mobile,+8550717877626
Metfone-071-7877627,Mobile,+8550717877627
Metfone-071-7877628,Mobile,+8550717877628
Metfone-071-7877629,Mobile,+8550717877629
Metfone-071-7877630,Mobile,+8550717877630
Metfone-071-7877631,Mobile,+8550717877631
Metfone-071-7877632,Mobile,+8550717877632
Metfone-071-7877633,Mobile,+8550717877633
Metfone-071-7877634,Mobile,+8550717877634
Metfone-071-7877635,Mobile,+8550717877635
Metfone-071-7877636,Mobile,+8550717877636
Metfone-071-7877637,Mobile,+8550717877637
Metfone-071-7877638,Mobile,+8550717877638
Metfone-071-7877639,Mobile,+8550717877639
Metfone-071-7877640,Mobile,+8550717877640
Metfone-071-7877641,Mobile,+8550717877641
Metfone-071-7877642,Mobile,+8550717877642
Metfone-071-7877643,Mobile,+8550717877643
Metfone-071-7877644,Mobile,+8550717877644
Metfone-071-7877645,Mobile,+8550717877645
Metfone-071-7877646,Mobile,+8550717877646
Metfone-071-7877647,Mobile,+8550717877647
Metfone-071-7877648,Mobile,+8550717877648
Metfone-071-7877649,Mobile,+8550717877649
Metfone-071-7877650,Mobile,+8550717877650
Metfone-071-7877651,Mobile,+8550717877651
Metfone-071-7877652,Mobile,+8550717877652
Metfone-071-7877653,Mobile,+8550717877653
Metfone-071-7877654,Mobile,+8550717877654
Metfone-071-7877655,Mobile,+8550717877655
Metfone-071-7877656,Mobile,+8550717877656
Metfone-071-7877657,Mobile,+8550717877657
Metfone-071-7877658,Mobile,+8550717877658
Metfone-071-7877659,Mobile,+8550717877659
Metfone-071-7877660,Mobile,+8550717877660
Metfone-071-7877661,Mobile,+8550717877661
Metfone-071-7877662,Mobile,+8550717877662
Metfone-071-7877663,Mobile,+8550717877663
Metfone-071-7877664,Mobile,+8550717877664
Metfone-071-7877665,Mobile,+8550717877665
Metfone-071-7877666,Mobile,+8550717877666
Metfone-071-7877667,Mobile,+8550717877667
Metfone-071-7877668,Mobile,+8550717877668
Metfone-071-7877669,Mobile,+8550717877669
Metfone-071-7877670,Mobile,+8550717877670
Metfone-071-7877671,Mobile,+8550717877671
Metfone-071-7877672,Mobile,+8550717877672
Metfone-071-7877673,Mobile,+8550717877673
Metfone-071-7877674,Mobile,+8550717877674
Metfone-071-7877675,Mobile,+8550717877675
Metfone-071-7877676,Mobile,+8550717877676
Metfone-071-7877677,Mobile,+8550717877677
Metfone-071-7877678,Mobile,+8550717877678
Metfone-071-7877679,Mobile,+8550717877679
Metfone-071-7877680,Mobile,+8550717877680
Metfone-071-7877681,Mobile,+8550717877681
Metfone-071-7877682,Mobile,+8550717877682
Metfone-071-7877683,Mobile,+8550717877683
Metfone-071-7877684,Mobile,+8550717877684
Metfone-071-7877685,Mobile,+8550717877685
Metfone-071-7877686,Mobile,+8550717877686
Metfone-071-7877687,Mobile,+8550717877687
Metfone-071-7877688,Mobile,+8550717877688
Metfone-071-7877689,Mobile,+8550717877689
Metfone-071-7877690,Mobile,+8550717877690
Metfone-071-7877691,Mobile,+8550717877691
Metfone-071-7877692,Mobile,+8550717877692
Metfone-071-7877693,Mobile,+8550717877693
Metfone-071-7877694,Mobile,+8550717877694
Metfone-071-7877695,Mobile,+8550717877695
Metfone-071-7877696,Mobile,+8550717877696
Metfone-071-7877697,Mobile,+8550717877697
Metfone-071-7877698,Mobile,+8550717877698
Metfone-071-7877699,Mobile,+8550717877699
Metfone-071-7877700,Mobile,+8550717877700
Metfone-071-7877701,Mobile,+8550717877701
Metfone-071-7877702,Mobile,+8550717877702
Metfone-071-7877703,Mobile,+8550717877703
Metfone-071-7877704,Mobile,+8550717877704
Metfone-071-7877705,Mobile,+8550717877705
Metfone-071-7877706,Mobile,+8550717877706
Metfone-071-7877707,Mobile,+8550717877707
Metfone-071-7877708,Mobile,+8550717877708
Metfone-071-7877709,Mobile,+8550717877709
Metfone-071-7877710,Mobile,+8550717877710
Metfone-071-7877711,Mobile,+8550717877711
Metfone-071-7877712,Mobile,+8550717877712
Metfone-071-7877713,Mobile,+8550717877713
Metfone-071-7877714,Mobile,+8550717877714
Metfone-071-7877715,Mobile,+8550717877715
Metfone-071-7877716,Mobile,+8550717877716
Metfone-071-7877717,Mobile,+8550717877717
Metfone-071-7877718,Mobile,+8550717877718
Metfone-071-7877719,Mobile,+8550717877719
Metfone-071-7877720,Mobile,+8550717877720
Metfone-071-7877721,Mobile,+8550717877721
Metfone-071-7877722,Mobile,+8550717877722
Metfone-071-7877723,Mobile,+8550717877723
Metfone-071-7877724,Mobile,+8550717877724
Metfone-071-7877725,Mobile,+8550717877725
Metfone-071-7877726,Mobile,+8550717877726
Metfone-071-7877727,Mobile,+8550717877727
Metfone-071-7877728,Mobile,+8550717877728
Metfone-071-7877729,Mobile,+8550717877729
Metfone-071-7877730,Mobile,+8550717877730
Metfone-071-7877731,Mobile,+8550717877731
Metfone-071-7877732,Mobile,+8550717877732
Metfone-071-7877733,Mobile,+8550717877733
Metfone-071-7877734,Mobile,+8550717877734
Metfone-071-7877735,Mobile,+8550717877735
Metfone-071-7877736,Mobile,+8550717877736
Metfone-071-7877737,Mobile,+8550717877737
Metfone-071-7877738,Mobile,+8550717877738
Metfone-071-7877739,Mobile,+8550717877739
Metfone-071-7877740,Mobile,+8550717877740
Metfone-071-7877741,Mobile,+8550717877741
Metfone-071-7877742,Mobile,+8550717877742
Metfone-071-7877743,Mobile,+8550717877743
Metfone-071-7877744,Mobile,+8550717877744
Metfone-071-7877745,Mobile,+8550717877745
Metfone-071-7877746,Mobile,+8550717877746
Metfone-071-7877747,Mobile,+8550717877747
Metfone-071-7877748,Mobile,+8550717877748
Metfone-071-7877749,Mobile,+8550717877749
Metfone-071-7877750,Mobile,+8550717877750
Metfone-071-7877751,Mobile,+8550717877751
Metfone-071-7877752,Mobile,+8550717877752
Metfone-071-7877753,Mobile,+8550717877753
Metfone-071-7877754,Mobile,+8550717877754
Metfone-071-7877755,Mobile,+8550717877755
Metfone-071-7877756,Mobile,+8550717877756
Metfone-071-7877757,Mobile,+8550717877757
Metfone-071-7877758,Mobile,+8550717877758
Metfone-071-7877759,Mobile,+8550717877759
Metfone-071-7877760,Mobile,+8550717877760
Metfone-071-7877761,Mobile,+8550717877761
Metfone-071-7877762,Mobile,+8550717877762
Metfone-071-7877763,Mobile,+8550717877763
Metfone-071-7877764,Mobile,+8550717877764
Metfone-071-7877765,Mobile,+8550717877765
Metfone-071-7877766,Mobile,+8550717877766
Metfone-071-7877767,Mobile,+8550717877767
Metfone-071-7877768,Mobile,+8550717877768
Metfone-071-7877769,Mobile,+8550717877769
Metfone-071-7877770,Mobile,+8550717877770
Metfone-071-7877771,Mobile,+8550717877771
Metfone-071-7877772,Mobile,+8550717877772
Metfone-071-7877773,Mobile,+8550717877773
Metfone-071-7877774,Mobile,+8550717877774
Metfone-071-7877775,Mobile,+8550717877775
Metfone-071-7877776,Mobile,+8550717877776
Metfone-071-7877777,Mobile,+8550717877777
Metfone-071-7877778,Mobile,+8550717877778
Metfone-071-7877779,Mobile,+8550717877779
Metfone-071-7877780,Mobile,+8550717877780
Metfone-071-7877781,Mobile,+8550717877781
Metfone-071-7877782,Mobile,+8550717877782
Metfone-071-7877783,Mobile,+8550717877783
Metfone-071-7877784,Mobile,+8550717877784
Metfone-071-7877785,Mobile,+8550717877785
Metfone-071-7877786,Mobile,+8550717877786
Metfone-071-7877787,Mobile,+8550717877787
Metfone-071-7877788,Mobile,+8550717877788
Metfone-071-7877789,Mobile,+8550717877789
Metfone-071-7877790,Mobile,+8550717877790
Metfone-071-7877791,Mobile,+8550717877791
Metfone-071-7877792,Mobile,+8550717877792
Metfone-071-7877793,Mobile,+8550717877793
Metfone-071-7877794,Mobile,+8550717877794
Metfone-071-7877795,Mobile,+8550717877795
Metfone-071-7877796,Mobile,+8550717877796
Metfone-071-7877797,Mobile,+8550717877797
Metfone-071-7877798,Mobile,+8550717877798
Metfone-071-7877799,Mobile,+8550717877799
Metfone-071-7877800,Mobile,+8550717877800
Metfone-071-7877801,Mobile,+8550717877801
Metfone-071-7877802,Mobile,+8550717877802
Metfone-071-7877803,Mobile,+8550717877803
Metfone-071-7877804,Mobile,+8550717877804
Metfone-071-7877805,Mobile,+8550717877805
Metfone-071-7877806,Mobile,+8550717877806
Metfone-071-7877807,Mobile,+8550717877807
Metfone-071-7877808,Mobile,+8550717877808
Metfone-071-7877809,Mobile,+8550717877809
Metfone-071-7877810,Mobile,+8550717877810
Metfone-071-7877811,Mobile,+8550717877811
Metfone-071-7877812,Mobile,+8550717877812
Metfone-071-7877813,Mobile,+8550717877813
Metfone-071-7877814,Mobile,+8550717877814
Metfone-071-7877815,Mobile,+8550717877815
Metfone-071-7877816,Mobile,+8550717877816
Metfone-071-7877817,Mobile,+8550717877817
Metfone-071-7877818,Mobile,+8550717877818
Metfone-071-7877819,Mobile,+8550717877819
Metfone-071-7877820,Mobile,+8550717877820
Metfone-071-7877821,Mobile,+8550717877821
Metfone-071-7877822,Mobile,+8550717877822
Metfone-071-7877823,Mobile,+8550717877823
Metfone-071-7877824,Mobile,+8550717877824
Metfone-071-7877825,Mobile,+8550717877825
Metfone-071-7877826,Mobile,+8550717877826
Metfone-071-7877827,Mobile,+8550717877827
Metfone-071-7877828,Mobile,+8550717877828
Metfone-071-7877829,Mobile,+8550717877829
Metfone-071-7877830,Mobile,+8550717877830
Metfone-071-7877831,Mobile,+8550717877831
Metfone-071-7877832,Mobile,+8550717877832
Metfone-071-7877833,Mobile,+8550717877833
Metfone-071-7877834,Mobile,+8550717877834
Metfone-071-7877835,Mobile,+8550717877835
Metfone-071-7877836,Mobile,+8550717877836
Metfone-071-7877837,Mobile,+8550717877837
Metfone-071-7877838,Mobile,+8550717877838
Metfone-071-7877839,Mobile,+8550717877839
Metfone-071-7877840,Mobile,+8550717877840
Metfone-071-7877841,Mobile,+8550717877841
Metfone-071-7877842,Mobile,+8550717877842
Metfone-071-7877843,Mobile,+8550717877843
Metfone-071-7877844,Mobile,+8550717877844
Metfone-071-7877845,Mobile,+8550717877845
Metfone-071-7877846,Mobile,+8550717877846
Metfone-071-7877847,Mobile,+8550717877847
Metfone-071-7877848,Mobile,+8550717877848
Metfone-071-7877849,Mobile,+8550717877849
Metfone-071-7877850,Mobile,+8550717877850
Metfone-071-7877851,Mobile,+8550717877851
Metfone-071-7877852,Mobile,+8550717877852
Metfone-071-7877853,Mobile,+8550717877853
Metfone-071-7877854,Mobile,+8550717877854
Metfone-071-7877855,Mobile,+8550717877855
Metfone-071-7877856,Mobile,+8550717877856
Metfone-071-7877857,Mobile,+8550717877857
Metfone-071-7877858,Mobile,+8550717877858
Metfone-071-7877859,Mobile,+8550717877859
Metfone-071-7877860,Mobile,+8550717877860
Metfone-071-7877861,Mobile,+8550717877861
Metfone-071-7877862,Mobile,+8550717877862
Metfone-071-7877863,Mobile,+8550717877863
Metfone-071-7877864,Mobile,+8550717877864
Metfone-071-7877865,Mobile,+8550717877865
Metfone-071-7877866,Mobile,+8550717877866
Metfone-071-7877867,Mobile,+8550717877867
Metfone-071-7877868,Mobile,+8550717877868
Metfone-071-7877869,Mobile,+8550717877869
Metfone-071-7877870,Mobile,+8550717877870
Metfone-071-7877871,Mobile,+8550717877871
Metfone-071-7877872,Mobile,+8550717877872
Metfone-071-7877873,Mobile,+8550717877873
Metfone-071-7877874,Mobile,+8550717877874
Metfone-071-7877875,Mobile,+8550717877875
Metfone-071-7877876,Mobile,+8550717877876
Metfone-071-7877877,Mobile,+8550717877877
Metfone-071-7877878,Mobile,+8550717877878
Metfone-071-7877879,Mobile,+8550717877879
Metfone-071-7877880,Mobile,+8550717877880
Metfone-071-7877881,Mobile,+8550717877881
Metfone-071-7877882,Mobile,+8550717877882
Metfone-071-7877883,Mobile,+8550717877883
Metfone-071-7877884,Mobile,+8550717877884
Metfone-071-7877885,Mobile,+8550717877885
Metfone-071-7877886,Mobile,+8550717877886
Metfone-071-7877887,Mobile,+8550717877887
Metfone-071-7877888,Mobile,+8550717877888
Metfone-071-7877889,Mobile,+8550717877889
Metfone-071-7877890,Mobile,+8550717877890
Metfone-071-7877891,Mobile,+8550717877891
Metfone-071-7877892,Mobile,+8550717877892
Metfone-071-7877893,Mobile,+8550717877893
Metfone-071-7877894,Mobile,+8550717877894
Metfone-071-7877895,Mobile,+8550717877895
Metfone-071-7877896,Mobile,+8550717877896
Metfone-071-7877897,Mobile,+8550717877897
Metfone-071-7877898,Mobile,+8550717877898
Metfone-071-7877899,Mobile,+8550717877899
Metfone-071-7877900,Mobile,+8550717877900
Metfone-071-7877901,Mobile,+8550717877901
Metfone-071-7877902,Mobile,+8550717877902
Metfone-071-7877903,Mobile,+8550717877903
Metfone-071-7877904,Mobile,+8550717877904
Metfone-071-7877905,Mobile,+8550717877905
Metfone-071-7877906,Mobile,+8550717877906
Metfone-071-7877907,Mobile,+8550717877907
Metfone-071-7877908,Mobile,+8550717877908
Metfone-071-7877909,Mobile,+8550717877909
Metfone-071-7877910,Mobile,+8550717877910
Metfone-071-7877911,Mobile,+8550717877911
Metfone-071-7877912,Mobile,+8550717877912
Metfone-071-7877913,Mobile,+8550717877913
Metfone-071-7877914,Mobile,+8550717877914
Metfone-071-7877915,Mobile,+8550717877915
Metfone-071-7877916,Mobile,+8550717877916
Metfone-071-7877917,Mobile,+8550717877917
Metfone-071-7877918,Mobile,+8550717877918
Metfone-071-7877919,Mobile,+8550717877919
Metfone-071-7877920,Mobile,+8550717877920
Metfone-071-7877921,Mobile,+8550717877921
Metfone-071-7877922,Mobile,+8550717877922
Metfone-071-7877923,Mobile,+8550717877923
Metfone-071-7877924,Mobile,+8550717877924
Metfone-071-7877925,Mobile,+8550717877925
Metfone-071-7877926,Mobile,+8550717877926
Metfone-071-7877927,Mobile,+8550717877927
Metfone-071-7877928,Mobile,+8550717877928
Metfone-071-7877929,Mobile,+8550717877929
Metfone-071-7877930,Mobile,+8550717877930
Metfone-071-7877931,Mobile,+8550717877931
Metfone-071-7877932,Mobile,+8550717877932
Metfone-071-7877933,Mobile,+8550717877933
Metfone-071-7877934,Mobile,+8550717877934
Metfone-071-7877935,Mobile,+8550717877935
Metfone-071-7877936,Mobile,+8550717877936
Metfone-071-7877937,Mobile,+8550717877937
Metfone-071-7877938,Mobile,+8550717877938
Metfone-071-7877939,Mobile,+8550717877939
Metfone-071-7877940,Mobile,+8550717877940
Metfone-071-7877941,Mobile,+8550717877941
Metfone-071-7877942,Mobile,+8550717877942
Metfone-071-7877943,Mobile,+8550717877943
Metfone-071-7877944,Mobile,+8550717877944
Metfone-071-7877945,Mobile,+8550717877945
Metfone-071-7877946,Mobile,+8550717877946
Metfone-071-7877947,Mobile,+8550717877947
Metfone-071-7877948,Mobile,+8550717877948
Metfone-071-7877949,Mobile,+8550717877949
Metfone-071-7877950,Mobile,+8550717877950
Metfone-071-7877951,Mobile,+8550717877951
Metfone-071-7877952,Mobile,+8550717877952
Metfone-071-7877953,Mobile,+8550717877953
Metfone-071-7877954,Mobile,+8550717877954
Metfone-071-7877955,Mobile,+8550717877955
Metfone-071-7877956,Mobile,+8550717877956
Metfone-071-7877957,Mobile,+8550717877957
Metfone-071-7877958,Mobile,+8550717877958
Metfone-071-7877959,Mobile,+8550717877959
Metfone-071-7877960,Mobile,+8550717877960
Metfone-071-7877961,Mobile,+8550717877961
Metfone-071-7877962,Mobile,+8550717877962
Metfone-071-7877963,Mobile,+8550717877963
Metfone-071-7877964,Mobile,+8550717877964
Metfone-071-7877965,Mobile,+8550717877965
Metfone-071-7877966,Mobile,+8550717877966
Metfone-071-7877967,Mobile,+8550717877967
Metfone-071-7877968,Mobile,+8550717877968
Metfone-071-7877969,Mobile,+8550717877969
Metfone-071-7877970,Mobile,+8550717877970
Metfone-071-7877971,Mobile,+8550717877971
Metfone-071-7877972,Mobile,+8550717877972
Metfone-071-7877973,Mobile,+8550717877973
Metfone-071-7877974,Mobile,+8550717877974
Metfone-071-7877975,Mobile,+8550717877975
Metfone-071-7877976,Mobile,+8550717877976
Metfone-071-7877977,Mobile,+8550717877977
Metfone-071-7877978,Mobile,+8550717877978
Metfone-071-7877979,Mobile,+8550717877979
Metfone-071-7877980,Mobile,+8550717877980
Metfone-071-7877981,Mobile,+8550717877981
Metfone-071-7877982,Mobile,+8550717877982
Metfone-071-7877983,Mobile,+8550717877983
Metfone-071-7877984,Mobile,+8550717877984
Metfone-071-7877985,Mobile,+8550717877985
Metfone-071-7877986,Mobile,+8550717877986
Metfone-071-7877987,Mobile,+8550717877987
Metfone-071-7877988,Mobile,+8550717877988
Metfone-071-7877989,Mobile,+8550717877989
Metfone-071-7877990,Mobile,+8550717877990
Metfone-071-7877991,Mobile,+8550717877991
Metfone-071-7877992,Mobile,+8550717877992
Metfone-071-7877993,Mobile,+8550717877993
Metfone-071-7877994,Mobile,+8550717877994
Metfone-071-7877995,Mobile,+8550717877995
Metfone-071-7877996,Mobile,+8550717877996
Metfone-071-7877997,Mobile,+8550717877997
Metfone-071-7877998,Mobile,+8550717877998
Metfone-071-7877999,Mobile,+8550717877999
Metfone-071-7878000,Mobile,+8550717878000
Metfone-071-7878001,Mobile,+8550717878001
Metfone-071-7878002,Mobile,+8550717878002
Metfone-071-7878003,Mobile,+8550717878003
Metfone-071-7878004,Mobile,+8550717878004
Metfone-071-7878005,Mobile,+8550717878005
Metfone-071-7878006,Mobile,+8550717878006
Metfone-071-7878007,Mobile,+8550717878007
Metfone-071-7878008,Mobile,+8550717878008
Metfone-071-7878009,Mobile,+8550717878009
Metfone-071-7878010,Mobile,+8550717878010
Metfone-071-7878011,Mobile,+8550717878011
Metfone-071-7878012,Mobile,+8550717878012
Metfone-071-7878013,Mobile,+8550717878013
Metfone-071-7878014,Mobile,+8550717878014
Metfone-071-7878015,Mobile,+8550717878015
Metfone-071-7878016,Mobile,+8550717878016
Metfone-071-7878017,Mobile,+8550717878017
Metfone-071-7878018,Mobile,+8550717878018
Metfone-071-7878019,Mobile,+8550717878019
Metfone-071-7878020,Mobile,+8550717878020
Metfone-071-7878021,Mobile,+8550717878021
Metfone-071-7878022,Mobile,+8550717878022
Metfone-071-7878023,Mobile,+8550717878023
Metfone-071-7878024,Mobile,+8550717878024
Metfone-071-7878025,Mobile,+8550717878025
Metfone-071-7878026,Mobile,+8550717878026
Metfone-071-7878027,Mobile,+8550717878027
Metfone-071-7878028,Mobile,+8550717878028
Metfone-071-7878029,Mobile,+8550717878029
Metfone-071-7878030,Mobile,+8550717878030
Metfone-071-7878031,Mobile,+8550717878031
Metfone-071-7878032,Mobile,+8550717878032
Metfone-071-7878033,Mobile,+8550717878033
Metfone-071-7878034,Mobile,+8550717878034
Metfone-071-7878035,Mobile,+8550717878035
Metfone-071-7878036,Mobile,+8550717878036
Metfone-071-7878037,Mobile,+8550717878037
Metfone-071-7878038,Mobile,+8550717878038
Metfone-071-7878039,Mobile,+8550717878039
Metfone-071-7878040,Mobile,+8550717878040
Metfone-071-7878041,Mobile,+8550717878041
Metfone-071-7878042,Mobile,+8550717878042
Metfone-071-7878043,Mobile,+8550717878043
Metfone-071-7878044,Mobile,+8550717878044
Metfone-071-7878045,Mobile,+8550717878045
Metfone-071-7878046,Mobile,+8550717878046
Metfone-071-7878047,Mobile,+8550717878047
Metfone-071-7878048,Mobile,+8550717878048
Metfone-071-7878049,Mobile,+8550717878049
Metfone-071-7878050,Mobile,+8550717878050
Metfone-071-7878051,Mobile,+8550717878051
Metfone-071-7878052,Mobile,+8550717878052
Metfone-071-7878053,Mobile,+8550717878053
Metfone-071-7878054,Mobile,+8550717878054
Metfone-071-7878055,Mobile,+8550717878055
Metfone-071-7878056,Mobile,+8550717878056
Metfone-071-7878057,Mobile,+8550717878057
Metfone-071-7878058,Mobile,+8550717878058
Metfone-071-7878059,Mobile,+8550717878059
Metfone-071-7878060,Mobile,+8550717878060
Metfone-071-7878061,Mobile,+8550717878061
Metfone-071-7878062,Mobile,+8550717878062
Metfone-071-7878063,Mobile,+8550717878063
Metfone-071-7878064,Mobile,+8550717878064
Metfone-071-7878065,Mobile,+8550717878065
Metfone-071-7878066,Mobile,+8550717878066
Metfone-071-7878067,Mobile,+8550717878067
Metfone-071-7878068,Mobile,+8550717878068
Metfone-071-7878069,Mobile,+8550717878069
Metfone-071-7878070,Mobile,+8550717878070
Metfone-071-7878071,Mobile,+8550717878071
Metfone-071-7878072,Mobile,+8550717878072
Metfone-071-7878073,Mobile,+8550717878073
Metfone-071-7878074,Mobile,+8550717878074
Metfone-071-7878075,Mobile,+8550717878075
Metfone-071-7878076,Mobile,+8550717878076
Metfone-071-7878077,Mobile,+8550717878077
Metfone-071-7878078,Mobile,+8550717878078
Metfone-071-7878079,Mobile,+8550717878079
Metfone-071-7878080,Mobile,+8550717878080
Metfone-071-7878081,Mobile,+8550717878081
Metfone-071-7878082,Mobile,+8550717878082
Metfone-071-7878083,Mobile,+8550717878083
Metfone-071-7878084,Mobile,+8550717878084
Metfone-071-7878085,Mobile,+8550717878085
Metfone-071-7878086,Mobile,+8550717878086
Metfone-071-7878087,Mobile,+8550717878087
Metfone-071-7878088,Mobile,+8550717878088
Metfone-071-7878089,Mobile,+8550717878089
Metfone-071-7878090,Mobile,+8550717878090
Metfone-071-7878091,Mobile,+8550717878091
Metfone-071-7878092,Mobile,+8550717878092
Metfone-071-7878093,Mobile,+8550717878093
Metfone-071-7878094,Mobile,+8550717878094
Metfone-071-7878095,Mobile,+8550717878095
Metfone-071-7878096,Mobile,+8550717878096
Metfone-071-7878097,Mobile,+8550717878097
Metfone-071-7878098,Mobile,+8550717878098
Metfone-071-7878099,Mobile,+8550717878099
Metfone-071-7878100,Mobile,+8550717878100
Metfone-071-7878101,Mobile,+8550717878101
Metfone-071-7878102,Mobile,+8550717878102
Metfone-071-7878103,Mobile,+8550717878103
Metfone-071-7878104,Mobile,+8550717878104
Metfone-071-7878105,Mobile,+8550717878105
Metfone-071-7878106,Mobile,+8550717878106
Metfone-071-7878107,Mobile,+8550717878107
Metfone-071-7878108,Mobile,+8550717878108
Metfone-071-7878109,Mobile,+8550717878109
Metfone-071-7878110,Mobile,+8550717878110
Metfone-071-7878111,Mobile,+8550717878111
Metfone-071-7878112,Mobile,+8550717878112
Metfone-071-7878113,Mobile,+8550717878113
Metfone-071-7878114,Mobile,+8550717878114
Metfone-071-7878115,Mobile,+8550717878115
Metfone-071-7878116,Mobile,+8550717878116
Metfone-071-7878117,Mobile,+8550717878117
Metfone-071-7878118,Mobile,+8550717878118
Metfone-071-7878119,Mobile,+8550717878119
Metfone-071-7878120,Mobile,+8550717878120
Metfone-071-7878121,Mobile,+8550717878121
Metfone-071-7878122,Mobile,+8550717878122
Metfone-071-7878123,Mobile,+8550717878123
Metfone-071-7878124,Mobile,+8550717878124
Metfone-071-7878125,Mobile,+8550717878125
Metfone-071-7878126,Mobile,+8550717878126
Metfone-071-7878127,Mobile,+8550717878127
Metfone-071-7878128,Mobile,+8550717878128
Metfone-071-7878129,Mobile,+8550717878129
Metfone-071-7878130,Mobile,+8550717878130
Metfone-071-7878131,Mobile,+8550717878131
Metfone-071-7878132,Mobile,+8550717878132
Metfone-071-7878133,Mobile,+8550717878133
Metfone-071-7878134,Mobile,+8550717878134
Metfone-071-7878135,Mobile,+8550717878135
Metfone-071-7878136,Mobile,+8550717878136
Metfone-071-7878137,Mobile,+8550717878137
Metfone-071-7878138,Mobile,+8550717878138
Metfone-071-7878139,Mobile,+8550717878139
Metfone-071-7878140,Mobile,+8550717878140
Metfone-071-7878141,Mobile,+8550717878141
Metfone-071-7878142,Mobile,+8550717878142
Metfone-071-7878143,Mobile,+8550717878143
Metfone-071-7878144,Mobile,+8550717878144
Metfone-071-7878145,Mobile,+8550717878145
Metfone-071-7878146,Mobile,+8550717878146
Metfone-071-7878147,Mobile,+8550717878147
Metfone-071-7878148,Mobile,+8550717878148
Metfone-071-7878149,Mobile,+8550717878149
Metfone-071-7878150,Mobile,+8550717878150
Metfone-071-7878151,Mobile,+8550717878151
Metfone-071-7878152,Mobile,+8550717878152
Metfone-071-7878153,Mobile,+8550717878153
Metfone-071-7878154,Mobile,+8550717878154
Metfone-071-7878155,Mobile,+8550717878155
Metfone-071-7878156,Mobile,+8550717878156
Metfone-071-7878157,Mobile,+8550717878157
Metfone-071-7878158,Mobile,+8550717878158
Metfone-071-7878159,Mobile,+8550717878159
Metfone-071-7878160,Mobile,+8550717878160
Metfone-071-7878161,Mobile,+8550717878161
Metfone-071-7878162,Mobile,+8550717878162
Metfone-071-7878163,Mobile,+8550717878163
Metfone-071-7878164,Mobile,+8550717878164
Metfone-071-7878165,Mobile,+8550717878165
Metfone-071-7878166,Mobile,+8550717878166
Metfone-071-7878167,Mobile,+8550717878167
Metfone-071-7878168,Mobile,+8550717878168
Metfone-071-7878169,Mobile,+8550717878169
Metfone-071-7878170,Mobile,+8550717878170
Metfone-071-7878171,Mobile,+8550717878171
Metfone-071-7878172,Mobile,+8550717878172
Metfone-071-7878173,Mobile,+8550717878173
Metfone-071-7878174,Mobile,+8550717878174
Metfone-071-7878175,Mobile,+8550717878175
Metfone-071-7878176,Mobile,+8550717878176
Metfone-071-7878177,Mobile,+8550717878177
Metfone-071-7878178,Mobile,+8550717878178
Metfone-071-7878179,Mobile,+8550717878179
Metfone-071-7878180,Mobile,+8550717878180
Metfone-071-7878181,Mobile,+8550717878181
Metfone-071-7878182,Mobile,+8550717878182
Metfone-071-7878183,Mobile,+8550717878183
Metfone-071-7878184,Mobile,+8550717878184
Metfone-071-7878185,Mobile,+8550717878185
Metfone-071-7878186,Mobile,+8550717878186
Metfone-071-7878187,Mobile,+8550717878187
Metfone-071-7878188,Mobile,+8550717878188
Metfone-071-7878189,Mobile,+8550717878189
Metfone-071-7878190,Mobile,+8550717878190
Metfone-071-7878191,Mobile,+8550717878191
Metfone-071-7878192,Mobile,+8550717878192
Metfone-071-7878193,Mobile,+8550717878193
Metfone-071-7878194,Mobile,+8550717878194
Metfone-071-7878195,Mobile,+8550717878195
Metfone-071-7878196,Mobile,+8550717878196
Metfone-071-7878197,Mobile,+8550717878197
Metfone-071-7878198,Mobile,+8550717878198
Metfone-071-7878199,Mobile,+8550717878199
Metfone-071-7878200,Mobile,+8550717878200
Metfone-071-7878201,Mobile,+8550717878201
Metfone-071-7878202,Mobile,+8550717878202
Metfone-071-7878203,Mobile,+8550717878203
Metfone-071-7878204,Mobile,+8550717878204
Metfone-071-7878205,Mobile,+8550717878205
Metfone-071-7878206,Mobile,+8550717878206
Metfone-071-7878207,Mobile,+8550717878207
Metfone-071-7878208,Mobile,+8550717878208
Metfone-071-7878209,Mobile,+8550717878209
Metfone-071-7878210,Mobile,+8550717878210
Metfone-071-7878211,Mobile,+8550717878211
Metfone-071-7878212,Mobile,+8550717878212
Metfone-071-7878213,Mobile,+8550717878213
Metfone-071-7878214,Mobile,+8550717878214
Metfone-071-7878215,Mobile,+8550717878215
Metfone-071-7878216,Mobile,+8550717878216
Metfone-071-7878217,Mobile,+8550717878217
Metfone-071-7878218,Mobile,+8550717878218
Metfone-071-7878219,Mobile,+8550717878219
Metfone-071-7878220,Mobile,+8550717878220
Metfone-071-7878221,Mobile,+8550717878221
Metfone-071-7878222,Mobile,+8550717878222
Metfone-071-7878223,Mobile,+8550717878223
Metfone-071-7878224,Mobile,+8550717878224
Metfone-071-7878225,Mobile,+8550717878225
Metfone-071-7878226,Mobile,+8550717878226
Metfone-071-7878227,Mobile,+8550717878227
Metfone-071-7878228,Mobile,+8550717878228
Metfone-071-7878229,Mobile,+8550717878229
Metfone-071-7878230,Mobile,+8550717878230
Metfone-071-7878231,Mobile,+8550717878231
Metfone-071-7878232,Mobile,+8550717878232
Metfone-071-7878233,Mobile,+8550717878233
Metfone-071-7878234,Mobile,+8550717878234
Metfone-071-7878235,Mobile,+8550717878235
Metfone-071-7878236,Mobile,+8550717878236
Metfone-071-7878237,Mobile,+8550717878237
Metfone-071-7878238,Mobile,+8550717878238
Metfone-071-7878239,Mobile,+8550717878239
Metfone-071-7878240,Mobile,+8550717878240
Metfone-071-7878241,Mobile,+8550717878241
Metfone-071-7878242,Mobile,+8550717878242
Metfone-071-7878243,Mobile,+8550717878243
Metfone-071-7878244,Mobile,+8550717878244
Metfone-071-7878245,Mobile,+8550717878245
Metfone-071-7878246,Mobile,+8550717878246
Metfone-071-7878247,Mobile,+8550717878247
Metfone-071-7878248,Mobile,+8550717878248
Metfone-071-7878249,Mobile,+8550717878249
Metfone-071-7878250,Mobile,+8550717878250
Metfone-071-7878251,Mobile,+8550717878251
Metfone-071-7878252,Mobile,+8550717878252
Metfone-071-7878253,Mobile,+8550717878253
Metfone-071-7878254,Mobile,+8550717878254
Metfone-071-7878255,Mobile,+8550717878255
Metfone-071-7878256,Mobile,+8550717878256
Metfone-071-7878257,Mobile,+8550717878257
Metfone-071-7878258,Mobile,+8550717878258
Metfone-071-7878259,Mobile,+8550717878259
Metfone-071-7878260,Mobile,+8550717878260
Metfone-071-7878261,Mobile,+8550717878261
Metfone-071-7878262,Mobile,+8550717878262
Metfone-071-7878263,Mobile,+8550717878263
Metfone-071-7878264,Mobile,+8550717878264
Metfone-071-7878265,Mobile,+8550717878265
Metfone-071-7878266,Mobile,+8550717878266
Metfone-071-7878267,Mobile,+8550717878267
Metfone-071-7878268,Mobile,+8550717878268
Metfone-071-7878269,Mobile,+8550717878269
Metfone-071-7878270,Mobile,+8550717878270
Metfone-071-7878271,Mobile,+8550717878271
Metfone-071-7878272,Mobile,+8550717878272
Metfone-071-7878273,Mobile,+8550717878273
Metfone-071-7878274,Mobile,+8550717878274
Metfone-071-7878275,Mobile,+8550717878275
Metfone-071-7878276,Mobile,+8550717878276
Metfone-071-7878277,Mobile,+8550717878277
Metfone-071-7878278,Mobile,+8550717878278
Metfone-071-7878279,Mobile,+8550717878279
Metfone-071-7878280,Mobile,+8550717878280
Metfone-071-7878281,Mobile,+8550717878281
Metfone-071-7878282,Mobile,+8550717878282
Metfone-071-7878283,Mobile,+8550717878283
Metfone-071-7878284,Mobile,+8550717878284
Metfone-071-7878285,Mobile,+8550717878285
Metfone-071-7878286,Mobile,+8550717878286
Metfone-071-7878287,Mobile,+8550717878287
Metfone-071-7878288,Mobile,+8550717878288
Metfone-071-7878289,Mobile,+8550717878289
Metfone-071-7878290,Mobile,+8550717878290
Metfone-071-7878291,Mobile,+8550717878291
Metfone-071-7878292,Mobile,+8550717878292
Metfone-071-7878293,Mobile,+8550717878293
Metfone-071-7878294,Mobile,+8550717878294
Metfone-071-7878295,Mobile,+8550717878295
Metfone-071-7878296,Mobile,+8550717878296
Metfone-071-7878297,Mobile,+8550717878297
Metfone-071-7878298,Mobile,+8550717878298
Metfone-071-7878299,Mobile,+8550717878299
Metfone-071-7878300,Mobile,+8550717878300
Metfone-071-7878301,Mobile,+8550717878301
Metfone-071-7878302,Mobile,+8550717878302
Metfone-071-7878303,Mobile,+8550717878303
Metfone-071-7878304,Mobile,+8550717878304
Metfone-071-7878305,Mobile,+8550717878305
Metfone-071-7878306,Mobile,+8550717878306
Metfone-071-7878307,Mobile,+8550717878307
Metfone-071-7878308,Mobile,+8550717878308
Metfone-071-7878309,Mobile,+8550717878309
Metfone-071-7878310,Mobile,+8550717878310
Metfone-071-7878311,Mobile,+8550717878311
Metfone-071-7878312,Mobile,+8550717878312
Metfone-071-7878313,Mobile,+8550717878313
Metfone-071-7878314,Mobile,+8550717878314
Metfone-071-7878315,Mobile,+8550717878315
Metfone-071-7878316,Mobile,+8550717878316
Metfone-071-7878317,Mobile,+8550717878317
Metfone-071-7878318,Mobile,+8550717878318
Metfone-071-7878319,Mobile,+8550717878319
Metfone-071-7878320,Mobile,+8550717878320
Metfone-071-7878321,Mobile,+8550717878321
Metfone-071-7878322,Mobile,+8550717878322
Metfone-071-7878323,Mobile,+8550717878323
Metfone-071-7878324,Mobile,+8550717878324
Metfone-071-7878325,Mobile,+8550717878325
Metfone-071-7878326,Mobile,+8550717878326
Metfone-071-7878327,Mobile,+8550717878327
Metfone-071-7878328,Mobile,+8550717878328
Metfone-071-7878329,Mobile,+8550717878329
Metfone-071-7878330,Mobile,+8550717878330
Metfone-071-7878331,Mobile,+8550717878331
Metfone-071-7878332,Mobile,+8550717878332
Metfone-071-7878333,Mobile,+8550717878333
Metfone-071-7878334,Mobile,+8550717878334
Metfone-071-7878335,Mobile,+8550717878335
Metfone-071-7878336,Mobile,+8550717878336
Metfone-071-7878337,Mobile,+8550717878337
Metfone-071-7878338,Mobile,+8550717878338
Metfone-071-7878339,Mobile,+8550717878339
Metfone-071-7878340,Mobile,+8550717878340
Metfone-071-7878341,Mobile,+8550717878341
Metfone-071-7878342,Mobile,+8550717878342
Metfone-071-7878343,Mobile,+8550717878343
Metfone-071-7878344,Mobile,+8550717878344
Metfone-071-7878345,Mobile,+8550717878345
Metfone-071-7878346,Mobile,+8550717878346
Metfone-071-7878347,Mobile,+8550717878347
Metfone-071-7878348,Mobile,+8550717878348
Metfone-071-7878349,Mobile,+8550717878349
Metfone-071-7878350,Mobile,+8550717878350
Metfone-071-7878351,Mobile,+8550717878351
Metfone-071-7878352,Mobile,+8550717878352
Metfone-071-7878353,Mobile,+8550717878353
Metfone-071-7878354,Mobile,+8550717878354
Metfone-071-7878355,Mobile,+8550717878355
Metfone-071-7878356,Mobile,+8550717878356
Metfone-071-7878357,Mobile,+8550717878357
Metfone-071-7878358,Mobile,+8550717878358
Metfone-071-7878359,Mobile,+8550717878359
Metfone-071-7878360,Mobile,+8550717878360
Metfone-071-7878361,Mobile,+8550717878361
Metfone-071-7878362,Mobile,+8550717878362
Metfone-071-7878363,Mobile,+8550717878363
Metfone-071-7878364,Mobile,+8550717878364
Metfone-071-7878365,Mobile,+8550717878365
Metfone-071-7878366,Mobile,+8550717878366
Metfone-071-7878367,Mobile,+8550717878367
Metfone-071-7878368,Mobile,+8550717878368
Metfone-071-7878369,Mobile,+8550717878369
Metfone-071-7878370,Mobile,+8550717878370
Metfone-071-7878371,Mobile,+8550717878371
Metfone-071-7878372,Mobile,+8550717878372
Metfone-071-7878373,Mobile,+8550717878373
Metfone-071-7878374,Mobile,+8550717878374
Metfone-071-7878375,Mobile,+8550717878375
Metfone-071-7878376,Mobile,+8550717878376
Metfone-071-7878377,Mobile,+8550717878377
Metfone-071-7878378,Mobile,+8550717878378
Metfone-071-7878379,Mobile,+8550717878379
Metfone-071-7878380,Mobile,+8550717878380
Metfone-071-7878381,Mobile,+8550717878381
Metfone-071-7878382,Mobile,+8550717878382
Metfone-071-7878383,Mobile,+8550717878383
Metfone-071-7878384,Mobile,+8550717878384
Metfone-071-7878385,Mobile,+8550717878385
Metfone-071-7878386,Mobile,+8550717878386
Metfone-071-7878387,Mobile,+8550717878387
Metfone-071-7878388,Mobile,+8550717878388
Metfone-071-7878389,Mobile,+8550717878389
Metfone-071-7878390,Mobile,+8550717878390
Metfone-071-7878391,Mobile,+8550717878391
Metfone-071-7878392,Mobile,+8550717878392
Metfone-071-7878393,Mobile,+8550717878393
Metfone-071-7878394,Mobile,+8550717878394
Metfone-071-7878395,Mobile,+8550717878395
Metfone-071-7878396,Mobile,+8550717878396
Metfone-071-7878397,Mobile,+8550717878397
Metfone-071-7878398,Mobile,+8550717878398
Metfone-071-7878399,Mobile,+8550717878399
Metfone-071-7878400,Mobile,+8550717878400
Metfone-071-7878401,Mobile,+8550717878401
Metfone-071-7878402,Mobile,+8550717878402
Metfone-071-7878403,Mobile,+8550717878403
Metfone-071-7878404,Mobile,+8550717878404
Metfone-071-7878405,Mobile,+8550717878405
Metfone-071-7878406,Mobile,+8550717878406
Metfone-071-7878407,Mobile,+8550717878407
Metfone-071-7878408,Mobile,+8550717878408
Metfone-071-7878409,Mobile,+8550717878409
Metfone-071-7878410,Mobile,+8550717878410
Metfone-071-7878411,Mobile,+8550717878411
Metfone-071-7878412,Mobile,+8550717878412
Metfone-071-7878413,Mobile,+8550717878413
Metfone-071-7878414,Mobile,+8550717878414
Metfone-071-7878415,Mobile,+8550717878415
Metfone-071-7878416,Mobile,+8550717878416
Metfone-071-7878417,Mobile,+8550717878417
Metfone-071-7878418,Mobile,+8550717878418
Metfone-071-7878419,Mobile,+8550717878419
Metfone-071-7878420,Mobile,+8550717878420
Metfone-071-7878421,Mobile,+8550717878421
Metfone-071-7878422,Mobile,+8550717878422
Metfone-071-7878423,Mobile,+8550717878423
Metfone-071-7878424,Mobile,+8550717878424
Metfone-071-7878425,Mobile,+8550717878425
Metfone-071-7878426,Mobile,+8550717878426
Metfone-071-7878427,Mobile,+8550717878427
Metfone-071-7878428,Mobile,+8550717878428
Metfone-071-7878429,Mobile,+8550717878429
Metfone-071-7878430,Mobile,+8550717878430
Metfone-071-7878431,Mobile,+8550717878431
Metfone-071-7878432,Mobile,+8550717878432
Metfone-071-7878433,Mobile,+8550717878433
Metfone-071-7878434,Mobile,+8550717878434
Metfone-071-7878435,Mobile,+8550717878435
Metfone-071-7878436,Mobile,+8550717878436
Metfone-071-7878437,Mobile,+8550717878437
Metfone-071-7878438,Mobile,+8550717878438
Metfone-071-7878439,Mobile,+8550717878439
Metfone-071-7878440,Mobile,+8550717878440
Metfone-071-7878441,Mobile,+8550717878441
Metfone-071-7878442,Mobile,+8550717878442
Metfone-071-7878443,Mobile,+8550717878443
Metfone-071-7878444,Mobile,+8550717878444
Metfone-071-7878445,Mobile,+8550717878445
Metfone-071-7878446,Mobile,+8550717878446
Metfone-071-7878447,Mobile,+8550717878447
Metfone-071-7878448,Mobile,+8550717878448
Metfone-071-7878449,Mobile,+8550717878449
Metfone-071-7878450,Mobile,+8550717878450
Metfone-071-7878451,Mobile,+8550717878451
Metfone-071-7878452,Mobile,+8550717878452
Metfone-071-7878453,Mobile,+8550717878453
Metfone-071-7878454,Mobile,+8550717878454
Metfone-071-7878455,Mobile,+8550717878455
Metfone-071-7878456,Mobile,+8550717878456
Metfone-071-7878457,Mobile,+8550717878457
Metfone-071-7878458,Mobile,+8550717878458
Metfone-071-7878459,Mobile,+8550717878459
Metfone-071-7878460,Mobile,+8550717878460
Metfone-071-7878461,Mobile,+8550717878461
Metfone-071-7878462,Mobile,+8550717878462
Metfone-071-7878463,Mobile,+8550717878463
Metfone-071-7878464,Mobile,+8550717878464
Metfone-071-7878465,Mobile,+8550717878465
Metfone-071-7878466,Mobile,+8550717878466
Metfone-071-7878467,Mobile,+8550717878467
Metfone-071-7878468,Mobile,+8550717878468
Metfone-071-7878469,Mobile,+8550717878469
Metfone-071-7878470,Mobile,+8550717878470
Metfone-071-7878471,Mobile,+8550717878471
Metfone-071-7878472,Mobile,+8550717878472
Metfone-071-7878473,Mobile,+8550717878473
Metfone-071-7878474,Mobile,+8550717878474
Metfone-071-7878475,Mobile,+8550717878475
Metfone-071-7878476,Mobile,+8550717878476
Metfone-071-7878477,Mobile,+8550717878477
Metfone-071-7878478,Mobile,+8550717878478
Metfone-071-7878479,Mobile,+8550717878479
Metfone-071-7878480,Mobile,+8550717878480
Metfone-071-7878481,Mobile,+8550717878481
Metfone-071-7878482,Mobile,+8550717878482
Metfone-071-7878483,Mobile,+8550717878483
Metfone-071-7878484,Mobile,+8550717878484
Metfone-071-7878485,Mobile,+8550717878485
Metfone-071-7878486,Mobile,+8550717878486
Metfone-071-7878487,Mobile,+8550717878487
Metfone-071-7878488,Mobile,+8550717878488
Metfone-071-7878489,Mobile,+8550717878489
Metfone-071-7878490,Mobile,+8550717878490
Metfone-071-7878491,Mobile,+8550717878491
Metfone-071-7878492,Mobile,+8550717878492
Metfone-071-7878493,Mobile,+8550717878493
Metfone-071-7878494,Mobile,+8550717878494
Metfone-071-7878495,Mobile,+8550717878495
Metfone-071-7878496,Mobile,+8550717878496
Metfone-071-7878497,Mobile,+8550717878497
Metfone-071-7878498,Mobile,+8550717878498
Metfone-071-7878499,Mobile,+8550717878499
Metfone-071-7878500,Mobile,+8550717878500
Metfone-071-7878501,Mobile,+8550717878501
Metfone-071-7878502,Mobile,+8550717878502
Metfone-071-7878503,Mobile,+8550717878503
Metfone-071-7878504,Mobile,+8550717878504
Metfone-071-7878505,Mobile,+8550717878505
Metfone-071-7878506,Mobile,+8550717878506
Metfone-071-7878507,Mobile,+8550717878507
Metfone-071-7878508,Mobile,+8550717878508
Metfone-071-7878509,Mobile,+8550717878509
Metfone-071-7878510,Mobile,+8550717878510
Metfone-071-7878511,Mobile,+8550717878511
Metfone-071-7878512,Mobile,+8550717878512
Metfone-071-7878513,Mobile,+8550717878513
Metfone-071-7878514,Mobile,+8550717878514
Metfone-071-7878515,Mobile,+8550717878515
Metfone-071-7878516,Mobile,+8550717878516
Metfone-071-7878517,Mobile,+8550717878517
Metfone-071-7878518,Mobile,+8550717878518
Metfone-071-7878519,Mobile,+8550717878519
Metfone-071-7878520,Mobile,+8550717878520
Metfone-071-7878521,Mobile,+8550717878521
Metfone-071-7878522,Mobile,+8550717878522
Metfone-071-7878523,Mobile,+8550717878523
Metfone-071-7878524,Mobile,+8550717878524
Metfone-071-7878525,Mobile,+8550717878525
Metfone-071-7878526,Mobile,+8550717878526
Metfone-071-7878527,Mobile,+8550717878527
Metfone-071-7878528,Mobile,+8550717878528
Metfone-071-7878529,Mobile,+8550717878529
Metfone-071-7878530,Mobile,+8550717878530
Metfone-071-7878531,Mobile,+8550717878531
Metfone-071-7878532,Mobile,+8550717878532
Metfone-071-7878533,Mobile,+8550717878533
Metfone-071-7878534,Mobile,+8550717878534
Metfone-071-7878535,Mobile,+8550717878535
Metfone-071-7878536,Mobile,+8550717878536
Metfone-071-7878537,Mobile,+8550717878537
Metfone-071-7878538,Mobile,+8550717878538
Metfone-071-7878539,Mobile,+8550717878539
Metfone-071-7878540,Mobile,+8550717878540
Metfone-071-7878541,Mobile,+8550717878541
Metfone-071-7878542,Mobile,+8550717878542
Metfone-071-7878543,Mobile,+8550717878543
Metfone-071-7878544,Mobile,+8550717878544
Metfone-071-7878545,Mobile,+8550717878545
Metfone-071-7878546,Mobile,+8550717878546
Metfone-071-7878547,Mobile,+8550717878547
Metfone-071-7878548,Mobile,+8550717878548
Metfone-071-7878549,Mobile,+8550717878549
Metfone-071-7878550,Mobile,+8550717878550
Metfone-071-7878551,Mobile,+8550717878551
Metfone-071-7878552,Mobile,+8550717878552
Metfone-071-7878553,Mobile,+8550717878553
Metfone-071-7878554,Mobile,+8550717878554
Metfone-071-7878555,Mobile,+8550717878555
Metfone-071-7878556,Mobile,+8550717878556
Metfone-071-7878557,Mobile,+8550717878557
Metfone-071-7878558,Mobile,+8550717878558
Metfone-071-7878559,Mobile,+8550717878559
Metfone-071-7878560,Mobile,+8550717878560
Metfone-071-7878561,Mobile,+8550717878561
Metfone-071-7878562,Mobile,+8550717878562
Metfone-071-7878563,Mobile,+8550717878563
Metfone-071-7878564,Mobile,+8550717878564
Metfone-071-7878565,Mobile,+8550717878565
Metfone-071-7878566,Mobile,+8550717878566
Metfone-071-7878567,Mobile,+8550717878567
Metfone-071-7878568,Mobile,+8550717878568
Metfone-071-7878569,Mobile,+8550717878569
Metfone-071-7878570,Mobile,+8550717878570
Metfone-071-7878571,Mobile,+8550717878571
Metfone-071-7878572,Mobile,+8550717878572
Metfone-071-7878573,Mobile,+8550717878573
Metfone-071-7878574,Mobile,+8550717878574
Metfone-071-7878575,Mobile,+8550717878575
Metfone-071-7878576,Mobile,+8550717878576
Metfone-071-7878577,Mobile,+8550717878577
Metfone-071-7878578,Mobile,+8550717878578
Metfone-071-7878579,Mobile,+8550717878579
Metfone-071-7878580,Mobile,+8550717878580
Metfone-071-7878581,Mobile,+8550717878581
Metfone-071-7878582,Mobile,+8550717878582
Metfone-071-7878583,Mobile,+8550717878583
Metfone-071-7878584,Mobile,+8550717878584
Metfone-071-7878585,Mobile,+8550717878585
Metfone-071-7878586,Mobile,+8550717878586
Metfone-071-7878587,Mobile,+8550717878587
Metfone-071-7878588,Mobile,+8550717878588
Metfone-071-7878589,Mobile,+8550717878589
Metfone-071-7878590,Mobile,+8550717878590
Metfone-071-7878591,Mobile,+8550717878591
Metfone-071-7878592,Mobile,+8550717878592
Metfone-071-7878593,Mobile,+8550717878593
Metfone-071-7878594,Mobile,+8550717878594
Metfone-071-7878595,Mobile,+8550717878595
Metfone-071-7878596,Mobile,+8550717878596
Metfone-071-7878597,Mobile,+8550717878597
Metfone-071-7878598,Mobile,+8550717878598
Metfone-071-7878599,Mobile,+8550717878599
Metfone-071-7878600,Mobile,+8550717878600
Metfone-071-7878601,Mobile,+8550717878601
Metfone-071-7878602,Mobile,+8550717878602
Metfone-071-7878603,Mobile,+8550717878603
Metfone-071-7878604,Mobile,+8550717878604
Metfone-071-7878605,Mobile,+8550717878605
Metfone-071-7878606,Mobile,+8550717878606
Metfone-071-7878607,Mobile,+8550717878607
Metfone-071-7878608,Mobile,+8550717878608
Metfone-071-7878609,Mobile,+8550717878609
Metfone-071-7878610,Mobile,+8550717878610
Metfone-071-7878611,Mobile,+8550717878611
Metfone-071-7878612,Mobile,+8550717878612
Metfone-071-7878613,Mobile,+8550717878613
Metfone-071-7878614,Mobile,+8550717878614
Metfone-071-7878615,Mobile,+8550717878615
Metfone-071-7878616,Mobile,+8550717878616
Metfone-071-7878617,Mobile,+8550717878617
Metfone-071-7878618,Mobile,+8550717878618
Metfone-071-7878619,Mobile,+8550717878619
Metfone-071-7878620,Mobile,+8550717878620
Metfone-071-7878621,Mobile,+8550717878621
Metfone-071-7878622,Mobile,+8550717878622
Metfone-071-7878623,Mobile,+8550717878623
Metfone-071-7878624,Mobile,+8550717878624
Metfone-071-7878625,Mobile,+8550717878625
Metfone-071-7878626,Mobile,+8550717878626
Metfone-071-7878627,Mobile,+8550717878627
Metfone-071-7878628,Mobile,+8550717878628
Metfone-071-7878629,Mobile,+8550717878629
Metfone-071-7878630,Mobile,+8550717878630
Metfone-071-7878631,Mobile,+8550717878631
Metfone-071-7878632,Mobile,+8550717878632
Metfone-071-7878633,Mobile,+8550717878633
Metfone-071-7878634,Mobile,+8550717878634
Metfone-071-7878635,Mobile,+8550717878635
Metfone-071-7878636,Mobile,+8550717878636
Metfone-071-7878637,Mobile,+8550717878637
Metfone-071-7878638,Mobile,+8550717878638
Metfone-071-7878639,Mobile,+8550717878639
Metfone-071-7878640,Mobile,+8550717878640
Metfone-071-7878641,Mobile,+8550717878641
Metfone-071-7878642,Mobile,+8550717878642
Metfone-071-7878643,Mobile,+8550717878643
Metfone-071-7878644,Mobile,+8550717878644
Metfone-071-7878645,Mobile,+8550717878645
Metfone-071-7878646,Mobile,+8550717878646
Metfone-071-7878647,Mobile,+8550717878647
Metfone-071-7878648,Mobile,+8550717878648
Metfone-071-7878649,Mobile,+8550717878649
Metfone-071-7878650,Mobile,+8550717878650
Metfone-071-7878651,Mobile,+8550717878651
Metfone-071-7878652,Mobile,+8550717878652
Metfone-071-7878653,Mobile,+8550717878653
Metfone-071-7878654,Mobile,+8550717878654
Metfone-071-7878655,Mobile,+8550717878655
Metfone-071-7878656,Mobile,+8550717878656
Metfone-071-7878657,Mobile,+8550717878657
Metfone-071-7878658,Mobile,+8550717878658
Metfone-071-7878659,Mobile,+8550717878659
Metfone-071-7878660,Mobile,+8550717878660
Metfone-071-7878661,Mobile,+8550717878661
Metfone-071-7878662,Mobile,+8550717878662
Metfone-071-7878663,Mobile,+8550717878663
Metfone-071-7878664,Mobile,+8550717878664
Metfone-071-7878665,Mobile,+8550717878665
Metfone-071-7878666,Mobile,+8550717878666
Metfone-071-7878667,Mobile,+8550717878667
Metfone-071-7878668,Mobile,+8550717878668
Metfone-071-7878669,Mobile,+8550717878669
Metfone-071-7878670,Mobile,+8550717878670
Metfone-071-7878671,Mobile,+8550717878671
Metfone-071-7878672,Mobile,+8550717878672
Metfone-071-7878673,Mobile,+8550717878673
Metfone-071-7878674,Mobile,+8550717878674
Metfone-071-7878675,Mobile,+8550717878675
Metfone-071-7878676,Mobile,+8550717878676
Metfone-071-7878677,Mobile,+8550717878677
Metfone-071-7878678,Mobile,+8550717878678
Metfone-071-7878679,Mobile,+8550717878679
Metfone-071-7878680,Mobile,+8550717878680
Metfone-071-7878681,Mobile,+8550717878681
Metfone-071-7878682,Mobile,+8550717878682
Metfone-071-7878683,Mobile,+8550717878683
Metfone-071-7878684,Mobile,+8550717878684
Metfone-071-7878685,Mobile,+8550717878685
Metfone-071-7878686,Mobile,+8550717878686
Metfone-071-7878687,Mobile,+8550717878687
Metfone-071-7878688,Mobile,+8550717878688
Metfone-071-7878689,Mobile,+8550717878689
Metfone-071-7878690,Mobile,+8550717878690
Metfone-071-7878691,Mobile,+8550717878691
Metfone-071-7878692,Mobile,+8550717878692
Metfone-071-7878693,Mobile,+8550717878693
Metfone-071-7878694,Mobile,+8550717878694
Metfone-071-7878695,Mobile,+8550717878695
Metfone-071-7878696,Mobile,+8550717878696
Metfone-071-7878697,Mobile,+8550717878697
Metfone-071-7878698,Mobile,+8550717878698
Metfone-071-7878699,Mobile,+8550717878699
Metfone-071-7878700,Mobile,+8550717878700
Metfone-071-7878701,Mobile,+8550717878701
Metfone-071-7878702,Mobile,+8550717878702
Metfone-071-7878703,Mobile,+8550717878703
Metfone-071-7878704,Mobile,+8550717878704
Metfone-071-7878705,Mobile,+8550717878705
Metfone-071-7878706,Mobile,+8550717878706
Metfone-071-7878707,Mobile,+8550717878707
Metfone-071-7878708,Mobile,+8550717878708
Metfone-071-7878709,Mobile,+8550717878709
Metfone-071-7878710,Mobile,+8550717878710
Metfone-071-7878711,Mobile,+8550717878711
Metfone-071-7878712,Mobile,+8550717878712
Metfone-071-7878713,Mobile,+8550717878713
Metfone-071-7878714,Mobile,+8550717878714
Metfone-071-7878715,Mobile,+8550717878715
Metfone-071-7878716,Mobile,+8550717878716
Metfone-071-7878717,Mobile,+8550717878717
Metfone-071-7878718,Mobile,+8550717878718
Metfone-071-7878719,Mobile,+8550717878719
Metfone-071-7878720,Mobile,+8550717878720
Metfone-071-7878721,Mobile,+8550717878721
Metfone-071-7878722,Mobile,+8550717878722
Metfone-071-7878723,Mobile,+8550717878723
Metfone-071-7878724,Mobile,+8550717878724
Metfone-071-7878725,Mobile,+8550717878725
Metfone-071-7878726,Mobile,+8550717878726
Metfone-071-7878727,Mobile,+8550717878727
Metfone-071-7878728,Mobile,+8550717878728
Metfone-071-7878729,Mobile,+8550717878729
Metfone-071-7878730,Mobile,+8550717878730
Metfone-071-7878731,Mobile,+8550717878731
Metfone-071-7878732,Mobile,+8550717878732
Metfone-071-7878733,Mobile,+8550717878733
Metfone-071-7878734,Mobile,+8550717878734
Metfone-071-7878735,Mobile,+8550717878735
Metfone-071-7878736,Mobile,+8550717878736
Metfone-071-7878737,Mobile,+8550717878737
Metfone-071-7878738,Mobile,+8550717878738
Metfone-071-7878739,Mobile,+8550717878739
Metfone-071-7878740,Mobile,+8550717878740
Metfone-071-7878741,Mobile,+8550717878741
Metfone-071-7878742,Mobile,+8550717878742
Metfone-071-7878743,Mobile,+8550717878743
Metfone-071-7878744,Mobile,+8550717878744
Metfone-071-7878745,Mobile,+8550717878745
Metfone-071-7878746,Mobile,+8550717878746
Metfone-071-7878747,Mobile,+8550717878747
Metfone-071-7878748,Mobile,+8550717878748
Metfone-071-7878749,Mobile,+8550717878749
Metfone-071-7878750,Mobile,+8550717878750
Metfone-071-7878751,Mobile,+8550717878751
Metfone-071-7878752,Mobile,+8550717878752
Metfone-071-7878753,Mobile,+8550717878753
Metfone-071-7878754,Mobile,+8550717878754
Metfone-071-7878755,Mobile,+8550717878755
Metfone-071-7878756,Mobile,+8550717878756
Metfone-071-7878757,Mobile,+8550717878757
Metfone-071-7878758,Mobile,+8550717878758
Metfone-071-7878759,Mobile,+8550717878759
Metfone-071-7878760,Mobile,+8550717878760
Metfone-071-7878761,Mobile,+8550717878761
Metfone-071-7878762,Mobile,+8550717878762
Metfone-071-7878763,Mobile,+8550717878763
Metfone-071-7878764,Mobile,+8550717878764
Metfone-071-7878765,Mobile,+8550717878765
Metfone-071-7878766,Mobile,+8550717878766
Metfone-071-7878767,Mobile,+8550717878767
Metfone-071-7878768,Mobile,+8550717878768
Metfone-071-7878769,Mobile,+8550717878769
Metfone-071-7878770,Mobile,+8550717878770
Metfone-071-7878771,Mobile,+8550717878771
Metfone-071-7878772,Mobile,+8550717878772
Metfone-071-7878773,Mobile,+8550717878773
Metfone-071-7878774,Mobile,+8550717878774
Metfone-071-7878775,Mobile,+8550717878775
Metfone-071-7878776,Mobile,+8550717878776
Metfone-071-7878777,Mobile,+8550717878777
Metfone-071-7878778,Mobile,+8550717878778
Metfone-071-7878779,Mobile,+8550717878779
Metfone-071-7878780,Mobile,+8550717878780
Metfone-071-7878781,Mobile,+8550717878781
Metfone-071-7878782,Mobile,+8550717878782
Metfone-071-7878783,Mobile,+8550717878783
Metfone-071-7878784,Mobile,+8550717878784
Metfone-071-7878785,Mobile,+8550717878785
Metfone-071-7878786,Mobile,+8550717878786
Metfone-071-7878787,Mobile,+8550717878787
Metfone-071-7878788,Mobile,+8550717878788
Metfone-071-7878789,Mobile,+8550717878789
Metfone-071-7878790,Mobile,+8550717878790
Metfone-071-7878791,Mobile,+8550717878791
Metfone-071-7878792,Mobile,+8550717878792
Metfone-071-7878793,Mobile,+8550717878793
Metfone-071-7878794,Mobile,+8550717878794
Metfone-071-7878795,Mobile,+8550717878795
Metfone-071-7878796,Mobile,+8550717878796
Metfone-071-7878797,Mobile,+8550717878797
Metfone-071-7878798,Mobile,+8550717878798
Metfone-071-7878799,Mobile,+8550717878799
Metfone-071-7878800,Mobile,+8550717878800
Metfone-071-7878801,Mobile,+8550717878801
Metfone-071-7878802,Mobile,+8550717878802
Metfone-071-7878803,Mobile,+8550717878803
Metfone-071-7878804,Mobile,+8550717878804
Metfone-071-7878805,Mobile,+8550717878805
Metfone-071-7878806,Mobile,+8550717878806
Metfone-071-7878807,Mobile,+8550717878807
Metfone-071-7878808,Mobile,+8550717878808
Metfone-071-7878809,Mobile,+8550717878809
Metfone-071-7878810,Mobile,+8550717878810
Metfone-071-7878811,Mobile,+8550717878811
Metfone-071-7878812,Mobile,+8550717878812
Metfone-071-7878813,Mobile,+8550717878813
Metfone-071-7878814,Mobile,+8550717878814
Metfone-071-7878815,Mobile,+8550717878815
Metfone-071-7878816,Mobile,+8550717878816
Metfone-071-7878817,Mobile,+8550717878817
Metfone-071-7878818,Mobile,+8550717878818
Metfone-071-7878819,Mobile,+8550717878819
Metfone-071-7878820,Mobile,+8550717878820
Metfone-071-7878821,Mobile,+8550717878821
Metfone-071-7878822,Mobile,+8550717878822
Metfone-071-7878823,Mobile,+8550717878823
Metfone-071-7878824,Mobile,+8550717878824
Metfone-071-7878825,Mobile,+8550717878825
Metfone-071-7878826,Mobile,+8550717878826
Metfone-071-7878827,Mobile,+8550717878827
Metfone-071-7878828,Mobile,+8550717878828
Metfone-071-7878829,Mobile,+8550717878829
Metfone-071-7878830,Mobile,+8550717878830
Metfone-071-7878831,Mobile,+8550717878831
Metfone-071-7878832,Mobile,+8550717878832
Metfone-071-7878833,Mobile,+8550717878833
Metfone-071-7878834,Mobile,+8550717878834
Metfone-071-7878835,Mobile,+8550717878835
Metfone-071-7878836,Mobile,+8550717878836
Metfone-071-7878837,Mobile,+8550717878837
Metfone-071-7878838,Mobile,+8550717878838
Metfone-071-7878839,Mobile,+8550717878839
Metfone-071-7878840,Mobile,+8550717878840
Metfone-071-7878841,Mobile,+8550717878841
Metfone-071-7878842,Mobile,+8550717878842
Metfone-071-7878843,Mobile,+8550717878843
Metfone-071-7878844,Mobile,+8550717878844
Metfone-071-7878845,Mobile,+8550717878845
Metfone-071-7878846,Mobile,+8550717878846
Metfone-071-7878847,Mobile,+8550717878847
Metfone-071-7878848,Mobile,+8550717878848
Metfone-071-7878849,Mobile,+8550717878849
Metfone-071-7878850,Mobile,+8550717878850
Metfone-071-7878851,Mobile,+8550717878851
Metfone-071-7878852,Mobile,+8550717878852
Metfone-071-7878853,Mobile,+8550717878853
Metfone-071-7878854,Mobile,+8550717878854
Metfone-071-7878855,Mobile,+8550717878855
Metfone-071-7878856,Mobile,+8550717878856
Metfone-071-7878857,Mobile,+8550717878857
Metfone-071-7878858,Mobile,+8550717878858
Metfone-071-7878859,Mobile,+8550717878859
Metfone-071-7878860,Mobile,+8550717878860
Metfone-071-7878861,Mobile,+8550717878861
Metfone-071-7878862,Mobile,+8550717878862
Metfone-071-7878863,Mobile,+8550717878863
Metfone-071-7878864,Mobile,+8550717878864
Metfone-071-7878865,Mobile,+8550717878865
Metfone-071-7878866,Mobile,+8550717878866
Metfone-071-7878867,Mobile,+8550717878867
Metfone-071-7878868,Mobile,+8550717878868
Metfone-071-7878869,Mobile,+8550717878869
Metfone-071-7878870,Mobile,+8550717878870
Metfone-071-7878871,Mobile,+8550717878871
Metfone-071-7878872,Mobile,+8550717878872
Metfone-071-7878873,Mobile,+8550717878873
Metfone-071-7878874,Mobile,+8550717878874
Metfone-071-7878875,Mobile,+8550717878875
Metfone-071-7878876,Mobile,+8550717878876
Metfone-071-7878877,Mobile,+8550717878877
Metfone-071-7878878,Mobile,+8550717878878
Metfone-071-7878879,Mobile,+8550717878879
Metfone-071-7878880,Mobile,+8550717878880
Metfone-071-7878881,Mobile,+8550717878881
Metfone-071-7878882,Mobile,+8550717878882
Metfone-071-7878883,Mobile,+8550717878883
Metfone-071-7878884,Mobile,+8550717878884
Metfone-071-7878885,Mobile,+8550717878885
Metfone-071-7878886,Mobile,+8550717878886
Metfone-071-7878887,Mobile,+8550717878887
Metfone-071-7878888,Mobile,+8550717878888
Metfone-071-7878889,Mobile,+8550717878889
Metfone-071-7878890,Mobile,+8550717878890
Metfone-071-7878891,Mobile,+8550717878891
Metfone-071-7878892,Mobile,+8550717878892
Metfone-071-7878893,Mobile,+8550717878893
Metfone-071-7878894,Mobile,+8550717878894
Metfone-071-7878895,Mobile,+8550717878895
Metfone-071-7878896,Mobile,+8550717878896
Metfone-071-7878897,Mobile,+8550717878897
Metfone-071-7878898,Mobile,+8550717878898
Metfone-071-7878899,Mobile,+8550717878899
Metfone-071-7878900,Mobile,+8550717878900
Metfone-071-7878901,Mobile,+8550717878901
Metfone-071-7878902,Mobile,+8550717878902
Metfone-071-7878903,Mobile,+8550717878903
Metfone-071-7878904,Mobile,+8550717878904
Metfone-071-7878905,Mobile,+8550717878905
Metfone-071-7878906,Mobile,+8550717878906
Metfone-071-7878907,Mobile,+8550717878907
Metfone-071-7878908,Mobile,+8550717878908
Metfone-071-7878909,Mobile,+8550717878909
Metfone-071-7878910,Mobile,+8550717878910
Metfone-071-7878911,Mobile,+8550717878911
Metfone-071-7878912,Mobile,+8550717878912
Metfone-071-7878913,Mobile,+8550717878913
Metfone-071-7878914,Mobile,+8550717878914
Metfone-071-7878915,Mobile,+8550717878915
Metfone-071-7878916,Mobile,+8550717878916
Metfone-071-7878917,Mobile,+8550717878917
Metfone-071-7878918,Mobile,+8550717878918
Metfone-071-7878919,Mobile,+8550717878919
Metfone-071-7878920,Mobile,+8550717878920
Metfone-071-7878921,Mobile,+8550717878921
Metfone-071-7878922,Mobile,+8550717878922
Metfone-071-7878923,Mobile,+8550717878923
Metfone-071-7878924,Mobile,+8550717878924
Metfone-071-7878925,Mobile,+8550717878925
Metfone-071-7878926,Mobile,+8550717878926
Metfone-071-7878927,Mobile,+8550717878927
Metfone-071-7878928,Mobile,+8550717878928
Metfone-071-7878929,Mobile,+8550717878929
Metfone-071-7878930,Mobile,+8550717878930
Metfone-071-7878931,Mobile,+8550717878931
Metfone-071-7878932,Mobile,+8550717878932
Metfone-071-7878933,Mobile,+8550717878933
Metfone-071-7878934,Mobile,+8550717878934
Metfone-071-7878935,Mobile,+8550717878935
Metfone-071-7878936,Mobile,+8550717878936
Metfone-071-7878937,Mobile,+8550717878937
Metfone-071-7878938,Mobile,+8550717878938
Metfone-071-7878939,Mobile,+8550717878939
Metfone-071-7878940,Mobile,+8550717878940
Metfone-071-7878941,Mobile,+8550717878941
Metfone-071-7878942,Mobile,+8550717878942
Metfone-071-7878943,Mobile,+8550717878943
Metfone-071-7878944,Mobile,+8550717878944
Metfone-071-7878945,Mobile,+8550717878945
Metfone-071-7878946,Mobile,+8550717878946
Metfone-071-7878947,Mobile,+8550717878947
Metfone-071-7878948,Mobile,+8550717878948
Metfone-071-7878949,Mobile,+8550717878949
Metfone-071-7878950,Mobile,+8550717878950
Metfone-071-7878951,Mobile,+8550717878951
Metfone-071-7878952,Mobile,+8550717878952
Metfone-071-7878953,Mobile,+8550717878953
Metfone-071-7878954,Mobile,+8550717878954
Metfone-071-7878955,Mobile,+8550717878955
Metfone-071-7878956,Mobile,+8550717878956
Metfone-071-7878957,Mobile,+8550717878957
Metfone-071-7878958,Mobile,+8550717878958
Metfone-071-7878959,Mobile,+8550717878959
Metfone-071-7878960,Mobile,+8550717878960
Metfone-071-7878961,Mobile,+8550717878961
Metfone-071-7878962,Mobile,+8550717878962
Metfone-071-7878963,Mobile,+8550717878963
Metfone-071-7878964,Mobile,+8550717878964
Metfone-071-7878965,Mobile,+8550717878965
Metfone-071-7878966,Mobile,+8550717878966
Metfone-071-7878967,Mobile,+8550717878967
Metfone-071-7878968,Mobile,+8550717878968
Metfone-071-7878969,Mobile,+8550717878969
Metfone-071-7878970,Mobile,+8550717878970
Metfone-071-7878971,Mobile,+8550717878971
Metfone-071-7878972,Mobile,+8550717878972
Metfone-071-7878973,Mobile,+8550717878973
Metfone-071-7878974,Mobile,+8550717878974
Metfone-071-7878975,Mobile,+8550717878975
Metfone-071-7878976,Mobile,+8550717878976
Metfone-071-7878977,Mobile,+8550717878977
Metfone-071-7878978,Mobile,+8550717878978
Metfone-071-7878979,Mobile,+8550717878979
Metfone-071-7878980,Mobile,+8550717878980
Metfone-071-7878981,Mobile,+8550717878981
Metfone-071-7878982,Mobile,+8550717878982
Metfone-071-7878983,Mobile,+8550717878983
Metfone-071-7878984,Mobile,+8550717878984
Metfone-071-7878985,Mobile,+8550717878985
Metfone-071-7878986,Mobile,+8550717878986
Metfone-071-7878987,Mobile,+8550717878987
Metfone-071-7878988,Mobile,+8550717878988
Metfone-071-7878989,Mobile,+8550717878989
Metfone-071-7878990,Mobile,+8550717878990
Metfone-071-7878991,Mobile,+8550717878991
Metfone-071-7878992,Mobile,+8550717878992
Metfone-071-7878993,Mobile,+8550717878993
Metfone-071-7878994,Mobile,+8550717878994
Metfone-071-7878995,Mobile,+8550717878995
Metfone-071-7878996,Mobile,+8550717878996
Metfone-071-7878997,Mobile,+8550717878997
Metfone-071-7878998,Mobile,+8550717878998
Metfone-071-7878999,Mobile,+8550717878999
Metfone-071-7879000,Mobile,+8550717879000
Metfone-071-7879001,Mobile,+8550717879001
Metfone-071-7879002,Mobile,+8550717879002
Metfone-071-7879003,Mobile,+8550717879003
Metfone-071-7879004,Mobile,+8550717879004
Metfone-071-7879005,Mobile,+8550717879005
Metfone-071-7879006,Mobile,+8550717879006
Metfone-071-7879007,Mobile,+8550717879007
Metfone-071-7879008,Mobile,+8550717879008
Metfone-071-7879009,Mobile,+8550717879009
Metfone-071-7879010,Mobile,+8550717879010
Metfone-071-7879011,Mobile,+8550717879011
Metfone-071-7879012,Mobile,+8550717879012
Metfone-071-7879013,Mobile,+8550717879013
Metfone-071-7879014,Mobile,+8550717879014
Metfone-071-7879015,Mobile,+8550717879015
Metfone-071-7879016,Mobile,+8550717879016
Metfone-071-7879017,Mobile,+8550717879017
Metfone-071-7879018,Mobile,+8550717879018
Metfone-071-7879019,Mobile,+8550717879019
Metfone-071-7879020,Mobile,+8550717879020
Metfone-071-7879021,Mobile,+8550717879021
Metfone-071-7879022,Mobile,+8550717879022
Metfone-071-7879023,Mobile,+8550717879023
Metfone-071-7879024,Mobile,+8550717879024
Metfone-071-7879025,Mobile,+8550717879025
Metfone-071-7879026,Mobile,+8550717879026
Metfone-071-7879027,Mobile,+8550717879027
Metfone-071-7879028,Mobile,+8550717879028
Metfone-071-7879029,Mobile,+8550717879029
Metfone-071-7879030,Mobile,+8550717879030
Metfone-071-7879031,Mobile,+8550717879031
Metfone-071-7879032,Mobile,+8550717879032
Metfone-071-7879033,Mobile,+8550717879033
Metfone-071-7879034,Mobile,+8550717879034
Metfone-071-7879035,Mobile,+8550717879035
Metfone-071-7879036,Mobile,+8550717879036
Metfone-071-7879037,Mobile,+8550717879037
Metfone-071-7879038,Mobile,+8550717879038
Metfone-071-7879039,Mobile,+8550717879039
Metfone-071-7879040,Mobile,+8550717879040
Metfone-071-7879041,Mobile,+8550717879041
Metfone-071-7879042,Mobile,+8550717879042
Metfone-071-7879043,Mobile,+8550717879043
Metfone-071-7879044,Mobile,+8550717879044
Metfone-071-7879045,Mobile,+8550717879045
Metfone-071-7879046,Mobile,+8550717879046
Metfone-071-7879047,Mobile,+8550717879047
Metfone-071-7879048,Mobile,+8550717879048
Metfone-071-7879049,Mobile,+8550717879049
Metfone-071-7879050,Mobile,+8550717879050
Metfone-071-7879051,Mobile,+8550717879051
Metfone-071-7879052,Mobile,+8550717879052
Metfone-071-7879053,Mobile,+8550717879053
Metfone-071-7879054,Mobile,+8550717879054
Metfone-071-7879055,Mobile,+8550717879055
Metfone-071-7879056,Mobile,+8550717879056
Metfone-071-7879057,Mobile,+8550717879057
Metfone-071-7879058,Mobile,+8550717879058
Metfone-071-7879059,Mobile,+8550717879059
Metfone-071-7879060,Mobile,+8550717879060
Metfone-071-7879061,Mobile,+8550717879061
Metfone-071-7879062,Mobile,+8550717879062
Metfone-071-7879063,Mobile,+8550717879063
Metfone-071-7879064,Mobile,+8550717879064
Metfone-071-7879065,Mobile,+8550717879065
Metfone-071-7879066,Mobile,+8550717879066
Metfone-071-7879067,Mobile,+8550717879067
Metfone-071-7879068,Mobile,+8550717879068
Metfone-071-7879069,Mobile,+8550717879069
Metfone-071-7879070,Mobile,+8550717879070
Metfone-071-7879071,Mobile,+8550717879071
Metfone-071-7879072,Mobile,+8550717879072
Metfone-071-7879073,Mobile,+8550717879073
Metfone-071-7879074,Mobile,+8550717879074
Metfone-071-7879075,Mobile,+8550717879075
Metfone-071-7879076,Mobile,+8550717879076
Metfone-071-7879077,Mobile,+8550717879077
Metfone-071-7879078,Mobile,+8550717879078
Metfone-071-7879079,Mobile,+8550717879079
Metfone-071-7879080,Mobile,+8550717879080
Metfone-071-7879081,Mobile,+8550717879081
Metfone-071-7879082,Mobile,+8550717879082
Metfone-071-7879083,Mobile,+8550717879083
Metfone-071-7879084,Mobile,+8550717879084
Metfone-071-7879085,Mobile,+8550717879085
Metfone-071-7879086,Mobile,+8550717879086
Metfone-071-7879087,Mobile,+8550717879087
Metfone-071-7879088,Mobile,+8550717879088
Metfone-071-7879089,Mobile,+8550717879089
Metfone-071-7879090,Mobile,+8550717879090
Metfone-071-7879091,Mobile,+8550717879091
Metfone-071-7879092,Mobile,+8550717879092
Metfone-071-7879093,Mobile,+8550717879093
Metfone-071-7879094,Mobile,+8550717879094
Metfone-071-7879095,Mobile,+8550717879095
Metfone-071-7879096,Mobile,+8550717879096
Metfone-071-7879097,Mobile,+8550717879097
Metfone-071-7879098,Mobile,+8550717879098
Metfone-071-7879099,Mobile,+8550717879099
Metfone-071-7879100,Mobile,+8550717879100
Metfone-071-7879101,Mobile,+8550717879101
Metfone-071-7879102,Mobile,+8550717879102
Metfone-071-7879103,Mobile,+8550717879103
Metfone-071-7879104,Mobile,+8550717879104
Metfone-071-7879105,Mobile,+8550717879105
Metfone-071-7879106,Mobile,+8550717879106
Metfone-071-7879107,Mobile,+8550717879107
Metfone-071-7879108,Mobile,+8550717879108
Metfone-071-7879109,Mobile,+8550717879109
Metfone-071-7879110,Mobile,+8550717879110
Metfone-071-7879111,Mobile,+8550717879111
Metfone-071-7879112,Mobile,+8550717879112
Metfone-071-7879113,Mobile,+8550717879113
Metfone-071-7879114,Mobile,+8550717879114
Metfone-071-7879115,Mobile,+8550717879115
Metfone-071-7879116,Mobile,+8550717879116
Metfone-071-7879117,Mobile,+8550717879117
Metfone-071-7879118,Mobile,+8550717879118
Metfone-071-7879119,Mobile,+8550717879119
Metfone-071-7879120,Mobile,+8550717879120
Metfone-071-7879121,Mobile,+8550717879121
Metfone-071-7879122,Mobile,+8550717879122
Metfone-071-7879123,Mobile,+8550717879123
Metfone-071-7879124,Mobile,+8550717879124
Metfone-071-7879125,Mobile,+8550717879125
Metfone-071-7879126,Mobile,+8550717879126
Metfone-071-7879127,Mobile,+8550717879127
Metfone-071-7879128,Mobile,+8550717879128
Metfone-071-7879129,Mobile,+8550717879129
Metfone-071-7879130,Mobile,+8550717879130
Metfone-071-7879131,Mobile,+8550717879131
Metfone-071-7879132,Mobile,+8550717879132
Metfone-071-7879133,Mobile,+8550717879133
Metfone-071-7879134,Mobile,+8550717879134
Metfone-071-7879135,Mobile,+8550717879135
Metfone-071-7879136,Mobile,+8550717879136
Metfone-071-7879137,Mobile,+8550717879137
Metfone-071-7879138,Mobile,+8550717879138
Metfone-071-7879139,Mobile,+8550717879139
Metfone-071-7879140,Mobile,+8550717879140
Metfone-071-7879141,Mobile,+8550717879141
Metfone-071-7879142,Mobile,+8550717879142
Metfone-071-7879143,Mobile,+8550717879143
Metfone-071-7879144,Mobile,+8550717879144
Metfone-071-7879145,Mobile,+8550717879145
Metfone-071-7879146,Mobile,+8550717879146
Metfone-071-7879147,Mobile,+8550717879147
Metfone-071-7879148,Mobile,+8550717879148
Metfone-071-7879149,Mobile,+8550717879149
Metfone-071-7879150,Mobile,+8550717879150
Metfone-071-7879151,Mobile,+8550717879151
Metfone-071-7879152,Mobile,+8550717879152
Metfone-071-7879153,Mobile,+8550717879153
Metfone-071-7879154,Mobile,+8550717879154
Metfone-071-7879155,Mobile,+8550717879155
Metfone-071-7879156,Mobile,+8550717879156
Metfone-071-7879157,Mobile,+8550717879157
Metfone-071-7879158,Mobile,+8550717879158
Metfone-071-7879159,Mobile,+8550717879159
Metfone-071-7879160,Mobile,+8550717879160
Metfone-071-7879161,Mobile,+8550717879161
Metfone-071-7879162,Mobile,+8550717879162
Metfone-071-7879163,Mobile,+8550717879163
Metfone-071-7879164,Mobile,+8550717879164
Metfone-071-7879165,Mobile,+8550717879165
Metfone-071-7879166,Mobile,+8550717879166
Metfone-071-7879167,Mobile,+8550717879167
Metfone-071-7879168,Mobile,+8550717879168
Metfone-071-7879169,Mobile,+8550717879169
Metfone-071-7879170,Mobile,+8550717879170
Metfone-071-7879171,Mobile,+8550717879171
Metfone-071-7879172,Mobile,+8550717879172
Metfone-071-7879173,Mobile,+8550717879173
Metfone-071-7879174,Mobile,+8550717879174
Metfone-071-7879175,Mobile,+8550717879175
Metfone-071-7879176,Mobile,+8550717879176
Metfone-071-7879177,Mobile,+8550717879177
Metfone-071-7879178,Mobile,+8550717879178
Metfone-071-7879179,Mobile,+8550717879179
Metfone-071-7879180,Mobile,+8550717879180
Metfone-071-7879181,Mobile,+8550717879181
Metfone-071-7879182,Mobile,+8550717879182
Metfone-071-7879183,Mobile,+8550717879183
Metfone-071-7879184,Mobile,+8550717879184
Metfone-071-7879185,Mobile,+8550717879185
Metfone-071-7879186,Mobile,+8550717879186
Metfone-071-7879187,Mobile,+8550717879187
Metfone-071-7879188,Mobile,+8550717879188
Metfone-071-7879189,Mobile,+8550717879189
Metfone-071-7879190,Mobile,+8550717879190
Metfone-071-7879191,Mobile,+8550717879191
Metfone-071-7879192,Mobile,+8550717879192
Metfone-071-7879193,Mobile,+8550717879193
Metfone-071-7879194,Mobile,+8550717879194
Metfone-071-7879195,Mobile,+8550717879195
Metfone-071-7879196,Mobile,+8550717879196
Metfone-071-7879197,Mobile,+8550717879197
Metfone-071-7879198,Mobile,+8550717879198
Metfone-071-7879199,Mobile,+8550717879199
Metfone-071-7879200,Mobile,+8550717879200
Metfone-071-7879201,Mobile,+8550717879201
Metfone-071-7879202,Mobile,+8550717879202
Metfone-071-7879203,Mobile,+8550717879203
Metfone-071-7879204,Mobile,+8550717879204
Metfone-071-7879205,Mobile,+8550717879205
Metfone-071-7879206,Mobile,+8550717879206
Metfone-071-7879207,Mobile,+8550717879207
Metfone-071-7879208,Mobile,+8550717879208
Metfone-071-7879209,Mobile,+8550717879209
Metfone-071-7879210,Mobile,+8550717879210
Metfone-071-7879211,Mobile,+8550717879211
Metfone-071-7879212,Mobile,+8550717879212
Metfone-071-7879213,Mobile,+8550717879213
Metfone-071-7879214,Mobile,+8550717879214
Metfone-071-7879215,Mobile,+8550717879215
Metfone-071-7879216,Mobile,+8550717879216
Metfone-071-7879217,Mobile,+8550717879217
Metfone-071-7879218,Mobile,+8550717879218
Metfone-071-7879219,Mobile,+8550717879219
Metfone-071-7879220,Mobile,+8550717879220
Metfone-071-7879221,Mobile,+8550717879221
Metfone-071-7879222,Mobile,+8550717879222
Metfone-071-7879223,Mobile,+8550717879223
Metfone-071-7879224,Mobile,+8550717879224
Metfone-071-7879225,Mobile,+8550717879225
Metfone-071-7879226,Mobile,+8550717879226
Metfone-071-7879227,Mobile,+8550717879227
Metfone-071-7879228,Mobile,+8550717879228
Metfone-071-7879229,Mobile,+8550717879229
Metfone-071-7879230,Mobile,+8550717879230
Metfone-071-7879231,Mobile,+8550717879231
Metfone-071-7879232,Mobile,+8550717879232
Metfone-071-7879233,Mobile,+8550717879233
Metfone-071-7879234,Mobile,+8550717879234
Metfone-071-7879235,Mobile,+8550717879235
Metfone-071-7879236,Mobile,+8550717879236
Metfone-071-7879237,Mobile,+8550717879237
Metfone-071-7879238,Mobile,+8550717879238
Metfone-071-7879239,Mobile,+8550717879239
Metfone-071-7879240,Mobile,+8550717879240
Metfone-071-7879241,Mobile,+8550717879241
Metfone-071-7879242,Mobile,+8550717879242
Metfone-071-7879243,Mobile,+8550717879243
Metfone-071-7879244,Mobile,+8550717879244
Metfone-071-7879245,Mobile,+8550717879245
Metfone-071-7879246,Mobile,+8550717879246
Metfone-071-7879247,Mobile,+8550717879247
Metfone-071-7879248,Mobile,+8550717879248
Metfone-071-7879249,Mobile,+8550717879249
Metfone-071-7879250,Mobile,+8550717879250
Metfone-071-7879251,Mobile,+8550717879251
Metfone-071-7879252,Mobile,+8550717879252
Metfone-071-7879253,Mobile,+8550717879253
Metfone-071-7879254,Mobile,+8550717879254
Metfone-071-7879255,Mobile,+8550717879255
Metfone-071-7879256,Mobile,+8550717879256
Metfone-071-7879257,Mobile,+8550717879257
Metfone-071-7879258,Mobile,+8550717879258
Metfone-071-7879259,Mobile,+8550717879259
Metfone-071-7879260,Mobile,+8550717879260
Metfone-071-7879261,Mobile,+8550717879261
Metfone-071-7879262,Mobile,+8550717879262
Metfone-071-7879263,Mobile,+8550717879263
Metfone-071-7879264,Mobile,+8550717879264
Metfone-071-7879265,Mobile,+8550717879265
Metfone-071-7879266,Mobile,+8550717879266
Metfone-071-7879267,Mobile,+8550717879267
Metfone-071-7879268,Mobile,+8550717879268
Metfone-071-7879269,Mobile,+8550717879269
Metfone-071-7879270,Mobile,+8550717879270
Metfone-071-7879271,Mobile,+8550717879271
Metfone-071-7879272,Mobile,+8550717879272
Metfone-071-7879273,Mobile,+8550717879273
Metfone-071-7879274,Mobile,+8550717879274
Metfone-071-7879275,Mobile,+8550717879275
Metfone-071-7879276,Mobile,+8550717879276
Metfone-071-7879277,Mobile,+8550717879277
Metfone-071-7879278,Mobile,+8550717879278
Metfone-071-7879279,Mobile,+8550717879279
Metfone-071-7879280,Mobile,+8550717879280
Metfone-071-7879281,Mobile,+8550717879281
Metfone-071-7879282,Mobile,+8550717879282
Metfone-071-7879283,Mobile,+8550717879283
Metfone-071-7879284,Mobile,+8550717879284
Metfone-071-7879285,Mobile,+8550717879285
Metfone-071-7879286,Mobile,+8550717879286
Metfone-071-7879287,Mobile,+8550717879287
Metfone-071-7879288,Mobile,+8550717879288
Metfone-071-7879289,Mobile,+8550717879289
Metfone-071-7879290,Mobile,+8550717879290
Metfone-071-7879291,Mobile,+8550717879291
Metfone-071-7879292,Mobile,+8550717879292
Metfone-071-7879293,Mobile,+8550717879293
Metfone-071-7879294,Mobile,+8550717879294
Metfone-071-7879295,Mobile,+8550717879295
Metfone-071-7879296,Mobile,+8550717879296
Metfone-071-7879297,Mobile,+8550717879297
Metfone-071-7879298,Mobile,+8550717879298
Metfone-071-7879299,Mobile,+8550717879299
Metfone-071-7879300,Mobile,+8550717879300
Metfone-071-7879301,Mobile,+8550717879301
Metfone-071-7879302,Mobile,+8550717879302
Metfone-071-7879303,Mobile,+8550717879303
Metfone-071-7879304,Mobile,+8550717879304
Metfone-071-7879305,Mobile,+8550717879305
Metfone-071-7879306,Mobile,+8550717879306
Metfone-071-7879307,Mobile,+8550717879307
Metfone-071-7879308,Mobile,+8550717879308
Metfone-071-7879309,Mobile,+8550717879309
Metfone-071-7879310,Mobile,+8550717879310
Metfone-071-7879311,Mobile,+8550717879311
Metfone-071-7879312,Mobile,+8550717879312
Metfone-071-7879313,Mobile,+8550717879313
Metfone-071-7879314,Mobile,+8550717879314
Metfone-071-7879315,Mobile,+8550717879315
Metfone-071-7879316,Mobile,+8550717879316
Metfone-071-7879317,Mobile,+8550717879317
Metfone-071-7879318,Mobile,+8550717879318
Metfone-071-7879319,Mobile,+8550717879319
Metfone-071-7879320,Mobile,+8550717879320
Metfone-071-7879321,Mobile,+8550717879321
Metfone-071-7879322,Mobile,+8550717879322
Metfone-071-7879323,Mobile,+8550717879323
Metfone-071-7879324,Mobile,+8550717879324
Metfone-071-7879325,Mobile,+8550717879325
Metfone-071-7879326,Mobile,+8550717879326
Metfone-071-7879327,Mobile,+8550717879327
Metfone-071-7879328,Mobile,+8550717879328
Metfone-071-7879329,Mobile,+8550717879329
Metfone-071-7879330,Mobile,+8550717879330
Metfone-071-7879331,Mobile,+8550717879331
Metfone-071-7879332,Mobile,+8550717879332
Metfone-071-7879333,Mobile,+8550717879333
Metfone-071-7879334,Mobile,+8550717879334
Metfone-071-7879335,Mobile,+8550717879335
Metfone-071-7879336,Mobile,+8550717879336
Metfone-071-7879337,Mobile,+8550717879337
Metfone-071-7879338,Mobile,+8550717879338
Metfone-071-7879339,Mobile,+8550717879339
Metfone-071-7879340,Mobile,+8550717879340
Metfone-071-7879341,Mobile,+8550717879341
Metfone-071-7879342,Mobile,+8550717879342
Metfone-071-7879343,Mobile,+8550717879343
Metfone-071-7879344,Mobile,+8550717879344
Metfone-071-7879345,Mobile,+8550717879345
Metfone-071-7879346,Mobile,+8550717879346
Metfone-071-7879347,Mobile,+8550717879347
Metfone-071-7879348,Mobile,+8550717879348
Metfone-071-7879349,Mobile,+8550717879349
Metfone-071-7879350,Mobile,+8550717879350
Metfone-071-7879351,Mobile,+8550717879351
Metfone-071-7879352,Mobile,+8550717879352
Metfone-071-7879353,Mobile,+8550717879353
Metfone-071-7879354,Mobile,+8550717879354
Metfone-071-7879355,Mobile,+8550717879355
Metfone-071-7879356,Mobile,+8550717879356
Metfone-071-7879357,Mobile,+8550717879357
Metfone-071-7879358,Mobile,+8550717879358
Metfone-071-7879359,Mobile,+8550717879359
Metfone-071-7879360,Mobile,+8550717879360
Metfone-071-7879361,Mobile,+8550717879361
Metfone-071-7879362,Mobile,+8550717879362
Metfone-071-7879363,Mobile,+8550717879363
Metfone-071-7879364,Mobile,+8550717879364
Metfone-071-7879365,Mobile,+8550717879365
Metfone-071-7879366,Mobile,+8550717879366
Metfone-071-7879367,Mobile,+8550717879367
Metfone-071-7879368,Mobile,+8550717879368
Metfone-071-7879369,Mobile,+8550717879369
Metfone-071-7879370,Mobile,+8550717879370
Metfone-071-7879371,Mobile,+8550717879371
Metfone-071-7879372,Mobile,+8550717879372
Metfone-071-7879373,Mobile,+8550717879373
Metfone-071-7879374,Mobile,+8550717879374
Metfone-071-7879375,Mobile,+8550717879375
Metfone-071-7879376,Mobile,+8550717879376
Metfone-071-7879377,Mobile,+8550717879377
Metfone-071-7879378,Mobile,+8550717879378
Metfone-071-7879379,Mobile,+8550717879379
Metfone-071-7879380,Mobile,+8550717879380
Metfone-071-7879381,Mobile,+8550717879381
Metfone-071-7879382,Mobile,+8550717879382
Metfone-071-7879383,Mobile,+8550717879383
Metfone-071-7879384,Mobile,+8550717879384
Metfone-071-7879385,Mobile,+8550717879385
Metfone-071-7879386,Mobile,+8550717879386
Metfone-071-7879387,Mobile,+8550717879387
Metfone-071-7879388,Mobile,+8550717879388
Metfone-071-7879389,Mobile,+8550717879389
Metfone-071-7879390,Mobile,+8550717879390
Metfone-071-7879391,Mobile,+8550717879391
Metfone-071-7879392,Mobile,+8550717879392
Metfone-071-7879393,Mobile,+8550717879393
Metfone-071-7879394,Mobile,+8550717879394
Metfone-071-7879395,Mobile,+8550717879395
Metfone-071-7879396,Mobile,+8550717879396
Metfone-071-7879397,Mobile,+8550717879397
Metfone-071-7879398,Mobile,+8550717879398
Metfone-071-7879399,Mobile,+8550717879399
Metfone-071-7879400,Mobile,+8550717879400
Metfone-071-7879401,Mobile,+8550717879401
Metfone-071-7879402,Mobile,+8550717879402
Metfone-071-7879403,Mobile,+8550717879403
Metfone-071-7879404,Mobile,+8550717879404
Metfone-071-7879405,Mobile,+8550717879405
Metfone-071-7879406,Mobile,+8550717879406
Metfone-071-7879407,Mobile,+8550717879407
Metfone-071-7879408,Mobile,+8550717879408
Metfone-071-7879409,Mobile,+8550717879409
Metfone-071-7879410,Mobile,+8550717879410
Metfone-071-7879411,Mobile,+8550717879411
Metfone-071-7879412,Mobile,+8550717879412
Metfone-071-7879413,Mobile,+8550717879413
Metfone-071-7879414,Mobile,+8550717879414
Metfone-071-7879415,Mobile,+8550717879415
Metfone-071-7879416,Mobile,+8550717879416
Metfone-071-7879417,Mobile,+8550717879417
Metfone-071-7879418,Mobile,+8550717879418
Metfone-071-7879419,Mobile,+8550717879419
Metfone-071-7879420,Mobile,+8550717879420
Metfone-071-7879421,Mobile,+8550717879421
Metfone-071-7879422,Mobile,+8550717879422
Metfone-071-7879423,Mobile,+8550717879423
Metfone-071-7879424,Mobile,+8550717879424
Metfone-071-7879425,Mobile,+8550717879425
Metfone-071-7879426,Mobile,+8550717879426
Metfone-071-7879427,Mobile,+8550717879427
Metfone-071-7879428,Mobile,+8550717879428
Metfone-071-7879429,Mobile,+8550717879429
Metfone-071-7879430,Mobile,+8550717879430
Metfone-071-7879431,Mobile,+8550717879431
Metfone-071-7879432,Mobile,+8550717879432
Metfone-071-7879433,Mobile,+8550717879433
Metfone-071-7879434,Mobile,+8550717879434
Metfone-071-7879435,Mobile,+8550717879435
Metfone-071-7879436,Mobile,+8550717879436
Metfone-071-7879437,Mobile,+8550717879437
Metfone-071-7879438,Mobile,+8550717879438
Metfone-071-7879439,Mobile,+8550717879439
Metfone-071-7879440,Mobile,+8550717879440
Metfone-071-7879441,Mobile,+8550717879441
Metfone-071-7879442,Mobile,+8550717879442
Metfone-071-7879443,Mobile,+8550717879443
Metfone-071-7879444,Mobile,+8550717879444
Metfone-071-7879445,Mobile,+8550717879445
Metfone-071-7879446,Mobile,+8550717879446
Metfone-071-7879447,Mobile,+8550717879447
Metfone-071-7879448,Mobile,+8550717879448
Metfone-071-7879449,Mobile,+8550717879449
Metfone-071-7879450,Mobile,+8550717879450
Metfone-071-7879451,Mobile,+8550717879451
Metfone-071-7879452,Mobile,+8550717879452
Metfone-071-7879453,Mobile,+8550717879453
Metfone-071-7879454,Mobile,+8550717879454
Metfone-071-7879455,Mobile,+8550717879455
Metfone-071-7879456,Mobile,+8550717879456
Metfone-071-7879457,Mobile,+8550717879457
Metfone-071-7879458,Mobile,+8550717879458
Metfone-071-7879459,Mobile,+8550717879459
Metfone-071-7879460,Mobile,+8550717879460
Metfone-071-7879461,Mobile,+8550717879461
Metfone-071-7879462,Mobile,+8550717879462
Metfone-071-7879463,Mobile,+8550717879463
Metfone-071-7879464,Mobile,+8550717879464
Metfone-071-7879465,Mobile,+8550717879465
Metfone-071-7879466,Mobile,+8550717879466
Metfone-071-7879467,Mobile,+8550717879467
Metfone-071-7879468,Mobile,+8550717879468
Metfone-071-7879469,Mobile,+8550717879469
Metfone-071-7879470,Mobile,+8550717879470
Metfone-071-7879471,Mobile,+8550717879471
Metfone-071-7879472,Mobile,+8550717879472
Metfone-071-7879473,Mobile,+8550717879473
Metfone-071-7879474,Mobile,+8550717879474
Metfone-071-7879475,Mobile,+8550717879475
Metfone-071-7879476,Mobile,+8550717879476
Metfone-071-7879477,Mobile,+8550717879477
Metfone-071-7879478,Mobile,+8550717879478
Metfone-071-7879479,Mobile,+8550717879479
Metfone-071-7879480,Mobile,+8550717879480
Metfone-071-7879481,Mobile,+8550717879481
Metfone-071-7879482,Mobile,+8550717879482
Metfone-071-7879483,Mobile,+8550717879483
Metfone-071-7879484,Mobile,+8550717879484
Metfone-071-7879485,Mobile,+8550717879485
Metfone-071-7879486,Mobile,+8550717879486
Metfone-071-7879487,Mobile,+8550717879487
Metfone-071-7879488,Mobile,+8550717879488
Metfone-071-7879489,Mobile,+8550717879489
Metfone-071-7879490,Mobile,+8550717879490
Metfone-071-7879491,Mobile,+8550717879491
Metfone-071-7879492,Mobile,+8550717879492
Metfone-071-7879493,Mobile,+8550717879493
Metfone-071-7879494,Mobile,+8550717879494
Metfone-071-7879495,Mobile,+8550717879495
Metfone-071-7879496,Mobile,+8550717879496
Metfone-071-7879497,Mobile,+8550717879497
Metfone-071-7879498,Mobile,+8550717879498
Metfone-071-7879499,Mobile,+8550717879499
Metfone-071-7879500,Mobile,+8550717879500
Metfone-071-7879501,Mobile,+8550717879501
Metfone-071-7879502,Mobile,+8550717879502
Metfone-071-7879503,Mobile,+8550717879503
Metfone-071-7879504,Mobile,+8550717879504
Metfone-071-7879505,Mobile,+8550717879505
Metfone-071-7879506,Mobile,+8550717879506
Metfone-071-7879507,Mobile,+8550717879507
Metfone-071-7879508,Mobile,+8550717879508
Metfone-071-7879509,Mobile,+8550717879509
Metfone-071-7879510,Mobile,+8550717879510
Metfone-071-7879511,Mobile,+8550717879511
Metfone-071-7879512,Mobile,+8550717879512
Metfone-071-7879513,Mobile,+8550717879513
Metfone-071-7879514,Mobile,+8550717879514
Metfone-071-7879515,Mobile,+8550717879515
Metfone-071-7879516,Mobile,+8550717879516
Metfone-071-7879517,Mobile,+8550717879517
Metfone-071-7879518,Mobile,+8550717879518
Metfone-071-7879519,Mobile,+8550717879519
Metfone-071-7879520,Mobile,+8550717879520
Metfone-071-7879521,Mobile,+8550717879521
Metfone-071-7879522,Mobile,+8550717879522
Metfone-071-7879523,Mobile,+8550717879523
Metfone-071-7879524,Mobile,+8550717879524
Metfone-071-7879525,Mobile,+8550717879525
Metfone-071-7879526,Mobile,+8550717879526
Metfone-071-7879527,Mobile,+8550717879527
Metfone-071-7879528,Mobile,+8550717879528
Metfone-071-7879529,Mobile,+8550717879529
Metfone-071-7879530,Mobile,+8550717879530
Metfone-071-7879531,Mobile,+8550717879531
Metfone-071-7879532,Mobile,+8550717879532
Metfone-071-7879533,Mobile,+8550717879533
Metfone-071-7879534,Mobile,+8550717879534
Metfone-071-7879535,Mobile,+8550717879535
Metfone-071-7879536,Mobile,+8550717879536
Metfone-071-7879537,Mobile,+8550717879537
Metfone-071-7879538,Mobile,+8550717879538
Metfone-071-7879539,Mobile,+8550717879539
Metfone-071-7879540,Mobile,+8550717879540
Metfone-071-7879541,Mobile,+8550717879541
Metfone-071-7879542,Mobile,+8550717879542
Metfone-071-7879543,Mobile,+8550717879543
Metfone-071-7879544,Mobile,+8550717879544
Metfone-071-7879545,Mobile,+8550717879545
Metfone-071-7879546,Mobile,+8550717879546
Metfone-071-7879547,Mobile,+8550717879547
Metfone-071-7879548,Mobile,+8550717879548
Metfone-071-7879549,Mobile,+8550717879549
Metfone-071-7879550,Mobile,+8550717879550
Metfone-071-7879551,Mobile,+8550717879551
Metfone-071-7879552,Mobile,+8550717879552
Metfone-071-7879553,Mobile,+8550717879553
Metfone-071-7879554,Mobile,+8550717879554
Metfone-071-7879555,Mobile,+8550717879555
Metfone-071-7879556,Mobile,+8550717879556
Metfone-071-7879557,Mobile,+8550717879557
Metfone-071-7879558,Mobile,+8550717879558
Metfone-071-7879559,Mobile,+8550717879559
Metfone-071-7879560,Mobile,+8550717879560
Metfone-071-7879561,Mobile,+8550717879561
Metfone-071-7879562,Mobile,+8550717879562
Metfone-071-7879563,Mobile,+8550717879563
Metfone-071-7879564,Mobile,+8550717879564
Metfone-071-7879565,Mobile,+8550717879565
Metfone-071-7879566,Mobile,+8550717879566
Metfone-071-7879567,Mobile,+8550717879567
Metfone-071-7879568,Mobile,+8550717879568
Metfone-071-7879569,Mobile,+8550717879569
Metfone-071-7879570,Mobile,+8550717879570
Metfone-071-7879571,Mobile,+8550717879571
Metfone-071-7879572,Mobile,+8550717879572
Metfone-071-7879573,Mobile,+8550717879573
Metfone-071-7879574,Mobile,+8550717879574
Metfone-071-7879575,Mobile,+8550717879575
Metfone-071-7879576,Mobile,+8550717879576
Metfone-071-7879577,Mobile,+8550717879577
Metfone-071-7879578,Mobile,+8550717879578
Metfone-071-7879579,Mobile,+8550717879579
Metfone-071-7879580,Mobile,+8550717879580
Metfone-071-7879581,Mobile,+8550717879581
Metfone-071-7879582,Mobile,+8550717879582
Metfone-071-7879583,Mobile,+8550717879583
Metfone-071-7879584,Mobile,+8550717879584
Metfone-071-7879585,Mobile,+8550717879585
Metfone-071-7879586,Mobile,+8550717879586
Metfone-071-7879587,Mobile,+8550717879587
Metfone-071-7879588,Mobile,+8550717879588
Metfone-071-7879589,Mobile,+8550717879589
Metfone-071-7879590,Mobile,+8550717879590
Metfone-071-7879591,Mobile,+8550717879591
Metfone-071-7879592,Mobile,+8550717879592
Metfone-071-7879593,Mobile,+8550717879593
Metfone-071-7879594,Mobile,+8550717879594
Metfone-071-7879595,Mobile,+8550717879595
Metfone-071-7879596,Mobile,+8550717879596
Metfone-071-7879597,Mobile,+8550717879597
Metfone-071-7879598,Mobile,+8550717879598
Metfone-071-7879599,Mobile,+8550717879599
Metfone-071-7879600,Mobile,+8550717879600
Metfone-071-7879601,Mobile,+8550717879601
Metfone-071-7879602,Mobile,+8550717879602
Metfone-071-7879603,Mobile,+8550717879603
Metfone-071-7879604,Mobile,+8550717879604
Metfone-071-7879605,Mobile,+8550717879605
Metfone-071-7879606,Mobile,+8550717879606
Metfone-071-7879607,Mobile,+8550717879607
Metfone-071-7879608,Mobile,+8550717879608
Metfone-071-7879609,Mobile,+8550717879609
Metfone-071-7879610,Mobile,+8550717879610
Metfone-071-7879611,Mobile,+8550717879611
Metfone-071-7879612,Mobile,+8550717879612
Metfone-071-7879613,Mobile,+8550717879613
Metfone-071-7879614,Mobile,+8550717879614
Metfone-071-7879615,Mobile,+8550717879615
Metfone-071-7879616,Mobile,+8550717879616
Metfone-071-7879617,Mobile,+8550717879617
Metfone-071-7879618,Mobile,+8550717879618
Metfone-071-7879619,Mobile,+8550717879619
Metfone-071-7879620,Mobile,+8550717879620
Metfone-071-7879621,Mobile,+8550717879621
Metfone-071-7879622,Mobile,+8550717879622
Metfone-071-7879623,Mobile,+8550717879623
Metfone-071-7879624,Mobile,+8550717879624
Metfone-071-7879625,Mobile,+8550717879625
Metfone-071-7879626,Mobile,+8550717879626
Metfone-071-7879627,Mobile,+8550717879627
Metfone-071-7879628,Mobile,+8550717879628
Metfone-071-7879629,Mobile,+8550717879629
Metfone-071-7879630,Mobile,+8550717879630
Metfone-071-7879631,Mobile,+8550717879631
Metfone-071-7879632,Mobile,+8550717879632
Metfone-071-7879633,Mobile,+8550717879633
Metfone-071-7879634,Mobile,+8550717879634
Metfone-071-7879635,Mobile,+8550717879635
Metfone-071-7879636,Mobile,+8550717879636
Metfone-071-7879637,Mobile,+8550717879637
Metfone-071-7879638,Mobile,+8550717879638
Metfone-071-7879639,Mobile,+8550717879639
Metfone-071-7879640,Mobile,+8550717879640
Metfone-071-7879641,Mobile,+8550717879641
Metfone-071-7879642,Mobile,+8550717879642
Metfone-071-7879643,Mobile,+8550717879643
Metfone-071-7879644,Mobile,+8550717879644
Metfone-071-7879645,Mobile,+8550717879645
Metfone-071-7879646,Mobile,+8550717879646
Metfone-071-7879647,Mobile,+8550717879647
Metfone-071-7879648,Mobile,+8550717879648
Metfone-071-7879649,Mobile,+8550717879649
Metfone-071-7879650,Mobile,+8550717879650
Metfone-071-7879651,Mobile,+8550717879651
Metfone-071-7879652,Mobile,+8550717879652
Metfone-071-7879653,Mobile,+8550717879653
Metfone-071-7879654,Mobile,+8550717879654
Metfone-071-7879655,Mobile,+8550717879655
Metfone-071-7879656,Mobile,+8550717879656
Metfone-071-7879657,Mobile,+8550717879657
Metfone-071-7879658,Mobile,+8550717879658
Metfone-071-7879659,Mobile,+8550717879659
Metfone-071-7879660,Mobile,+8550717879660
Metfone-071-7879661,Mobile,+8550717879661
Metfone-071-7879662,Mobile,+8550717879662
Metfone-071-7879663,Mobile,+8550717879663
Metfone-071-7879664,Mobile,+8550717879664
Metfone-071-7879665,Mobile,+8550717879665
Metfone-071-7879666,Mobile,+8550717879666
Metfone-071-7879667,Mobile,+8550717879667
Metfone-071-7879668,Mobile,+8550717879668
Metfone-071-7879669,Mobile,+8550717879669
Metfone-071-7879670,Mobile,+8550717879670
Metfone-071-7879671,Mobile,+8550717879671
Metfone-071-7879672,Mobile,+8550717879672
Metfone-071-7879673,Mobile,+8550717879673
Metfone-071-7879674,Mobile,+8550717879674
Metfone-071-7879675,Mobile,+8550717879675
Metfone-071-7879676,Mobile,+8550717879676
Metfone-071-7879677,Mobile,+8550717879677
Metfone-071-7879678,Mobile,+8550717879678
Metfone-071-7879679,Mobile,+8550717879679
Metfone-071-7879680,Mobile,+8550717879680
Metfone-071-7879681,Mobile,+8550717879681
Metfone-071-7879682,Mobile,+8550717879682
Metfone-071-7879683,Mobile,+8550717879683
Metfone-071-7879684,Mobile,+8550717879684
Metfone-071-7879685,Mobile,+8550717879685
Metfone-071-7879686,Mobile,+8550717879686
Metfone-071-7879687,Mobile,+8550717879687
Metfone-071-7879688,Mobile,+8550717879688
Metfone-071-7879689,Mobile,+8550717879689
Metfone-071-7879690,Mobile,+8550717879690
Metfone-071-7879691,Mobile,+8550717879691
Metfone-071-7879692,Mobile,+8550717879692
Metfone-071-7879693,Mobile,+8550717879693
Metfone-071-7879694,Mobile,+8550717879694
Metfone-071-7879695,Mobile,+8550717879695
Metfone-071-7879696,Mobile,+8550717879696
Metfone-071-7879697,Mobile,+8550717879697
Metfone-071-7879698,Mobile,+8550717879698
Metfone-071-7879699,Mobile,+8550717879699
Metfone-071-7879700,Mobile,+8550717879700
Metfone-071-7879701,Mobile,+8550717879701
Metfone-071-7879702,Mobile,+8550717879702
Metfone-071-7879703,Mobile,+8550717879703
Metfone-071-7879704,Mobile,+8550717879704
Metfone-071-7879705,Mobile,+8550717879705
Metfone-071-7879706,Mobile,+8550717879706
Metfone-071-7879707,Mobile,+8550717879707
Metfone-071-7879708,Mobile,+8550717879708
Metfone-071-7879709,Mobile,+8550717879709
Metfone-071-7879710,Mobile,+8550717879710
Metfone-071-7879711,Mobile,+8550717879711
Metfone-071-7879712,Mobile,+8550717879712
Metfone-071-7879713,Mobile,+8550717879713
Metfone-071-7879714,Mobile,+8550717879714
Metfone-071-7879715,Mobile,+8550717879715
Metfone-071-7879716,Mobile,+8550717879716
Metfone-071-7879717,Mobile,+8550717879717
Metfone-071-7879718,Mobile,+8550717879718
Metfone-071-7879719,Mobile,+8550717879719
Metfone-071-7879720,Mobile,+8550717879720
Metfone-071-7879721,Mobile,+8550717879721
Metfone-071-7879722,Mobile,+8550717879722
Metfone-071-7879723,Mobile,+8550717879723
Metfone-071-7879724,Mobile,+8550717879724
Metfone-071-7879725,Mobile,+8550717879725
Metfone-071-7879726,Mobile,+8550717879726
Metfone-071-7879727,Mobile,+8550717879727
Metfone-071-7879728,Mobile,+8550717879728
Metfone-071-7879729,Mobile,+8550717879729
Metfone-071-7879730,Mobile,+8550717879730
Metfone-071-7879731,Mobile,+8550717879731
Metfone-071-7879732,Mobile,+8550717879732
Metfone-071-7879733,Mobile,+8550717879733
Metfone-071-7879734,Mobile,+8550717879734
Metfone-071-7879735,Mobile,+8550717879735
Metfone-071-7879736,Mobile,+8550717879736
Metfone-071-7879737,Mobile,+8550717879737
Metfone-071-7879738,Mobile,+8550717879738
Metfone-071-7879739,Mobile,+8550717879739
Metfone-071-7879740,Mobile,+8550717879740
Metfone-071-7879741,Mobile,+8550717879741
Metfone-071-7879742,Mobile,+8550717879742
Metfone-071-7879743,Mobile,+8550717879743
Metfone-071-7879744,Mobile,+8550717879744
Metfone-071-7879745,Mobile,+8550717879745
Metfone-071-7879746,Mobile,+8550717879746
Metfone-071-7879747,Mobile,+8550717879747
Metfone-071-7879748,Mobile,+8550717879748
Metfone-071-7879749,Mobile,+8550717879749
Metfone-071-7879750,Mobile,+8550717879750
Metfone-071-7879751,Mobile,+8550717879751
Metfone-071-7879752,Mobile,+8550717879752
Metfone-071-7879753,Mobile,+8550717879753
Metfone-071-7879754,Mobile,+8550717879754
Metfone-071-7879755,Mobile,+8550717879755
Metfone-071-7879756,Mobile,+8550717879756
Metfone-071-7879757,Mobile,+8550717879757
Metfone-071-7879758,Mobile,+8550717879758
Metfone-071-7879759,Mobile,+8550717879759
Metfone-071-7879760,Mobile,+8550717879760
Metfone-071-7879761,Mobile,+8550717879761
Metfone-071-7879762,Mobile,+8550717879762
Metfone-071-7879763,Mobile,+8550717879763
Metfone-071-7879764,Mobile,+8550717879764
Metfone-071-7879765,Mobile,+8550717879765
Metfone-071-7879766,Mobile,+8550717879766
Metfone-071-7879767,Mobile,+8550717879767
Metfone-071-7879768,Mobile,+8550717879768
Metfone-071-7879769,Mobile,+8550717879769
Metfone-071-7879770,Mobile,+8550717879770
Metfone-071-7879771,Mobile,+8550717879771
Metfone-071-7879772,Mobile,+8550717879772
Metfone-071-7879773,Mobile,+8550717879773
Metfone-071-7879774,Mobile,+8550717879774
Metfone-071-7879775,Mobile,+8550717879775
Metfone-071-7879776,Mobile,+8550717879776
Metfone-071-7879777,Mobile,+8550717879777
Metfone-071-7879778,Mobile,+8550717879778
Metfone-071-7879779,Mobile,+8550717879779
Metfone-071-7879780,Mobile,+8550717879780
Metfone-071-7879781,Mobile,+8550717879781
Metfone-071-7879782,Mobile,+8550717879782
Metfone-071-7879783,Mobile,+8550717879783
Metfone-071-7879784,Mobile,+8550717879784
Metfone-071-7879785,Mobile,+8550717879785
Metfone-071-7879786,Mobile,+8550717879786
Metfone-071-7879787,Mobile,+8550717879787
Metfone-071-7879788,Mobile,+8550717879788
Metfone-071-7879789,Mobile,+8550717879789
Metfone-071-7879790,Mobile,+8550717879790
Metfone-071-7879791,Mobile,+8550717879791
Metfone-071-7879792,Mobile,+8550717879792
Metfone-071-7879793,Mobile,+8550717879793
Metfone-071-7879794,Mobile,+8550717879794
Metfone-071-7879795,Mobile,+8550717879795
Metfone-071-7879796,Mobile,+8550717879796
Metfone-071-7879797,Mobile,+8550717879797
Metfone-071-7879798,Mobile,+8550717879798
Metfone-071-7879799,Mobile,+8550717879799
Metfone-071-7879800,Mobile,+8550717879800
Metfone-071-7879801,Mobile,+8550717879801
Metfone-071-7879802,Mobile,+8550717879802
Metfone-071-7879803,Mobile,+8550717879803
Metfone-071-7879804,Mobile,+8550717879804
Metfone-071-7879805,Mobile,+8550717879805
Metfone-071-7879806,Mobile,+8550717879806
Metfone-071-7879807,Mobile,+8550717879807
Metfone-071-7879808,Mobile,+8550717879808
Metfone-071-7879809,Mobile,+8550717879809
Metfone-071-7879810,Mobile,+8550717879810
Metfone-071-7879811,Mobile,+8550717879811
Metfone-071-7879812,Mobile,+8550717879812
Metfone-071-7879813,Mobile,+8550717879813
Metfone-071-7879814,Mobile,+8550717879814
Metfone-071-7879815,Mobile,+8550717879815
Metfone-071-7879816,Mobile,+8550717879816
Metfone-071-7879817,Mobile,+8550717879817
Metfone-071-7879818,Mobile,+8550717879818
Metfone-071-7879819,Mobile,+8550717879819
Metfone-071-7879820,Mobile,+8550717879820
Metfone-071-7879821,Mobile,+8550717879821
Metfone-071-7879822,Mobile,+8550717879822
Metfone-071-7879823,Mobile,+8550717879823
Metfone-071-7879824,Mobile,+8550717879824
Metfone-071-7879825,Mobile,+8550717879825
Metfone-071-7879826,Mobile,+8550717879826
Metfone-071-7879827,Mobile,+8550717879827
Metfone-071-7879828,Mobile,+8550717879828
Metfone-071-7879829,Mobile,+8550717879829
Metfone-071-7879830,Mobile,+8550717879830
Metfone-071-7879831,Mobile,+8550717879831
Metfone-071-7879832,Mobile,+8550717879832
Metfone-071-7879833,Mobile,+8550717879833
Metfone-071-7879834,Mobile,+8550717879834
Metfone-071-7879835,Mobile,+8550717879835
Metfone-071-7879836,Mobile,+8550717879836
Metfone-071-7879837,Mobile,+8550717879837
Metfone-071-7879838,Mobile,+8550717879838
Metfone-071-7879839,Mobile,+8550717879839
Metfone-071-7879840,Mobile,+8550717879840
Metfone-071-7879841,Mobile,+8550717879841
Metfone-071-7879842,Mobile,+8550717879842
Metfone-071-7879843,Mobile,+8550717879843
Metfone-071-7879844,Mobile,+8550717879844
Metfone-071-7879845,Mobile,+8550717879845
Metfone-071-7879846,Mobile,+8550717879846
Metfone-071-7879847,Mobile,+8550717879847
Metfone-071-7879848,Mobile,+8550717879848
Metfone-071-7879849,Mobile,+8550717879849
Metfone-071-7879850,Mobile,+8550717879850
Metfone-071-7879851,Mobile,+8550717879851
Metfone-071-7879852,Mobile,+8550717879852
Metfone-071-7879853,Mobile,+8550717879853
Metfone-071-7879854,Mobile,+8550717879854
Metfone-071-7879855,Mobile,+8550717879855
Metfone-071-7879856,Mobile,+8550717879856
Metfone-071-7879857,Mobile,+8550717879857
Metfone-071-7879858,Mobile,+8550717879858
Metfone-071-7879859,Mobile,+8550717879859
Metfone-071-7879860,Mobile,+8550717879860
Metfone-071-7879861,Mobile,+8550717879861
Metfone-071-7879862,Mobile,+8550717879862
Metfone-071-7879863,Mobile,+8550717879863
Metfone-071-7879864,Mobile,+8550717879864
Metfone-071-7879865,Mobile,+8550717879865
Metfone-071-7879866,Mobile,+8550717879866
Metfone-071-7879867,Mobile,+8550717879867
Metfone-071-7879868,Mobile,+8550717879868
Metfone-071-7879869,Mobile,+8550717879869
Metfone-071-7879870,Mobile,+8550717879870
Metfone-071-7879871,Mobile,+8550717879871
Metfone-071-7879872,Mobile,+8550717879872
Metfone-071-7879873,Mobile,+8550717879873
Metfone-071-7879874,Mobile,+8550717879874
Metfone-071-7879875,Mobile,+8550717879875
Metfone-071-7879876,Mobile,+8550717879876
Metfone-071-7879877,Mobile,+8550717879877
Metfone-071-7879878,Mobile,+8550717879878
Metfone-071-7879879,Mobile,+8550717879879
Metfone-071-7879880,Mobile,+8550717879880
Metfone-071-7879881,Mobile,+8550717879881
Metfone-071-7879882,Mobile,+8550717879882
Metfone-071-7879883,Mobile,+8550717879883
Metfone-071-7879884,Mobile,+8550717879884
Metfone-071-7879885,Mobile,+8550717879885
Metfone-071-7879886,Mobile,+8550717879886
Metfone-071-7879887,Mobile,+8550717879887
Metfone-071-7879888,Mobile,+8550717879888
Metfone-071-7879889,Mobile,+8550717879889
Metfone-071-7879890,Mobile,+8550717879890
Metfone-071-7879891,Mobile,+8550717879891
Metfone-071-7879892,Mobile,+8550717879892
Metfone-071-7879893,Mobile,+8550717879893
Metfone-071-7879894,Mobile,+8550717879894
Metfone-071-7879895,Mobile,+8550717879895
Metfone-071-7879896,Mobile,+8550717879896
Metfone-071-7879897,Mobile,+8550717879897
Metfone-071-7879898,Mobile,+8550717879898
Metfone-071-7879899,Mobile,+8550717879899
Metfone-071-7879900,Mobile,+8550717879900
Metfone-071-7879901,Mobile,+8550717879901
Metfone-071-7879902,Mobile,+8550717879902
Metfone-071-7879903,Mobile,+8550717879903
Metfone-071-7879904,Mobile,+8550717879904
Metfone-071-7879905,Mobile,+8550717879905
Metfone-071-7879906,Mobile,+8550717879906
Metfone-071-7879907,Mobile,+8550717879907
Metfone-071-7879908,Mobile,+8550717879908
Metfone-071-7879909,Mobile,+8550717879909
Metfone-071-7879910,Mobile,+8550717879910
Metfone-071-7879911,Mobile,+8550717879911
Metfone-071-7879912,Mobile,+8550717879912
Metfone-071-7879913,Mobile,+8550717879913
Metfone-071-7879914,Mobile,+8550717879914
Metfone-071-7879915,Mobile,+8550717879915
Metfone-071-7879916,Mobile,+8550717879916
Metfone-071-7879917,Mobile,+8550717879917
Metfone-071-7879918,Mobile,+8550717879918
Metfone-071-7879919,Mobile,+8550717879919
Metfone-071-7879920,Mobile,+8550717879920
Metfone-071-7879921,Mobile,+8550717879921
Metfone-071-7879922,Mobile,+8550717879922
Metfone-071-7879923,Mobile,+8550717879923
Metfone-071-7879924,Mobile,+8550717879924
Metfone-071-7879925,Mobile,+8550717879925
Metfone-071-7879926,Mobile,+8550717879926
Metfone-071-7879927,Mobile,+8550717879927
Metfone-071-7879928,Mobile,+8550717879928
Metfone-071-7879929,Mobile,+8550717879929
Metfone-071-7879930,Mobile,+8550717879930
Metfone-071-7879931,Mobile,+8550717879931
Metfone-071-7879932,Mobile,+8550717879932
Metfone-071-7879933,Mobile,+8550717879933
Metfone-071-7879934,Mobile,+8550717879934
Metfone-071-7879935,Mobile,+8550717879935
Metfone-071-7879936,Mobile,+8550717879936
Metfone-071-7879937,Mobile,+8550717879937
Metfone-071-7879938,Mobile,+8550717879938
Metfone-071-7879939,Mobile,+8550717879939
Metfone-071-7879940,Mobile,+8550717879940
Metfone-071-7879941,Mobile,+8550717879941
Metfone-071-7879942,Mobile,+8550717879942
Metfone-071-7879943,Mobile,+8550717879943
Metfone-071-7879944,Mobile,+8550717879944
Metfone-071-7879945,Mobile,+8550717879945
Metfone-071-7879946,Mobile,+8550717879946
Metfone-071-7879947,Mobile,+8550717879947
Metfone-071-7879948,Mobile,+8550717879948
Metfone-071-7879949,Mobile,+8550717879949
Metfone-071-7879950,Mobile,+8550717879950
Metfone-071-7879951,Mobile,+8550717879951
Metfone-071-7879952,Mobile,+8550717879952
Metfone-071-7879953,Mobile,+8550717879953
Metfone-071-7879954,Mobile,+8550717879954
Metfone-071-7879955,Mobile,+8550717879955
Metfone-071-7879956,Mobile,+8550717879956
Metfone-071-7879957,Mobile,+8550717879957
Metfone-071-7879958,Mobile,+8550717879958
Metfone-071-7879959,Mobile,+8550717879959
Metfone-071-7879960,Mobile,+8550717879960
Metfone-071-7879961,Mobile,+8550717879961
Metfone-071-7879962,Mobile,+8550717879962
Metfone-071-7879963,Mobile,+8550717879963
Metfone-071-7879964,Mobile,+8550717879964
Metfone-071-7879965,Mobile,+8550717879965
Metfone-071-7879966,Mobile,+8550717879966
Metfone-071-7879967,Mobile,+8550717879967
Metfone-071-7879968,Mobile,+8550717879968
Metfone-071-7879969,Mobile,+8550717879969
Metfone-071-7879970,Mobile,+8550717879970
Metfone-071-7879971,Mobile,+8550717879971
Metfone-071-7879972,Mobile,+8550717879972
Metfone-071-7879973,Mobile,+8550717879973
Metfone-071-7879974,Mobile,+8550717879974
Metfone-071-7879975,Mobile,+8550717879975
Metfone-071-7879976,Mobile,+8550717879976
Metfone-071-7879977,Mobile,+8550717879977
Metfone-071-7879978,Mobile,+8550717879978
Metfone-071-7879979,Mobile,+8550717879979
Metfone-071-7879980,Mobile,+8550717879980
Metfone-071-7879981,Mobile,+8550717879981
Metfone-071-7879982,Mobile,+8550717879982
Metfone-071-7879983,Mobile,+8550717879983
Metfone-071-7879984,Mobile,+8550717879984
Metfone-071-7879985,Mobile,+8550717879985
Metfone-071-7879986,Mobile,+8550717879986
Metfone-071-7879987,Mobile,+8550717879987
Metfone-071-7879988,Mobile,+8550717879988
Metfone-071-7879989,Mobile,+8550717879989
Metfone-071-7879990,Mobile,+8550717879990
Metfone-071-7879991,Mobile,+8550717879991
Metfone-071-7879992,Mobile,+8550717879992
Metfone-071-7879993,Mobile,+8550717879993
Metfone-071-7879994,Mobile,+8550717879994
Metfone-071-7879995,Mobile,+8550717879995
Metfone-071-7879996,Mobile,+8550717879996
Metfone-071-7879997,Mobile,+8550717879997
Metfone-071-7879998,Mobile,+8550717879998
Metfone-071-7879999,Mobile,+8550717879999
Metfone-071-7880000,Mobile,+8550717880000
Metfone-071-7880001,Mobile,+8550717880001
Metfone-071-7880002,Mobile,+8550717880002
Metfone-071-7880003,Mobile,+8550717880003
Metfone-071-7880004,Mobile,+8550717880004
Metfone-071-7880005,Mobile,+8550717880005
Metfone-071-7880006,Mobile,+8550717880006
Metfone-071-7880007,Mobile,+8550717880007
Metfone-071-7880008,Mobile,+8550717880008
Metfone-071-7880009,Mobile,+8550717880009
Metfone-071-7880010,Mobile,+8550717880010
Metfone-071-7880011,Mobile,+8550717880011
Metfone-071-7880012,Mobile,+8550717880012
Metfone-071-7880013,Mobile,+8550717880013
Metfone-071-7880014,Mobile,+8550717880014
Metfone-071-7880015,Mobile,+8550717880015
Metfone-071-7880016,Mobile,+8550717880016
Metfone-071-7880017,Mobile,+8550717880017
Metfone-071-7880018,Mobile,+8550717880018
Metfone-071-7880019,Mobile,+8550717880019
Metfone-071-7880020,Mobile,+8550717880020
Metfone-071-7880021,Mobile,+8550717880021
Metfone-071-7880022,Mobile,+8550717880022
Metfone-071-7880023,Mobile,+8550717880023
Metfone-071-7880024,Mobile,+8550717880024
Metfone-071-7880025,Mobile,+8550717880025
Metfone-071-7880026,Mobile,+8550717880026
Metfone-071-7880027,Mobile,+8550717880027
Metfone-071-7880028,Mobile,+8550717880028
Metfone-071-7880029,Mobile,+8550717880029
Metfone-071-7880030,Mobile,+8550717880030
Metfone-071-7880031,Mobile,+8550717880031
Metfone-071-7880032,Mobile,+8550717880032
Metfone-071-7880033,Mobile,+8550717880033
Metfone-071-7880034,Mobile,+8550717880034
Metfone-071-7880035,Mobile,+8550717880035
Metfone-071-7880036,Mobile,+8550717880036
Metfone-071-7880037,Mobile,+8550717880037
Metfone-071-7880038,Mobile,+8550717880038
Metfone-071-7880039,Mobile,+8550717880039
Metfone-071-7880040,Mobile,+8550717880040
Metfone-071-7880041,Mobile,+8550717880041
Metfone-071-7880042,Mobile,+8550717880042
Metfone-071-7880043,Mobile,+8550717880043
Metfone-071-7880044,Mobile,+8550717880044
Metfone-071-7880045,Mobile,+8550717880045
Metfone-071-7880046,Mobile,+8550717880046
Metfone-071-7880047,Mobile,+8550717880047
Metfone-071-7880048,Mobile,+8550717880048
Metfone-071-7880049,Mobile,+8550717880049
Metfone-071-7880050,Mobile,+8550717880050
Metfone-071-7880051,Mobile,+8550717880051
Metfone-071-7880052,Mobile,+8550717880052
Metfone-071-7880053,Mobile,+8550717880053
Metfone-071-7880054,Mobile,+8550717880054
Metfone-071-7880055,Mobile,+8550717880055
Metfone-071-7880056,Mobile,+8550717880056
Metfone-071-7880057,Mobile,+8550717880057
Metfone-071-7880058,Mobile,+8550717880058
Metfone-071-7880059,Mobile,+8550717880059
Metfone-071-7880060,Mobile,+8550717880060
Metfone-071-7880061,Mobile,+8550717880061
Metfone-071-7880062,Mobile,+8550717880062
Metfone-071-7880063,Mobile,+8550717880063
Metfone-071-7880064,Mobile,+8550717880064
Metfone-071-7880065,Mobile,+8550717880065
Metfone-071-7880066,Mobile,+8550717880066
Metfone-071-7880067,Mobile,+8550717880067
Metfone-071-7880068,Mobile,+8550717880068
Metfone-071-7880069,Mobile,+8550717880069
Metfone-071-7880070,Mobile,+8550717880070
Metfone-071-7880071,Mobile,+8550717880071
Metfone-071-7880072,Mobile,+8550717880072
Metfone-071-7880073,Mobile,+8550717880073
Metfone-071-7880074,Mobile,+8550717880074
Metfone-071-7880075,Mobile,+8550717880075
Metfone-071-7880076,Mobile,+8550717880076
Metfone-071-7880077,Mobile,+8550717880077
Metfone-071-7880078,Mobile,+8550717880078
Metfone-071-7880079,Mobile,+8550717880079
Metfone-071-7880080,Mobile,+8550717880080
Metfone-071-7880081,Mobile,+8550717880081
Metfone-071-7880082,Mobile,+8550717880082
Metfone-071-7880083,Mobile,+8550717880083
Metfone-071-7880084,Mobile,+8550717880084
Metfone-071-7880085,Mobile,+8550717880085
Metfone-071-7880086,Mobile,+8550717880086
Metfone-071-7880087,Mobile,+8550717880087
Metfone-071-7880088,Mobile,+8550717880088
Metfone-071-7880089,Mobile,+8550717880089
Metfone-071-7880090,Mobile,+8550717880090
Metfone-071-7880091,Mobile,+8550717880091
Metfone-071-7880092,Mobile,+8550717880092
Metfone-071-7880093,Mobile,+8550717880093
Metfone-071-7880094,Mobile,+8550717880094
Metfone-071-7880095,Mobile,+8550717880095
Metfone-071-7880096,Mobile,+8550717880096
Metfone-071-7880097,Mobile,+8550717880097
Metfone-071-7880098,Mobile,+8550717880098
Metfone-071-7880099,Mobile,+8550717880099
Metfone-071-7880100,Mobile,+8550717880100
Metfone-071-7880101,Mobile,+8550717880101
Metfone-071-7880102,Mobile,+8550717880102
Metfone-071-7880103,Mobile,+8550717880103
Metfone-071-7880104,Mobile,+8550717880104
Metfone-071-7880105,Mobile,+8550717880105
Metfone-071-7880106,Mobile,+8550717880106
Metfone-071-7880107,Mobile,+8550717880107
Metfone-071-7880108,Mobile,+8550717880108
Metfone-071-7880109,Mobile,+8550717880109
Metfone-071-7880110,Mobile,+8550717880110
Metfone-071-7880111,Mobile,+8550717880111
Metfone-071-7880112,Mobile,+8550717880112
Metfone-071-7880113,Mobile,+8550717880113
Metfone-071-7880114,Mobile,+8550717880114
Metfone-071-7880115,Mobile,+8550717880115
Metfone-071-7880116,Mobile,+8550717880116
Metfone-071-7880117,Mobile,+8550717880117
Metfone-071-7880118,Mobile,+8550717880118
Metfone-071-7880119,Mobile,+8550717880119
Metfone-071-7880120,Mobile,+8550717880120
Metfone-071-7880121,Mobile,+8550717880121
Metfone-071-7880122,Mobile,+8550717880122
Metfone-071-7880123,Mobile,+8550717880123
Metfone-071-7880124,Mobile,+8550717880124
Metfone-071-7880125,Mobile,+8550717880125
Metfone-071-7880126,Mobile,+8550717880126
Metfone-071-7880127,Mobile,+8550717880127
Metfone-071-7880128,Mobile,+8550717880128
Metfone-071-7880129,Mobile,+8550717880129
Metfone-071-7880130,Mobile,+8550717880130
Metfone-071-7880131,Mobile,+8550717880131
Metfone-071-7880132,Mobile,+8550717880132
Metfone-071-7880133,Mobile,+8550717880133
Metfone-071-7880134,Mobile,+8550717880134
Metfone-071-7880135,Mobile,+8550717880135
Metfone-071-7880136,Mobile,+8550717880136
Metfone-071-7880137,Mobile,+8550717880137
Metfone-071-7880138,Mobile,+8550717880138
Metfone-071-7880139,Mobile,+8550717880139
Metfone-071-7880140,Mobile,+8550717880140
Metfone-071-7880141,Mobile,+8550717880141
Metfone-071-7880142,Mobile,+8550717880142
Metfone-071-7880143,Mobile,+8550717880143
Metfone-071-7880144,Mobile,+8550717880144
Metfone-071-7880145,Mobile,+8550717880145
Metfone-071-7880146,Mobile,+8550717880146
Metfone-071-7880147,Mobile,+8550717880147
Metfone-071-7880148,Mobile,+8550717880148
Metfone-071-7880149,Mobile,+8550717880149
Metfone-071-7880150,Mobile,+8550717880150
Metfone-071-7880151,Mobile,+8550717880151
Metfone-071-7880152,Mobile,+8550717880152
Metfone-071-7880153,Mobile,+8550717880153
Metfone-071-7880154,Mobile,+8550717880154
Metfone-071-7880155,Mobile,+8550717880155
Metfone-071-7880156,Mobile,+8550717880156
Metfone-071-7880157,Mobile,+8550717880157
Metfone-071-7880158,Mobile,+8550717880158
Metfone-071-7880159,Mobile,+8550717880159
Metfone-071-7880160,Mobile,+8550717880160
Metfone-071-7880161,Mobile,+8550717880161
Metfone-071-7880162,Mobile,+8550717880162
Metfone-071-7880163,Mobile,+8550717880163
Metfone-071-7880164,Mobile,+8550717880164
Metfone-071-7880165,Mobile,+8550717880165
Metfone-071-7880166,Mobile,+8550717880166
Metfone-071-7880167,Mobile,+8550717880167
Metfone-071-7880168,Mobile,+8550717880168
Metfone-071-7880169,Mobile,+8550717880169
Metfone-071-7880170,Mobile,+8550717880170
Metfone-071-7880171,Mobile,+8550717880171
Metfone-071-7880172,Mobile,+8550717880172
Metfone-071-7880173,Mobile,+8550717880173
Metfone-071-7880174,Mobile,+8550717880174
Metfone-071-7880175,Mobile,+8550717880175
Metfone-071-7880176,Mobile,+8550717880176
Metfone-071-7880177,Mobile,+8550717880177
Metfone-071-7880178,Mobile,+8550717880178
Metfone-071-7880179,Mobile,+8550717880179
Metfone-071-7880180,Mobile,+8550717880180
Metfone-071-7880181,Mobile,+8550717880181
Metfone-071-7880182,Mobile,+8550717880182
Metfone-071-7880183,Mobile,+8550717880183
Metfone-071-7880184,Mobile,+8550717880184
Metfone-071-7880185,Mobile,+8550717880185
Metfone-071-7880186,Mobile,+8550717880186
Metfone-071-7880187,Mobile,+8550717880187
Metfone-071-7880188,Mobile,+8550717880188
Metfone-071-7880189,Mobile,+8550717880189
Metfone-071-7880190,Mobile,+8550717880190
Metfone-071-7880191,Mobile,+8550717880191
Metfone-071-7880192,Mobile,+8550717880192
Metfone-071-7880193,Mobile,+8550717880193
Metfone-071-7880194,Mobile,+8550717880194
Metfone-071-7880195,Mobile,+8550717880195
Metfone-071-7880196,Mobile,+8550717880196
Metfone-071-7880197,Mobile,+8550717880197
Metfone-071-7880198,Mobile,+8550717880198
Metfone-071-7880199,Mobile,+8550717880199
Metfone-071-7880200,Mobile,+8550717880200
Metfone-071-7880201,Mobile,+8550717880201
Metfone-071-7880202,Mobile,+8550717880202
Metfone-071-7880203,Mobile,+8550717880203
Metfone-071-7880204,Mobile,+8550717880204
Metfone-071-7880205,Mobile,+8550717880205
Metfone-071-7880206,Mobile,+8550717880206
Metfone-071-7880207,Mobile,+8550717880207
Metfone-071-7880208,Mobile,+8550717880208
Metfone-071-7880209,Mobile,+8550717880209
Metfone-071-7880210,Mobile,+8550717880210
Metfone-071-7880211,Mobile,+8550717880211
Metfone-071-7880212,Mobile,+8550717880212
Metfone-071-7880213,Mobile,+8550717880213
Metfone-071-7880214,Mobile,+8550717880214
Metfone-071-7880215,Mobile,+8550717880215
Metfone-071-7880216,Mobile,+8550717880216
Metfone-071-7880217,Mobile,+8550717880217
Metfone-071-7880218,Mobile,+8550717880218
Metfone-071-7880219,Mobile,+8550717880219
Metfone-071-7880220,Mobile,+8550717880220
Metfone-071-7880221,Mobile,+8550717880221
Metfone-071-7880222,Mobile,+8550717880222
Metfone-071-7880223,Mobile,+8550717880223
Metfone-071-7880224,Mobile,+8550717880224
Metfone-071-7880225,Mobile,+8550717880225
Metfone-071-7880226,Mobile,+8550717880226
Metfone-071-7880227,Mobile,+8550717880227
Metfone-071-7880228,Mobile,+8550717880228
Metfone-071-7880229,Mobile,+8550717880229
Metfone-071-7880230,Mobile,+8550717880230
Metfone-071-7880231,Mobile,+8550717880231
Metfone-071-7880232,Mobile,+8550717880232
Metfone-071-7880233,Mobile,+8550717880233
Metfone-071-7880234,Mobile,+8550717880234
Metfone-071-7880235,Mobile,+8550717880235
Metfone-071-7880236,Mobile,+8550717880236
Metfone-071-7880237,Mobile,+8550717880237
Metfone-071-7880238,Mobile,+8550717880238
Metfone-071-7880239,Mobile,+8550717880239
Metfone-071-7880240,Mobile,+8550717880240
Metfone-071-7880241,Mobile,+8550717880241
Metfone-071-7880242,Mobile,+8550717880242
Metfone-071-7880243,Mobile,+8550717880243
Metfone-071-7880244,Mobile,+8550717880244
Metfone-071-7880245,Mobile,+8550717880245
Metfone-071-7880246,Mobile,+8550717880246
Metfone-071-7880247,Mobile,+8550717880247
Metfone-071-7880248,Mobile,+8550717880248
Metfone-071-7880249,Mobile,+8550717880249
Metfone-071-7880250,Mobile,+8550717880250
Metfone-071-7880251,Mobile,+8550717880251
Metfone-071-7880252,Mobile,+8550717880252
Metfone-071-7880253,Mobile,+8550717880253
Metfone-071-7880254,Mobile,+8550717880254
Metfone-071-7880255,Mobile,+8550717880255
Metfone-071-7880256,Mobile,+8550717880256
Metfone-071-7880257,Mobile,+8550717880257
Metfone-071-7880258,Mobile,+8550717880258
Metfone-071-7880259,Mobile,+8550717880259
Metfone-071-7880260,Mobile,+8550717880260
Metfone-071-7880261,Mobile,+8550717880261
Metfone-071-7880262,Mobile,+8550717880262
Metfone-071-7880263,Mobile,+8550717880263
Metfone-071-7880264,Mobile,+8550717880264
Metfone-071-7880265,Mobile,+8550717880265
Metfone-071-7880266,Mobile,+8550717880266
Metfone-071-7880267,Mobile,+8550717880267
Metfone-071-7880268,Mobile,+8550717880268
Metfone-071-7880269,Mobile,+8550717880269
Metfone-071-7880270,Mobile,+8550717880270
Metfone-071-7880271,Mobile,+8550717880271
Metfone-071-7880272,Mobile,+8550717880272
Metfone-071-7880273,Mobile,+8550717880273
Metfone-071-7880274,Mobile,+8550717880274
Metfone-071-7880275,Mobile,+8550717880275
Metfone-071-7880276,Mobile,+8550717880276
Metfone-071-7880277,Mobile,+8550717880277
Metfone-071-7880278,Mobile,+8550717880278
Metfone-071-7880279,Mobile,+8550717880279
Metfone-071-7880280,Mobile,+8550717880280
Metfone-071-7880281,Mobile,+8550717880281
Metfone-071-7880282,Mobile,+8550717880282
Metfone-071-7880283,Mobile,+8550717880283
Metfone-071-7880284,Mobile,+8550717880284
Metfone-071-7880285,Mobile,+8550717880285
Metfone-071-7880286,Mobile,+8550717880286
Metfone-071-7880287,Mobile,+8550717880287
Metfone-071-7880288,Mobile,+8550717880288
Metfone-071-7880289,Mobile,+8550717880289
Metfone-071-7880290,Mobile,+8550717880290
Metfone-071-7880291,Mobile,+8550717880291
Metfone-071-7880292,Mobile,+8550717880292
Metfone-071-7880293,Mobile,+8550717880293
Metfone-071-7880294,Mobile,+8550717880294
Metfone-071-7880295,Mobile,+8550717880295
Metfone-071-7880296,Mobile,+8550717880296
Metfone-071-7880297,Mobile,+8550717880297
Metfone-071-7880298,Mobile,+8550717880298
Metfone-071-7880299,Mobile,+8550717880299
Metfone-071-7880300,Mobile,+8550717880300
Metfone-071-7880301,Mobile,+8550717880301
Metfone-071-7880302,Mobile,+8550717880302
Metfone-071-7880303,Mobile,+8550717880303
Metfone-071-7880304,Mobile,+8550717880304
Metfone-071-7880305,Mobile,+8550717880305
Metfone-071-7880306,Mobile,+8550717880306
Metfone-071-7880307,Mobile,+8550717880307
Metfone-071-7880308,Mobile,+8550717880308
Metfone-071-7880309,Mobile,+8550717880309
Metfone-071-7880310,Mobile,+8550717880310
Metfone-071-7880311,Mobile,+8550717880311
Metfone-071-7880312,Mobile,+8550717880312
Metfone-071-7880313,Mobile,+8550717880313
Metfone-071-7880314,Mobile,+8550717880314
Metfone-071-7880315,Mobile,+8550717880315
Metfone-071-7880316,Mobile,+8550717880316
Metfone-071-7880317,Mobile,+8550717880317
Metfone-071-7880318,Mobile,+8550717880318
Metfone-071-7880319,Mobile,+8550717880319
Metfone-071-7880320,Mobile,+8550717880320
Metfone-071-7880321,Mobile,+8550717880321
Metfone-071-7880322,Mobile,+8550717880322
Metfone-071-7880323,Mobile,+8550717880323
Metfone-071-7880324,Mobile,+8550717880324
Metfone-071-7880325,Mobile,+8550717880325
Metfone-071-7880326,Mobile,+8550717880326
Metfone-071-7880327,Mobile,+8550717880327
Metfone-071-7880328,Mobile,+8550717880328
Metfone-071-7880329,Mobile,+8550717880329
Metfone-071-7880330,Mobile,+8550717880330
Metfone-071-7880331,Mobile,+8550717880331
Metfone-071-7880332,Mobile,+8550717880332
Metfone-071-7880333,Mobile,+8550717880333
Metfone-071-7880334,Mobile,+8550717880334
Metfone-071-7880335,Mobile,+8550717880335
Metfone-071-7880336,Mobile,+8550717880336
Metfone-071-7880337,Mobile,+8550717880337
Metfone-071-7880338,Mobile,+8550717880338
Metfone-071-7880339,Mobile,+8550717880339
Metfone-071-7880340,Mobile,+8550717880340
Metfone-071-7880341,Mobile,+8550717880341
Metfone-071-7880342,Mobile,+8550717880342
Metfone-071-7880343,Mobile,+8550717880343
Metfone-071-7880344,Mobile,+8550717880344
Metfone-071-7880345,Mobile,+8550717880345
Metfone-071-7880346,Mobile,+8550717880346
Metfone-071-7880347,Mobile,+8550717880347
Metfone-071-7880348,Mobile,+8550717880348
Metfone-071-7880349,Mobile,+8550717880349
Metfone-071-7880350,Mobile,+8550717880350
Metfone-071-7880351,Mobile,+8550717880351
Metfone-071-7880352,Mobile,+8550717880352
Metfone-071-7880353,Mobile,+8550717880353
Metfone-071-7880354,Mobile,+8550717880354
Metfone-071-7880355,Mobile,+8550717880355
Metfone-071-7880356,Mobile,+8550717880356
Metfone-071-7880357,Mobile,+8550717880357
Metfone-071-7880358,Mobile,+8550717880358
Metfone-071-7880359,Mobile,+8550717880359
Metfone-071-7880360,Mobile,+8550717880360
Metfone-071-7880361,Mobile,+8550717880361
Metfone-071-7880362,Mobile,+8550717880362
Metfone-071-7880363,Mobile,+8550717880363
Metfone-071-7880364,Mobile,+8550717880364
Metfone-071-7880365,Mobile,+8550717880365
Metfone-071-7880366,Mobile,+8550717880366
Metfone-071-7880367,Mobile,+8550717880367
Metfone-071-7880368,Mobile,+8550717880368
Metfone-071-7880369,Mobile,+8550717880369
Metfone-071-7880370,Mobile,+8550717880370
Metfone-071-7880371,Mobile,+8550717880371
Metfone-071-7880372,Mobile,+8550717880372
Metfone-071-7880373,Mobile,+8550717880373
Metfone-071-7880374,Mobile,+8550717880374
Metfone-071-7880375,Mobile,+8550717880375
Metfone-071-7880376,Mobile,+8550717880376
Metfone-071-7880377,Mobile,+8550717880377
Metfone-071-7880378,Mobile,+8550717880378
Metfone-071-7880379,Mobile,+8550717880379
Metfone-071-7880380,Mobile,+8550717880380
Metfone-071-7880381,Mobile,+8550717880381
Metfone-071-7880382,Mobile,+8550717880382
Metfone-071-7880383,Mobile,+8550717880383
Metfone-071-7880384,Mobile,+8550717880384
Metfone-071-7880385,Mobile,+8550717880385
Metfone-071-7880386,Mobile,+8550717880386
Metfone-071-7880387,Mobile,+8550717880387
Metfone-071-7880388,Mobile,+8550717880388
Metfone-071-7880389,Mobile,+8550717880389
Metfone-071-7880390,Mobile,+8550717880390
Metfone-071-7880391,Mobile,+8550717880391
Metfone-071-7880392,Mobile,+8550717880392
Metfone-071-7880393,Mobile,+8550717880393
Metfone-071-7880394,Mobile,+8550717880394
Metfone-071-7880395,Mobile,+8550717880395
Metfone-071-7880396,Mobile,+8550717880396
Metfone-071-7880397,Mobile,+8550717880397
Metfone-071-7880398,Mobile,+8550717880398
Metfone-071-7880399,Mobile,+8550717880399
Metfone-071-7880400,Mobile,+8550717880400
Metfone-071-7880401,Mobile,+8550717880401
Metfone-071-7880402,Mobile,+8550717880402
Metfone-071-7880403,Mobile,+8550717880403
Metfone-071-7880404,Mobile,+8550717880404
Metfone-071-7880405,Mobile,+8550717880405
Metfone-071-7880406,Mobile,+8550717880406
Metfone-071-7880407,Mobile,+8550717880407
Metfone-071-7880408,Mobile,+8550717880408
Metfone-071-7880409,Mobile,+8550717880409
Metfone-071-7880410,Mobile,+8550717880410
Metfone-071-7880411,Mobile,+8550717880411
Metfone-071-7880412,Mobile,+8550717880412
Metfone-071-7880413,Mobile,+8550717880413
Metfone-071-7880414,Mobile,+8550717880414
Metfone-071-7880415,Mobile,+8550717880415
Metfone-071-7880416,Mobile,+8550717880416
Metfone-071-7880417,Mobile,+8550717880417
Metfone-071-7880418,Mobile,+8550717880418
Metfone-071-7880419,Mobile,+8550717880419
Metfone-071-7880420,Mobile,+8550717880420
Metfone-071-7880421,Mobile,+8550717880421
Metfone-071-7880422,Mobile,+8550717880422
Metfone-071-7880423,Mobile,+8550717880423
Metfone-071-7880424,Mobile,+8550717880424
Metfone-071-7880425,Mobile,+8550717880425
Metfone-071-7880426,Mobile,+8550717880426
Metfone-071-7880427,Mobile,+8550717880427
Metfone-071-7880428,Mobile,+8550717880428
Metfone-071-7880429,Mobile,+8550717880429
Metfone-071-7880430,Mobile,+8550717880430
Metfone-071-7880431,Mobile,+8550717880431
Metfone-071-7880432,Mobile,+8550717880432
Metfone-071-7880433,Mobile,+8550717880433
Metfone-071-7880434,Mobile,+8550717880434
Metfone-071-7880435,Mobile,+8550717880435
Metfone-071-7880436,Mobile,+8550717880436
Metfone-071-7880437,Mobile,+8550717880437
Metfone-071-7880438,Mobile,+8550717880438
Metfone-071-7880439,Mobile,+8550717880439
Metfone-071-7880440,Mobile,+8550717880440
Metfone-071-7880441,Mobile,+8550717880441
Metfone-071-7880442,Mobile,+8550717880442
Metfone-071-7880443,Mobile,+8550717880443
Metfone-071-7880444,Mobile,+8550717880444
Metfone-071-7880445,Mobile,+8550717880445
Metfone-071-7880446,Mobile,+8550717880446
Metfone-071-7880447,Mobile,+8550717880447
Metfone-071-7880448,Mobile,+8550717880448
Metfone-071-7880449,Mobile,+8550717880449
Metfone-071-7880450,Mobile,+8550717880450
Metfone-071-7880451,Mobile,+8550717880451
Metfone-071-7880452,Mobile,+8550717880452
Metfone-071-7880453,Mobile,+8550717880453
Metfone-071-7880454,Mobile,+8550717880454
Metfone-071-7880455,Mobile,+8550717880455
Metfone-071-7880456,Mobile,+8550717880456
Metfone-071-7880457,Mobile,+8550717880457
Metfone-071-7880458,Mobile,+8550717880458
Metfone-071-7880459,Mobile,+8550717880459
Metfone-071-7880460,Mobile,+8550717880460
Metfone-071-7880461,Mobile,+8550717880461
Metfone-071-7880462,Mobile,+8550717880462
Metfone-071-7880463,Mobile,+8550717880463
Metfone-071-7880464,Mobile,+8550717880464
Metfone-071-7880465,Mobile,+8550717880465
Metfone-071-7880466,Mobile,+8550717880466
Metfone-071-7880467,Mobile,+8550717880467
Metfone-071-7880468,Mobile,+8550717880468
Metfone-071-7880469,Mobile,+8550717880469
Metfone-071-7880470,Mobile,+8550717880470
Metfone-071-7880471,Mobile,+8550717880471
Metfone-071-7880472,Mobile,+8550717880472
Metfone-071-7880473,Mobile,+8550717880473
Metfone-071-7880474,Mobile,+8550717880474
Metfone-071-7880475,Mobile,+8550717880475
Metfone-071-7880476,Mobile,+8550717880476
Metfone-071-7880477,Mobile,+8550717880477
Metfone-071-7880478,Mobile,+8550717880478
Metfone-071-7880479,Mobile,+8550717880479
Metfone-071-7880480,Mobile,+8550717880480
Metfone-071-7880481,Mobile,+8550717880481
Metfone-071-7880482,Mobile,+8550717880482
Metfone-071-7880483,Mobile,+8550717880483
Metfone-071-7880484,Mobile,+8550717880484
Metfone-071-7880485,Mobile,+8550717880485
Metfone-071-7880486,Mobile,+8550717880486
Metfone-071-7880487,Mobile,+8550717880487
Metfone-071-7880488,Mobile,+8550717880488
Metfone-071-7880489,Mobile,+8550717880489
Metfone-071-7880490,Mobile,+8550717880490
Metfone-071-7880491,Mobile,+8550717880491
Metfone-071-7880492,Mobile,+8550717880492
Metfone-071-7880493,Mobile,+8550717880493
Metfone-071-7880494,Mobile,+8550717880494
Metfone-071-7880495,Mobile,+8550717880495
Metfone-071-7880496,Mobile,+8550717880496
Metfone-071-7880497,Mobile,+8550717880497
Metfone-071-7880498,Mobile,+8550717880498
Metfone-071-7880499,Mobile,+8550717880499
Metfone-071-7880500,Mobile,+8550717880500
Metfone-071-7880501,Mobile,+8550717880501
Metfone-071-7880502,Mobile,+8550717880502
Metfone-071-7880503,Mobile,+8550717880503
Metfone-071-7880504,Mobile,+8550717880504
Metfone-071-7880505,Mobile,+8550717880505
Metfone-071-7880506,Mobile,+8550717880506
Metfone-071-7880507,Mobile,+8550717880507
Metfone-071-7880508,Mobile,+8550717880508
Metfone-071-7880509,Mobile,+8550717880509
Metfone-071-7880510,Mobile,+8550717880510
Metfone-071-7880511,Mobile,+8550717880511
Metfone-071-7880512,Mobile,+8550717880512
Metfone-071-7880513,Mobile,+8550717880513
Metfone-071-7880514,Mobile,+8550717880514
Metfone-071-7880515,Mobile,+8550717880515
Metfone-071-7880516,Mobile,+8550717880516
Metfone-071-7880517,Mobile,+8550717880517
Metfone-071-7880518,Mobile,+8550717880518
Metfone-071-7880519,Mobile,+8550717880519
Metfone-071-7880520,Mobile,+8550717880520
Metfone-071-7880521,Mobile,+8550717880521
Metfone-071-7880522,Mobile,+8550717880522
Metfone-071-7880523,Mobile,+8550717880523
Metfone-071-7880524,Mobile,+8550717880524
Metfone-071-7880525,Mobile,+8550717880525
Metfone-071-7880526,Mobile,+8550717880526
Metfone-071-7880527,Mobile,+8550717880527
Metfone-071-7880528,Mobile,+8550717880528
Metfone-071-7880529,Mobile,+8550717880529
Metfone-071-7880530,Mobile,+8550717880530
Metfone-071-7880531,Mobile,+8550717880531
Metfone-071-7880532,Mobile,+8550717880532
Metfone-071-7880533,Mobile,+8550717880533
Metfone-071-7880534,Mobile,+8550717880534
Metfone-071-7880535,Mobile,+8550717880535
Metfone-071-7880536,Mobile,+8550717880536
Metfone-071-7880537,Mobile,+8550717880537
Metfone-071-7880538,Mobile,+8550717880538
Metfone-071-7880539,Mobile,+8550717880539
Metfone-071-7880540,Mobile,+8550717880540
Metfone-071-7880541,Mobile,+8550717880541
Metfone-071-7880542,Mobile,+8550717880542
Metfone-071-7880543,Mobile,+8550717880543
Metfone-071-7880544,Mobile,+8550717880544
Metfone-071-7880545,Mobile,+8550717880545
Metfone-071-7880546,Mobile,+8550717880546
Metfone-071-7880547,Mobile,+8550717880547
Metfone-071-7880548,Mobile,+8550717880548
Metfone-071-7880549,Mobile,+8550717880549
Metfone-071-7880550,Mobile,+8550717880550
Metfone-071-7880551,Mobile,+8550717880551
Metfone-071-7880552,Mobile,+8550717880552
Metfone-071-7880553,Mobile,+8550717880553
Metfone-071-7880554,Mobile,+8550717880554
Metfone-071-7880555,Mobile,+8550717880555
Metfone-071-7880556,Mobile,+8550717880556
Metfone-071-7880557,Mobile,+8550717880557
Metfone-071-7880558,Mobile,+8550717880558
Metfone-071-7880559,Mobile,+8550717880559
Metfone-071-7880560,Mobile,+8550717880560
Metfone-071-7880561,Mobile,+8550717880561
Metfone-071-7880562,Mobile,+8550717880562
Metfone-071-7880563,Mobile,+8550717880563
Metfone-071-7880564,Mobile,+8550717880564
Metfone-071-7880565,Mobile,+8550717880565
Metfone-071-7880566,Mobile,+8550717880566
Metfone-071-7880567,Mobile,+8550717880567
Metfone-071-7880568,Mobile,+8550717880568
Metfone-071-7880569,Mobile,+8550717880569
Metfone-071-7880570,Mobile,+8550717880570
Metfone-071-7880571,Mobile,+8550717880571
Metfone-071-7880572,Mobile,+8550717880572
Metfone-071-7880573,Mobile,+8550717880573
Metfone-071-7880574,Mobile,+8550717880574
Metfone-071-7880575,Mobile,+8550717880575
Metfone-071-7880576,Mobile,+8550717880576
Metfone-071-7880577,Mobile,+8550717880577
Metfone-071-7880578,Mobile,+8550717880578
Metfone-071-7880579,Mobile,+8550717880579
Metfone-071-7880580,Mobile,+8550717880580
Metfone-071-7880581,Mobile,+8550717880581
Metfone-071-7880582,Mobile,+8550717880582
Metfone-071-7880583,Mobile,+8550717880583
Metfone-071-7880584,Mobile,+8550717880584
Metfone-071-7880585,Mobile,+8550717880585
Metfone-071-7880586,Mobile,+8550717880586
Metfone-071-7880587,Mobile,+8550717880587
Metfone-071-7880588,Mobile,+8550717880588
Metfone-071-7880589,Mobile,+8550717880589
Metfone-071-7880590,Mobile,+8550717880590
Metfone-071-7880591,Mobile,+8550717880591
Metfone-071-7880592,Mobile,+8550717880592
Metfone-071-7880593,Mobile,+8550717880593
Metfone-071-7880594,Mobile,+8550717880594
Metfone-071-7880595,Mobile,+8550717880595
Metfone-071-7880596,Mobile,+8550717880596
Metfone-071-7880597,Mobile,+8550717880597
Metfone-071-7880598,Mobile,+8550717880598
Metfone-071-7880599,Mobile,+8550717880599
Metfone-071-7880600,Mobile,+8550717880600
Metfone-071-7880601,Mobile,+8550717880601
Metfone-071-7880602,Mobile,+8550717880602
Metfone-071-7880603,Mobile,+8550717880603
Metfone-071-7880604,Mobile,+8550717880604
Metfone-071-7880605,Mobile,+8550717880605
Metfone-071-7880606,Mobile,+8550717880606
Metfone-071-7880607,Mobile,+8550717880607
Metfone-071-7880608,Mobile,+8550717880608
Metfone-071-7880609,Mobile,+8550717880609
Metfone-071-7880610,Mobile,+8550717880610
Metfone-071-7880611,Mobile,+8550717880611
Metfone-071-7880612,Mobile,+8550717880612
Metfone-071-7880613,Mobile,+8550717880613
Metfone-071-7880614,Mobile,+8550717880614
Metfone-071-7880615,Mobile,+8550717880615
Metfone-071-7880616,Mobile,+8550717880616
Metfone-071-7880617,Mobile,+8550717880617
Metfone-071-7880618,Mobile,+8550717880618
Metfone-071-7880619,Mobile,+8550717880619
Metfone-071-7880620,Mobile,+8550717880620
Metfone-071-7880621,Mobile,+8550717880621
Metfone-071-7880622,Mobile,+8550717880622
Metfone-071-7880623,Mobile,+8550717880623
Metfone-071-7880624,Mobile,+8550717880624
Metfone-071-7880625,Mobile,+8550717880625
Metfone-071-7880626,Mobile,+8550717880626
Metfone-071-7880627,Mobile,+8550717880627
Metfone-071-7880628,Mobile,+8550717880628
Metfone-071-7880629,Mobile,+8550717880629
Metfone-071-7880630,Mobile,+8550717880630
Metfone-071-7880631,Mobile,+8550717880631
Metfone-071-7880632,Mobile,+8550717880632
Metfone-071-7880633,Mobile,+8550717880633
Metfone-071-7880634,Mobile,+8550717880634
Metfone-071-7880635,Mobile,+8550717880635
Metfone-071-7880636,Mobile,+8550717880636
Metfone-071-7880637,Mobile,+8550717880637
Metfone-071-7880638,Mobile,+8550717880638
Metfone-071-7880639,Mobile,+8550717880639
Metfone-071-7880640,Mobile,+8550717880640
Metfone-071-7880641,Mobile,+8550717880641
Metfone-071-7880642,Mobile,+8550717880642
Metfone-071-7880643,Mobile,+8550717880643
Metfone-071-7880644,Mobile,+8550717880644
Metfone-071-7880645,Mobile,+8550717880645
Metfone-071-7880646,Mobile,+8550717880646
Metfone-071-7880647,Mobile,+8550717880647
Metfone-071-7880648,Mobile,+8550717880648
Metfone-071-7880649,Mobile,+8550717880649
Metfone-071-7880650,Mobile,+8550717880650
Metfone-071-7880651,Mobile,+8550717880651
Metfone-071-7880652,Mobile,+8550717880652
Metfone-071-7880653,Mobile,+8550717880653
Metfone-071-7880654,Mobile,+8550717880654
Metfone-071-7880655,Mobile,+8550717880655
Metfone-071-7880656,Mobile,+8550717880656
Metfone-071-7880657,Mobile,+8550717880657
Metfone-071-7880658,Mobile,+8550717880658
Metfone-071-7880659,Mobile,+8550717880659
Metfone-071-7880660,Mobile,+8550717880660
Metfone-071-7880661,Mobile,+8550717880661
Metfone-071-7880662,Mobile,+8550717880662
Metfone-071-7880663,Mobile,+8550717880663
Metfone-071-7880664,Mobile,+8550717880664
Metfone-071-7880665,Mobile,+8550717880665
Metfone-071-7880666,Mobile,+8550717880666
Metfone-071-7880667,Mobile,+8550717880667
Metfone-071-7880668,Mobile,+8550717880668
Metfone-071-7880669,Mobile,+8550717880669
Metfone-071-7880670,Mobile,+8550717880670
Metfone-071-7880671,Mobile,+8550717880671
Metfone-071-7880672,Mobile,+8550717880672
Metfone-071-7880673,Mobile,+8550717880673
Metfone-071-7880674,Mobile,+8550717880674
Metfone-071-7880675,Mobile,+8550717880675
Metfone-071-7880676,Mobile,+8550717880676
Metfone-071-7880677,Mobile,+8550717880677
Metfone-071-7880678,Mobile,+8550717880678
Metfone-071-7880679,Mobile,+8550717880679
Metfone-071-7880680,Mobile,+8550717880680
Metfone-071-7880681,Mobile,+8550717880681
Metfone-071-7880682,Mobile,+8550717880682
Metfone-071-7880683,Mobile,+8550717880683
Metfone-071-7880684,Mobile,+8550717880684
Metfone-071-7880685,Mobile,+8550717880685
Metfone-071-7880686,Mobile,+8550717880686
Metfone-071-7880687,Mobile,+8550717880687
Metfone-071-7880688,Mobile,+8550717880688
Metfone-071-7880689,Mobile,+8550717880689
Metfone-071-7880690,Mobile,+8550717880690
Metfone-071-7880691,Mobile,+8550717880691
Metfone-071-7880692,Mobile,+8550717880692
Metfone-071-7880693,Mobile,+8550717880693
Metfone-071-7880694,Mobile,+8550717880694
Metfone-071-7880695,Mobile,+8550717880695
Metfone-071-7880696,Mobile,+8550717880696
Metfone-071-7880697,Mobile,+8550717880697
Metfone-071-7880698,Mobile,+8550717880698
Metfone-071-7880699,Mobile,+8550717880699
Metfone-071-7880700,Mobile,+8550717880700
Metfone-071-7880701,Mobile,+8550717880701
Metfone-071-7880702,Mobile,+8550717880702
Metfone-071-7880703,Mobile,+8550717880703
Metfone-071-7880704,Mobile,+8550717880704
Metfone-071-7880705,Mobile,+8550717880705
Metfone-071-7880706,Mobile,+8550717880706
Metfone-071-7880707,Mobile,+8550717880707
Metfone-071-7880708,Mobile,+8550717880708
Metfone-071-7880709,Mobile,+8550717880709
Metfone-071-7880710,Mobile,+8550717880710
Metfone-071-7880711,Mobile,+8550717880711
Metfone-071-7880712,Mobile,+8550717880712
Metfone-071-7880713,Mobile,+8550717880713
Metfone-071-7880714,Mobile,+8550717880714
Metfone-071-7880715,Mobile,+8550717880715
Metfone-071-7880716,Mobile,+8550717880716
Metfone-071-7880717,Mobile,+8550717880717
Metfone-071-7880718,Mobile,+8550717880718
Metfone-071-7880719,Mobile,+8550717880719
Metfone-071-7880720,Mobile,+8550717880720
Metfone-071-7880721,Mobile,+8550717880721
Metfone-071-7880722,Mobile,+8550717880722
Metfone-071-7880723,Mobile,+8550717880723
Metfone-071-7880724,Mobile,+8550717880724
Metfone-071-7880725,Mobile,+8550717880725
Metfone-071-7880726,Mobile,+8550717880726
Metfone-071-7880727,Mobile,+8550717880727
Metfone-071-7880728,Mobile,+8550717880728
Metfone-071-7880729,Mobile,+8550717880729
Metfone-071-7880730,Mobile,+8550717880730
Metfone-071-7880731,Mobile,+8550717880731
Metfone-071-7880732,Mobile,+8550717880732
Metfone-071-7880733,Mobile,+8550717880733
Metfone-071-7880734,Mobile,+8550717880734
Metfone-071-7880735,Mobile,+8550717880735
Metfone-071-7880736,Mobile,+8550717880736
Metfone-071-7880737,Mobile,+8550717880737
Metfone-071-7880738,Mobile,+8550717880738
Metfone-071-7880739,Mobile,+8550717880739
Metfone-071-7880740,Mobile,+8550717880740
Metfone-071-7880741,Mobile,+8550717880741
Metfone-071-7880742,Mobile,+8550717880742
Metfone-071-7880743,Mobile,+8550717880743
Metfone-071-7880744,Mobile,+8550717880744
Metfone-071-7880745,Mobile,+8550717880745
Metfone-071-7880746,Mobile,+8550717880746
Metfone-071-7880747,Mobile,+8550717880747
Metfone-071-7880748,Mobile,+8550717880748
Metfone-071-7880749,Mobile,+8550717880749
Metfone-071-7880750,Mobile,+8550717880750
Metfone-071-7880751,Mobile,+8550717880751
Metfone-071-7880752,Mobile,+8550717880752
Metfone-071-7880753,Mobile,+8550717880753
Metfone-071-7880754,Mobile,+8550717880754
Metfone-071-7880755,Mobile,+8550717880755
Metfone-071-7880756,Mobile,+8550717880756
Metfone-071-7880757,Mobile,+8550717880757
Metfone-071-7880758,Mobile,+8550717880758
Metfone-071-7880759,Mobile,+8550717880759
Metfone-071-7880760,Mobile,+8550717880760
Metfone-071-7880761,Mobile,+8550717880761
Metfone-071-7880762,Mobile,+8550717880762
Metfone-071-7880763,Mobile,+8550717880763
Metfone-071-7880764,Mobile,+8550717880764
Metfone-071-7880765,Mobile,+8550717880765
Metfone-071-7880766,Mobile,+8550717880766
Metfone-071-7880767,Mobile,+8550717880767
Metfone-071-7880768,Mobile,+8550717880768
Metfone-071-7880769,Mobile,+8550717880769
Metfone-071-7880770,Mobile,+8550717880770
Metfone-071-7880771,Mobile,+8550717880771
Metfone-071-7880772,Mobile,+8550717880772
Metfone-071-7880773,Mobile,+8550717880773
Metfone-071-7880774,Mobile,+8550717880774
Metfone-071-7880775,Mobile,+8550717880775
Metfone-071-7880776,Mobile,+8550717880776
Metfone-071-7880777,Mobile,+8550717880777
Metfone-071-7880778,Mobile,+8550717880778
Metfone-071-7880779,Mobile,+8550717880779
Metfone-071-7880780,Mobile,+8550717880780
Metfone-071-7880781,Mobile,+8550717880781
Metfone-071-7880782,Mobile,+8550717880782
Metfone-071-7880783,Mobile,+8550717880783
Metfone-071-7880784,Mobile,+8550717880784
Metfone-071-7880785,Mobile,+8550717880785
Metfone-071-7880786,Mobile,+8550717880786
Metfone-071-7880787,Mobile,+8550717880787
Metfone-071-7880788,Mobile,+8550717880788
Metfone-071-7880789,Mobile,+8550717880789
Metfone-071-7880790,Mobile,+8550717880790
Metfone-071-7880791,Mobile,+8550717880791
Metfone-071-7880792,Mobile,+8550717880792
Metfone-071-7880793,Mobile,+8550717880793
Metfone-071-7880794,Mobile,+8550717880794
Metfone-071-7880795,Mobile,+8550717880795
Metfone-071-7880796,Mobile,+8550717880796
Metfone-071-7880797,Mobile,+8550717880797
Metfone-071-7880798,Mobile,+8550717880798
Metfone-071-7880799,Mobile,+8550717880799
Metfone-071-7880800,Mobile,+8550717880800
Metfone-071-7880801,Mobile,+8550717880801
Metfone-071-7880802,Mobile,+8550717880802
Metfone-071-7880803,Mobile,+8550717880803
Metfone-071-7880804,Mobile,+8550717880804
Metfone-071-7880805,Mobile,+8550717880805
Metfone-071-7880806,Mobile,+8550717880806
Metfone-071-7880807,Mobile,+8550717880807
Metfone-071-7880808,Mobile,+8550717880808
Metfone-071-7880809,Mobile,+8550717880809
Metfone-071-7880810,Mobile,+8550717880810
Metfone-071-7880811,Mobile,+8550717880811
Metfone-071-7880812,Mobile,+8550717880812
Metfone-071-7880813,Mobile,+8550717880813
Metfone-071-7880814,Mobile,+8550717880814
Metfone-071-7880815,Mobile,+8550717880815
Metfone-071-7880816,Mobile,+8550717880816
Metfone-071-7880817,Mobile,+8550717880817
Metfone-071-7880818,Mobile,+8550717880818
Metfone-071-7880819,Mobile,+8550717880819
Metfone-071-7880820,Mobile,+8550717880820
Metfone-071-7880821,Mobile,+8550717880821
Metfone-071-7880822,Mobile,+8550717880822
Metfone-071-7880823,Mobile,+8550717880823
Metfone-071-7880824,Mobile,+8550717880824
Metfone-071-7880825,Mobile,+8550717880825
Metfone-071-7880826,Mobile,+8550717880826
Metfone-071-7880827,Mobile,+8550717880827
Metfone-071-7880828,Mobile,+8550717880828
Metfone-071-7880829,Mobile,+8550717880829
Metfone-071-7880830,Mobile,+8550717880830
Metfone-071-7880831,Mobile,+8550717880831
Metfone-071-7880832,Mobile,+8550717880832
Metfone-071-7880833,Mobile,+8550717880833
Metfone-071-7880834,Mobile,+8550717880834
Metfone-071-7880835,Mobile,+8550717880835
Metfone-071-7880836,Mobile,+8550717880836
Metfone-071-7880837,Mobile,+8550717880837
Metfone-071-7880838,Mobile,+8550717880838
Metfone-071-7880839,Mobile,+8550717880839
Metfone-071-7880840,Mobile,+8550717880840
Metfone-071-7880841,Mobile,+8550717880841
Metfone-071-7880842,Mobile,+8550717880842
Metfone-071-7880843,Mobile,+8550717880843
Metfone-071-7880844,Mobile,+8550717880844
Metfone-071-7880845,Mobile,+8550717880845
Metfone-071-7880846,Mobile,+8550717880846
Metfone-071-7880847,Mobile,+8550717880847
Metfone-071-7880848,Mobile,+8550717880848
Metfone-071-7880849,Mobile,+8550717880849
Metfone-071-7880850,Mobile,+8550717880850
Metfone-071-7880851,Mobile,+8550717880851
Metfone-071-7880852,Mobile,+8550717880852
Metfone-071-7880853,Mobile,+8550717880853
Metfone-071-7880854,Mobile,+8550717880854
Metfone-071-7880855,Mobile,+8550717880855
Metfone-071-7880856,Mobile,+8550717880856
Metfone-071-7880857,Mobile,+8550717880857
Metfone-071-7880858,Mobile,+8550717880858
Metfone-071-7880859,Mobile,+8550717880859
Metfone-071-7880860,Mobile,+8550717880860
Metfone-071-7880861,Mobile,+8550717880861
Metfone-071-7880862,Mobile,+8550717880862
Metfone-071-7880863,Mobile,+8550717880863
Metfone-071-7880864,Mobile,+8550717880864
Metfone-071-7880865,Mobile,+8550717880865
Metfone-071-7880866,Mobile,+8550717880866
Metfone-071-7880867,Mobile,+8550717880867
Metfone-071-7880868,Mobile,+8550717880868
Metfone-071-7880869,Mobile,+8550717880869
Metfone-071-7880870,Mobile,+8550717880870
Metfone-071-7880871,Mobile,+8550717880871
Metfone-071-7880872,Mobile,+8550717880872
Metfone-071-7880873,Mobile,+8550717880873
Metfone-071-7880874,Mobile,+8550717880874
Metfone-071-7880875,Mobile,+8550717880875
Metfone-071-7880876,Mobile,+8550717880876
Metfone-071-7880877,Mobile,+8550717880877
Metfone-071-7880878,Mobile,+8550717880878
Metfone-071-7880879,Mobile,+8550717880879
Metfone-071-7880880,Mobile,+8550717880880
Metfone-071-7880881,Mobile,+8550717880881
Metfone-071-7880882,Mobile,+8550717880882
Metfone-071-7880883,Mobile,+8550717880883
Metfone-071-7880884,Mobile,+8550717880884
Metfone-071-7880885,Mobile,+8550717880885
Metfone-071-7880886,Mobile,+8550717880886
Metfone-071-7880887,Mobile,+8550717880887
Metfone-071-7880888,Mobile,+8550717880888
Metfone-071-7880889,Mobile,+8550717880889
Metfone-071-7880890,Mobile,+8550717880890
Metfone-071-7880891,Mobile,+8550717880891
Metfone-071-7880892,Mobile,+8550717880892
Metfone-071-7880893,Mobile,+8550717880893
Metfone-071-7880894,Mobile,+8550717880894
Metfone-071-7880895,Mobile,+8550717880895
Metfone-071-7880896,Mobile,+8550717880896
Metfone-071-7880897,Mobile,+8550717880897
Metfone-071-7880898,Mobile,+8550717880898
Metfone-071-7880899,Mobile,+8550717880899
Metfone-071-7880900,Mobile,+8550717880900
Metfone-071-7880901,Mobile,+8550717880901
Metfone-071-7880902,Mobile,+8550717880902
Metfone-071-7880903,Mobile,+8550717880903
Metfone-071-7880904,Mobile,+8550717880904
Metfone-071-7880905,Mobile,+8550717880905
Metfone-071-7880906,Mobile,+8550717880906
Metfone-071-7880907,Mobile,+8550717880907
Metfone-071-7880908,Mobile,+8550717880908
Metfone-071-7880909,Mobile,+8550717880909
Metfone-071-7880910,Mobile,+8550717880910
Metfone-071-7880911,Mobile,+8550717880911
Metfone-071-7880912,Mobile,+8550717880912
Metfone-071-7880913,Mobile,+8550717880913
Metfone-071-7880914,Mobile,+8550717880914
Metfone-071-7880915,Mobile,+8550717880915
Metfone-071-7880916,Mobile,+8550717880916
Metfone-071-7880917,Mobile,+8550717880917
Metfone-071-7880918,Mobile,+8550717880918
Metfone-071-7880919,Mobile,+8550717880919
Metfone-071-7880920,Mobile,+8550717880920
Metfone-071-7880921,Mobile,+8550717880921
Metfone-071-7880922,Mobile,+8550717880922
Metfone-071-7880923,Mobile,+8550717880923
Metfone-071-7880924,Mobile,+8550717880924
Metfone-071-7880925,Mobile,+8550717880925
Metfone-071-7880926,Mobile,+8550717880926
Metfone-071-7880927,Mobile,+8550717880927
Metfone-071-7880928,Mobile,+8550717880928
Metfone-071-7880929,Mobile,+8550717880929
Metfone-071-7880930,Mobile,+8550717880930
Metfone-071-7880931,Mobile,+8550717880931
Metfone-071-7880932,Mobile,+8550717880932
Metfone-071-7880933,Mobile,+8550717880933
Metfone-071-7880934,Mobile,+8550717880934
Metfone-071-7880935,Mobile,+8550717880935
Metfone-071-7880936,Mobile,+8550717880936
Metfone-071-7880937,Mobile,+8550717880937
Metfone-071-7880938,Mobile,+8550717880938
Metfone-071-7880939,Mobile,+8550717880939
Metfone-071-7880940,Mobile,+8550717880940
Metfone-071-7880941,Mobile,+8550717880941
Metfone-071-7880942,Mobile,+8550717880942
Metfone-071-7880943,Mobile,+8550717880943
Metfone-071-7880944,Mobile,+8550717880944
Metfone-071-7880945,Mobile,+8550717880945
Metfone-071-7880946,Mobile,+8550717880946
Metfone-071-7880947,Mobile,+8550717880947
Metfone-071-7880948,Mobile,+8550717880948
Metfone-071-7880949,Mobile,+8550717880949
Metfone-071-7880950,Mobile,+8550717880950
Metfone-071-7880951,Mobile,+8550717880951
Metfone-071-7880952,Mobile,+8550717880952
Metfone-071-7880953,Mobile,+8550717880953
Metfone-071-7880954,Mobile,+8550717880954
Metfone-071-7880955,Mobile,+8550717880955
Metfone-071-7880956,Mobile,+8550717880956
Metfone-071-7880957,Mobile,+8550717880957
Metfone-071-7880958,Mobile,+8550717880958
Metfone-071-7880959,Mobile,+8550717880959
Metfone-071-7880960,Mobile,+8550717880960
Metfone-071-7880961,Mobile,+8550717880961
Metfone-071-7880962,Mobile,+8550717880962
Metfone-071-7880963,Mobile,+8550717880963
Metfone-071-7880964,Mobile,+8550717880964
Metfone-071-7880965,Mobile,+8550717880965
Metfone-071-7880966,Mobile,+8550717880966
Metfone-071-7880967,Mobile,+8550717880967
Metfone-071-7880968,Mobile,+8550717880968
Metfone-071-7880969,Mobile,+8550717880969
Metfone-071-7880970,Mobile,+8550717880970
Metfone-071-7880971,Mobile,+8550717880971
Metfone-071-7880972,Mobile,+8550717880972
Metfone-071-7880973,Mobile,+8550717880973
Metfone-071-7880974,Mobile,+8550717880974
Metfone-071-7880975,Mobile,+8550717880975
Metfone-071-7880976,Mobile,+8550717880976
Metfone-071-7880977,Mobile,+8550717880977
Metfone-071-7880978,Mobile,+8550717880978
Metfone-071-7880979,Mobile,+8550717880979
Metfone-071-7880980,Mobile,+8550717880980
Metfone-071-7880981,Mobile,+8550717880981
Metfone-071-7880982,Mobile,+8550717880982
Metfone-071-7880983,Mobile,+8550717880983
Metfone-071-7880984,Mobile,+8550717880984
Metfone-071-7880985,Mobile,+8550717880985
Metfone-071-7880986,Mobile,+8550717880986
Metfone-071-7880987,Mobile,+8550717880987
Metfone-071-7880988,Mobile,+8550717880988
Metfone-071-7880989,Mobile,+8550717880989
Metfone-071-7880990,Mobile,+8550717880990
Metfone-071-7880991,Mobile,+8550717880991
Metfone-071-7880992,Mobile,+8550717880992
Metfone-071-7880993,Mobile,+8550717880993
Metfone-071-7880994,Mobile,+8550717880994
Metfone-071-7880995,Mobile,+8550717880995
Metfone-071-7880996,Mobile,+8550717880996
Metfone-071-7880997,Mobile,+8550717880997
Metfone-071-7880998,Mobile,+8550717880998
Metfone-071-7880999,Mobile,+8550717880999
Metfone-071-7881000,Mobile,+8550717881000
Metfone-071-7881001,Mobile,+8550717881001
Metfone-071-7881002,Mobile,+8550717881002
Metfone-071-7881003,Mobile,+8550717881003
Metfone-071-7881004,Mobile,+8550717881004
Metfone-071-7881005,Mobile,+8550717881005
Metfone-071-7881006,Mobile,+8550717881006
Metfone-071-7881007,Mobile,+8550717881007
Metfone-071-7881008,Mobile,+8550717881008
Metfone-071-7881009,Mobile,+8550717881009
Metfone-071-7881010,Mobile,+8550717881010
Metfone-071-7881011,Mobile,+8550717881011
Metfone-071-7881012,Mobile,+8550717881012
Metfone-071-7881013,Mobile,+8550717881013
Metfone-071-7881014,Mobile,+8550717881014
Metfone-071-7881015,Mobile,+8550717881015
Metfone-071-7881016,Mobile,+8550717881016
Metfone-071-7881017,Mobile,+8550717881017
Metfone-071-7881018,Mobile,+8550717881018
Metfone-071-7881019,Mobile,+8550717881019
Metfone-071-7881020,Mobile,+8550717881020
Metfone-071-7881021,Mobile,+8550717881021
Metfone-071-7881022,Mobile,+8550717881022
Metfone-071-7881023,Mobile,+8550717881023
Metfone-071-7881024,Mobile,+8550717881024
Metfone-071-7881025,Mobile,+8550717881025
Metfone-071-7881026,Mobile,+8550717881026
Metfone-071-7881027,Mobile,+8550717881027
Metfone-071-7881028,Mobile,+8550717881028
Metfone-071-7881029,Mobile,+8550717881029
Metfone-071-7881030,Mobile,+8550717881030
Metfone-071-7881031,Mobile,+8550717881031
Metfone-071-7881032,Mobile,+8550717881032
Metfone-071-7881033,Mobile,+8550717881033
Metfone-071-7881034,Mobile,+8550717881034
Metfone-071-7881035,Mobile,+8550717881035
Metfone-071-7881036,Mobile,+8550717881036
Metfone-071-7881037,Mobile,+8550717881037
Metfone-071-7881038,Mobile,+8550717881038
Metfone-071-7881039,Mobile,+8550717881039
Metfone-071-7881040,Mobile,+8550717881040
Metfone-071-7881041,Mobile,+8550717881041
Metfone-071-7881042,Mobile,+8550717881042
Metfone-071-7881043,Mobile,+8550717881043
Metfone-071-7881044,Mobile,+8550717881044
Metfone-071-7881045,Mobile,+8550717881045
Metfone-071-7881046,Mobile,+8550717881046
Metfone-071-7881047,Mobile,+8550717881047
Metfone-071-7881048,Mobile,+8550717881048
Metfone-071-7881049,Mobile,+8550717881049
Metfone-071-7881050,Mobile,+8550717881050
Metfone-071-7881051,Mobile,+8550717881051
Metfone-071-7881052,Mobile,+8550717881052
Metfone-071-7881053,Mobile,+8550717881053
Metfone-071-7881054,Mobile,+8550717881054
Metfone-071-7881055,Mobile,+8550717881055
Metfone-071-7881056,Mobile,+8550717881056
Metfone-071-7881057,Mobile,+8550717881057
Metfone-071-7881058,Mobile,+8550717881058
Metfone-071-7881059,Mobile,+8550717881059
Metfone-071-7881060,Mobile,+8550717881060
Metfone-071-7881061,Mobile,+8550717881061
Metfone-071-7881062,Mobile,+8550717881062
Metfone-071-7881063,Mobile,+8550717881063
Metfone-071-7881064,Mobile,+8550717881064
Metfone-071-7881065,Mobile,+8550717881065
Metfone-071-7881066,Mobile,+8550717881066
Metfone-071-7881067,Mobile,+8550717881067
Metfone-071-7881068,Mobile,+8550717881068
Metfone-071-7881069,Mobile,+8550717881069
Metfone-071-7881070,Mobile,+8550717881070
Metfone-071-7881071,Mobile,+8550717881071
Metfone-071-7881072,Mobile,+8550717881072
Metfone-071-7881073,Mobile,+8550717881073
Metfone-071-7881074,Mobile,+8550717881074
Metfone-071-7881075,Mobile,+8550717881075
Metfone-071-7881076,Mobile,+8550717881076
Metfone-071-7881077,Mobile,+8550717881077
Metfone-071-7881078,Mobile,+8550717881078
Metfone-071-7881079,Mobile,+8550717881079
Metfone-071-7881080,Mobile,+8550717881080
Metfone-071-7881081,Mobile,+8550717881081
Metfone-071-7881082,Mobile,+8550717881082
Metfone-071-7881083,Mobile,+8550717881083
Metfone-071-7881084,Mobile,+8550717881084
Metfone-071-7881085,Mobile,+8550717881085
Metfone-071-7881086,Mobile,+8550717881086
Metfone-071-7881087,Mobile,+8550717881087
Metfone-071-7881088,Mobile,+8550717881088
Metfone-071-7881089,Mobile,+8550717881089
Metfone-071-7881090,Mobile,+8550717881090
Metfone-071-7881091,Mobile,+8550717881091
Metfone-071-7881092,Mobile,+8550717881092
Metfone-071-7881093,Mobile,+8550717881093
Metfone-071-7881094,Mobile,+8550717881094
Metfone-071-7881095,Mobile,+8550717881095
Metfone-071-7881096,Mobile,+8550717881096
Metfone-071-7881097,Mobile,+8550717881097
Metfone-071-7881098,Mobile,+8550717881098
Metfone-071-7881099,Mobile,+8550717881099
Metfone-071-7881100,Mobile,+8550717881100
Metfone-071-7881101,Mobile,+8550717881101
Metfone-071-7881102,Mobile,+8550717881102
Metfone-071-7881103,Mobile,+8550717881103
Metfone-071-7881104,Mobile,+8550717881104
Metfone-071-7881105,Mobile,+8550717881105
Metfone-071-7881106,Mobile,+8550717881106
Metfone-071-7881107,Mobile,+8550717881107
Metfone-071-7881108,Mobile,+8550717881108
Metfone-071-7881109,Mobile,+8550717881109
Metfone-071-7881110,Mobile,+8550717881110
Metfone-071-7881111,Mobile,+8550717881111
Metfone-071-7881112,Mobile,+8550717881112
Metfone-071-7881113,Mobile,+8550717881113
Metfone-071-7881114,Mobile,+8550717881114
Metfone-071-7881115,Mobile,+8550717881115
Metfone-071-7881116,Mobile,+8550717881116
Metfone-071-7881117,Mobile,+8550717881117
Metfone-071-7881118,Mobile,+8550717881118
Metfone-071-7881119,Mobile,+8550717881119
Metfone-071-7881120,Mobile,+8550717881120
Metfone-071-7881121,Mobile,+8550717881121
Metfone-071-7881122,Mobile,+8550717881122
Metfone-071-7881123,Mobile,+8550717881123
Metfone-071-7881124,Mobile,+8550717881124
Metfone-071-7881125,Mobile,+8550717881125
Metfone-071-7881126,Mobile,+8550717881126
Metfone-071-7881127,Mobile,+8550717881127
Metfone-071-7881128,Mobile,+8550717881128
Metfone-071-7881129,Mobile,+8550717881129
Metfone-071-7881130,Mobile,+8550717881130
Metfone-071-7881131,Mobile,+8550717881131
Metfone-071-7881132,Mobile,+8550717881132
Metfone-071-7881133,Mobile,+8550717881133
Metfone-071-7881134,Mobile,+8550717881134
Metfone-071-7881135,Mobile,+8550717881135
Metfone-071-7881136,Mobile,+8550717881136
Metfone-071-7881137,Mobile,+8550717881137
Metfone-071-7881138,Mobile,+8550717881138
Metfone-071-7881139,Mobile,+8550717881139
Metfone-071-7881140,Mobile,+8550717881140
Metfone-071-7881141,Mobile,+8550717881141
Metfone-071-7881142,Mobile,+8550717881142
Metfone-071-7881143,Mobile,+8550717881143
Metfone-071-7881144,Mobile,+8550717881144
Metfone-071-7881145,Mobile,+8550717881145
Metfone-071-7881146,Mobile,+8550717881146
Metfone-071-7881147,Mobile,+8550717881147
Metfone-071-7881148,Mobile,+8550717881148
Metfone-071-7881149,Mobile,+8550717881149
Metfone-071-7881150,Mobile,+8550717881150
Metfone-071-7881151,Mobile,+8550717881151
Metfone-071-7881152,Mobile,+8550717881152
Metfone-071-7881153,Mobile,+8550717881153
Metfone-071-7881154,Mobile,+8550717881154
Metfone-071-7881155,Mobile,+8550717881155
Metfone-071-7881156,Mobile,+8550717881156
Metfone-071-7881157,Mobile,+8550717881157
Metfone-071-7881158,Mobile,+8550717881158
Metfone-071-7881159,Mobile,+8550717881159
Metfone-071-7881160,Mobile,+8550717881160
Metfone-071-7881161,Mobile,+8550717881161
Metfone-071-7881162,Mobile,+8550717881162
Metfone-071-7881163,Mobile,+8550717881163
Metfone-071-7881164,Mobile,+8550717881164
Metfone-071-7881165,Mobile,+8550717881165
Metfone-071-7881166,Mobile,+8550717881166
Metfone-071-7881167,Mobile,+8550717881167
Metfone-071-7881168,Mobile,+8550717881168
Metfone-071-7881169,Mobile,+8550717881169
Metfone-071-7881170,Mobile,+8550717881170
Metfone-071-7881171,Mobile,+8550717881171
Metfone-071-7881172,Mobile,+8550717881172
Metfone-071-7881173,Mobile,+8550717881173
Metfone-071-7881174,Mobile,+8550717881174
Metfone-071-7881175,Mobile,+8550717881175
Metfone-071-7881176,Mobile,+8550717881176
Metfone-071-7881177,Mobile,+8550717881177
Metfone-071-7881178,Mobile,+8550717881178
Metfone-071-7881179,Mobile,+8550717881179
Metfone-071-7881180,Mobile,+8550717881180
Metfone-071-7881181,Mobile,+8550717881181
Metfone-071-7881182,Mobile,+8550717881182
Metfone-071-7881183,Mobile,+8550717881183
Metfone-071-7881184,Mobile,+8550717881184
Metfone-071-7881185,Mobile,+8550717881185
Metfone-071-7881186,Mobile,+8550717881186
Metfone-071-7881187,Mobile,+8550717881187
Metfone-071-7881188,Mobile,+8550717881188
Metfone-071-7881189,Mobile,+8550717881189
Metfone-071-7881190,Mobile,+8550717881190
Metfone-071-7881191,Mobile,+8550717881191
Metfone-071-7881192,Mobile,+8550717881192
Metfone-071-7881193,Mobile,+8550717881193
Metfone-071-7881194,Mobile,+8550717881194
Metfone-071-7881195,Mobile,+8550717881195
Metfone-071-7881196,Mobile,+8550717881196
Metfone-071-7881197,Mobile,+8550717881197
Metfone-071-7881198,Mobile,+8550717881198
Metfone-071-7881199,Mobile,+8550717881199
Metfone-071-7881200,Mobile,+8550717881200
Metfone-071-7881201,Mobile,+8550717881201
Metfone-071-7881202,Mobile,+8550717881202
Metfone-071-7881203,Mobile,+8550717881203
Metfone-071-7881204,Mobile,+8550717881204
Metfone-071-7881205,Mobile,+8550717881205
Metfone-071-7881206,Mobile,+8550717881206
Metfone-071-7881207,Mobile,+8550717881207
Metfone-071-7881208,Mobile,+8550717881208
Metfone-071-7881209,Mobile,+8550717881209
Metfone-071-7881210,Mobile,+8550717881210
Metfone-071-7881211,Mobile,+8550717881211
Metfone-071-7881212,Mobile,+8550717881212
Metfone-071-7881213,Mobile,+8550717881213
Metfone-071-7881214,Mobile,+8550717881214
Metfone-071-7881215,Mobile,+8550717881215
Metfone-071-7881216,Mobile,+8550717881216
Metfone-071-7881217,Mobile,+8550717881217
Metfone-071-7881218,Mobile,+8550717881218
Metfone-071-7881219,Mobile,+8550717881219
Metfone-071-7881220,Mobile,+8550717881220
Metfone-071-7881221,Mobile,+8550717881221
Metfone-071-7881222,Mobile,+8550717881222
Metfone-071-7881223,Mobile,+8550717881223
Metfone-071-7881224,Mobile,+8550717881224
Metfone-071-7881225,Mobile,+8550717881225
Metfone-071-7881226,Mobile,+8550717881226
Metfone-071-7881227,Mobile,+8550717881227
Metfone-071-7881228,Mobile,+8550717881228
Metfone-071-7881229,Mobile,+8550717881229
Metfone-071-7881230,Mobile,+8550717881230
Metfone-071-7881231,Mobile,+8550717881231
Metfone-071-7881232,Mobile,+8550717881232
Metfone-071-7881233,Mobile,+8550717881233
Metfone-071-7881234,Mobile,+8550717881234
Metfone-071-7881235,Mobile,+8550717881235
Metfone-071-7881236,Mobile,+8550717881236
Metfone-071-7881237,Mobile,+8550717881237
Metfone-071-7881238,Mobile,+8550717881238
Metfone-071-7881239,Mobile,+8550717881239
Metfone-071-7881240,Mobile,+8550717881240
Metfone-071-7881241,Mobile,+8550717881241
Metfone-071-7881242,Mobile,+8550717881242
Metfone-071-7881243,Mobile,+8550717881243
Metfone-071-7881244,Mobile,+8550717881244
Metfone-071-7881245,Mobile,+8550717881245
Metfone-071-7881246,Mobile,+8550717881246
Metfone-071-7881247,Mobile,+8550717881247
Metfone-071-7881248,Mobile,+8550717881248
Metfone-071-7881249,Mobile,+8550717881249
Metfone-071-7881250,Mobile,+8550717881250
Metfone-071-7881251,Mobile,+8550717881251
Metfone-071-7881252,Mobile,+8550717881252
Metfone-071-7881253,Mobile,+8550717881253
Metfone-071-7881254,Mobile,+8550717881254
Metfone-071-7881255,Mobile,+8550717881255
Metfone-071-7881256,Mobile,+8550717881256
Metfone-071-7881257,Mobile,+8550717881257
Metfone-071-7881258,Mobile,+8550717881258
Metfone-071-7881259,Mobile,+8550717881259
Metfone-071-7881260,Mobile,+8550717881260
Metfone-071-7881261,Mobile,+8550717881261
Metfone-071-7881262,Mobile,+8550717881262
Metfone-071-7881263,Mobile,+8550717881263
Metfone-071-7881264,Mobile,+8550717881264
Metfone-071-7881265,Mobile,+8550717881265
Metfone-071-7881266,Mobile,+8550717881266
Metfone-071-7881267,Mobile,+8550717881267
Metfone-071-7881268,Mobile,+8550717881268
Metfone-071-7881269,Mobile,+8550717881269
Metfone-071-7881270,Mobile,+8550717881270
Metfone-071-7881271,Mobile,+8550717881271
Metfone-071-7881272,Mobile,+8550717881272
Metfone-071-7881273,Mobile,+8550717881273
Metfone-071-7881274,Mobile,+8550717881274
Metfone-071-7881275,Mobile,+8550717881275
Metfone-071-7881276,Mobile,+8550717881276
Metfone-071-7881277,Mobile,+8550717881277
Metfone-071-7881278,Mobile,+8550717881278
Metfone-071-7881279,Mobile,+8550717881279
Metfone-071-7881280,Mobile,+8550717881280
Metfone-071-7881281,Mobile,+8550717881281
Metfone-071-7881282,Mobile,+8550717881282
Metfone-071-7881283,Mobile,+8550717881283
Metfone-071-7881284,Mobile,+8550717881284
Metfone-071-7881285,Mobile,+8550717881285
Metfone-071-7881286,Mobile,+8550717881286
Metfone-071-7881287,Mobile,+8550717881287
Metfone-071-7881288,Mobile,+8550717881288
Metfone-071-7881289,Mobile,+8550717881289
Metfone-071-7881290,Mobile,+8550717881290
Metfone-071-7881291,Mobile,+8550717881291
Metfone-071-7881292,Mobile,+8550717881292
Metfone-071-7881293,Mobile,+8550717881293
Metfone-071-7881294,Mobile,+8550717881294
Metfone-071-7881295,Mobile,+8550717881295
Metfone-071-7881296,Mobile,+8550717881296
Metfone-071-7881297,Mobile,+8550717881297
Metfone-071-7881298,Mobile,+8550717881298
Metfone-071-7881299,Mobile,+8550717881299
Metfone-071-7881300,Mobile,+8550717881300
Metfone-071-7881301,Mobile,+8550717881301
Metfone-071-7881302,Mobile,+8550717881302
Metfone-071-7881303,Mobile,+8550717881303
Metfone-071-7881304,Mobile,+8550717881304
Metfone-071-7881305,Mobile,+8550717881305
Metfone-071-7881306,Mobile,+8550717881306
Metfone-071-7881307,Mobile,+8550717881307
Metfone-071-7881308,Mobile,+8550717881308
Metfone-071-7881309,Mobile,+8550717881309
Metfone-071-7881310,Mobile,+8550717881310
Metfone-071-7881311,Mobile,+8550717881311
Metfone-071-7881312,Mobile,+8550717881312
Metfone-071-7881313,Mobile,+8550717881313
Metfone-071-7881314,Mobile,+8550717881314
Metfone-071-7881315,Mobile,+8550717881315
Metfone-071-7881316,Mobile,+8550717881316
Metfone-071-7881317,Mobile,+8550717881317
Metfone-071-7881318,Mobile,+8550717881318
Metfone-071-7881319,Mobile,+8550717881319
Metfone-071-7881320,Mobile,+8550717881320
Metfone-071-7881321,Mobile,+8550717881321
Metfone-071-7881322,Mobile,+8550717881322
Metfone-071-7881323,Mobile,+8550717881323
Metfone-071-7881324,Mobile,+8550717881324
Metfone-071-7881325,Mobile,+8550717881325
Metfone-071-7881326,Mobile,+8550717881326
Metfone-071-7881327,Mobile,+8550717881327
Metfone-071-7881328,Mobile,+8550717881328
Metfone-071-7881329,Mobile,+8550717881329
Metfone-071-7881330,Mobile,+8550717881330
Metfone-071-7881331,Mobile,+8550717881331
Metfone-071-7881332,Mobile,+8550717881332
Metfone-071-7881333,Mobile,+8550717881333
Metfone-071-7881334,Mobile,+8550717881334
Metfone-071-7881335,Mobile,+8550717881335
Metfone-071-7881336,Mobile,+8550717881336
Metfone-071-7881337,Mobile,+8550717881337
Metfone-071-7881338,Mobile,+8550717881338
Metfone-071-7881339,Mobile,+8550717881339
Metfone-071-7881340,Mobile,+8550717881340
Metfone-071-7881341,Mobile,+8550717881341
Metfone-071-7881342,Mobile,+8550717881342
Metfone-071-7881343,Mobile,+8550717881343
Metfone-071-7881344,Mobile,+8550717881344
Metfone-071-7881345,Mobile,+8550717881345
Metfone-071-7881346,Mobile,+8550717881346
Metfone-071-7881347,Mobile,+8550717881347
Metfone-071-7881348,Mobile,+8550717881348
Metfone-071-7881349,Mobile,+8550717881349
Metfone-071-7881350,Mobile,+8550717881350
Metfone-071-7881351,Mobile,+8550717881351
Metfone-071-7881352,Mobile,+8550717881352
Metfone-071-7881353,Mobile,+8550717881353
Metfone-071-7881354,Mobile,+8550717881354
Metfone-071-7881355,Mobile,+8550717881355
Metfone-071-7881356,Mobile,+8550717881356
Metfone-071-7881357,Mobile,+8550717881357
Metfone-071-7881358,Mobile,+8550717881358
Metfone-071-7881359,Mobile,+8550717881359
Metfone-071-7881360,Mobile,+8550717881360
Metfone-071-7881361,Mobile,+8550717881361
Metfone-071-7881362,Mobile,+8550717881362
Metfone-071-7881363,Mobile,+8550717881363
Metfone-071-7881364,Mobile,+8550717881364
Metfone-071-7881365,Mobile,+8550717881365
Metfone-071-7881366,Mobile,+8550717881366
Metfone-071-7881367,Mobile,+8550717881367
Metfone-071-7881368,Mobile,+8550717881368
Metfone-071-7881369,Mobile,+8550717881369
Metfone-071-7881370,Mobile,+8550717881370
Metfone-071-7881371,Mobile,+8550717881371
Metfone-071-7881372,Mobile,+8550717881372
Metfone-071-7881373,Mobile,+8550717881373
Metfone-071-7881374,Mobile,+8550717881374
Metfone-071-7881375,Mobile,+8550717881375
Metfone-071-7881376,Mobile,+8550717881376
Metfone-071-7881377,Mobile,+8550717881377
Metfone-071-7881378,Mobile,+8550717881378
Metfone-071-7881379,Mobile,+8550717881379
Metfone-071-7881380,Mobile,+8550717881380
Metfone-071-7881381,Mobile,+8550717881381
Metfone-071-7881382,Mobile,+8550717881382
Metfone-071-7881383,Mobile,+8550717881383
Metfone-071-7881384,Mobile,+8550717881384
Metfone-071-7881385,Mobile,+8550717881385
Metfone-071-7881386,Mobile,+8550717881386
Metfone-071-7881387,Mobile,+8550717881387
Metfone-071-7881388,Mobile,+8550717881388
Metfone-071-7881389,Mobile,+8550717881389
Metfone-071-7881390,Mobile,+8550717881390
Metfone-071-7881391,Mobile,+8550717881391
Metfone-071-7881392,Mobile,+8550717881392
Metfone-071-7881393,Mobile,+8550717881393
Metfone-071-7881394,Mobile,+8550717881394
Metfone-071-7881395,Mobile,+8550717881395
Metfone-071-7881396,Mobile,+8550717881396
Metfone-071-7881397,Mobile,+8550717881397
Metfone-071-7881398,Mobile,+8550717881398
Metfone-071-7881399,Mobile,+8550717881399
Metfone-071-7881400,Mobile,+8550717881400
Metfone-071-7881401,Mobile,+8550717881401
Metfone-071-7881402,Mobile,+8550717881402
Metfone-071-7881403,Mobile,+8550717881403
Metfone-071-7881404,Mobile,+8550717881404
Metfone-071-7881405,Mobile,+8550717881405
Metfone-071-7881406,Mobile,+8550717881406
Metfone-071-7881407,Mobile,+8550717881407
Metfone-071-7881408,Mobile,+8550717881408
Metfone-071-7881409,Mobile,+8550717881409
Metfone-071-7881410,Mobile,+8550717881410
Metfone-071-7881411,Mobile,+8550717881411
Metfone-071-7881412,Mobile,+8550717881412
Metfone-071-7881413,Mobile,+8550717881413
Metfone-071-7881414,Mobile,+8550717881414
Metfone-071-7881415,Mobile,+8550717881415
Metfone-071-7881416,Mobile,+8550717881416
Metfone-071-7881417,Mobile,+8550717881417
Metfone-071-7881418,Mobile,+8550717881418
Metfone-071-7881419,Mobile,+8550717881419
Metfone-071-7881420,Mobile,+8550717881420
Metfone-071-7881421,Mobile,+8550717881421
Metfone-071-7881422,Mobile,+8550717881422
Metfone-071-7881423,Mobile,+8550717881423
Metfone-071-7881424,Mobile,+8550717881424
Metfone-071-7881425,Mobile,+8550717881425
Metfone-071-7881426,Mobile,+8550717881426
Metfone-071-7881427,Mobile,+8550717881427
Metfone-071-7881428,Mobile,+8550717881428
Metfone-071-7881429,Mobile,+8550717881429
Metfone-071-7881430,Mobile,+8550717881430
Metfone-071-7881431,Mobile,+8550717881431
Metfone-071-7881432,Mobile,+8550717881432
Metfone-071-7881433,Mobile,+8550717881433
Metfone-071-7881434,Mobile,+8550717881434
Metfone-071-7881435,Mobile,+8550717881435
Metfone-071-7881436,Mobile,+8550717881436
Metfone-071-7881437,Mobile,+8550717881437
Metfone-071-7881438,Mobile,+8550717881438
Metfone-071-7881439,Mobile,+8550717881439
Metfone-071-7881440,Mobile,+8550717881440
Metfone-071-7881441,Mobile,+8550717881441
Metfone-071-7881442,Mobile,+8550717881442
Metfone-071-7881443,Mobile,+8550717881443
Metfone-071-7881444,Mobile,+8550717881444
Metfone-071-7881445,Mobile,+8550717881445
Metfone-071-7881446,Mobile,+8550717881446
Metfone-071-7881447,Mobile,+8550717881447
Metfone-071-7881448,Mobile,+8550717881448
Metfone-071-7881449,Mobile,+8550717881449
Metfone-071-7881450,Mobile,+8550717881450
Metfone-071-7881451,Mobile,+8550717881451
Metfone-071-7881452,Mobile,+8550717881452
Metfone-071-7881453,Mobile,+8550717881453
Metfone-071-7881454,Mobile,+8550717881454
Metfone-071-7881455,Mobile,+8550717881455
Metfone-071-7881456,Mobile,+8550717881456
Metfone-071-7881457,Mobile,+8550717881457
Metfone-071-7881458,Mobile,+8550717881458
Metfone-071-7881459,Mobile,+8550717881459
Metfone-071-7881460,Mobile,+8550717881460
Metfone-071-7881461,Mobile,+8550717881461
Metfone-071-7881462,Mobile,+8550717881462
Metfone-071-7881463,Mobile,+8550717881463
Metfone-071-7881464,Mobile,+8550717881464
Metfone-071-7881465,Mobile,+8550717881465
Metfone-071-7881466,Mobile,+8550717881466
Metfone-071-7881467,Mobile,+8550717881467
Metfone-071-7881468,Mobile,+8550717881468
Metfone-071-7881469,Mobile,+8550717881469
Metfone-071-7881470,Mobile,+8550717881470
Metfone-071-7881471,Mobile,+8550717881471
Metfone-071-7881472,Mobile,+8550717881472
Metfone-071-7881473,Mobile,+8550717881473
Metfone-071-7881474,Mobile,+8550717881474
Metfone-071-7881475,Mobile,+8550717881475
Metfone-071-7881476,Mobile,+8550717881476
Metfone-071-7881477,Mobile,+8550717881477
Metfone-071-7881478,Mobile,+8550717881478
Metfone-071-7881479,Mobile,+8550717881479
Metfone-071-7881480,Mobile,+8550717881480
Metfone-071-7881481,Mobile,+8550717881481
Metfone-071-7881482,Mobile,+8550717881482
Metfone-071-7881483,Mobile,+8550717881483
Metfone-071-7881484,Mobile,+8550717881484
Metfone-071-7881485,Mobile,+8550717881485
Metfone-071-7881486,Mobile,+8550717881486
Metfone-071-7881487,Mobile,+8550717881487
Metfone-071-7881488,Mobile,+8550717881488
Metfone-071-7881489,Mobile,+8550717881489
Metfone-071-7881490,Mobile,+8550717881490
Metfone-071-7881491,Mobile,+8550717881491
Metfone-071-7881492,Mobile,+8550717881492
Metfone-071-7881493,Mobile,+8550717881493
Metfone-071-7881494,Mobile,+8550717881494
Metfone-071-7881495,Mobile,+8550717881495
Metfone-071-7881496,Mobile,+8550717881496
Metfone-071-7881497,Mobile,+8550717881497
Metfone-071-7881498,Mobile,+8550717881498
Metfone-071-7881499,Mobile,+8550717881499
Metfone-071-7881500,Mobile,+8550717881500
Metfone-071-7881501,Mobile,+8550717881501
Metfone-071-7881502,Mobile,+8550717881502
Metfone-071-7881503,Mobile,+8550717881503
Metfone-071-7881504,Mobile,+8550717881504
Metfone-071-7881505,Mobile,+8550717881505
Metfone-071-7881506,Mobile,+8550717881506
Metfone-071-7881507,Mobile,+8550717881507
Metfone-071-7881508,Mobile,+8550717881508
Metfone-071-7881509,Mobile,+8550717881509
Metfone-071-7881510,Mobile,+8550717881510
Metfone-071-7881511,Mobile,+8550717881511
Metfone-071-7881512,Mobile,+8550717881512
Metfone-071-7881513,Mobile,+8550717881513
Metfone-071-7881514,Mobile,+8550717881514
Metfone-071-7881515,Mobile,+8550717881515
Metfone-071-7881516,Mobile,+8550717881516
Metfone-071-7881517,Mobile,+8550717881517
Metfone-071-7881518,Mobile,+8550717881518
Metfone-071-7881519,Mobile,+8550717881519
Metfone-071-7881520,Mobile,+8550717881520
Metfone-071-7881521,Mobile,+8550717881521
Metfone-071-7881522,Mobile,+8550717881522
Metfone-071-7881523,Mobile,+8550717881523
Metfone-071-7881524,Mobile,+8550717881524
Metfone-071-7881525,Mobile,+8550717881525
Metfone-071-7881526,Mobile,+8550717881526
Metfone-071-7881527,Mobile,+8550717881527
Metfone-071-7881528,Mobile,+8550717881528
Metfone-071-7881529,Mobile,+8550717881529
Metfone-071-7881530,Mobile,+8550717881530
Metfone-071-7881531,Mobile,+8550717881531
Metfone-071-7881532,Mobile,+8550717881532
Metfone-071-7881533,Mobile,+8550717881533
Metfone-071-7881534,Mobile,+8550717881534
Metfone-071-7881535,Mobile,+8550717881535
Metfone-071-7881536,Mobile,+8550717881536
Metfone-071-7881537,Mobile,+8550717881537
Metfone-071-7881538,Mobile,+8550717881538
Metfone-071-7881539,Mobile,+8550717881539
Metfone-071-7881540,Mobile,+8550717881540
Metfone-071-7881541,Mobile,+8550717881541
Metfone-071-7881542,Mobile,+8550717881542
Metfone-071-7881543,Mobile,+8550717881543
Metfone-071-7881544,Mobile,+8550717881544
Metfone-071-7881545,Mobile,+8550717881545
Metfone-071-7881546,Mobile,+8550717881546
Metfone-071-7881547,Mobile,+8550717881547
Metfone-071-7881548,Mobile,+8550717881548
Metfone-071-7881549,Mobile,+8550717881549
Metfone-071-7881550,Mobile,+8550717881550
Metfone-071-7881551,Mobile,+8550717881551
Metfone-071-7881552,Mobile,+8550717881552
Metfone-071-7881553,Mobile,+8550717881553
Metfone-071-7881554,Mobile,+8550717881554
Metfone-071-7881555,Mobile,+8550717881555
Metfone-071-7881556,Mobile,+8550717881556
Metfone-071-7881557,Mobile,+8550717881557
Metfone-071-7881558,Mobile,+8550717881558
Metfone-071-7881559,Mobile,+8550717881559
Metfone-071-7881560,Mobile,+8550717881560
Metfone-071-7881561,Mobile,+8550717881561
Metfone-071-7881562,Mobile,+8550717881562
Metfone-071-7881563,Mobile,+8550717881563
Metfone-071-7881564,Mobile,+8550717881564
Metfone-071-7881565,Mobile,+8550717881565
Metfone-071-7881566,Mobile,+8550717881566
Metfone-071-7881567,Mobile,+8550717881567
Metfone-071-7881568,Mobile,+8550717881568
Metfone-071-7881569,Mobile,+8550717881569
Metfone-071-7881570,Mobile,+8550717881570
Metfone-071-7881571,Mobile,+8550717881571
Metfone-071-7881572,Mobile,+8550717881572
Metfone-071-7881573,Mobile,+8550717881573
Metfone-071-7881574,Mobile,+8550717881574
Metfone-071-7881575,Mobile,+8550717881575
Metfone-071-7881576,Mobile,+8550717881576
Metfone-071-7881577,Mobile,+8550717881577
Metfone-071-7881578,Mobile,+8550717881578
Metfone-071-7881579,Mobile,+8550717881579
Metfone-071-7881580,Mobile,+8550717881580
Metfone-071-7881581,Mobile,+8550717881581
Metfone-071-7881582,Mobile,+8550717881582
Metfone-071-7881583,Mobile,+8550717881583
Metfone-071-7881584,Mobile,+8550717881584
Metfone-071-7881585,Mobile,+8550717881585
Metfone-071-7881586,Mobile,+8550717881586
Metfone-071-7881587,Mobile,+8550717881587
Metfone-071-7881588,Mobile,+8550717881588
Metfone-071-7881589,Mobile,+8550717881589
Metfone-071-7881590,Mobile,+8550717881590
Metfone-071-7881591,Mobile,+8550717881591
Metfone-071-7881592,Mobile,+8550717881592
Metfone-071-7881593,Mobile,+8550717881593
Metfone-071-7881594,Mobile,+8550717881594
Metfone-071-7881595,Mobile,+8550717881595
Metfone-071-7881596,Mobile,+8550717881596
Metfone-071-7881597,Mobile,+8550717881597
Metfone-071-7881598,Mobile,+8550717881598
Metfone-071-7881599,Mobile,+8550717881599
Metfone-071-7881600,Mobile,+8550717881600
Metfone-071-7881601,Mobile,+8550717881601
Metfone-071-7881602,Mobile,+8550717881602
Metfone-071-7881603,Mobile,+8550717881603
Metfone-071-7881604,Mobile,+8550717881604
Metfone-071-7881605,Mobile,+8550717881605
Metfone-071-7881606,Mobile,+8550717881606
Metfone-071-7881607,Mobile,+8550717881607
Metfone-071-7881608,Mobile,+8550717881608
Metfone-071-7881609,Mobile,+8550717881609
Metfone-071-7881610,Mobile,+8550717881610
Metfone-071-7881611,Mobile,+8550717881611
Metfone-071-7881612,Mobile,+8550717881612
Metfone-071-7881613,Mobile,+8550717881613
Metfone-071-7881614,Mobile,+8550717881614
Metfone-071-7881615,Mobile,+8550717881615
Metfone-071-7881616,Mobile,+8550717881616
Metfone-071-7881617,Mobile,+8550717881617
Metfone-071-7881618,Mobile,+8550717881618
Metfone-071-7881619,Mobile,+8550717881619
Metfone-071-7881620,Mobile,+8550717881620
Metfone-071-7881621,Mobile,+8550717881621
Metfone-071-7881622,Mobile,+8550717881622
Metfone-071-7881623,Mobile,+8550717881623
Metfone-071-7881624,Mobile,+8550717881624
Metfone-071-7881625,Mobile,+8550717881625
Metfone-071-7881626,Mobile,+8550717881626
Metfone-071-7881627,Mobile,+8550717881627
Metfone-071-7881628,Mobile,+8550717881628
Metfone-071-7881629,Mobile,+8550717881629
Metfone-071-7881630,Mobile,+8550717881630
Metfone-071-7881631,Mobile,+8550717881631
Metfone-071-7881632,Mobile,+8550717881632
Metfone-071-7881633,Mobile,+8550717881633
Metfone-071-7881634,Mobile,+8550717881634
Metfone-071-7881635,Mobile,+8550717881635
Metfone-071-7881636,Mobile,+8550717881636
Metfone-071-7881637,Mobile,+8550717881637
Metfone-071-7881638,Mobile,+8550717881638
Metfone-071-7881639,Mobile,+8550717881639
Metfone-071-7881640,Mobile,+8550717881640
Metfone-071-7881641,Mobile,+8550717881641
Metfone-071-7881642,Mobile,+8550717881642
Metfone-071-7881643,Mobile,+8550717881643
Metfone-071-7881644,Mobile,+8550717881644
Metfone-071-7881645,Mobile,+8550717881645
Metfone-071-7881646,Mobile,+8550717881646
Metfone-071-7881647,Mobile,+8550717881647
Metfone-071-7881648,Mobile,+8550717881648
Metfone-071-7881649,Mobile,+8550717881649
Metfone-071-7881650,Mobile,+8550717881650
Metfone-071-7881651,Mobile,+8550717881651
Metfone-071-7881652,Mobile,+8550717881652
Metfone-071-7881653,Mobile,+8550717881653
Metfone-071-7881654,Mobile,+8550717881654
Metfone-071-7881655,Mobile,+8550717881655
Metfone-071-7881656,Mobile,+8550717881656
Metfone-071-7881657,Mobile,+8550717881657
Metfone-071-7881658,Mobile,+8550717881658
Metfone-071-7881659,Mobile,+8550717881659
Metfone-071-7881660,Mobile,+8550717881660
Metfone-071-7881661,Mobile,+8550717881661
Metfone-071-7881662,Mobile,+8550717881662
Metfone-071-7881663,Mobile,+8550717881663
Metfone-071-7881664,Mobile,+8550717881664
Metfone-071-7881665,Mobile,+8550717881665
Metfone-071-7881666,Mobile,+8550717881666
Metfone-071-7881667,Mobile,+8550717881667
Metfone-071-7881668,Mobile,+8550717881668
Metfone-071-7881669,Mobile,+8550717881669
Metfone-071-7881670,Mobile,+8550717881670
Metfone-071-7881671,Mobile,+8550717881671
Metfone-071-7881672,Mobile,+8550717881672
Metfone-071-7881673,Mobile,+8550717881673
Metfone-071-7881674,Mobile,+8550717881674
Metfone-071-7881675,Mobile,+8550717881675
Metfone-071-7881676,Mobile,+8550717881676
Metfone-071-7881677,Mobile,+8550717881677
Metfone-071-7881678,Mobile,+8550717881678
Metfone-071-7881679,Mobile,+8550717881679
Metfone-071-7881680,Mobile,+8550717881680
Metfone-071-7881681,Mobile,+8550717881681
Metfone-071-7881682,Mobile,+8550717881682
Metfone-071-7881683,Mobile,+8550717881683
Metfone-071-7881684,Mobile,+8550717881684
Metfone-071-7881685,Mobile,+8550717881685
Metfone-071-7881686,Mobile,+8550717881686
Metfone-071-7881687,Mobile,+8550717881687
Metfone-071-7881688,Mobile,+8550717881688
Metfone-071-7881689,Mobile,+8550717881689
Metfone-071-7881690,Mobile,+8550717881690
Metfone-071-7881691,Mobile,+8550717881691
Metfone-071-7881692,Mobile,+8550717881692
Metfone-071-7881693,Mobile,+8550717881693
Metfone-071-7881694,Mobile,+8550717881694
Metfone-071-7881695,Mobile,+8550717881695
Metfone-071-7881696,Mobile,+8550717881696
Metfone-071-7881697,Mobile,+8550717881697
Metfone-071-7881698,Mobile,+8550717881698
Metfone-071-7881699,Mobile,+8550717881699
Metfone-071-7881700,Mobile,+8550717881700
Metfone-071-7881701,Mobile,+8550717881701
Metfone-071-7881702,Mobile,+8550717881702
Metfone-071-7881703,Mobile,+8550717881703
Metfone-071-7881704,Mobile,+8550717881704
Metfone-071-7881705,Mobile,+8550717881705
Metfone-071-7881706,Mobile,+8550717881706
Metfone-071-7881707,Mobile,+8550717881707
Metfone-071-7881708,Mobile,+8550717881708
Metfone-071-7881709,Mobile,+8550717881709
Metfone-071-7881710,Mobile,+8550717881710
Metfone-071-7881711,Mobile,+8550717881711
Metfone-071-7881712,Mobile,+8550717881712
Metfone-071-7881713,Mobile,+8550717881713
Metfone-071-7881714,Mobile,+8550717881714
Metfone-071-7881715,Mobile,+8550717881715
Metfone-071-7881716,Mobile,+8550717881716
Metfone-071-7881717,Mobile,+8550717881717
Metfone-071-7881718,Mobile,+8550717881718
Metfone-071-7881719,Mobile,+8550717881719
Metfone-071-7881720,Mobile,+8550717881720
Metfone-071-7881721,Mobile,+8550717881721
Metfone-071-7881722,Mobile,+8550717881722
Metfone-071-7881723,Mobile,+8550717881723
Metfone-071-7881724,Mobile,+8550717881724
Metfone-071-7881725,Mobile,+8550717881725
Metfone-071-7881726,Mobile,+8550717881726
Metfone-071-7881727,Mobile,+8550717881727
Metfone-071-7881728,Mobile,+8550717881728
Metfone-071-7881729,Mobile,+8550717881729
Metfone-071-7881730,Mobile,+8550717881730
Metfone-071-7881731,Mobile,+8550717881731
Metfone-071-7881732,Mobile,+8550717881732
Metfone-071-7881733,Mobile,+8550717881733
Metfone-071-7881734,Mobile,+8550717881734
Metfone-071-7881735,Mobile,+8550717881735
Metfone-071-7881736,Mobile,+8550717881736
Metfone-071-7881737,Mobile,+8550717881737
Metfone-071-7881738,Mobile,+8550717881738
Metfone-071-7881739,Mobile,+8550717881739
Metfone-071-7881740,Mobile,+8550717881740
Metfone-071-7881741,Mobile,+8550717881741
Metfone-071-7881742,Mobile,+8550717881742
Metfone-071-7881743,Mobile,+8550717881743
Metfone-071-7881744,Mobile,+8550717881744
Metfone-071-7881745,Mobile,+8550717881745
Metfone-071-7881746,Mobile,+8550717881746
Metfone-071-7881747,Mobile,+8550717881747
Metfone-071-7881748,Mobile,+8550717881748
Metfone-071-7881749,Mobile,+8550717881749
Metfone-071-7881750,Mobile,+8550717881750
Metfone-071-7881751,Mobile,+8550717881751
Metfone-071-7881752,Mobile,+8550717881752
Metfone-071-7881753,Mobile,+8550717881753
Metfone-071-7881754,Mobile,+8550717881754
Metfone-071-7881755,Mobile,+8550717881755
Metfone-071-7881756,Mobile,+8550717881756
Metfone-071-7881757,Mobile,+8550717881757
Metfone-071-7881758,Mobile,+8550717881758
Metfone-071-7881759,Mobile,+8550717881759
Metfone-071-7881760,Mobile,+8550717881760
Metfone-071-7881761,Mobile,+8550717881761
Metfone-071-7881762,Mobile,+8550717881762
Metfone-071-7881763,Mobile,+8550717881763
Metfone-071-7881764,Mobile,+8550717881764
Metfone-071-7881765,Mobile,+8550717881765
Metfone-071-7881766,Mobile,+8550717881766
Metfone-071-7881767,Mobile,+8550717881767
Metfone-071-7881768,Mobile,+8550717881768
Metfone-071-7881769,Mobile,+8550717881769
Metfone-071-7881770,Mobile,+8550717881770
Metfone-071-7881771,Mobile,+8550717881771
Metfone-071-7881772,Mobile,+8550717881772
Metfone-071-7881773,Mobile,+8550717881773
Metfone-071-7881774,Mobile,+8550717881774
Metfone-071-7881775,Mobile,+8550717881775
Metfone-071-7881776,Mobile,+8550717881776
Metfone-071-7881777,Mobile,+8550717881777
Metfone-071-7881778,Mobile,+8550717881778
Metfone-071-7881779,Mobile,+8550717881779
Metfone-071-7881780,Mobile,+8550717881780
Metfone-071-7881781,Mobile,+8550717881781
Metfone-071-7881782,Mobile,+8550717881782
Metfone-071-7881783,Mobile,+8550717881783
Metfone-071-7881784,Mobile,+8550717881784
Metfone-071-7881785,Mobile,+8550717881785
Metfone-071-7881786,Mobile,+8550717881786
Metfone-071-7881787,Mobile,+8550717881787
Metfone-071-7881788,Mobile,+8550717881788
Metfone-071-7881789,Mobile,+8550717881789
Metfone-071-7881790,Mobile,+8550717881790
Metfone-071-7881791,Mobile,+8550717881791
Metfone-071-7881792,Mobile,+8550717881792
Metfone-071-7881793,Mobile,+8550717881793
Metfone-071-7881794,Mobile,+8550717881794
Metfone-071-7881795,Mobile,+8550717881795
Metfone-071-7881796,Mobile,+8550717881796
Metfone-071-7881797,Mobile,+8550717881797
Metfone-071-7881798,Mobile,+8550717881798
Metfone-071-7881799,Mobile,+8550717881799
Metfone-071-7881800,Mobile,+8550717881800
Metfone-071-7881801,Mobile,+8550717881801
Metfone-071-7881802,Mobile,+8550717881802
Metfone-071-7881803,Mobile,+8550717881803
Metfone-071-7881804,Mobile,+8550717881804
Metfone-071-7881805,Mobile,+8550717881805
Metfone-071-7881806,Mobile,+8550717881806
Metfone-071-7881807,Mobile,+8550717881807
Metfone-071-7881808,Mobile,+8550717881808
Metfone-071-7881809,Mobile,+8550717881809
Metfone-071-7881810,Mobile,+8550717881810
Metfone-071-7881811,Mobile,+8550717881811
Metfone-071-7881812,Mobile,+8550717881812
Metfone-071-7881813,Mobile,+8550717881813
Metfone-071-7881814,Mobile,+8550717881814
Metfone-071-7881815,Mobile,+8550717881815
Metfone-071-7881816,Mobile,+8550717881816
Metfone-071-7881817,Mobile,+8550717881817
Metfone-071-7881818,Mobile,+8550717881818
Metfone-071-7881819,Mobile,+8550717881819
Metfone-071-7881820,Mobile,+8550717881820
Metfone-071-7881821,Mobile,+8550717881821
Metfone-071-7881822,Mobile,+8550717881822
Metfone-071-7881823,Mobile,+8550717881823
Metfone-071-7881824,Mobile,+8550717881824
Metfone-071-7881825,Mobile,+8550717881825
Metfone-071-7881826,Mobile,+8550717881826
Metfone-071-7881827,Mobile,+8550717881827
Metfone-071-7881828,Mobile,+8550717881828
Metfone-071-7881829,Mobile,+8550717881829
Metfone-071-7881830,Mobile,+8550717881830
Metfone-071-7881831,Mobile,+8550717881831
Metfone-071-7881832,Mobile,+8550717881832
Metfone-071-7881833,Mobile,+8550717881833
Metfone-071-7881834,Mobile,+8550717881834
Metfone-071-7881835,Mobile,+8550717881835
Metfone-071-7881836,Mobile,+8550717881836
Metfone-071-7881837,Mobile,+8550717881837
Metfone-071-7881838,Mobile,+8550717881838
Metfone-071-7881839,Mobile,+8550717881839
Metfone-071-7881840,Mobile,+8550717881840
Metfone-071-7881841,Mobile,+8550717881841
Metfone-071-7881842,Mobile,+8550717881842
Metfone-071-7881843,Mobile,+8550717881843
Metfone-071-7881844,Mobile,+8550717881844
Metfone-071-7881845,Mobile,+8550717881845
Metfone-071-7881846,Mobile,+8550717881846
Metfone-071-7881847,Mobile,+8550717881847
Metfone-071-7881848,Mobile,+8550717881848
Metfone-071-7881849,Mobile,+8550717881849
Metfone-071-7881850,Mobile,+8550717881850
Metfone-071-7881851,Mobile,+8550717881851
Metfone-071-7881852,Mobile,+8550717881852
Metfone-071-7881853,Mobile,+8550717881853
Metfone-071-7881854,Mobile,+8550717881854
Metfone-071-7881855,Mobile,+8550717881855
Metfone-071-7881856,Mobile,+8550717881856
Metfone-071-7881857,Mobile,+8550717881857
Metfone-071-7881858,Mobile,+8550717881858
Metfone-071-7881859,Mobile,+8550717881859
Metfone-071-7881860,Mobile,+8550717881860
Metfone-071-7881861,Mobile,+8550717881861
Metfone-071-7881862,Mobile,+8550717881862
Metfone-071-7881863,Mobile,+8550717881863
Metfone-071-7881864,Mobile,+8550717881864
Metfone-071-7881865,Mobile,+8550717881865
Metfone-071-7881866,Mobile,+8550717881866
Metfone-071-7881867,Mobile,+8550717881867
Metfone-071-7881868,Mobile,+8550717881868
Metfone-071-7881869,Mobile,+8550717881869
Metfone-071-7881870,Mobile,+8550717881870
Metfone-071-7881871,Mobile,+8550717881871
Metfone-071-7881872,Mobile,+8550717881872
Metfone-071-7881873,Mobile,+8550717881873
Metfone-071-7881874,Mobile,+8550717881874
Metfone-071-7881875,Mobile,+8550717881875
Metfone-071-7881876,Mobile,+8550717881876
Metfone-071-7881877,Mobile,+8550717881877
Metfone-071-7881878,Mobile,+8550717881878
Metfone-071-7881879,Mobile,+8550717881879
Metfone-071-7881880,Mobile,+8550717881880
Metfone-071-7881881,Mobile,+8550717881881
Metfone-071-7881882,Mobile,+8550717881882
Metfone-071-7881883,Mobile,+8550717881883
Metfone-071-7881884,Mobile,+8550717881884
Metfone-071-7881885,Mobile,+8550717881885
Metfone-071-7881886,Mobile,+8550717881886
Metfone-071-7881887,Mobile,+8550717881887
Metfone-071-7881888,Mobile,+8550717881888
Metfone-071-7881889,Mobile,+8550717881889
Metfone-071-7881890,Mobile,+8550717881890
Metfone-071-7881891,Mobile,+8550717881891
Metfone-071-7881892,Mobile,+8550717881892
Metfone-071-7881893,Mobile,+8550717881893
Metfone-071-7881894,Mobile,+8550717881894
Metfone-071-7881895,Mobile,+8550717881895
Metfone-071-7881896,Mobile,+8550717881896
Metfone-071-7881897,Mobile,+8550717881897
Metfone-071-7881898,Mobile,+8550717881898
Metfone-071-7881899,Mobile,+8550717881899
Metfone-071-7881900,Mobile,+8550717881900
Metfone-071-7881901,Mobile,+8550717881901
Metfone-071-7881902,Mobile,+8550717881902
Metfone-071-7881903,Mobile,+8550717881903
Metfone-071-7881904,Mobile,+8550717881904
Metfone-071-7881905,Mobile,+8550717881905
Metfone-071-7881906,Mobile,+8550717881906
Metfone-071-7881907,Mobile,+8550717881907
Metfone-071-7881908,Mobile,+8550717881908
Metfone-071-7881909,Mobile,+8550717881909
Metfone-071-7881910,Mobile,+8550717881910
Metfone-071-7881911,Mobile,+8550717881911
Metfone-071-7881912,Mobile,+8550717881912
Metfone-071-7881913,Mobile,+8550717881913
Metfone-071-7881914,Mobile,+8550717881914
Metfone-071-7881915,Mobile,+8550717881915
Metfone-071-7881916,Mobile,+8550717881916
Metfone-071-7881917,Mobile,+8550717881917
Metfone-071-7881918,Mobile,+8550717881918
Metfone-071-7881919,Mobile,+8550717881919
Metfone-071-7881920,Mobile,+8550717881920
Metfone-071-7881921,Mobile,+8550717881921
Metfone-071-7881922,Mobile,+8550717881922
Metfone-071-7881923,Mobile,+8550717881923
Metfone-071-7881924,Mobile,+8550717881924
Metfone-071-7881925,Mobile,+8550717881925
Metfone-071-7881926,Mobile,+8550717881926
Metfone-071-7881927,Mobile,+8550717881927
Metfone-071-7881928,Mobile,+8550717881928
Metfone-071-7881929,Mobile,+8550717881929
Metfone-071-7881930,Mobile,+8550717881930
Metfone-071-7881931,Mobile,+8550717881931
Metfone-071-7881932,Mobile,+8550717881932
Metfone-071-7881933,Mobile,+8550717881933
Metfone-071-7881934,Mobile,+8550717881934
Metfone-071-7881935,Mobile,+8550717881935
Metfone-071-7881936,Mobile,+8550717881936
Metfone-071-7881937,Mobile,+8550717881937
Metfone-071-7881938,Mobile,+8550717881938
Metfone-071-7881939,Mobile,+8550717881939
Metfone-071-7881940,Mobile,+8550717881940
Metfone-071-7881941,Mobile,+8550717881941
Metfone-071-7881942,Mobile,+8550717881942
Metfone-071-7881943,Mobile,+8550717881943
Metfone-071-7881944,Mobile,+8550717881944
Metfone-071-7881945,Mobile,+8550717881945
Metfone-071-7881946,Mobile,+8550717881946
Metfone-071-7881947,Mobile,+8550717881947
Metfone-071-7881948,Mobile,+8550717881948
Metfone-071-7881949,Mobile,+8550717881949
Metfone-071-7881950,Mobile,+8550717881950
Metfone-071-7881951,Mobile,+8550717881951
Metfone-071-7881952,Mobile,+8550717881952
Metfone-071-7881953,Mobile,+8550717881953
Metfone-071-7881954,Mobile,+8550717881954
Metfone-071-7881955,Mobile,+8550717881955
Metfone-071-7881956,Mobile,+8550717881956
Metfone-071-7881957,Mobile,+8550717881957
Metfone-071-7881958,Mobile,+8550717881958
Metfone-071-7881959,Mobile,+8550717881959
Metfone-071-7881960,Mobile,+8550717881960
Metfone-071-7881961,Mobile,+8550717881961
Metfone-071-7881962,Mobile,+8550717881962
Metfone-071-7881963,Mobile,+8550717881963
Metfone-071-7881964,Mobile,+8550717881964
Metfone-071-7881965,Mobile,+8550717881965
Metfone-071-7881966,Mobile,+8550717881966
Metfone-071-7881967,Mobile,+8550717881967
Metfone-071-7881968,Mobile,+8550717881968
Metfone-071-7881969,Mobile,+8550717881969
Metfone-071-7881970,Mobile,+8550717881970
Metfone-071-7881971,Mobile,+8550717881971
Metfone-071-7881972,Mobile,+8550717881972
Metfone-071-7881973,Mobile,+8550717881973
Metfone-071-7881974,Mobile,+8550717881974
Metfone-071-7881975,Mobile,+8550717881975
Metfone-071-7881976,Mobile,+8550717881976
Metfone-071-7881977,Mobile,+8550717881977
Metfone-071-7881978,Mobile,+8550717881978
Metfone-071-7881979,Mobile,+8550717881979
Metfone-071-7881980,Mobile,+8550717881980
Metfone-071-7881981,Mobile,+8550717881981
Metfone-071-7881982,Mobile,+8550717881982
Metfone-071-7881983,Mobile,+8550717881983
Metfone-071-7881984,Mobile,+8550717881984
Metfone-071-7881985,Mobile,+8550717881985
Metfone-071-7881986,Mobile,+8550717881986
Metfone-071-7881987,Mobile,+8550717881987
Metfone-071-7881988,Mobile,+8550717881988
Metfone-071-7881989,Mobile,+8550717881989
Metfone-071-7881990,Mobile,+8550717881990
Metfone-071-7881991,Mobile,+8550717881991
Metfone-071-7881992,Mobile,+8550717881992
Metfone-071-7881993,Mobile,+8550717881993
Metfone-071-7881994,Mobile,+8550717881994
Metfone-071-7881995,Mobile,+8550717881995
Metfone-071-7881996,Mobile,+8550717881996
Metfone-071-7881997,Mobile,+8550717881997
Metfone-071-7881998,Mobile,+8550717881998
Metfone-071-7881999,Mobile,+8550717881999
Metfone-071-7882000,Mobile,+8550717882000
Metfone-071-7882001,Mobile,+8550717882001
Metfone-071-7882002,Mobile,+8550717882002
Metfone-071-7882003,Mobile,+8550717882003
Metfone-071-7882004,Mobile,+8550717882004
Metfone-071-7882005,Mobile,+8550717882005
Metfone-071-7882006,Mobile,+8550717882006
Metfone-071-7882007,Mobile,+8550717882007
Metfone-071-7882008,Mobile,+8550717882008
Metfone-071-7882009,Mobile,+8550717882009
Metfone-071-7882010,Mobile,+8550717882010
Metfone-071-7882011,Mobile,+8550717882011
Metfone-071-7882012,Mobile,+8550717882012
Metfone-071-7882013,Mobile,+8550717882013
Metfone-071-7882014,Mobile,+8550717882014
Metfone-071-7882015,Mobile,+8550717882015
Metfone-071-7882016,Mobile,+8550717882016
Metfone-071-7882017,Mobile,+8550717882017
Metfone-071-7882018,Mobile,+8550717882018
Metfone-071-7882019,Mobile,+8550717882019
Metfone-071-7882020,Mobile,+8550717882020
Metfone-071-7882021,Mobile,+8550717882021
Metfone-071-7882022,Mobile,+8550717882022
Metfone-071-7882023,Mobile,+8550717882023
Metfone-071-7882024,Mobile,+8550717882024
Metfone-071-7882025,Mobile,+8550717882025
Metfone-071-7882026,Mobile,+8550717882026
Metfone-071-7882027,Mobile,+8550717882027
Metfone-071-7882028,Mobile,+8550717882028
Metfone-071-7882029,Mobile,+8550717882029
Metfone-071-7882030,Mobile,+8550717882030
Metfone-071-7882031,Mobile,+8550717882031
Metfone-071-7882032,Mobile,+8550717882032
Metfone-071-7882033,Mobile,+8550717882033
Metfone-071-7882034,Mobile,+8550717882034
Metfone-071-7882035,Mobile,+8550717882035
Metfone-071-7882036,Mobile,+8550717882036
Metfone-071-7882037,Mobile,+8550717882037
Metfone-071-7882038,Mobile,+8550717882038
Metfone-071-7882039,Mobile,+8550717882039
Metfone-071-7882040,Mobile,+8550717882040
Metfone-071-7882041,Mobile,+8550717882041
Metfone-071-7882042,Mobile,+8550717882042
Metfone-071-7882043,Mobile,+8550717882043
Metfone-071-7882044,Mobile,+8550717882044
Metfone-071-7882045,Mobile,+8550717882045
Metfone-071-7882046,Mobile,+8550717882046
Metfone-071-7882047,Mobile,+8550717882047
Metfone-071-7882048,Mobile,+8550717882048
Metfone-071-7882049,Mobile,+8550717882049
Metfone-071-7882050,Mobile,+8550717882050
Metfone-071-7882051,Mobile,+8550717882051
Metfone-071-7882052,Mobile,+8550717882052
Metfone-071-7882053,Mobile,+8550717882053
Metfone-071-7882054,Mobile,+8550717882054
Metfone-071-7882055,Mobile,+8550717882055
Metfone-071-7882056,Mobile,+8550717882056
Metfone-071-7882057,Mobile,+8550717882057
Metfone-071-7882058,Mobile,+8550717882058
Metfone-071-7882059,Mobile,+8550717882059
Metfone-071-7882060,Mobile,+8550717882060
Metfone-071-7882061,Mobile,+8550717882061
Metfone-071-7882062,Mobile,+8550717882062
Metfone-071-7882063,Mobile,+8550717882063
Metfone-071-7882064,Mobile,+8550717882064
Metfone-071-7882065,Mobile,+8550717882065
Metfone-071-7882066,Mobile,+8550717882066
Metfone-071-7882067,Mobile,+8550717882067
Metfone-071-7882068,Mobile,+8550717882068
Metfone-071-7882069,Mobile,+8550717882069
Metfone-071-7882070,Mobile,+8550717882070
Metfone-071-7882071,Mobile,+8550717882071
Metfone-071-7882072,Mobile,+8550717882072
Metfone-071-7882073,Mobile,+8550717882073
Metfone-071-7882074,Mobile,+8550717882074
Metfone-071-7882075,Mobile,+8550717882075
Metfone-071-7882076,Mobile,+8550717882076
Metfone-071-7882077,Mobile,+8550717882077
Metfone-071-7882078,Mobile,+8550717882078
Metfone-071-7882079,Mobile,+8550717882079
Metfone-071-7882080,Mobile,+8550717882080
Metfone-071-7882081,Mobile,+8550717882081
Metfone-071-7882082,Mobile,+8550717882082
Metfone-071-7882083,Mobile,+8550717882083
Metfone-071-7882084,Mobile,+8550717882084
Metfone-071-7882085,Mobile,+8550717882085
Metfone-071-7882086,Mobile,+8550717882086
Metfone-071-7882087,Mobile,+8550717882087
Metfone-071-7882088,Mobile,+8550717882088
Metfone-071-7882089,Mobile,+8550717882089
Metfone-071-7882090,Mobile,+8550717882090
Metfone-071-7882091,Mobile,+8550717882091
Metfone-071-7882092,Mobile,+8550717882092
Metfone-071-7882093,Mobile,+8550717882093
Metfone-071-7882094,Mobile,+8550717882094
Metfone-071-7882095,Mobile,+8550717882095
Metfone-071-7882096,Mobile,+8550717882096
Metfone-071-7882097,Mobile,+8550717882097
Metfone-071-7882098,Mobile,+8550717882098
Metfone-071-7882099,Mobile,+8550717882099
Metfone-071-7882100,Mobile,+8550717882100
Metfone-071-7882101,Mobile,+8550717882101
Metfone-071-7882102,Mobile,+8550717882102
Metfone-071-7882103,Mobile,+8550717882103
Metfone-071-7882104,Mobile,+8550717882104
Metfone-071-7882105,Mobile,+8550717882105
Metfone-071-7882106,Mobile,+8550717882106
Metfone-071-7882107,Mobile,+8550717882107
Metfone-071-7882108,Mobile,+8550717882108
Metfone-071-7882109,Mobile,+8550717882109
Metfone-071-7882110,Mobile,+8550717882110
Metfone-071-7882111,Mobile,+8550717882111
Metfone-071-7882112,Mobile,+8550717882112
Metfone-071-7882113,Mobile,+8550717882113
Metfone-071-7882114,Mobile,+8550717882114
Metfone-071-7882115,Mobile,+8550717882115
Metfone-071-7882116,Mobile,+8550717882116
Metfone-071-7882117,Mobile,+8550717882117
Metfone-071-7882118,Mobile,+8550717882118
Metfone-071-7882119,Mobile,+8550717882119
Metfone-071-7882120,Mobile,+8550717882120
Metfone-071-7882121,Mobile,+8550717882121
Metfone-071-7882122,Mobile,+8550717882122
Metfone-071-7882123,Mobile,+8550717882123
Metfone-071-7882124,Mobile,+8550717882124
Metfone-071-7882125,Mobile,+8550717882125
Metfone-071-7882126,Mobile,+8550717882126
Metfone-071-7882127,Mobile,+8550717882127
Metfone-071-7882128,Mobile,+8550717882128
Metfone-071-7882129,Mobile,+8550717882129
Metfone-071-7882130,Mobile,+8550717882130
Metfone-071-7882131,Mobile,+8550717882131
Metfone-071-7882132,Mobile,+8550717882132
Metfone-071-7882133,Mobile,+8550717882133
Metfone-071-7882134,Mobile,+8550717882134
Metfone-071-7882135,Mobile,+8550717882135
Metfone-071-7882136,Mobile,+8550717882136
Metfone-071-7882137,Mobile,+8550717882137
Metfone-071-7882138,Mobile,+8550717882138
Metfone-071-7882139,Mobile,+8550717882139
Metfone-071-7882140,Mobile,+8550717882140
Metfone-071-7882141,Mobile,+8550717882141
Metfone-071-7882142,Mobile,+8550717882142
Metfone-071-7882143,Mobile,+8550717882143
Metfone-071-7882144,Mobile,+8550717882144
Metfone-071-7882145,Mobile,+8550717882145
Metfone-071-7882146,Mobile,+8550717882146
Metfone-071-7882147,Mobile,+8550717882147
Metfone-071-7882148,Mobile,+8550717882148
Metfone-071-7882149,Mobile,+8550717882149
Metfone-071-7882150,Mobile,+8550717882150
Metfone-071-7882151,Mobile,+8550717882151
Metfone-071-7882152,Mobile,+8550717882152
Metfone-071-7882153,Mobile,+8550717882153
Metfone-071-7882154,Mobile,+8550717882154
Metfone-071-7882155,Mobile,+8550717882155
Metfone-071-7882156,Mobile,+8550717882156
Metfone-071-7882157,Mobile,+8550717882157
Metfone-071-7882158,Mobile,+8550717882158
Metfone-071-7882159,Mobile,+8550717882159
Metfone-071-7882160,Mobile,+8550717882160
Metfone-071-7882161,Mobile,+8550717882161
Metfone-071-7882162,Mobile,+8550717882162
Metfone-071-7882163,Mobile,+8550717882163
Metfone-071-7882164,Mobile,+8550717882164
Metfone-071-7882165,Mobile,+8550717882165
Metfone-071-7882166,Mobile,+8550717882166
Metfone-071-7882167,Mobile,+8550717882167
Metfone-071-7882168,Mobile,+8550717882168
Metfone-071-7882169,Mobile,+8550717882169
Metfone-071-7882170,Mobile,+8550717882170
Metfone-071-7882171,Mobile,+8550717882171
Metfone-071-7882172,Mobile,+8550717882172
Metfone-071-7882173,Mobile,+8550717882173
Metfone-071-7882174,Mobile,+8550717882174
Metfone-071-7882175,Mobile,+8550717882175
Metfone-071-7882176,Mobile,+8550717882176
Metfone-071-7882177,Mobile,+8550717882177
Metfone-071-7882178,Mobile,+8550717882178
Metfone-071-7882179,Mobile,+8550717882179
Metfone-071-7882180,Mobile,+8550717882180
Metfone-071-7882181,Mobile,+8550717882181
Metfone-071-7882182,Mobile,+8550717882182
Metfone-071-7882183,Mobile,+8550717882183
Metfone-071-7882184,Mobile,+8550717882184
Metfone-071-7882185,Mobile,+8550717882185
Metfone-071-7882186,Mobile,+8550717882186
Metfone-071-7882187,Mobile,+8550717882187
Metfone-071-7882188,Mobile,+8550717882188
Metfone-071-7882189,Mobile,+8550717882189
Metfone-071-7882190,Mobile,+8550717882190
Metfone-071-7882191,Mobile,+8550717882191
Metfone-071-7882192,Mobile,+8550717882192
Metfone-071-7882193,Mobile,+8550717882193
Metfone-071-7882194,Mobile,+8550717882194
Metfone-071-7882195,Mobile,+8550717882195
Metfone-071-7882196,Mobile,+8550717882196
Metfone-071-7882197,Mobile,+8550717882197
Metfone-071-7882198,Mobile,+8550717882198
Metfone-071-7882199,Mobile,+8550717882199
Metfone-071-7882200,Mobile,+8550717882200
Metfone-071-7882201,Mobile,+8550717882201
Metfone-071-7882202,Mobile,+8550717882202
Metfone-071-7882203,Mobile,+8550717882203
Metfone-071-7882204,Mobile,+8550717882204
Metfone-071-7882205,Mobile,+8550717882205
Metfone-071-7882206,Mobile,+8550717882206
Metfone-071-7882207,Mobile,+8550717882207
Metfone-071-7882208,Mobile,+8550717882208
Metfone-071-7882209,Mobile,+8550717882209
Metfone-071-7882210,Mobile,+8550717882210
Metfone-071-7882211,Mobile,+8550717882211
Metfone-071-7882212,Mobile,+8550717882212
Metfone-071-7882213,Mobile,+8550717882213
Metfone-071-7882214,Mobile,+8550717882214
Metfone-071-7882215,Mobile,+8550717882215
Metfone-071-7882216,Mobile,+8550717882216
Metfone-071-7882217,Mobile,+8550717882217
Metfone-071-7882218,Mobile,+8550717882218
Metfone-071-7882219,Mobile,+8550717882219
Metfone-071-7882220,Mobile,+8550717882220
Metfone-071-7882221,Mobile,+8550717882221
Metfone-071-7882222,Mobile,+8550717882222
Metfone-071-7882223,Mobile,+8550717882223
Metfone-071-7882224,Mobile,+8550717882224
Metfone-071-7882225,Mobile,+8550717882225
Metfone-071-7882226,Mobile,+8550717882226
Metfone-071-7882227,Mobile,+8550717882227
Metfone-071-7882228,Mobile,+8550717882228
Metfone-071-7882229,Mobile,+8550717882229
Metfone-071-7882230,Mobile,+8550717882230
Metfone-071-7882231,Mobile,+8550717882231
Metfone-071-7882232,Mobile,+8550717882232
Metfone-071-7882233,Mobile,+8550717882233
Metfone-071-7882234,Mobile,+8550717882234
Metfone-071-7882235,Mobile,+8550717882235
Metfone-071-7882236,Mobile,+8550717882236
Metfone-071-7882237,Mobile,+8550717882237
Metfone-071-7882238,Mobile,+8550717882238
Metfone-071-7882239,Mobile,+8550717882239
Metfone-071-7882240,Mobile,+8550717882240
Metfone-071-7882241,Mobile,+8550717882241
Metfone-071-7882242,Mobile,+8550717882242
Metfone-071-7882243,Mobile,+8550717882243
Metfone-071-7882244,Mobile,+8550717882244
Metfone-071-7882245,Mobile,+8550717882245
Metfone-071-7882246,Mobile,+8550717882246
Metfone-071-7882247,Mobile,+8550717882247
Metfone-071-7882248,Mobile,+8550717882248
Metfone-071-7882249,Mobile,+8550717882249
Metfone-071-7882250,Mobile,+8550717882250
Metfone-071-7882251,Mobile,+8550717882251
Metfone-071-7882252,Mobile,+8550717882252
Metfone-071-7882253,Mobile,+8550717882253
Metfone-071-7882254,Mobile,+8550717882254
Metfone-071-7882255,Mobile,+8550717882255
Metfone-071-7882256,Mobile,+8550717882256
Metfone-071-7882257,Mobile,+8550717882257
Metfone-071-7882258,Mobile,+8550717882258
Metfone-071-7882259,Mobile,+8550717882259
Metfone-071-7882260,Mobile,+8550717882260
Metfone-071-7882261,Mobile,+8550717882261
Metfone-071-7882262,Mobile,+8550717882262
Metfone-071-7882263,Mobile,+8550717882263
Metfone-071-7882264,Mobile,+8550717882264
Metfone-071-7882265,Mobile,+8550717882265
Metfone-071-7882266,Mobile,+8550717882266
Metfone-071-7882267,Mobile,+8550717882267
Metfone-071-7882268,Mobile,+8550717882268
Metfone-071-7882269,Mobile,+8550717882269
Metfone-071-7882270,Mobile,+8550717882270
Metfone-071-7882271,Mobile,+8550717882271
Metfone-071-7882272,Mobile,+8550717882272
Metfone-071-7882273,Mobile,+8550717882273
Metfone-071-7882274,Mobile,+8550717882274
Metfone-071-7882275,Mobile,+8550717882275
Metfone-071-7882276,Mobile,+8550717882276
Metfone-071-7882277,Mobile,+8550717882277
Metfone-071-7882278,Mobile,+8550717882278
Metfone-071-7882279,Mobile,+8550717882279
Metfone-071-7882280,Mobile,+8550717882280
Metfone-071-7882281,Mobile,+8550717882281
Metfone-071-7882282,Mobile,+8550717882282
Metfone-071-7882283,Mobile,+8550717882283
Metfone-071-7882284,Mobile,+8550717882284
Metfone-071-7882285,Mobile,+8550717882285
Metfone-071-7882286,Mobile,+8550717882286
Metfone-071-7882287,Mobile,+8550717882287
Metfone-071-7882288,Mobile,+8550717882288
Metfone-071-7882289,Mobile,+8550717882289
Metfone-071-7882290,Mobile,+8550717882290
Metfone-071-7882291,Mobile,+8550717882291
Metfone-071-7882292,Mobile,+8550717882292
Metfone-071-7882293,Mobile,+8550717882293
Metfone-071-7882294,Mobile,+8550717882294
Metfone-071-7882295,Mobile,+8550717882295
Metfone-071-7882296,Mobile,+8550717882296
Metfone-071-7882297,Mobile,+8550717882297
Metfone-071-7882298,Mobile,+8550717882298
Metfone-071-7882299,Mobile,+8550717882299
Metfone-071-7882300,Mobile,+8550717882300
Metfone-071-7882301,Mobile,+8550717882301
Metfone-071-7882302,Mobile,+8550717882302
Metfone-071-7882303,Mobile,+8550717882303
Metfone-071-7882304,Mobile,+8550717882304
Metfone-071-7882305,Mobile,+8550717882305
Metfone-071-7882306,Mobile,+8550717882306
Metfone-071-7882307,Mobile,+8550717882307
Metfone-071-7882308,Mobile,+8550717882308
Metfone-071-7882309,Mobile,+8550717882309
Metfone-071-7882310,Mobile,+8550717882310
Metfone-071-7882311,Mobile,+8550717882311
Metfone-071-7882312,Mobile,+8550717882312
Metfone-071-7882313,Mobile,+8550717882313
Metfone-071-7882314,Mobile,+8550717882314
Metfone-071-7882315,Mobile,+8550717882315
Metfone-071-7882316,Mobile,+8550717882316
Metfone-071-7882317,Mobile,+8550717882317
Metfone-071-7882318,Mobile,+8550717882318
Metfone-071-7882319,Mobile,+8550717882319
Metfone-071-7882320,Mobile,+8550717882320
Metfone-071-7882321,Mobile,+8550717882321
Metfone-071-7882322,Mobile,+8550717882322
Metfone-071-7882323,Mobile,+8550717882323
Metfone-071-7882324,Mobile,+8550717882324
Metfone-071-7882325,Mobile,+8550717882325
Metfone-071-7882326,Mobile,+8550717882326
Metfone-071-7882327,Mobile,+8550717882327
Metfone-071-7882328,Mobile,+8550717882328
Metfone-071-7882329,Mobile,+8550717882329
Metfone-071-7882330,Mobile,+8550717882330
Metfone-071-7882331,Mobile,+8550717882331
Metfone-071-7882332,Mobile,+8550717882332
Metfone-071-7882333,Mobile,+8550717882333
Metfone-071-7882334,Mobile,+8550717882334
Metfone-071-7882335,Mobile,+8550717882335
Metfone-071-7882336,Mobile,+8550717882336
Metfone-071-7882337,Mobile,+8550717882337
Metfone-071-7882338,Mobile,+8550717882338
Metfone-071-7882339,Mobile,+8550717882339
Metfone-071-7882340,Mobile,+8550717882340
Metfone-071-7882341,Mobile,+8550717882341
Metfone-071-7882342,Mobile,+8550717882342
Metfone-071-7882343,Mobile,+8550717882343
Metfone-071-7882344,Mobile,+8550717882344
Metfone-071-7882345,Mobile,+8550717882345
Metfone-071-7882346,Mobile,+8550717882346
Metfone-071-7882347,Mobile,+8550717882347
Metfone-071-7882348,Mobile,+8550717882348
Metfone-071-7882349,Mobile,+8550717882349
Metfone-071-7882350,Mobile,+8550717882350
Metfone-071-7882351,Mobile,+8550717882351
Metfone-071-7882352,Mobile,+8550717882352
Metfone-071-7882353,Mobile,+8550717882353
Metfone-071-7882354,Mobile,+8550717882354
Metfone-071-7882355,Mobile,+8550717882355
Metfone-071-7882356,Mobile,+8550717882356
Metfone-071-7882357,Mobile,+8550717882357
Metfone-071-7882358,Mobile,+8550717882358
Metfone-071-7882359,Mobile,+8550717882359
Metfone-071-7882360,Mobile,+8550717882360
Metfone-071-7882361,Mobile,+8550717882361
Metfone-071-7882362,Mobile,+8550717882362
Metfone-071-7882363,Mobile,+8550717882363
Metfone-071-7882364,Mobile,+8550717882364
Metfone-071-7882365,Mobile,+8550717882365
Metfone-071-7882366,Mobile,+8550717882366
Metfone-071-7882367,Mobile,+8550717882367
Metfone-071-7882368,Mobile,+8550717882368
Metfone-071-7882369,Mobile,+8550717882369
Metfone-071-7882370,Mobile,+8550717882370
Metfone-071-7882371,Mobile,+8550717882371
Metfone-071-7882372,Mobile,+8550717882372
Metfone-071-7882373,Mobile,+8550717882373
Metfone-071-7882374,Mobile,+8550717882374
Metfone-071-7882375,Mobile,+8550717882375
Metfone-071-7882376,Mobile,+8550717882376
Metfone-071-7882377,Mobile,+8550717882377
Metfone-071-7882378,Mobile,+8550717882378
Metfone-071-7882379,Mobile,+8550717882379
Metfone-071-7882380,Mobile,+8550717882380
Metfone-071-7882381,Mobile,+8550717882381
Metfone-071-7882382,Mobile,+8550717882382
Metfone-071-7882383,Mobile,+8550717882383
Metfone-071-7882384,Mobile,+8550717882384
Metfone-071-7882385,Mobile,+8550717882385
Metfone-071-7882386,Mobile,+8550717882386
Metfone-071-7882387,Mobile,+8550717882387
Metfone-071-7882388,Mobile,+8550717882388
Metfone-071-7882389,Mobile,+8550717882389
Metfone-071-7882390,Mobile,+8550717882390
Metfone-071-7882391,Mobile,+8550717882391
Metfone-071-7882392,Mobile,+8550717882392
Metfone-071-7882393,Mobile,+8550717882393
Metfone-071-7882394,Mobile,+8550717882394
Metfone-071-7882395,Mobile,+8550717882395
Metfone-071-7882396,Mobile,+8550717882396
Metfone-071-7882397,Mobile,+8550717882397
Metfone-071-7882398,Mobile,+8550717882398
Metfone-071-7882399,Mobile,+8550717882399
Metfone-071-7882400,Mobile,+8550717882400
Metfone-071-7882401,Mobile,+8550717882401
Metfone-071-7882402,Mobile,+8550717882402
Metfone-071-7882403,Mobile,+8550717882403
Metfone-071-7882404,Mobile,+8550717882404
Metfone-071-7882405,Mobile,+8550717882405
Metfone-071-7882406,Mobile,+8550717882406
Metfone-071-7882407,Mobile,+8550717882407
Metfone-071-7882408,Mobile,+8550717882408
Metfone-071-7882409,Mobile,+8550717882409
Metfone-071-7882410,Mobile,+8550717882410
Metfone-071-7882411,Mobile,+8550717882411
Metfone-071-7882412,Mobile,+8550717882412
Metfone-071-7882413,Mobile,+8550717882413
Metfone-071-7882414,Mobile,+8550717882414
Metfone-071-7882415,Mobile,+8550717882415
Metfone-071-7882416,Mobile,+8550717882416
Metfone-071-7882417,Mobile,+8550717882417
Metfone-071-7882418,Mobile,+8550717882418
Metfone-071-7882419,Mobile,+8550717882419
Metfone-071-7882420,Mobile,+8550717882420
Metfone-071-7882421,Mobile,+8550717882421
Metfone-071-7882422,Mobile,+8550717882422
Metfone-071-7882423,Mobile,+8550717882423
Metfone-071-7882424,Mobile,+8550717882424
Metfone-071-7882425,Mobile,+8550717882425
Metfone-071-7882426,Mobile,+8550717882426
Metfone-071-7882427,Mobile,+8550717882427
Metfone-071-7882428,Mobile,+8550717882428
Metfone-071-7882429,Mobile,+8550717882429
Metfone-071-7882430,Mobile,+8550717882430
Metfone-071-7882431,Mobile,+8550717882431
Metfone-071-7882432,Mobile,+8550717882432
Metfone-071-7882433,Mobile,+8550717882433
Metfone-071-7882434,Mobile,+8550717882434
Metfone-071-7882435,Mobile,+8550717882435
Metfone-071-7882436,Mobile,+8550717882436
Metfone-071-7882437,Mobile,+8550717882437
Metfone-071-7882438,Mobile,+8550717882438
Metfone-071-7882439,Mobile,+8550717882439
Metfone-071-7882440,Mobile,+8550717882440
Metfone-071-7882441,Mobile,+8550717882441
Metfone-071-7882442,Mobile,+8550717882442
Metfone-071-7882443,Mobile,+8550717882443
Metfone-071-7882444,Mobile,+8550717882444
Metfone-071-7882445,Mobile,+8550717882445
Metfone-071-7882446,Mobile,+8550717882446
Metfone-071-7882447,Mobile,+8550717882447
Metfone-071-7882448,Mobile,+8550717882448
Metfone-071-7882449,Mobile,+8550717882449
Metfone-071-7882450,Mobile,+8550717882450
Metfone-071-7882451,Mobile,+8550717882451
Metfone-071-7882452,Mobile,+8550717882452
Metfone-071-7882453,Mobile,+8550717882453
Metfone-071-7882454,Mobile,+8550717882454
Metfone-071-7882455,Mobile,+8550717882455
Metfone-071-7882456,Mobile,+8550717882456
Metfone-071-7882457,Mobile,+8550717882457
Metfone-071-7882458,Mobile,+8550717882458
Metfone-071-7882459,Mobile,+8550717882459
Metfone-071-7882460,Mobile,+8550717882460
Metfone-071-7882461,Mobile,+8550717882461
Metfone-071-7882462,Mobile,+8550717882462
Metfone-071-7882463,Mobile,+8550717882463
Metfone-071-7882464,Mobile,+8550717882464
Metfone-071-7882465,Mobile,+8550717882465
Metfone-071-7882466,Mobile,+8550717882466
Metfone-071-7882467,Mobile,+8550717882467
Metfone-071-7882468,Mobile,+8550717882468
Metfone-071-7882469,Mobile,+8550717882469
Metfone-071-7882470,Mobile,+8550717882470
Metfone-071-7882471,Mobile,+8550717882471
Metfone-071-7882472,Mobile,+8550717882472
Metfone-071-7882473,Mobile,+8550717882473
Metfone-071-7882474,Mobile,+8550717882474
Metfone-071-7882475,Mobile,+8550717882475
Metfone-071-7882476,Mobile,+8550717882476
Metfone-071-7882477,Mobile,+8550717882477
Metfone-071-7882478,Mobile,+8550717882478
Metfone-071-7882479,Mobile,+8550717882479
Metfone-071-7882480,Mobile,+8550717882480
Metfone-071-7882481,Mobile,+8550717882481
Metfone-071-7882482,Mobile,+8550717882482
Metfone-071-7882483,Mobile,+8550717882483
Metfone-071-7882484,Mobile,+8550717882484
Metfone-071-7882485,Mobile,+8550717882485
Metfone-071-7882486,Mobile,+8550717882486
Metfone-071-7882487,Mobile,+8550717882487
Metfone-071-7882488,Mobile,+8550717882488
Metfone-071-7882489,Mobile,+8550717882489
Metfone-071-7882490,Mobile,+8550717882490
Metfone-071-7882491,Mobile,+8550717882491
Metfone-071-7882492,Mobile,+8550717882492
Metfone-071-7882493,Mobile,+8550717882493
Metfone-071-7882494,Mobile,+8550717882494
Metfone-071-7882495,Mobile,+8550717882495
Metfone-071-7882496,Mobile,+8550717882496
Metfone-071-7882497,Mobile,+8550717882497
Metfone-071-7882498,Mobile,+8550717882498
Metfone-071-7882499,Mobile,+8550717882499
Metfone-071-7882500,Mobile,+8550717882500
Metfone-071-7882501,Mobile,+8550717882501
Metfone-071-7882502,Mobile,+8550717882502
Metfone-071-7882503,Mobile,+8550717882503
Metfone-071-7882504,Mobile,+8550717882504
Metfone-071-7882505,Mobile,+8550717882505
Metfone-071-7882506,Mobile,+8550717882506
Metfone-071-7882507,Mobile,+8550717882507
Metfone-071-7882508,Mobile,+8550717882508
Metfone-071-7882509,Mobile,+8550717882509
Metfone-071-7882510,Mobile,+8550717882510
Metfone-071-7882511,Mobile,+8550717882511
Metfone-071-7882512,Mobile,+8550717882512
Metfone-071-7882513,Mobile,+8550717882513
Metfone-071-7882514,Mobile,+8550717882514
Metfone-071-7882515,Mobile,+8550717882515
Metfone-071-7882516,Mobile,+8550717882516
Metfone-071-7882517,Mobile,+8550717882517
Metfone-071-7882518,Mobile,+8550717882518
Metfone-071-7882519,Mobile,+8550717882519
Metfone-071-7882520,Mobile,+8550717882520
Metfone-071-7882521,Mobile,+8550717882521
Metfone-071-7882522,Mobile,+8550717882522
Metfone-071-7882523,Mobile,+8550717882523
Metfone-071-7882524,Mobile,+8550717882524
Metfone-071-7882525,Mobile,+8550717882525
Metfone-071-7882526,Mobile,+8550717882526
Metfone-071-7882527,Mobile,+8550717882527
Metfone-071-7882528,Mobile,+8550717882528
Metfone-071-7882529,Mobile,+8550717882529
Metfone-071-7882530,Mobile,+8550717882530
Metfone-071-7882531,Mobile,+8550717882531
Metfone-071-7882532,Mobile,+8550717882532
Metfone-071-7882533,Mobile,+8550717882533
Metfone-071-7882534,Mobile,+8550717882534
Metfone-071-7882535,Mobile,+8550717882535
Metfone-071-7882536,Mobile,+8550717882536
Metfone-071-7882537,Mobile,+8550717882537
Metfone-071-7882538,Mobile,+8550717882538
Metfone-071-7882539,Mobile,+8550717882539
Metfone-071-7882540,Mobile,+8550717882540
Metfone-071-7882541,Mobile,+8550717882541
Metfone-071-7882542,Mobile,+8550717882542
Metfone-071-7882543,Mobile,+8550717882543
Metfone-071-7882544,Mobile,+8550717882544
Metfone-071-7882545,Mobile,+8550717882545
Metfone-071-7882546,Mobile,+8550717882546
Metfone-071-7882547,Mobile,+8550717882547
Metfone-071-7882548,Mobile,+8550717882548
Metfone-071-7882549,Mobile,+8550717882549
Metfone-071-7882550,Mobile,+8550717882550
Metfone-071-7882551,Mobile,+8550717882551
Metfone-071-7882552,Mobile,+8550717882552
Metfone-071-7882553,Mobile,+8550717882553
Metfone-071-7882554,Mobile,+8550717882554
Metfone-071-7882555,Mobile,+8550717882555
Metfone-071-7882556,Mobile,+8550717882556
Metfone-071-7882557,Mobile,+8550717882557
Metfone-071-7882558,Mobile,+8550717882558
Metfone-071-7882559,Mobile,+8550717882559
Metfone-071-7882560,Mobile,+8550717882560
Metfone-071-7882561,Mobile,+8550717882561
Metfone-071-7882562,Mobile,+8550717882562
Metfone-071-7882563,Mobile,+8550717882563
Metfone-071-7882564,Mobile,+8550717882564
Metfone-071-7882565,Mobile,+8550717882565
Metfone-071-7882566,Mobile,+8550717882566
Metfone-071-7882567,Mobile,+8550717882567
Metfone-071-7882568,Mobile,+8550717882568
Metfone-071-7882569,Mobile,+8550717882569
Metfone-071-7882570,Mobile,+8550717882570
Metfone-071-7882571,Mobile,+8550717882571
Metfone-071-7882572,Mobile,+8550717882572
Metfone-071-7882573,Mobile,+8550717882573
Metfone-071-7882574,Mobile,+8550717882574
Metfone-071-7882575,Mobile,+8550717882575
Metfone-071-7882576,Mobile,+8550717882576
Metfone-071-7882577,Mobile,+8550717882577
Metfone-071-7882578,Mobile,+8550717882578
Metfone-071-7882579,Mobile,+8550717882579
Metfone-071-7882580,Mobile,+8550717882580
Metfone-071-7882581,Mobile,+8550717882581
Metfone-071-7882582,Mobile,+8550717882582
Metfone-071-7882583,Mobile,+8550717882583
Metfone-071-7882584,Mobile,+8550717882584
Metfone-071-7882585,Mobile,+8550717882585
Metfone-071-7882586,Mobile,+8550717882586
Metfone-071-7882587,Mobile,+8550717882587
Metfone-071-7882588,Mobile,+8550717882588
Metfone-071-7882589,Mobile,+8550717882589
Metfone-071-7882590,Mobile,+8550717882590
Metfone-071-7882591,Mobile,+8550717882591
Metfone-071-7882592,Mobile,+8550717882592
Metfone-071-7882593,Mobile,+8550717882593
Metfone-071-7882594,Mobile,+8550717882594
Metfone-071-7882595,Mobile,+8550717882595
Metfone-071-7882596,Mobile,+8550717882596
Metfone-071-7882597,Mobile,+8550717882597
Metfone-071-7882598,Mobile,+8550717882598
Metfone-071-7882599,Mobile,+8550717882599
Metfone-071-7882600,Mobile,+8550717882600
Metfone-071-7882601,Mobile,+8550717882601
Metfone-071-7882602,Mobile,+8550717882602
Metfone-071-7882603,Mobile,+8550717882603
Metfone-071-7882604,Mobile,+8550717882604
Metfone-071-7882605,Mobile,+8550717882605
Metfone-071-7882606,Mobile,+8550717882606
Metfone-071-7882607,Mobile,+8550717882607
Metfone-071-7882608,Mobile,+8550717882608
Metfone-071-7882609,Mobile,+8550717882609
Metfone-071-7882610,Mobile,+8550717882610
Metfone-071-7882611,Mobile,+8550717882611
Metfone-071-7882612,Mobile,+8550717882612
Metfone-071-7882613,Mobile,+8550717882613
Metfone-071-7882614,Mobile,+8550717882614
Metfone-071-7882615,Mobile,+8550717882615
Metfone-071-7882616,Mobile,+8550717882616
Metfone-071-7882617,Mobile,+8550717882617
Metfone-071-7882618,Mobile,+8550717882618
Metfone-071-7882619,Mobile,+8550717882619
Metfone-071-7882620,Mobile,+8550717882620
Metfone-071-7882621,Mobile,+8550717882621
Metfone-071-7882622,Mobile,+8550717882622
Metfone-071-7882623,Mobile,+8550717882623
Metfone-071-7882624,Mobile,+8550717882624
Metfone-071-7882625,Mobile,+8550717882625
Metfone-071-7882626,Mobile,+8550717882626
Metfone-071-7882627,Mobile,+8550717882627
Metfone-071-7882628,Mobile,+8550717882628
Metfone-071-7882629,Mobile,+8550717882629
Metfone-071-7882630,Mobile,+8550717882630
Metfone-071-7882631,Mobile,+8550717882631
Metfone-071-7882632,Mobile,+8550717882632
Metfone-071-7882633,Mobile,+8550717882633
Metfone-071-7882634,Mobile,+8550717882634
Metfone-071-7882635,Mobile,+8550717882635
Metfone-071-7882636,Mobile,+8550717882636
Metfone-071-7882637,Mobile,+8550717882637
Metfone-071-7882638,Mobile,+8550717882638
Metfone-071-7882639,Mobile,+8550717882639
Metfone-071-7882640,Mobile,+8550717882640
Metfone-071-7882641,Mobile,+8550717882641
Metfone-071-7882642,Mobile,+8550717882642
Metfone-071-7882643,Mobile,+8550717882643
Metfone-071-7882644,Mobile,+8550717882644
Metfone-071-7882645,Mobile,+8550717882645
Metfone-071-7882646,Mobile,+8550717882646
Metfone-071-7882647,Mobile,+8550717882647
Metfone-071-7882648,Mobile,+8550717882648
Metfone-071-7882649,Mobile,+8550717882649
Metfone-071-7882650,Mobile,+8550717882650
Metfone-071-7882651,Mobile,+8550717882651
Metfone-071-7882652,Mobile,+8550717882652
Metfone-071-7882653,Mobile,+8550717882653
Metfone-071-7882654,Mobile,+8550717882654
Metfone-071-7882655,Mobile,+8550717882655
Metfone-071-7882656,Mobile,+8550717882656
Metfone-071-7882657,Mobile,+8550717882657
Metfone-071-7882658,Mobile,+8550717882658
Metfone-071-7882659,Mobile,+8550717882659
Metfone-071-7882660,Mobile,+8550717882660
Metfone-071-7882661,Mobile,+8550717882661
Metfone-071-7882662,Mobile,+8550717882662
Metfone-071-7882663,Mobile,+8550717882663
Metfone-071-7882664,Mobile,+8550717882664
Metfone-071-7882665,Mobile,+8550717882665
Metfone-071-7882666,Mobile,+8550717882666
Metfone-071-7882667,Mobile,+8550717882667
Metfone-071-7882668,Mobile,+8550717882668
Metfone-071-7882669,Mobile,+8550717882669
Metfone-071-7882670,Mobile,+8550717882670
Metfone-071-7882671,Mobile,+8550717882671
Metfone-071-7882672,Mobile,+8550717882672
Metfone-071-7882673,Mobile,+8550717882673
Metfone-071-7882674,Mobile,+8550717882674
Metfone-071-7882675,Mobile,+8550717882675
Metfone-071-7882676,Mobile,+8550717882676
Metfone-071-7882677,Mobile,+8550717882677
Metfone-071-7882678,Mobile,+8550717882678
Metfone-071-7882679,Mobile,+8550717882679
Metfone-071-7882680,Mobile,+8550717882680
Metfone-071-7882681,Mobile,+8550717882681
Metfone-071-7882682,Mobile,+8550717882682
Metfone-071-7882683,Mobile,+8550717882683
Metfone-071-7882684,Mobile,+8550717882684
Metfone-071-7882685,Mobile,+8550717882685
Metfone-071-7882686,Mobile,+8550717882686
Metfone-071-7882687,Mobile,+8550717882687
Metfone-071-7882688,Mobile,+8550717882688
Metfone-071-7882689,Mobile,+8550717882689
Metfone-071-7882690,Mobile,+8550717882690
Metfone-071-7882691,Mobile,+8550717882691
Metfone-071-7882692,Mobile,+8550717882692
Metfone-071-7882693,Mobile,+8550717882693
Metfone-071-7882694,Mobile,+8550717882694
Metfone-071-7882695,Mobile,+8550717882695
Metfone-071-7882696,Mobile,+8550717882696
Metfone-071-7882697,Mobile,+8550717882697
Metfone-071-7882698,Mobile,+8550717882698
Metfone-071-7882699,Mobile,+8550717882699
Metfone-071-7882700,Mobile,+8550717882700
Metfone-071-7882701,Mobile,+8550717882701
Metfone-071-7882702,Mobile,+8550717882702
Metfone-071-7882703,Mobile,+8550717882703
Metfone-071-7882704,Mobile,+8550717882704
Metfone-071-7882705,Mobile,+8550717882705
Metfone-071-7882706,Mobile,+8550717882706
Metfone-071-7882707,Mobile,+8550717882707
Metfone-071-7882708,Mobile,+8550717882708
Metfone-071-7882709,Mobile,+8550717882709
Metfone-071-7882710,Mobile,+8550717882710
Metfone-071-7882711,Mobile,+8550717882711
Metfone-071-7882712,Mobile,+8550717882712
Metfone-071-7882713,Mobile,+8550717882713
Metfone-071-7882714,Mobile,+8550717882714
Metfone-071-7882715,Mobile,+8550717882715
Metfone-071-7882716,Mobile,+8550717882716
Metfone-071-7882717,Mobile,+8550717882717
Metfone-071-7882718,Mobile,+8550717882718
Metfone-071-7882719,Mobile,+8550717882719
Metfone-071-7882720,Mobile,+8550717882720
Metfone-071-7882721,Mobile,+8550717882721
Metfone-071-7882722,Mobile,+8550717882722
Metfone-071-7882723,Mobile,+8550717882723
Metfone-071-7882724,Mobile,+8550717882724
Metfone-071-7882725,Mobile,+8550717882725
Metfone-071-7882726,Mobile,+8550717882726
Metfone-071-7882727,Mobile,+8550717882727
Metfone-071-7882728,Mobile,+8550717882728
Metfone-071-7882729,Mobile,+8550717882729
Metfone-071-7882730,Mobile,+8550717882730
Metfone-071-7882731,Mobile,+8550717882731
Metfone-071-7882732,Mobile,+8550717882732
Metfone-071-7882733,Mobile,+8550717882733
Metfone-071-7882734,Mobile,+8550717882734
Metfone-071-7882735,Mobile,+8550717882735
Metfone-071-7882736,Mobile,+8550717882736
Metfone-071-7882737,Mobile,+8550717882737
Metfone-071-7882738,Mobile,+8550717882738
Metfone-071-7882739,Mobile,+8550717882739
Metfone-071-7882740,Mobile,+8550717882740
Metfone-071-7882741,Mobile,+8550717882741
Metfone-071-7882742,Mobile,+8550717882742
Metfone-071-7882743,Mobile,+8550717882743
Metfone-071-7882744,Mobile,+8550717882744
Metfone-071-7882745,Mobile,+8550717882745
Metfone-071-7882746,Mobile,+8550717882746
Metfone-071-7882747,Mobile,+8550717882747
Metfone-071-7882748,Mobile,+8550717882748
Metfone-071-7882749,Mobile,+8550717882749
Metfone-071-7882750,Mobile,+8550717882750
Metfone-071-7882751,Mobile,+8550717882751
Metfone-071-7882752,Mobile,+8550717882752
Metfone-071-7882753,Mobile,+8550717882753
Metfone-071-7882754,Mobile,+8550717882754
Metfone-071-7882755,Mobile,+8550717882755
Metfone-071-7882756,Mobile,+8550717882756
Metfone-071-7882757,Mobile,+8550717882757
Metfone-071-7882758,Mobile,+8550717882758
Metfone-071-7882759,Mobile,+8550717882759
Metfone-071-7882760,Mobile,+8550717882760
Metfone-071-7882761,Mobile,+8550717882761
Metfone-071-7882762,Mobile,+8550717882762
Metfone-071-7882763,Mobile,+8550717882763
Metfone-071-7882764,Mobile,+8550717882764
Metfone-071-7882765,Mobile,+8550717882765
Metfone-071-7882766,Mobile,+8550717882766
Metfone-071-7882767,Mobile,+8550717882767
Metfone-071-7882768,Mobile,+8550717882768
Metfone-071-7882769,Mobile,+8550717882769
Metfone-071-7882770,Mobile,+8550717882770
Metfone-071-7882771,Mobile,+8550717882771
Metfone-071-7882772,Mobile,+8550717882772
Metfone-071-7882773,Mobile,+8550717882773
Metfone-071-7882774,Mobile,+8550717882774
Metfone-071-7882775,Mobile,+8550717882775
Metfone-071-7882776,Mobile,+8550717882776
Metfone-071-7882777,Mobile,+8550717882777
Metfone-071-7882778,Mobile,+8550717882778
Metfone-071-7882779,Mobile,+8550717882779
Metfone-071-7882780,Mobile,+8550717882780
Metfone-071-7882781,Mobile,+8550717882781
Metfone-071-7882782,Mobile,+8550717882782
Metfone-071-7882783,Mobile,+8550717882783
Metfone-071-7882784,Mobile,+8550717882784
Metfone-071-7882785,Mobile,+8550717882785
Metfone-071-7882786,Mobile,+8550717882786
Metfone-071-7882787,Mobile,+8550717882787
Metfone-071-7882788,Mobile,+8550717882788
Metfone-071-7882789,Mobile,+8550717882789
Metfone-071-7882790,Mobile,+8550717882790
Metfone-071-7882791,Mobile,+8550717882791
Metfone-071-7882792,Mobile,+8550717882792
Metfone-071-7882793,Mobile,+8550717882793
Metfone-071-7882794,Mobile,+8550717882794
Metfone-071-7882795,Mobile,+8550717882795
Metfone-071-7882796,Mobile,+8550717882796
Metfone-071-7882797,Mobile,+8550717882797
Metfone-071-7882798,Mobile,+8550717882798
Metfone-071-7882799,Mobile,+8550717882799
Metfone-071-7882800,Mobile,+8550717882800
Metfone-071-7882801,Mobile,+8550717882801
Metfone-071-7882802,Mobile,+8550717882802
Metfone-071-7882803,Mobile,+8550717882803
Metfone-071-7882804,Mobile,+8550717882804
Metfone-071-7882805,Mobile,+8550717882805
Metfone-071-7882806,Mobile,+8550717882806
Metfone-071-7882807,Mobile,+8550717882807
Metfone-071-7882808,Mobile,+8550717882808
Metfone-071-7882809,Mobile,+8550717882809
Metfone-071-7882810,Mobile,+8550717882810
Metfone-071-7882811,Mobile,+8550717882811
Metfone-071-7882812,Mobile,+8550717882812
Metfone-071-7882813,Mobile,+8550717882813
Metfone-071-7882814,Mobile,+8550717882814
Metfone-071-7882815,Mobile,+8550717882815
Metfone-071-7882816,Mobile,+8550717882816
Metfone-071-7882817,Mobile,+8550717882817
Metfone-071-7882818,Mobile,+8550717882818
Metfone-071-7882819,Mobile,+8550717882819
Metfone-071-7882820,Mobile,+8550717882820
Metfone-071-7882821,Mobile,+8550717882821
Metfone-071-7882822,Mobile,+8550717882822
Metfone-071-7882823,Mobile,+8550717882823
Metfone-071-7882824,Mobile,+8550717882824
Metfone-071-7882825,Mobile,+8550717882825
Metfone-071-7882826,Mobile,+8550717882826
Metfone-071-7882827,Mobile,+8550717882827
Metfone-071-7882828,Mobile,+8550717882828
Metfone-071-7882829,Mobile,+8550717882829
Metfone-071-7882830,Mobile,+8550717882830
Metfone-071-7882831,Mobile,+8550717882831
Metfone-071-7882832,Mobile,+8550717882832
Metfone-071-7882833,Mobile,+8550717882833
Metfone-071-7882834,Mobile,+8550717882834
Metfone-071-7882835,Mobile,+8550717882835
Metfone-071-7882836,Mobile,+8550717882836
Metfone-071-7882837,Mobile,+8550717882837
Metfone-071-7882838,Mobile,+8550717882838
Metfone-071-7882839,Mobile,+8550717882839
Metfone-071-7882840,Mobile,+8550717882840
Metfone-071-7882841,Mobile,+8550717882841
Metfone-071-7882842,Mobile,+8550717882842
Metfone-071-7882843,Mobile,+8550717882843
Metfone-071-7882844,Mobile,+8550717882844
Metfone-071-7882845,Mobile,+8550717882845
Metfone-071-7882846,Mobile,+8550717882846
Metfone-071-7882847,Mobile,+8550717882847
Metfone-071-7882848,Mobile,+8550717882848
Metfone-071-7882849,Mobile,+8550717882849
Metfone-071-7882850,Mobile,+8550717882850
Metfone-071-7882851,Mobile,+8550717882851
Metfone-071-7882852,Mobile,+8550717882852
Metfone-071-7882853,Mobile,+8550717882853
Metfone-071-7882854,Mobile,+8550717882854
Metfone-071-7882855,Mobile,+8550717882855
Metfone-071-7882856,Mobile,+8550717882856
Metfone-071-7882857,Mobile,+8550717882857
Metfone-071-7882858,Mobile,+8550717882858
Metfone-071-7882859,Mobile,+8550717882859
Metfone-071-7882860,Mobile,+8550717882860
Metfone-071-7882861,Mobile,+8550717882861
Metfone-071-7882862,Mobile,+8550717882862
Metfone-071-7882863,Mobile,+8550717882863
Metfone-071-7882864,Mobile,+8550717882864
Metfone-071-7882865,Mobile,+8550717882865
Metfone-071-7882866,Mobile,+8550717882866
Metfone-071-7882867,Mobile,+8550717882867
Metfone-071-7882868,Mobile,+8550717882868
Metfone-071-7882869,Mobile,+8550717882869
Metfone-071-7882870,Mobile,+8550717882870
Metfone-071-7882871,Mobile,+8550717882871
Metfone-071-7882872,Mobile,+8550717882872
Metfone-071-7882873,Mobile,+8550717882873
Metfone-071-7882874,Mobile,+8550717882874
Metfone-071-7882875,Mobile,+8550717882875
Metfone-071-7882876,Mobile,+8550717882876
Metfone-071-7882877,Mobile,+8550717882877
Metfone-071-7882878,Mobile,+8550717882878
Metfone-071-7882879,Mobile,+8550717882879
Metfone-071-7882880,Mobile,+8550717882880
Metfone-071-7882881,Mobile,+8550717882881
Metfone-071-7882882,Mobile,+8550717882882
Metfone-071-7882883,Mobile,+8550717882883
Metfone-071-7882884,Mobile,+8550717882884
Metfone-071-7882885,Mobile,+8550717882885
Metfone-071-7882886,Mobile,+8550717882886
Metfone-071-7882887,Mobile,+8550717882887
Metfone-071-7882888,Mobile,+8550717882888
Metfone-071-7882889,Mobile,+8550717882889
Metfone-071-7882890,Mobile,+8550717882890
Metfone-071-7882891,Mobile,+8550717882891
Metfone-071-7882892,Mobile,+8550717882892
Metfone-071-7882893,Mobile,+8550717882893
Metfone-071-7882894,Mobile,+8550717882894
Metfone-071-7882895,Mobile,+8550717882895
Metfone-071-7882896,Mobile,+8550717882896
Metfone-071-7882897,Mobile,+8550717882897
Metfone-071-7882898,Mobile,+8550717882898
Metfone-071-7882899,Mobile,+8550717882899
Metfone-071-7882900,Mobile,+8550717882900
Metfone-071-7882901,Mobile,+8550717882901
Metfone-071-7882902,Mobile,+8550717882902
Metfone-071-7882903,Mobile,+8550717882903
Metfone-071-7882904,Mobile,+8550717882904
Metfone-071-7882905,Mobile,+8550717882905
Metfone-071-7882906,Mobile,+8550717882906
Metfone-071-7882907,Mobile,+8550717882907
Metfone-071-7882908,Mobile,+8550717882908
Metfone-071-7882909,Mobile,+8550717882909
Metfone-071-7882910,Mobile,+8550717882910
Metfone-071-7882911,Mobile,+8550717882911
Metfone-071-7882912,Mobile,+8550717882912
Metfone-071-7882913,Mobile,+8550717882913
Metfone-071-7882914,Mobile,+8550717882914
Metfone-071-7882915,Mobile,+8550717882915
Metfone-071-7882916,Mobile,+8550717882916
Metfone-071-7882917,Mobile,+8550717882917
Metfone-071-7882918,Mobile,+8550717882918
Metfone-071-7882919,Mobile,+8550717882919
Metfone-071-7882920,Mobile,+8550717882920
Metfone-071-7882921,Mobile,+8550717882921
Metfone-071-7882922,Mobile,+8550717882922
Metfone-071-7882923,Mobile,+8550717882923
Metfone-071-7882924,Mobile,+8550717882924
Metfone-071-7882925,Mobile,+8550717882925
Metfone-071-7882926,Mobile,+8550717882926
Metfone-071-7882927,Mobile,+8550717882927
Metfone-071-7882928,Mobile,+8550717882928
Metfone-071-7882929,Mobile,+8550717882929
Metfone-071-7882930,Mobile,+8550717882930
Metfone-071-7882931,Mobile,+8550717882931
Metfone-071-7882932,Mobile,+8550717882932
Metfone-071-7882933,Mobile,+8550717882933
Metfone-071-7882934,Mobile,+8550717882934
Metfone-071-7882935,Mobile,+8550717882935
Metfone-071-7882936,Mobile,+8550717882936
Metfone-071-7882937,Mobile,+8550717882937
Metfone-071-7882938,Mobile,+8550717882938
Metfone-071-7882939,Mobile,+8550717882939
Metfone-071-7882940,Mobile,+8550717882940
Metfone-071-7882941,Mobile,+8550717882941
Metfone-071-7882942,Mobile,+8550717882942
Metfone-071-7882943,Mobile,+8550717882943
Metfone-071-7882944,Mobile,+8550717882944
Metfone-071-7882945,Mobile,+8550717882945
Metfone-071-7882946,Mobile,+8550717882946
Metfone-071-7882947,Mobile,+8550717882947
Metfone-071-7882948,Mobile,+8550717882948
Metfone-071-7882949,Mobile,+8550717882949
Metfone-071-7882950,Mobile,+8550717882950
Metfone-071-7882951,Mobile,+8550717882951
Metfone-071-7882952,Mobile,+8550717882952
Metfone-071-7882953,Mobile,+8550717882953
Metfone-071-7882954,Mobile,+8550717882954
Metfone-071-7882955,Mobile,+8550717882955
Metfone-071-7882956,Mobile,+8550717882956
Metfone-071-7882957,Mobile,+8550717882957
Metfone-071-7882958,Mobile,+8550717882958
Metfone-071-7882959,Mobile,+8550717882959
Metfone-071-7882960,Mobile,+8550717882960
Metfone-071-7882961,Mobile,+8550717882961
Metfone-071-7882962,Mobile,+8550717882962
Metfone-071-7882963,Mobile,+8550717882963
Metfone-071-7882964,Mobile,+8550717882964
Metfone-071-7882965,Mobile,+8550717882965
Metfone-071-7882966,Mobile,+8550717882966
Metfone-071-7882967,Mobile,+8550717882967
Metfone-071-7882968,Mobile,+8550717882968
Metfone-071-7882969,Mobile,+8550717882969
Metfone-071-7882970,Mobile,+8550717882970
Metfone-071-7882971,Mobile,+8550717882971
Metfone-071-7882972,Mobile,+8550717882972
Metfone-071-7882973,Mobile,+8550717882973
Metfone-071-7882974,Mobile,+8550717882974
Metfone-071-7882975,Mobile,+8550717882975
Metfone-071-7882976,Mobile,+8550717882976
Metfone-071-7882977,Mobile,+8550717882977
Metfone-071-7882978,Mobile,+8550717882978
Metfone-071-7882979,Mobile,+8550717882979
Metfone-071-7882980,Mobile,+8550717882980
Metfone-071-7882981,Mobile,+8550717882981
Metfone-071-7882982,Mobile,+8550717882982
Metfone-071-7882983,Mobile,+8550717882983
Metfone-071-7882984,Mobile,+8550717882984
Metfone-071-7882985,Mobile,+8550717882985
Metfone-071-7882986,Mobile,+8550717882986
Metfone-071-7882987,Mobile,+8550717882987
Metfone-071-7882988,Mobile,+8550717882988
Metfone-071-7882989,Mobile,+8550717882989
Metfone-071-7882990,Mobile,+8550717882990
Metfone-071-7882991,Mobile,+8550717882991
Metfone-071-7882992,Mobile,+8550717882992
Metfone-071-7882993,Mobile,+8550717882993
Metfone-071-7882994,Mobile,+8550717882994
Metfone-071-7882995,Mobile,+8550717882995
Metfone-071-7882996,Mobile,+8550717882996
Metfone-071-7882997,Mobile,+8550717882997
Metfone-071-7882998,Mobile,+8550717882998
Metfone-071-7882999,Mobile,+8550717882999
Metfone-071-7883000,Mobile,+8550717883000
Metfone-071-7883001,Mobile,+8550717883001
Metfone-071-7883002,Mobile,+8550717883002
Metfone-071-7883003,Mobile,+8550717883003
Metfone-071-7883004,Mobile,+8550717883004
Metfone-071-7883005,Mobile,+8550717883005
Metfone-071-7883006,Mobile,+8550717883006
Metfone-071-7883007,Mobile,+8550717883007
Metfone-071-7883008,Mobile,+8550717883008
Metfone-071-7883009,Mobile,+8550717883009
Metfone-071-7883010,Mobile,+8550717883010
Metfone-071-7883011,Mobile,+8550717883011
Metfone-071-7883012,Mobile,+8550717883012
Metfone-071-7883013,Mobile,+8550717883013
Metfone-071-7883014,Mobile,+8550717883014
Metfone-071-7883015,Mobile,+8550717883015
Metfone-071-7883016,Mobile,+8550717883016
Metfone-071-7883017,Mobile,+8550717883017
Metfone-071-7883018,Mobile,+8550717883018
Metfone-071-7883019,Mobile,+8550717883019
Metfone-071-7883020,Mobile,+8550717883020
Metfone-071-7883021,Mobile,+8550717883021
Metfone-071-7883022,Mobile,+8550717883022
Metfone-071-7883023,Mobile,+8550717883023
Metfone-071-7883024,Mobile,+8550717883024
Metfone-071-7883025,Mobile,+8550717883025
Metfone-071-7883026,Mobile,+8550717883026
Metfone-071-7883027,Mobile,+8550717883027
Metfone-071-7883028,Mobile,+8550717883028
Metfone-071-7883029,Mobile,+8550717883029
Metfone-071-7883030,Mobile,+8550717883030
Metfone-071-7883031,Mobile,+8550717883031
Metfone-071-7883032,Mobile,+8550717883032
Metfone-071-7883033,Mobile,+8550717883033
Metfone-071-7883034,Mobile,+8550717883034
Metfone-071-7883035,Mobile,+8550717883035
Metfone-071-7883036,Mobile,+8550717883036
Metfone-071-7883037,Mobile,+8550717883037
Metfone-071-7883038,Mobile,+8550717883038
Metfone-071-7883039,Mobile,+8550717883039
Metfone-071-7883040,Mobile,+8550717883040
Metfone-071-7883041,Mobile,+8550717883041
Metfone-071-7883042,Mobile,+8550717883042
Metfone-071-7883043,Mobile,+8550717883043
Metfone-071-7883044,Mobile,+8550717883044
Metfone-071-7883045,Mobile,+8550717883045
Metfone-071-7883046,Mobile,+8550717883046
Metfone-071-7883047,Mobile,+8550717883047
Metfone-071-7883048,Mobile,+8550717883048
Metfone-071-7883049,Mobile,+8550717883049
Metfone-071-7883050,Mobile,+8550717883050
Metfone-071-7883051,Mobile,+8550717883051
Metfone-071-7883052,Mobile,+8550717883052
Metfone-071-7883053,Mobile,+8550717883053
Metfone-071-7883054,Mobile,+8550717883054
Metfone-071-7883055,Mobile,+8550717883055
Metfone-071-7883056,Mobile,+8550717883056
Metfone-071-7883057,Mobile,+8550717883057
Metfone-071-7883058,Mobile,+8550717883058
Metfone-071-7883059,Mobile,+8550717883059
Metfone-071-7883060,Mobile,+8550717883060
Metfone-071-7883061,Mobile,+8550717883061
Metfone-071-7883062,Mobile,+8550717883062
Metfone-071-7883063,Mobile,+8550717883063
Metfone-071-7883064,Mobile,+8550717883064
Metfone-071-7883065,Mobile,+8550717883065
Metfone-071-7883066,Mobile,+8550717883066
Metfone-071-7883067,Mobile,+8550717883067
Metfone-071-7883068,Mobile,+8550717883068
Metfone-071-7883069,Mobile,+8550717883069
Metfone-071-7883070,Mobile,+8550717883070
Metfone-071-7883071,Mobile,+8550717883071
Metfone-071-7883072,Mobile,+8550717883072
Metfone-071-7883073,Mobile,+8550717883073
Metfone-071-7883074,Mobile,+8550717883074
Metfone-071-7883075,Mobile,+8550717883075
Metfone-071-7883076,Mobile,+8550717883076
Metfone-071-7883077,Mobile,+8550717883077
Metfone-071-7883078,Mobile,+8550717883078
Metfone-071-7883079,Mobile,+8550717883079
Metfone-071-7883080,Mobile,+8550717883080
Metfone-071-7883081,Mobile,+8550717883081
Metfone-071-7883082,Mobile,+8550717883082
Metfone-071-7883083,Mobile,+8550717883083
Metfone-071-7883084,Mobile,+8550717883084
Metfone-071-7883085,Mobile,+8550717883085
Metfone-071-7883086,Mobile,+8550717883086
Metfone-071-7883087,Mobile,+8550717883087
Metfone-071-7883088,Mobile,+8550717883088
Metfone-071-7883089,Mobile,+8550717883089
Metfone-071-7883090,Mobile,+8550717883090
Metfone-071-7883091,Mobile,+8550717883091
Metfone-071-7883092,Mobile,+8550717883092
Metfone-071-7883093,Mobile,+8550717883093
Metfone-071-7883094,Mobile,+8550717883094
Metfone-071-7883095,Mobile,+8550717883095
Metfone-071-7883096,Mobile,+8550717883096
Metfone-071-7883097,Mobile,+8550717883097
Metfone-071-7883098,Mobile,+8550717883098
Metfone-071-7883099,Mobile,+8550717883099
Metfone-071-7883100,Mobile,+8550717883100
Metfone-071-7883101,Mobile,+8550717883101
Metfone-071-7883102,Mobile,+8550717883102
Metfone-071-7883103,Mobile,+8550717883103
Metfone-071-7883104,Mobile,+8550717883104
Metfone-071-7883105,Mobile,+8550717883105
Metfone-071-7883106,Mobile,+8550717883106
Metfone-071-7883107,Mobile,+8550717883107
Metfone-071-7883108,Mobile,+8550717883108
Metfone-071-7883109,Mobile,+8550717883109
Metfone-071-7883110,Mobile,+8550717883110
Metfone-071-7883111,Mobile,+8550717883111
Metfone-071-7883112,Mobile,+8550717883112
Metfone-071-7883113,Mobile,+8550717883113
Metfone-071-7883114,Mobile,+8550717883114
Metfone-071-7883115,Mobile,+8550717883115
Metfone-071-7883116,Mobile,+8550717883116
Metfone-071-7883117,Mobile,+8550717883117
Metfone-071-7883118,Mobile,+8550717883118
Metfone-071-7883119,Mobile,+8550717883119
Metfone-071-7883120,Mobile,+8550717883120
Metfone-071-7883121,Mobile,+8550717883121
Metfone-071-7883122,Mobile,+8550717883122
Metfone-071-7883123,Mobile,+8550717883123
Metfone-071-7883124,Mobile,+8550717883124
Metfone-071-7883125,Mobile,+8550717883125
Metfone-071-7883126,Mobile,+8550717883126
Metfone-071-7883127,Mobile,+8550717883127
Metfone-071-7883128,Mobile,+8550717883128
Metfone-071-7883129,Mobile,+8550717883129
Metfone-071-7883130,Mobile,+8550717883130
Metfone-071-7883131,Mobile,+8550717883131
Metfone-071-7883132,Mobile,+8550717883132
Metfone-071-7883133,Mobile,+8550717883133
Metfone-071-7883134,Mobile,+8550717883134
Metfone-071-7883135,Mobile,+8550717883135
Metfone-071-7883136,Mobile,+8550717883136
Metfone-071-7883137,Mobile,+8550717883137
Metfone-071-7883138,Mobile,+8550717883138
Metfone-071-7883139,Mobile,+8550717883139
Metfone-071-7883140,Mobile,+8550717883140
Metfone-071-7883141,Mobile,+8550717883141
Metfone-071-7883142,Mobile,+8550717883142
Metfone-071-7883143,Mobile,+8550717883143
Metfone-071-7883144,Mobile,+8550717883144
Metfone-071-7883145,Mobile,+8550717883145
Metfone-071-7883146,Mobile,+8550717883146
Metfone-071-7883147,Mobile,+8550717883147
Metfone-071-7883148,Mobile,+8550717883148
Metfone-071-7883149,Mobile,+8550717883149
Metfone-071-7883150,Mobile,+8550717883150
Metfone-071-7883151,Mobile,+8550717883151
Metfone-071-7883152,Mobile,+8550717883152
Metfone-071-7883153,Mobile,+8550717883153
Metfone-071-7883154,Mobile,+8550717883154
Metfone-071-7883155,Mobile,+8550717883155
Metfone-071-7883156,Mobile,+8550717883156
Metfone-071-7883157,Mobile,+8550717883157
Metfone-071-7883158,Mobile,+8550717883158
Metfone-071-7883159,Mobile,+8550717883159
Metfone-071-7883160,Mobile,+8550717883160
Metfone-071-7883161,Mobile,+8550717883161
Metfone-071-7883162,Mobile,+8550717883162
Metfone-071-7883163,Mobile,+8550717883163
Metfone-071-7883164,Mobile,+8550717883164
Metfone-071-7883165,Mobile,+8550717883165
Metfone-071-7883166,Mobile,+8550717883166
Metfone-071-7883167,Mobile,+8550717883167
Metfone-071-7883168,Mobile,+8550717883168
Metfone-071-7883169,Mobile,+8550717883169
Metfone-071-7883170,Mobile,+8550717883170
Metfone-071-7883171,Mobile,+8550717883171
Metfone-071-7883172,Mobile,+8550717883172
Metfone-071-7883173,Mobile,+8550717883173
Metfone-071-7883174,Mobile,+8550717883174
Metfone-071-7883175,Mobile,+8550717883175
Metfone-071-7883176,Mobile,+8550717883176
Metfone-071-7883177,Mobile,+8550717883177
Metfone-071-7883178,Mobile,+8550717883178
Metfone-071-7883179,Mobile,+8550717883179
Metfone-071-7883180,Mobile,+8550717883180
Metfone-071-7883181,Mobile,+8550717883181
Metfone-071-7883182,Mobile,+8550717883182
Metfone-071-7883183,Mobile,+8550717883183
Metfone-071-7883184,Mobile,+8550717883184
Metfone-071-7883185,Mobile,+8550717883185
Metfone-071-7883186,Mobile,+8550717883186
Metfone-071-7883187,Mobile,+8550717883187
Metfone-071-7883188,Mobile,+8550717883188
Metfone-071-7883189,Mobile,+8550717883189
Metfone-071-7883190,Mobile,+8550717883190
Metfone-071-7883191,Mobile,+8550717883191
Metfone-071-7883192,Mobile,+8550717883192
Metfone-071-7883193,Mobile,+8550717883193
Metfone-071-7883194,Mobile,+8550717883194
Metfone-071-7883195,Mobile,+8550717883195
Metfone-071-7883196,Mobile,+8550717883196
Metfone-071-7883197,Mobile,+8550717883197
Metfone-071-7883198,Mobile,+8550717883198
Metfone-071-7883199,Mobile,+8550717883199
Metfone-071-7883200,Mobile,+8550717883200
Metfone-071-7883201,Mobile,+8550717883201
Metfone-071-7883202,Mobile,+8550717883202
Metfone-071-7883203,Mobile,+8550717883203
Metfone-071-7883204,Mobile,+8550717883204
Metfone-071-7883205,Mobile,+8550717883205
Metfone-071-7883206,Mobile,+8550717883206
Metfone-071-7883207,Mobile,+8550717883207
Metfone-071-7883208,Mobile,+8550717883208
Metfone-071-7883209,Mobile,+8550717883209
Metfone-071-7883210,Mobile,+8550717883210
Metfone-071-7883211,Mobile,+8550717883211
Metfone-071-7883212,Mobile,+8550717883212
Metfone-071-7883213,Mobile,+8550717883213
Metfone-071-7883214,Mobile,+8550717883214
Metfone-071-7883215,Mobile,+8550717883215
Metfone-071-7883216,Mobile,+8550717883216
Metfone-071-7883217,Mobile,+8550717883217
Metfone-071-7883218,Mobile,+8550717883218
Metfone-071-7883219,Mobile,+8550717883219
Metfone-071-7883220,Mobile,+8550717883220
Metfone-071-7883221,Mobile,+8550717883221
Metfone-071-7883222,Mobile,+8550717883222
Metfone-071-7883223,Mobile,+8550717883223
Metfone-071-7883224,Mobile,+8550717883224
Metfone-071-7883225,Mobile,+8550717883225
Metfone-071-7883226,Mobile,+8550717883226
Metfone-071-7883227,Mobile,+8550717883227
Metfone-071-7883228,Mobile,+8550717883228
Metfone-071-7883229,Mobile,+8550717883229
Metfone-071-7883230,Mobile,+8550717883230
Metfone-071-7883231,Mobile,+8550717883231
Metfone-071-7883232,Mobile,+8550717883232
Metfone-071-7883233,Mobile,+8550717883233
Metfone-071-7883234,Mobile,+8550717883234
Metfone-071-7883235,Mobile,+8550717883235
Metfone-071-7883236,Mobile,+8550717883236
Metfone-071-7883237,Mobile,+8550717883237
Metfone-071-7883238,Mobile,+8550717883238
Metfone-071-7883239,Mobile,+8550717883239
Metfone-071-7883240,Mobile,+8550717883240
Metfone-071-7883241,Mobile,+8550717883241
Metfone-071-7883242,Mobile,+8550717883242
Metfone-071-7883243,Mobile,+8550717883243
Metfone-071-7883244,Mobile,+8550717883244
Metfone-071-7883245,Mobile,+8550717883245
Metfone-071-7883246,Mobile,+8550717883246
Metfone-071-7883247,Mobile,+8550717883247
Metfone-071-7883248,Mobile,+8550717883248
Metfone-071-7883249,Mobile,+8550717883249
Metfone-071-7883250,Mobile,+8550717883250
Metfone-071-7883251,Mobile,+8550717883251
Metfone-071-7883252,Mobile,+8550717883252
Metfone-071-7883253,Mobile,+8550717883253
Metfone-071-7883254,Mobile,+8550717883254
Metfone-071-7883255,Mobile,+8550717883255
Metfone-071-7883256,Mobile,+8550717883256
Metfone-071-7883257,Mobile,+8550717883257
Metfone-071-7883258,Mobile,+8550717883258
Metfone-071-7883259,Mobile,+8550717883259
Metfone-071-7883260,Mobile,+8550717883260
Metfone-071-7883261,Mobile,+8550717883261
Metfone-071-7883262,Mobile,+8550717883262
Metfone-071-7883263,Mobile,+8550717883263
Metfone-071-7883264,Mobile,+8550717883264
Metfone-071-7883265,Mobile,+8550717883265
Metfone-071-7883266,Mobile,+8550717883266
Metfone-071-7883267,Mobile,+8550717883267
Metfone-071-7883268,Mobile,+8550717883268
Metfone-071-7883269,Mobile,+8550717883269
Metfone-071-7883270,Mobile,+8550717883270
Metfone-071-7883271,Mobile,+8550717883271
Metfone-071-7883272,Mobile,+8550717883272
Metfone-071-7883273,Mobile,+8550717883273
Metfone-071-7883274,Mobile,+8550717883274
Metfone-071-7883275,Mobile,+8550717883275
Metfone-071-7883276,Mobile,+8550717883276
Metfone-071-7883277,Mobile,+8550717883277
Metfone-071-7883278,Mobile,+8550717883278
Metfone-071-7883279,Mobile,+8550717883279
Metfone-071-7883280,Mobile,+8550717883280
Metfone-071-7883281,Mobile,+8550717883281
Metfone-071-7883282,Mobile,+8550717883282
Metfone-071-7883283,Mobile,+8550717883283
Metfone-071-7883284,Mobile,+8550717883284
Metfone-071-7883285,Mobile,+8550717883285
Metfone-071-7883286,Mobile,+8550717883286
Metfone-071-7883287,Mobile,+8550717883287
Metfone-071-7883288,Mobile,+8550717883288
Metfone-071-7883289,Mobile,+8550717883289
Metfone-071-7883290,Mobile,+8550717883290
Metfone-071-7883291,Mobile,+8550717883291
Metfone-071-7883292,Mobile,+8550717883292
Metfone-071-7883293,Mobile,+8550717883293
Metfone-071-7883294,Mobile,+8550717883294
Metfone-071-7883295,Mobile,+8550717883295
Metfone-071-7883296,Mobile,+8550717883296
Metfone-071-7883297,Mobile,+8550717883297
Metfone-071-7883298,Mobile,+8550717883298
Metfone-071-7883299,Mobile,+8550717883299
Metfone-071-7883300,Mobile,+8550717883300
Metfone-071-7883301,Mobile,+8550717883301
Metfone-071-7883302,Mobile,+8550717883302
Metfone-071-7883303,Mobile,+8550717883303
Metfone-071-7883304,Mobile,+8550717883304
Metfone-071-7883305,Mobile,+8550717883305
Metfone-071-7883306,Mobile,+8550717883306
Metfone-071-7883307,Mobile,+8550717883307
Metfone-071-7883308,Mobile,+8550717883308
Metfone-071-7883309,Mobile,+8550717883309
Metfone-071-7883310,Mobile,+8550717883310
Metfone-071-7883311,Mobile,+8550717883311
Metfone-071-7883312,Mobile,+8550717883312
Metfone-071-7883313,Mobile,+8550717883313
Metfone-071-7883314,Mobile,+8550717883314
Metfone-071-7883315,Mobile,+8550717883315
Metfone-071-7883316,Mobile,+8550717883316
Metfone-071-7883317,Mobile,+8550717883317
Metfone-071-7883318,Mobile,+8550717883318
Metfone-071-7883319,Mobile,+8550717883319
Metfone-071-7883320,Mobile,+8550717883320
Metfone-071-7883321,Mobile,+8550717883321
Metfone-071-7883322,Mobile,+8550717883322
Metfone-071-7883323,Mobile,+8550717883323
Metfone-071-7883324,Mobile,+8550717883324
Metfone-071-7883325,Mobile,+8550717883325
Metfone-071-7883326,Mobile,+8550717883326
Metfone-071-7883327,Mobile,+8550717883327
Metfone-071-7883328,Mobile,+8550717883328
Metfone-071-7883329,Mobile,+8550717883329
Metfone-071-7883330,Mobile,+8550717883330
Metfone-071-7883331,Mobile,+8550717883331
Metfone-071-7883332,Mobile,+8550717883332
Metfone-071-7883333,Mobile,+8550717883333
Metfone-071-7883334,Mobile,+8550717883334
Metfone-071-7883335,Mobile,+8550717883335
Metfone-071-7883336,Mobile,+8550717883336
Metfone-071-7883337,Mobile,+8550717883337
Metfone-071-7883338,Mobile,+8550717883338
Metfone-071-7883339,Mobile,+8550717883339
Metfone-071-7883340,Mobile,+8550717883340
Metfone-071-7883341,Mobile,+8550717883341
Metfone-071-7883342,Mobile,+8550717883342
Metfone-071-7883343,Mobile,+8550717883343
Metfone-071-7883344,Mobile,+8550717883344
Metfone-071-7883345,Mobile,+8550717883345
Metfone-071-7883346,Mobile,+8550717883346
Metfone-071-7883347,Mobile,+8550717883347
Metfone-071-7883348,Mobile,+8550717883348
Metfone-071-7883349,Mobile,+8550717883349
Metfone-071-7883350,Mobile,+8550717883350
Metfone-071-7883351,Mobile,+8550717883351
Metfone-071-7883352,Mobile,+8550717883352
Metfone-071-7883353,Mobile,+8550717883353
Metfone-071-7883354,Mobile,+8550717883354
Metfone-071-7883355,Mobile,+8550717883355
Metfone-071-7883356,Mobile,+8550717883356
Metfone-071-7883357,Mobile,+8550717883357
Metfone-071-7883358,Mobile,+8550717883358
Metfone-071-7883359,Mobile,+8550717883359
Metfone-071-7883360,Mobile,+8550717883360
Metfone-071-7883361,Mobile,+8550717883361
Metfone-071-7883362,Mobile,+8550717883362
Metfone-071-7883363,Mobile,+8550717883363
Metfone-071-7883364,Mobile,+8550717883364
Metfone-071-7883365,Mobile,+8550717883365
Metfone-071-7883366,Mobile,+8550717883366
Metfone-071-7883367,Mobile,+8550717883367
Metfone-071-7883368,Mobile,+8550717883368
Metfone-071-7883369,Mobile,+8550717883369
Metfone-071-7883370,Mobile,+8550717883370
Metfone-071-7883371,Mobile,+8550717883371
Metfone-071-7883372,Mobile,+8550717883372
Metfone-071-7883373,Mobile,+8550717883373
Metfone-071-7883374,Mobile,+8550717883374
Metfone-071-7883375,Mobile,+8550717883375
Metfone-071-7883376,Mobile,+8550717883376
Metfone-071-7883377,Mobile,+8550717883377
Metfone-071-7883378,Mobile,+8550717883378
Metfone-071-7883379,Mobile,+8550717883379
Metfone-071-7883380,Mobile,+8550717883380
Metfone-071-7883381,Mobile,+8550717883381
Metfone-071-7883382,Mobile,+8550717883382
Metfone-071-7883383,Mobile,+8550717883383
Metfone-071-7883384,Mobile,+8550717883384
Metfone-071-7883385,Mobile,+8550717883385
Metfone-071-7883386,Mobile,+8550717883386
Metfone-071-7883387,Mobile,+8550717883387
Metfone-071-7883388,Mobile,+8550717883388
Metfone-071-7883389,Mobile,+8550717883389
Metfone-071-7883390,Mobile,+8550717883390
Metfone-071-7883391,Mobile,+8550717883391
Metfone-071-7883392,Mobile,+8550717883392
Metfone-071-7883393,Mobile,+8550717883393
Metfone-071-7883394,Mobile,+8550717883394
Metfone-071-7883395,Mobile,+8550717883395
Metfone-071-7883396,Mobile,+8550717883396
Metfone-071-7883397,Mobile,+8550717883397
Metfone-071-7883398,Mobile,+8550717883398
Metfone-071-7883399,Mobile,+8550717883399
Metfone-071-7883400,Mobile,+8550717883400
Metfone-071-7883401,Mobile,+8550717883401
Metfone-071-7883402,Mobile,+8550717883402
Metfone-071-7883403,Mobile,+8550717883403
Metfone-071-7883404,Mobile,+8550717883404
Metfone-071-7883405,Mobile,+8550717883405
Metfone-071-7883406,Mobile,+8550717883406
Metfone-071-7883407,Mobile,+8550717883407
Metfone-071-7883408,Mobile,+8550717883408
Metfone-071-7883409,Mobile,+8550717883409
Metfone-071-7883410,Mobile,+8550717883410
Metfone-071-7883411,Mobile,+8550717883411
Metfone-071-7883412,Mobile,+8550717883412
Metfone-071-7883413,Mobile,+8550717883413
Metfone-071-7883414,Mobile,+8550717883414
Metfone-071-7883415,Mobile,+8550717883415
Metfone-071-7883416,Mobile,+8550717883416
Metfone-071-7883417,Mobile,+8550717883417
Metfone-071-7883418,Mobile,+8550717883418
Metfone-071-7883419,Mobile,+8550717883419
Metfone-071-7883420,Mobile,+8550717883420
Metfone-071-7883421,Mobile,+8550717883421
Metfone-071-7883422,Mobile,+8550717883422
Metfone-071-7883423,Mobile,+8550717883423
Metfone-071-7883424,Mobile,+8550717883424
Metfone-071-7883425,Mobile,+8550717883425
Metfone-071-7883426,Mobile,+8550717883426
Metfone-071-7883427,Mobile,+8550717883427
Metfone-071-7883428,Mobile,+8550717883428
Metfone-071-7883429,Mobile,+8550717883429
Metfone-071-7883430,Mobile,+8550717883430
Metfone-071-7883431,Mobile,+8550717883431
Metfone-071-7883432,Mobile,+8550717883432
Metfone-071-7883433,Mobile,+8550717883433
Metfone-071-7883434,Mobile,+8550717883434
Metfone-071-7883435,Mobile,+8550717883435
Metfone-071-7883436,Mobile,+8550717883436
Metfone-071-7883437,Mobile,+8550717883437
Metfone-071-7883438,Mobile,+8550717883438
Metfone-071-7883439,Mobile,+8550717883439
Metfone-071-7883440,Mobile,+8550717883440
Metfone-071-7883441,Mobile,+8550717883441
Metfone-071-7883442,Mobile,+8550717883442
Metfone-071-7883443,Mobile,+8550717883443
Metfone-071-7883444,Mobile,+8550717883444
Metfone-071-7883445,Mobile,+8550717883445
Metfone-071-7883446,Mobile,+8550717883446
Metfone-071-7883447,Mobile,+8550717883447
Metfone-071-7883448,Mobile,+8550717883448
Metfone-071-7883449,Mobile,+8550717883449
Metfone-071-7883450,Mobile,+8550717883450
Metfone-071-7883451,Mobile,+8550717883451
Metfone-071-7883452,Mobile,+8550717883452
Metfone-071-7883453,Mobile,+8550717883453
Metfone-071-7883454,Mobile,+8550717883454
Metfone-071-7883455,Mobile,+8550717883455
Metfone-071-7883456,Mobile,+8550717883456
Metfone-071-7883457,Mobile,+8550717883457
Metfone-071-7883458,Mobile,+8550717883458
Metfone-071-7883459,Mobile,+8550717883459
Metfone-071-7883460,Mobile,+8550717883460
Metfone-071-7883461,Mobile,+8550717883461
Metfone-071-7883462,Mobile,+8550717883462
Metfone-071-7883463,Mobile,+8550717883463
Metfone-071-7883464,Mobile,+8550717883464
Metfone-071-7883465,Mobile,+8550717883465
Metfone-071-7883466,Mobile,+8550717883466
Metfone-071-7883467,Mobile,+8550717883467
Metfone-071-7883468,Mobile,+8550717883468
Metfone-071-7883469,Mobile,+8550717883469
Metfone-071-7883470,Mobile,+8550717883470
Metfone-071-7883471,Mobile,+8550717883471
Metfone-071-7883472,Mobile,+8550717883472
Metfone-071-7883473,Mobile,+8550717883473
Metfone-071-7883474,Mobile,+8550717883474
Metfone-071-7883475,Mobile,+8550717883475
Metfone-071-7883476,Mobile,+8550717883476
Metfone-071-7883477,Mobile,+8550717883477
Metfone-071-7883478,Mobile,+8550717883478
Metfone-071-7883479,Mobile,+8550717883479
Metfone-071-7883480,Mobile,+8550717883480
Metfone-071-7883481,Mobile,+8550717883481
Metfone-071-7883482,Mobile,+8550717883482
Metfone-071-7883483,Mobile,+8550717883483
Metfone-071-7883484,Mobile,+8550717883484
Metfone-071-7883485,Mobile,+8550717883485
Metfone-071-7883486,Mobile,+8550717883486
Metfone-071-7883487,Mobile,+8550717883487
Metfone-071-7883488,Mobile,+8550717883488
Metfone-071-7883489,Mobile,+8550717883489
Metfone-071-7883490,Mobile,+8550717883490
Metfone-071-7883491,Mobile,+8550717883491
Metfone-071-7883492,Mobile,+8550717883492
Metfone-071-7883493,Mobile,+8550717883493
Metfone-071-7883494,Mobile,+8550717883494
Metfone-071-7883495,Mobile,+8550717883495
Metfone-071-7883496,Mobile,+8550717883496
Metfone-071-7883497,Mobile,+8550717883497
Metfone-071-7883498,Mobile,+8550717883498
Metfone-071-7883499,Mobile,+8550717883499
Metfone-071-7883500,Mobile,+8550717883500
Metfone-071-7883501,Mobile,+8550717883501
Metfone-071-7883502,Mobile,+8550717883502
Metfone-071-7883503,Mobile,+8550717883503
Metfone-071-7883504,Mobile,+8550717883504
Metfone-071-7883505,Mobile,+8550717883505
Metfone-071-7883506,Mobile,+8550717883506
Metfone-071-7883507,Mobile,+8550717883507
Metfone-071-7883508,Mobile,+8550717883508
Metfone-071-7883509,Mobile,+8550717883509
Metfone-071-7883510,Mobile,+8550717883510
Metfone-071-7883511,Mobile,+8550717883511
Metfone-071-7883512,Mobile,+8550717883512
Metfone-071-7883513,Mobile,+8550717883513
Metfone-071-7883514,Mobile,+8550717883514
Metfone-071-7883515,Mobile,+8550717883515
Metfone-071-7883516,Mobile,+8550717883516
Metfone-071-7883517,Mobile,+8550717883517
Metfone-071-7883518,Mobile,+8550717883518
Metfone-071-7883519,Mobile,+8550717883519
Metfone-071-7883520,Mobile,+8550717883520
Metfone-071-7883521,Mobile,+8550717883521
Metfone-071-7883522,Mobile,+8550717883522
Metfone-071-7883523,Mobile,+8550717883523
Metfone-071-7883524,Mobile,+8550717883524
Metfone-071-7883525,Mobile,+8550717883525
Metfone-071-7883526,Mobile,+8550717883526
Metfone-071-7883527,Mobile,+8550717883527
Metfone-071-7883528,Mobile,+8550717883528
Metfone-071-7883529,Mobile,+8550717883529
Metfone-071-7883530,Mobile,+8550717883530
Metfone-071-7883531,Mobile,+8550717883531
Metfone-071-7883532,Mobile,+8550717883532
Metfone-071-7883533,Mobile,+8550717883533
Metfone-071-7883534,Mobile,+8550717883534
Metfone-071-7883535,Mobile,+8550717883535
Metfone-071-7883536,Mobile,+8550717883536
Metfone-071-7883537,Mobile,+8550717883537
Metfone-071-7883538,Mobile,+8550717883538
Metfone-071-7883539,Mobile,+8550717883539
Metfone-071-7883540,Mobile,+8550717883540
Metfone-071-7883541,Mobile,+8550717883541
Metfone-071-7883542,Mobile,+8550717883542
Metfone-071-7883543,Mobile,+8550717883543
Metfone-071-7883544,Mobile,+8550717883544
Metfone-071-7883545,Mobile,+8550717883545
Metfone-071-7883546,Mobile,+8550717883546
Metfone-071-7883547,Mobile,+8550717883547
Metfone-071-7883548,Mobile,+8550717883548
Metfone-071-7883549,Mobile,+8550717883549
Metfone-071-7883550,Mobile,+8550717883550
Metfone-071-7883551,Mobile,+8550717883551
Metfone-071-7883552,Mobile,+8550717883552
Metfone-071-7883553,Mobile,+8550717883553
Metfone-071-7883554,Mobile,+8550717883554
Metfone-071-7883555,Mobile,+8550717883555
Metfone-071-7883556,Mobile,+8550717883556
Metfone-071-7883557,Mobile,+8550717883557
Metfone-071-7883558,Mobile,+8550717883558
Metfone-071-7883559,Mobile,+8550717883559
Metfone-071-7883560,Mobile,+8550717883560
Metfone-071-7883561,Mobile,+8550717883561
Metfone-071-7883562,Mobile,+8550717883562
Metfone-071-7883563,Mobile,+8550717883563
Metfone-071-7883564,Mobile,+8550717883564
Metfone-071-7883565,Mobile,+8550717883565
Metfone-071-7883566,Mobile,+8550717883566
Metfone-071-7883567,Mobile,+8550717883567
Metfone-071-7883568,Mobile,+8550717883568
Metfone-071-7883569,Mobile,+8550717883569
Metfone-071-7883570,Mobile,+8550717883570
Metfone-071-7883571,Mobile,+8550717883571
Metfone-071-7883572,Mobile,+8550717883572
Metfone-071-7883573,Mobile,+8550717883573
Metfone-071-7883574,Mobile,+8550717883574
Metfone-071-7883575,Mobile,+8550717883575
Metfone-071-7883576,Mobile,+8550717883576
Metfone-071-7883577,Mobile,+8550717883577
Metfone-071-7883578,Mobile,+8550717883578
Metfone-071-7883579,Mobile,+8550717883579
Metfone-071-7883580,Mobile,+8550717883580
Metfone-071-7883581,Mobile,+8550717883581
Metfone-071-7883582,Mobile,+8550717883582
Metfone-071-7883583,Mobile,+8550717883583
Metfone-071-7883584,Mobile,+8550717883584
Metfone-071-7883585,Mobile,+8550717883585
Metfone-071-7883586,Mobile,+8550717883586
Metfone-071-7883587,Mobile,+8550717883587
Metfone-071-7883588,Mobile,+8550717883588
Metfone-071-7883589,Mobile,+8550717883589
Metfone-071-7883590,Mobile,+8550717883590
Metfone-071-7883591,Mobile,+8550717883591
Metfone-071-7883592,Mobile,+8550717883592
Metfone-071-7883593,Mobile,+8550717883593
Metfone-071-7883594,Mobile,+8550717883594
Metfone-071-7883595,Mobile,+8550717883595
Metfone-071-7883596,Mobile,+8550717883596
Metfone-071-7883597,Mobile,+8550717883597
Metfone-071-7883598,Mobile,+8550717883598
Metfone-071-7883599,Mobile,+8550717883599
Metfone-071-7883600,Mobile,+8550717883600
Metfone-071-7883601,Mobile,+8550717883601
Metfone-071-7883602,Mobile,+8550717883602
Metfone-071-7883603,Mobile,+8550717883603
Metfone-071-7883604,Mobile,+8550717883604
Metfone-071-7883605,Mobile,+8550717883605
Metfone-071-7883606,Mobile,+8550717883606
Metfone-071-7883607,Mobile,+8550717883607
Metfone-071-7883608,Mobile,+8550717883608
Metfone-071-7883609,Mobile,+8550717883609
Metfone-071-7883610,Mobile,+8550717883610
Metfone-071-7883611,Mobile,+8550717883611
Metfone-071-7883612,Mobile,+8550717883612
Metfone-071-7883613,Mobile,+8550717883613
Metfone-071-7883614,Mobile,+8550717883614
Metfone-071-7883615,Mobile,+8550717883615
Metfone-071-7883616,Mobile,+8550717883616
Metfone-071-7883617,Mobile,+8550717883617
Metfone-071-7883618,Mobile,+8550717883618
Metfone-071-7883619,Mobile,+8550717883619
Metfone-071-7883620,Mobile,+8550717883620
Metfone-071-7883621,Mobile,+8550717883621
Metfone-071-7883622,Mobile,+8550717883622
Metfone-071-7883623,Mobile,+8550717883623
Metfone-071-7883624,Mobile,+8550717883624
Metfone-071-7883625,Mobile,+8550717883625
Metfone-071-7883626,Mobile,+8550717883626
Metfone-071-7883627,Mobile,+8550717883627
Metfone-071-7883628,Mobile,+8550717883628
Metfone-071-7883629,Mobile,+8550717883629
Metfone-071-7883630,Mobile,+8550717883630
Metfone-071-7883631,Mobile,+8550717883631
Metfone-071-7883632,Mobile,+8550717883632
Metfone-071-7883633,Mobile,+8550717883633
Metfone-071-7883634,Mobile,+8550717883634
Metfone-071-7883635,Mobile,+8550717883635
Metfone-071-7883636,Mobile,+8550717883636
Metfone-071-7883637,Mobile,+8550717883637
Metfone-071-7883638,Mobile,+8550717883638
Metfone-071-7883639,Mobile,+8550717883639
Metfone-071-7883640,Mobile,+8550717883640
Metfone-071-7883641,Mobile,+8550717883641
Metfone-071-7883642,Mobile,+8550717883642
Metfone-071-7883643,Mobile,+8550717883643
Metfone-071-7883644,Mobile,+8550717883644
Metfone-071-7883645,Mobile,+8550717883645
Metfone-071-7883646,Mobile,+8550717883646
Metfone-071-7883647,Mobile,+8550717883647
Metfone-071-7883648,Mobile,+8550717883648
Metfone-071-7883649,Mobile,+8550717883649
Metfone-071-7883650,Mobile,+8550717883650
Metfone-071-7883651,Mobile,+8550717883651
Metfone-071-7883652,Mobile,+8550717883652
Metfone-071-7883653,Mobile,+8550717883653
Metfone-071-7883654,Mobile,+8550717883654
Metfone-071-7883655,Mobile,+8550717883655
Metfone-071-7883656,Mobile,+8550717883656
Metfone-071-7883657,Mobile,+8550717883657
Metfone-071-7883658,Mobile,+8550717883658
Metfone-071-7883659,Mobile,+8550717883659
Metfone-071-7883660,Mobile,+8550717883660
Metfone-071-7883661,Mobile,+8550717883661
Metfone-071-7883662,Mobile,+8550717883662
Metfone-071-7883663,Mobile,+8550717883663
Metfone-071-7883664,Mobile,+8550717883664
Metfone-071-7883665,Mobile,+8550717883665
Metfone-071-7883666,Mobile,+8550717883666
Metfone-071-7883667,Mobile,+8550717883667
Metfone-071-7883668,Mobile,+8550717883668
Metfone-071-7883669,Mobile,+8550717883669
Metfone-071-7883670,Mobile,+8550717883670
Metfone-071-7883671,Mobile,+8550717883671
Metfone-071-7883672,Mobile,+8550717883672
Metfone-071-7883673,Mobile,+8550717883673
Metfone-071-7883674,Mobile,+8550717883674
Metfone-071-7883675,Mobile,+8550717883675
Metfone-071-7883676,Mobile,+8550717883676
Metfone-071-7883677,Mobile,+8550717883677
Metfone-071-7883678,Mobile,+8550717883678
Metfone-071-7883679,Mobile,+8550717883679
Metfone-071-7883680,Mobile,+8550717883680
Metfone-071-7883681,Mobile,+8550717883681
Metfone-071-7883682,Mobile,+8550717883682
Metfone-071-7883683,Mobile,+8550717883683
Metfone-071-7883684,Mobile,+8550717883684
Metfone-071-7883685,Mobile,+8550717883685
Metfone-071-7883686,Mobile,+8550717883686
Metfone-071-7883687,Mobile,+8550717883687
Metfone-071-7883688,Mobile,+8550717883688
Metfone-071-7883689,Mobile,+8550717883689
Metfone-071-7883690,Mobile,+8550717883690
Metfone-071-7883691,Mobile,+8550717883691
Metfone-071-7883692,Mobile,+8550717883692
Metfone-071-7883693,Mobile,+8550717883693
Metfone-071-7883694,Mobile,+8550717883694
Metfone-071-7883695,Mobile,+8550717883695
Metfone-071-7883696,Mobile,+8550717883696
Metfone-071-7883697,Mobile,+8550717883697
Metfone-071-7883698,Mobile,+8550717883698
Metfone-071-7883699,Mobile,+8550717883699
Metfone-071-7883700,Mobile,+8550717883700
Metfone-071-7883701,Mobile,+8550717883701
Metfone-071-7883702,Mobile,+8550717883702
Metfone-071-7883703,Mobile,+8550717883703
Metfone-071-7883704,Mobile,+8550717883704
Metfone-071-7883705,Mobile,+8550717883705
Metfone-071-7883706,Mobile,+8550717883706
Metfone-071-7883707,Mobile,+8550717883707
Metfone-071-7883708,Mobile,+8550717883708
Metfone-071-7883709,Mobile,+8550717883709
Metfone-071-7883710,Mobile,+8550717883710
Metfone-071-7883711,Mobile,+8550717883711
Metfone-071-7883712,Mobile,+8550717883712
Metfone-071-7883713,Mobile,+8550717883713
Metfone-071-7883714,Mobile,+8550717883714
Metfone-071-7883715,Mobile,+8550717883715
Metfone-071-7883716,Mobile,+8550717883716
Metfone-071-7883717,Mobile,+8550717883717
Metfone-071-7883718,Mobile,+8550717883718
Metfone-071-7883719,Mobile,+8550717883719
Metfone-071-7883720,Mobile,+8550717883720
Metfone-071-7883721,Mobile,+8550717883721
Metfone-071-7883722,Mobile,+8550717883722
Metfone-071-7883723,Mobile,+8550717883723
Metfone-071-7883724,Mobile,+8550717883724
Metfone-071-7883725,Mobile,+8550717883725
Metfone-071-7883726,Mobile,+8550717883726
Metfone-071-7883727,Mobile,+8550717883727
Metfone-071-7883728,Mobile,+8550717883728
Metfone-071-7883729,Mobile,+8550717883729
Metfone-071-7883730,Mobile,+8550717883730
Metfone-071-7883731,Mobile,+8550717883731
Metfone-071-7883732,Mobile,+8550717883732
Metfone-071-7883733,Mobile,+8550717883733
Metfone-071-7883734,Mobile,+8550717883734
Metfone-071-7883735,Mobile,+8550717883735
Metfone-071-7883736,Mobile,+8550717883736
Metfone-071-7883737,Mobile,+8550717883737
Metfone-071-7883738,Mobile,+8550717883738
Metfone-071-7883739,Mobile,+8550717883739
Metfone-071-7883740,Mobile,+8550717883740
Metfone-071-7883741,Mobile,+8550717883741
Metfone-071-7883742,Mobile,+8550717883742
Metfone-071-7883743,Mobile,+8550717883743
Metfone-071-7883744,Mobile,+8550717883744
Metfone-071-7883745,Mobile,+8550717883745
Metfone-071-7883746,Mobile,+8550717883746
Metfone-071-7883747,Mobile,+8550717883747
Metfone-071-7883748,Mobile,+8550717883748
Metfone-071-7883749,Mobile,+8550717883749
Metfone-071-7883750,Mobile,+8550717883750
Metfone-071-7883751,Mobile,+8550717883751
Metfone-071-7883752,Mobile,+8550717883752
Metfone-071-7883753,Mobile,+8550717883753
Metfone-071-7883754,Mobile,+8550717883754
Metfone-071-7883755,Mobile,+8550717883755
Metfone-071-7883756,Mobile,+8550717883756
Metfone-071-7883757,Mobile,+8550717883757
Metfone-071-7883758,Mobile,+8550717883758
Metfone-071-7883759,Mobile,+8550717883759
Metfone-071-7883760,Mobile,+8550717883760
Metfone-071-7883761,Mobile,+8550717883761
Metfone-071-7883762,Mobile,+8550717883762
Metfone-071-7883763,Mobile,+8550717883763
Metfone-071-7883764,Mobile,+8550717883764
Metfone-071-7883765,Mobile,+8550717883765
Metfone-071-7883766,Mobile,+8550717883766
Metfone-071-7883767,Mobile,+8550717883767
Metfone-071-7883768,Mobile,+8550717883768
Metfone-071-7883769,Mobile,+8550717883769
Metfone-071-7883770,Mobile,+8550717883770
Metfone-071-7883771,Mobile,+8550717883771
Metfone-071-7883772,Mobile,+8550717883772
Metfone-071-7883773,Mobile,+8550717883773
Metfone-071-7883774,Mobile,+8550717883774
Metfone-071-7883775,Mobile,+8550717883775
Metfone-071-7883776,Mobile,+8550717883776
Metfone-071-7883777,Mobile,+8550717883777
Metfone-071-7883778,Mobile,+8550717883778
Metfone-071-7883779,Mobile,+8550717883779
Metfone-071-7883780,Mobile,+8550717883780
Metfone-071-7883781,Mobile,+8550717883781
Metfone-071-7883782,Mobile,+8550717883782
Metfone-071-7883783,Mobile,+8550717883783
Metfone-071-7883784,Mobile,+8550717883784
Metfone-071-7883785,Mobile,+8550717883785
Metfone-071-7883786,Mobile,+8550717883786
Metfone-071-7883787,Mobile,+8550717883787
Metfone-071-7883788,Mobile,+8550717883788
Metfone-071-7883789,Mobile,+8550717883789
Metfone-071-7883790,Mobile,+8550717883790
Metfone-071-7883791,Mobile,+8550717883791
Metfone-071-7883792,Mobile,+8550717883792
Metfone-071-7883793,Mobile,+8550717883793
Metfone-071-7883794,Mobile,+8550717883794
Metfone-071-7883795,Mobile,+8550717883795
Metfone-071-7883796,Mobile,+8550717883796
Metfone-071-7883797,Mobile,+8550717883797
Metfone-071-7883798,Mobile,+8550717883798
Metfone-071-7883799,Mobile,+8550717883799
Metfone-071-7883800,Mobile,+8550717883800
Metfone-071-7883801,Mobile,+8550717883801
Metfone-071-7883802,Mobile,+8550717883802
Metfone-071-7883803,Mobile,+8550717883803
Metfone-071-7883804,Mobile,+8550717883804
Metfone-071-7883805,Mobile,+8550717883805
Metfone-071-7883806,Mobile,+8550717883806
Metfone-071-7883807,Mobile,+8550717883807
Metfone-071-7883808,Mobile,+8550717883808
Metfone-071-7883809,Mobile,+8550717883809
Metfone-071-7883810,Mobile,+8550717883810
Metfone-071-7883811,Mobile,+8550717883811
Metfone-071-7883812,Mobile,+8550717883812
Metfone-071-7883813,Mobile,+8550717883813
Metfone-071-7883814,Mobile,+8550717883814
Metfone-071-7883815,Mobile,+8550717883815
Metfone-071-7883816,Mobile,+8550717883816
Metfone-071-7883817,Mobile,+8550717883817
Metfone-071-7883818,Mobile,+8550717883818
Metfone-071-7883819,Mobile,+8550717883819
Metfone-071-7883820,Mobile,+8550717883820
Metfone-071-7883821,Mobile,+8550717883821
Metfone-071-7883822,Mobile,+8550717883822
Metfone-071-7883823,Mobile,+8550717883823
Metfone-071-7883824,Mobile,+8550717883824
Metfone-071-7883825,Mobile,+8550717883825
Metfone-071-7883826,Mobile,+8550717883826
Metfone-071-7883827,Mobile,+8550717883827
Metfone-071-7883828,Mobile,+8550717883828
Metfone-071-7883829,Mobile,+8550717883829
Metfone-071-7883830,Mobile,+8550717883830
Metfone-071-7883831,Mobile,+8550717883831
Metfone-071-7883832,Mobile,+8550717883832
Metfone-071-7883833,Mobile,+8550717883833
Metfone-071-7883834,Mobile,+8550717883834
Metfone-071-7883835,Mobile,+8550717883835
Metfone-071-7883836,Mobile,+8550717883836
Metfone-071-7883837,Mobile,+8550717883837
Metfone-071-7883838,Mobile,+8550717883838
Metfone-071-7883839,Mobile,+8550717883839
Metfone-071-7883840,Mobile,+8550717883840
Metfone-071-7883841,Mobile,+8550717883841
Metfone-071-7883842,Mobile,+8550717883842
Metfone-071-7883843,Mobile,+8550717883843
Metfone-071-7883844,Mobile,+8550717883844
Metfone-071-7883845,Mobile,+8550717883845
Metfone-071-7883846,Mobile,+8550717883846
Metfone-071-7883847,Mobile,+8550717883847
Metfone-071-7883848,Mobile,+8550717883848
Metfone-071-7883849,Mobile,+8550717883849
Metfone-071-7883850,Mobile,+8550717883850
Metfone-071-7883851,Mobile,+8550717883851
Metfone-071-7883852,Mobile,+8550717883852
Metfone-071-7883853,Mobile,+8550717883853
Metfone-071-7883854,Mobile,+8550717883854
Metfone-071-7883855,Mobile,+8550717883855
Metfone-071-7883856,Mobile,+8550717883856
Metfone-071-7883857,Mobile,+8550717883857
Metfone-071-7883858,Mobile,+8550717883858
Metfone-071-7883859,Mobile,+8550717883859
Metfone-071-7883860,Mobile,+8550717883860
Metfone-071-7883861,Mobile,+8550717883861
Metfone-071-7883862,Mobile,+8550717883862
Metfone-071-7883863,Mobile,+8550717883863
Metfone-071-7883864,Mobile,+8550717883864
Metfone-071-7883865,Mobile,+8550717883865
Metfone-071-7883866,Mobile,+8550717883866
Metfone-071-7883867,Mobile,+8550717883867
Metfone-071-7883868,Mobile,+8550717883868
Metfone-071-7883869,Mobile,+8550717883869
Metfone-071-7883870,Mobile,+8550717883870
Metfone-071-7883871,Mobile,+8550717883871
Metfone-071-7883872,Mobile,+8550717883872
Metfone-071-7883873,Mobile,+8550717883873
Metfone-071-7883874,Mobile,+8550717883874
Metfone-071-7883875,Mobile,+8550717883875
Metfone-071-7883876,Mobile,+8550717883876
Metfone-071-7883877,Mobile,+8550717883877
Metfone-071-7883878,Mobile,+8550717883878
Metfone-071-7883879,Mobile,+8550717883879
Metfone-071-7883880,Mobile,+8550717883880
Metfone-071-7883881,Mobile,+8550717883881
Metfone-071-7883882,Mobile,+8550717883882
Metfone-071-7883883,Mobile,+8550717883883
Metfone-071-7883884,Mobile,+8550717883884
Metfone-071-7883885,Mobile,+8550717883885
Metfone-071-7883886,Mobile,+8550717883886
Metfone-071-7883887,Mobile,+8550717883887
Metfone-071-7883888,Mobile,+8550717883888
Metfone-071-7883889,Mobile,+8550717883889
Metfone-071-7883890,Mobile,+8550717883890
Metfone-071-7883891,Mobile,+8550717883891
Metfone-071-7883892,Mobile,+8550717883892
Metfone-071-7883893,Mobile,+8550717883893
Metfone-071-7883894,Mobile,+8550717883894
Metfone-071-7883895,Mobile,+8550717883895
Metfone-071-7883896,Mobile,+8550717883896
Metfone-071-7883897,Mobile,+8550717883897
Metfone-071-7883898,Mobile,+8550717883898
Metfone-071-7883899,Mobile,+8550717883899
Metfone-071-7883900,Mobile,+8550717883900
Metfone-071-7883901,Mobile,+8550717883901
Metfone-071-7883902,Mobile,+8550717883902
Metfone-071-7883903,Mobile,+8550717883903
Metfone-071-7883904,Mobile,+8550717883904
Metfone-071-7883905,Mobile,+8550717883905
Metfone-071-7883906,Mobile,+8550717883906
Metfone-071-7883907,Mobile,+8550717883907
Metfone-071-7883908,Mobile,+8550717883908
Metfone-071-7883909,Mobile,+8550717883909
Metfone-071-7883910,Mobile,+8550717883910
Metfone-071-7883911,Mobile,+8550717883911
Metfone-071-7883912,Mobile,+8550717883912
Metfone-071-7883913,Mobile,+8550717883913
Metfone-071-7883914,Mobile,+8550717883914
Metfone-071-7883915,Mobile,+8550717883915
Metfone-071-7883916,Mobile,+8550717883916
Metfone-071-7883917,Mobile,+8550717883917
Metfone-071-7883918,Mobile,+8550717883918
Metfone-071-7883919,Mobile,+8550717883919
Metfone-071-7883920,Mobile,+8550717883920
Metfone-071-7883921,Mobile,+8550717883921
Metfone-071-7883922,Mobile,+8550717883922
Metfone-071-7883923,Mobile,+8550717883923
Metfone-071-7883924,Mobile,+8550717883924
Metfone-071-7883925,Mobile,+8550717883925
Metfone-071-7883926,Mobile,+8550717883926
Metfone-071-7883927,Mobile,+8550717883927
Metfone-071-7883928,Mobile,+8550717883928
Metfone-071-7883929,Mobile,+8550717883929
Metfone-071-7883930,Mobile,+8550717883930
Metfone-071-7883931,Mobile,+8550717883931
Metfone-071-7883932,Mobile,+8550717883932
Metfone-071-7883933,Mobile,+8550717883933
Metfone-071-7883934,Mobile,+8550717883934
Metfone-071-7883935,Mobile,+8550717883935
Metfone-071-7883936,Mobile,+8550717883936
Metfone-071-7883937,Mobile,+8550717883937
Metfone-071-7883938,Mobile,+8550717883938
Metfone-071-7883939,Mobile,+8550717883939
Metfone-071-7883940,Mobile,+8550717883940
Metfone-071-7883941,Mobile,+8550717883941
Metfone-071-7883942,Mobile,+8550717883942
Metfone-071-7883943,Mobile,+8550717883943
Metfone-071-7883944,Mobile,+8550717883944
Metfone-071-7883945,Mobile,+8550717883945
Metfone-071-7883946,Mobile,+8550717883946
Metfone-071-7883947,Mobile,+8550717883947
Metfone-071-7883948,Mobile,+8550717883948
Metfone-071-7883949,Mobile,+8550717883949
Metfone-071-7883950,Mobile,+8550717883950
Metfone-071-7883951,Mobile,+8550717883951
Metfone-071-7883952,Mobile,+8550717883952
Metfone-071-7883953,Mobile,+8550717883953
Metfone-071-7883954,Mobile,+8550717883954
Metfone-071-7883955,Mobile,+8550717883955
Metfone-071-7883956,Mobile,+8550717883956
Metfone-071-7883957,Mobile,+8550717883957
Metfone-071-7883958,Mobile,+8550717883958
Metfone-071-7883959,Mobile,+8550717883959
Metfone-071-7883960,Mobile,+8550717883960
Metfone-071-7883961,Mobile,+8550717883961
Metfone-071-7883962,Mobile,+8550717883962
Metfone-071-7883963,Mobile,+8550717883963
Metfone-071-7883964,Mobile,+8550717883964
Metfone-071-7883965,Mobile,+8550717883965
Metfone-071-7883966,Mobile,+8550717883966
Metfone-071-7883967,Mobile,+8550717883967
Metfone-071-7883968,Mobile,+8550717883968
Metfone-071-7883969,Mobile,+8550717883969
Metfone-071-7883970,Mobile,+8550717883970
Metfone-071-7883971,Mobile,+8550717883971
Metfone-071-7883972,Mobile,+8550717883972
Metfone-071-7883973,Mobile,+8550717883973
Metfone-071-7883974,Mobile,+8550717883974
Metfone-071-7883975,Mobile,+8550717883975
Metfone-071-7883976,Mobile,+8550717883976
Metfone-071-7883977,Mobile,+8550717883977
Metfone-071-7883978,Mobile,+8550717883978
Metfone-071-7883979,Mobile,+8550717883979
Metfone-071-7883980,Mobile,+8550717883980
Metfone-071-7883981,Mobile,+8550717883981
Metfone-071-7883982,Mobile,+8550717883982
Metfone-071-7883983,Mobile,+8550717883983
Metfone-071-7883984,Mobile,+8550717883984
Metfone-071-7883985,Mobile,+8550717883985
Metfone-071-7883986,Mobile,+8550717883986
Metfone-071-7883987,Mobile,+8550717883987
Metfone-071-7883988,Mobile,+8550717883988
Metfone-071-7883989,Mobile,+8550717883989
Metfone-071-7883990,Mobile,+8550717883990
Metfone-071-7883991,Mobile,+8550717883991
Metfone-071-7883992,Mobile,+8550717883992
Metfone-071-7883993,Mobile,+8550717883993
Metfone-071-7883994,Mobile,+8550717883994
Metfone-071-7883995,Mobile,+8550717883995
Metfone-071-7883996,Mobile,+8550717883996
Metfone-071-7883997,Mobile,+8550717883997
Metfone-071-7883998,Mobile,+8550717883998
Metfone-071-7883999,Mobile,+8550717883999
Metfone-071-7884000,Mobile,+8550717884000
Metfone-071-7884001,Mobile,+8550717884001
Metfone-071-7884002,Mobile,+8550717884002
Metfone-071-7884003,Mobile,+8550717884003
Metfone-071-7884004,Mobile,+8550717884004
Metfone-071-7884005,Mobile,+8550717884005
Metfone-071-7884006,Mobile,+8550717884006
Metfone-071-7884007,Mobile,+8550717884007
Metfone-071-7884008,Mobile,+8550717884008
Metfone-071-7884009,Mobile,+8550717884009
Metfone-071-7884010,Mobile,+8550717884010
Metfone-071-7884011,Mobile,+8550717884011
Metfone-071-7884012,Mobile,+8550717884012
Metfone-071-7884013,Mobile,+8550717884013
Metfone-071-7884014,Mobile,+8550717884014
Metfone-071-7884015,Mobile,+8550717884015
Metfone-071-7884016,Mobile,+8550717884016
Metfone-071-7884017,Mobile,+8550717884017
Metfone-071-7884018,Mobile,+8550717884018
Metfone-071-7884019,Mobile,+8550717884019
Metfone-071-7884020,Mobile,+8550717884020
Metfone-071-7884021,Mobile,+8550717884021
Metfone-071-7884022,Mobile,+8550717884022
Metfone-071-7884023,Mobile,+8550717884023
Metfone-071-7884024,Mobile,+8550717884024
Metfone-071-7884025,Mobile,+8550717884025
Metfone-071-7884026,Mobile,+8550717884026
Metfone-071-7884027,Mobile,+8550717884027
Metfone-071-7884028,Mobile,+8550717884028
Metfone-071-7884029,Mobile,+8550717884029
Metfone-071-7884030,Mobile,+8550717884030
Metfone-071-7884031,Mobile,+8550717884031
Metfone-071-7884032,Mobile,+8550717884032
Metfone-071-7884033,Mobile,+8550717884033
Metfone-071-7884034,Mobile,+8550717884034
Metfone-071-7884035,Mobile,+8550717884035
Metfone-071-7884036,Mobile,+8550717884036
Metfone-071-7884037,Mobile,+8550717884037
Metfone-071-7884038,Mobile,+8550717884038
Metfone-071-7884039,Mobile,+8550717884039
Metfone-071-7884040,Mobile,+8550717884040
Metfone-071-7884041,Mobile,+8550717884041
Metfone-071-7884042,Mobile,+8550717884042
Metfone-071-7884043,Mobile,+8550717884043
Metfone-071-7884044,Mobile,+8550717884044
Metfone-071-7884045,Mobile,+8550717884045
Metfone-071-7884046,Mobile,+8550717884046
Metfone-071-7884047,Mobile,+8550717884047
Metfone-071-7884048,Mobile,+8550717884048
Metfone-071-7884049,Mobile,+8550717884049
Metfone-071-7884050,Mobile,+8550717884050
Metfone-071-7884051,Mobile,+8550717884051
Metfone-071-7884052,Mobile,+8550717884052
Metfone-071-7884053,Mobile,+8550717884053
Metfone-071-7884054,Mobile,+8550717884054
Metfone-071-7884055,Mobile,+8550717884055
Metfone-071-7884056,Mobile,+8550717884056
Metfone-071-7884057,Mobile,+8550717884057
Metfone-071-7884058,Mobile,+8550717884058
Metfone-071-7884059,Mobile,+8550717884059
Metfone-071-7884060,Mobile,+8550717884060
Metfone-071-7884061,Mobile,+8550717884061
Metfone-071-7884062,Mobile,+8550717884062
Metfone-071-7884063,Mobile,+8550717884063
Metfone-071-7884064,Mobile,+8550717884064
Metfone-071-7884065,Mobile,+8550717884065
Metfone-071-7884066,Mobile,+8550717884066
Metfone-071-7884067,Mobile,+8550717884067
Metfone-071-7884068,Mobile,+8550717884068
Metfone-071-7884069,Mobile,+8550717884069
Metfone-071-7884070,Mobile,+8550717884070
Metfone-071-7884071,Mobile,+8550717884071
Metfone-071-7884072,Mobile,+8550717884072
Metfone-071-7884073,Mobile,+8550717884073
Metfone-071-7884074,Mobile,+8550717884074
Metfone-071-7884075,Mobile,+8550717884075
Metfone-071-7884076,Mobile,+8550717884076
Metfone-071-7884077,Mobile,+8550717884077
Metfone-071-7884078,Mobile,+8550717884078
Metfone-071-7884079,Mobile,+8550717884079
Metfone-071-7884080,Mobile,+8550717884080
Metfone-071-7884081,Mobile,+8550717884081
Metfone-071-7884082,Mobile,+8550717884082
Metfone-071-7884083,Mobile,+8550717884083
Metfone-071-7884084,Mobile,+8550717884084
Metfone-071-7884085,Mobile,+8550717884085
Metfone-071-7884086,Mobile,+8550717884086
Metfone-071-7884087,Mobile,+8550717884087
Metfone-071-7884088,Mobile,+8550717884088
Metfone-071-7884089,Mobile,+8550717884089
Metfone-071-7884090,Mobile,+8550717884090
Metfone-071-7884091,Mobile,+8550717884091
Metfone-071-7884092,Mobile,+8550717884092
Metfone-071-7884093,Mobile,+8550717884093
Metfone-071-7884094,Mobile,+8550717884094
Metfone-071-7884095,Mobile,+8550717884095
Metfone-071-7884096,Mobile,+8550717884096
Metfone-071-7884097,Mobile,+8550717884097
Metfone-071-7884098,Mobile,+8550717884098
Metfone-071-7884099,Mobile,+8550717884099
Metfone-071-7884100,Mobile,+8550717884100
Metfone-071-7884101,Mobile,+8550717884101
Metfone-071-7884102,Mobile,+8550717884102
Metfone-071-7884103,Mobile,+8550717884103
Metfone-071-7884104,Mobile,+8550717884104
Metfone-071-7884105,Mobile,+8550717884105
Metfone-071-7884106,Mobile,+8550717884106
Metfone-071-7884107,Mobile,+8550717884107
Metfone-071-7884108,Mobile,+8550717884108
Metfone-071-7884109,Mobile,+8550717884109
Metfone-071-7884110,Mobile,+8550717884110
Metfone-071-7884111,Mobile,+8550717884111
Metfone-071-7884112,Mobile,+8550717884112
Metfone-071-7884113,Mobile,+8550717884113
Metfone-071-7884114,Mobile,+8550717884114
Metfone-071-7884115,Mobile,+8550717884115
Metfone-071-7884116,Mobile,+8550717884116
Metfone-071-7884117,Mobile,+8550717884117
Metfone-071-7884118,Mobile,+8550717884118
Metfone-071-7884119,Mobile,+8550717884119
Metfone-071-7884120,Mobile,+8550717884120
Metfone-071-7884121,Mobile,+8550717884121
Metfone-071-7884122,Mobile,+8550717884122
Metfone-071-7884123,Mobile,+8550717884123
Metfone-071-7884124,Mobile,+8550717884124
Metfone-071-7884125,Mobile,+8550717884125
Metfone-071-7884126,Mobile,+8550717884126
Metfone-071-7884127,Mobile,+8550717884127
Metfone-071-7884128,Mobile,+8550717884128
Metfone-071-7884129,Mobile,+8550717884129
Metfone-071-7884130,Mobile,+8550717884130
Metfone-071-7884131,Mobile,+8550717884131
Metfone-071-7884132,Mobile,+8550717884132
Metfone-071-7884133,Mobile,+8550717884133
Metfone-071-7884134,Mobile,+8550717884134
Metfone-071-7884135,Mobile,+8550717884135
Metfone-071-7884136,Mobile,+8550717884136
Metfone-071-7884137,Mobile,+8550717884137
Metfone-071-7884138,Mobile,+8550717884138
Metfone-071-7884139,Mobile,+8550717884139
Metfone-071-7884140,Mobile,+8550717884140
Metfone-071-7884141,Mobile,+8550717884141
Metfone-071-7884142,Mobile,+8550717884142
Metfone-071-7884143,Mobile,+8550717884143
Metfone-071-7884144,Mobile,+8550717884144
Metfone-071-7884145,Mobile,+8550717884145
Metfone-071-7884146,Mobile,+8550717884146
Metfone-071-7884147,Mobile,+8550717884147
Metfone-071-7884148,Mobile,+8550717884148
Metfone-071-7884149,Mobile,+8550717884149
Metfone-071-7884150,Mobile,+8550717884150
Metfone-071-7884151,Mobile,+8550717884151
Metfone-071-7884152,Mobile,+8550717884152
Metfone-071-7884153,Mobile,+8550717884153
Metfone-071-7884154,Mobile,+8550717884154
Metfone-071-7884155,Mobile,+8550717884155
Metfone-071-7884156,Mobile,+8550717884156
Metfone-071-7884157,Mobile,+8550717884157
Metfone-071-7884158,Mobile,+8550717884158
Metfone-071-7884159,Mobile,+8550717884159
Metfone-071-7884160,Mobile,+8550717884160
Metfone-071-7884161,Mobile,+8550717884161
Metfone-071-7884162,Mobile,+8550717884162
Metfone-071-7884163,Mobile,+8550717884163
Metfone-071-7884164,Mobile,+8550717884164
Metfone-071-7884165,Mobile,+8550717884165
Metfone-071-7884166,Mobile,+8550717884166
Metfone-071-7884167,Mobile,+8550717884167
Metfone-071-7884168,Mobile,+8550717884168
Metfone-071-7884169,Mobile,+8550717884169
Metfone-071-7884170,Mobile,+8550717884170
Metfone-071-7884171,Mobile,+8550717884171
Metfone-071-7884172,Mobile,+8550717884172
Metfone-071-7884173,Mobile,+8550717884173
Metfone-071-7884174,Mobile,+8550717884174
Metfone-071-7884175,Mobile,+8550717884175
Metfone-071-7884176,Mobile,+8550717884176
Metfone-071-7884177,Mobile,+8550717884177
Metfone-071-7884178,Mobile,+8550717884178
Metfone-071-7884179,Mobile,+8550717884179
Metfone-071-7884180,Mobile,+8550717884180
Metfone-071-7884181,Mobile,+8550717884181
Metfone-071-7884182,Mobile,+8550717884182
Metfone-071-7884183,Mobile,+8550717884183
Metfone-071-7884184,Mobile,+8550717884184
Metfone-071-7884185,Mobile,+8550717884185
Metfone-071-7884186,Mobile,+8550717884186
Metfone-071-7884187,Mobile,+8550717884187
Metfone-071-7884188,Mobile,+8550717884188
Metfone-071-7884189,Mobile,+8550717884189
Metfone-071-7884190,Mobile,+8550717884190
Metfone-071-7884191,Mobile,+8550717884191
Metfone-071-7884192,Mobile,+8550717884192
Metfone-071-7884193,Mobile,+8550717884193
Metfone-071-7884194,Mobile,+8550717884194
Metfone-071-7884195,Mobile,+8550717884195
Metfone-071-7884196,Mobile,+8550717884196
Metfone-071-7884197,Mobile,+8550717884197
Metfone-071-7884198,Mobile,+8550717884198
Metfone-071-7884199,Mobile,+8550717884199
Metfone-071-7884200,Mobile,+8550717884200
Metfone-071-7884201,Mobile,+8550717884201
Metfone-071-7884202,Mobile,+8550717884202
Metfone-071-7884203,Mobile,+8550717884203
Metfone-071-7884204,Mobile,+8550717884204
Metfone-071-7884205,Mobile,+8550717884205
Metfone-071-7884206,Mobile,+8550717884206
Metfone-071-7884207,Mobile,+8550717884207
Metfone-071-7884208,Mobile,+8550717884208
Metfone-071-7884209,Mobile,+8550717884209
Metfone-071-7884210,Mobile,+8550717884210
Metfone-071-7884211,Mobile,+8550717884211
Metfone-071-7884212,Mobile,+8550717884212
Metfone-071-7884213,Mobile,+8550717884213
Metfone-071-7884214,Mobile,+8550717884214
Metfone-071-7884215,Mobile,+8550717884215
Metfone-071-7884216,Mobile,+8550717884216
Metfone-071-7884217,Mobile,+8550717884217
Metfone-071-7884218,Mobile,+8550717884218
Metfone-071-7884219,Mobile,+8550717884219
Metfone-071-7884220,Mobile,+8550717884220
Metfone-071-7884221,Mobile,+8550717884221
Metfone-071-7884222,Mobile,+8550717884222
Metfone-071-7884223,Mobile,+8550717884223
Metfone-071-7884224,Mobile,+8550717884224
Metfone-071-7884225,Mobile,+8550717884225
Metfone-071-7884226,Mobile,+8550717884226
Metfone-071-7884227,Mobile,+8550717884227
Metfone-071-7884228,Mobile,+8550717884228
Metfone-071-7884229,Mobile,+8550717884229
Metfone-071-7884230,Mobile,+8550717884230
Metfone-071-7884231,Mobile,+8550717884231
Metfone-071-7884232,Mobile,+8550717884232
Metfone-071-7884233,Mobile,+8550717884233
Metfone-071-7884234,Mobile,+8550717884234
Metfone-071-7884235,Mobile,+8550717884235
Metfone-071-7884236,Mobile,+8550717884236
Metfone-071-7884237,Mobile,+8550717884237
Metfone-071-7884238,Mobile,+8550717884238
Metfone-071-7884239,Mobile,+8550717884239
Metfone-071-7884240,Mobile,+8550717884240
Metfone-071-7884241,Mobile,+8550717884241
Metfone-071-7884242,Mobile,+8550717884242
Metfone-071-7884243,Mobile,+8550717884243
Metfone-071-7884244,Mobile,+8550717884244
Metfone-071-7884245,Mobile,+8550717884245
Metfone-071-7884246,Mobile,+8550717884246
Metfone-071-7884247,Mobile,+8550717884247
Metfone-071-7884248,Mobile,+8550717884248
Metfone-071-7884249,Mobile,+8550717884249
Metfone-071-7884250,Mobile,+8550717884250
Metfone-071-7884251,Mobile,+8550717884251
Metfone-071-7884252,Mobile,+8550717884252
Metfone-071-7884253,Mobile,+8550717884253
Metfone-071-7884254,Mobile,+8550717884254
Metfone-071-7884255,Mobile,+8550717884255
Metfone-071-7884256,Mobile,+8550717884256
Metfone-071-7884257,Mobile,+8550717884257
Metfone-071-7884258,Mobile,+8550717884258
Metfone-071-7884259,Mobile,+8550717884259
Metfone-071-7884260,Mobile,+8550717884260
Metfone-071-7884261,Mobile,+8550717884261
Metfone-071-7884262,Mobile,+8550717884262
Metfone-071-7884263,Mobile,+8550717884263
Metfone-071-7884264,Mobile,+8550717884264
Metfone-071-7884265,Mobile,+8550717884265
Metfone-071-7884266,Mobile,+8550717884266
Metfone-071-7884267,Mobile,+8550717884267
Metfone-071-7884268,Mobile,+8550717884268
Metfone-071-7884269,Mobile,+8550717884269
Metfone-071-7884270,Mobile,+8550717884270
Metfone-071-7884271,Mobile,+8550717884271
Metfone-071-7884272,Mobile,+8550717884272
Metfone-071-7884273,Mobile,+8550717884273
Metfone-071-7884274,Mobile,+8550717884274
Metfone-071-7884275,Mobile,+8550717884275
Metfone-071-7884276,Mobile,+8550717884276
Metfone-071-7884277,Mobile,+8550717884277
Metfone-071-7884278,Mobile,+8550717884278
Metfone-071-7884279,Mobile,+8550717884279
Metfone-071-7884280,Mobile,+8550717884280
Metfone-071-7884281,Mobile,+8550717884281
Metfone-071-7884282,Mobile,+8550717884282
Metfone-071-7884283,Mobile,+8550717884283
Metfone-071-7884284,Mobile,+8550717884284
Metfone-071-7884285,Mobile,+8550717884285
Metfone-071-7884286,Mobile,+8550717884286
Metfone-071-7884287,Mobile,+8550717884287
Metfone-071-7884288,Mobile,+8550717884288
Metfone-071-7884289,Mobile,+8550717884289
Metfone-071-7884290,Mobile,+8550717884290
Metfone-071-7884291,Mobile,+8550717884291
Metfone-071-7884292,Mobile,+8550717884292
Metfone-071-7884293,Mobile,+8550717884293
Metfone-071-7884294,Mobile,+8550717884294
Metfone-071-7884295,Mobile,+8550717884295
Metfone-071-7884296,Mobile,+8550717884296
Metfone-071-7884297,Mobile,+8550717884297
Metfone-071-7884298,Mobile,+8550717884298
Metfone-071-7884299,Mobile,+8550717884299
Metfone-071-7884300,Mobile,+8550717884300
Metfone-071-7884301,Mobile,+8550717884301
Metfone-071-7884302,Mobile,+8550717884302
Metfone-071-7884303,Mobile,+8550717884303
Metfone-071-7884304,Mobile,+8550717884304
Metfone-071-7884305,Mobile,+8550717884305
Metfone-071-7884306,Mobile,+8550717884306
Metfone-071-7884307,Mobile,+8550717884307
Metfone-071-7884308,Mobile,+8550717884308
Metfone-071-7884309,Mobile,+8550717884309
Metfone-071-7884310,Mobile,+8550717884310
Metfone-071-7884311,Mobile,+8550717884311
Metfone-071-7884312,Mobile,+8550717884312
Metfone-071-7884313,Mobile,+8550717884313
Metfone-071-7884314,Mobile,+8550717884314
Metfone-071-7884315,Mobile,+8550717884315
Metfone-071-7884316,Mobile,+8550717884316
Metfone-071-7884317,Mobile,+8550717884317
Metfone-071-7884318,Mobile,+8550717884318
Metfone-071-7884319,Mobile,+8550717884319
Metfone-071-7884320,Mobile,+8550717884320
Metfone-071-7884321,Mobile,+8550717884321
Metfone-071-7884322,Mobile,+8550717884322
Metfone-071-7884323,Mobile,+8550717884323
Metfone-071-7884324,Mobile,+8550717884324
Metfone-071-7884325,Mobile,+8550717884325
Metfone-071-7884326,Mobile,+8550717884326
Metfone-071-7884327,Mobile,+8550717884327
Metfone-071-7884328,Mobile,+8550717884328
Metfone-071-7884329,Mobile,+8550717884329
Metfone-071-7884330,Mobile,+8550717884330
Metfone-071-7884331,Mobile,+8550717884331
Metfone-071-7884332,Mobile,+8550717884332
Metfone-071-7884333,Mobile,+8550717884333
Metfone-071-7884334,Mobile,+8550717884334
Metfone-071-7884335,Mobile,+8550717884335
Metfone-071-7884336,Mobile,+8550717884336
Metfone-071-7884337,Mobile,+8550717884337
Metfone-071-7884338,Mobile,+8550717884338
Metfone-071-7884339,Mobile,+8550717884339
Metfone-071-7884340,Mobile,+8550717884340
Metfone-071-7884341,Mobile,+8550717884341
Metfone-071-7884342,Mobile,+8550717884342
Metfone-071-7884343,Mobile,+8550717884343
Metfone-071-7884344,Mobile,+8550717884344
Metfone-071-7884345,Mobile,+8550717884345
Metfone-071-7884346,Mobile,+8550717884346
Metfone-071-7884347,Mobile,+8550717884347
Metfone-071-7884348,Mobile,+8550717884348
Metfone-071-7884349,Mobile,+8550717884349
Metfone-071-7884350,Mobile,+8550717884350
Metfone-071-7884351,Mobile,+8550717884351
Metfone-071-7884352,Mobile,+8550717884352
Metfone-071-7884353,Mobile,+8550717884353
Metfone-071-7884354,Mobile,+8550717884354
Metfone-071-7884355,Mobile,+8550717884355
Metfone-071-7884356,Mobile,+8550717884356
Metfone-071-7884357,Mobile,+8550717884357
Metfone-071-7884358,Mobile,+8550717884358
Metfone-071-7884359,Mobile,+8550717884359
Metfone-071-7884360,Mobile,+8550717884360
Metfone-071-7884361,Mobile,+8550717884361
Metfone-071-7884362,Mobile,+8550717884362
Metfone-071-7884363,Mobile,+8550717884363
Metfone-071-7884364,Mobile,+8550717884364
Metfone-071-7884365,Mobile,+8550717884365
Metfone-071-7884366,Mobile,+8550717884366
Metfone-071-7884367,Mobile,+8550717884367
Metfone-071-7884368,Mobile,+8550717884368
Metfone-071-7884369,Mobile,+8550717884369
Metfone-071-7884370,Mobile,+8550717884370
Metfone-071-7884371,Mobile,+8550717884371
Metfone-071-7884372,Mobile,+8550717884372
Metfone-071-7884373,Mobile,+8550717884373
Metfone-071-7884374,Mobile,+8550717884374
Metfone-071-7884375,Mobile,+8550717884375
Metfone-071-7884376,Mobile,+8550717884376
Metfone-071-7884377,Mobile,+8550717884377
Metfone-071-7884378,Mobile,+8550717884378
Metfone-071-7884379,Mobile,+8550717884379
Metfone-071-7884380,Mobile,+8550717884380
Metfone-071-7884381,Mobile,+8550717884381
Metfone-071-7884382,Mobile,+8550717884382
Metfone-071-7884383,Mobile,+8550717884383
Metfone-071-7884384,Mobile,+8550717884384
Metfone-071-7884385,Mobile,+8550717884385
Metfone-071-7884386,Mobile,+8550717884386
Metfone-071-7884387,Mobile,+8550717884387
Metfone-071-7884388,Mobile,+8550717884388
Metfone-071-7884389,Mobile,+8550717884389
Metfone-071-7884390,Mobile,+8550717884390
Metfone-071-7884391,Mobile,+8550717884391
Metfone-071-7884392,Mobile,+8550717884392
Metfone-071-7884393,Mobile,+8550717884393
Metfone-071-7884394,Mobile,+8550717884394
Metfone-071-7884395,Mobile,+8550717884395
Metfone-071-7884396,Mobile,+8550717884396
Metfone-071-7884397,Mobile,+8550717884397
Metfone-071-7884398,Mobile,+8550717884398
Metfone-071-7884399,Mobile,+8550717884399
Metfone-071-7884400,Mobile,+8550717884400
Metfone-071-7884401,Mobile,+8550717884401
Metfone-071-7884402,Mobile,+8550717884402
Metfone-071-7884403,Mobile,+8550717884403
Metfone-071-7884404,Mobile,+8550717884404
Metfone-071-7884405,Mobile,+8550717884405
Metfone-071-7884406,Mobile,+8550717884406
Metfone-071-7884407,Mobile,+8550717884407
Metfone-071-7884408,Mobile,+8550717884408
Metfone-071-7884409,Mobile,+8550717884409
Metfone-071-7884410,Mobile,+8550717884410
Metfone-071-7884411,Mobile,+8550717884411
Metfone-071-7884412,Mobile,+8550717884412
Metfone-071-7884413,Mobile,+8550717884413
Metfone-071-7884414,Mobile,+8550717884414
Metfone-071-7884415,Mobile,+8550717884415
Metfone-071-7884416,Mobile,+8550717884416
Metfone-071-7884417,Mobile,+8550717884417
Metfone-071-7884418,Mobile,+8550717884418
Metfone-071-7884419,Mobile,+8550717884419
Metfone-071-7884420,Mobile,+8550717884420
Metfone-071-7884421,Mobile,+8550717884421
Metfone-071-7884422,Mobile,+8550717884422
Metfone-071-7884423,Mobile,+8550717884423
Metfone-071-7884424,Mobile,+8550717884424
Metfone-071-7884425,Mobile,+8550717884425
Metfone-071-7884426,Mobile,+8550717884426
Metfone-071-7884427,Mobile,+8550717884427
Metfone-071-7884428,Mobile,+8550717884428
Metfone-071-7884429,Mobile,+8550717884429
Metfone-071-7884430,Mobile,+8550717884430
Metfone-071-7884431,Mobile,+8550717884431
Metfone-071-7884432,Mobile,+8550717884432
Metfone-071-7884433,Mobile,+8550717884433
Metfone-071-7884434,Mobile,+8550717884434
Metfone-071-7884435,Mobile,+8550717884435
Metfone-071-7884436,Mobile,+8550717884436
Metfone-071-7884437,Mobile,+8550717884437
Metfone-071-7884438,Mobile,+8550717884438
Metfone-071-7884439,Mobile,+8550717884439
Metfone-071-7884440,Mobile,+8550717884440
Metfone-071-7884441,Mobile,+8550717884441
Metfone-071-7884442,Mobile,+8550717884442
Metfone-071-7884443,Mobile,+8550717884443
Metfone-071-7884444,Mobile,+8550717884444
Metfone-071-7884445,Mobile,+8550717884445
Metfone-071-7884446,Mobile,+8550717884446
Metfone-071-7884447,Mobile,+8550717884447
Metfone-071-7884448,Mobile,+8550717884448
Metfone-071-7884449,Mobile,+8550717884449
Metfone-071-7884450,Mobile,+8550717884450
Metfone-071-7884451,Mobile,+8550717884451
Metfone-071-7884452,Mobile,+8550717884452
Metfone-071-7884453,Mobile,+8550717884453
Metfone-071-7884454,Mobile,+8550717884454
Metfone-071-7884455,Mobile,+8550717884455
Metfone-071-7884456,Mobile,+8550717884456
Metfone-071-7884457,Mobile,+8550717884457
Metfone-071-7884458,Mobile,+8550717884458
Metfone-071-7884459,Mobile,+8550717884459
Metfone-071-7884460,Mobile,+8550717884460
Metfone-071-7884461,Mobile,+8550717884461
Metfone-071-7884462,Mobile,+8550717884462
Metfone-071-7884463,Mobile,+8550717884463
Metfone-071-7884464,Mobile,+8550717884464
Metfone-071-7884465,Mobile,+8550717884465
Metfone-071-7884466,Mobile,+8550717884466
Metfone-071-7884467,Mobile,+8550717884467
Metfone-071-7884468,Mobile,+8550717884468
Metfone-071-7884469,Mobile,+8550717884469
Metfone-071-7884470,Mobile,+8550717884470
Metfone-071-7884471,Mobile,+8550717884471
Metfone-071-7884472,Mobile,+8550717884472
Metfone-071-7884473,Mobile,+8550717884473
Metfone-071-7884474,Mobile,+8550717884474
Metfone-071-7884475,Mobile,+8550717884475
Metfone-071-7884476,Mobile,+8550717884476
Metfone-071-7884477,Mobile,+8550717884477
Metfone-071-7884478,Mobile,+8550717884478
Metfone-071-7884479,Mobile,+8550717884479
Metfone-071-7884480,Mobile,+8550717884480
Metfone-071-7884481,Mobile,+8550717884481
Metfone-071-7884482,Mobile,+8550717884482
Metfone-071-7884483,Mobile,+8550717884483
Metfone-071-7884484,Mobile,+8550717884484
Metfone-071-7884485,Mobile,+8550717884485
Metfone-071-7884486,Mobile,+8550717884486
Metfone-071-7884487,Mobile,+8550717884487
Metfone-071-7884488,Mobile,+8550717884488
Metfone-071-7884489,Mobile,+8550717884489
Metfone-071-7884490,Mobile,+8550717884490
Metfone-071-7884491,Mobile,+8550717884491
Metfone-071-7884492,Mobile,+8550717884492
Metfone-071-7884493,Mobile,+8550717884493
Metfone-071-7884494,Mobile,+8550717884494
Metfone-071-7884495,Mobile,+8550717884495
Metfone-071-7884496,Mobile,+8550717884496
Metfone-071-7884497,Mobile,+8550717884497
Metfone-071-7884498,Mobile,+8550717884498
Metfone-071-7884499,Mobile,+8550717884499
Metfone-071-7884500,Mobile,+8550717884500
Metfone-071-7884501,Mobile,+8550717884501
Metfone-071-7884502,Mobile,+8550717884502
Metfone-071-7884503,Mobile,+8550717884503
Metfone-071-7884504,Mobile,+8550717884504
Metfone-071-7884505,Mobile,+8550717884505
Metfone-071-7884506,Mobile,+8550717884506
Metfone-071-7884507,Mobile,+8550717884507
Metfone-071-7884508,Mobile,+8550717884508
Metfone-071-7884509,Mobile,+8550717884509
Metfone-071-7884510,Mobile,+8550717884510
Metfone-071-7884511,Mobile,+8550717884511
Metfone-071-7884512,Mobile,+8550717884512
Metfone-071-7884513,Mobile,+8550717884513
Metfone-071-7884514,Mobile,+8550717884514
Metfone-071-7884515,Mobile,+8550717884515
Metfone-071-7884516,Mobile,+8550717884516
Metfone-071-7884517,Mobile,+8550717884517
Metfone-071-7884518,Mobile,+8550717884518
Metfone-071-7884519,Mobile,+8550717884519
Metfone-071-7884520,Mobile,+8550717884520
Metfone-071-7884521,Mobile,+8550717884521
Metfone-071-7884522,Mobile,+8550717884522
Metfone-071-7884523,Mobile,+8550717884523
Metfone-071-7884524,Mobile,+8550717884524
Metfone-071-7884525,Mobile,+8550717884525
Metfone-071-7884526,Mobile,+8550717884526
Metfone-071-7884527,Mobile,+8550717884527
Metfone-071-7884528,Mobile,+8550717884528
Metfone-071-7884529,Mobile,+8550717884529
Metfone-071-7884530,Mobile,+8550717884530
Metfone-071-7884531,Mobile,+8550717884531
Metfone-071-7884532,Mobile,+8550717884532
Metfone-071-7884533,Mobile,+8550717884533
Metfone-071-7884534,Mobile,+8550717884534
Metfone-071-7884535,Mobile,+8550717884535
Metfone-071-7884536,Mobile,+8550717884536
Metfone-071-7884537,Mobile,+8550717884537
Metfone-071-7884538,Mobile,+8550717884538
Metfone-071-7884539,Mobile,+8550717884539
Metfone-071-7884540,Mobile,+8550717884540
Metfone-071-7884541,Mobile,+8550717884541
Metfone-071-7884542,Mobile,+8550717884542
Metfone-071-7884543,Mobile,+8550717884543
Metfone-071-7884544,Mobile,+8550717884544
Metfone-071-7884545,Mobile,+8550717884545
Metfone-071-7884546,Mobile,+8550717884546
Metfone-071-7884547,Mobile,+8550717884547
Metfone-071-7884548,Mobile,+8550717884548
Metfone-071-7884549,Mobile,+8550717884549
Metfone-071-7884550,Mobile,+8550717884550
Metfone-071-7884551,Mobile,+8550717884551
Metfone-071-7884552,Mobile,+8550717884552
Metfone-071-7884553,Mobile,+8550717884553
Metfone-071-7884554,Mobile,+8550717884554
Metfone-071-7884555,Mobile,+8550717884555
Metfone-071-7884556,Mobile,+8550717884556
Metfone-071-7884557,Mobile,+8550717884557
Metfone-071-7884558,Mobile,+8550717884558
Metfone-071-7884559,Mobile,+8550717884559
Metfone-071-7884560,Mobile,+8550717884560
Metfone-071-7884561,Mobile,+8550717884561
Metfone-071-7884562,Mobile,+8550717884562
Metfone-071-7884563,Mobile,+8550717884563
Metfone-071-7884564,Mobile,+8550717884564
Metfone-071-7884565,Mobile,+8550717884565
Metfone-071-7884566,Mobile,+8550717884566
Metfone-071-7884567,Mobile,+8550717884567
Metfone-071-7884568,Mobile,+8550717884568
Metfone-071-7884569,Mobile,+8550717884569
Metfone-071-7884570,Mobile,+8550717884570
Metfone-071-7884571,Mobile,+8550717884571
Metfone-071-7884572,Mobile,+8550717884572
Metfone-071-7884573,Mobile,+8550717884573
Metfone-071-7884574,Mobile,+8550717884574
Metfone-071-7884575,Mobile,+8550717884575
Metfone-071-7884576,Mobile,+8550717884576
Metfone-071-7884577,Mobile,+8550717884577
Metfone-071-7884578,Mobile,+8550717884578
Metfone-071-7884579,Mobile,+8550717884579
Metfone-071-7884580,Mobile,+8550717884580
Metfone-071-7884581,Mobile,+8550717884581
Metfone-071-7884582,Mobile,+8550717884582
Metfone-071-7884583,Mobile,+8550717884583
Metfone-071-7884584,Mobile,+8550717884584
Metfone-071-7884585,Mobile,+8550717884585
Metfone-071-7884586,Mobile,+8550717884586
Metfone-071-7884587,Mobile,+8550717884587
Metfone-071-7884588,Mobile,+8550717884588
Metfone-071-7884589,Mobile,+8550717884589
Metfone-071-7884590,Mobile,+8550717884590
Metfone-071-7884591,Mobile,+8550717884591
Metfone-071-7884592,Mobile,+8550717884592
Metfone-071-7884593,Mobile,+8550717884593
Metfone-071-7884594,Mobile,+8550717884594
Metfone-071-7884595,Mobile,+8550717884595
Metfone-071-7884596,Mobile,+8550717884596
Metfone-071-7884597,Mobile,+8550717884597
Metfone-071-7884598,Mobile,+8550717884598
Metfone-071-7884599,Mobile,+8550717884599
Metfone-071-7884600,Mobile,+8550717884600
Metfone-071-7884601,Mobile,+8550717884601
Metfone-071-7884602,Mobile,+8550717884602
Metfone-071-7884603,Mobile,+8550717884603
Metfone-071-7884604,Mobile,+8550717884604
Metfone-071-7884605,Mobile,+8550717884605
Metfone-071-7884606,Mobile,+8550717884606
Metfone-071-7884607,Mobile,+8550717884607
Metfone-071-7884608,Mobile,+8550717884608
Metfone-071-7884609,Mobile,+8550717884609
Metfone-071-7884610,Mobile,+8550717884610
Metfone-071-7884611,Mobile,+8550717884611
Metfone-071-7884612,Mobile,+8550717884612
Metfone-071-7884613,Mobile,+8550717884613
Metfone-071-7884614,Mobile,+8550717884614
Metfone-071-7884615,Mobile,+8550717884615
Metfone-071-7884616,Mobile,+8550717884616
Metfone-071-7884617,Mobile,+8550717884617
Metfone-071-7884618,Mobile,+8550717884618
Metfone-071-7884619,Mobile,+8550717884619
Metfone-071-7884620,Mobile,+8550717884620
Metfone-071-7884621,Mobile,+8550717884621
Metfone-071-7884622,Mobile,+8550717884622
Metfone-071-7884623,Mobile,+8550717884623
Metfone-071-7884624,Mobile,+8550717884624
Metfone-071-7884625,Mobile,+8550717884625
Metfone-071-7884626,Mobile,+8550717884626
Metfone-071-7884627,Mobile,+8550717884627
Metfone-071-7884628,Mobile,+8550717884628
Metfone-071-7884629,Mobile,+8550717884629
Metfone-071-7884630,Mobile,+8550717884630
Metfone-071-7884631,Mobile,+8550717884631
Metfone-071-7884632,Mobile,+8550717884632
Metfone-071-7884633,Mobile,+8550717884633
Metfone-071-7884634,Mobile,+8550717884634
Metfone-071-7884635,Mobile,+8550717884635
Metfone-071-7884636,Mobile,+8550717884636
Metfone-071-7884637,Mobile,+8550717884637
Metfone-071-7884638,Mobile,+8550717884638
Metfone-071-7884639,Mobile,+8550717884639
Metfone-071-7884640,Mobile,+8550717884640
Metfone-071-7884641,Mobile,+8550717884641
Metfone-071-7884642,Mobile,+8550717884642
Metfone-071-7884643,Mobile,+8550717884643
Metfone-071-7884644,Mobile,+8550717884644
Metfone-071-7884645,Mobile,+8550717884645
Metfone-071-7884646,Mobile,+8550717884646
Metfone-071-7884647,Mobile,+8550717884647
Metfone-071-7884648,Mobile,+8550717884648
Metfone-071-7884649,Mobile,+8550717884649
Metfone-071-7884650,Mobile,+8550717884650
Metfone-071-7884651,Mobile,+8550717884651
Metfone-071-7884652,Mobile,+8550717884652
Metfone-071-7884653,Mobile,+8550717884653
Metfone-071-7884654,Mobile,+8550717884654
Metfone-071-7884655,Mobile,+8550717884655
Metfone-071-7884656,Mobile,+8550717884656
Metfone-071-7884657,Mobile,+8550717884657
Metfone-071-7884658,Mobile,+8550717884658
Metfone-071-7884659,Mobile,+8550717884659
Metfone-071-7884660,Mobile,+8550717884660
Metfone-071-7884661,Mobile,+8550717884661
Metfone-071-7884662,Mobile,+8550717884662
Metfone-071-7884663,Mobile,+8550717884663
Metfone-071-7884664,Mobile,+8550717884664
Metfone-071-7884665,Mobile,+8550717884665
Metfone-071-7884666,Mobile,+8550717884666
Metfone-071-7884667,Mobile,+8550717884667
Metfone-071-7884668,Mobile,+8550717884668
Metfone-071-7884669,Mobile,+8550717884669
Metfone-071-7884670,Mobile,+8550717884670
Metfone-071-7884671,Mobile,+8550717884671
Metfone-071-7884672,Mobile,+8550717884672
Metfone-071-7884673,Mobile,+8550717884673
Metfone-071-7884674,Mobile,+8550717884674
Metfone-071-7884675,Mobile,+8550717884675
Metfone-071-7884676,Mobile,+8550717884676
Metfone-071-7884677,Mobile,+8550717884677
Metfone-071-7884678,Mobile,+8550717884678
Metfone-071-7884679,Mobile,+8550717884679
Metfone-071-7884680,Mobile,+8550717884680
Metfone-071-7884681,Mobile,+8550717884681
Metfone-071-7884682,Mobile,+8550717884682
Metfone-071-7884683,Mobile,+8550717884683
Metfone-071-7884684,Mobile,+8550717884684
Metfone-071-7884685,Mobile,+8550717884685
Metfone-071-7884686,Mobile,+8550717884686
Metfone-071-7884687,Mobile,+8550717884687
Metfone-071-7884688,Mobile,+8550717884688
Metfone-071-7884689,Mobile,+8550717884689
Metfone-071-7884690,Mobile,+8550717884690
Metfone-071-7884691,Mobile,+8550717884691
Metfone-071-7884692,Mobile,+8550717884692
Metfone-071-7884693,Mobile,+8550717884693
Metfone-071-7884694,Mobile,+8550717884694
Metfone-071-7884695,Mobile,+8550717884695
Metfone-071-7884696,Mobile,+8550717884696
Metfone-071-7884697,Mobile,+8550717884697
Metfone-071-7884698,Mobile,+8550717884698
Metfone-071-7884699,Mobile,+8550717884699
Metfone-071-7884700,Mobile,+8550717884700
Metfone-071-7884701,Mobile,+8550717884701
Metfone-071-7884702,Mobile,+8550717884702
Metfone-071-7884703,Mobile,+8550717884703
Metfone-071-7884704,Mobile,+8550717884704
Metfone-071-7884705,Mobile,+8550717884705
Metfone-071-7884706,Mobile,+8550717884706
Metfone-071-7884707,Mobile,+8550717884707
Metfone-071-7884708,Mobile,+8550717884708
Metfone-071-7884709,Mobile,+8550717884709
Metfone-071-7884710,Mobile,+8550717884710
Metfone-071-7884711,Mobile,+8550717884711
Metfone-071-7884712,Mobile,+8550717884712
Metfone-071-7884713,Mobile,+8550717884713
Metfone-071-7884714,Mobile,+8550717884714
Metfone-071-7884715,Mobile,+8550717884715
Metfone-071-7884716,Mobile,+8550717884716
Metfone-071-7884717,Mobile,+8550717884717
Metfone-071-7884718,Mobile,+8550717884718
Metfone-071-7884719,Mobile,+8550717884719
Metfone-071-7884720,Mobile,+8550717884720
Metfone-071-7884721,Mobile,+8550717884721
Metfone-071-7884722,Mobile,+8550717884722
Metfone-071-7884723,Mobile,+8550717884723
Metfone-071-7884724,Mobile,+8550717884724
Metfone-071-7884725,Mobile,+8550717884725
Metfone-071-7884726,Mobile,+8550717884726
Metfone-071-7884727,Mobile,+8550717884727
Metfone-071-7884728,Mobile,+8550717884728
Metfone-071-7884729,Mobile,+8550717884729
Metfone-071-7884730,Mobile,+8550717884730
Metfone-071-7884731,Mobile,+8550717884731
Metfone-071-7884732,Mobile,+8550717884732
Metfone-071-7884733,Mobile,+8550717884733
Metfone-071-7884734,Mobile,+8550717884734
Metfone-071-7884735,Mobile,+8550717884735
Metfone-071-7884736,Mobile,+8550717884736
Metfone-071-7884737,Mobile,+8550717884737
Metfone-071-7884738,Mobile,+8550717884738
Metfone-071-7884739,Mobile,+8550717884739
Metfone-071-7884740,Mobile,+8550717884740
Metfone-071-7884741,Mobile,+8550717884741
Metfone-071-7884742,Mobile,+8550717884742
Metfone-071-7884743,Mobile,+8550717884743
Metfone-071-7884744,Mobile,+8550717884744
Metfone-071-7884745,Mobile,+8550717884745
Metfone-071-7884746,Mobile,+8550717884746
Metfone-071-7884747,Mobile,+8550717884747
Metfone-071-7884748,Mobile,+8550717884748
Metfone-071-7884749,Mobile,+8550717884749
Metfone-071-7884750,Mobile,+8550717884750
Metfone-071-7884751,Mobile,+8550717884751
Metfone-071-7884752,Mobile,+8550717884752
Metfone-071-7884753,Mobile,+8550717884753
Metfone-071-7884754,Mobile,+8550717884754
Metfone-071-7884755,Mobile,+8550717884755
Metfone-071-7884756,Mobile,+8550717884756
Metfone-071-7884757,Mobile,+8550717884757
Metfone-071-7884758,Mobile,+8550717884758
Metfone-071-7884759,Mobile,+8550717884759
Metfone-071-7884760,Mobile,+8550717884760
Metfone-071-7884761,Mobile,+8550717884761
Metfone-071-7884762,Mobile,+8550717884762
Metfone-071-7884763,Mobile,+8550717884763
Metfone-071-7884764,Mobile,+8550717884764
Metfone-071-7884765,Mobile,+8550717884765
Metfone-071-7884766,Mobile,+8550717884766
Metfone-071-7884767,Mobile,+8550717884767
Metfone-071-7884768,Mobile,+8550717884768
Metfone-071-7884769,Mobile,+8550717884769
Metfone-071-7884770,Mobile,+8550717884770
Metfone-071-7884771,Mobile,+8550717884771
Metfone-071-7884772,Mobile,+8550717884772
Metfone-071-7884773,Mobile,+8550717884773
Metfone-071-7884774,Mobile,+8550717884774
Metfone-071-7884775,Mobile,+8550717884775
Metfone-071-7884776,Mobile,+8550717884776
Metfone-071-7884777,Mobile,+8550717884777
Metfone-071-7884778,Mobile,+8550717884778
Metfone-071-7884779,Mobile,+8550717884779
Metfone-071-7884780,Mobile,+8550717884780
Metfone-071-7884781,Mobile,+8550717884781
Metfone-071-7884782,Mobile,+8550717884782
Metfone-071-7884783,Mobile,+8550717884783
Metfone-071-7884784,Mobile,+8550717884784
Metfone-071-7884785,Mobile,+8550717884785
Metfone-071-7884786,Mobile,+8550717884786
Metfone-071-7884787,Mobile,+8550717884787
Metfone-071-7884788,Mobile,+8550717884788
Metfone-071-7884789,Mobile,+8550717884789
Metfone-071-7884790,Mobile,+8550717884790
Metfone-071-7884791,Mobile,+8550717884791
Metfone-071-7884792,Mobile,+8550717884792
Metfone-071-7884793,Mobile,+8550717884793
Metfone-071-7884794,Mobile,+8550717884794
Metfone-071-7884795,Mobile,+8550717884795
Metfone-071-7884796,Mobile,+8550717884796
Metfone-071-7884797,Mobile,+8550717884797
Metfone-071-7884798,Mobile,+8550717884798
Metfone-071-7884799,Mobile,+8550717884799
Metfone-071-7884800,Mobile,+8550717884800
Metfone-071-7884801,Mobile,+8550717884801
Metfone-071-7884802,Mobile,+8550717884802
Metfone-071-7884803,Mobile,+8550717884803
Metfone-071-7884804,Mobile,+8550717884804
Metfone-071-7884805,Mobile,+8550717884805
Metfone-071-7884806,Mobile,+8550717884806
Metfone-071-7884807,Mobile,+8550717884807
Metfone-071-7884808,Mobile,+8550717884808
Metfone-071-7884809,Mobile,+8550717884809
Metfone-071-7884810,Mobile,+8550717884810
Metfone-071-7884811,Mobile,+8550717884811
Metfone-071-7884812,Mobile,+8550717884812
Metfone-071-7884813,Mobile,+8550717884813
Metfone-071-7884814,Mobile,+8550717884814
Metfone-071-7884815,Mobile,+8550717884815
Metfone-071-7884816,Mobile,+8550717884816
Metfone-071-7884817,Mobile,+8550717884817
Metfone-071-7884818,Mobile,+8550717884818
Metfone-071-7884819,Mobile,+8550717884819
Metfone-071-7884820,Mobile,+8550717884820
Metfone-071-7884821,Mobile,+8550717884821
Metfone-071-7884822,Mobile,+8550717884822
Metfone-071-7884823,Mobile,+8550717884823
Metfone-071-7884824,Mobile,+8550717884824
Metfone-071-7884825,Mobile,+8550717884825
Metfone-071-7884826,Mobile,+8550717884826
Metfone-071-7884827,Mobile,+8550717884827
Metfone-071-7884828,Mobile,+8550717884828
Metfone-071-7884829,Mobile,+8550717884829
Metfone-071-7884830,Mobile,+8550717884830
Metfone-071-7884831,Mobile,+8550717884831
Metfone-071-7884832,Mobile,+8550717884832
Metfone-071-7884833,Mobile,+8550717884833
Metfone-071-7884834,Mobile,+8550717884834
Metfone-071-7884835,Mobile,+8550717884835
Metfone-071-7884836,Mobile,+8550717884836
Metfone-071-7884837,Mobile,+8550717884837
Metfone-071-7884838,Mobile,+8550717884838
Metfone-071-7884839,Mobile,+8550717884839
Metfone-071-7884840,Mobile,+8550717884840
Metfone-071-7884841,Mobile,+8550717884841
Metfone-071-7884842,Mobile,+8550717884842
Metfone-071-7884843,Mobile,+8550717884843
Metfone-071-7884844,Mobile,+8550717884844
Metfone-071-7884845,Mobile,+8550717884845
Metfone-071-7884846,Mobile,+8550717884846
Metfone-071-7884847,Mobile,+8550717884847
Metfone-071-7884848,Mobile,+8550717884848
Metfone-071-7884849,Mobile,+8550717884849
Metfone-071-7884850,Mobile,+8550717884850
Metfone-071-7884851,Mobile,+8550717884851
Metfone-071-7884852,Mobile,+8550717884852
Metfone-071-7884853,Mobile,+8550717884853
Metfone-071-7884854,Mobile,+8550717884854
Metfone-071-7884855,Mobile,+8550717884855
Metfone-071-7884856,Mobile,+8550717884856
Metfone-071-7884857,Mobile,+8550717884857
Metfone-071-7884858,Mobile,+8550717884858
Metfone-071-7884859,Mobile,+8550717884859
Metfone-071-7884860,Mobile,+8550717884860
Metfone-071-7884861,Mobile,+8550717884861
Metfone-071-7884862,Mobile,+8550717884862
Metfone-071-7884863,Mobile,+8550717884863
Metfone-071-7884864,Mobile,+8550717884864
Metfone-071-7884865,Mobile,+8550717884865
Metfone-071-7884866,Mobile,+8550717884866
Metfone-071-7884867,Mobile,+8550717884867
Metfone-071-7884868,Mobile,+8550717884868
Metfone-071-7884869,Mobile,+8550717884869
Metfone-071-7884870,Mobile,+8550717884870
Metfone-071-7884871,Mobile,+8550717884871
Metfone-071-7884872,Mobile,+8550717884872
Metfone-071-7884873,Mobile,+8550717884873
Metfone-071-7884874,Mobile,+8550717884874
Metfone-071-7884875,Mobile,+8550717884875
Metfone-071-7884876,Mobile,+8550717884876
Metfone-071-7884877,Mobile,+8550717884877
Metfone-071-7884878,Mobile,+8550717884878
Metfone-071-7884879,Mobile,+8550717884879
Metfone-071-7884880,Mobile,+8550717884880
Metfone-071-7884881,Mobile,+8550717884881
Metfone-071-7884882,Mobile,+8550717884882
Metfone-071-7884883,Mobile,+8550717884883
Metfone-071-7884884,Mobile,+8550717884884
Metfone-071-7884885,Mobile,+8550717884885
Metfone-071-7884886,Mobile,+8550717884886
Metfone-071-7884887,Mobile,+8550717884887
Metfone-071-7884888,Mobile,+8550717884888
Metfone-071-7884889,Mobile,+8550717884889
Metfone-071-7884890,Mobile,+8550717884890
Metfone-071-7884891,Mobile,+8550717884891
Metfone-071-7884892,Mobile,+8550717884892
Metfone-071-7884893,Mobile,+8550717884893
Metfone-071-7884894,Mobile,+8550717884894
Metfone-071-7884895,Mobile,+8550717884895
Metfone-071-7884896,Mobile,+8550717884896
Metfone-071-7884897,Mobile,+8550717884897
Metfone-071-7884898,Mobile,+8550717884898
Metfone-071-7884899,Mobile,+8550717884899
Metfone-071-7884900,Mobile,+8550717884900
Metfone-071-7884901,Mobile,+8550717884901
Metfone-071-7884902,Mobile,+8550717884902
Metfone-071-7884903,Mobile,+8550717884903
Metfone-071-7884904,Mobile,+8550717884904
Metfone-071-7884905,Mobile,+8550717884905
Metfone-071-7884906,Mobile,+8550717884906
Metfone-071-7884907,Mobile,+8550717884907
Metfone-071-7884908,Mobile,+8550717884908
Metfone-071-7884909,Mobile,+8550717884909
Metfone-071-7884910,Mobile,+8550717884910
Metfone-071-7884911,Mobile,+8550717884911
Metfone-071-7884912,Mobile,+8550717884912
Metfone-071-7884913,Mobile,+8550717884913
Metfone-071-7884914,Mobile,+8550717884914
Metfone-071-7884915,Mobile,+8550717884915
Metfone-071-7884916,Mobile,+8550717884916
Metfone-071-7884917,Mobile,+8550717884917
Metfone-071-7884918,Mobile,+8550717884918
Metfone-071-7884919,Mobile,+8550717884919
Metfone-071-7884920,Mobile,+8550717884920
Metfone-071-7884921,Mobile,+8550717884921
Metfone-071-7884922,Mobile,+8550717884922
Metfone-071-7884923,Mobile,+8550717884923
Metfone-071-7884924,Mobile,+8550717884924
Metfone-071-7884925,Mobile,+8550717884925
Metfone-071-7884926,Mobile,+8550717884926
Metfone-071-7884927,Mobile,+8550717884927
Metfone-071-7884928,Mobile,+8550717884928
Metfone-071-7884929,Mobile,+8550717884929
Metfone-071-7884930,Mobile,+8550717884930
Metfone-071-7884931,Mobile,+8550717884931
Metfone-071-7884932,Mobile,+8550717884932
Metfone-071-7884933,Mobile,+8550717884933
Metfone-071-7884934,Mobile,+8550717884934
Metfone-071-7884935,Mobile,+8550717884935
Metfone-071-7884936,Mobile,+8550717884936
Metfone-071-7884937,Mobile,+8550717884937
Metfone-071-7884938,Mobile,+8550717884938
Metfone-071-7884939,Mobile,+8550717884939
Metfone-071-7884940,Mobile,+8550717884940
Metfone-071-7884941,Mobile,+8550717884941
Metfone-071-7884942,Mobile,+8550717884942
Metfone-071-7884943,Mobile,+8550717884943
Metfone-071-7884944,Mobile,+8550717884944
Metfone-071-7884945,Mobile,+8550717884945
Metfone-071-7884946,Mobile,+8550717884946
Metfone-071-7884947,Mobile,+8550717884947
Metfone-071-7884948,Mobile,+8550717884948
Metfone-071-7884949,Mobile,+8550717884949
Metfone-071-7884950,Mobile,+8550717884950
Metfone-071-7884951,Mobile,+8550717884951
Metfone-071-7884952,Mobile,+8550717884952
Metfone-071-7884953,Mobile,+8550717884953
Metfone-071-7884954,Mobile,+8550717884954
Metfone-071-7884955,Mobile,+8550717884955
Metfone-071-7884956,Mobile,+8550717884956
Metfone-071-7884957,Mobile,+8550717884957
Metfone-071-7884958,Mobile,+8550717884958
Metfone-071-7884959,Mobile,+8550717884959
Metfone-071-7884960,Mobile,+8550717884960
Metfone-071-7884961,Mobile,+8550717884961
Metfone-071-7884962,Mobile,+8550717884962
Metfone-071-7884963,Mobile,+8550717884963
Metfone-071-7884964,Mobile,+8550717884964
Metfone-071-7884965,Mobile,+8550717884965
Metfone-071-7884966,Mobile,+8550717884966
Metfone-071-7884967,Mobile,+8550717884967
Metfone-071-7884968,Mobile,+8550717884968
Metfone-071-7884969,Mobile,+8550717884969
Metfone-071-7884970,Mobile,+8550717884970
Metfone-071-7884971,Mobile,+8550717884971
Metfone-071-7884972,Mobile,+8550717884972
Metfone-071-7884973,Mobile,+8550717884973
Metfone-071-7884974,Mobile,+8550717884974
Metfone-071-7884975,Mobile,+8550717884975
Metfone-071-7884976,Mobile,+8550717884976
Metfone-071-7884977,Mobile,+8550717884977
Metfone-071-7884978,Mobile,+8550717884978
Metfone-071-7884979,Mobile,+8550717884979
Metfone-071-7884980,Mobile,+8550717884980
Metfone-071-7884981,Mobile,+8550717884981
Metfone-071-7884982,Mobile,+8550717884982
Metfone-071-7884983,Mobile,+8550717884983
Metfone-071-7884984,Mobile,+8550717884984
Metfone-071-7884985,Mobile,+8550717884985
Metfone-071-7884986,Mobile,+8550717884986
Metfone-071-7884987,Mobile,+8550717884987
Metfone-071-7884988,Mobile,+8550717884988
Metfone-071-7884989,Mobile,+8550717884989
Metfone-071-7884990,Mobile,+8550717884990
Metfone-071-7884991,Mobile,+8550717884991
Metfone-071-7884992,Mobile,+8550717884992
Metfone-071-7884993,Mobile,+8550717884993
Metfone-071-7884994,Mobile,+8550717884994
Metfone-071-7884995,Mobile,+8550717884995
Metfone-071-7884996,Mobile,+8550717884996
Metfone-071-7884997,Mobile,+8550717884997
Metfone-071-7884998,Mobile,+8550717884998
Metfone-071-7884999,Mobile,+8550717884999
Metfone-071-7885000,Mobile,+8550717885000
Metfone-071-7885001,Mobile,+8550717885001
Metfone-071-7885002,Mobile,+8550717885002
Metfone-071-7885003,Mobile,+8550717885003
Metfone-071-7885004,Mobile,+8550717885004
Metfone-071-7885005,Mobile,+8550717885005
Metfone-071-7885006,Mobile,+8550717885006
Metfone-071-7885007,Mobile,+8550717885007
Metfone-071-7885008,Mobile,+8550717885008
Metfone-071-7885009,Mobile,+8550717885009
Metfone-071-7885010,Mobile,+8550717885010
Metfone-071-7885011,Mobile,+8550717885011
Metfone-071-7885012,Mobile,+8550717885012
Metfone-071-7885013,Mobile,+8550717885013
Metfone-071-7885014,Mobile,+8550717885014
Metfone-071-7885015,Mobile,+8550717885015
Metfone-071-7885016,Mobile,+8550717885016
Metfone-071-7885017,Mobile,+8550717885017
Metfone-071-7885018,Mobile,+8550717885018
Metfone-071-7885019,Mobile,+8550717885019
Metfone-071-7885020,Mobile,+8550717885020
Metfone-071-7885021,Mobile,+8550717885021
Metfone-071-7885022,Mobile,+8550717885022
Metfone-071-7885023,Mobile,+8550717885023
Metfone-071-7885024,Mobile,+8550717885024
Metfone-071-7885025,Mobile,+8550717885025
Metfone-071-7885026,Mobile,+8550717885026
Metfone-071-7885027,Mobile,+8550717885027
Metfone-071-7885028,Mobile,+8550717885028
Metfone-071-7885029,Mobile,+8550717885029
Metfone-071-7885030,Mobile,+8550717885030
Metfone-071-7885031,Mobile,+8550717885031
Metfone-071-7885032,Mobile,+8550717885032
Metfone-071-7885033,Mobile,+8550717885033
Metfone-071-7885034,Mobile,+8550717885034
Metfone-071-7885035,Mobile,+8550717885035
Metfone-071-7885036,Mobile,+8550717885036
Metfone-071-7885037,Mobile,+8550717885037
Metfone-071-7885038,Mobile,+8550717885038
Metfone-071-7885039,Mobile,+8550717885039
Metfone-071-7885040,Mobile,+8550717885040
Metfone-071-7885041,Mobile,+8550717885041
Metfone-071-7885042,Mobile,+8550717885042
Metfone-071-7885043,Mobile,+8550717885043
Metfone-071-7885044,Mobile,+8550717885044
Metfone-071-7885045,Mobile,+8550717885045
Metfone-071-7885046,Mobile,+8550717885046
Metfone-071-7885047,Mobile,+8550717885047
Metfone-071-7885048,Mobile,+8550717885048
Metfone-071-7885049,Mobile,+8550717885049
Metfone-071-7885050,Mobile,+8550717885050
Metfone-071-7885051,Mobile,+8550717885051
Metfone-071-7885052,Mobile,+8550717885052
Metfone-071-7885053,Mobile,+8550717885053
Metfone-071-7885054,Mobile,+8550717885054
Metfone-071-7885055,Mobile,+8550717885055
Metfone-071-7885056,Mobile,+8550717885056
Metfone-071-7885057,Mobile,+8550717885057
Metfone-071-7885058,Mobile,+8550717885058
Metfone-071-7885059,Mobile,+8550717885059
Metfone-071-7885060,Mobile,+8550717885060
Metfone-071-7885061,Mobile,+8550717885061
Metfone-071-7885062,Mobile,+8550717885062
Metfone-071-7885063,Mobile,+8550717885063
Metfone-071-7885064,Mobile,+8550717885064
Metfone-071-7885065,Mobile,+8550717885065
Metfone-071-7885066,Mobile,+8550717885066
Metfone-071-7885067,Mobile,+8550717885067
Metfone-071-7885068,Mobile,+8550717885068
Metfone-071-7885069,Mobile,+8550717885069
Metfone-071-7885070,Mobile,+8550717885070
Metfone-071-7885071,Mobile,+8550717885071
Metfone-071-7885072,Mobile,+8550717885072
Metfone-071-7885073,Mobile,+8550717885073
Metfone-071-7885074,Mobile,+8550717885074
Metfone-071-7885075,Mobile,+8550717885075
Metfone-071-7885076,Mobile,+8550717885076
Metfone-071-7885077,Mobile,+8550717885077
Metfone-071-7885078,Mobile,+8550717885078
Metfone-071-7885079,Mobile,+8550717885079
Metfone-071-7885080,Mobile,+8550717885080
Metfone-071-7885081,Mobile,+8550717885081
Metfone-071-7885082,Mobile,+8550717885082
Metfone-071-7885083,Mobile,+8550717885083
Metfone-071-7885084,Mobile,+8550717885084
Metfone-071-7885085,Mobile,+8550717885085
Metfone-071-7885086,Mobile,+8550717885086
Metfone-071-7885087,Mobile,+8550717885087
Metfone-071-7885088,Mobile,+8550717885088
Metfone-071-7885089,Mobile,+8550717885089
Metfone-071-7885090,Mobile,+8550717885090
Metfone-071-7885091,Mobile,+8550717885091
Metfone-071-7885092,Mobile,+8550717885092
Metfone-071-7885093,Mobile,+8550717885093
Metfone-071-7885094,Mobile,+8550717885094
Metfone-071-7885095,Mobile,+8550717885095
Metfone-071-7885096,Mobile,+8550717885096
Metfone-071-7885097,Mobile,+8550717885097
Metfone-071-7885098,Mobile,+8550717885098
Metfone-071-7885099,Mobile,+8550717885099
Metfone-071-7885100,Mobile,+8550717885100
Metfone-071-7885101,Mobile,+8550717885101
Metfone-071-7885102,Mobile,+8550717885102
Metfone-071-7885103,Mobile,+8550717885103
Metfone-071-7885104,Mobile,+8550717885104
Metfone-071-7885105,Mobile,+8550717885105
Metfone-071-7885106,Mobile,+8550717885106
Metfone-071-7885107,Mobile,+8550717885107
Metfone-071-7885108,Mobile,+8550717885108
Metfone-071-7885109,Mobile,+8550717885109
Metfone-071-7885110,Mobile,+8550717885110
Metfone-071-7885111,Mobile,+8550717885111
Metfone-071-7885112,Mobile,+8550717885112
Metfone-071-7885113,Mobile,+8550717885113
Metfone-071-7885114,Mobile,+8550717885114
Metfone-071-7885115,Mobile,+8550717885115
Metfone-071-7885116,Mobile,+8550717885116
Metfone-071-7885117,Mobile,+8550717885117
Metfone-071-7885118,Mobile,+8550717885118
Metfone-071-7885119,Mobile,+8550717885119
Metfone-071-7885120,Mobile,+8550717885120
Metfone-071-7885121,Mobile,+8550717885121
Metfone-071-7885122,Mobile,+8550717885122
Metfone-071-7885123,Mobile,+8550717885123
Metfone-071-7885124,Mobile,+8550717885124
Metfone-071-7885125,Mobile,+8550717885125
Metfone-071-7885126,Mobile,+8550717885126
Metfone-071-7885127,Mobile,+8550717885127
Metfone-071-7885128,Mobile,+8550717885128
Metfone-071-7885129,Mobile,+8550717885129
Metfone-071-7885130,Mobile,+8550717885130
Metfone-071-7885131,Mobile,+8550717885131
Metfone-071-7885132,Mobile,+8550717885132
Metfone-071-7885133,Mobile,+8550717885133
Metfone-071-7885134,Mobile,+8550717885134
Metfone-071-7885135,Mobile,+8550717885135
Metfone-071-7885136,Mobile,+8550717885136
Metfone-071-7885137,Mobile,+8550717885137
Metfone-071-7885138,Mobile,+8550717885138
Metfone-071-7885139,Mobile,+8550717885139
Metfone-071-7885140,Mobile,+8550717885140
Metfone-071-7885141,Mobile,+8550717885141
Metfone-071-7885142,Mobile,+8550717885142
Metfone-071-7885143,Mobile,+8550717885143
Metfone-071-7885144,Mobile,+8550717885144
Metfone-071-7885145,Mobile,+8550717885145
Metfone-071-7885146,Mobile,+8550717885146
Metfone-071-7885147,Mobile,+8550717885147
Metfone-071-7885148,Mobile,+8550717885148
Metfone-071-7885149,Mobile,+8550717885149
Metfone-071-7885150,Mobile,+8550717885150
Metfone-071-7885151,Mobile,+8550717885151
Metfone-071-7885152,Mobile,+8550717885152
Metfone-071-7885153,Mobile,+8550717885153
Metfone-071-7885154,Mobile,+8550717885154
Metfone-071-7885155,Mobile,+8550717885155
Metfone-071-7885156,Mobile,+8550717885156
Metfone-071-7885157,Mobile,+8550717885157
Metfone-071-7885158,Mobile,+8550717885158
Metfone-071-7885159,Mobile,+8550717885159
Metfone-071-7885160,Mobile,+8550717885160
Metfone-071-7885161,Mobile,+8550717885161
Metfone-071-7885162,Mobile,+8550717885162
Metfone-071-7885163,Mobile,+8550717885163
Metfone-071-7885164,Mobile,+8550717885164
Metfone-071-7885165,Mobile,+8550717885165
Metfone-071-7885166,Mobile,+8550717885166
Metfone-071-7885167,Mobile,+8550717885167
Metfone-071-7885168,Mobile,+8550717885168
Metfone-071-7885169,Mobile,+8550717885169
Metfone-071-7885170,Mobile,+8550717885170
Metfone-071-7885171,Mobile,+8550717885171
Metfone-071-7885172,Mobile,+8550717885172
Metfone-071-7885173,Mobile,+8550717885173
Metfone-071-7885174,Mobile,+8550717885174
Metfone-071-7885175,Mobile,+8550717885175
Metfone-071-7885176,Mobile,+8550717885176
Metfone-071-7885177,Mobile,+8550717885177
Metfone-071-7885178,Mobile,+8550717885178
Metfone-071-7885179,Mobile,+8550717885179
Metfone-071-7885180,Mobile,+8550717885180
Metfone-071-7885181,Mobile,+8550717885181
Metfone-071-7885182,Mobile,+8550717885182
Metfone-071-7885183,Mobile,+8550717885183
Metfone-071-7885184,Mobile,+8550717885184
Metfone-071-7885185,Mobile,+8550717885185
Metfone-071-7885186,Mobile,+8550717885186
Metfone-071-7885187,Mobile,+8550717885187
Metfone-071-7885188,Mobile,+8550717885188
Metfone-071-7885189,Mobile,+8550717885189
Metfone-071-7885190,Mobile,+8550717885190
Metfone-071-7885191,Mobile,+8550717885191
Metfone-071-7885192,Mobile,+8550717885192
Metfone-071-7885193,Mobile,+8550717885193
Metfone-071-7885194,Mobile,+8550717885194
Metfone-071-7885195,Mobile,+8550717885195
Metfone-071-7885196,Mobile,+8550717885196
Metfone-071-7885197,Mobile,+8550717885197
Metfone-071-7885198,Mobile,+8550717885198
Metfone-071-7885199,Mobile,+8550717885199
Metfone-071-7885200,Mobile,+8550717885200
Metfone-071-7885201,Mobile,+8550717885201
Metfone-071-7885202,Mobile,+8550717885202
Metfone-071-7885203,Mobile,+8550717885203
Metfone-071-7885204,Mobile,+8550717885204
Metfone-071-7885205,Mobile,+8550717885205
Metfone-071-7885206,Mobile,+8550717885206
Metfone-071-7885207,Mobile,+8550717885207
Metfone-071-7885208,Mobile,+8550717885208
Metfone-071-7885209,Mobile,+8550717885209
Metfone-071-7885210,Mobile,+8550717885210
Metfone-071-7885211,Mobile,+8550717885211
Metfone-071-7885212,Mobile,+8550717885212
Metfone-071-7885213,Mobile,+8550717885213
Metfone-071-7885214,Mobile,+8550717885214
Metfone-071-7885215,Mobile,+8550717885215
Metfone-071-7885216,Mobile,+8550717885216
Metfone-071-7885217,Mobile,+8550717885217
Metfone-071-7885218,Mobile,+8550717885218
Metfone-071-7885219,Mobile,+8550717885219
Metfone-071-7885220,Mobile,+8550717885220
Metfone-071-7885221,Mobile,+8550717885221
Metfone-071-7885222,Mobile,+8550717885222
Metfone-071-7885223,Mobile,+8550717885223
Metfone-071-7885224,Mobile,+8550717885224
Metfone-071-7885225,Mobile,+8550717885225
Metfone-071-7885226,Mobile,+8550717885226
Metfone-071-7885227,Mobile,+8550717885227
Metfone-071-7885228,Mobile,+8550717885228
Metfone-071-7885229,Mobile,+8550717885229
Metfone-071-7885230,Mobile,+8550717885230
Metfone-071-7885231,Mobile,+8550717885231
Metfone-071-7885232,Mobile,+8550717885232
Metfone-071-7885233,Mobile,+8550717885233
Metfone-071-7885234,Mobile,+8550717885234
Metfone-071-7885235,Mobile,+8550717885235
Metfone-071-7885236,Mobile,+8550717885236
Metfone-071-7885237,Mobile,+8550717885237
Metfone-071-7885238,Mobile,+8550717885238
Metfone-071-7885239,Mobile,+8550717885239
Metfone-071-7885240,Mobile,+8550717885240
Metfone-071-7885241,Mobile,+8550717885241
Metfone-071-7885242,Mobile,+8550717885242
Metfone-071-7885243,Mobile,+8550717885243
Metfone-071-7885244,Mobile,+8550717885244
Metfone-071-7885245,Mobile,+8550717885245
Metfone-071-7885246,Mobile,+8550717885246
Metfone-071-7885247,Mobile,+8550717885247
Metfone-071-7885248,Mobile,+8550717885248
Metfone-071-7885249,Mobile,+8550717885249
Metfone-071-7885250,Mobile,+8550717885250
Metfone-071-7885251,Mobile,+8550717885251
Metfone-071-7885252,Mobile,+8550717885252
Metfone-071-7885253,Mobile,+8550717885253
Metfone-071-7885254,Mobile,+8550717885254
Metfone-071-7885255,Mobile,+8550717885255
Metfone-071-7885256,Mobile,+8550717885256
Metfone-071-7885257,Mobile,+8550717885257
Metfone-071-7885258,Mobile,+8550717885258
Metfone-071-7885259,Mobile,+8550717885259
Metfone-071-7885260,Mobile,+8550717885260
Metfone-071-7885261,Mobile,+8550717885261
Metfone-071-7885262,Mobile,+8550717885262
Metfone-071-7885263,Mobile,+8550717885263
Metfone-071-7885264,Mobile,+8550717885264
Metfone-071-7885265,Mobile,+8550717885265
Metfone-071-7885266,Mobile,+8550717885266
Metfone-071-7885267,Mobile,+8550717885267
Metfone-071-7885268,Mobile,+8550717885268
Metfone-071-7885269,Mobile,+8550717885269
Metfone-071-7885270,Mobile,+8550717885270
Metfone-071-7885271,Mobile,+8550717885271
Metfone-071-7885272,Mobile,+8550717885272
Metfone-071-7885273,Mobile,+8550717885273
Metfone-071-7885274,Mobile,+8550717885274
Metfone-071-7885275,Mobile,+8550717885275
Metfone-071-7885276,Mobile,+8550717885276
Metfone-071-7885277,Mobile,+8550717885277
Metfone-071-7885278,Mobile,+8550717885278
Metfone-071-7885279,Mobile,+8550717885279
Metfone-071-7885280,Mobile,+8550717885280
Metfone-071-7885281,Mobile,+8550717885281
Metfone-071-7885282,Mobile,+8550717885282
Metfone-071-7885283,Mobile,+8550717885283
Metfone-071-7885284,Mobile,+8550717885284
Metfone-071-7885285,Mobile,+8550717885285
Metfone-071-7885286,Mobile,+8550717885286
Metfone-071-7885287,Mobile,+8550717885287
Metfone-071-7885288,Mobile,+8550717885288
Metfone-071-7885289,Mobile,+8550717885289
Metfone-071-7885290,Mobile,+8550717885290
Metfone-071-7885291,Mobile,+8550717885291
Metfone-071-7885292,Mobile,+8550717885292
Metfone-071-7885293,Mobile,+8550717885293
Metfone-071-7885294,Mobile,+8550717885294
Metfone-071-7885295,Mobile,+8550717885295
Metfone-071-7885296,Mobile,+8550717885296
Metfone-071-7885297,Mobile,+8550717885297
Metfone-071-7885298,Mobile,+8550717885298
Metfone-071-7885299,Mobile,+8550717885299
Metfone-071-7885300,Mobile,+8550717885300
Metfone-071-7885301,Mobile,+8550717885301
Metfone-071-7885302,Mobile,+8550717885302
Metfone-071-7885303,Mobile,+8550717885303
Metfone-071-7885304,Mobile,+8550717885304
Metfone-071-7885305,Mobile,+8550717885305
Metfone-071-7885306,Mobile,+8550717885306
Metfone-071-7885307,Mobile,+8550717885307
Metfone-071-7885308,Mobile,+8550717885308
Metfone-071-7885309,Mobile,+8550717885309
Metfone-071-7885310,Mobile,+8550717885310
Metfone-071-7885311,Mobile,+8550717885311
Metfone-071-7885312,Mobile,+8550717885312
Metfone-071-7885313,Mobile,+8550717885313
Metfone-071-7885314,Mobile,+8550717885314
Metfone-071-7885315,Mobile,+8550717885315
Metfone-071-7885316,Mobile,+8550717885316
Metfone-071-7885317,Mobile,+8550717885317
Metfone-071-7885318,Mobile,+8550717885318
Metfone-071-7885319,Mobile,+8550717885319
Metfone-071-7885320,Mobile,+8550717885320
Metfone-071-7885321,Mobile,+8550717885321
Metfone-071-7885322,Mobile,+8550717885322
Metfone-071-7885323,Mobile,+8550717885323
Metfone-071-7885324,Mobile,+8550717885324
Metfone-071-7885325,Mobile,+8550717885325
Metfone-071-7885326,Mobile,+8550717885326
Metfone-071-7885327,Mobile,+8550717885327
Metfone-071-7885328,Mobile,+8550717885328
Metfone-071-7885329,Mobile,+8550717885329
Metfone-071-7885330,Mobile,+8550717885330
Metfone-071-7885331,Mobile,+8550717885331
Metfone-071-7885332,Mobile,+8550717885332
Metfone-071-7885333,Mobile,+8550717885333
Metfone-071-7885334,Mobile,+8550717885334
Metfone-071-7885335,Mobile,+8550717885335
Metfone-071-7885336,Mobile,+8550717885336
Metfone-071-7885337,Mobile,+8550717885337
Metfone-071-7885338,Mobile,+8550717885338
Metfone-071-7885339,Mobile,+8550717885339
Metfone-071-7885340,Mobile,+8550717885340
Metfone-071-7885341,Mobile,+8550717885341
Metfone-071-7885342,Mobile,+8550717885342
Metfone-071-7885343,Mobile,+8550717885343
Metfone-071-7885344,Mobile,+8550717885344
Metfone-071-7885345,Mobile,+8550717885345
Metfone-071-7885346,Mobile,+8550717885346
Metfone-071-7885347,Mobile,+8550717885347
Metfone-071-7885348,Mobile,+8550717885348
Metfone-071-7885349,Mobile,+8550717885349
Metfone-071-7885350,Mobile,+8550717885350
Metfone-071-7885351,Mobile,+8550717885351
Metfone-071-7885352,Mobile,+8550717885352
Metfone-071-7885353,Mobile,+8550717885353
Metfone-071-7885354,Mobile,+8550717885354
Metfone-071-7885355,Mobile,+8550717885355
Metfone-071-7885356,Mobile,+8550717885356
Metfone-071-7885357,Mobile,+8550717885357
Metfone-071-7885358,Mobile,+8550717885358
Metfone-071-7885359,Mobile,+8550717885359
Metfone-071-7885360,Mobile,+8550717885360
Metfone-071-7885361,Mobile,+8550717885361
Metfone-071-7885362,Mobile,+8550717885362
Metfone-071-7885363,Mobile,+8550717885363
Metfone-071-7885364,Mobile,+8550717885364
Metfone-071-7885365,Mobile,+8550717885365
Metfone-071-7885366,Mobile,+8550717885366
Metfone-071-7885367,Mobile,+8550717885367
Metfone-071-7885368,Mobile,+8550717885368
Metfone-071-7885369,Mobile,+8550717885369
Metfone-071-7885370,Mobile,+8550717885370
Metfone-071-7885371,Mobile,+8550717885371
Metfone-071-7885372,Mobile,+8550717885372
Metfone-071-7885373,Mobile,+8550717885373
Metfone-071-7885374,Mobile,+8550717885374
Metfone-071-7885375,Mobile,+8550717885375
Metfone-071-7885376,Mobile,+8550717885376
Metfone-071-7885377,Mobile,+8550717885377
Metfone-071-7885378,Mobile,+8550717885378
Metfone-071-7885379,Mobile,+8550717885379
Metfone-071-7885380,Mobile,+8550717885380
Metfone-071-7885381,Mobile,+8550717885381
Metfone-071-7885382,Mobile,+8550717885382
Metfone-071-7885383,Mobile,+8550717885383
Metfone-071-7885384,Mobile,+8550717885384
Metfone-071-7885385,Mobile,+8550717885385
Metfone-071-7885386,Mobile,+8550717885386
Metfone-071-7885387,Mobile,+8550717885387
Metfone-071-7885388,Mobile,+8550717885388
Metfone-071-7885389,Mobile,+8550717885389
Metfone-071-7885390,Mobile,+8550717885390
Metfone-071-7885391,Mobile,+8550717885391
Metfone-071-7885392,Mobile,+8550717885392
Metfone-071-7885393,Mobile,+8550717885393
Metfone-071-7885394,Mobile,+8550717885394
Metfone-071-7885395,Mobile,+8550717885395
Metfone-071-7885396,Mobile,+8550717885396
Metfone-071-7885397,Mobile,+8550717885397
Metfone-071-7885398,Mobile,+8550717885398
Metfone-071-7885399,Mobile,+8550717885399
Metfone-071-7885400,Mobile,+8550717885400
Metfone-071-7885401,Mobile,+8550717885401
Metfone-071-7885402,Mobile,+8550717885402
Metfone-071-7885403,Mobile,+8550717885403
Metfone-071-7885404,Mobile,+8550717885404
Metfone-071-7885405,Mobile,+8550717885405
Metfone-071-7885406,Mobile,+8550717885406
Metfone-071-7885407,Mobile,+8550717885407
Metfone-071-7885408,Mobile,+8550717885408
Metfone-071-7885409,Mobile,+8550717885409
Metfone-071-7885410,Mobile,+8550717885410
Metfone-071-7885411,Mobile,+8550717885411
Metfone-071-7885412,Mobile,+8550717885412
Metfone-071-7885413,Mobile,+8550717885413
Metfone-071-7885414,Mobile,+8550717885414
Metfone-071-7885415,Mobile,+8550717885415
Metfone-071-7885416,Mobile,+8550717885416
Metfone-071-7885417,Mobile,+8550717885417
Metfone-071-7885418,Mobile,+8550717885418
Metfone-071-7885419,Mobile,+8550717885419
Metfone-071-7885420,Mobile,+8550717885420
Metfone-071-7885421,Mobile,+8550717885421
Metfone-071-7885422,Mobile,+8550717885422
Metfone-071-7885423,Mobile,+8550717885423
Metfone-071-7885424,Mobile,+8550717885424
Metfone-071-7885425,Mobile,+8550717885425
Metfone-071-7885426,Mobile,+8550717885426
Metfone-071-7885427,Mobile,+8550717885427
Metfone-071-7885428,Mobile,+8550717885428
Metfone-071-7885429,Mobile,+8550717885429
Metfone-071-7885430,Mobile,+8550717885430
Metfone-071-7885431,Mobile,+8550717885431
Metfone-071-7885432,Mobile,+8550717885432
Metfone-071-7885433,Mobile,+8550717885433
Metfone-071-7885434,Mobile,+8550717885434
Metfone-071-7885435,Mobile,+8550717885435
Metfone-071-7885436,Mobile,+8550717885436
Metfone-071-7885437,Mobile,+8550717885437
Metfone-071-7885438,Mobile,+8550717885438
Metfone-071-7885439,Mobile,+8550717885439
Metfone-071-7885440,Mobile,+8550717885440
Metfone-071-7885441,Mobile,+8550717885441
Metfone-071-7885442,Mobile,+8550717885442
Metfone-071-7885443,Mobile,+8550717885443
Metfone-071-7885444,Mobile,+8550717885444
Metfone-071-7885445,Mobile,+8550717885445
Metfone-071-7885446,Mobile,+8550717885446
Metfone-071-7885447,Mobile,+8550717885447
Metfone-071-7885448,Mobile,+8550717885448
Metfone-071-7885449,Mobile,+8550717885449
Metfone-071-7885450,Mobile,+8550717885450
Metfone-071-7885451,Mobile,+8550717885451
Metfone-071-7885452,Mobile,+8550717885452
Metfone-071-7885453,Mobile,+8550717885453
Metfone-071-7885454,Mobile,+8550717885454
Metfone-071-7885455,Mobile,+8550717885455
Metfone-071-7885456,Mobile,+8550717885456
Metfone-071-7885457,Mobile,+8550717885457
Metfone-071-7885458,Mobile,+8550717885458
Metfone-071-7885459,Mobile,+8550717885459
Metfone-071-7885460,Mobile,+8550717885460
Metfone-071-7885461,Mobile,+8550717885461
Metfone-071-7885462,Mobile,+8550717885462
Metfone-071-7885463,Mobile,+8550717885463
Metfone-071-7885464,Mobile,+8550717885464
Metfone-071-7885465,Mobile,+8550717885465
Metfone-071-7885466,Mobile,+8550717885466
Metfone-071-7885467,Mobile,+8550717885467
Metfone-071-7885468,Mobile,+8550717885468
Metfone-071-7885469,Mobile,+8550717885469
Metfone-071-7885470,Mobile,+8550717885470
Metfone-071-7885471,Mobile,+8550717885471
Metfone-071-7885472,Mobile,+8550717885472
Metfone-071-7885473,Mobile,+8550717885473
Metfone-071-7885474,Mobile,+8550717885474
Metfone-071-7885475,Mobile,+8550717885475
Metfone-071-7885476,Mobile,+8550717885476
Metfone-071-7885477,Mobile,+8550717885477
Metfone-071-7885478,Mobile,+8550717885478
Metfone-071-7885479,Mobile,+8550717885479
Metfone-071-7885480,Mobile,+8550717885480
Metfone-071-7885481,Mobile,+8550717885481
Metfone-071-7885482,Mobile,+8550717885482
Metfone-071-7885483,Mobile,+8550717885483
Metfone-071-7885484,Mobile,+8550717885484
Metfone-071-7885485,Mobile,+8550717885485
Metfone-071-7885486,Mobile,+8550717885486
Metfone-071-7885487,Mobile,+8550717885487
Metfone-071-7885488,Mobile,+8550717885488
Metfone-071-7885489,Mobile,+8550717885489
Metfone-071-7885490,Mobile,+8550717885490
Metfone-071-7885491,Mobile,+8550717885491
Metfone-071-7885492,Mobile,+8550717885492
Metfone-071-7885493,Mobile,+8550717885493
Metfone-071-7885494,Mobile,+8550717885494
Metfone-071-7885495,Mobile,+8550717885495
Metfone-071-7885496,Mobile,+8550717885496
Metfone-071-7885497,Mobile,+8550717885497
Metfone-071-7885498,Mobile,+8550717885498
Metfone-071-7885499,Mobile,+8550717885499
Metfone-071-7885500,Mobile,+8550717885500
Metfone-071-7885501,Mobile,+8550717885501
Metfone-071-7885502,Mobile,+8550717885502
Metfone-071-7885503,Mobile,+8550717885503
Metfone-071-7885504,Mobile,+8550717885504
Metfone-071-7885505,Mobile,+8550717885505
Metfone-071-7885506,Mobile,+8550717885506
Metfone-071-7885507,Mobile,+8550717885507
Metfone-071-7885508,Mobile,+8550717885508
Metfone-071-7885509,Mobile,+8550717885509
Metfone-071-7885510,Mobile,+8550717885510
Metfone-071-7885511,Mobile,+8550717885511
Metfone-071-7885512,Mobile,+8550717885512
Metfone-071-7885513,Mobile,+8550717885513
Metfone-071-7885514,Mobile,+8550717885514
Metfone-071-7885515,Mobile,+8550717885515
Metfone-071-7885516,Mobile,+8550717885516
Metfone-071-7885517,Mobile,+8550717885517
Metfone-071-7885518,Mobile,+8550717885518
Metfone-071-7885519,Mobile,+8550717885519
Metfone-071-7885520,Mobile,+8550717885520
Metfone-071-7885521,Mobile,+8550717885521
Metfone-071-7885522,Mobile,+8550717885522
Metfone-071-7885523,Mobile,+8550717885523
Metfone-071-7885524,Mobile,+8550717885524
Metfone-071-7885525,Mobile,+8550717885525
Metfone-071-7885526,Mobile,+8550717885526
Metfone-071-7885527,Mobile,+8550717885527
Metfone-071-7885528,Mobile,+8550717885528
Metfone-071-7885529,Mobile,+8550717885529
Metfone-071-7885530,Mobile,+8550717885530
Metfone-071-7885531,Mobile,+8550717885531
Metfone-071-7885532,Mobile,+8550717885532
Metfone-071-7885533,Mobile,+8550717885533
Metfone-071-7885534,Mobile,+8550717885534
Metfone-071-7885535,Mobile,+8550717885535
Metfone-071-7885536,Mobile,+8550717885536
Metfone-071-7885537,Mobile,+8550717885537
Metfone-071-7885538,Mobile,+8550717885538
Metfone-071-7885539,Mobile,+8550717885539
Metfone-071-7885540,Mobile,+8550717885540
Metfone-071-7885541,Mobile,+8550717885541
Metfone-071-7885542,Mobile,+8550717885542
Metfone-071-7885543,Mobile,+8550717885543
Metfone-071-7885544,Mobile,+8550717885544
Metfone-071-7885545,Mobile,+8550717885545
Metfone-071-7885546,Mobile,+8550717885546
Metfone-071-7885547,Mobile,+8550717885547
Metfone-071-7885548,Mobile,+8550717885548
Metfone-071-7885549,Mobile,+8550717885549
Metfone-071-7885550,Mobile,+8550717885550
Metfone-071-7885551,Mobile,+8550717885551
Metfone-071-7885552,Mobile,+8550717885552
Metfone-071-7885553,Mobile,+8550717885553
Metfone-071-7885554,Mobile,+8550717885554
Metfone-071-7885555,Mobile,+8550717885555
Metfone-071-7885556,Mobile,+8550717885556
Metfone-071-7885557,Mobile,+8550717885557
Metfone-071-7885558,Mobile,+8550717885558
Metfone-071-7885559,Mobile,+8550717885559
Metfone-071-7885560,Mobile,+8550717885560
Metfone-071-7885561,Mobile,+8550717885561
Metfone-071-7885562,Mobile,+8550717885562
Metfone-071-7885563,Mobile,+8550717885563
Metfone-071-7885564,Mobile,+8550717885564
Metfone-071-7885565,Mobile,+8550717885565
Metfone-071-7885566,Mobile,+8550717885566
Metfone-071-7885567,Mobile,+8550717885567
Metfone-071-7885568,Mobile,+8550717885568
Metfone-071-7885569,Mobile,+8550717885569
Metfone-071-7885570,Mobile,+8550717885570
Metfone-071-7885571,Mobile,+8550717885571
Metfone-071-7885572,Mobile,+8550717885572
Metfone-071-7885573,Mobile,+8550717885573
Metfone-071-7885574,Mobile,+8550717885574
Metfone-071-7885575,Mobile,+8550717885575
Metfone-071-7885576,Mobile,+8550717885576
Metfone-071-7885577,Mobile,+8550717885577
Metfone-071-7885578,Mobile,+8550717885578
Metfone-071-7885579,Mobile,+8550717885579
Metfone-071-7885580,Mobile,+8550717885580
Metfone-071-7885581,Mobile,+8550717885581
Metfone-071-7885582,Mobile,+8550717885582
Metfone-071-7885583,Mobile,+8550717885583
Metfone-071-7885584,Mobile,+8550717885584
Metfone-071-7885585,Mobile,+8550717885585
Metfone-071-7885586,Mobile,+8550717885586
Metfone-071-7885587,Mobile,+8550717885587
Metfone-071-7885588,Mobile,+8550717885588
Metfone-071-7885589,Mobile,+8550717885589
Metfone-071-7885590,Mobile,+8550717885590
Metfone-071-7885591,Mobile,+8550717885591
Metfone-071-7885592,Mobile,+8550717885592
Metfone-071-7885593,Mobile,+8550717885593
Metfone-071-7885594,Mobile,+8550717885594
Metfone-071-7885595,Mobile,+8550717885595
Metfone-071-7885596,Mobile,+8550717885596
Metfone-071-7885597,Mobile,+8550717885597
Metfone-071-7885598,Mobile,+8550717885598
Metfone-071-7885599,Mobile,+8550717885599
Metfone-071-7885600,Mobile,+8550717885600
Metfone-071-7885601,Mobile,+8550717885601
Metfone-071-7885602,Mobile,+8550717885602
Metfone-071-7885603,Mobile,+8550717885603
Metfone-071-7885604,Mobile,+8550717885604
Metfone-071-7885605,Mobile,+8550717885605
Metfone-071-7885606,Mobile,+8550717885606
Metfone-071-7885607,Mobile,+8550717885607
Metfone-071-7885608,Mobile,+8550717885608
Metfone-071-7885609,Mobile,+8550717885609
Metfone-071-7885610,Mobile,+8550717885610
Metfone-071-7885611,Mobile,+8550717885611
Metfone-071-7885612,Mobile,+8550717885612
Metfone-071-7885613,Mobile,+8550717885613
Metfone-071-7885614,Mobile,+8550717885614
Metfone-071-7885615,Mobile,+8550717885615
Metfone-071-7885616,Mobile,+8550717885616
Metfone-071-7885617,Mobile,+8550717885617
Metfone-071-7885618,Mobile,+8550717885618
Metfone-071-7885619,Mobile,+8550717885619
Metfone-071-7885620,Mobile,+8550717885620
Metfone-071-7885621,Mobile,+8550717885621
Metfone-071-7885622,Mobile,+8550717885622
Metfone-071-7885623,Mobile,+8550717885623
Metfone-071-7885624,Mobile,+8550717885624
Metfone-071-7885625,Mobile,+8550717885625
Metfone-071-7885626,Mobile,+8550717885626
Metfone-071-7885627,Mobile,+8550717885627
Metfone-071-7885628,Mobile,+8550717885628
Metfone-071-7885629,Mobile,+8550717885629
Metfone-071-7885630,Mobile,+8550717885630
Metfone-071-7885631,Mobile,+8550717885631
Metfone-071-7885632,Mobile,+8550717885632
Metfone-071-7885633,Mobile,+8550717885633
Metfone-071-7885634,Mobile,+8550717885634
Metfone-071-7885635,Mobile,+8550717885635
Metfone-071-7885636,Mobile,+8550717885636
Metfone-071-7885637,Mobile,+8550717885637
Metfone-071-7885638,Mobile,+8550717885638
Metfone-071-7885639,Mobile,+8550717885639
Metfone-071-7885640,Mobile,+8550717885640
Metfone-071-7885641,Mobile,+8550717885641
Metfone-071-7885642,Mobile,+8550717885642
Metfone-071-7885643,Mobile,+8550717885643
Metfone-071-7885644,Mobile,+8550717885644
Metfone-071-7885645,Mobile,+8550717885645
Metfone-071-7885646,Mobile,+8550717885646
Metfone-071-7885647,Mobile,+8550717885647
Metfone-071-7885648,Mobile,+8550717885648
Metfone-071-7885649,Mobile,+8550717885649
Metfone-071-7885650,Mobile,+8550717885650
Metfone-071-7885651,Mobile,+8550717885651
Metfone-071-7885652,Mobile,+8550717885652
Metfone-071-7885653,Mobile,+8550717885653
Metfone-071-7885654,Mobile,+8550717885654
Metfone-071-7885655,Mobile,+8550717885655
Metfone-071-7885656,Mobile,+8550717885656
Metfone-071-7885657,Mobile,+8550717885657
Metfone-071-7885658,Mobile,+8550717885658
Metfone-071-7885659,Mobile,+8550717885659
Metfone-071-7885660,Mobile,+8550717885660
Metfone-071-7885661,Mobile,+8550717885661
Metfone-071-7885662,Mobile,+8550717885662
Metfone-071-7885663,Mobile,+8550717885663
Metfone-071-7885664,Mobile,+8550717885664
Metfone-071-7885665,Mobile,+8550717885665
Metfone-071-7885666,Mobile,+8550717885666
Metfone-071-7885667,Mobile,+8550717885667
Metfone-071-7885668,Mobile,+8550717885668
Metfone-071-7885669,Mobile,+8550717885669
Metfone-071-7885670,Mobile,+8550717885670
Metfone-071-7885671,Mobile,+8550717885671
Metfone-071-7885672,Mobile,+8550717885672
Metfone-071-7885673,Mobile,+8550717885673
Metfone-071-7885674,Mobile,+8550717885674
Metfone-071-7885675,Mobile,+8550717885675
Metfone-071-7885676,Mobile,+8550717885676
Metfone-071-7885677,Mobile,+8550717885677
Metfone-071-7885678,Mobile,+8550717885678
Metfone-071-7885679,Mobile,+8550717885679
Metfone-071-7885680,Mobile,+8550717885680
Metfone-071-7885681,Mobile,+8550717885681
Metfone-071-7885682,Mobile,+8550717885682
Metfone-071-7885683,Mobile,+8550717885683
Metfone-071-7885684,Mobile,+8550717885684
Metfone-071-7885685,Mobile,+8550717885685
Metfone-071-7885686,Mobile,+8550717885686
Metfone-071-7885687,Mobile,+8550717885687
Metfone-071-7885688,Mobile,+8550717885688
Metfone-071-7885689,Mobile,+8550717885689
Metfone-071-7885690,Mobile,+8550717885690
Metfone-071-7885691,Mobile,+8550717885691
Metfone-071-7885692,Mobile,+8550717885692
Metfone-071-7885693,Mobile,+8550717885693
Metfone-071-7885694,Mobile,+8550717885694
Metfone-071-7885695,Mobile,+8550717885695
Metfone-071-7885696,Mobile,+8550717885696
Metfone-071-7885697,Mobile,+8550717885697
Metfone-071-7885698,Mobile,+8550717885698
Metfone-071-7885699,Mobile,+8550717885699
Metfone-071-7885700,Mobile,+8550717885700
Metfone-071-7885701,Mobile,+8550717885701
Metfone-071-7885702,Mobile,+8550717885702
Metfone-071-7885703,Mobile,+8550717885703
Metfone-071-7885704,Mobile,+8550717885704
Metfone-071-7885705,Mobile,+8550717885705
Metfone-071-7885706,Mobile,+8550717885706
Metfone-071-7885707,Mobile,+8550717885707
Metfone-071-7885708,Mobile,+8550717885708
Metfone-071-7885709,Mobile,+8550717885709
Metfone-071-7885710,Mobile,+8550717885710
Metfone-071-7885711,Mobile,+8550717885711
Metfone-071-7885712,Mobile,+8550717885712
Metfone-071-7885713,Mobile,+8550717885713
Metfone-071-7885714,Mobile,+8550717885714
Metfone-071-7885715,Mobile,+8550717885715
Metfone-071-7885716,Mobile,+8550717885716
Metfone-071-7885717,Mobile,+8550717885717
Metfone-071-7885718,Mobile,+8550717885718
Metfone-071-7885719,Mobile,+8550717885719
Metfone-071-7885720,Mobile,+8550717885720
Metfone-071-7885721,Mobile,+8550717885721
Metfone-071-7885722,Mobile,+8550717885722
Metfone-071-7885723,Mobile,+8550717885723
Metfone-071-7885724,Mobile,+8550717885724
Metfone-071-7885725,Mobile,+8550717885725
Metfone-071-7885726,Mobile,+8550717885726
Metfone-071-7885727,Mobile,+8550717885727
Metfone-071-7885728,Mobile,+8550717885728
Metfone-071-7885729,Mobile,+8550717885729
Metfone-071-7885730,Mobile,+8550717885730
Metfone-071-7885731,Mobile,+8550717885731
Metfone-071-7885732,Mobile,+8550717885732
Metfone-071-7885733,Mobile,+8550717885733
Metfone-071-7885734,Mobile,+8550717885734
Metfone-071-7885735,Mobile,+8550717885735
Metfone-071-7885736,Mobile,+8550717885736
Metfone-071-7885737,Mobile,+8550717885737
Metfone-071-7885738,Mobile,+8550717885738
Metfone-071-7885739,Mobile,+8550717885739
Metfone-071-7885740,Mobile,+8550717885740
Metfone-071-7885741,Mobile,+8550717885741
Metfone-071-7885742,Mobile,+8550717885742
Metfone-071-7885743,Mobile,+8550717885743
Metfone-071-7885744,Mobile,+8550717885744
Metfone-071-7885745,Mobile,+8550717885745
Metfone-071-7885746,Mobile,+8550717885746
Metfone-071-7885747,Mobile,+8550717885747
Metfone-071-7885748,Mobile,+8550717885748
Metfone-071-7885749,Mobile,+8550717885749
Metfone-071-7885750,Mobile,+8550717885750
Metfone-071-7885751,Mobile,+8550717885751
Metfone-071-7885752,Mobile,+8550717885752
Metfone-071-7885753,Mobile,+8550717885753
Metfone-071-7885754,Mobile,+8550717885754
Metfone-071-7885755,Mobile,+8550717885755
Metfone-071-7885756,Mobile,+8550717885756
Metfone-071-7885757,Mobile,+8550717885757
Metfone-071-7885758,Mobile,+8550717885758
Metfone-071-7885759,Mobile,+8550717885759
Metfone-071-7885760,Mobile,+8550717885760
Metfone-071-7885761,Mobile,+8550717885761
Metfone-071-7885762,Mobile,+8550717885762
Metfone-071-7885763,Mobile,+8550717885763
Metfone-071-7885764,Mobile,+8550717885764
Metfone-071-7885765,Mobile,+8550717885765
Metfone-071-7885766,Mobile,+8550717885766
Metfone-071-7885767,Mobile,+8550717885767
Metfone-071-7885768,Mobile,+8550717885768
Metfone-071-7885769,Mobile,+8550717885769
Metfone-071-7885770,Mobile,+8550717885770
Metfone-071-7885771,Mobile,+8550717885771
Metfone-071-7885772,Mobile,+8550717885772
Metfone-071-7885773,Mobile,+8550717885773
Metfone-071-7885774,Mobile,+8550717885774
Metfone-071-7885775,Mobile,+8550717885775
Metfone-071-7885776,Mobile,+8550717885776
Metfone-071-7885777,Mobile,+8550717885777
Metfone-071-7885778,Mobile,+8550717885778
Metfone-071-7885779,Mobile,+8550717885779
Metfone-071-7885780,Mobile,+8550717885780
Metfone-071-7885781,Mobile,+8550717885781
Metfone-071-7885782,Mobile,+8550717885782
Metfone-071-7885783,Mobile,+8550717885783
Metfone-071-7885784,Mobile,+8550717885784
Metfone-071-7885785,Mobile,+8550717885785
Metfone-071-7885786,Mobile,+8550717885786
Metfone-071-7885787,Mobile,+8550717885787
Metfone-071-7885788,Mobile,+8550717885788
Metfone-071-7885789,Mobile,+8550717885789
Metfone-071-7885790,Mobile,+8550717885790
Metfone-071-7885791,Mobile,+8550717885791
Metfone-071-7885792,Mobile,+8550717885792
Metfone-071-7885793,Mobile,+8550717885793
Metfone-071-7885794,Mobile,+8550717885794
Metfone-071-7885795,Mobile,+8550717885795
Metfone-071-7885796,Mobile,+8550717885796
Metfone-071-7885797,Mobile,+8550717885797
Metfone-071-7885798,Mobile,+8550717885798
Metfone-071-7885799,Mobile,+8550717885799
Metfone-071-7885800,Mobile,+8550717885800
Metfone-071-7885801,Mobile,+8550717885801
Metfone-071-7885802,Mobile,+8550717885802
Metfone-071-7885803,Mobile,+8550717885803
Metfone-071-7885804,Mobile,+8550717885804
Metfone-071-7885805,Mobile,+8550717885805
Metfone-071-7885806,Mobile,+8550717885806
Metfone-071-7885807,Mobile,+8550717885807
Metfone-071-7885808,Mobile,+8550717885808
Metfone-071-7885809,Mobile,+8550717885809
Metfone-071-7885810,Mobile,+8550717885810
Metfone-071-7885811,Mobile,+8550717885811
Metfone-071-7885812,Mobile,+8550717885812
Metfone-071-7885813,Mobile,+8550717885813
Metfone-071-7885814,Mobile,+8550717885814
Metfone-071-7885815,Mobile,+8550717885815
Metfone-071-7885816,Mobile,+8550717885816
Metfone-071-7885817,Mobile,+8550717885817
Metfone-071-7885818,Mobile,+8550717885818
Metfone-071-7885819,Mobile,+8550717885819
Metfone-071-7885820,Mobile,+8550717885820
Metfone-071-7885821,Mobile,+8550717885821
Metfone-071-7885822,Mobile,+8550717885822
Metfone-071-7885823,Mobile,+8550717885823
Metfone-071-7885824,Mobile,+8550717885824
Metfone-071-7885825,Mobile,+8550717885825
Metfone-071-7885826,Mobile,+8550717885826
Metfone-071-7885827,Mobile,+8550717885827
Metfone-071-7885828,Mobile,+8550717885828
Metfone-071-7885829,Mobile,+8550717885829
Metfone-071-7885830,Mobile,+8550717885830
Metfone-071-7885831,Mobile,+8550717885831
Metfone-071-7885832,Mobile,+8550717885832
Metfone-071-7885833,Mobile,+8550717885833
Metfone-071-7885834,Mobile,+8550717885834
Metfone-071-7885835,Mobile,+8550717885835
Metfone-071-7885836,Mobile,+8550717885836
Metfone-071-7885837,Mobile,+8550717885837
Metfone-071-7885838,Mobile,+8550717885838
Metfone-071-7885839,Mobile,+8550717885839
Metfone-071-7885840,Mobile,+8550717885840
Metfone-071-7885841,Mobile,+8550717885841
Metfone-071-7885842,Mobile,+8550717885842
Metfone-071-7885843,Mobile,+8550717885843
Metfone-071-7885844,Mobile,+8550717885844
Metfone-071-7885845,Mobile,+8550717885845
Metfone-071-7885846,Mobile,+8550717885846
Metfone-071-7885847,Mobile,+8550717885847
Metfone-071-7885848,Mobile,+8550717885848
Metfone-071-7885849,Mobile,+8550717885849
Metfone-071-7885850,Mobile,+8550717885850
Metfone-071-7885851,Mobile,+8550717885851
Metfone-071-7885852,Mobile,+8550717885852
Metfone-071-7885853,Mobile,+8550717885853
Metfone-071-7885854,Mobile,+8550717885854
Metfone-071-7885855,Mobile,+8550717885855
Metfone-071-7885856,Mobile,+8550717885856
Metfone-071-7885857,Mobile,+8550717885857
Metfone-071-7885858,Mobile,+8550717885858
Metfone-071-7885859,Mobile,+8550717885859
Metfone-071-7885860,Mobile,+8550717885860
Metfone-071-7885861,Mobile,+8550717885861
Metfone-071-7885862,Mobile,+8550717885862
Metfone-071-7885863,Mobile,+8550717885863
Metfone-071-7885864,Mobile,+8550717885864
Metfone-071-7885865,Mobile,+8550717885865
Metfone-071-7885866,Mobile,+8550717885866
Metfone-071-7885867,Mobile,+8550717885867
Metfone-071-7885868,Mobile,+8550717885868
Metfone-071-7885869,Mobile,+8550717885869
Metfone-071-7885870,Mobile,+8550717885870
Metfone-071-7885871,Mobile,+8550717885871
Metfone-071-7885872,Mobile,+8550717885872
Metfone-071-7885873,Mobile,+8550717885873
Metfone-071-7885874,Mobile,+8550717885874
Metfone-071-7885875,Mobile,+8550717885875
Metfone-071-7885876,Mobile,+8550717885876
Metfone-071-7885877,Mobile,+8550717885877
Metfone-071-7885878,Mobile,+8550717885878
Metfone-071-7885879,Mobile,+8550717885879
Metfone-071-7885880,Mobile,+8550717885880
Metfone-071-7885881,Mobile,+8550717885881
Metfone-071-7885882,Mobile,+8550717885882
Metfone-071-7885883,Mobile,+8550717885883
Metfone-071-7885884,Mobile,+8550717885884
Metfone-071-7885885,Mobile,+8550717885885
Metfone-071-7885886,Mobile,+8550717885886
Metfone-071-7885887,Mobile,+8550717885887
Metfone-071-7885888,Mobile,+8550717885888
Metfone-071-7885889,Mobile,+8550717885889
Metfone-071-7885890,Mobile,+8550717885890
Metfone-071-7885891,Mobile,+8550717885891
Metfone-071-7885892,Mobile,+8550717885892
Metfone-071-7885893,Mobile,+8550717885893
Metfone-071-7885894,Mobile,+8550717885894
Metfone-071-7885895,Mobile,+8550717885895
Metfone-071-7885896,Mobile,+8550717885896
Metfone-071-7885897,Mobile,+8550717885897
Metfone-071-7885898,Mobile,+8550717885898
Metfone-071-7885899,Mobile,+8550717885899
Metfone-071-7885900,Mobile,+8550717885900
Metfone-071-7885901,Mobile,+8550717885901
Metfone-071-7885902,Mobile,+8550717885902
Metfone-071-7885903,Mobile,+8550717885903
Metfone-071-7885904,Mobile,+8550717885904
Metfone-071-7885905,Mobile,+8550717885905
Metfone-071-7885906,Mobile,+8550717885906
Metfone-071-7885907,Mobile,+8550717885907
Metfone-071-7885908,Mobile,+8550717885908
Metfone-071-7885909,Mobile,+8550717885909
Metfone-071-7885910,Mobile,+8550717885910
Metfone-071-7885911,Mobile,+8550717885911
Metfone-071-7885912,Mobile,+8550717885912
Metfone-071-7885913,Mobile,+8550717885913
Metfone-071-7885914,Mobile,+8550717885914
Metfone-071-7885915,Mobile,+8550717885915
Metfone-071-7885916,Mobile,+8550717885916
Metfone-071-7885917,Mobile,+8550717885917
Metfone-071-7885918,Mobile,+8550717885918
Metfone-071-7885919,Mobile,+8550717885919
Metfone-071-7885920,Mobile,+8550717885920
Metfone-071-7885921,Mobile,+8550717885921
Metfone-071-7885922,Mobile,+8550717885922
Metfone-071-7885923,Mobile,+8550717885923
Metfone-071-7885924,Mobile,+8550717885924
Metfone-071-7885925,Mobile,+8550717885925
Metfone-071-7885926,Mobile,+8550717885926
Metfone-071-7885927,Mobile,+8550717885927
Metfone-071-7885928,Mobile,+8550717885928
Metfone-071-7885929,Mobile,+8550717885929
Metfone-071-7885930,Mobile,+8550717885930
Metfone-071-7885931,Mobile,+8550717885931
Metfone-071-7885932,Mobile,+8550717885932
Metfone-071-7885933,Mobile,+8550717885933
Metfone-071-7885934,Mobile,+8550717885934
Metfone-071-7885935,Mobile,+8550717885935
Metfone-071-7885936,Mobile,+8550717885936
Metfone-071-7885937,Mobile,+8550717885937
Metfone-071-7885938,Mobile,+8550717885938
Metfone-071-7885939,Mobile,+8550717885939
Metfone-071-7885940,Mobile,+8550717885940
Metfone-071-7885941,Mobile,+8550717885941
Metfone-071-7885942,Mobile,+8550717885942
Metfone-071-7885943,Mobile,+8550717885943
Metfone-071-7885944,Mobile,+8550717885944
Metfone-071-7885945,Mobile,+8550717885945
Metfone-071-7885946,Mobile,+8550717885946
Metfone-071-7885947,Mobile,+8550717885947
Metfone-071-7885948,Mobile,+8550717885948
Metfone-071-7885949,Mobile,+8550717885949
Metfone-071-7885950,Mobile,+8550717885950
Metfone-071-7885951,Mobile,+8550717885951
Metfone-071-7885952,Mobile,+8550717885952
Metfone-071-7885953,Mobile,+8550717885953
Metfone-071-7885954,Mobile,+8550717885954
Metfone-071-7885955,Mobile,+8550717885955
Metfone-071-7885956,Mobile,+8550717885956
Metfone-071-7885957,Mobile,+8550717885957
Metfone-071-7885958,Mobile,+8550717885958
Metfone-071-7885959,Mobile,+8550717885959
Metfone-071-7885960,Mobile,+8550717885960
Metfone-071-7885961,Mobile,+8550717885961
Metfone-071-7885962,Mobile,+8550717885962
Metfone-071-7885963,Mobile,+8550717885963
Metfone-071-7885964,Mobile,+8550717885964
Metfone-071-7885965,Mobile,+8550717885965
Metfone-071-7885966,Mobile,+8550717885966
Metfone-071-7885967,Mobile,+8550717885967
Metfone-071-7885968,Mobile,+8550717885968
Metfone-071-7885969,Mobile,+8550717885969
Metfone-071-7885970,Mobile,+8550717885970
Metfone-071-7885971,Mobile,+8550717885971
Metfone-071-7885972,Mobile,+8550717885972
Metfone-071-7885973,Mobile,+8550717885973
Metfone-071-7885974,Mobile,+8550717885974
Metfone-071-7885975,Mobile,+8550717885975
Metfone-071-7885976,Mobile,+8550717885976
Metfone-071-7885977,Mobile,+8550717885977
Metfone-071-7885978,Mobile,+8550717885978
Metfone-071-7885979,Mobile,+8550717885979
Metfone-071-7885980,Mobile,+8550717885980
Metfone-071-7885981,Mobile,+8550717885981
Metfone-071-7885982,Mobile,+8550717885982
Metfone-071-7885983,Mobile,+8550717885983
Metfone-071-7885984,Mobile,+8550717885984
Metfone-071-7885985,Mobile,+8550717885985
Metfone-071-7885986,Mobile,+8550717885986
Metfone-071-7885987,Mobile,+8550717885987
Metfone-071-7885988,Mobile,+8550717885988
Metfone-071-7885989,Mobile,+8550717885989
Metfone-071-7885990,Mobile,+8550717885990
Metfone-071-7885991,Mobile,+8550717885991
Metfone-071-7885992,Mobile,+8550717885992
Metfone-071-7885993,Mobile,+8550717885993
Metfone-071-7885994,Mobile,+8550717885994
Metfone-071-7885995,Mobile,+8550717885995
Metfone-071-7885996,Mobile,+8550717885996
Metfone-071-7885997,Mobile,+8550717885997
Metfone-071-7885998,Mobile,+8550717885998
Metfone-071-7885999,Mobile,+8550717885999
Metfone-071-7886000,Mobile,+8550717886000
Metfone-071-7886001,Mobile,+8550717886001
Metfone-071-7886002,Mobile,+8550717886002
Metfone-071-7886003,Mobile,+8550717886003
Metfone-071-7886004,Mobile,+8550717886004
Metfone-071-7886005,Mobile,+8550717886005
Metfone-071-7886006,Mobile,+8550717886006
Metfone-071-7886007,Mobile,+8550717886007
Metfone-071-7886008,Mobile,+8550717886008
Metfone-071-7886009,Mobile,+8550717886009
Metfone-071-7886010,Mobile,+8550717886010
Metfone-071-7886011,Mobile,+8550717886011
Metfone-071-7886012,Mobile,+8550717886012
Metfone-071-7886013,Mobile,+8550717886013
Metfone-071-7886014,Mobile,+8550717886014
Metfone-071-7886015,Mobile,+8550717886015
Metfone-071-7886016,Mobile,+8550717886016
Metfone-071-7886017,Mobile,+8550717886017
Metfone-071-7886018,Mobile,+8550717886018
Metfone-071-7886019,Mobile,+8550717886019
Metfone-071-7886020,Mobile,+8550717886020
Metfone-071-7886021,Mobile,+8550717886021
Metfone-071-7886022,Mobile,+8550717886022
Metfone-071-7886023,Mobile,+8550717886023
Metfone-071-7886024,Mobile,+8550717886024
Metfone-071-7886025,Mobile,+8550717886025
Metfone-071-7886026,Mobile,+8550717886026
Metfone-071-7886027,Mobile,+8550717886027
Metfone-071-7886028,Mobile,+8550717886028
Metfone-071-7886029,Mobile,+8550717886029
Metfone-071-7886030,Mobile,+8550717886030
Metfone-071-7886031,Mobile,+8550717886031
Metfone-071-7886032,Mobile,+8550717886032
Metfone-071-7886033,Mobile,+8550717886033
Metfone-071-7886034,Mobile,+8550717886034
Metfone-071-7886035,Mobile,+8550717886035
Metfone-071-7886036,Mobile,+8550717886036
Metfone-071-7886037,Mobile,+8550717886037
Metfone-071-7886038,Mobile,+8550717886038
Metfone-071-7886039,Mobile,+8550717886039
Metfone-071-7886040,Mobile,+8550717886040
Metfone-071-7886041,Mobile,+8550717886041
Metfone-071-7886042,Mobile,+8550717886042
Metfone-071-7886043,Mobile,+8550717886043
Metfone-071-7886044,Mobile,+8550717886044
Metfone-071-7886045,Mobile,+8550717886045
Metfone-071-7886046,Mobile,+8550717886046
Metfone-071-7886047,Mobile,+8550717886047
Metfone-071-7886048,Mobile,+8550717886048
Metfone-071-7886049,Mobile,+8550717886049
Metfone-071-7886050,Mobile,+8550717886050
Metfone-071-7886051,Mobile,+8550717886051
Metfone-071-7886052,Mobile,+8550717886052
Metfone-071-7886053,Mobile,+8550717886053
Metfone-071-7886054,Mobile,+8550717886054
Metfone-071-7886055,Mobile,+8550717886055
Metfone-071-7886056,Mobile,+8550717886056
Metfone-071-7886057,Mobile,+8550717886057
Metfone-071-7886058,Mobile,+8550717886058
Metfone-071-7886059,Mobile,+8550717886059
Metfone-071-7886060,Mobile,+8550717886060
Metfone-071-7886061,Mobile,+8550717886061
Metfone-071-7886062,Mobile,+8550717886062
Metfone-071-7886063,Mobile,+8550717886063
Metfone-071-7886064,Mobile,+8550717886064
Metfone-071-7886065,Mobile,+8550717886065
Metfone-071-7886066,Mobile,+8550717886066
Metfone-071-7886067,Mobile,+8550717886067
Metfone-071-7886068,Mobile,+8550717886068
Metfone-071-7886069,Mobile,+8550717886069
Metfone-071-7886070,Mobile,+8550717886070
Metfone-071-7886071,Mobile,+8550717886071
Metfone-071-7886072,Mobile,+8550717886072
Metfone-071-7886073,Mobile,+8550717886073
Metfone-071-7886074,Mobile,+8550717886074
Metfone-071-7886075,Mobile,+8550717886075
Metfone-071-7886076,Mobile,+8550717886076
Metfone-071-7886077,Mobile,+8550717886077
Metfone-071-7886078,Mobile,+8550717886078
Metfone-071-7886079,Mobile,+8550717886079
Metfone-071-7886080,Mobile,+8550717886080
Metfone-071-7886081,Mobile,+8550717886081
Metfone-071-7886082,Mobile,+8550717886082
Metfone-071-7886083,Mobile,+8550717886083
Metfone-071-7886084,Mobile,+8550717886084
Metfone-071-7886085,Mobile,+8550717886085
Metfone-071-7886086,Mobile,+8550717886086
Metfone-071-7886087,Mobile,+8550717886087
Metfone-071-7886088,Mobile,+8550717886088
Metfone-071-7886089,Mobile,+8550717886089
Metfone-071-7886090,Mobile,+8550717886090
Metfone-071-7886091,Mobile,+8550717886091
Metfone-071-7886092,Mobile,+8550717886092
Metfone-071-7886093,Mobile,+8550717886093
Metfone-071-7886094,Mobile,+8550717886094
Metfone-071-7886095,Mobile,+8550717886095
Metfone-071-7886096,Mobile,+8550717886096
Metfone-071-7886097,Mobile,+8550717886097
Metfone-071-7886098,Mobile,+8550717886098
Metfone-071-7886099,Mobile,+8550717886099
Metfone-071-7886100,Mobile,+8550717886100
Metfone-071-7886101,Mobile,+8550717886101
Metfone-071-7886102,Mobile,+8550717886102
Metfone-071-7886103,Mobile,+8550717886103
Metfone-071-7886104,Mobile,+8550717886104
Metfone-071-7886105,Mobile,+8550717886105
Metfone-071-7886106,Mobile,+8550717886106
Metfone-071-7886107,Mobile,+8550717886107
Metfone-071-7886108,Mobile,+8550717886108
Metfone-071-7886109,Mobile,+8550717886109
Metfone-071-7886110,Mobile,+8550717886110
Metfone-071-7886111,Mobile,+8550717886111
Metfone-071-7886112,Mobile,+8550717886112
Metfone-071-7886113,Mobile,+8550717886113
Metfone-071-7886114,Mobile,+8550717886114
Metfone-071-7886115,Mobile,+8550717886115
Metfone-071-7886116,Mobile,+8550717886116
Metfone-071-7886117,Mobile,+8550717886117
Metfone-071-7886118,Mobile,+8550717886118
Metfone-071-7886119,Mobile,+8550717886119
Metfone-071-7886120,Mobile,+8550717886120
Metfone-071-7886121,Mobile,+8550717886121
Metfone-071-7886122,Mobile,+8550717886122
Metfone-071-7886123,Mobile,+8550717886123
Metfone-071-7886124,Mobile,+8550717886124
Metfone-071-7886125,Mobile,+8550717886125
Metfone-071-7886126,Mobile,+8550717886126
Metfone-071-7886127,Mobile,+8550717886127
Metfone-071-7886128,Mobile,+8550717886128
Metfone-071-7886129,Mobile,+8550717886129
Metfone-071-7886130,Mobile,+8550717886130
Metfone-071-7886131,Mobile,+8550717886131
Metfone-071-7886132,Mobile,+8550717886132
Metfone-071-7886133,Mobile,+8550717886133
Metfone-071-7886134,Mobile,+8550717886134
Metfone-071-7886135,Mobile,+8550717886135
Metfone-071-7886136,Mobile,+8550717886136
Metfone-071-7886137,Mobile,+8550717886137
Metfone-071-7886138,Mobile,+8550717886138
Metfone-071-7886139,Mobile,+8550717886139
Metfone-071-7886140,Mobile,+8550717886140
Metfone-071-7886141,Mobile,+8550717886141
Metfone-071-7886142,Mobile,+8550717886142
Metfone-071-7886143,Mobile,+8550717886143
Metfone-071-7886144,Mobile,+8550717886144
Metfone-071-7886145,Mobile,+8550717886145
Metfone-071-7886146,Mobile,+8550717886146
Metfone-071-7886147,Mobile,+8550717886147
Metfone-071-7886148,Mobile,+8550717886148
Metfone-071-7886149,Mobile,+8550717886149
Metfone-071-7886150,Mobile,+8550717886150
Metfone-071-7886151,Mobile,+8550717886151
Metfone-071-7886152,Mobile,+8550717886152
Metfone-071-7886153,Mobile,+8550717886153
Metfone-071-7886154,Mobile,+8550717886154
Metfone-071-7886155,Mobile,+8550717886155
Metfone-071-7886156,Mobile,+8550717886156
Metfone-071-7886157,Mobile,+8550717886157
Metfone-071-7886158,Mobile,+8550717886158
Metfone-071-7886159,Mobile,+8550717886159
Metfone-071-7886160,Mobile,+8550717886160
Metfone-071-7886161,Mobile,+8550717886161
Metfone-071-7886162,Mobile,+8550717886162
Metfone-071-7886163,Mobile,+8550717886163
Metfone-071-7886164,Mobile,+8550717886164
Metfone-071-7886165,Mobile,+8550717886165
Metfone-071-7886166,Mobile,+8550717886166
Metfone-071-7886167,Mobile,+8550717886167
Metfone-071-7886168,Mobile,+8550717886168
Metfone-071-7886169,Mobile,+8550717886169
Metfone-071-7886170,Mobile,+8550717886170
Metfone-071-7886171,Mobile,+8550717886171
Metfone-071-7886172,Mobile,+8550717886172
Metfone-071-7886173,Mobile,+8550717886173
Metfone-071-7886174,Mobile,+8550717886174
Metfone-071-7886175,Mobile,+8550717886175
Metfone-071-7886176,Mobile,+8550717886176
Metfone-071-7886177,Mobile,+8550717886177
Metfone-071-7886178,Mobile,+8550717886178
Metfone-071-7886179,Mobile,+8550717886179
Metfone-071-7886180,Mobile,+8550717886180
Metfone-071-7886181,Mobile,+8550717886181
Metfone-071-7886182,Mobile,+8550717886182
Metfone-071-7886183,Mobile,+8550717886183
Metfone-071-7886184,Mobile,+8550717886184
Metfone-071-7886185,Mobile,+8550717886185
Metfone-071-7886186,Mobile,+8550717886186
Metfone-071-7886187,Mobile,+8550717886187
Metfone-071-7886188,Mobile,+8550717886188
Metfone-071-7886189,Mobile,+8550717886189
Metfone-071-7886190,Mobile,+8550717886190
Metfone-071-7886191,Mobile,+8550717886191
Metfone-071-7886192,Mobile,+8550717886192
Metfone-071-7886193,Mobile,+8550717886193
Metfone-071-7886194,Mobile,+8550717886194
Metfone-071-7886195,Mobile,+8550717886195
Metfone-071-7886196,Mobile,+8550717886196
Metfone-071-7886197,Mobile,+8550717886197
Metfone-071-7886198,Mobile,+8550717886198
Metfone-071-7886199,Mobile,+8550717886199
Metfone-071-7886200,Mobile,+8550717886200
Metfone-071-7886201,Mobile,+8550717886201
Metfone-071-7886202,Mobile,+8550717886202
Metfone-071-7886203,Mobile,+8550717886203
Metfone-071-7886204,Mobile,+8550717886204
Metfone-071-7886205,Mobile,+8550717886205
Metfone-071-7886206,Mobile,+8550717886206
Metfone-071-7886207,Mobile,+8550717886207
Metfone-071-7886208,Mobile,+8550717886208
Metfone-071-7886209,Mobile,+8550717886209
Metfone-071-7886210,Mobile,+8550717886210
Metfone-071-7886211,Mobile,+8550717886211
Metfone-071-7886212,Mobile,+8550717886212
Metfone-071-7886213,Mobile,+8550717886213
Metfone-071-7886214,Mobile,+8550717886214
Metfone-071-7886215,Mobile,+8550717886215
Metfone-071-7886216,Mobile,+8550717886216
Metfone-071-7886217,Mobile,+8550717886217
Metfone-071-7886218,Mobile,+8550717886218
Metfone-071-7886219,Mobile,+8550717886219
Metfone-071-7886220,Mobile,+8550717886220
Metfone-071-7886221,Mobile,+8550717886221
Metfone-071-7886222,Mobile,+8550717886222
Metfone-071-7886223,Mobile,+8550717886223
Metfone-071-7886224,Mobile,+8550717886224
Metfone-071-7886225,Mobile,+8550717886225
Metfone-071-7886226,Mobile,+8550717886226
Metfone-071-7886227,Mobile,+8550717886227
Metfone-071-7886228,Mobile,+8550717886228
Metfone-071-7886229,Mobile,+8550717886229
Metfone-071-7886230,Mobile,+8550717886230
Metfone-071-7886231,Mobile,+8550717886231
Metfone-071-7886232,Mobile,+8550717886232
Metfone-071-7886233,Mobile,+8550717886233
Metfone-071-7886234,Mobile,+8550717886234
Metfone-071-7886235,Mobile,+8550717886235
Metfone-071-7886236,Mobile,+8550717886236
Metfone-071-7886237,Mobile,+8550717886237
Metfone-071-7886238,Mobile,+8550717886238
Metfone-071-7886239,Mobile,+8550717886239
Metfone-071-7886240,Mobile,+8550717886240
Metfone-071-7886241,Mobile,+8550717886241
Metfone-071-7886242,Mobile,+8550717886242
Metfone-071-7886243,Mobile,+8550717886243
Metfone-071-7886244,Mobile,+8550717886244
Metfone-071-7886245,Mobile,+8550717886245
Metfone-071-7886246,Mobile,+8550717886246
Metfone-071-7886247,Mobile,+8550717886247
Metfone-071-7886248,Mobile,+8550717886248
Metfone-071-7886249,Mobile,+8550717886249
Metfone-071-7886250,Mobile,+8550717886250
Metfone-071-7886251,Mobile,+8550717886251
Metfone-071-7886252,Mobile,+8550717886252
Metfone-071-7886253,Mobile,+8550717886253
Metfone-071-7886254,Mobile,+8550717886254
Metfone-071-7886255,Mobile,+8550717886255
Metfone-071-7886256,Mobile,+8550717886256
Metfone-071-7886257,Mobile,+8550717886257
Metfone-071-7886258,Mobile,+8550717886258
Metfone-071-7886259,Mobile,+8550717886259
Metfone-071-7886260,Mobile,+8550717886260
Metfone-071-7886261,Mobile,+8550717886261
Metfone-071-7886262,Mobile,+8550717886262
Metfone-071-7886263,Mobile,+8550717886263
Metfone-071-7886264,Mobile,+8550717886264
Metfone-071-7886265,Mobile,+8550717886265
Metfone-071-7886266,Mobile,+8550717886266
Metfone-071-7886267,Mobile,+8550717886267
Metfone-071-7886268,Mobile,+8550717886268
Metfone-071-7886269,Mobile,+8550717886269
Metfone-071-7886270,Mobile,+8550717886270
Metfone-071-7886271,Mobile,+8550717886271
Metfone-071-7886272,Mobile,+8550717886272
Metfone-071-7886273,Mobile,+8550717886273
Metfone-071-7886274,Mobile,+8550717886274
Metfone-071-7886275,Mobile,+8550717886275
Metfone-071-7886276,Mobile,+8550717886276
Metfone-071-7886277,Mobile,+8550717886277
Metfone-071-7886278,Mobile,+8550717886278
Metfone-071-7886279,Mobile,+8550717886279
Metfone-071-7886280,Mobile,+8550717886280
Metfone-071-7886281,Mobile,+8550717886281
Metfone-071-7886282,Mobile,+8550717886282
Metfone-071-7886283,Mobile,+8550717886283
Metfone-071-7886284,Mobile,+8550717886284
Metfone-071-7886285,Mobile,+8550717886285
Metfone-071-7886286,Mobile,+8550717886286
Metfone-071-7886287,Mobile,+8550717886287
Metfone-071-7886288,Mobile,+8550717886288
Metfone-071-7886289,Mobile,+8550717886289
Metfone-071-7886290,Mobile,+8550717886290
Metfone-071-7886291,Mobile,+8550717886291
Metfone-071-7886292,Mobile,+8550717886292
Metfone-071-7886293,Mobile,+8550717886293
Metfone-071-7886294,Mobile,+8550717886294
Metfone-071-7886295,Mobile,+8550717886295
Metfone-071-7886296,Mobile,+8550717886296
Metfone-071-7886297,Mobile,+8550717886297
Metfone-071-7886298,Mobile,+8550717886298
Metfone-071-7886299,Mobile,+8550717886299
Metfone-071-7886300,Mobile,+8550717886300
Metfone-071-7886301,Mobile,+8550717886301
Metfone-071-7886302,Mobile,+8550717886302
Metfone-071-7886303,Mobile,+8550717886303
Metfone-071-7886304,Mobile,+8550717886304
Metfone-071-7886305,Mobile,+8550717886305
Metfone-071-7886306,Mobile,+8550717886306
Metfone-071-7886307,Mobile,+8550717886307
Metfone-071-7886308,Mobile,+8550717886308
Metfone-071-7886309,Mobile,+8550717886309
Metfone-071-7886310,Mobile,+8550717886310
Metfone-071-7886311,Mobile,+8550717886311
Metfone-071-7886312,Mobile,+8550717886312
Metfone-071-7886313,Mobile,+8550717886313
Metfone-071-7886314,Mobile,+8550717886314
Metfone-071-7886315,Mobile,+8550717886315
Metfone-071-7886316,Mobile,+8550717886316
Metfone-071-7886317,Mobile,+8550717886317
Metfone-071-7886318,Mobile,+8550717886318
Metfone-071-7886319,Mobile,+8550717886319
Metfone-071-7886320,Mobile,+8550717886320
Metfone-071-7886321,Mobile,+8550717886321
Metfone-071-7886322,Mobile,+8550717886322
Metfone-071-7886323,Mobile,+8550717886323
Metfone-071-7886324,Mobile,+8550717886324
Metfone-071-7886325,Mobile,+8550717886325
Metfone-071-7886326,Mobile,+8550717886326
Metfone-071-7886327,Mobile,+8550717886327
Metfone-071-7886328,Mobile,+8550717886328
Metfone-071-7886329,Mobile,+8550717886329
Metfone-071-7886330,Mobile,+8550717886330
Metfone-071-7886331,Mobile,+8550717886331
Metfone-071-7886332,Mobile,+8550717886332
Metfone-071-7886333,Mobile,+8550717886333
Metfone-071-7886334,Mobile,+8550717886334
Metfone-071-7886335,Mobile,+8550717886335
Metfone-071-7886336,Mobile,+8550717886336
Metfone-071-7886337,Mobile,+8550717886337
Metfone-071-7886338,Mobile,+8550717886338
Metfone-071-7886339,Mobile,+8550717886339
Metfone-071-7886340,Mobile,+8550717886340
Metfone-071-7886341,Mobile,+8550717886341
Metfone-071-7886342,Mobile,+8550717886342
Metfone-071-7886343,Mobile,+8550717886343
Metfone-071-7886344,Mobile,+8550717886344
Metfone-071-7886345,Mobile,+8550717886345
Metfone-071-7886346,Mobile,+8550717886346
Metfone-071-7886347,Mobile,+8550717886347
Metfone-071-7886348,Mobile,+8550717886348
Metfone-071-7886349,Mobile,+8550717886349
Metfone-071-7886350,Mobile,+8550717886350
Metfone-071-7886351,Mobile,+8550717886351
Metfone-071-7886352,Mobile,+8550717886352
Metfone-071-7886353,Mobile,+8550717886353
Metfone-071-7886354,Mobile,+8550717886354
Metfone-071-7886355,Mobile,+8550717886355
Metfone-071-7886356,Mobile,+8550717886356
Metfone-071-7886357,Mobile,+8550717886357
Metfone-071-7886358,Mobile,+8550717886358
Metfone-071-7886359,Mobile,+8550717886359
Metfone-071-7886360,Mobile,+8550717886360
Metfone-071-7886361,Mobile,+8550717886361
Metfone-071-7886362,Mobile,+8550717886362
Metfone-071-7886363,Mobile,+8550717886363
Metfone-071-7886364,Mobile,+8550717886364
Metfone-071-7886365,Mobile,+8550717886365
Metfone-071-7886366,Mobile,+8550717886366
Metfone-071-7886367,Mobile,+8550717886367
Metfone-071-7886368,Mobile,+8550717886368
Metfone-071-7886369,Mobile,+8550717886369
Metfone-071-7886370,Mobile,+8550717886370
Metfone-071-7886371,Mobile,+8550717886371
Metfone-071-7886372,Mobile,+8550717886372
Metfone-071-7886373,Mobile,+8550717886373
Metfone-071-7886374,Mobile,+8550717886374
Metfone-071-7886375,Mobile,+8550717886375
Metfone-071-7886376,Mobile,+8550717886376
Metfone-071-7886377,Mobile,+8550717886377
Metfone-071-7886378,Mobile,+8550717886378
Metfone-071-7886379,Mobile,+8550717886379
Metfone-071-7886380,Mobile,+8550717886380
Metfone-071-7886381,Mobile,+8550717886381
Metfone-071-7886382,Mobile,+8550717886382
Metfone-071-7886383,Mobile,+8550717886383
Metfone-071-7886384,Mobile,+8550717886384
Metfone-071-7886385,Mobile,+8550717886385
Metfone-071-7886386,Mobile,+8550717886386
Metfone-071-7886387,Mobile,+8550717886387
Metfone-071-7886388,Mobile,+8550717886388
Metfone-071-7886389,Mobile,+8550717886389
Metfone-071-7886390,Mobile,+8550717886390
Metfone-071-7886391,Mobile,+8550717886391
Metfone-071-7886392,Mobile,+8550717886392
Metfone-071-7886393,Mobile,+8550717886393
Metfone-071-7886394,Mobile,+8550717886394
Metfone-071-7886395,Mobile,+8550717886395
Metfone-071-7886396,Mobile,+8550717886396
Metfone-071-7886397,Mobile,+8550717886397
Metfone-071-7886398,Mobile,+8550717886398
Metfone-071-7886399,Mobile,+8550717886399
Metfone-071-7886400,Mobile,+8550717886400
Metfone-071-7886401,Mobile,+8550717886401
Metfone-071-7886402,Mobile,+8550717886402
Metfone-071-7886403,Mobile,+8550717886403
Metfone-071-7886404,Mobile,+8550717886404
Metfone-071-7886405,Mobile,+8550717886405
Metfone-071-7886406,Mobile,+8550717886406
Metfone-071-7886407,Mobile,+8550717886407
Metfone-071-7886408,Mobile,+8550717886408
Metfone-071-7886409,Mobile,+8550717886409
Metfone-071-7886410,Mobile,+8550717886410
Metfone-071-7886411,Mobile,+8550717886411
Metfone-071-7886412,Mobile,+8550717886412
Metfone-071-7886413,Mobile,+8550717886413
Metfone-071-7886414,Mobile,+8550717886414
Metfone-071-7886415,Mobile,+8550717886415
Metfone-071-7886416,Mobile,+8550717886416
Metfone-071-7886417,Mobile,+8550717886417
Metfone-071-7886418,Mobile,+8550717886418
Metfone-071-7886419,Mobile,+8550717886419
Metfone-071-7886420,Mobile,+8550717886420
Metfone-071-7886421,Mobile,+8550717886421
Metfone-071-7886422,Mobile,+8550717886422
Metfone-071-7886423,Mobile,+8550717886423
Metfone-071-7886424,Mobile,+8550717886424
Metfone-071-7886425,Mobile,+8550717886425
Metfone-071-7886426,Mobile,+8550717886426
Metfone-071-7886427,Mobile,+8550717886427
Metfone-071-7886428,Mobile,+8550717886428
Metfone-071-7886429,Mobile,+8550717886429
Metfone-071-7886430,Mobile,+8550717886430
Metfone-071-7886431,Mobile,+8550717886431
Metfone-071-7886432,Mobile,+8550717886432
Metfone-071-7886433,Mobile,+8550717886433
Metfone-071-7886434,Mobile,+8550717886434
Metfone-071-7886435,Mobile,+8550717886435
Metfone-071-7886436,Mobile,+8550717886436
Metfone-071-7886437,Mobile,+8550717886437
Metfone-071-7886438,Mobile,+8550717886438
Metfone-071-7886439,Mobile,+8550717886439
Metfone-071-7886440,Mobile,+8550717886440
Metfone-071-7886441,Mobile,+8550717886441
Metfone-071-7886442,Mobile,+8550717886442
Metfone-071-7886443,Mobile,+8550717886443
Metfone-071-7886444,Mobile,+8550717886444
Metfone-071-7886445,Mobile,+8550717886445
Metfone-071-7886446,Mobile,+8550717886446
Metfone-071-7886447,Mobile,+8550717886447
Metfone-071-7886448,Mobile,+8550717886448
Metfone-071-7886449,Mobile,+8550717886449
Metfone-071-7886450,Mobile,+8550717886450
Metfone-071-7886451,Mobile,+8550717886451
Metfone-071-7886452,Mobile,+8550717886452
Metfone-071-7886453,Mobile,+8550717886453
Metfone-071-7886454,Mobile,+8550717886454
Metfone-071-7886455,Mobile,+8550717886455
Metfone-071-7886456,Mobile,+8550717886456
Metfone-071-7886457,Mobile,+8550717886457
Metfone-071-7886458,Mobile,+8550717886458
Metfone-071-7886459,Mobile,+8550717886459
Metfone-071-7886460,Mobile,+8550717886460
Metfone-071-7886461,Mobile,+8550717886461
Metfone-071-7886462,Mobile,+8550717886462
Metfone-071-7886463,Mobile,+8550717886463
Metfone-071-7886464,Mobile,+8550717886464
Metfone-071-7886465,Mobile,+8550717886465
Metfone-071-7886466,Mobile,+8550717886466
Metfone-071-7886467,Mobile,+8550717886467
Metfone-071-7886468,Mobile,+8550717886468
Metfone-071-7886469,Mobile,+8550717886469
Metfone-071-7886470,Mobile,+8550717886470
Metfone-071-7886471,Mobile,+8550717886471
Metfone-071-7886472,Mobile,+8550717886472
Metfone-071-7886473,Mobile,+8550717886473
Metfone-071-7886474,Mobile,+8550717886474
Metfone-071-7886475,Mobile,+8550717886475
Metfone-071-7886476,Mobile,+8550717886476
Metfone-071-7886477,Mobile,+8550717886477
Metfone-071-7886478,Mobile,+8550717886478
Metfone-071-7886479,Mobile,+8550717886479
Metfone-071-7886480,Mobile,+8550717886480
Metfone-071-7886481,Mobile,+8550717886481
Metfone-071-7886482,Mobile,+8550717886482
Metfone-071-7886483,Mobile,+8550717886483
Metfone-071-7886484,Mobile,+8550717886484
Metfone-071-7886485,Mobile,+8550717886485
Metfone-071-7886486,Mobile,+8550717886486
Metfone-071-7886487,Mobile,+8550717886487
Metfone-071-7886488,Mobile,+8550717886488
Metfone-071-7886489,Mobile,+8550717886489
Metfone-071-7886490,Mobile,+8550717886490
Metfone-071-7886491,Mobile,+8550717886491
Metfone-071-7886492,Mobile,+8550717886492
Metfone-071-7886493,Mobile,+8550717886493
Metfone-071-7886494,Mobile,+8550717886494
Metfone-071-7886495,Mobile,+8550717886495
Metfone-071-7886496,Mobile,+8550717886496
Metfone-071-7886497,Mobile,+8550717886497
Metfone-071-7886498,Mobile,+8550717886498
Metfone-071-7886499,Mobile,+8550717886499
Metfone-071-7886500,Mobile,+8550717886500
Metfone-071-7886501,Mobile,+8550717886501
Metfone-071-7886502,Mobile,+8550717886502
Metfone-071-7886503,Mobile,+8550717886503
Metfone-071-7886504,Mobile,+8550717886504
Metfone-071-7886505,Mobile,+8550717886505
Metfone-071-7886506,Mobile,+8550717886506
Metfone-071-7886507,Mobile,+8550717886507
Metfone-071-7886508,Mobile,+8550717886508
Metfone-071-7886509,Mobile,+8550717886509
Metfone-071-7886510,Mobile,+8550717886510
Metfone-071-7886511,Mobile,+8550717886511
Metfone-071-7886512,Mobile,+8550717886512
Metfone-071-7886513,Mobile,+8550717886513
Metfone-071-7886514,Mobile,+8550717886514
Metfone-071-7886515,Mobile,+8550717886515
Metfone-071-7886516,Mobile,+8550717886516
Metfone-071-7886517,Mobile,+8550717886517
Metfone-071-7886518,Mobile,+8550717886518
Metfone-071-7886519,Mobile,+8550717886519
Metfone-071-7886520,Mobile,+8550717886520
Metfone-071-7886521,Mobile,+8550717886521
Metfone-071-7886522,Mobile,+8550717886522
Metfone-071-7886523,Mobile,+8550717886523
Metfone-071-7886524,Mobile,+8550717886524
Metfone-071-7886525,Mobile,+8550717886525
Metfone-071-7886526,Mobile,+8550717886526
Metfone-071-7886527,Mobile,+8550717886527
Metfone-071-7886528,Mobile,+8550717886528
Metfone-071-7886529,Mobile,+8550717886529
Metfone-071-7886530,Mobile,+8550717886530
Metfone-071-7886531,Mobile,+8550717886531
Metfone-071-7886532,Mobile,+8550717886532
Metfone-071-7886533,Mobile,+8550717886533
Metfone-071-7886534,Mobile,+8550717886534
Metfone-071-7886535,Mobile,+8550717886535
Metfone-071-7886536,Mobile,+8550717886536
Metfone-071-7886537,Mobile,+8550717886537
Metfone-071-7886538,Mobile,+8550717886538
Metfone-071-7886539,Mobile,+8550717886539
Metfone-071-7886540,Mobile,+8550717886540
Metfone-071-7886541,Mobile,+8550717886541
Metfone-071-7886542,Mobile,+8550717886542
Metfone-071-7886543,Mobile,+8550717886543
Metfone-071-7886544,Mobile,+8550717886544
Metfone-071-7886545,Mobile,+8550717886545
Metfone-071-7886546,Mobile,+8550717886546
Metfone-071-7886547,Mobile,+8550717886547
Metfone-071-7886548,Mobile,+8550717886548
Metfone-071-7886549,Mobile,+8550717886549
Metfone-071-7886550,Mobile,+8550717886550
Metfone-071-7886551,Mobile,+8550717886551
Metfone-071-7886552,Mobile,+8550717886552
Metfone-071-7886553,Mobile,+8550717886553
Metfone-071-7886554,Mobile,+8550717886554
Metfone-071-7886555,Mobile,+8550717886555
Metfone-071-7886556,Mobile,+8550717886556
Metfone-071-7886557,Mobile,+8550717886557
Metfone-071-7886558,Mobile,+8550717886558
Metfone-071-7886559,Mobile,+8550717886559
Metfone-071-7886560,Mobile,+8550717886560
Metfone-071-7886561,Mobile,+8550717886561
Metfone-071-7886562,Mobile,+8550717886562
Metfone-071-7886563,Mobile,+8550717886563
Metfone-071-7886564,Mobile,+8550717886564
Metfone-071-7886565,Mobile,+8550717886565
Metfone-071-7886566,Mobile,+8550717886566
Metfone-071-7886567,Mobile,+8550717886567
Metfone-071-7886568,Mobile,+8550717886568
Metfone-071-7886569,Mobile,+8550717886569
Metfone-071-7886570,Mobile,+8550717886570
Metfone-071-7886571,Mobile,+8550717886571
Metfone-071-7886572,Mobile,+8550717886572
Metfone-071-7886573,Mobile,+8550717886573
Metfone-071-7886574,Mobile,+8550717886574
Metfone-071-7886575,Mobile,+8550717886575
Metfone-071-7886576,Mobile,+8550717886576
Metfone-071-7886577,Mobile,+8550717886577
Metfone-071-7886578,Mobile,+8550717886578
Metfone-071-7886579,Mobile,+8550717886579
Metfone-071-7886580,Mobile,+8550717886580
Metfone-071-7886581,Mobile,+8550717886581
Metfone-071-7886582,Mobile,+8550717886582
Metfone-071-7886583,Mobile,+8550717886583
Metfone-071-7886584,Mobile,+8550717886584
Metfone-071-7886585,Mobile,+8550717886585
Metfone-071-7886586,Mobile,+8550717886586
Metfone-071-7886587,Mobile,+8550717886587
Metfone-071-7886588,Mobile,+8550717886588
Metfone-071-7886589,Mobile,+8550717886589
Metfone-071-7886590,Mobile,+8550717886590
Metfone-071-7886591,Mobile,+8550717886591
Metfone-071-7886592,Mobile,+8550717886592
Metfone-071-7886593,Mobile,+8550717886593
Metfone-071-7886594,Mobile,+8550717886594
Metfone-071-7886595,Mobile,+8550717886595
Metfone-071-7886596,Mobile,+8550717886596
Metfone-071-7886597,Mobile,+8550717886597
Metfone-071-7886598,Mobile,+8550717886598
Metfone-071-7886599,Mobile,+8550717886599
Metfone-071-7886600,Mobile,+8550717886600
Metfone-071-7886601,Mobile,+8550717886601
Metfone-071-7886602,Mobile,+8550717886602
Metfone-071-7886603,Mobile,+8550717886603
Metfone-071-7886604,Mobile,+8550717886604
Metfone-071-7886605,Mobile,+8550717886605
Metfone-071-7886606,Mobile,+8550717886606
Metfone-071-7886607,Mobile,+8550717886607
Metfone-071-7886608,Mobile,+8550717886608
Metfone-071-7886609,Mobile,+8550717886609
Metfone-071-7886610,Mobile,+8550717886610
Metfone-071-7886611,Mobile,+8550717886611
Metfone-071-7886612,Mobile,+8550717886612
Metfone-071-7886613,Mobile,+8550717886613
Metfone-071-7886614,Mobile,+8550717886614
Metfone-071-7886615,Mobile,+8550717886615
Metfone-071-7886616,Mobile,+8550717886616
Metfone-071-7886617,Mobile,+8550717886617
Metfone-071-7886618,Mobile,+8550717886618
Metfone-071-7886619,Mobile,+8550717886619
Metfone-071-7886620,Mobile,+8550717886620
Metfone-071-7886621,Mobile,+8550717886621
Metfone-071-7886622,Mobile,+8550717886622
Metfone-071-7886623,Mobile,+8550717886623
Metfone-071-7886624,Mobile,+8550717886624
Metfone-071-7886625,Mobile,+8550717886625
Metfone-071-7886626,Mobile,+8550717886626
Metfone-071-7886627,Mobile,+8550717886627
Metfone-071-7886628,Mobile,+8550717886628
Metfone-071-7886629,Mobile,+8550717886629
Metfone-071-7886630,Mobile,+8550717886630
Metfone-071-7886631,Mobile,+8550717886631
Metfone-071-7886632,Mobile,+8550717886632
Metfone-071-7886633,Mobile,+8550717886633
Metfone-071-7886634,Mobile,+8550717886634
Metfone-071-7886635,Mobile,+8550717886635
Metfone-071-7886636,Mobile,+8550717886636
Metfone-071-7886637,Mobile,+8550717886637
Metfone-071-7886638,Mobile,+8550717886638
Metfone-071-7886639,Mobile,+8550717886639
Metfone-071-7886640,Mobile,+8550717886640
Metfone-071-7886641,Mobile,+8550717886641
Metfone-071-7886642,Mobile,+8550717886642
Metfone-071-7886643,Mobile,+8550717886643
Metfone-071-7886644,Mobile,+8550717886644
Metfone-071-7886645,Mobile,+8550717886645
Metfone-071-7886646,Mobile,+8550717886646
Metfone-071-7886647,Mobile,+8550717886647
Metfone-071-7886648,Mobile,+8550717886648
Metfone-071-7886649,Mobile,+8550717886649
Metfone-071-7886650,Mobile,+8550717886650
Metfone-071-7886651,Mobile,+8550717886651
Metfone-071-7886652,Mobile,+8550717886652
Metfone-071-7886653,Mobile,+8550717886653
Metfone-071-7886654,Mobile,+8550717886654
Metfone-071-7886655,Mobile,+8550717886655
Metfone-071-7886656,Mobile,+8550717886656
Metfone-071-7886657,Mobile,+8550717886657
Metfone-071-7886658,Mobile,+8550717886658
Metfone-071-7886659,Mobile,+8550717886659
Metfone-071-7886660,Mobile,+8550717886660
Metfone-071-7886661,Mobile,+8550717886661
Metfone-071-7886662,Mobile,+8550717886662
Metfone-071-7886663,Mobile,+8550717886663
Metfone-071-7886664,Mobile,+8550717886664
Metfone-071-7886665,Mobile,+8550717886665
Metfone-071-7886666,Mobile,+8550717886666
Metfone-071-7886667,Mobile,+8550717886667
Metfone-071-7886668,Mobile,+8550717886668
Metfone-071-7886669,Mobile,+8550717886669
Metfone-071-7886670,Mobile,+8550717886670
Metfone-071-7886671,Mobile,+8550717886671
Metfone-071-7886672,Mobile,+8550717886672
Metfone-071-7886673,Mobile,+8550717886673
Metfone-071-7886674,Mobile,+8550717886674
Metfone-071-7886675,Mobile,+8550717886675
Metfone-071-7886676,Mobile,+8550717886676
Metfone-071-7886677,Mobile,+8550717886677
Metfone-071-7886678,Mobile,+8550717886678
Metfone-071-7886679,Mobile,+8550717886679
Metfone-071-7886680,Mobile,+8550717886680
Metfone-071-7886681,Mobile,+8550717886681
Metfone-071-7886682,Mobile,+8550717886682
Metfone-071-7886683,Mobile,+8550717886683
Metfone-071-7886684,Mobile,+8550717886684
Metfone-071-7886685,Mobile,+8550717886685
Metfone-071-7886686,Mobile,+8550717886686
Metfone-071-7886687,Mobile,+8550717886687
Metfone-071-7886688,Mobile,+8550717886688
Metfone-071-7886689,Mobile,+8550717886689
Metfone-071-7886690,Mobile,+8550717886690
Metfone-071-7886691,Mobile,+8550717886691
Metfone-071-7886692,Mobile,+8550717886692
Metfone-071-7886693,Mobile,+8550717886693
Metfone-071-7886694,Mobile,+8550717886694
Metfone-071-7886695,Mobile,+8550717886695
Metfone-071-7886696,Mobile,+8550717886696
Metfone-071-7886697,Mobile,+8550717886697
Metfone-071-7886698,Mobile,+8550717886698
Metfone-071-7886699,Mobile,+8550717886699
Metfone-071-7886700,Mobile,+8550717886700
Metfone-071-7886701,Mobile,+8550717886701
Metfone-071-7886702,Mobile,+8550717886702
Metfone-071-7886703,Mobile,+8550717886703
Metfone-071-7886704,Mobile,+8550717886704
Metfone-071-7886705,Mobile,+8550717886705
Metfone-071-7886706,Mobile,+8550717886706
Metfone-071-7886707,Mobile,+8550717886707
Metfone-071-7886708,Mobile,+8550717886708
Metfone-071-7886709,Mobile,+8550717886709
Metfone-071-7886710,Mobile,+8550717886710
Metfone-071-7886711,Mobile,+8550717886711
Metfone-071-7886712,Mobile,+8550717886712
Metfone-071-7886713,Mobile,+8550717886713
Metfone-071-7886714,Mobile,+8550717886714
Metfone-071-7886715,Mobile,+8550717886715
Metfone-071-7886716,Mobile,+8550717886716
Metfone-071-7886717,Mobile,+8550717886717
Metfone-071-7886718,Mobile,+8550717886718
Metfone-071-7886719,Mobile,+8550717886719
Metfone-071-7886720,Mobile,+8550717886720
Metfone-071-7886721,Mobile,+8550717886721
Metfone-071-7886722,Mobile,+8550717886722
Metfone-071-7886723,Mobile,+8550717886723
Metfone-071-7886724,Mobile,+8550717886724
Metfone-071-7886725,Mobile,+8550717886725
Metfone-071-7886726,Mobile,+8550717886726
Metfone-071-7886727,Mobile,+8550717886727
Metfone-071-7886728,Mobile,+8550717886728
Metfone-071-7886729,Mobile,+8550717886729
Metfone-071-7886730,Mobile,+8550717886730
Metfone-071-7886731,Mobile,+8550717886731
Metfone-071-7886732,Mobile,+8550717886732
Metfone-071-7886733,Mobile,+8550717886733
Metfone-071-7886734,Mobile,+8550717886734
Metfone-071-7886735,Mobile,+8550717886735
Metfone-071-7886736,Mobile,+8550717886736
Metfone-071-7886737,Mobile,+8550717886737
Metfone-071-7886738,Mobile,+8550717886738
Metfone-071-7886739,Mobile,+8550717886739
Metfone-071-7886740,Mobile,+8550717886740
Metfone-071-7886741,Mobile,+8550717886741
Metfone-071-7886742,Mobile,+8550717886742
Metfone-071-7886743,Mobile,+8550717886743
Metfone-071-7886744,Mobile,+8550717886744
Metfone-071-7886745,Mobile,+8550717886745
Metfone-071-7886746,Mobile,+8550717886746
Metfone-071-7886747,Mobile,+8550717886747
Metfone-071-7886748,Mobile,+8550717886748
Metfone-071-7886749,Mobile,+8550717886749
Metfone-071-7886750,Mobile,+8550717886750
Metfone-071-7886751,Mobile,+8550717886751
Metfone-071-7886752,Mobile,+8550717886752
Metfone-071-7886753,Mobile,+8550717886753
Metfone-071-7886754,Mobile,+8550717886754
Metfone-071-7886755,Mobile,+8550717886755
Metfone-071-7886756,Mobile,+8550717886756
Metfone-071-7886757,Mobile,+8550717886757
Metfone-071-7886758,Mobile,+8550717886758
Metfone-071-7886759,Mobile,+8550717886759
Metfone-071-7886760,Mobile,+8550717886760
Metfone-071-7886761,Mobile,+8550717886761
Metfone-071-7886762,Mobile,+8550717886762
Metfone-071-7886763,Mobile,+8550717886763
Metfone-071-7886764,Mobile,+8550717886764
Metfone-071-7886765,Mobile,+8550717886765
Metfone-071-7886766,Mobile,+8550717886766
Metfone-071-7886767,Mobile,+8550717886767
Metfone-071-7886768,Mobile,+8550717886768
Metfone-071-7886769,Mobile,+8550717886769
Metfone-071-7886770,Mobile,+8550717886770
Metfone-071-7886771,Mobile,+8550717886771
Metfone-071-7886772,Mobile,+8550717886772
Metfone-071-7886773,Mobile,+8550717886773
Metfone-071-7886774,Mobile,+8550717886774
Metfone-071-7886775,Mobile,+8550717886775
Metfone-071-7886776,Mobile,+8550717886776
Metfone-071-7886777,Mobile,+8550717886777
Metfone-071-7886778,Mobile,+8550717886778
Metfone-071-7886779,Mobile,+8550717886779
Metfone-071-7886780,Mobile,+8550717886780
Metfone-071-7886781,Mobile,+8550717886781
Metfone-071-7886782,Mobile,+8550717886782
Metfone-071-7886783,Mobile,+8550717886783
Metfone-071-7886784,Mobile,+8550717886784
Metfone-071-7886785,Mobile,+8550717886785
Metfone-071-7886786,Mobile,+8550717886786
Metfone-071-7886787,Mobile,+8550717886787
Metfone-071-7886788,Mobile,+8550717886788
Metfone-071-7886789,Mobile,+8550717886789
Metfone-071-7886790,Mobile,+8550717886790
Metfone-071-7886791,Mobile,+8550717886791
Metfone-071-7886792,Mobile,+8550717886792
Metfone-071-7886793,Mobile,+8550717886793
Metfone-071-7886794,Mobile,+8550717886794
Metfone-071-7886795,Mobile,+8550717886795
Metfone-071-7886796,Mobile,+8550717886796
Metfone-071-7886797,Mobile,+8550717886797
Metfone-071-7886798,Mobile,+8550717886798
Metfone-071-7886799,Mobile,+8550717886799
Metfone-071-7886800,Mobile,+8550717886800
Metfone-071-7886801,Mobile,+8550717886801
Metfone-071-7886802,Mobile,+8550717886802
Metfone-071-7886803,Mobile,+8550717886803
Metfone-071-7886804,Mobile,+8550717886804
Metfone-071-7886805,Mobile,+8550717886805
Metfone-071-7886806,Mobile,+8550717886806
Metfone-071-7886807,Mobile,+8550717886807
Metfone-071-7886808,Mobile,+8550717886808
Metfone-071-7886809,Mobile,+8550717886809
Metfone-071-7886810,Mobile,+8550717886810
Metfone-071-7886811,Mobile,+8550717886811
Metfone-071-7886812,Mobile,+8550717886812
Metfone-071-7886813,Mobile,+8550717886813
Metfone-071-7886814,Mobile,+8550717886814
Metfone-071-7886815,Mobile,+8550717886815
Metfone-071-7886816,Mobile,+8550717886816
Metfone-071-7886817,Mobile,+8550717886817
Metfone-071-7886818,Mobile,+8550717886818
Metfone-071-7886819,Mobile,+8550717886819
Metfone-071-7886820,Mobile,+8550717886820
Metfone-071-7886821,Mobile,+8550717886821
Metfone-071-7886822,Mobile,+8550717886822
Metfone-071-7886823,Mobile,+8550717886823
Metfone-071-7886824,Mobile,+8550717886824
Metfone-071-7886825,Mobile,+8550717886825
Metfone-071-7886826,Mobile,+8550717886826
Metfone-071-7886827,Mobile,+8550717886827
Metfone-071-7886828,Mobile,+8550717886828
Metfone-071-7886829,Mobile,+8550717886829
Metfone-071-7886830,Mobile,+8550717886830
Metfone-071-7886831,Mobile,+8550717886831
Metfone-071-7886832,Mobile,+8550717886832
Metfone-071-7886833,Mobile,+8550717886833
Metfone-071-7886834,Mobile,+8550717886834
Metfone-071-7886835,Mobile,+8550717886835
Metfone-071-7886836,Mobile,+8550717886836
Metfone-071-7886837,Mobile,+8550717886837
Metfone-071-7886838,Mobile,+8550717886838
Metfone-071-7886839,Mobile,+8550717886839
Metfone-071-7886840,Mobile,+8550717886840
Metfone-071-7886841,Mobile,+8550717886841
Metfone-071-7886842,Mobile,+8550717886842
Metfone-071-7886843,Mobile,+8550717886843
Metfone-071-7886844,Mobile,+8550717886844
Metfone-071-7886845,Mobile,+8550717886845
Metfone-071-7886846,Mobile,+8550717886846
Metfone-071-7886847,Mobile,+8550717886847
Metfone-071-7886848,Mobile,+8550717886848
Metfone-071-7886849,Mobile,+8550717886849
Metfone-071-7886850,Mobile,+8550717886850
Metfone-071-7886851,Mobile,+8550717886851
Metfone-071-7886852,Mobile,+8550717886852
Metfone-071-7886853,Mobile,+8550717886853
Metfone-071-7886854,Mobile,+8550717886854
Metfone-071-7886855,Mobile,+8550717886855
Metfone-071-7886856,Mobile,+8550717886856
Metfone-071-7886857,Mobile,+8550717886857
Metfone-071-7886858,Mobile,+8550717886858
Metfone-071-7886859,Mobile,+8550717886859
Metfone-071-7886860,Mobile,+8550717886860
Metfone-071-7886861,Mobile,+8550717886861
Metfone-071-7886862,Mobile,+8550717886862
Metfone-071-7886863,Mobile,+8550717886863
Metfone-071-7886864,Mobile,+8550717886864
Metfone-071-7886865,Mobile,+8550717886865
Metfone-071-7886866,Mobile,+8550717886866
Metfone-071-7886867,Mobile,+8550717886867
Metfone-071-7886868,Mobile,+8550717886868
Metfone-071-7886869,Mobile,+8550717886869
Metfone-071-7886870,Mobile,+8550717886870
Metfone-071-7886871,Mobile,+8550717886871
Metfone-071-7886872,Mobile,+8550717886872
Metfone-071-7886873,Mobile,+8550717886873
Metfone-071-7886874,Mobile,+8550717886874
Metfone-071-7886875,Mobile,+8550717886875
Metfone-071-7886876,Mobile,+8550717886876
Metfone-071-7886877,Mobile,+8550717886877
Metfone-071-7886878,Mobile,+8550717886878
Metfone-071-7886879,Mobile,+8550717886879
Metfone-071-7886880,Mobile,+8550717886880
Metfone-071-7886881,Mobile,+8550717886881
Metfone-071-7886882,Mobile,+8550717886882
Metfone-071-7886883,Mobile,+8550717886883
Metfone-071-7886884,Mobile,+8550717886884
Metfone-071-7886885,Mobile,+8550717886885
Metfone-071-7886886,Mobile,+8550717886886
Metfone-071-7886887,Mobile,+8550717886887
Metfone-071-7886888,Mobile,+8550717886888
Metfone-071-7886889,Mobile,+8550717886889
Metfone-071-7886890,Mobile,+8550717886890
Metfone-071-7886891,Mobile,+8550717886891
Metfone-071-7886892,Mobile,+8550717886892
Metfone-071-7886893,Mobile,+8550717886893
Metfone-071-7886894,Mobile,+8550717886894
Metfone-071-7886895,Mobile,+8550717886895
Metfone-071-7886896,Mobile,+8550717886896
Metfone-071-7886897,Mobile,+8550717886897
Metfone-071-7886898,Mobile,+8550717886898
Metfone-071-7886899,Mobile,+8550717886899
Metfone-071-7886900,Mobile,+8550717886900
Metfone-071-7886901,Mobile,+8550717886901
Metfone-071-7886902,Mobile,+8550717886902
Metfone-071-7886903,Mobile,+8550717886903
Metfone-071-7886904,Mobile,+8550717886904
Metfone-071-7886905,Mobile,+8550717886905
Metfone-071-7886906,Mobile,+8550717886906
Metfone-071-7886907,Mobile,+8550717886907
Metfone-071-7886908,Mobile,+8550717886908
Metfone-071-7886909,Mobile,+8550717886909
Metfone-071-7886910,Mobile,+8550717886910
Metfone-071-7886911,Mobile,+8550717886911
Metfone-071-7886912,Mobile,+8550717886912
Metfone-071-7886913,Mobile,+8550717886913
Metfone-071-7886914,Mobile,+8550717886914
Metfone-071-7886915,Mobile,+8550717886915
Metfone-071-7886916,Mobile,+8550717886916
Metfone-071-7886917,Mobile,+8550717886917
Metfone-071-7886918,Mobile,+8550717886918
Metfone-071-7886919,Mobile,+8550717886919
Metfone-071-7886920,Mobile,+8550717886920
Metfone-071-7886921,Mobile,+8550717886921
Metfone-071-7886922,Mobile,+8550717886922
Metfone-071-7886923,Mobile,+8550717886923
Metfone-071-7886924,Mobile,+8550717886924
Metfone-071-7886925,Mobile,+8550717886925
Metfone-071-7886926,Mobile,+8550717886926
Metfone-071-7886927,Mobile,+8550717886927
Metfone-071-7886928,Mobile,+8550717886928
Metfone-071-7886929,Mobile,+8550717886929
Metfone-071-7886930,Mobile,+8550717886930
Metfone-071-7886931,Mobile,+8550717886931
Metfone-071-7886932,Mobile,+8550717886932
Metfone-071-7886933,Mobile,+8550717886933
Metfone-071-7886934,Mobile,+8550717886934
Metfone-071-7886935,Mobile,+8550717886935
Metfone-071-7886936,Mobile,+8550717886936
Metfone-071-7886937,Mobile,+8550717886937
Metfone-071-7886938,Mobile,+8550717886938
Metfone-071-7886939,Mobile,+8550717886939
Metfone-071-7886940,Mobile,+8550717886940
Metfone-071-7886941,Mobile,+8550717886941
Metfone-071-7886942,Mobile,+8550717886942
Metfone-071-7886943,Mobile,+8550717886943
Metfone-071-7886944,Mobile,+8550717886944
Metfone-071-7886945,Mobile,+8550717886945
Metfone-071-7886946,Mobile,+8550717886946
Metfone-071-7886947,Mobile,+8550717886947
Metfone-071-7886948,Mobile,+8550717886948
Metfone-071-7886949,Mobile,+8550717886949
Metfone-071-7886950,Mobile,+8550717886950
Metfone-071-7886951,Mobile,+8550717886951
Metfone-071-7886952,Mobile,+8550717886952
Metfone-071-7886953,Mobile,+8550717886953
Metfone-071-7886954,Mobile,+8550717886954
Metfone-071-7886955,Mobile,+8550717886955
Metfone-071-7886956,Mobile,+8550717886956
Metfone-071-7886957,Mobile,+8550717886957
Metfone-071-7886958,Mobile,+8550717886958
Metfone-071-7886959,Mobile,+8550717886959
Metfone-071-7886960,Mobile,+8550717886960
Metfone-071-7886961,Mobile,+8550717886961
Metfone-071-7886962,Mobile,+8550717886962
Metfone-071-7886963,Mobile,+8550717886963
Metfone-071-7886964,Mobile,+8550717886964
Metfone-071-7886965,Mobile,+8550717886965
Metfone-071-7886966,Mobile,+8550717886966
Metfone-071-7886967,Mobile,+8550717886967
Metfone-071-7886968,Mobile,+8550717886968
Metfone-071-7886969,Mobile,+8550717886969
Metfone-071-7886970,Mobile,+8550717886970
Metfone-071-7886971,Mobile,+8550717886971
Metfone-071-7886972,Mobile,+8550717886972
Metfone-071-7886973,Mobile,+8550717886973
Metfone-071-7886974,Mobile,+8550717886974
Metfone-071-7886975,Mobile,+8550717886975
Metfone-071-7886976,Mobile,+8550717886976
Metfone-071-7886977,Mobile,+8550717886977
Metfone-071-7886978,Mobile,+8550717886978
Metfone-071-7886979,Mobile,+8550717886979
Metfone-071-7886980,Mobile,+8550717886980
Metfone-071-7886981,Mobile,+8550717886981
Metfone-071-7886982,Mobile,+8550717886982
Metfone-071-7886983,Mobile,+8550717886983
Metfone-071-7886984,Mobile,+8550717886984
Metfone-071-7886985,Mobile,+8550717886985
Metfone-071-7886986,Mobile,+8550717886986
Metfone-071-7886987,Mobile,+8550717886987
Metfone-071-7886988,Mobile,+8550717886988
Metfone-071-7886989,Mobile,+8550717886989
Metfone-071-7886990,Mobile,+8550717886990
Metfone-071-7886991,Mobile,+8550717886991
Metfone-071-7886992,Mobile,+8550717886992
Metfone-071-7886993,Mobile,+8550717886993
Metfone-071-7886994,Mobile,+8550717886994
Metfone-071-7886995,Mobile,+8550717886995
Metfone-071-7886996,Mobile,+8550717886996
Metfone-071-7886997,Mobile,+8550717886997
Metfone-071-7886998,Mobile,+8550717886998
Metfone-071-7886999,Mobile,+8550717886999
Metfone-071-7887000,Mobile,+8550717887000
Metfone-071-7887001,Mobile,+8550717887001
Metfone-071-7887002,Mobile,+8550717887002
Metfone-071-7887003,Mobile,+8550717887003
Metfone-071-7887004,Mobile,+8550717887004
Metfone-071-7887005,Mobile,+8550717887005
Metfone-071-7887006,Mobile,+8550717887006
Metfone-071-7887007,Mobile,+8550717887007
Metfone-071-7887008,Mobile,+8550717887008
Metfone-071-7887009,Mobile,+8550717887009
Metfone-071-7887010,Mobile,+8550717887010
Metfone-071-7887011,Mobile,+8550717887011
Metfone-071-7887012,Mobile,+8550717887012
Metfone-071-7887013,Mobile,+8550717887013
Metfone-071-7887014,Mobile,+8550717887014
Metfone-071-7887015,Mobile,+8550717887015
Metfone-071-7887016,Mobile,+8550717887016
Metfone-071-7887017,Mobile,+8550717887017
Metfone-071-7887018,Mobile,+8550717887018
Metfone-071-7887019,Mobile,+8550717887019
Metfone-071-7887020,Mobile,+8550717887020
Metfone-071-7887021,Mobile,+8550717887021
Metfone-071-7887022,Mobile,+8550717887022
Metfone-071-7887023,Mobile,+8550717887023
Metfone-071-7887024,Mobile,+8550717887024
Metfone-071-7887025,Mobile,+8550717887025
Metfone-071-7887026,Mobile,+8550717887026
Metfone-071-7887027,Mobile,+8550717887027
Metfone-071-7887028,Mobile,+8550717887028
Metfone-071-7887029,Mobile,+8550717887029
Metfone-071-7887030,Mobile,+8550717887030
Metfone-071-7887031,Mobile,+8550717887031
Metfone-071-7887032,Mobile,+8550717887032
Metfone-071-7887033,Mobile,+8550717887033
Metfone-071-7887034,Mobile,+8550717887034
Metfone-071-7887035,Mobile,+8550717887035
Metfone-071-7887036,Mobile,+8550717887036
Metfone-071-7887037,Mobile,+8550717887037
Metfone-071-7887038,Mobile,+8550717887038
Metfone-071-7887039,Mobile,+8550717887039
Metfone-071-7887040,Mobile,+8550717887040
Metfone-071-7887041,Mobile,+8550717887041
Metfone-071-7887042,Mobile,+8550717887042
Metfone-071-7887043,Mobile,+8550717887043
Metfone-071-7887044,Mobile,+8550717887044
Metfone-071-7887045,Mobile,+8550717887045
Metfone-071-7887046,Mobile,+8550717887046
Metfone-071-7887047,Mobile,+8550717887047
Metfone-071-7887048,Mobile,+8550717887048
Metfone-071-7887049,Mobile,+8550717887049
Metfone-071-7887050,Mobile,+8550717887050
Metfone-071-7887051,Mobile,+8550717887051
Metfone-071-7887052,Mobile,+8550717887052
Metfone-071-7887053,Mobile,+8550717887053
Metfone-071-7887054,Mobile,+8550717887054
Metfone-071-7887055,Mobile,+8550717887055
Metfone-071-7887056,Mobile,+8550717887056
Metfone-071-7887057,Mobile,+8550717887057
Metfone-071-7887058,Mobile,+8550717887058
Metfone-071-7887059,Mobile,+8550717887059
Metfone-071-7887060,Mobile,+8550717887060
Metfone-071-7887061,Mobile,+8550717887061
Metfone-071-7887062,Mobile,+8550717887062
Metfone-071-7887063,Mobile,+8550717887063
Metfone-071-7887064,Mobile,+8550717887064
Metfone-071-7887065,Mobile,+8550717887065
Metfone-071-7887066,Mobile,+8550717887066
Metfone-071-7887067,Mobile,+8550717887067
Metfone-071-7887068,Mobile,+8550717887068
Metfone-071-7887069,Mobile,+8550717887069
Metfone-071-7887070,Mobile,+8550717887070
Metfone-071-7887071,Mobile,+8550717887071
Metfone-071-7887072,Mobile,+8550717887072
Metfone-071-7887073,Mobile,+8550717887073
Metfone-071-7887074,Mobile,+8550717887074
Metfone-071-7887075,Mobile,+8550717887075
Metfone-071-7887076,Mobile,+8550717887076
Metfone-071-7887077,Mobile,+8550717887077
Metfone-071-7887078,Mobile,+8550717887078
Metfone-071-7887079,Mobile,+8550717887079
Metfone-071-7887080,Mobile,+8550717887080
Metfone-071-7887081,Mobile,+8550717887081
Metfone-071-7887082,Mobile,+8550717887082
Metfone-071-7887083,Mobile,+8550717887083
Metfone-071-7887084,Mobile,+8550717887084
Metfone-071-7887085,Mobile,+8550717887085
Metfone-071-7887086,Mobile,+8550717887086
Metfone-071-7887087,Mobile,+8550717887087
Metfone-071-7887088,Mobile,+8550717887088
Metfone-071-7887089,Mobile,+8550717887089
Metfone-071-7887090,Mobile,+8550717887090
Metfone-071-7887091,Mobile,+8550717887091
Metfone-071-7887092,Mobile,+8550717887092
Metfone-071-7887093,Mobile,+8550717887093
Metfone-071-7887094,Mobile,+8550717887094
Metfone-071-7887095,Mobile,+8550717887095
Metfone-071-7887096,Mobile,+8550717887096
Metfone-071-7887097,Mobile,+8550717887097
Metfone-071-7887098,Mobile,+8550717887098
Metfone-071-7887099,Mobile,+8550717887099
Metfone-071-7887100,Mobile,+8550717887100
Metfone-071-7887101,Mobile,+8550717887101
Metfone-071-7887102,Mobile,+8550717887102
Metfone-071-7887103,Mobile,+8550717887103
Metfone-071-7887104,Mobile,+8550717887104
Metfone-071-7887105,Mobile,+8550717887105
Metfone-071-7887106,Mobile,+8550717887106
Metfone-071-7887107,Mobile,+8550717887107
Metfone-071-7887108,Mobile,+8550717887108
Metfone-071-7887109,Mobile,+8550717887109
Metfone-071-7887110,Mobile,+8550717887110
Metfone-071-7887111,Mobile,+8550717887111
Metfone-071-7887112,Mobile,+8550717887112
Metfone-071-7887113,Mobile,+8550717887113
Metfone-071-7887114,Mobile,+8550717887114
Metfone-071-7887115,Mobile,+8550717887115
Metfone-071-7887116,Mobile,+8550717887116
Metfone-071-7887117,Mobile,+8550717887117
Metfone-071-7887118,Mobile,+8550717887118
Metfone-071-7887119,Mobile,+8550717887119
Metfone-071-7887120,Mobile,+8550717887120
Metfone-071-7887121,Mobile,+8550717887121
Metfone-071-7887122,Mobile,+8550717887122
Metfone-071-7887123,Mobile,+8550717887123
Metfone-071-7887124,Mobile,+8550717887124
Metfone-071-7887125,Mobile,+8550717887125
Metfone-071-7887126,Mobile,+8550717887126
Metfone-071-7887127,Mobile,+8550717887127
Metfone-071-7887128,Mobile,+8550717887128
Metfone-071-7887129,Mobile,+8550717887129
Metfone-071-7887130,Mobile,+8550717887130
Metfone-071-7887131,Mobile,+8550717887131
Metfone-071-7887132,Mobile,+8550717887132
Metfone-071-7887133,Mobile,+8550717887133
Metfone-071-7887134,Mobile,+8550717887134
Metfone-071-7887135,Mobile,+8550717887135
Metfone-071-7887136,Mobile,+8550717887136
Metfone-071-7887137,Mobile,+8550717887137
Metfone-071-7887138,Mobile,+8550717887138
Metfone-071-7887139,Mobile,+8550717887139
Metfone-071-7887140,Mobile,+8550717887140
Metfone-071-7887141,Mobile,+8550717887141
Metfone-071-7887142,Mobile,+8550717887142
Metfone-071-7887143,Mobile,+8550717887143
Metfone-071-7887144,Mobile,+8550717887144
Metfone-071-7887145,Mobile,+8550717887145
Metfone-071-7887146,Mobile,+8550717887146
Metfone-071-7887147,Mobile,+8550717887147
Metfone-071-7887148,Mobile,+8550717887148
Metfone-071-7887149,Mobile,+8550717887149
Metfone-071-7887150,Mobile,+8550717887150
Metfone-071-7887151,Mobile,+8550717887151
Metfone-071-7887152,Mobile,+8550717887152
Metfone-071-7887153,Mobile,+8550717887153
Metfone-071-7887154,Mobile,+8550717887154
Metfone-071-7887155,Mobile,+8550717887155
Metfone-071-7887156,Mobile,+8550717887156
Metfone-071-7887157,Mobile,+8550717887157
Metfone-071-7887158,Mobile,+8550717887158
Metfone-071-7887159,Mobile,+8550717887159
Metfone-071-7887160,Mobile,+8550717887160
Metfone-071-7887161,Mobile,+8550717887161
Metfone-071-7887162,Mobile,+8550717887162
Metfone-071-7887163,Mobile,+8550717887163
Metfone-071-7887164,Mobile,+8550717887164
Metfone-071-7887165,Mobile,+8550717887165
Metfone-071-7887166,Mobile,+8550717887166
Metfone-071-7887167,Mobile,+8550717887167
Metfone-071-7887168,Mobile,+8550717887168
Metfone-071-7887169,Mobile,+8550717887169
Metfone-071-7887170,Mobile,+8550717887170
Metfone-071-7887171,Mobile,+8550717887171
Metfone-071-7887172,Mobile,+8550717887172
Metfone-071-7887173,Mobile,+8550717887173
Metfone-071-7887174,Mobile,+8550717887174
Metfone-071-7887175,Mobile,+8550717887175
Metfone-071-7887176,Mobile,+8550717887176
Metfone-071-7887177,Mobile,+8550717887177
Metfone-071-7887178,Mobile,+8550717887178
Metfone-071-7887179,Mobile,+8550717887179
Metfone-071-7887180,Mobile,+8550717887180
Metfone-071-7887181,Mobile,+8550717887181
Metfone-071-7887182,Mobile,+8550717887182
Metfone-071-7887183,Mobile,+8550717887183
Metfone-071-7887184,Mobile,+8550717887184
Metfone-071-7887185,Mobile,+8550717887185
Metfone-071-7887186,Mobile,+8550717887186
Metfone-071-7887187,Mobile,+8550717887187
Metfone-071-7887188,Mobile,+8550717887188
Metfone-071-7887189,Mobile,+8550717887189
Metfone-071-7887190,Mobile,+8550717887190
Metfone-071-7887191,Mobile,+8550717887191
Metfone-071-7887192,Mobile,+8550717887192
Metfone-071-7887193,Mobile,+8550717887193
Metfone-071-7887194,Mobile,+8550717887194
Metfone-071-7887195,Mobile,+8550717887195
Metfone-071-7887196,Mobile,+8550717887196
Metfone-071-7887197,Mobile,+8550717887197
Metfone-071-7887198,Mobile,+8550717887198
Metfone-071-7887199,Mobile,+8550717887199
Metfone-071-7887200,Mobile,+8550717887200
Metfone-071-7887201,Mobile,+8550717887201
Metfone-071-7887202,Mobile,+8550717887202
Metfone-071-7887203,Mobile,+8550717887203
Metfone-071-7887204,Mobile,+8550717887204
Metfone-071-7887205,Mobile,+8550717887205
Metfone-071-7887206,Mobile,+8550717887206
Metfone-071-7887207,Mobile,+8550717887207
Metfone-071-7887208,Mobile,+8550717887208
Metfone-071-7887209,Mobile,+8550717887209
Metfone-071-7887210,Mobile,+8550717887210
Metfone-071-7887211,Mobile,+8550717887211
Metfone-071-7887212,Mobile,+8550717887212
Metfone-071-7887213,Mobile,+8550717887213
Metfone-071-7887214,Mobile,+8550717887214
Metfone-071-7887215,Mobile,+8550717887215
Metfone-071-7887216,Mobile,+8550717887216
Metfone-071-7887217,Mobile,+8550717887217
Metfone-071-7887218,Mobile,+8550717887218
Metfone-071-7887219,Mobile,+8550717887219
Metfone-071-7887220,Mobile,+8550717887220
Metfone-071-7887221,Mobile,+8550717887221
Metfone-071-7887222,Mobile,+8550717887222
Metfone-071-7887223,Mobile,+8550717887223
Metfone-071-7887224,Mobile,+8550717887224
Metfone-071-7887225,Mobile,+8550717887225
Metfone-071-7887226,Mobile,+8550717887226
Metfone-071-7887227,Mobile,+8550717887227
Metfone-071-7887228,Mobile,+8550717887228
Metfone-071-7887229,Mobile,+8550717887229
Metfone-071-7887230,Mobile,+8550717887230
Metfone-071-7887231,Mobile,+8550717887231
Metfone-071-7887232,Mobile,+8550717887232
Metfone-071-7887233,Mobile,+8550717887233
Metfone-071-7887234,Mobile,+8550717887234
Metfone-071-7887235,Mobile,+8550717887235
Metfone-071-7887236,Mobile,+8550717887236
Metfone-071-7887237,Mobile,+8550717887237
Metfone-071-7887238,Mobile,+8550717887238
Metfone-071-7887239,Mobile,+8550717887239
Metfone-071-7887240,Mobile,+8550717887240
Metfone-071-7887241,Mobile,+8550717887241
Metfone-071-7887242,Mobile,+8550717887242
Metfone-071-7887243,Mobile,+8550717887243
Metfone-071-7887244,Mobile,+8550717887244
Metfone-071-7887245,Mobile,+8550717887245
Metfone-071-7887246,Mobile,+8550717887246
Metfone-071-7887247,Mobile,+8550717887247
Metfone-071-7887248,Mobile,+8550717887248
Metfone-071-7887249,Mobile,+8550717887249
Metfone-071-7887250,Mobile,+8550717887250
Metfone-071-7887251,Mobile,+8550717887251
Metfone-071-7887252,Mobile,+8550717887252
Metfone-071-7887253,Mobile,+8550717887253
Metfone-071-7887254,Mobile,+8550717887254
Metfone-071-7887255,Mobile,+8550717887255
Metfone-071-7887256,Mobile,+8550717887256
Metfone-071-7887257,Mobile,+8550717887257
Metfone-071-7887258,Mobile,+8550717887258
Metfone-071-7887259,Mobile,+8550717887259
Metfone-071-7887260,Mobile,+8550717887260
Metfone-071-7887261,Mobile,+8550717887261
Metfone-071-7887262,Mobile,+8550717887262
Metfone-071-7887263,Mobile,+8550717887263
Metfone-071-7887264,Mobile,+8550717887264
Metfone-071-7887265,Mobile,+8550717887265
Metfone-071-7887266,Mobile,+8550717887266
Metfone-071-7887267,Mobile,+8550717887267
Metfone-071-7887268,Mobile,+8550717887268
Metfone-071-7887269,Mobile,+8550717887269
Metfone-071-7887270,Mobile,+8550717887270
Metfone-071-7887271,Mobile,+8550717887271
Metfone-071-7887272,Mobile,+8550717887272
Metfone-071-7887273,Mobile,+8550717887273
Metfone-071-7887274,Mobile,+8550717887274
Metfone-071-7887275,Mobile,+8550717887275
Metfone-071-7887276,Mobile,+8550717887276
Metfone-071-7887277,Mobile,+8550717887277
Metfone-071-7887278,Mobile,+8550717887278
Metfone-071-7887279,Mobile,+8550717887279
Metfone-071-7887280,Mobile,+8550717887280
Metfone-071-7887281,Mobile,+8550717887281
Metfone-071-7887282,Mobile,+8550717887282
Metfone-071-7887283,Mobile,+8550717887283
Metfone-071-7887284,Mobile,+8550717887284
Metfone-071-7887285,Mobile,+8550717887285
Metfone-071-7887286,Mobile,+8550717887286
Metfone-071-7887287,Mobile,+8550717887287
Metfone-071-7887288,Mobile,+8550717887288
Metfone-071-7887289,Mobile,+8550717887289
Metfone-071-7887290,Mobile,+8550717887290
Metfone-071-7887291,Mobile,+8550717887291
Metfone-071-7887292,Mobile,+8550717887292
Metfone-071-7887293,Mobile,+8550717887293
Metfone-071-7887294,Mobile,+8550717887294
Metfone-071-7887295,Mobile,+8550717887295
Metfone-071-7887296,Mobile,+8550717887296
Metfone-071-7887297,Mobile,+8550717887297
Metfone-071-7887298,Mobile,+8550717887298
Metfone-071-7887299,Mobile,+8550717887299
Metfone-071-7887300,Mobile,+8550717887300
Metfone-071-7887301,Mobile,+8550717887301
Metfone-071-7887302,Mobile,+8550717887302
Metfone-071-7887303,Mobile,+8550717887303
Metfone-071-7887304,Mobile,+8550717887304
Metfone-071-7887305,Mobile,+8550717887305
Metfone-071-7887306,Mobile,+8550717887306
Metfone-071-7887307,Mobile,+8550717887307
Metfone-071-7887308,Mobile,+8550717887308
Metfone-071-7887309,Mobile,+8550717887309
Metfone-071-7887310,Mobile,+8550717887310
Metfone-071-7887311,Mobile,+8550717887311
Metfone-071-7887312,Mobile,+8550717887312
Metfone-071-7887313,Mobile,+8550717887313
Metfone-071-7887314,Mobile,+8550717887314
Metfone-071-7887315,Mobile,+8550717887315
Metfone-071-7887316,Mobile,+8550717887316
Metfone-071-7887317,Mobile,+8550717887317
Metfone-071-7887318,Mobile,+8550717887318
Metfone-071-7887319,Mobile,+8550717887319
Metfone-071-7887320,Mobile,+8550717887320
Metfone-071-7887321,Mobile,+8550717887321
Metfone-071-7887322,Mobile,+8550717887322
Metfone-071-7887323,Mobile,+8550717887323
Metfone-071-7887324,Mobile,+8550717887324
Metfone-071-7887325,Mobile,+8550717887325
Metfone-071-7887326,Mobile,+8550717887326
Metfone-071-7887327,Mobile,+8550717887327
Metfone-071-7887328,Mobile,+8550717887328
Metfone-071-7887329,Mobile,+8550717887329
Metfone-071-7887330,Mobile,+8550717887330
Metfone-071-7887331,Mobile,+8550717887331
Metfone-071-7887332,Mobile,+8550717887332
Metfone-071-7887333,Mobile,+8550717887333
Metfone-071-7887334,Mobile,+8550717887334
Metfone-071-7887335,Mobile,+8550717887335
Metfone-071-7887336,Mobile,+8550717887336
Metfone-071-7887337,Mobile,+8550717887337
Metfone-071-7887338,Mobile,+8550717887338
Metfone-071-7887339,Mobile,+8550717887339
Metfone-071-7887340,Mobile,+8550717887340
Metfone-071-7887341,Mobile,+8550717887341
Metfone-071-7887342,Mobile,+8550717887342
Metfone-071-7887343,Mobile,+8550717887343
Metfone-071-7887344,Mobile,+8550717887344
Metfone-071-7887345,Mobile,+8550717887345
Metfone-071-7887346,Mobile,+8550717887346
Metfone-071-7887347,Mobile,+8550717887347
Metfone-071-7887348,Mobile,+8550717887348
Metfone-071-7887349,Mobile,+8550717887349
Metfone-071-7887350,Mobile,+8550717887350
Metfone-071-7887351,Mobile,+8550717887351
Metfone-071-7887352,Mobile,+8550717887352
Metfone-071-7887353,Mobile,+8550717887353
Metfone-071-7887354,Mobile,+8550717887354
Metfone-071-7887355,Mobile,+8550717887355
Metfone-071-7887356,Mobile,+8550717887356
Metfone-071-7887357,Mobile,+8550717887357
Metfone-071-7887358,Mobile,+8550717887358
Metfone-071-7887359,Mobile,+8550717887359
Metfone-071-7887360,Mobile,+8550717887360
Metfone-071-7887361,Mobile,+8550717887361
Metfone-071-7887362,Mobile,+8550717887362
Metfone-071-7887363,Mobile,+8550717887363
Metfone-071-7887364,Mobile,+8550717887364
Metfone-071-7887365,Mobile,+8550717887365
Metfone-071-7887366,Mobile,+8550717887366
Metfone-071-7887367,Mobile,+8550717887367
Metfone-071-7887368,Mobile,+8550717887368
Metfone-071-7887369,Mobile,+8550717887369
Metfone-071-7887370,Mobile,+8550717887370
Metfone-071-7887371,Mobile,+8550717887371
Metfone-071-7887372,Mobile,+8550717887372
Metfone-071-7887373,Mobile,+8550717887373
Metfone-071-7887374,Mobile,+8550717887374
Metfone-071-7887375,Mobile,+8550717887375
Metfone-071-7887376,Mobile,+8550717887376
Metfone-071-7887377,Mobile,+8550717887377
Metfone-071-7887378,Mobile,+8550717887378
Metfone-071-7887379,Mobile,+8550717887379
Metfone-071-7887380,Mobile,+8550717887380
Metfone-071-7887381,Mobile,+8550717887381
Metfone-071-7887382,Mobile,+8550717887382
Metfone-071-7887383,Mobile,+8550717887383
Metfone-071-7887384,Mobile,+8550717887384
Metfone-071-7887385,Mobile,+8550717887385
Metfone-071-7887386,Mobile,+8550717887386
Metfone-071-7887387,Mobile,+8550717887387
Metfone-071-7887388,Mobile,+8550717887388
Metfone-071-7887389,Mobile,+8550717887389
Metfone-071-7887390,Mobile,+8550717887390
Metfone-071-7887391,Mobile,+8550717887391
Metfone-071-7887392,Mobile,+8550717887392
Metfone-071-7887393,Mobile,+8550717887393
Metfone-071-7887394,Mobile,+8550717887394
Metfone-071-7887395,Mobile,+8550717887395
Metfone-071-7887396,Mobile,+8550717887396
Metfone-071-7887397,Mobile,+8550717887397
Metfone-071-7887398,Mobile,+8550717887398
Metfone-071-7887399,Mobile,+8550717887399
Metfone-071-7887400,Mobile,+8550717887400
Metfone-071-7887401,Mobile,+8550717887401
Metfone-071-7887402,Mobile,+8550717887402
Metfone-071-7887403,Mobile,+8550717887403
Metfone-071-7887404,Mobile,+8550717887404
Metfone-071-7887405,Mobile,+8550717887405
Metfone-071-7887406,Mobile,+8550717887406
Metfone-071-7887407,Mobile,+8550717887407
Metfone-071-7887408,Mobile,+8550717887408
Metfone-071-7887409,Mobile,+8550717887409
Metfone-071-7887410,Mobile,+8550717887410
Metfone-071-7887411,Mobile,+8550717887411
Metfone-071-7887412,Mobile,+8550717887412
Metfone-071-7887413,Mobile,+8550717887413
Metfone-071-7887414,Mobile,+8550717887414
Metfone-071-7887415,Mobile,+8550717887415
Metfone-071-7887416,Mobile,+8550717887416
Metfone-071-7887417,Mobile,+8550717887417
Metfone-071-7887418,Mobile,+8550717887418
Metfone-071-7887419,Mobile,+8550717887419
Metfone-071-7887420,Mobile,+8550717887420
Metfone-071-7887421,Mobile,+8550717887421
Metfone-071-7887422,Mobile,+8550717887422
Metfone-071-7887423,Mobile,+8550717887423
Metfone-071-7887424,Mobile,+8550717887424
Metfone-071-7887425,Mobile,+8550717887425
Metfone-071-7887426,Mobile,+8550717887426
Metfone-071-7887427,Mobile,+8550717887427
Metfone-071-7887428,Mobile,+8550717887428
Metfone-071-7887429,Mobile,+8550717887429
Metfone-071-7887430,Mobile,+8550717887430
Metfone-071-7887431,Mobile,+8550717887431
Metfone-071-7887432,Mobile,+8550717887432
Metfone-071-7887433,Mobile,+8550717887433
Metfone-071-7887434,Mobile,+8550717887434
Metfone-071-7887435,Mobile,+8550717887435
Metfone-071-7887436,Mobile,+8550717887436
Metfone-071-7887437,Mobile,+8550717887437
Metfone-071-7887438,Mobile,+8550717887438
Metfone-071-7887439,Mobile,+8550717887439
Metfone-071-7887440,Mobile,+8550717887440
Metfone-071-7887441,Mobile,+8550717887441
Metfone-071-7887442,Mobile,+8550717887442
Metfone-071-7887443,Mobile,+8550717887443
Metfone-071-7887444,Mobile,+8550717887444
Metfone-071-7887445,Mobile,+8550717887445
Metfone-071-7887446,Mobile,+8550717887446
Metfone-071-7887447,Mobile,+8550717887447
Metfone-071-7887448,Mobile,+8550717887448
Metfone-071-7887449,Mobile,+8550717887449
Metfone-071-7887450,Mobile,+8550717887450
Metfone-071-7887451,Mobile,+8550717887451
Metfone-071-7887452,Mobile,+8550717887452
Metfone-071-7887453,Mobile,+8550717887453
Metfone-071-7887454,Mobile,+8550717887454
Metfone-071-7887455,Mobile,+8550717887455
Metfone-071-7887456,Mobile,+8550717887456
Metfone-071-7887457,Mobile,+8550717887457
Metfone-071-7887458,Mobile,+8550717887458
Metfone-071-7887459,Mobile,+8550717887459
Metfone-071-7887460,Mobile,+8550717887460
Metfone-071-7887461,Mobile,+8550717887461
Metfone-071-7887462,Mobile,+8550717887462
Metfone-071-7887463,Mobile,+8550717887463
Metfone-071-7887464,Mobile,+8550717887464
Metfone-071-7887465,Mobile,+8550717887465
Metfone-071-7887466,Mobile,+8550717887466
Metfone-071-7887467,Mobile,+8550717887467
Metfone-071-7887468,Mobile,+8550717887468
Metfone-071-7887469,Mobile,+8550717887469
Metfone-071-7887470,Mobile,+8550717887470
Metfone-071-7887471,Mobile,+8550717887471
Metfone-071-7887472,Mobile,+8550717887472
Metfone-071-7887473,Mobile,+8550717887473
Metfone-071-7887474,Mobile,+8550717887474
Metfone-071-7887475,Mobile,+8550717887475
Metfone-071-7887476,Mobile,+8550717887476
Metfone-071-7887477,Mobile,+8550717887477
Metfone-071-7887478,Mobile,+8550717887478
Metfone-071-7887479,Mobile,+8550717887479
Metfone-071-7887480,Mobile,+8550717887480
Metfone-071-7887481,Mobile,+8550717887481
Metfone-071-7887482,Mobile,+8550717887482
Metfone-071-7887483,Mobile,+8550717887483
Metfone-071-7887484,Mobile,+8550717887484
Metfone-071-7887485,Mobile,+8550717887485
Metfone-071-7887486,Mobile,+8550717887486
Metfone-071-7887487,Mobile,+8550717887487
Metfone-071-7887488,Mobile,+8550717887488
Metfone-071-7887489,Mobile,+8550717887489
Metfone-071-7887490,Mobile,+8550717887490
Metfone-071-7887491,Mobile,+8550717887491
Metfone-071-7887492,Mobile,+8550717887492
Metfone-071-7887493,Mobile,+8550717887493
Metfone-071-7887494,Mobile,+8550717887494
Metfone-071-7887495,Mobile,+8550717887495
Metfone-071-7887496,Mobile,+8550717887496
Metfone-071-7887497,Mobile,+8550717887497
Metfone-071-7887498,Mobile,+8550717887498
Metfone-071-7887499,Mobile,+8550717887499
Metfone-071-7887500,Mobile,+8550717887500
Metfone-071-7887501,Mobile,+8550717887501
Metfone-071-7887502,Mobile,+8550717887502
Metfone-071-7887503,Mobile,+8550717887503
Metfone-071-7887504,Mobile,+8550717887504
Metfone-071-7887505,Mobile,+8550717887505
Metfone-071-7887506,Mobile,+8550717887506
Metfone-071-7887507,Mobile,+8550717887507
Metfone-071-7887508,Mobile,+8550717887508
Metfone-071-7887509,Mobile,+8550717887509
Metfone-071-7887510,Mobile,+8550717887510
Metfone-071-7887511,Mobile,+8550717887511
Metfone-071-7887512,Mobile,+8550717887512
Metfone-071-7887513,Mobile,+8550717887513
Metfone-071-7887514,Mobile,+8550717887514
Metfone-071-7887515,Mobile,+8550717887515
Metfone-071-7887516,Mobile,+8550717887516
Metfone-071-7887517,Mobile,+8550717887517
Metfone-071-7887518,Mobile,+8550717887518
Metfone-071-7887519,Mobile,+8550717887519
Metfone-071-7887520,Mobile,+8550717887520
Metfone-071-7887521,Mobile,+8550717887521
Metfone-071-7887522,Mobile,+8550717887522
Metfone-071-7887523,Mobile,+8550717887523
Metfone-071-7887524,Mobile,+8550717887524
Metfone-071-7887525,Mobile,+8550717887525
Metfone-071-7887526,Mobile,+8550717887526
Metfone-071-7887527,Mobile,+8550717887527
Metfone-071-7887528,Mobile,+8550717887528
Metfone-071-7887529,Mobile,+8550717887529
Metfone-071-7887530,Mobile,+8550717887530
Metfone-071-7887531,Mobile,+8550717887531
Metfone-071-7887532,Mobile,+8550717887532
Metfone-071-7887533,Mobile,+8550717887533
Metfone-071-7887534,Mobile,+8550717887534
Metfone-071-7887535,Mobile,+8550717887535
Metfone-071-7887536,Mobile,+8550717887536
Metfone-071-7887537,Mobile,+8550717887537
Metfone-071-7887538,Mobile,+8550717887538
Metfone-071-7887539,Mobile,+8550717887539
Metfone-071-7887540,Mobile,+8550717887540
Metfone-071-7887541,Mobile,+8550717887541
Metfone-071-7887542,Mobile,+8550717887542
Metfone-071-7887543,Mobile,+8550717887543
Metfone-071-7887544,Mobile,+8550717887544
Metfone-071-7887545,Mobile,+8550717887545
Metfone-071-7887546,Mobile,+8550717887546
Metfone-071-7887547,Mobile,+8550717887547
Metfone-071-7887548,Mobile,+8550717887548
Metfone-071-7887549,Mobile,+8550717887549
Metfone-071-7887550,Mobile,+8550717887550
Metfone-071-7887551,Mobile,+8550717887551
Metfone-071-7887552,Mobile,+8550717887552
Metfone-071-7887553,Mobile,+8550717887553
Metfone-071-7887554,Mobile,+8550717887554
Metfone-071-7887555,Mobile,+8550717887555
Metfone-071-7887556,Mobile,+8550717887556
Metfone-071-7887557,Mobile,+8550717887557
Metfone-071-7887558,Mobile,+8550717887558
Metfone-071-7887559,Mobile,+8550717887559
Metfone-071-7887560,Mobile,+8550717887560
Metfone-071-7887561,Mobile,+8550717887561
Metfone-071-7887562,Mobile,+8550717887562
Metfone-071-7887563,Mobile,+8550717887563
Metfone-071-7887564,Mobile,+8550717887564
Metfone-071-7887565,Mobile,+8550717887565
Metfone-071-7887566,Mobile,+8550717887566
Metfone-071-7887567,Mobile,+8550717887567
Metfone-071-7887568,Mobile,+8550717887568
Metfone-071-7887569,Mobile,+8550717887569
Metfone-071-7887570,Mobile,+8550717887570
Metfone-071-7887571,Mobile,+8550717887571
Metfone-071-7887572,Mobile,+8550717887572
Metfone-071-7887573,Mobile,+8550717887573
Metfone-071-7887574,Mobile,+8550717887574
Metfone-071-7887575,Mobile,+8550717887575
Metfone-071-7887576,Mobile,+8550717887576
Metfone-071-7887577,Mobile,+8550717887577
Metfone-071-7887578,Mobile,+8550717887578
Metfone-071-7887579,Mobile,+8550717887579
Metfone-071-7887580,Mobile,+8550717887580
Metfone-071-7887581,Mobile,+8550717887581
Metfone-071-7887582,Mobile,+8550717887582
Metfone-071-7887583,Mobile,+8550717887583
Metfone-071-7887584,Mobile,+8550717887584
Metfone-071-7887585,Mobile,+8550717887585
Metfone-071-7887586,Mobile,+8550717887586
Metfone-071-7887587,Mobile,+8550717887587
Metfone-071-7887588,Mobile,+8550717887588
Metfone-071-7887589,Mobile,+8550717887589
Metfone-071-7887590,Mobile,+8550717887590
Metfone-071-7887591,Mobile,+8550717887591
Metfone-071-7887592,Mobile,+8550717887592
Metfone-071-7887593,Mobile,+8550717887593
Metfone-071-7887594,Mobile,+8550717887594
Metfone-071-7887595,Mobile,+8550717887595
Metfone-071-7887596,Mobile,+8550717887596
Metfone-071-7887597,Mobile,+8550717887597
Metfone-071-7887598,Mobile,+8550717887598
Metfone-071-7887599,Mobile,+8550717887599
Metfone-071-7887600,Mobile,+8550717887600
Metfone-071-7887601,Mobile,+8550717887601
Metfone-071-7887602,Mobile,+8550717887602
Metfone-071-7887603,Mobile,+8550717887603
Metfone-071-7887604,Mobile,+8550717887604
Metfone-071-7887605,Mobile,+8550717887605
Metfone-071-7887606,Mobile,+8550717887606
Metfone-071-7887607,Mobile,+8550717887607
Metfone-071-7887608,Mobile,+8550717887608
Metfone-071-7887609,Mobile,+8550717887609
Metfone-071-7887610,Mobile,+8550717887610
Metfone-071-7887611,Mobile,+8550717887611
Metfone-071-7887612,Mobile,+8550717887612
Metfone-071-7887613,Mobile,+8550717887613
Metfone-071-7887614,Mobile,+8550717887614
Metfone-071-7887615,Mobile,+8550717887615
Metfone-071-7887616,Mobile,+8550717887616
Metfone-071-7887617,Mobile,+8550717887617
Metfone-071-7887618,Mobile,+8550717887618
Metfone-071-7887619,Mobile,+8550717887619
Metfone-071-7887620,Mobile,+8550717887620
Metfone-071-7887621,Mobile,+8550717887621
Metfone-071-7887622,Mobile,+8550717887622
Metfone-071-7887623,Mobile,+8550717887623
Metfone-071-7887624,Mobile,+8550717887624
Metfone-071-7887625,Mobile,+8550717887625
Metfone-071-7887626,Mobile,+8550717887626
Metfone-071-7887627,Mobile,+8550717887627
Metfone-071-7887628,Mobile,+8550717887628
Metfone-071-7887629,Mobile,+8550717887629
Metfone-071-7887630,Mobile,+8550717887630
Metfone-071-7887631,Mobile,+8550717887631
Metfone-071-7887632,Mobile,+8550717887632
Metfone-071-7887633,Mobile,+8550717887633
Metfone-071-7887634,Mobile,+8550717887634
Metfone-071-7887635,Mobile,+8550717887635
Metfone-071-7887636,Mobile,+8550717887636
Metfone-071-7887637,Mobile,+8550717887637
Metfone-071-7887638,Mobile,+8550717887638
Metfone-071-7887639,Mobile,+8550717887639
Metfone-071-7887640,Mobile,+8550717887640
Metfone-071-7887641,Mobile,+8550717887641
Metfone-071-7887642,Mobile,+8550717887642
Metfone-071-7887643,Mobile,+8550717887643
Metfone-071-7887644,Mobile,+8550717887644
Metfone-071-7887645,Mobile,+8550717887645
Metfone-071-7887646,Mobile,+8550717887646
Metfone-071-7887647,Mobile,+8550717887647
Metfone-071-7887648,Mobile,+8550717887648
Metfone-071-7887649,Mobile,+8550717887649
Metfone-071-7887650,Mobile,+8550717887650
Metfone-071-7887651,Mobile,+8550717887651
Metfone-071-7887652,Mobile,+8550717887652
Metfone-071-7887653,Mobile,+8550717887653
Metfone-071-7887654,Mobile,+8550717887654
Metfone-071-7887655,Mobile,+8550717887655
Metfone-071-7887656,Mobile,+8550717887656
Metfone-071-7887657,Mobile,+8550717887657
Metfone-071-7887658,Mobile,+8550717887658
Metfone-071-7887659,Mobile,+8550717887659
Metfone-071-7887660,Mobile,+8550717887660
Metfone-071-7887661,Mobile,+8550717887661
Metfone-071-7887662,Mobile,+8550717887662
Metfone-071-7887663,Mobile,+8550717887663
Metfone-071-7887664,Mobile,+8550717887664
Metfone-071-7887665,Mobile,+8550717887665
Metfone-071-7887666,Mobile,+8550717887666
Metfone-071-7887667,Mobile,+8550717887667
Metfone-071-7887668,Mobile,+8550717887668
Metfone-071-7887669,Mobile,+8550717887669
Metfone-071-7887670,Mobile,+8550717887670
Metfone-071-7887671,Mobile,+8550717887671
Metfone-071-7887672,Mobile,+8550717887672
Metfone-071-7887673,Mobile,+8550717887673
Metfone-071-7887674,Mobile,+8550717887674
Metfone-071-7887675,Mobile,+8550717887675
Metfone-071-7887676,Mobile,+8550717887676
Metfone-071-7887677,Mobile,+8550717887677
Metfone-071-7887678,Mobile,+8550717887678
Metfone-071-7887679,Mobile,+8550717887679
Metfone-071-7887680,Mobile,+8550717887680
Metfone-071-7887681,Mobile,+8550717887681
Metfone-071-7887682,Mobile,+8550717887682
Metfone-071-7887683,Mobile,+8550717887683
Metfone-071-7887684,Mobile,+8550717887684
Metfone-071-7887685,Mobile,+8550717887685
Metfone-071-7887686,Mobile,+8550717887686
Metfone-071-7887687,Mobile,+8550717887687
Metfone-071-7887688,Mobile,+8550717887688
Metfone-071-7887689,Mobile,+8550717887689
Metfone-071-7887690,Mobile,+8550717887690
Metfone-071-7887691,Mobile,+8550717887691
Metfone-071-7887692,Mobile,+8550717887692
Metfone-071-7887693,Mobile,+8550717887693
Metfone-071-7887694,Mobile,+8550717887694
Metfone-071-7887695,Mobile,+8550717887695
Metfone-071-7887696,Mobile,+8550717887696
Metfone-071-7887697,Mobile,+8550717887697
Metfone-071-7887698,Mobile,+8550717887698
Metfone-071-7887699,Mobile,+8550717887699
Metfone-071-7887700,Mobile,+8550717887700
Metfone-071-7887701,Mobile,+8550717887701
Metfone-071-7887702,Mobile,+8550717887702
Metfone-071-7887703,Mobile,+8550717887703
Metfone-071-7887704,Mobile,+8550717887704
Metfone-071-7887705,Mobile,+8550717887705
Metfone-071-7887706,Mobile,+8550717887706
Metfone-071-7887707,Mobile,+8550717887707
Metfone-071-7887708,Mobile,+8550717887708
Metfone-071-7887709,Mobile,+8550717887709
Metfone-071-7887710,Mobile,+8550717887710
Metfone-071-7887711,Mobile,+8550717887711
Metfone-071-7887712,Mobile,+8550717887712
Metfone-071-7887713,Mobile,+8550717887713
Metfone-071-7887714,Mobile,+8550717887714
Metfone-071-7887715,Mobile,+8550717887715
Metfone-071-7887716,Mobile,+8550717887716
Metfone-071-7887717,Mobile,+8550717887717
Metfone-071-7887718,Mobile,+8550717887718
Metfone-071-7887719,Mobile,+8550717887719
Metfone-071-7887720,Mobile,+8550717887720
Metfone-071-7887721,Mobile,+8550717887721
Metfone-071-7887722,Mobile,+8550717887722
Metfone-071-7887723,Mobile,+8550717887723
Metfone-071-7887724,Mobile,+8550717887724
Metfone-071-7887725,Mobile,+8550717887725
Metfone-071-7887726,Mobile,+8550717887726
Metfone-071-7887727,Mobile,+8550717887727
Metfone-071-7887728,Mobile,+8550717887728
Metfone-071-7887729,Mobile,+8550717887729
Metfone-071-7887730,Mobile,+8550717887730
Metfone-071-7887731,Mobile,+8550717887731
Metfone-071-7887732,Mobile,+8550717887732
Metfone-071-7887733,Mobile,+8550717887733
Metfone-071-7887734,Mobile,+8550717887734
Metfone-071-7887735,Mobile,+8550717887735
Metfone-071-7887736,Mobile,+8550717887736
Metfone-071-7887737,Mobile,+8550717887737
Metfone-071-7887738,Mobile,+8550717887738
Metfone-071-7887739,Mobile,+8550717887739
Metfone-071-7887740,Mobile,+8550717887740
Metfone-071-7887741,Mobile,+8550717887741
Metfone-071-7887742,Mobile,+8550717887742
Metfone-071-7887743,Mobile,+8550717887743
Metfone-071-7887744,Mobile,+8550717887744
Metfone-071-7887745,Mobile,+8550717887745
Metfone-071-7887746,Mobile,+8550717887746
Metfone-071-7887747,Mobile,+8550717887747
Metfone-071-7887748,Mobile,+8550717887748
Metfone-071-7887749,Mobile,+8550717887749
Metfone-071-7887750,Mobile,+8550717887750
Metfone-071-7887751,Mobile,+8550717887751
Metfone-071-7887752,Mobile,+8550717887752
Metfone-071-7887753,Mobile,+8550717887753
Metfone-071-7887754,Mobile,+8550717887754
Metfone-071-7887755,Mobile,+8550717887755
Metfone-071-7887756,Mobile,+8550717887756
Metfone-071-7887757,Mobile,+8550717887757
Metfone-071-7887758,Mobile,+8550717887758
Metfone-071-7887759,Mobile,+8550717887759
Metfone-071-7887760,Mobile,+8550717887760
Metfone-071-7887761,Mobile,+8550717887761
Metfone-071-7887762,Mobile,+8550717887762
Metfone-071-7887763,Mobile,+8550717887763
Metfone-071-7887764,Mobile,+8550717887764
Metfone-071-7887765,Mobile,+8550717887765
Metfone-071-7887766,Mobile,+8550717887766
Metfone-071-7887767,Mobile,+8550717887767
Metfone-071-7887768,Mobile,+8550717887768
Metfone-071-7887769,Mobile,+8550717887769
Metfone-071-7887770,Mobile,+8550717887770
Metfone-071-7887771,Mobile,+8550717887771
Metfone-071-7887772,Mobile,+8550717887772
Metfone-071-7887773,Mobile,+8550717887773
Metfone-071-7887774,Mobile,+8550717887774
Metfone-071-7887775,Mobile,+8550717887775
Metfone-071-7887776,Mobile,+8550717887776
Metfone-071-7887777,Mobile,+8550717887777
Metfone-071-7887778,Mobile,+8550717887778
Metfone-071-7887779,Mobile,+8550717887779
Metfone-071-7887780,Mobile,+8550717887780
Metfone-071-7887781,Mobile,+8550717887781
Metfone-071-7887782,Mobile,+8550717887782
Metfone-071-7887783,Mobile,+8550717887783
Metfone-071-7887784,Mobile,+8550717887784
Metfone-071-7887785,Mobile,+8550717887785
Metfone-071-7887786,Mobile,+8550717887786
Metfone-071-7887787,Mobile,+8550717887787
Metfone-071-7887788,Mobile,+8550717887788
Metfone-071-7887789,Mobile,+8550717887789
Metfone-071-7887790,Mobile,+8550717887790
Metfone-071-7887791,Mobile,+8550717887791
Metfone-071-7887792,Mobile,+8550717887792
Metfone-071-7887793,Mobile,+8550717887793
Metfone-071-7887794,Mobile,+8550717887794
Metfone-071-7887795,Mobile,+8550717887795
Metfone-071-7887796,Mobile,+8550717887796
Metfone-071-7887797,Mobile,+8550717887797
Metfone-071-7887798,Mobile,+8550717887798
Metfone-071-7887799,Mobile,+8550717887799
Metfone-071-7887800,Mobile,+8550717887800
Metfone-071-7887801,Mobile,+8550717887801
Metfone-071-7887802,Mobile,+8550717887802
Metfone-071-7887803,Mobile,+8550717887803
Metfone-071-7887804,Mobile,+8550717887804
Metfone-071-7887805,Mobile,+8550717887805
Metfone-071-7887806,Mobile,+8550717887806
Metfone-071-7887807,Mobile,+8550717887807
Metfone-071-7887808,Mobile,+8550717887808
Metfone-071-7887809,Mobile,+8550717887809
Metfone-071-7887810,Mobile,+8550717887810
Metfone-071-7887811,Mobile,+8550717887811
Metfone-071-7887812,Mobile,+8550717887812
Metfone-071-7887813,Mobile,+8550717887813
Metfone-071-7887814,Mobile,+8550717887814
Metfone-071-7887815,Mobile,+8550717887815
Metfone-071-7887816,Mobile,+8550717887816
Metfone-071-7887817,Mobile,+8550717887817
Metfone-071-7887818,Mobile,+8550717887818
Metfone-071-7887819,Mobile,+8550717887819
Metfone-071-7887820,Mobile,+8550717887820
Metfone-071-7887821,Mobile,+8550717887821
Metfone-071-7887822,Mobile,+8550717887822
Metfone-071-7887823,Mobile,+8550717887823
Metfone-071-7887824,Mobile,+8550717887824
Metfone-071-7887825,Mobile,+8550717887825
Metfone-071-7887826,Mobile,+8550717887826
Metfone-071-7887827,Mobile,+8550717887827
Metfone-071-7887828,Mobile,+8550717887828
Metfone-071-7887829,Mobile,+8550717887829
Metfone-071-7887830,Mobile,+8550717887830
Metfone-071-7887831,Mobile,+8550717887831
Metfone-071-7887832,Mobile,+8550717887832
Metfone-071-7887833,Mobile,+8550717887833
Metfone-071-7887834,Mobile,+8550717887834
Metfone-071-7887835,Mobile,+8550717887835
Metfone-071-7887836,Mobile,+8550717887836
Metfone-071-7887837,Mobile,+8550717887837
Metfone-071-7887838,Mobile,+8550717887838
Metfone-071-7887839,Mobile,+8550717887839
Metfone-071-7887840,Mobile,+8550717887840
Metfone-071-7887841,Mobile,+8550717887841
Metfone-071-7887842,Mobile,+8550717887842
Metfone-071-7887843,Mobile,+8550717887843
Metfone-071-7887844,Mobile,+8550717887844
Metfone-071-7887845,Mobile,+8550717887845
Metfone-071-7887846,Mobile,+8550717887846
Metfone-071-7887847,Mobile,+8550717887847
Metfone-071-7887848,Mobile,+8550717887848
Metfone-071-7887849,Mobile,+8550717887849
Metfone-071-7887850,Mobile,+8550717887850
Metfone-071-7887851,Mobile,+8550717887851
Metfone-071-7887852,Mobile,+8550717887852
Metfone-071-7887853,Mobile,+8550717887853
Metfone-071-7887854,Mobile,+8550717887854
Metfone-071-7887855,Mobile,+8550717887855
Metfone-071-7887856,Mobile,+8550717887856
Metfone-071-7887857,Mobile,+8550717887857
Metfone-071-7887858,Mobile,+8550717887858
Metfone-071-7887859,Mobile,+8550717887859
Metfone-071-7887860,Mobile,+8550717887860
Metfone-071-7887861,Mobile,+8550717887861
Metfone-071-7887862,Mobile,+8550717887862
Metfone-071-7887863,Mobile,+8550717887863
Metfone-071-7887864,Mobile,+8550717887864
Metfone-071-7887865,Mobile,+8550717887865
Metfone-071-7887866,Mobile,+8550717887866
Metfone-071-7887867,Mobile,+8550717887867
Metfone-071-7887868,Mobile,+8550717887868
Metfone-071-7887869,Mobile,+8550717887869
Metfone-071-7887870,Mobile,+8550717887870
Metfone-071-7887871,Mobile,+8550717887871
Metfone-071-7887872,Mobile,+8550717887872
Metfone-071-7887873,Mobile,+8550717887873
Metfone-071-7887874,Mobile,+8550717887874
Metfone-071-7887875,Mobile,+8550717887875
Metfone-071-7887876,Mobile,+8550717887876
Metfone-071-7887877,Mobile,+8550717887877
Metfone-071-7887878,Mobile,+8550717887878
Metfone-071-7887879,Mobile,+8550717887879
Metfone-071-7887880,Mobile,+8550717887880
Metfone-071-7887881,Mobile,+8550717887881
Metfone-071-7887882,Mobile,+8550717887882
Metfone-071-7887883,Mobile,+8550717887883
Metfone-071-7887884,Mobile,+8550717887884
Metfone-071-7887885,Mobile,+8550717887885
Metfone-071-7887886,Mobile,+8550717887886
Metfone-071-7887887,Mobile,+8550717887887
Metfone-071-7887888,Mobile,+8550717887888
Metfone-071-7887889,Mobile,+8550717887889
Metfone-071-7887890,Mobile,+8550717887890
Metfone-071-7887891,Mobile,+8550717887891
Metfone-071-7887892,Mobile,+8550717887892
Metfone-071-7887893,Mobile,+8550717887893
Metfone-071-7887894,Mobile,+8550717887894
Metfone-071-7887895,Mobile,+8550717887895
Metfone-071-7887896,Mobile,+8550717887896
Metfone-071-7887897,Mobile,+8550717887897
Metfone-071-7887898,Mobile,+8550717887898
Metfone-071-7887899,Mobile,+8550717887899
Metfone-071-7887900,Mobile,+8550717887900
Metfone-071-7887901,Mobile,+8550717887901
Metfone-071-7887902,Mobile,+8550717887902
Metfone-071-7887903,Mobile,+8550717887903
Metfone-071-7887904,Mobile,+8550717887904
Metfone-071-7887905,Mobile,+8550717887905
Metfone-071-7887906,Mobile,+8550717887906
Metfone-071-7887907,Mobile,+8550717887907
Metfone-071-7887908,Mobile,+8550717887908
Metfone-071-7887909,Mobile,+8550717887909
Metfone-071-7887910,Mobile,+8550717887910
Metfone-071-7887911,Mobile,+8550717887911
Metfone-071-7887912,Mobile,+8550717887912
Metfone-071-7887913,Mobile,+8550717887913
Metfone-071-7887914,Mobile,+8550717887914
Metfone-071-7887915,Mobile,+8550717887915
Metfone-071-7887916,Mobile,+8550717887916
Metfone-071-7887917,Mobile,+8550717887917
Metfone-071-7887918,Mobile,+8550717887918
Metfone-071-7887919,Mobile,+8550717887919
Metfone-071-7887920,Mobile,+8550717887920
Metfone-071-7887921,Mobile,+8550717887921
Metfone-071-7887922,Mobile,+8550717887922
Metfone-071-7887923,Mobile,+8550717887923
Metfone-071-7887924,Mobile,+8550717887924
Metfone-071-7887925,Mobile,+8550717887925
Metfone-071-7887926,Mobile,+8550717887926
Metfone-071-7887927,Mobile,+8550717887927
Metfone-071-7887928,Mobile,+8550717887928
Metfone-071-7887929,Mobile,+8550717887929
Metfone-071-7887930,Mobile,+8550717887930
Metfone-071-7887931,Mobile,+8550717887931
Metfone-071-7887932,Mobile,+8550717887932
Metfone-071-7887933,Mobile,+8550717887933
Metfone-071-7887934,Mobile,+8550717887934
Metfone-071-7887935,Mobile,+8550717887935
Metfone-071-7887936,Mobile,+8550717887936
Metfone-071-7887937,Mobile,+8550717887937
Metfone-071-7887938,Mobile,+8550717887938
Metfone-071-7887939,Mobile,+8550717887939
Metfone-071-7887940,Mobile,+8550717887940
Metfone-071-7887941,Mobile,+8550717887941
Metfone-071-7887942,Mobile,+8550717887942
Metfone-071-7887943,Mobile,+8550717887943
Metfone-071-7887944,Mobile,+8550717887944
Metfone-071-7887945,Mobile,+8550717887945
Metfone-071-7887946,Mobile,+8550717887946
Metfone-071-7887947,Mobile,+8550717887947
Metfone-071-7887948,Mobile,+8550717887948
Metfone-071-7887949,Mobile,+8550717887949
Metfone-071-7887950,Mobile,+8550717887950
Metfone-071-7887951,Mobile,+8550717887951
Metfone-071-7887952,Mobile,+8550717887952
Metfone-071-7887953,Mobile,+8550717887953
Metfone-071-7887954,Mobile,+8550717887954
Metfone-071-7887955,Mobile,+8550717887955
Metfone-071-7887956,Mobile,+8550717887956
Metfone-071-7887957,Mobile,+8550717887957
Metfone-071-7887958,Mobile,+8550717887958
Metfone-071-7887959,Mobile,+8550717887959
Metfone-071-7887960,Mobile,+8550717887960
Metfone-071-7887961,Mobile,+8550717887961
Metfone-071-7887962,Mobile,+8550717887962
Metfone-071-7887963,Mobile,+8550717887963
Metfone-071-7887964,Mobile,+8550717887964
Metfone-071-7887965,Mobile,+8550717887965
Metfone-071-7887966,Mobile,+8550717887966
Metfone-071-7887967,Mobile,+8550717887967
Metfone-071-7887968,Mobile,+8550717887968
Metfone-071-7887969,Mobile,+8550717887969
Metfone-071-7887970,Mobile,+8550717887970
Metfone-071-7887971,Mobile,+8550717887971
Metfone-071-7887972,Mobile,+8550717887972
Metfone-071-7887973,Mobile,+8550717887973
Metfone-071-7887974,Mobile,+8550717887974
Metfone-071-7887975,Mobile,+8550717887975
Metfone-071-7887976,Mobile,+8550717887976
Metfone-071-7887977,Mobile,+8550717887977
Metfone-071-7887978,Mobile,+8550717887978
Metfone-071-7887979,Mobile,+8550717887979
Metfone-071-7887980,Mobile,+8550717887980
Metfone-071-7887981,Mobile,+8550717887981
Metfone-071-7887982,Mobile,+8550717887982
Metfone-071-7887983,Mobile,+8550717887983
Metfone-071-7887984,Mobile,+8550717887984
Metfone-071-7887985,Mobile,+8550717887985
Metfone-071-7887986,Mobile,+8550717887986
Metfone-071-7887987,Mobile,+8550717887987
Metfone-071-7887988,Mobile,+8550717887988
Metfone-071-7887989,Mobile,+8550717887989
Metfone-071-7887990,Mobile,+8550717887990
Metfone-071-7887991,Mobile,+8550717887991
Metfone-071-7887992,Mobile,+8550717887992
Metfone-071-7887993,Mobile,+8550717887993
Metfone-071-7887994,Mobile,+8550717887994
Metfone-071-7887995,Mobile,+8550717887995
Metfone-071-7887996,Mobile,+8550717887996
Metfone-071-7887997,Mobile,+8550717887997
Metfone-071-7887998,Mobile,+8550717887998
Metfone-071-7887999,Mobile,+8550717887999
Metfone-071-7888000,Mobile,+8550717888000
Metfone-071-7888001,Mobile,+8550717888001
Metfone-071-7888002,Mobile,+8550717888002
Metfone-071-7888003,Mobile,+8550717888003
Metfone-071-7888004,Mobile,+8550717888004
Metfone-071-7888005,Mobile,+8550717888005
Metfone-071-7888006,Mobile,+8550717888006
Metfone-071-7888007,Mobile,+8550717888007
Metfone-071-7888008,Mobile,+8550717888008
Metfone-071-7888009,Mobile,+8550717888009
Metfone-071-7888010,Mobile,+8550717888010
Metfone-071-7888011,Mobile,+8550717888011
Metfone-071-7888012,Mobile,+8550717888012
Metfone-071-7888013,Mobile,+8550717888013
Metfone-071-7888014,Mobile,+8550717888014
Metfone-071-7888015,Mobile,+8550717888015
Metfone-071-7888016,Mobile,+8550717888016
Metfone-071-7888017,Mobile,+8550717888017
Metfone-071-7888018,Mobile,+8550717888018
Metfone-071-7888019,Mobile,+8550717888019
Metfone-071-7888020,Mobile,+8550717888020
Metfone-071-7888021,Mobile,+8550717888021
Metfone-071-7888022,Mobile,+8550717888022
Metfone-071-7888023,Mobile,+8550717888023
Metfone-071-7888024,Mobile,+8550717888024
Metfone-071-7888025,Mobile,+8550717888025
Metfone-071-7888026,Mobile,+8550717888026
Metfone-071-7888027,Mobile,+8550717888027
Metfone-071-7888028,Mobile,+8550717888028
Metfone-071-7888029,Mobile,+8550717888029
Metfone-071-7888030,Mobile,+8550717888030
Metfone-071-7888031,Mobile,+8550717888031
Metfone-071-7888032,Mobile,+8550717888032
Metfone-071-7888033,Mobile,+8550717888033
Metfone-071-7888034,Mobile,+8550717888034
Metfone-071-7888035,Mobile,+8550717888035
Metfone-071-7888036,Mobile,+8550717888036
Metfone-071-7888037,Mobile,+8550717888037
Metfone-071-7888038,Mobile,+8550717888038
Metfone-071-7888039,Mobile,+8550717888039
Metfone-071-7888040,Mobile,+8550717888040
Metfone-071-7888041,Mobile,+8550717888041
Metfone-071-7888042,Mobile,+8550717888042
Metfone-071-7888043,Mobile,+8550717888043
Metfone-071-7888044,Mobile,+8550717888044
Metfone-071-7888045,Mobile,+8550717888045
Metfone-071-7888046,Mobile,+8550717888046
Metfone-071-7888047,Mobile,+8550717888047
Metfone-071-7888048,Mobile,+8550717888048
Metfone-071-7888049,Mobile,+8550717888049
Metfone-071-7888050,Mobile,+8550717888050
Metfone-071-7888051,Mobile,+8550717888051
Metfone-071-7888052,Mobile,+8550717888052
Metfone-071-7888053,Mobile,+8550717888053
Metfone-071-7888054,Mobile,+8550717888054
Metfone-071-7888055,Mobile,+8550717888055
Metfone-071-7888056,Mobile,+8550717888056
Metfone-071-7888057,Mobile,+8550717888057
Metfone-071-7888058,Mobile,+8550717888058
Metfone-071-7888059,Mobile,+8550717888059
Metfone-071-7888060,Mobile,+8550717888060
Metfone-071-7888061,Mobile,+8550717888061
Metfone-071-7888062,Mobile,+8550717888062
Metfone-071-7888063,Mobile,+8550717888063
Metfone-071-7888064,Mobile,+8550717888064
Metfone-071-7888065,Mobile,+8550717888065
Metfone-071-7888066,Mobile,+8550717888066
Metfone-071-7888067,Mobile,+8550717888067
Metfone-071-7888068,Mobile,+8550717888068
Metfone-071-7888069,Mobile,+8550717888069
Metfone-071-7888070,Mobile,+8550717888070
Metfone-071-7888071,Mobile,+8550717888071
Metfone-071-7888072,Mobile,+8550717888072
Metfone-071-7888073,Mobile,+8550717888073
Metfone-071-7888074,Mobile,+8550717888074
Metfone-071-7888075,Mobile,+8550717888075
Metfone-071-7888076,Mobile,+8550717888076
Metfone-071-7888077,Mobile,+8550717888077
Metfone-071-7888078,Mobile,+8550717888078
Metfone-071-7888079,Mobile,+8550717888079
Metfone-071-7888080,Mobile,+8550717888080
Metfone-071-7888081,Mobile,+8550717888081
Metfone-071-7888082,Mobile,+8550717888082
Metfone-071-7888083,Mobile,+8550717888083
Metfone-071-7888084,Mobile,+8550717888084
Metfone-071-7888085,Mobile,+8550717888085
Metfone-071-7888086,Mobile,+8550717888086
Metfone-071-7888087,Mobile,+8550717888087
Metfone-071-7888088,Mobile,+8550717888088
Metfone-071-7888089,Mobile,+8550717888089
Metfone-071-7888090,Mobile,+8550717888090
Metfone-071-7888091,Mobile,+8550717888091
Metfone-071-7888092,Mobile,+8550717888092
Metfone-071-7888093,Mobile,+8550717888093
Metfone-071-7888094,Mobile,+8550717888094
Metfone-071-7888095,Mobile,+8550717888095
Metfone-071-7888096,Mobile,+8550717888096
Metfone-071-7888097,Mobile,+8550717888097
Metfone-071-7888098,Mobile,+8550717888098
Metfone-071-7888099,Mobile,+8550717888099
Metfone-071-7888100,Mobile,+8550717888100
Metfone-071-7888101,Mobile,+8550717888101
Metfone-071-7888102,Mobile,+8550717888102
Metfone-071-7888103,Mobile,+8550717888103
Metfone-071-7888104,Mobile,+8550717888104
Metfone-071-7888105,Mobile,+8550717888105
Metfone-071-7888106,Mobile,+8550717888106
Metfone-071-7888107,Mobile,+8550717888107
Metfone-071-7888108,Mobile,+8550717888108
Metfone-071-7888109,Mobile,+8550717888109
Metfone-071-7888110,Mobile,+8550717888110
Metfone-071-7888111,Mobile,+8550717888111
Metfone-071-7888112,Mobile,+8550717888112
Metfone-071-7888113,Mobile,+8550717888113
Metfone-071-7888114,Mobile,+8550717888114
Metfone-071-7888115,Mobile,+8550717888115
Metfone-071-7888116,Mobile,+8550717888116
Metfone-071-7888117,Mobile,+8550717888117
Metfone-071-7888118,Mobile,+8550717888118
Metfone-071-7888119,Mobile,+8550717888119
Metfone-071-7888120,Mobile,+8550717888120
Metfone-071-7888121,Mobile,+8550717888121
Metfone-071-7888122,Mobile,+8550717888122
Metfone-071-7888123,Mobile,+8550717888123
Metfone-071-7888124,Mobile,+8550717888124
Metfone-071-7888125,Mobile,+8550717888125
Metfone-071-7888126,Mobile,+8550717888126
Metfone-071-7888127,Mobile,+8550717888127
Metfone-071-7888128,Mobile,+8550717888128
Metfone-071-7888129,Mobile,+8550717888129
Metfone-071-7888130,Mobile,+8550717888130
Metfone-071-7888131,Mobile,+8550717888131
Metfone-071-7888132,Mobile,+8550717888132
Metfone-071-7888133,Mobile,+8550717888133
Metfone-071-7888134,Mobile,+8550717888134
Metfone-071-7888135,Mobile,+8550717888135
Metfone-071-7888136,Mobile,+8550717888136
Metfone-071-7888137,Mobile,+8550717888137
Metfone-071-7888138,Mobile,+8550717888138
Metfone-071-7888139,Mobile,+8550717888139
Metfone-071-7888140,Mobile,+8550717888140
Metfone-071-7888141,Mobile,+8550717888141
Metfone-071-7888142,Mobile,+8550717888142
Metfone-071-7888143,Mobile,+8550717888143
Metfone-071-7888144,Mobile,+8550717888144
Metfone-071-7888145,Mobile,+8550717888145
Metfone-071-7888146,Mobile,+8550717888146
Metfone-071-7888147,Mobile,+8550717888147
Metfone-071-7888148,Mobile,+8550717888148
Metfone-071-7888149,Mobile,+8550717888149
Metfone-071-7888150,Mobile,+8550717888150
Metfone-071-7888151,Mobile,+8550717888151
Metfone-071-7888152,Mobile,+8550717888152
Metfone-071-7888153,Mobile,+8550717888153
Metfone-071-7888154,Mobile,+8550717888154
Metfone-071-7888155,Mobile,+8550717888155
Metfone-071-7888156,Mobile,+8550717888156
Metfone-071-7888157,Mobile,+8550717888157
Metfone-071-7888158,Mobile,+8550717888158
Metfone-071-7888159,Mobile,+8550717888159
Metfone-071-7888160,Mobile,+8550717888160
Metfone-071-7888161,Mobile,+8550717888161
Metfone-071-7888162,Mobile,+8550717888162
Metfone-071-7888163,Mobile,+8550717888163
Metfone-071-7888164,Mobile,+8550717888164
Metfone-071-7888165,Mobile,+8550717888165
Metfone-071-7888166,Mobile,+8550717888166
Metfone-071-7888167,Mobile,+8550717888167
Metfone-071-7888168,Mobile,+8550717888168
Metfone-071-7888169,Mobile,+8550717888169
Metfone-071-7888170,Mobile,+8550717888170
Metfone-071-7888171,Mobile,+8550717888171
Metfone-071-7888172,Mobile,+8550717888172
Metfone-071-7888173,Mobile,+8550717888173
Metfone-071-7888174,Mobile,+8550717888174
Metfone-071-7888175,Mobile,+8550717888175
Metfone-071-7888176,Mobile,+8550717888176
Metfone-071-7888177,Mobile,+8550717888177
Metfone-071-7888178,Mobile,+8550717888178
Metfone-071-7888179,Mobile,+8550717888179
Metfone-071-7888180,Mobile,+8550717888180
Metfone-071-7888181,Mobile,+8550717888181
Metfone-071-7888182,Mobile,+8550717888182
Metfone-071-7888183,Mobile,+8550717888183
Metfone-071-7888184,Mobile,+8550717888184
Metfone-071-7888185,Mobile,+8550717888185
Metfone-071-7888186,Mobile,+8550717888186
Metfone-071-7888187,Mobile,+8550717888187
Metfone-071-7888188,Mobile,+8550717888188
Metfone-071-7888189,Mobile,+8550717888189
Metfone-071-7888190,Mobile,+8550717888190
Metfone-071-7888191,Mobile,+8550717888191
Metfone-071-7888192,Mobile,+8550717888192
Metfone-071-7888193,Mobile,+8550717888193
Metfone-071-7888194,Mobile,+8550717888194
Metfone-071-7888195,Mobile,+8550717888195
Metfone-071-7888196,Mobile,+8550717888196
Metfone-071-7888197,Mobile,+8550717888197
Metfone-071-7888198,Mobile,+8550717888198
Metfone-071-7888199,Mobile,+8550717888199
Metfone-071-7888200,Mobile,+8550717888200
Metfone-071-7888201,Mobile,+8550717888201
Metfone-071-7888202,Mobile,+8550717888202
Metfone-071-7888203,Mobile,+8550717888203
Metfone-071-7888204,Mobile,+8550717888204
Metfone-071-7888205,Mobile,+8550717888205
Metfone-071-7888206,Mobile,+8550717888206
Metfone-071-7888207,Mobile,+8550717888207
Metfone-071-7888208,Mobile,+8550717888208
Metfone-071-7888209,Mobile,+8550717888209
Metfone-071-7888210,Mobile,+8550717888210
Metfone-071-7888211,Mobile,+8550717888211
Metfone-071-7888212,Mobile,+8550717888212
Metfone-071-7888213,Mobile,+8550717888213
Metfone-071-7888214,Mobile,+8550717888214
Metfone-071-7888215,Mobile,+8550717888215
Metfone-071-7888216,Mobile,+8550717888216
Metfone-071-7888217,Mobile,+8550717888217
Metfone-071-7888218,Mobile,+8550717888218
Metfone-071-7888219,Mobile,+8550717888219
Metfone-071-7888220,Mobile,+8550717888220
Metfone-071-7888221,Mobile,+8550717888221
Metfone-071-7888222,Mobile,+8550717888222
Metfone-071-7888223,Mobile,+8550717888223
Metfone-071-7888224,Mobile,+8550717888224
Metfone-071-7888225,Mobile,+8550717888225
Metfone-071-7888226,Mobile,+8550717888226
Metfone-071-7888227,Mobile,+8550717888227
Metfone-071-7888228,Mobile,+8550717888228
Metfone-071-7888229,Mobile,+8550717888229
Metfone-071-7888230,Mobile,+8550717888230
Metfone-071-7888231,Mobile,+8550717888231
Metfone-071-7888232,Mobile,+8550717888232
Metfone-071-7888233,Mobile,+8550717888233
Metfone-071-7888234,Mobile,+8550717888234
Metfone-071-7888235,Mobile,+8550717888235
Metfone-071-7888236,Mobile,+8550717888236
Metfone-071-7888237,Mobile,+8550717888237
Metfone-071-7888238,Mobile,+8550717888238
Metfone-071-7888239,Mobile,+8550717888239
Metfone-071-7888240,Mobile,+8550717888240
Metfone-071-7888241,Mobile,+8550717888241
Metfone-071-7888242,Mobile,+8550717888242
Metfone-071-7888243,Mobile,+8550717888243
Metfone-071-7888244,Mobile,+8550717888244
Metfone-071-7888245,Mobile,+8550717888245
Metfone-071-7888246,Mobile,+8550717888246
Metfone-071-7888247,Mobile,+8550717888247
Metfone-071-7888248,Mobile,+8550717888248
Metfone-071-7888249,Mobile,+8550717888249
Metfone-071-7888250,Mobile,+8550717888250
Metfone-071-7888251,Mobile,+8550717888251
Metfone-071-7888252,Mobile,+8550717888252
Metfone-071-7888253,Mobile,+8550717888253
Metfone-071-7888254,Mobile,+8550717888254
Metfone-071-7888255,Mobile,+8550717888255
Metfone-071-7888256,Mobile,+8550717888256
Metfone-071-7888257,Mobile,+8550717888257
Metfone-071-7888258,Mobile,+8550717888258
Metfone-071-7888259,Mobile,+8550717888259
Metfone-071-7888260,Mobile,+8550717888260
Metfone-071-7888261,Mobile,+8550717888261
Metfone-071-7888262,Mobile,+8550717888262
Metfone-071-7888263,Mobile,+8550717888263
Metfone-071-7888264,Mobile,+8550717888264
Metfone-071-7888265,Mobile,+8550717888265
Metfone-071-7888266,Mobile,+8550717888266
Metfone-071-7888267,Mobile,+8550717888267
Metfone-071-7888268,Mobile,+8550717888268
Metfone-071-7888269,Mobile,+8550717888269
Metfone-071-7888270,Mobile,+8550717888270
Metfone-071-7888271,Mobile,+8550717888271
Metfone-071-7888272,Mobile,+8550717888272
Metfone-071-7888273,Mobile,+8550717888273
Metfone-071-7888274,Mobile,+8550717888274
Metfone-071-7888275,Mobile,+8550717888275
Metfone-071-7888276,Mobile,+8550717888276
Metfone-071-7888277,Mobile,+8550717888277
Metfone-071-7888278,Mobile,+8550717888278
Metfone-071-7888279,Mobile,+8550717888279
Metfone-071-7888280,Mobile,+8550717888280
Metfone-071-7888281,Mobile,+8550717888281
Metfone-071-7888282,Mobile,+8550717888282
Metfone-071-7888283,Mobile,+8550717888283
Metfone-071-7888284,Mobile,+8550717888284
Metfone-071-7888285,Mobile,+8550717888285
Metfone-071-7888286,Mobile,+8550717888286
Metfone-071-7888287,Mobile,+8550717888287
Metfone-071-7888288,Mobile,+8550717888288
Metfone-071-7888289,Mobile,+8550717888289
Metfone-071-7888290,Mobile,+8550717888290
Metfone-071-7888291,Mobile,+8550717888291
Metfone-071-7888292,Mobile,+8550717888292
Metfone-071-7888293,Mobile,+8550717888293
Metfone-071-7888294,Mobile,+8550717888294
Metfone-071-7888295,Mobile,+8550717888295
Metfone-071-7888296,Mobile,+8550717888296
Metfone-071-7888297,Mobile,+8550717888297
Metfone-071-7888298,Mobile,+8550717888298
Metfone-071-7888299,Mobile,+8550717888299
Metfone-071-7888300,Mobile,+8550717888300
Metfone-071-7888301,Mobile,+8550717888301
Metfone-071-7888302,Mobile,+8550717888302
Metfone-071-7888303,Mobile,+8550717888303
Metfone-071-7888304,Mobile,+8550717888304
Metfone-071-7888305,Mobile,+8550717888305
Metfone-071-7888306,Mobile,+8550717888306
Metfone-071-7888307,Mobile,+8550717888307
Metfone-071-7888308,Mobile,+8550717888308
Metfone-071-7888309,Mobile,+8550717888309
Metfone-071-7888310,Mobile,+8550717888310
Metfone-071-7888311,Mobile,+8550717888311
Metfone-071-7888312,Mobile,+8550717888312
Metfone-071-7888313,Mobile,+8550717888313
Metfone-071-7888314,Mobile,+8550717888314
Metfone-071-7888315,Mobile,+8550717888315
Metfone-071-7888316,Mobile,+8550717888316
Metfone-071-7888317,Mobile,+8550717888317
Metfone-071-7888318,Mobile,+8550717888318
Metfone-071-7888319,Mobile,+8550717888319
Metfone-071-7888320,Mobile,+8550717888320
Metfone-071-7888321,Mobile,+8550717888321
Metfone-071-7888322,Mobile,+8550717888322
Metfone-071-7888323,Mobile,+8550717888323
Metfone-071-7888324,Mobile,+8550717888324
Metfone-071-7888325,Mobile,+8550717888325
Metfone-071-7888326,Mobile,+8550717888326
Metfone-071-7888327,Mobile,+8550717888327
Metfone-071-7888328,Mobile,+8550717888328
Metfone-071-7888329,Mobile,+8550717888329
Metfone-071-7888330,Mobile,+8550717888330
Metfone-071-7888331,Mobile,+8550717888331
Metfone-071-7888332,Mobile,+8550717888332
Metfone-071-7888333,Mobile,+8550717888333
Metfone-071-7888334,Mobile,+8550717888334
Metfone-071-7888335,Mobile,+8550717888335
Metfone-071-7888336,Mobile,+8550717888336
Metfone-071-7888337,Mobile,+8550717888337
Metfone-071-7888338,Mobile,+8550717888338
Metfone-071-7888339,Mobile,+8550717888339
Metfone-071-7888340,Mobile,+8550717888340
Metfone-071-7888341,Mobile,+8550717888341
Metfone-071-7888342,Mobile,+8550717888342
Metfone-071-7888343,Mobile,+8550717888343
Metfone-071-7888344,Mobile,+8550717888344
Metfone-071-7888345,Mobile,+8550717888345
Metfone-071-7888346,Mobile,+8550717888346
Metfone-071-7888347,Mobile,+8550717888347
Metfone-071-7888348,Mobile,+8550717888348
Metfone-071-7888349,Mobile,+8550717888349
Metfone-071-7888350,Mobile,+8550717888350
Metfone-071-7888351,Mobile,+8550717888351
Metfone-071-7888352,Mobile,+8550717888352
Metfone-071-7888353,Mobile,+8550717888353
Metfone-071-7888354,Mobile,+8550717888354
Metfone-071-7888355,Mobile,+8550717888355
Metfone-071-7888356,Mobile,+8550717888356
Metfone-071-7888357,Mobile,+8550717888357
Metfone-071-7888358,Mobile,+8550717888358
Metfone-071-7888359,Mobile,+8550717888359
Metfone-071-7888360,Mobile,+8550717888360
Metfone-071-7888361,Mobile,+8550717888361
Metfone-071-7888362,Mobile,+8550717888362
Metfone-071-7888363,Mobile,+8550717888363
Metfone-071-7888364,Mobile,+8550717888364
Metfone-071-7888365,Mobile,+8550717888365
Metfone-071-7888366,Mobile,+8550717888366
Metfone-071-7888367,Mobile,+8550717888367
Metfone-071-7888368,Mobile,+8550717888368
Metfone-071-7888369,Mobile,+8550717888369
Metfone-071-7888370,Mobile,+8550717888370
Metfone-071-7888371,Mobile,+8550717888371
Metfone-071-7888372,Mobile,+8550717888372
Metfone-071-7888373,Mobile,+8550717888373
Metfone-071-7888374,Mobile,+8550717888374
Metfone-071-7888375,Mobile,+8550717888375
Metfone-071-7888376,Mobile,+8550717888376
Metfone-071-7888377,Mobile,+8550717888377
Metfone-071-7888378,Mobile,+8550717888378
Metfone-071-7888379,Mobile,+8550717888379
Metfone-071-7888380,Mobile,+8550717888380
Metfone-071-7888381,Mobile,+8550717888381
Metfone-071-7888382,Mobile,+8550717888382
Metfone-071-7888383,Mobile,+8550717888383
Metfone-071-7888384,Mobile,+8550717888384
Metfone-071-7888385,Mobile,+8550717888385
Metfone-071-7888386,Mobile,+8550717888386
Metfone-071-7888387,Mobile,+8550717888387
Metfone-071-7888388,Mobile,+8550717888388
Metfone-071-7888389,Mobile,+8550717888389
Metfone-071-7888390,Mobile,+8550717888390
Metfone-071-7888391,Mobile,+8550717888391
Metfone-071-7888392,Mobile,+8550717888392
Metfone-071-7888393,Mobile,+8550717888393
Metfone-071-7888394,Mobile,+8550717888394
Metfone-071-7888395,Mobile,+8550717888395
Metfone-071-7888396,Mobile,+8550717888396
Metfone-071-7888397,Mobile,+8550717888397
Metfone-071-7888398,Mobile,+8550717888398
Metfone-071-7888399,Mobile,+8550717888399
Metfone-071-7888400,Mobile,+8550717888400
Metfone-071-7888401,Mobile,+8550717888401
Metfone-071-7888402,Mobile,+8550717888402
Metfone-071-7888403,Mobile,+8550717888403
Metfone-071-7888404,Mobile,+8550717888404
Metfone-071-7888405,Mobile,+8550717888405
Metfone-071-7888406,Mobile,+8550717888406
Metfone-071-7888407,Mobile,+8550717888407
Metfone-071-7888408,Mobile,+8550717888408
Metfone-071-7888409,Mobile,+8550717888409
Metfone-071-7888410,Mobile,+8550717888410
Metfone-071-7888411,Mobile,+8550717888411
Metfone-071-7888412,Mobile,+8550717888412
Metfone-071-7888413,Mobile,+8550717888413
Metfone-071-7888414,Mobile,+8550717888414
Metfone-071-7888415,Mobile,+8550717888415
Metfone-071-7888416,Mobile,+8550717888416
Metfone-071-7888417,Mobile,+8550717888417
Metfone-071-7888418,Mobile,+8550717888418
Metfone-071-7888419,Mobile,+8550717888419
Metfone-071-7888420,Mobile,+8550717888420
Metfone-071-7888421,Mobile,+8550717888421
Metfone-071-7888422,Mobile,+8550717888422
Metfone-071-7888423,Mobile,+8550717888423
Metfone-071-7888424,Mobile,+8550717888424
Metfone-071-7888425,Mobile,+8550717888425
Metfone-071-7888426,Mobile,+8550717888426
Metfone-071-7888427,Mobile,+8550717888427
Metfone-071-7888428,Mobile,+8550717888428
Metfone-071-7888429,Mobile,+8550717888429
Metfone-071-7888430,Mobile,+8550717888430
Metfone-071-7888431,Mobile,+8550717888431
Metfone-071-7888432,Mobile,+8550717888432
Metfone-071-7888433,Mobile,+8550717888433
Metfone-071-7888434,Mobile,+8550717888434
Metfone-071-7888435,Mobile,+8550717888435
Metfone-071-7888436,Mobile,+8550717888436
Metfone-071-7888437,Mobile,+8550717888437
Metfone-071-7888438,Mobile,+8550717888438
Metfone-071-7888439,Mobile,+8550717888439
Metfone-071-7888440,Mobile,+8550717888440
Metfone-071-7888441,Mobile,+8550717888441
Metfone-071-7888442,Mobile,+8550717888442
Metfone-071-7888443,Mobile,+8550717888443
Metfone-071-7888444,Mobile,+8550717888444
Metfone-071-7888445,Mobile,+8550717888445
Metfone-071-7888446,Mobile,+8550717888446
Metfone-071-7888447,Mobile,+8550717888447
Metfone-071-7888448,Mobile,+8550717888448
Metfone-071-7888449,Mobile,+8550717888449
Metfone-071-7888450,Mobile,+8550717888450
Metfone-071-7888451,Mobile,+8550717888451
Metfone-071-7888452,Mobile,+8550717888452
Metfone-071-7888453,Mobile,+8550717888453
Metfone-071-7888454,Mobile,+8550717888454
Metfone-071-7888455,Mobile,+8550717888455
Metfone-071-7888456,Mobile,+8550717888456
Metfone-071-7888457,Mobile,+8550717888457
Metfone-071-7888458,Mobile,+8550717888458
Metfone-071-7888459,Mobile,+8550717888459
Metfone-071-7888460,Mobile,+8550717888460
Metfone-071-7888461,Mobile,+8550717888461
Metfone-071-7888462,Mobile,+8550717888462
Metfone-071-7888463,Mobile,+8550717888463
Metfone-071-7888464,Mobile,+8550717888464
Metfone-071-7888465,Mobile,+8550717888465
Metfone-071-7888466,Mobile,+8550717888466
Metfone-071-7888467,Mobile,+8550717888467
Metfone-071-7888468,Mobile,+8550717888468
Metfone-071-7888469,Mobile,+8550717888469
Metfone-071-7888470,Mobile,+8550717888470
Metfone-071-7888471,Mobile,+8550717888471
Metfone-071-7888472,Mobile,+8550717888472
Metfone-071-7888473,Mobile,+8550717888473
Metfone-071-7888474,Mobile,+8550717888474
Metfone-071-7888475,Mobile,+8550717888475
Metfone-071-7888476,Mobile,+8550717888476
Metfone-071-7888477,Mobile,+8550717888477
Metfone-071-7888478,Mobile,+8550717888478
Metfone-071-7888479,Mobile,+8550717888479
Metfone-071-7888480,Mobile,+8550717888480
Metfone-071-7888481,Mobile,+8550717888481
Metfone-071-7888482,Mobile,+8550717888482
Metfone-071-7888483,Mobile,+8550717888483
Metfone-071-7888484,Mobile,+8550717888484
Metfone-071-7888485,Mobile,+8550717888485
Metfone-071-7888486,Mobile,+8550717888486
Metfone-071-7888487,Mobile,+8550717888487
Metfone-071-7888488,Mobile,+8550717888488
Metfone-071-7888489,Mobile,+8550717888489
Metfone-071-7888490,Mobile,+8550717888490
Metfone-071-7888491,Mobile,+8550717888491
Metfone-071-7888492,Mobile,+8550717888492
Metfone-071-7888493,Mobile,+8550717888493
Metfone-071-7888494,Mobile,+8550717888494
Metfone-071-7888495,Mobile,+8550717888495
Metfone-071-7888496,Mobile,+8550717888496
Metfone-071-7888497,Mobile,+8550717888497
Metfone-071-7888498,Mobile,+8550717888498
Metfone-071-7888499,Mobile,+8550717888499
Metfone-071-7888500,Mobile,+8550717888500
Metfone-071-7888501,Mobile,+8550717888501
Metfone-071-7888502,Mobile,+8550717888502
Metfone-071-7888503,Mobile,+8550717888503
Metfone-071-7888504,Mobile,+8550717888504
Metfone-071-7888505,Mobile,+8550717888505
Metfone-071-7888506,Mobile,+8550717888506
Metfone-071-7888507,Mobile,+8550717888507
Metfone-071-7888508,Mobile,+8550717888508
Metfone-071-7888509,Mobile,+8550717888509
Metfone-071-7888510,Mobile,+8550717888510
Metfone-071-7888511,Mobile,+8550717888511
Metfone-071-7888512,Mobile,+8550717888512
Metfone-071-7888513,Mobile,+8550717888513
Metfone-071-7888514,Mobile,+8550717888514
Metfone-071-7888515,Mobile,+8550717888515
Metfone-071-7888516,Mobile,+8550717888516
Metfone-071-7888517,Mobile,+8550717888517
Metfone-071-7888518,Mobile,+8550717888518
Metfone-071-7888519,Mobile,+8550717888519
Metfone-071-7888520,Mobile,+8550717888520
Metfone-071-7888521,Mobile,+8550717888521
Metfone-071-7888522,Mobile,+8550717888522
Metfone-071-7888523,Mobile,+8550717888523
Metfone-071-7888524,Mobile,+8550717888524
Metfone-071-7888525,Mobile,+8550717888525
Metfone-071-7888526,Mobile,+8550717888526
Metfone-071-7888527,Mobile,+8550717888527
Metfone-071-7888528,Mobile,+8550717888528
Metfone-071-7888529,Mobile,+8550717888529
Metfone-071-7888530,Mobile,+8550717888530
Metfone-071-7888531,Mobile,+8550717888531
Metfone-071-7888532,Mobile,+8550717888532
Metfone-071-7888533,Mobile,+8550717888533
Metfone-071-7888534,Mobile,+8550717888534
Metfone-071-7888535,Mobile,+8550717888535
Metfone-071-7888536,Mobile,+8550717888536
Metfone-071-7888537,Mobile,+8550717888537
Metfone-071-7888538,Mobile,+8550717888538
Metfone-071-7888539,Mobile,+8550717888539
Metfone-071-7888540,Mobile,+8550717888540
Metfone-071-7888541,Mobile,+8550717888541
Metfone-071-7888542,Mobile,+8550717888542
Metfone-071-7888543,Mobile,+8550717888543
Metfone-071-7888544,Mobile,+8550717888544
Metfone-071-7888545,Mobile,+8550717888545
Metfone-071-7888546,Mobile,+8550717888546
Metfone-071-7888547,Mobile,+8550717888547
Metfone-071-7888548,Mobile,+8550717888548
Metfone-071-7888549,Mobile,+8550717888549
Metfone-071-7888550,Mobile,+8550717888550
Metfone-071-7888551,Mobile,+8550717888551
Metfone-071-7888552,Mobile,+8550717888552
Metfone-071-7888553,Mobile,+8550717888553
Metfone-071-7888554,Mobile,+8550717888554
Metfone-071-7888555,Mobile,+8550717888555
Metfone-071-7888556,Mobile,+8550717888556
Metfone-071-7888557,Mobile,+8550717888557
Metfone-071-7888558,Mobile,+8550717888558
Metfone-071-7888559,Mobile,+8550717888559
Metfone-071-7888560,Mobile,+8550717888560
Metfone-071-7888561,Mobile,+8550717888561
Metfone-071-7888562,Mobile,+8550717888562
Metfone-071-7888563,Mobile,+8550717888563
Metfone-071-7888564,Mobile,+8550717888564
Metfone-071-7888565,Mobile,+8550717888565
Metfone-071-7888566,Mobile,+8550717888566
Metfone-071-7888567,Mobile,+8550717888567
Metfone-071-7888568,Mobile,+8550717888568
Metfone-071-7888569,Mobile,+8550717888569
Metfone-071-7888570,Mobile,+8550717888570
Metfone-071-7888571,Mobile,+8550717888571
Metfone-071-7888572,Mobile,+8550717888572
Metfone-071-7888573,Mobile,+8550717888573
Metfone-071-7888574,Mobile,+8550717888574
Metfone-071-7888575,Mobile,+8550717888575
Metfone-071-7888576,Mobile,+8550717888576
Metfone-071-7888577,Mobile,+8550717888577
Metfone-071-7888578,Mobile,+8550717888578
Metfone-071-7888579,Mobile,+8550717888579
Metfone-071-7888580,Mobile,+8550717888580
Metfone-071-7888581,Mobile,+8550717888581
Metfone-071-7888582,Mobile,+8550717888582
Metfone-071-7888583,Mobile,+8550717888583
Metfone-071-7888584,Mobile,+8550717888584
Metfone-071-7888585,Mobile,+8550717888585
Metfone-071-7888586,Mobile,+8550717888586
Metfone-071-7888587,Mobile,+8550717888587
Metfone-071-7888588,Mobile,+8550717888588
Metfone-071-7888589,Mobile,+8550717888589
Metfone-071-7888590,Mobile,+8550717888590
Metfone-071-7888591,Mobile,+8550717888591
Metfone-071-7888592,Mobile,+8550717888592
Metfone-071-7888593,Mobile,+8550717888593
Metfone-071-7888594,Mobile,+8550717888594
Metfone-071-7888595,Mobile,+8550717888595
Metfone-071-7888596,Mobile,+8550717888596
Metfone-071-7888597,Mobile,+8550717888597
Metfone-071-7888598,Mobile,+8550717888598
Metfone-071-7888599,Mobile,+8550717888599
Metfone-071-7888600,Mobile,+8550717888600
Metfone-071-7888601,Mobile,+8550717888601
Metfone-071-7888602,Mobile,+8550717888602
Metfone-071-7888603,Mobile,+8550717888603
Metfone-071-7888604,Mobile,+8550717888604
Metfone-071-7888605,Mobile,+8550717888605
Metfone-071-7888606,Mobile,+8550717888606
Metfone-071-7888607,Mobile,+8550717888607
Metfone-071-7888608,Mobile,+8550717888608
Metfone-071-7888609,Mobile,+8550717888609
Metfone-071-7888610,Mobile,+8550717888610
Metfone-071-7888611,Mobile,+8550717888611
Metfone-071-7888612,Mobile,+8550717888612
Metfone-071-7888613,Mobile,+8550717888613
Metfone-071-7888614,Mobile,+8550717888614
Metfone-071-7888615,Mobile,+8550717888615
Metfone-071-7888616,Mobile,+8550717888616
Metfone-071-7888617,Mobile,+8550717888617
Metfone-071-7888618,Mobile,+8550717888618
Metfone-071-7888619,Mobile,+8550717888619
Metfone-071-7888620,Mobile,+8550717888620
Metfone-071-7888621,Mobile,+8550717888621
Metfone-071-7888622,Mobile,+8550717888622
Metfone-071-7888623,Mobile,+8550717888623
Metfone-071-7888624,Mobile,+8550717888624
Metfone-071-7888625,Mobile,+8550717888625
Metfone-071-7888626,Mobile,+8550717888626
Metfone-071-7888627,Mobile,+8550717888627
Metfone-071-7888628,Mobile,+8550717888628
Metfone-071-7888629,Mobile,+8550717888629
Metfone-071-7888630,Mobile,+8550717888630
Metfone-071-7888631,Mobile,+8550717888631
Metfone-071-7888632,Mobile,+8550717888632
Metfone-071-7888633,Mobile,+8550717888633
Metfone-071-7888634,Mobile,+8550717888634
Metfone-071-7888635,Mobile,+8550717888635
Metfone-071-7888636,Mobile,+8550717888636
Metfone-071-7888637,Mobile,+8550717888637
Metfone-071-7888638,Mobile,+8550717888638
Metfone-071-7888639,Mobile,+8550717888639
Metfone-071-7888640,Mobile,+8550717888640
Metfone-071-7888641,Mobile,+8550717888641
Metfone-071-7888642,Mobile,+8550717888642
Metfone-071-7888643,Mobile,+8550717888643
Metfone-071-7888644,Mobile,+8550717888644
Metfone-071-7888645,Mobile,+8550717888645
Metfone-071-7888646,Mobile,+8550717888646
Metfone-071-7888647,Mobile,+8550717888647
Metfone-071-7888648,Mobile,+8550717888648
Metfone-071-7888649,Mobile,+8550717888649
Metfone-071-7888650,Mobile,+8550717888650
Metfone-071-7888651,Mobile,+8550717888651
Metfone-071-7888652,Mobile,+8550717888652
Metfone-071-7888653,Mobile,+8550717888653
Metfone-071-7888654,Mobile,+8550717888654
Metfone-071-7888655,Mobile,+8550717888655
Metfone-071-7888656,Mobile,+8550717888656
Metfone-071-7888657,Mobile,+8550717888657
Metfone-071-7888658,Mobile,+8550717888658
Metfone-071-7888659,Mobile,+8550717888659
Metfone-071-7888660,Mobile,+8550717888660
Metfone-071-7888661,Mobile,+8550717888661
Metfone-071-7888662,Mobile,+8550717888662
Metfone-071-7888663,Mobile,+8550717888663
Metfone-071-7888664,Mobile,+8550717888664
Metfone-071-7888665,Mobile,+8550717888665
Metfone-071-7888666,Mobile,+8550717888666
Metfone-071-7888667,Mobile,+8550717888667
Metfone-071-7888668,Mobile,+8550717888668
Metfone-071-7888669,Mobile,+8550717888669
Metfone-071-7888670,Mobile,+8550717888670
Metfone-071-7888671,Mobile,+8550717888671
Metfone-071-7888672,Mobile,+8550717888672
Metfone-071-7888673,Mobile,+8550717888673
Metfone-071-7888674,Mobile,+8550717888674
Metfone-071-7888675,Mobile,+8550717888675
Metfone-071-7888676,Mobile,+8550717888676
Metfone-071-7888677,Mobile,+8550717888677
Metfone-071-7888678,Mobile,+8550717888678
Metfone-071-7888679,Mobile,+8550717888679
Metfone-071-7888680,Mobile,+8550717888680
Metfone-071-7888681,Mobile,+8550717888681
Metfone-071-7888682,Mobile,+8550717888682
Metfone-071-7888683,Mobile,+8550717888683
Metfone-071-7888684,Mobile,+8550717888684
Metfone-071-7888685,Mobile,+8550717888685
Metfone-071-7888686,Mobile,+8550717888686
Metfone-071-7888687,Mobile,+8550717888687
Metfone-071-7888688,Mobile,+8550717888688
Metfone-071-7888689,Mobile,+8550717888689
Metfone-071-7888690,Mobile,+8550717888690
Metfone-071-7888691,Mobile,+8550717888691
Metfone-071-7888692,Mobile,+8550717888692
Metfone-071-7888693,Mobile,+8550717888693
Metfone-071-7888694,Mobile,+8550717888694
Metfone-071-7888695,Mobile,+8550717888695
Metfone-071-7888696,Mobile,+8550717888696
Metfone-071-7888697,Mobile,+8550717888697
Metfone-071-7888698,Mobile,+8550717888698
Metfone-071-7888699,Mobile,+8550717888699
Metfone-071-7888700,Mobile,+8550717888700
Metfone-071-7888701,Mobile,+8550717888701
Metfone-071-7888702,Mobile,+8550717888702
Metfone-071-7888703,Mobile,+8550717888703
Metfone-071-7888704,Mobile,+8550717888704
Metfone-071-7888705,Mobile,+8550717888705
Metfone-071-7888706,Mobile,+8550717888706
Metfone-071-7888707,Mobile,+8550717888707
Metfone-071-7888708,Mobile,+8550717888708
Metfone-071-7888709,Mobile,+8550717888709
Metfone-071-7888710,Mobile,+8550717888710
Metfone-071-7888711,Mobile,+8550717888711
Metfone-071-7888712,Mobile,+8550717888712
Metfone-071-7888713,Mobile,+8550717888713
Metfone-071-7888714,Mobile,+8550717888714
Metfone-071-7888715,Mobile,+8550717888715
Metfone-071-7888716,Mobile,+8550717888716
Metfone-071-7888717,Mobile,+8550717888717
Metfone-071-7888718,Mobile,+8550717888718
Metfone-071-7888719,Mobile,+8550717888719
Metfone-071-7888720,Mobile,+8550717888720
Metfone-071-7888721,Mobile,+8550717888721
Metfone-071-7888722,Mobile,+8550717888722
Metfone-071-7888723,Mobile,+8550717888723
Metfone-071-7888724,Mobile,+8550717888724
Metfone-071-7888725,Mobile,+8550717888725
Metfone-071-7888726,Mobile,+8550717888726
Metfone-071-7888727,Mobile,+8550717888727
Metfone-071-7888728,Mobile,+8550717888728
Metfone-071-7888729,Mobile,+8550717888729
Metfone-071-7888730,Mobile,+8550717888730
Metfone-071-7888731,Mobile,+8550717888731
Metfone-071-7888732,Mobile,+8550717888732
Metfone-071-7888733,Mobile,+8550717888733
Metfone-071-7888734,Mobile,+8550717888734
Metfone-071-7888735,Mobile,+8550717888735
Metfone-071-7888736,Mobile,+8550717888736
Metfone-071-7888737,Mobile,+8550717888737
Metfone-071-7888738,Mobile,+8550717888738
Metfone-071-7888739,Mobile,+8550717888739
Metfone-071-7888740,Mobile,+8550717888740
Metfone-071-7888741,Mobile,+8550717888741
Metfone-071-7888742,Mobile,+8550717888742
Metfone-071-7888743,Mobile,+8550717888743
Metfone-071-7888744,Mobile,+8550717888744
Metfone-071-7888745,Mobile,+8550717888745
Metfone-071-7888746,Mobile,+8550717888746
Metfone-071-7888747,Mobile,+8550717888747
Metfone-071-7888748,Mobile,+8550717888748
Metfone-071-7888749,Mobile,+8550717888749
Metfone-071-7888750,Mobile,+8550717888750
Metfone-071-7888751,Mobile,+8550717888751
Metfone-071-7888752,Mobile,+8550717888752
Metfone-071-7888753,Mobile,+8550717888753
Metfone-071-7888754,Mobile,+8550717888754
Metfone-071-7888755,Mobile,+8550717888755
Metfone-071-7888756,Mobile,+8550717888756
Metfone-071-7888757,Mobile,+8550717888757
Metfone-071-7888758,Mobile,+8550717888758
Metfone-071-7888759,Mobile,+8550717888759
Metfone-071-7888760,Mobile,+8550717888760
Metfone-071-7888761,Mobile,+8550717888761
Metfone-071-7888762,Mobile,+8550717888762
Metfone-071-7888763,Mobile,+8550717888763
Metfone-071-7888764,Mobile,+8550717888764
Metfone-071-7888765,Mobile,+8550717888765
Metfone-071-7888766,Mobile,+8550717888766
Metfone-071-7888767,Mobile,+8550717888767
Metfone-071-7888768,Mobile,+8550717888768
Metfone-071-7888769,Mobile,+8550717888769
Metfone-071-7888770,Mobile,+8550717888770
Metfone-071-7888771,Mobile,+8550717888771
Metfone-071-7888772,Mobile,+8550717888772
Metfone-071-7888773,Mobile,+8550717888773
Metfone-071-7888774,Mobile,+8550717888774
Metfone-071-7888775,Mobile,+8550717888775
Metfone-071-7888776,Mobile,+8550717888776
Metfone-071-7888777,Mobile,+8550717888777
Metfone-071-7888778,Mobile,+8550717888778
Metfone-071-7888779,Mobile,+8550717888779
Metfone-071-7888780,Mobile,+8550717888780
Metfone-071-7888781,Mobile,+8550717888781
Metfone-071-7888782,Mobile,+8550717888782
Metfone-071-7888783,Mobile,+8550717888783
Metfone-071-7888784,Mobile,+8550717888784
Metfone-071-7888785,Mobile,+8550717888785
Metfone-071-7888786,Mobile,+8550717888786
Metfone-071-7888787,Mobile,+8550717888787
Metfone-071-7888788,Mobile,+8550717888788
Metfone-071-7888789,Mobile,+8550717888789
Metfone-071-7888790,Mobile,+8550717888790
Metfone-071-7888791,Mobile,+8550717888791
Metfone-071-7888792,Mobile,+8550717888792
Metfone-071-7888793,Mobile,+8550717888793
Metfone-071-7888794,Mobile,+8550717888794
Metfone-071-7888795,Mobile,+8550717888795
Metfone-071-7888796,Mobile,+8550717888796
Metfone-071-7888797,Mobile,+8550717888797
Metfone-071-7888798,Mobile,+8550717888798
Metfone-071-7888799,Mobile,+8550717888799
Metfone-071-7888800,Mobile,+8550717888800
Metfone-071-7888801,Mobile,+8550717888801
Metfone-071-7888802,Mobile,+8550717888802
Metfone-071-7888803,Mobile,+8550717888803
Metfone-071-7888804,Mobile,+8550717888804
Metfone-071-7888805,Mobile,+8550717888805
Metfone-071-7888806,Mobile,+8550717888806
Metfone-071-7888807,Mobile,+8550717888807
Metfone-071-7888808,Mobile,+8550717888808
Metfone-071-7888809,Mobile,+8550717888809
Metfone-071-7888810,Mobile,+8550717888810
Metfone-071-7888811,Mobile,+8550717888811
Metfone-071-7888812,Mobile,+8550717888812
Metfone-071-7888813,Mobile,+8550717888813
Metfone-071-7888814,Mobile,+8550717888814
Metfone-071-7888815,Mobile,+8550717888815
Metfone-071-7888816,Mobile,+8550717888816
Metfone-071-7888817,Mobile,+8550717888817
Metfone-071-7888818,Mobile,+8550717888818
Metfone-071-7888819,Mobile,+8550717888819
Metfone-071-7888820,Mobile,+8550717888820
Metfone-071-7888821,Mobile,+8550717888821
Metfone-071-7888822,Mobile,+8550717888822
Metfone-071-7888823,Mobile,+8550717888823
Metfone-071-7888824,Mobile,+8550717888824
Metfone-071-7888825,Mobile,+8550717888825
Metfone-071-7888826,Mobile,+8550717888826
Metfone-071-7888827,Mobile,+8550717888827
Metfone-071-7888828,Mobile,+8550717888828
Metfone-071-7888829,Mobile,+8550717888829
Metfone-071-7888830,Mobile,+8550717888830
Metfone-071-7888831,Mobile,+8550717888831
Metfone-071-7888832,Mobile,+8550717888832
Metfone-071-7888833,Mobile,+8550717888833
Metfone-071-7888834,Mobile,+8550717888834
Metfone-071-7888835,Mobile,+8550717888835
Metfone-071-7888836,Mobile,+8550717888836
Metfone-071-7888837,Mobile,+8550717888837
Metfone-071-7888838,Mobile,+8550717888838
Metfone-071-7888839,Mobile,+8550717888839
Metfone-071-7888840,Mobile,+8550717888840
Metfone-071-7888841,Mobile,+8550717888841
Metfone-071-7888842,Mobile,+8550717888842
Metfone-071-7888843,Mobile,+8550717888843
Metfone-071-7888844,Mobile,+8550717888844
Metfone-071-7888845,Mobile,+8550717888845
Metfone-071-7888846,Mobile,+8550717888846
Metfone-071-7888847,Mobile,+8550717888847
Metfone-071-7888848,Mobile,+8550717888848
Metfone-071-7888849,Mobile,+8550717888849
Metfone-071-7888850,Mobile,+8550717888850
Metfone-071-7888851,Mobile,+8550717888851
Metfone-071-7888852,Mobile,+8550717888852
Metfone-071-7888853,Mobile,+8550717888853
Metfone-071-7888854,Mobile,+8550717888854
Metfone-071-7888855,Mobile,+8550717888855
Metfone-071-7888856,Mobile,+8550717888856
Metfone-071-7888857,Mobile,+8550717888857
Metfone-071-7888858,Mobile,+8550717888858
Metfone-071-7888859,Mobile,+8550717888859
Metfone-071-7888860,Mobile,+8550717888860
Metfone-071-7888861,Mobile,+8550717888861
Metfone-071-7888862,Mobile,+8550717888862
Metfone-071-7888863,Mobile,+8550717888863
Metfone-071-7888864,Mobile,+8550717888864
Metfone-071-7888865,Mobile,+8550717888865
Metfone-071-7888866,Mobile,+8550717888866
Metfone-071-7888867,Mobile,+8550717888867
Metfone-071-7888868,Mobile,+8550717888868
Metfone-071-7888869,Mobile,+8550717888869
Metfone-071-7888870,Mobile,+8550717888870
Metfone-071-7888871,Mobile,+8550717888871
Metfone-071-7888872,Mobile,+8550717888872
Metfone-071-7888873,Mobile,+8550717888873
Metfone-071-7888874,Mobile,+8550717888874
Metfone-071-7888875,Mobile,+8550717888875
Metfone-071-7888876,Mobile,+8550717888876
Metfone-071-7888877,Mobile,+8550717888877
Metfone-071-7888878,Mobile,+8550717888878
Metfone-071-7888879,Mobile,+8550717888879
Metfone-071-7888880,Mobile,+8550717888880
Metfone-071-7888881,Mobile,+8550717888881
Metfone-071-7888882,Mobile,+8550717888882
Metfone-071-7888883,Mobile,+8550717888883
Metfone-071-7888884,Mobile,+8550717888884
Metfone-071-7888885,Mobile,+8550717888885
Metfone-071-7888886,Mobile,+8550717888886
Metfone-071-7888887,Mobile,+8550717888887
Metfone-071-7888888,Mobile,+8550717888888
Metfone-071-7888889,Mobile,+8550717888889
Metfone-071-7888890,Mobile,+8550717888890
Metfone-071-7888891,Mobile,+8550717888891
Metfone-071-7888892,Mobile,+8550717888892
Metfone-071-7888893,Mobile,+8550717888893
Metfone-071-7888894,Mobile,+8550717888894
Metfone-071-7888895,Mobile,+8550717888895
Metfone-071-7888896,Mobile,+8550717888896
Metfone-071-7888897,Mobile,+8550717888897
Metfone-071-7888898,Mobile,+8550717888898
Metfone-071-7888899,Mobile,+8550717888899
Metfone-071-7888900,Mobile,+8550717888900
Metfone-071-7888901,Mobile,+8550717888901
Metfone-071-7888902,Mobile,+8550717888902
Metfone-071-7888903,Mobile,+8550717888903
Metfone-071-7888904,Mobile,+8550717888904
Metfone-071-7888905,Mobile,+8550717888905
Metfone-071-7888906,Mobile,+8550717888906
Metfone-071-7888907,Mobile,+8550717888907
Metfone-071-7888908,Mobile,+8550717888908
Metfone-071-7888909,Mobile,+8550717888909
Metfone-071-7888910,Mobile,+8550717888910
Metfone-071-7888911,Mobile,+8550717888911
Metfone-071-7888912,Mobile,+8550717888912
Metfone-071-7888913,Mobile,+8550717888913
Metfone-071-7888914,Mobile,+8550717888914
Metfone-071-7888915,Mobile,+8550717888915
Metfone-071-7888916,Mobile,+8550717888916
Metfone-071-7888917,Mobile,+8550717888917
Metfone-071-7888918,Mobile,+8550717888918
Metfone-071-7888919,Mobile,+8550717888919
Metfone-071-7888920,Mobile,+8550717888920
Metfone-071-7888921,Mobile,+8550717888921
Metfone-071-7888922,Mobile,+8550717888922
Metfone-071-7888923,Mobile,+8550717888923
Metfone-071-7888924,Mobile,+8550717888924
Metfone-071-7888925,Mobile,+8550717888925
Metfone-071-7888926,Mobile,+8550717888926
Metfone-071-7888927,Mobile,+8550717888927
Metfone-071-7888928,Mobile,+8550717888928
Metfone-071-7888929,Mobile,+8550717888929
Metfone-071-7888930,Mobile,+8550717888930
Metfone-071-7888931,Mobile,+8550717888931
Metfone-071-7888932,Mobile,+8550717888932
Metfone-071-7888933,Mobile,+8550717888933
Metfone-071-7888934,Mobile,+8550717888934
Metfone-071-7888935,Mobile,+8550717888935
Metfone-071-7888936,Mobile,+8550717888936
Metfone-071-7888937,Mobile,+8550717888937
Metfone-071-7888938,Mobile,+8550717888938
Metfone-071-7888939,Mobile,+8550717888939
Metfone-071-7888940,Mobile,+8550717888940
Metfone-071-7888941,Mobile,+8550717888941
Metfone-071-7888942,Mobile,+8550717888942
Metfone-071-7888943,Mobile,+8550717888943
Metfone-071-7888944,Mobile,+8550717888944
Metfone-071-7888945,Mobile,+8550717888945
Metfone-071-7888946,Mobile,+8550717888946
Metfone-071-7888947,Mobile,+8550717888947
Metfone-071-7888948,Mobile,+8550717888948
Metfone-071-7888949,Mobile,+8550717888949
Metfone-071-7888950,Mobile,+8550717888950
Metfone-071-7888951,Mobile,+8550717888951
Metfone-071-7888952,Mobile,+8550717888952
Metfone-071-7888953,Mobile,+8550717888953
Metfone-071-7888954,Mobile,+8550717888954
Metfone-071-7888955,Mobile,+8550717888955
Metfone-071-7888956,Mobile,+8550717888956
Metfone-071-7888957,Mobile,+8550717888957
Metfone-071-7888958,Mobile,+8550717888958
Metfone-071-7888959,Mobile,+8550717888959
Metfone-071-7888960,Mobile,+8550717888960
Metfone-071-7888961,Mobile,+8550717888961
Metfone-071-7888962,Mobile,+8550717888962
Metfone-071-7888963,Mobile,+8550717888963
Metfone-071-7888964,Mobile,+8550717888964
Metfone-071-7888965,Mobile,+8550717888965
Metfone-071-7888966,Mobile,+8550717888966
Metfone-071-7888967,Mobile,+8550717888967
Metfone-071-7888968,Mobile,+8550717888968
Metfone-071-7888969,Mobile,+8550717888969
Metfone-071-7888970,Mobile,+8550717888970
Metfone-071-7888971,Mobile,+8550717888971
Metfone-071-7888972,Mobile,+8550717888972
Metfone-071-7888973,Mobile,+8550717888973
Metfone-071-7888974,Mobile,+8550717888974
Metfone-071-7888975,Mobile,+8550717888975
Metfone-071-7888976,Mobile,+8550717888976
Metfone-071-7888977,Mobile,+8550717888977
Metfone-071-7888978,Mobile,+8550717888978
Metfone-071-7888979,Mobile,+8550717888979
Metfone-071-7888980,Mobile,+8550717888980
Metfone-071-7888981,Mobile,+8550717888981
Metfone-071-7888982,Mobile,+8550717888982
Metfone-071-7888983,Mobile,+8550717888983
Metfone-071-7888984,Mobile,+8550717888984
Metfone-071-7888985,Mobile,+8550717888985
Metfone-071-7888986,Mobile,+8550717888986
Metfone-071-7888987,Mobile,+8550717888987
Metfone-071-7888988,Mobile,+8550717888988
Metfone-071-7888989,Mobile,+8550717888989
Metfone-071-7888990,Mobile,+8550717888990
Metfone-071-7888991,Mobile,+8550717888991
Metfone-071-7888992,Mobile,+8550717888992
Metfone-071-7888993,Mobile,+8550717888993
Metfone-071-7888994,Mobile,+8550717888994
Metfone-071-7888995,Mobile,+8550717888995
Metfone-071-7888996,Mobile,+8550717888996
Metfone-071-7888997,Mobile,+8550717888997
Metfone-071-7888998,Mobile,+8550717888998
Metfone-071-7888999,Mobile,+8550717888999
Metfone-071-7889000,Mobile,+8550717889000
Metfone-071-7889001,Mobile,+8550717889001
Metfone-071-7889002,Mobile,+8550717889002
Metfone-071-7889003,Mobile,+8550717889003
Metfone-071-7889004,Mobile,+8550717889004
Metfone-071-7889005,Mobile,+8550717889005
Metfone-071-7889006,Mobile,+8550717889006
Metfone-071-7889007,Mobile,+8550717889007
Metfone-071-7889008,Mobile,+8550717889008
Metfone-071-7889009,Mobile,+8550717889009
Metfone-071-7889010,Mobile,+8550717889010
Metfone-071-7889011,Mobile,+8550717889011
Metfone-071-7889012,Mobile,+8550717889012
Metfone-071-7889013,Mobile,+8550717889013
Metfone-071-7889014,Mobile,+8550717889014
Metfone-071-7889015,Mobile,+8550717889015
Metfone-071-7889016,Mobile,+8550717889016
Metfone-071-7889017,Mobile,+8550717889017
Metfone-071-7889018,Mobile,+8550717889018
Metfone-071-7889019,Mobile,+8550717889019
Metfone-071-7889020,Mobile,+8550717889020
Metfone-071-7889021,Mobile,+8550717889021
Metfone-071-7889022,Mobile,+8550717889022
Metfone-071-7889023,Mobile,+8550717889023
Metfone-071-7889024,Mobile,+8550717889024
Metfone-071-7889025,Mobile,+8550717889025
Metfone-071-7889026,Mobile,+8550717889026
Metfone-071-7889027,Mobile,+8550717889027
Metfone-071-7889028,Mobile,+8550717889028
Metfone-071-7889029,Mobile,+8550717889029
Metfone-071-7889030,Mobile,+8550717889030
Metfone-071-7889031,Mobile,+8550717889031
Metfone-071-7889032,Mobile,+8550717889032
Metfone-071-7889033,Mobile,+8550717889033
Metfone-071-7889034,Mobile,+8550717889034
Metfone-071-7889035,Mobile,+8550717889035
Metfone-071-7889036,Mobile,+8550717889036
Metfone-071-7889037,Mobile,+8550717889037
Metfone-071-7889038,Mobile,+8550717889038
Metfone-071-7889039,Mobile,+8550717889039
Metfone-071-7889040,Mobile,+8550717889040
Metfone-071-7889041,Mobile,+8550717889041
Metfone-071-7889042,Mobile,+8550717889042
Metfone-071-7889043,Mobile,+8550717889043
Metfone-071-7889044,Mobile,+8550717889044
Metfone-071-7889045,Mobile,+8550717889045
Metfone-071-7889046,Mobile,+8550717889046
Metfone-071-7889047,Mobile,+8550717889047
Metfone-071-7889048,Mobile,+8550717889048
Metfone-071-7889049,Mobile,+8550717889049
Metfone-071-7889050,Mobile,+8550717889050
Metfone-071-7889051,Mobile,+8550717889051
Metfone-071-7889052,Mobile,+8550717889052
Metfone-071-7889053,Mobile,+8550717889053
Metfone-071-7889054,Mobile,+8550717889054
Metfone-071-7889055,Mobile,+8550717889055
Metfone-071-7889056,Mobile,+8550717889056
Metfone-071-7889057,Mobile,+8550717889057
Metfone-071-7889058,Mobile,+8550717889058
Metfone-071-7889059,Mobile,+8550717889059
Metfone-071-7889060,Mobile,+8550717889060
Metfone-071-7889061,Mobile,+8550717889061
Metfone-071-7889062,Mobile,+8550717889062
Metfone-071-7889063,Mobile,+8550717889063
Metfone-071-7889064,Mobile,+8550717889064
Metfone-071-7889065,Mobile,+8550717889065
Metfone-071-7889066,Mobile,+8550717889066
Metfone-071-7889067,Mobile,+8550717889067
Metfone-071-7889068,Mobile,+8550717889068
Metfone-071-7889069,Mobile,+8550717889069
Metfone-071-7889070,Mobile,+8550717889070
Metfone-071-7889071,Mobile,+8550717889071
Metfone-071-7889072,Mobile,+8550717889072
Metfone-071-7889073,Mobile,+8550717889073
Metfone-071-7889074,Mobile,+8550717889074
Metfone-071-7889075,Mobile,+8550717889075
Metfone-071-7889076,Mobile,+8550717889076
Metfone-071-7889077,Mobile,+8550717889077
Metfone-071-7889078,Mobile,+8550717889078
Metfone-071-7889079,Mobile,+8550717889079
Metfone-071-7889080,Mobile,+8550717889080
Metfone-071-7889081,Mobile,+8550717889081
Metfone-071-7889082,Mobile,+8550717889082
Metfone-071-7889083,Mobile,+8550717889083
Metfone-071-7889084,Mobile,+8550717889084
Metfone-071-7889085,Mobile,+8550717889085
Metfone-071-7889086,Mobile,+8550717889086
Metfone-071-7889087,Mobile,+8550717889087
Metfone-071-7889088,Mobile,+8550717889088
Metfone-071-7889089,Mobile,+8550717889089
Metfone-071-7889090,Mobile,+8550717889090
Metfone-071-7889091,Mobile,+8550717889091
Metfone-071-7889092,Mobile,+8550717889092
Metfone-071-7889093,Mobile,+8550717889093
Metfone-071-7889094,Mobile,+8550717889094
Metfone-071-7889095,Mobile,+8550717889095
Metfone-071-7889096,Mobile,+8550717889096
Metfone-071-7889097,Mobile,+8550717889097
Metfone-071-7889098,Mobile,+8550717889098
Metfone-071-7889099,Mobile,+8550717889099
Metfone-071-7889100,Mobile,+8550717889100
Metfone-071-7889101,Mobile,+8550717889101
Metfone-071-7889102,Mobile,+8550717889102
Metfone-071-7889103,Mobile,+8550717889103
Metfone-071-7889104,Mobile,+8550717889104
Metfone-071-7889105,Mobile,+8550717889105
Metfone-071-7889106,Mobile,+8550717889106
Metfone-071-7889107,Mobile,+8550717889107
Metfone-071-7889108,Mobile,+8550717889108
Metfone-071-7889109,Mobile,+8550717889109
Metfone-071-7889110,Mobile,+8550717889110
Metfone-071-7889111,Mobile,+8550717889111
Metfone-071-7889112,Mobile,+8550717889112
Metfone-071-7889113,Mobile,+8550717889113
Metfone-071-7889114,Mobile,+8550717889114
Metfone-071-7889115,Mobile,+8550717889115
Metfone-071-7889116,Mobile,+8550717889116
Metfone-071-7889117,Mobile,+8550717889117
Metfone-071-7889118,Mobile,+8550717889118
Metfone-071-7889119,Mobile,+8550717889119
Metfone-071-7889120,Mobile,+8550717889120
Metfone-071-7889121,Mobile,+8550717889121
Metfone-071-7889122,Mobile,+8550717889122
Metfone-071-7889123,Mobile,+8550717889123
Metfone-071-7889124,Mobile,+8550717889124
Metfone-071-7889125,Mobile,+8550717889125
Metfone-071-7889126,Mobile,+8550717889126
Metfone-071-7889127,Mobile,+8550717889127
Metfone-071-7889128,Mobile,+8550717889128
Metfone-071-7889129,Mobile,+8550717889129
Metfone-071-7889130,Mobile,+8550717889130
Metfone-071-7889131,Mobile,+8550717889131
Metfone-071-7889132,Mobile,+8550717889132
Metfone-071-7889133,Mobile,+8550717889133
Metfone-071-7889134,Mobile,+8550717889134
Metfone-071-7889135,Mobile,+8550717889135
Metfone-071-7889136,Mobile,+8550717889136
Metfone-071-7889137,Mobile,+8550717889137
Metfone-071-7889138,Mobile,+8550717889138
Metfone-071-7889139,Mobile,+8550717889139
Metfone-071-7889140,Mobile,+8550717889140
Metfone-071-7889141,Mobile,+8550717889141
Metfone-071-7889142,Mobile,+8550717889142
Metfone-071-7889143,Mobile,+8550717889143
Metfone-071-7889144,Mobile,+8550717889144
Metfone-071-7889145,Mobile,+8550717889145
Metfone-071-7889146,Mobile,+8550717889146
Metfone-071-7889147,Mobile,+8550717889147
Metfone-071-7889148,Mobile,+8550717889148
Metfone-071-7889149,Mobile,+8550717889149
Metfone-071-7889150,Mobile,+8550717889150
Metfone-071-7889151,Mobile,+8550717889151
Metfone-071-7889152,Mobile,+8550717889152
Metfone-071-7889153,Mobile,+8550717889153
Metfone-071-7889154,Mobile,+8550717889154
Metfone-071-7889155,Mobile,+8550717889155
Metfone-071-7889156,Mobile,+8550717889156
Metfone-071-7889157,Mobile,+8550717889157
Metfone-071-7889158,Mobile,+8550717889158
Metfone-071-7889159,Mobile,+8550717889159
Metfone-071-7889160,Mobile,+8550717889160
Metfone-071-7889161,Mobile,+8550717889161
Metfone-071-7889162,Mobile,+8550717889162
Metfone-071-7889163,Mobile,+8550717889163
Metfone-071-7889164,Mobile,+8550717889164
Metfone-071-7889165,Mobile,+8550717889165
Metfone-071-7889166,Mobile,+8550717889166
Metfone-071-7889167,Mobile,+8550717889167
Metfone-071-7889168,Mobile,+8550717889168
Metfone-071-7889169,Mobile,+8550717889169
Metfone-071-7889170,Mobile,+8550717889170
Metfone-071-7889171,Mobile,+8550717889171
Metfone-071-7889172,Mobile,+8550717889172
Metfone-071-7889173,Mobile,+8550717889173
Metfone-071-7889174,Mobile,+8550717889174
Metfone-071-7889175,Mobile,+8550717889175
Metfone-071-7889176,Mobile,+8550717889176
Metfone-071-7889177,Mobile,+8550717889177
Metfone-071-7889178,Mobile,+8550717889178
Metfone-071-7889179,Mobile,+8550717889179
Metfone-071-7889180,Mobile,+8550717889180
Metfone-071-7889181,Mobile,+8550717889181
Metfone-071-7889182,Mobile,+8550717889182
Metfone-071-7889183,Mobile,+8550717889183
Metfone-071-7889184,Mobile,+8550717889184
Metfone-071-7889185,Mobile,+8550717889185
Metfone-071-7889186,Mobile,+8550717889186
Metfone-071-7889187,Mobile,+8550717889187
Metfone-071-7889188,Mobile,+8550717889188
Metfone-071-7889189,Mobile,+8550717889189
Metfone-071-7889190,Mobile,+8550717889190
Metfone-071-7889191,Mobile,+8550717889191
Metfone-071-7889192,Mobile,+8550717889192
Metfone-071-7889193,Mobile,+8550717889193
Metfone-071-7889194,Mobile,+8550717889194
Metfone-071-7889195,Mobile,+8550717889195
Metfone-071-7889196,Mobile,+8550717889196
Metfone-071-7889197,Mobile,+8550717889197
Metfone-071-7889198,Mobile,+8550717889198
Metfone-071-7889199,Mobile,+8550717889199
Metfone-071-7889200,Mobile,+8550717889200
Metfone-071-7889201,Mobile,+8550717889201
Metfone-071-7889202,Mobile,+8550717889202
Metfone-071-7889203,Mobile,+8550717889203
Metfone-071-7889204,Mobile,+8550717889204
Metfone-071-7889205,Mobile,+8550717889205
Metfone-071-7889206,Mobile,+8550717889206
Metfone-071-7889207,Mobile,+8550717889207
Metfone-071-7889208,Mobile,+8550717889208
Metfone-071-7889209,Mobile,+8550717889209
Metfone-071-7889210,Mobile,+8550717889210
Metfone-071-7889211,Mobile,+8550717889211
Metfone-071-7889212,Mobile,+8550717889212
Metfone-071-7889213,Mobile,+8550717889213
Metfone-071-7889214,Mobile,+8550717889214
Metfone-071-7889215,Mobile,+8550717889215
Metfone-071-7889216,Mobile,+8550717889216
Metfone-071-7889217,Mobile,+8550717889217
Metfone-071-7889218,Mobile,+8550717889218
Metfone-071-7889219,Mobile,+8550717889219
Metfone-071-7889220,Mobile,+8550717889220
Metfone-071-7889221,Mobile,+8550717889221
Metfone-071-7889222,Mobile,+8550717889222
Metfone-071-7889223,Mobile,+8550717889223
Metfone-071-7889224,Mobile,+8550717889224
Metfone-071-7889225,Mobile,+8550717889225
Metfone-071-7889226,Mobile,+8550717889226
Metfone-071-7889227,Mobile,+8550717889227
Metfone-071-7889228,Mobile,+8550717889228
Metfone-071-7889229,Mobile,+8550717889229
Metfone-071-7889230,Mobile,+8550717889230
Metfone-071-7889231,Mobile,+8550717889231
Metfone-071-7889232,Mobile,+8550717889232
Metfone-071-7889233,Mobile,+8550717889233
Metfone-071-7889234,Mobile,+8550717889234
Metfone-071-7889235,Mobile,+8550717889235
Metfone-071-7889236,Mobile,+8550717889236
Metfone-071-7889237,Mobile,+8550717889237
Metfone-071-7889238,Mobile,+8550717889238
Metfone-071-7889239,Mobile,+8550717889239
Metfone-071-7889240,Mobile,+8550717889240
Metfone-071-7889241,Mobile,+8550717889241
Metfone-071-7889242,Mobile,+8550717889242
Metfone-071-7889243,Mobile,+8550717889243
Metfone-071-7889244,Mobile,+8550717889244
Metfone-071-7889245,Mobile,+8550717889245
Metfone-071-7889246,Mobile,+8550717889246
Metfone-071-7889247,Mobile,+8550717889247
Metfone-071-7889248,Mobile,+8550717889248
Metfone-071-7889249,Mobile,+8550717889249
Metfone-071-7889250,Mobile,+8550717889250
Metfone-071-7889251,Mobile,+8550717889251
Metfone-071-7889252,Mobile,+8550717889252
Metfone-071-7889253,Mobile,+8550717889253
Metfone-071-7889254,Mobile,+8550717889254
Metfone-071-7889255,Mobile,+8550717889255
Metfone-071-7889256,Mobile,+8550717889256
Metfone-071-7889257,Mobile,+8550717889257
Metfone-071-7889258,Mobile,+8550717889258
Metfone-071-7889259,Mobile,+8550717889259
Metfone-071-7889260,Mobile,+8550717889260
Metfone-071-7889261,Mobile,+8550717889261
Metfone-071-7889262,Mobile,+8550717889262
Metfone-071-7889263,Mobile,+8550717889263
Metfone-071-7889264,Mobile,+8550717889264
Metfone-071-7889265,Mobile,+8550717889265
Metfone-071-7889266,Mobile,+8550717889266
Metfone-071-7889267,Mobile,+8550717889267
Metfone-071-7889268,Mobile,+8550717889268
Metfone-071-7889269,Mobile,+8550717889269
Metfone-071-7889270,Mobile,+8550717889270
Metfone-071-7889271,Mobile,+8550717889271
Metfone-071-7889272,Mobile,+8550717889272
Metfone-071-7889273,Mobile,+8550717889273
Metfone-071-7889274,Mobile,+8550717889274
Metfone-071-7889275,Mobile,+8550717889275
Metfone-071-7889276,Mobile,+8550717889276
Metfone-071-7889277,Mobile,+8550717889277
Metfone-071-7889278,Mobile,+8550717889278
Metfone-071-7889279,Mobile,+8550717889279
Metfone-071-7889280,Mobile,+8550717889280
Metfone-071-7889281,Mobile,+8550717889281
Metfone-071-7889282,Mobile,+8550717889282
Metfone-071-7889283,Mobile,+8550717889283
Metfone-071-7889284,Mobile,+8550717889284
Metfone-071-7889285,Mobile,+8550717889285
Metfone-071-7889286,Mobile,+8550717889286
Metfone-071-7889287,Mobile,+8550717889287
Metfone-071-7889288,Mobile,+8550717889288
Metfone-071-7889289,Mobile,+8550717889289
Metfone-071-7889290,Mobile,+8550717889290
Metfone-071-7889291,Mobile,+8550717889291
Metfone-071-7889292,Mobile,+8550717889292
Metfone-071-7889293,Mobile,+8550717889293
Metfone-071-7889294,Mobile,+8550717889294
Metfone-071-7889295,Mobile,+8550717889295
Metfone-071-7889296,Mobile,+8550717889296
Metfone-071-7889297,Mobile,+8550717889297
Metfone-071-7889298,Mobile,+8550717889298
Metfone-071-7889299,Mobile,+8550717889299
Metfone-071-7889300,Mobile,+8550717889300
Metfone-071-7889301,Mobile,+8550717889301
Metfone-071-7889302,Mobile,+8550717889302
Metfone-071-7889303,Mobile,+8550717889303
Metfone-071-7889304,Mobile,+8550717889304
Metfone-071-7889305,Mobile,+8550717889305
Metfone-071-7889306,Mobile,+8550717889306
Metfone-071-7889307,Mobile,+8550717889307
Metfone-071-7889308,Mobile,+8550717889308
Metfone-071-7889309,Mobile,+8550717889309
Metfone-071-7889310,Mobile,+8550717889310
Metfone-071-7889311,Mobile,+8550717889311
Metfone-071-7889312,Mobile,+8550717889312
Metfone-071-7889313,Mobile,+8550717889313
Metfone-071-7889314,Mobile,+8550717889314
Metfone-071-7889315,Mobile,+8550717889315
Metfone-071-7889316,Mobile,+8550717889316
Metfone-071-7889317,Mobile,+8550717889317
Metfone-071-7889318,Mobile,+8550717889318
Metfone-071-7889319,Mobile,+8550717889319
Metfone-071-7889320,Mobile,+8550717889320
Metfone-071-7889321,Mobile,+8550717889321
Metfone-071-7889322,Mobile,+8550717889322
Metfone-071-7889323,Mobile,+8550717889323
Metfone-071-7889324,Mobile,+8550717889324
Metfone-071-7889325,Mobile,+8550717889325
Metfone-071-7889326,Mobile,+8550717889326
Metfone-071-7889327,Mobile,+8550717889327
Metfone-071-7889328,Mobile,+8550717889328
Metfone-071-7889329,Mobile,+8550717889329
Metfone-071-7889330,Mobile,+8550717889330
Metfone-071-7889331,Mobile,+8550717889331
Metfone-071-7889332,Mobile,+8550717889332
Metfone-071-7889333,Mobile,+8550717889333
Metfone-071-7889334,Mobile,+8550717889334
Metfone-071-7889335,Mobile,+8550717889335
Metfone-071-7889336,Mobile,+8550717889336
Metfone-071-7889337,Mobile,+8550717889337
Metfone-071-7889338,Mobile,+8550717889338
Metfone-071-7889339,Mobile,+8550717889339
Metfone-071-7889340,Mobile,+8550717889340
Metfone-071-7889341,Mobile,+8550717889341
Metfone-071-7889342,Mobile,+8550717889342
Metfone-071-7889343,Mobile,+8550717889343
Metfone-071-7889344,Mobile,+8550717889344
Metfone-071-7889345,Mobile,+8550717889345
Metfone-071-7889346,Mobile,+8550717889346
Metfone-071-7889347,Mobile,+8550717889347
Metfone-071-7889348,Mobile,+8550717889348
Metfone-071-7889349,Mobile,+8550717889349
Metfone-071-7889350,Mobile,+8550717889350
Metfone-071-7889351,Mobile,+8550717889351
Metfone-071-7889352,Mobile,+8550717889352
Metfone-071-7889353,Mobile,+8550717889353
Metfone-071-7889354,Mobile,+8550717889354
Metfone-071-7889355,Mobile,+8550717889355
Metfone-071-7889356,Mobile,+8550717889356
Metfone-071-7889357,Mobile,+8550717889357
Metfone-071-7889358,Mobile,+8550717889358
Metfone-071-7889359,Mobile,+8550717889359
Metfone-071-7889360,Mobile,+8550717889360
Metfone-071-7889361,Mobile,+8550717889361
Metfone-071-7889362,Mobile,+8550717889362
Metfone-071-7889363,Mobile,+8550717889363
Metfone-071-7889364,Mobile,+8550717889364
Metfone-071-7889365,Mobile,+8550717889365
Metfone-071-7889366,Mobile,+8550717889366
Metfone-071-7889367,Mobile,+8550717889367
Metfone-071-7889368,Mobile,+8550717889368
Metfone-071-7889369,Mobile,+8550717889369
Metfone-071-7889370,Mobile,+8550717889370
Metfone-071-7889371,Mobile,+8550717889371
Metfone-071-7889372,Mobile,+8550717889372
Metfone-071-7889373,Mobile,+8550717889373
Metfone-071-7889374,Mobile,+8550717889374
Metfone-071-7889375,Mobile,+8550717889375
Metfone-071-7889376,Mobile,+8550717889376
Metfone-071-7889377,Mobile,+8550717889377
Metfone-071-7889378,Mobile,+8550717889378
Metfone-071-7889379,Mobile,+8550717889379
Metfone-071-7889380,Mobile,+8550717889380
Metfone-071-7889381,Mobile,+8550717889381
Metfone-071-7889382,Mobile,+8550717889382
Metfone-071-7889383,Mobile,+8550717889383
Metfone-071-7889384,Mobile,+8550717889384
Metfone-071-7889385,Mobile,+8550717889385
Metfone-071-7889386,Mobile,+8550717889386
Metfone-071-7889387,Mobile,+8550717889387
Metfone-071-7889388,Mobile,+8550717889388
Metfone-071-7889389,Mobile,+8550717889389
Metfone-071-7889390,Mobile,+8550717889390
Metfone-071-7889391,Mobile,+8550717889391
Metfone-071-7889392,Mobile,+8550717889392
Metfone-071-7889393,Mobile,+8550717889393
Metfone-071-7889394,Mobile,+8550717889394
Metfone-071-7889395,Mobile,+8550717889395
Metfone-071-7889396,Mobile,+8550717889396
Metfone-071-7889397,Mobile,+8550717889397
Metfone-071-7889398,Mobile,+8550717889398
Metfone-071-7889399,Mobile,+8550717889399
Metfone-071-7889400,Mobile,+8550717889400
Metfone-071-7889401,Mobile,+8550717889401
Metfone-071-7889402,Mobile,+8550717889402
Metfone-071-7889403,Mobile,+8550717889403
Metfone-071-7889404,Mobile,+8550717889404
Metfone-071-7889405,Mobile,+8550717889405
Metfone-071-7889406,Mobile,+8550717889406
Metfone-071-7889407,Mobile,+8550717889407
Metfone-071-7889408,Mobile,+8550717889408
Metfone-071-7889409,Mobile,+8550717889409
Metfone-071-7889410,Mobile,+8550717889410
Metfone-071-7889411,Mobile,+8550717889411
Metfone-071-7889412,Mobile,+8550717889412
Metfone-071-7889413,Mobile,+8550717889413
Metfone-071-7889414,Mobile,+8550717889414
Metfone-071-7889415,Mobile,+8550717889415
Metfone-071-7889416,Mobile,+8550717889416
Metfone-071-7889417,Mobile,+8550717889417
Metfone-071-7889418,Mobile,+8550717889418
Metfone-071-7889419,Mobile,+8550717889419
Metfone-071-7889420,Mobile,+8550717889420
Metfone-071-7889421,Mobile,+8550717889421
Metfone-071-7889422,Mobile,+8550717889422
Metfone-071-7889423,Mobile,+8550717889423
Metfone-071-7889424,Mobile,+8550717889424
Metfone-071-7889425,Mobile,+8550717889425
Metfone-071-7889426,Mobile,+8550717889426
Metfone-071-7889427,Mobile,+8550717889427
Metfone-071-7889428,Mobile,+8550717889428
Metfone-071-7889429,Mobile,+8550717889429
Metfone-071-7889430,Mobile,+8550717889430
Metfone-071-7889431,Mobile,+8550717889431
Metfone-071-7889432,Mobile,+8550717889432
Metfone-071-7889433,Mobile,+8550717889433
Metfone-071-7889434,Mobile,+8550717889434
Metfone-071-7889435,Mobile,+8550717889435
Metfone-071-7889436,Mobile,+8550717889436
Metfone-071-7889437,Mobile,+8550717889437
Metfone-071-7889438,Mobile,+8550717889438
Metfone-071-7889439,Mobile,+8550717889439
Metfone-071-7889440,Mobile,+8550717889440
Metfone-071-7889441,Mobile,+8550717889441
Metfone-071-7889442,Mobile,+8550717889442
Metfone-071-7889443,Mobile,+8550717889443
Metfone-071-7889444,Mobile,+8550717889444
Metfone-071-7889445,Mobile,+8550717889445
Metfone-071-7889446,Mobile,+8550717889446
Metfone-071-7889447,Mobile,+8550717889447
Metfone-071-7889448,Mobile,+8550717889448
Metfone-071-7889449,Mobile,+8550717889449
Metfone-071-7889450,Mobile,+8550717889450
Metfone-071-7889451,Mobile,+8550717889451
Metfone-071-7889452,Mobile,+8550717889452
Metfone-071-7889453,Mobile,+8550717889453
Metfone-071-7889454,Mobile,+8550717889454
Metfone-071-7889455,Mobile,+8550717889455
Metfone-071-7889456,Mobile,+8550717889456
Metfone-071-7889457,Mobile,+8550717889457
Metfone-071-7889458,Mobile,+8550717889458
Metfone-071-7889459,Mobile,+8550717889459
Metfone-071-7889460,Mobile,+8550717889460
Metfone-071-7889461,Mobile,+8550717889461
Metfone-071-7889462,Mobile,+8550717889462
Metfone-071-7889463,Mobile,+8550717889463
Metfone-071-7889464,Mobile,+8550717889464
Metfone-071-7889465,Mobile,+8550717889465
Metfone-071-7889466,Mobile,+8550717889466
Metfone-071-7889467,Mobile,+8550717889467
Metfone-071-7889468,Mobile,+8550717889468
Metfone-071-7889469,Mobile,+8550717889469
Metfone-071-7889470,Mobile,+8550717889470
Metfone-071-7889471,Mobile,+8550717889471
Metfone-071-7889472,Mobile,+8550717889472
Metfone-071-7889473,Mobile,+8550717889473
Metfone-071-7889474,Mobile,+8550717889474
Metfone-071-7889475,Mobile,+8550717889475
Metfone-071-7889476,Mobile,+8550717889476
Metfone-071-7889477,Mobile,+8550717889477
Metfone-071-7889478,Mobile,+8550717889478
Metfone-071-7889479,Mobile,+8550717889479
Metfone-071-7889480,Mobile,+8550717889480
Metfone-071-7889481,Mobile,+8550717889481
Metfone-071-7889482,Mobile,+8550717889482
Metfone-071-7889483,Mobile,+8550717889483
Metfone-071-7889484,Mobile,+8550717889484
Metfone-071-7889485,Mobile,+8550717889485
Metfone-071-7889486,Mobile,+8550717889486
Metfone-071-7889487,Mobile,+8550717889487
Metfone-071-7889488,Mobile,+8550717889488
Metfone-071-7889489,Mobile,+8550717889489
Metfone-071-7889490,Mobile,+8550717889490
Metfone-071-7889491,Mobile,+8550717889491
Metfone-071-7889492,Mobile,+8550717889492
Metfone-071-7889493,Mobile,+8550717889493
Metfone-071-7889494,Mobile,+8550717889494
Metfone-071-7889495,Mobile,+8550717889495
Metfone-071-7889496,Mobile,+8550717889496
Metfone-071-7889497,Mobile,+8550717889497
Metfone-071-7889498,Mobile,+8550717889498
Metfone-071-7889499,Mobile,+8550717889499
Metfone-071-7889500,Mobile,+8550717889500
Metfone-071-7889501,Mobile,+8550717889501
Metfone-071-7889502,Mobile,+8550717889502
Metfone-071-7889503,Mobile,+8550717889503
Metfone-071-7889504,Mobile,+8550717889504
Metfone-071-7889505,Mobile,+8550717889505
Metfone-071-7889506,Mobile,+8550717889506
Metfone-071-7889507,Mobile,+8550717889507
Metfone-071-7889508,Mobile,+8550717889508
Metfone-071-7889509,Mobile,+8550717889509
Metfone-071-7889510,Mobile,+8550717889510
Metfone-071-7889511,Mobile,+8550717889511
Metfone-071-7889512,Mobile,+8550717889512
Metfone-071-7889513,Mobile,+8550717889513
Metfone-071-7889514,Mobile,+8550717889514
Metfone-071-7889515,Mobile,+8550717889515
Metfone-071-7889516,Mobile,+8550717889516
Metfone-071-7889517,Mobile,+8550717889517
Metfone-071-7889518,Mobile,+8550717889518
Metfone-071-7889519,Mobile,+8550717889519
Metfone-071-7889520,Mobile,+8550717889520
Metfone-071-7889521,Mobile,+8550717889521
Metfone-071-7889522,Mobile,+8550717889522
Metfone-071-7889523,Mobile,+8550717889523
Metfone-071-7889524,Mobile,+8550717889524
Metfone-071-7889525,Mobile,+8550717889525
Metfone-071-7889526,Mobile,+8550717889526
Metfone-071-7889527,Mobile,+8550717889527
Metfone-071-7889528,Mobile,+8550717889528
Metfone-071-7889529,Mobile,+8550717889529
Metfone-071-7889530,Mobile,+8550717889530
Metfone-071-7889531,Mobile,+8550717889531
Metfone-071-7889532,Mobile,+8550717889532
Metfone-071-7889533,Mobile,+8550717889533
Metfone-071-7889534,Mobile,+8550717889534
Metfone-071-7889535,Mobile,+8550717889535
Metfone-071-7889536,Mobile,+8550717889536
Metfone-071-7889537,Mobile,+8550717889537
Metfone-071-7889538,Mobile,+8550717889538
Metfone-071-7889539,Mobile,+8550717889539
Metfone-071-7889540,Mobile,+8550717889540
Metfone-071-7889541,Mobile,+8550717889541
Metfone-071-7889542,Mobile,+8550717889542
Metfone-071-7889543,Mobile,+8550717889543
Metfone-071-7889544,Mobile,+8550717889544
Metfone-071-7889545,Mobile,+8550717889545
Metfone-071-7889546,Mobile,+8550717889546
Metfone-071-7889547,Mobile,+8550717889547
Metfone-071-7889548,Mobile,+8550717889548
Metfone-071-7889549,Mobile,+8550717889549
Metfone-071-7889550,Mobile,+8550717889550
Metfone-071-7889551,Mobile,+8550717889551
Metfone-071-7889552,Mobile,+8550717889552
Metfone-071-7889553,Mobile,+8550717889553
Metfone-071-7889554,Mobile,+8550717889554
Metfone-071-7889555,Mobile,+8550717889555
Metfone-071-7889556,Mobile,+8550717889556
Metfone-071-7889557,Mobile,+8550717889557
Metfone-071-7889558,Mobile,+8550717889558
Metfone-071-7889559,Mobile,+8550717889559
Metfone-071-7889560,Mobile,+8550717889560
Metfone-071-7889561,Mobile,+8550717889561
Metfone-071-7889562,Mobile,+8550717889562
Metfone-071-7889563,Mobile,+8550717889563
Metfone-071-7889564,Mobile,+8550717889564
Metfone-071-7889565,Mobile,+8550717889565
Metfone-071-7889566,Mobile,+8550717889566
Metfone-071-7889567,Mobile,+8550717889567
Metfone-071-7889568,Mobile,+8550717889568
Metfone-071-7889569,Mobile,+8550717889569
Metfone-071-7889570,Mobile,+8550717889570
Metfone-071-7889571,Mobile,+8550717889571
Metfone-071-7889572,Mobile,+8550717889572
Metfone-071-7889573,Mobile,+8550717889573
Metfone-071-7889574,Mobile,+8550717889574
Metfone-071-7889575,Mobile,+8550717889575
Metfone-071-7889576,Mobile,+8550717889576
Metfone-071-7889577,Mobile,+8550717889577
Metfone-071-7889578,Mobile,+8550717889578
Metfone-071-7889579,Mobile,+8550717889579
Metfone-071-7889580,Mobile,+8550717889580
Metfone-071-7889581,Mobile,+8550717889581
Metfone-071-7889582,Mobile,+8550717889582
Metfone-071-7889583,Mobile,+8550717889583
Metfone-071-7889584,Mobile,+8550717889584
Metfone-071-7889585,Mobile,+8550717889585
Metfone-071-7889586,Mobile,+8550717889586
Metfone-071-7889587,Mobile,+8550717889587
Metfone-071-7889588,Mobile,+8550717889588
Metfone-071-7889589,Mobile,+8550717889589
Metfone-071-7889590,Mobile,+8550717889590
Metfone-071-7889591,Mobile,+8550717889591
Metfone-071-7889592,Mobile,+8550717889592
Metfone-071-7889593,Mobile,+8550717889593
Metfone-071-7889594,Mobile,+8550717889594
Metfone-071-7889595,Mobile,+8550717889595
Metfone-071-7889596,Mobile,+8550717889596
Metfone-071-7889597,Mobile,+8550717889597
Metfone-071-7889598,Mobile,+8550717889598
Metfone-071-7889599,Mobile,+8550717889599
Metfone-071-7889600,Mobile,+8550717889600
Metfone-071-7889601,Mobile,+8550717889601
Metfone-071-7889602,Mobile,+8550717889602
Metfone-071-7889603,Mobile,+8550717889603
Metfone-071-7889604,Mobile,+8550717889604
Metfone-071-7889605,Mobile,+8550717889605
Metfone-071-7889606,Mobile,+8550717889606
Metfone-071-7889607,Mobile,+8550717889607
Metfone-071-7889608,Mobile,+8550717889608
Metfone-071-7889609,Mobile,+8550717889609
Metfone-071-7889610,Mobile,+8550717889610
Metfone-071-7889611,Mobile,+8550717889611
Metfone-071-7889612,Mobile,+8550717889612
Metfone-071-7889613,Mobile,+8550717889613
Metfone-071-7889614,Mobile,+8550717889614
Metfone-071-7889615,Mobile,+8550717889615
Metfone-071-7889616,Mobile,+8550717889616
Metfone-071-7889617,Mobile,+8550717889617
Metfone-071-7889618,Mobile,+8550717889618
Metfone-071-7889619,Mobile,+8550717889619
Metfone-071-7889620,Mobile,+8550717889620
Metfone-071-7889621,Mobile,+8550717889621
Metfone-071-7889622,Mobile,+8550717889622
Metfone-071-7889623,Mobile,+8550717889623
Metfone-071-7889624,Mobile,+8550717889624
Metfone-071-7889625,Mobile,+8550717889625
Metfone-071-7889626,Mobile,+8550717889626
Metfone-071-7889627,Mobile,+8550717889627
Metfone-071-7889628,Mobile,+8550717889628
Metfone-071-7889629,Mobile,+8550717889629
Metfone-071-7889630,Mobile,+8550717889630
Metfone-071-7889631,Mobile,+8550717889631
Metfone-071-7889632,Mobile,+8550717889632
Metfone-071-7889633,Mobile,+8550717889633
Metfone-071-7889634,Mobile,+8550717889634
Metfone-071-7889635,Mobile,+8550717889635
Metfone-071-7889636,Mobile,+8550717889636
Metfone-071-7889637,Mobile,+8550717889637
Metfone-071-7889638,Mobile,+8550717889638
Metfone-071-7889639,Mobile,+8550717889639
Metfone-071-7889640,Mobile,+8550717889640
Metfone-071-7889641,Mobile,+8550717889641
Metfone-071-7889642,Mobile,+8550717889642
Metfone-071-7889643,Mobile,+8550717889643
Metfone-071-7889644,Mobile,+8550717889644
Metfone-071-7889645,Mobile,+8550717889645
Metfone-071-7889646,Mobile,+8550717889646
Metfone-071-7889647,Mobile,+8550717889647
Metfone-071-7889648,Mobile,+8550717889648
Metfone-071-7889649,Mobile,+8550717889649
Metfone-071-7889650,Mobile,+8550717889650
Metfone-071-7889651,Mobile,+8550717889651
Metfone-071-7889652,Mobile,+8550717889652
Metfone-071-7889653,Mobile,+8550717889653
Metfone-071-7889654,Mobile,+8550717889654
Metfone-071-7889655,Mobile,+8550717889655
Metfone-071-7889656,Mobile,+8550717889656
Metfone-071-7889657,Mobile,+8550717889657
Metfone-071-7889658,Mobile,+8550717889658
Metfone-071-7889659,Mobile,+8550717889659
Metfone-071-7889660,Mobile,+8550717889660
Metfone-071-7889661,Mobile,+8550717889661
Metfone-071-7889662,Mobile,+8550717889662
Metfone-071-7889663,Mobile,+8550717889663
Metfone-071-7889664,Mobile,+8550717889664
Metfone-071-7889665,Mobile,+8550717889665
Metfone-071-7889666,Mobile,+8550717889666
Metfone-071-7889667,Mobile,+8550717889667
Metfone-071-7889668,Mobile,+8550717889668
Metfone-071-7889669,Mobile,+8550717889669
Metfone-071-7889670,Mobile,+8550717889670
Metfone-071-7889671,Mobile,+8550717889671
Metfone-071-7889672,Mobile,+8550717889672
Metfone-071-7889673,Mobile,+8550717889673
Metfone-071-7889674,Mobile,+8550717889674
Metfone-071-7889675,Mobile,+8550717889675
Metfone-071-7889676,Mobile,+8550717889676
Metfone-071-7889677,Mobile,+8550717889677
Metfone-071-7889678,Mobile,+8550717889678
Metfone-071-7889679,Mobile,+8550717889679
Metfone-071-7889680,Mobile,+8550717889680
Metfone-071-7889681,Mobile,+8550717889681
Metfone-071-7889682,Mobile,+8550717889682
Metfone-071-7889683,Mobile,+8550717889683
Metfone-071-7889684,Mobile,+8550717889684
Metfone-071-7889685,Mobile,+8550717889685
Metfone-071-7889686,Mobile,+8550717889686
Metfone-071-7889687,Mobile,+8550717889687
Metfone-071-7889688,Mobile,+8550717889688
Metfone-071-7889689,Mobile,+8550717889689
Metfone-071-7889690,Mobile,+8550717889690
Metfone-071-7889691,Mobile,+8550717889691
Metfone-071-7889692,Mobile,+8550717889692
Metfone-071-7889693,Mobile,+8550717889693
Metfone-071-7889694,Mobile,+8550717889694
Metfone-071-7889695,Mobile,+8550717889695
Metfone-071-7889696,Mobile,+8550717889696
Metfone-071-7889697,Mobile,+8550717889697
Metfone-071-7889698,Mobile,+8550717889698
Metfone-071-7889699,Mobile,+8550717889699
Metfone-071-7889700,Mobile,+8550717889700
Metfone-071-7889701,Mobile,+8550717889701
Metfone-071-7889702,Mobile,+8550717889702
Metfone-071-7889703,Mobile,+8550717889703
Metfone-071-7889704,Mobile,+8550717889704
Metfone-071-7889705,Mobile,+8550717889705
Metfone-071-7889706,Mobile,+8550717889706
Metfone-071-7889707,Mobile,+8550717889707
Metfone-071-7889708,Mobile,+8550717889708
Metfone-071-7889709,Mobile,+8550717889709
Metfone-071-7889710,Mobile,+8550717889710
Metfone-071-7889711,Mobile,+8550717889711
Metfone-071-7889712,Mobile,+8550717889712
Metfone-071-7889713,Mobile,+8550717889713
Metfone-071-7889714,Mobile,+8550717889714
Metfone-071-7889715,Mobile,+8550717889715
Metfone-071-7889716,Mobile,+8550717889716
Metfone-071-7889717,Mobile,+8550717889717
Metfone-071-7889718,Mobile,+8550717889718
Metfone-071-7889719,Mobile,+8550717889719
Metfone-071-7889720,Mobile,+8550717889720
Metfone-071-7889721,Mobile,+8550717889721
Metfone-071-7889722,Mobile,+8550717889722
Metfone-071-7889723,Mobile,+8550717889723
Metfone-071-7889724,Mobile,+8550717889724
Metfone-071-7889725,Mobile,+8550717889725
Metfone-071-7889726,Mobile,+8550717889726
Metfone-071-7889727,Mobile,+8550717889727
Metfone-071-7889728,Mobile,+8550717889728
Metfone-071-7889729,Mobile,+8550717889729
Metfone-071-7889730,Mobile,+8550717889730
Metfone-071-7889731,Mobile,+8550717889731
Metfone-071-7889732,Mobile,+8550717889732
Metfone-071-7889733,Mobile,+8550717889733
Metfone-071-7889734,Mobile,+8550717889734
Metfone-071-7889735,Mobile,+8550717889735
Metfone-071-7889736,Mobile,+8550717889736
Metfone-071-7889737,Mobile,+8550717889737
Metfone-071-7889738,Mobile,+8550717889738
Metfone-071-7889739,Mobile,+8550717889739
Metfone-071-7889740,Mobile,+8550717889740
Metfone-071-7889741,Mobile,+8550717889741
Metfone-071-7889742,Mobile,+8550717889742
Metfone-071-7889743,Mobile,+8550717889743
Metfone-071-7889744,Mobile,+8550717889744
Metfone-071-7889745,Mobile,+8550717889745
Metfone-071-7889746,Mobile,+8550717889746
Metfone-071-7889747,Mobile,+8550717889747
Metfone-071-7889748,Mobile,+8550717889748
Metfone-071-7889749,Mobile,+8550717889749
Metfone-071-7889750,Mobile,+8550717889750
Metfone-071-7889751,Mobile,+8550717889751
Metfone-071-7889752,Mobile,+8550717889752
Metfone-071-7889753,Mobile,+8550717889753
Metfone-071-7889754,Mobile,+8550717889754
Metfone-071-7889755,Mobile,+8550717889755
Metfone-071-7889756,Mobile,+8550717889756
Metfone-071-7889757,Mobile,+8550717889757
Metfone-071-7889758,Mobile,+8550717889758
Metfone-071-7889759,Mobile,+8550717889759
Metfone-071-7889760,Mobile,+8550717889760
Metfone-071-7889761,Mobile,+8550717889761
Metfone-071-7889762,Mobile,+8550717889762
Metfone-071-7889763,Mobile,+8550717889763
Metfone-071-7889764,Mobile,+8550717889764
Metfone-071-7889765,Mobile,+8550717889765
Metfone-071-7889766,Mobile,+8550717889766
Metfone-071-7889767,Mobile,+8550717889767
Metfone-071-7889768,Mobile,+8550717889768
Metfone-071-7889769,Mobile,+8550717889769
Metfone-071-7889770,Mobile,+8550717889770
Metfone-071-7889771,Mobile,+8550717889771
Metfone-071-7889772,Mobile,+8550717889772
Metfone-071-7889773,Mobile,+8550717889773
Metfone-071-7889774,Mobile,+8550717889774
Metfone-071-7889775,Mobile,+8550717889775
Metfone-071-7889776,Mobile,+8550717889776
Metfone-071-7889777,Mobile,+8550717889777
Metfone-071-7889778,Mobile,+8550717889778
Metfone-071-7889779,Mobile,+8550717889779
Metfone-071-7889780,Mobile,+8550717889780
Metfone-071-7889781,Mobile,+8550717889781
Metfone-071-7889782,Mobile,+8550717889782
Metfone-071-7889783,Mobile,+8550717889783
Metfone-071-7889784,Mobile,+8550717889784
Metfone-071-7889785,Mobile,+8550717889785
Metfone-071-7889786,Mobile,+8550717889786
Metfone-071-7889787,Mobile,+8550717889787
Metfone-071-7889788,Mobile,+8550717889788
Metfone-071-7889789,Mobile,+8550717889789
Metfone-071-7889790,Mobile,+8550717889790
Metfone-071-7889791,Mobile,+8550717889791
Metfone-071-7889792,Mobile,+8550717889792
Metfone-071-7889793,Mobile,+8550717889793
Metfone-071-7889794,Mobile,+8550717889794
Metfone-071-7889795,Mobile,+8550717889795
Metfone-071-7889796,Mobile,+8550717889796
Metfone-071-7889797,Mobile,+8550717889797
Metfone-071-7889798,Mobile,+8550717889798
Metfone-071-7889799,Mobile,+8550717889799
Metfone-071-7889800,Mobile,+8550717889800
Metfone-071-7889801,Mobile,+8550717889801
Metfone-071-7889802,Mobile,+8550717889802
Metfone-071-7889803,Mobile,+8550717889803
Metfone-071-7889804,Mobile,+8550717889804
Metfone-071-7889805,Mobile,+8550717889805
Metfone-071-7889806,Mobile,+8550717889806
Metfone-071-7889807,Mobile,+8550717889807
Metfone-071-7889808,Mobile,+8550717889808
Metfone-071-7889809,Mobile,+8550717889809
Metfone-071-7889810,Mobile,+8550717889810
Metfone-071-7889811,Mobile,+8550717889811
Metfone-071-7889812,Mobile,+8550717889812
Metfone-071-7889813,Mobile,+8550717889813
Metfone-071-7889814,Mobile,+8550717889814
Metfone-071-7889815,Mobile,+8550717889815
Metfone-071-7889816,Mobile,+8550717889816
Metfone-071-7889817,Mobile,+8550717889817
Metfone-071-7889818,Mobile,+8550717889818
Metfone-071-7889819,Mobile,+8550717889819
Metfone-071-7889820,Mobile,+8550717889820
Metfone-071-7889821,Mobile,+8550717889821
Metfone-071-7889822,Mobile,+8550717889822
Metfone-071-7889823,Mobile,+8550717889823
Metfone-071-7889824,Mobile,+8550717889824
Metfone-071-7889825,Mobile,+8550717889825
Metfone-071-7889826,Mobile,+8550717889826
Metfone-071-7889827,Mobile,+8550717889827
Metfone-071-7889828,Mobile,+8550717889828
Metfone-071-7889829,Mobile,+8550717889829
Metfone-071-7889830,Mobile,+8550717889830
Metfone-071-7889831,Mobile,+8550717889831
Metfone-071-7889832,Mobile,+8550717889832
Metfone-071-7889833,Mobile,+8550717889833
Metfone-071-7889834,Mobile,+8550717889834
Metfone-071-7889835,Mobile,+8550717889835
Metfone-071-7889836,Mobile,+8550717889836
Metfone-071-7889837,Mobile,+8550717889837
Metfone-071-7889838,Mobile,+8550717889838
Metfone-071-7889839,Mobile,+8550717889839
Metfone-071-7889840,Mobile,+8550717889840
Metfone-071-7889841,Mobile,+8550717889841
Metfone-071-7889842,Mobile,+8550717889842
Metfone-071-7889843,Mobile,+8550717889843
Metfone-071-7889844,Mobile,+8550717889844
Metfone-071-7889845,Mobile,+8550717889845
Metfone-071-7889846,Mobile,+8550717889846
Metfone-071-7889847,Mobile,+8550717889847
Metfone-071-7889848,Mobile,+8550717889848
Metfone-071-7889849,Mobile,+8550717889849
Metfone-071-7889850,Mobile,+8550717889850
Metfone-071-7889851,Mobile,+8550717889851
Metfone-071-7889852,Mobile,+8550717889852
Metfone-071-7889853,Mobile,+8550717889853
Metfone-071-7889854,Mobile,+8550717889854
Metfone-071-7889855,Mobile,+8550717889855
Metfone-071-7889856,Mobile,+8550717889856
Metfone-071-7889857,Mobile,+8550717889857
Metfone-071-7889858,Mobile,+8550717889858
Metfone-071-7889859,Mobile,+8550717889859
Metfone-071-7889860,Mobile,+8550717889860
Metfone-071-7889861,Mobile,+8550717889861
Metfone-071-7889862,Mobile,+8550717889862
Metfone-071-7889863,Mobile,+8550717889863
Metfone-071-7889864,Mobile,+8550717889864
Metfone-071-7889865,Mobile,+8550717889865
Metfone-071-7889866,Mobile,+8550717889866
Metfone-071-7889867,Mobile,+8550717889867
Metfone-071-7889868,Mobile,+8550717889868
Metfone-071-7889869,Mobile,+8550717889869
Metfone-071-7889870,Mobile,+8550717889870
Metfone-071-7889871,Mobile,+8550717889871
Metfone-071-7889872,Mobile,+8550717889872
Metfone-071-7889873,Mobile,+8550717889873
Metfone-071-7889874,Mobile,+8550717889874
Metfone-071-7889875,Mobile,+8550717889875
Metfone-071-7889876,Mobile,+8550717889876
Metfone-071-7889877,Mobile,+8550717889877
Metfone-071-7889878,Mobile,+8550717889878
Metfone-071-7889879,Mobile,+8550717889879
Metfone-071-7889880,Mobile,+8550717889880
Metfone-071-7889881,Mobile,+8550717889881
Metfone-071-7889882,Mobile,+8550717889882
Metfone-071-7889883,Mobile,+8550717889883
Metfone-071-7889884,Mobile,+8550717889884
Metfone-071-7889885,Mobile,+8550717889885
Metfone-071-7889886,Mobile,+8550717889886
Metfone-071-7889887,Mobile,+8550717889887
Metfone-071-7889888,Mobile,+8550717889888
Metfone-071-7889889,Mobile,+8550717889889
Metfone-071-7889890,Mobile,+8550717889890
Metfone-071-7889891,Mobile,+8550717889891
Metfone-071-7889892,Mobile,+8550717889892
Metfone-071-7889893,Mobile,+8550717889893
Metfone-071-7889894,Mobile,+8550717889894
Metfone-071-7889895,Mobile,+8550717889895
Metfone-071-7889896,Mobile,+8550717889896
Metfone-071-7889897,Mobile,+8550717889897
Metfone-071-7889898,Mobile,+8550717889898
Metfone-071-7889899,Mobile,+8550717889899
Metfone-071-7889900,Mobile,+8550717889900
Metfone-071-7889901,Mobile,+8550717889901
Metfone-071-7889902,Mobile,+8550717889902
Metfone-071-7889903,Mobile,+8550717889903
Metfone-071-7889904,Mobile,+8550717889904
Metfone-071-7889905,Mobile,+8550717889905
Metfone-071-7889906,Mobile,+8550717889906
Metfone-071-7889907,Mobile,+8550717889907
Metfone-071-7889908,Mobile,+8550717889908
Metfone-071-7889909,Mobile,+8550717889909
Metfone-071-7889910,Mobile,+8550717889910
Metfone-071-7889911,Mobile,+8550717889911
Metfone-071-7889912,Mobile,+8550717889912
Metfone-071-7889913,Mobile,+8550717889913
Metfone-071-7889914,Mobile,+8550717889914
Metfone-071-7889915,Mobile,+8550717889915
Metfone-071-7889916,Mobile,+8550717889916
Metfone-071-7889917,Mobile,+8550717889917
Metfone-071-7889918,Mobile,+8550717889918
Metfone-071-7889919,Mobile,+8550717889919
Metfone-071-7889920,Mobile,+8550717889920
Metfone-071-7889921,Mobile,+8550717889921
Metfone-071-7889922,Mobile,+8550717889922
Metfone-071-7889923,Mobile,+8550717889923
Metfone-071-7889924,Mobile,+8550717889924
Metfone-071-7889925,Mobile,+8550717889925
Metfone-071-7889926,Mobile,+8550717889926
Metfone-071-7889927,Mobile,+8550717889927
Metfone-071-7889928,Mobile,+8550717889928
Metfone-071-7889929,Mobile,+8550717889929
Metfone-071-7889930,Mobile,+8550717889930
Metfone-071-7889931,Mobile,+8550717889931
Metfone-071-7889932,Mobile,+8550717889932
Metfone-071-7889933,Mobile,+8550717889933
Metfone-071-7889934,Mobile,+8550717889934
Metfone-071-7889935,Mobile,+8550717889935
Metfone-071-7889936,Mobile,+8550717889936
Metfone-071-7889937,Mobile,+8550717889937
Metfone-071-7889938,Mobile,+8550717889938
Metfone-071-7889939,Mobile,+8550717889939
Metfone-071-7889940,Mobile,+8550717889940
Metfone-071-7889941,Mobile,+8550717889941
Metfone-071-7889942,Mobile,+8550717889942
Metfone-071-7889943,Mobile,+8550717889943
Metfone-071-7889944,Mobile,+8550717889944
Metfone-071-7889945,Mobile,+8550717889945
Metfone-071-7889946,Mobile,+8550717889946
Metfone-071-7889947,Mobile,+8550717889947
Metfone-071-7889948,Mobile,+8550717889948
Metfone-071-7889949,Mobile,+8550717889949
Metfone-071-7889950,Mobile,+8550717889950
Metfone-071-7889951,Mobile,+8550717889951
Metfone-071-7889952,Mobile,+8550717889952
Metfone-071-7889953,Mobile,+8550717889953
Metfone-071-7889954,Mobile,+8550717889954
Metfone-071-7889955,Mobile,+8550717889955
Metfone-071-7889956,Mobile,+8550717889956
Metfone-071-7889957,Mobile,+8550717889957
Metfone-071-7889958,Mobile,+8550717889958
Metfone-071-7889959,Mobile,+8550717889959
Metfone-071-7889960,Mobile,+8550717889960
Metfone-071-7889961,Mobile,+8550717889961
Metfone-071-7889962,Mobile,+8550717889962
Metfone-071-7889963,Mobile,+8550717889963
Metfone-071-7889964,Mobile,+8550717889964
Metfone-071-7889965,Mobile,+8550717889965
Metfone-071-7889966,Mobile,+8550717889966
Metfone-071-7889967,Mobile,+8550717889967
Metfone-071-7889968,Mobile,+8550717889968
Metfone-071-7889969,Mobile,+8550717889969
Metfone-071-7889970,Mobile,+8550717889970
Metfone-071-7889971,Mobile,+8550717889971
Metfone-071-7889972,Mobile,+8550717889972
Metfone-071-7889973,Mobile,+8550717889973
Metfone-071-7889974,Mobile,+8550717889974
Metfone-071-7889975,Mobile,+8550717889975
Metfone-071-7889976,Mobile,+8550717889976
Metfone-071-7889977,Mobile,+8550717889977
Metfone-071-7889978,Mobile,+8550717889978
Metfone-071-7889979,Mobile,+8550717889979
Metfone-071-7889980,Mobile,+8550717889980
Metfone-071-7889981,Mobile,+8550717889981
Metfone-071-7889982,Mobile,+8550717889982
Metfone-071-7889983,Mobile,+8550717889983
Metfone-071-7889984,Mobile,+8550717889984
Metfone-071-7889985,Mobile,+8550717889985
Metfone-071-7889986,Mobile,+8550717889986
Metfone-071-7889987,Mobile,+8550717889987
Metfone-071-7889988,Mobile,+8550717889988
Metfone-071-7889989,Mobile,+8550717889989
Metfone-071-7889990,Mobile,+8550717889990
Metfone-071-7889991,Mobile,+8550717889991
Metfone-071-7889992,Mobile,+8550717889992
Metfone-071-7889993,Mobile,+8550717889993
Metfone-071-7889994,Mobile,+8550717889994
Metfone-071-7889995,Mobile,+8550717889995
Metfone-071-7889996,Mobile,+8550717889996
Metfone-071-7889997,Mobile,+8550717889997
Metfone-071-7889998,Mobile,+8550717889998
Metfone-071-7889999,Mobile,+8550717889999
Metfone-071-7890000,Mobile,+8550717890000
Metfone-071-7890001,Mobile,+8550717890001
Metfone-071-7890002,Mobile,+8550717890002
Metfone-071-7890003,Mobile,+8550717890003
Metfone-071-7890004,Mobile,+8550717890004
Metfone-071-7890005,Mobile,+8550717890005
Metfone-071-7890006,Mobile,+8550717890006
Metfone-071-7890007,Mobile,+8550717890007
Metfone-071-7890008,Mobile,+8550717890008
Metfone-071-7890009,Mobile,+8550717890009
Metfone-071-7890010,Mobile,+8550717890010
Metfone-071-7890011,Mobile,+8550717890011
Metfone-071-7890012,Mobile,+8550717890012
Metfone-071-7890013,Mobile,+8550717890013
Metfone-071-7890014,Mobile,+8550717890014
Metfone-071-7890015,Mobile,+8550717890015
Metfone-071-7890016,Mobile,+8550717890016
Metfone-071-7890017,Mobile,+8550717890017
Metfone-071-7890018,Mobile,+8550717890018
Metfone-071-7890019,Mobile,+8550717890019
Metfone-071-7890020,Mobile,+8550717890020
Metfone-071-7890021,Mobile,+8550717890021
Metfone-071-7890022,Mobile,+8550717890022
Metfone-071-7890023,Mobile,+8550717890023
Metfone-071-7890024,Mobile,+8550717890024
Metfone-071-7890025,Mobile,+8550717890025
Metfone-071-7890026,Mobile,+8550717890026
Metfone-071-7890027,Mobile,+8550717890027
Metfone-071-7890028,Mobile,+8550717890028
Metfone-071-7890029,Mobile,+8550717890029
Metfone-071-7890030,Mobile,+8550717890030
Metfone-071-7890031,Mobile,+8550717890031
Metfone-071-7890032,Mobile,+8550717890032
Metfone-071-7890033,Mobile,+8550717890033
Metfone-071-7890034,Mobile,+8550717890034
Metfone-071-7890035,Mobile,+8550717890035
Metfone-071-7890036,Mobile,+8550717890036
Metfone-071-7890037,Mobile,+8550717890037
Metfone-071-7890038,Mobile,+8550717890038
Metfone-071-7890039,Mobile,+8550717890039
Metfone-071-7890040,Mobile,+8550717890040
Metfone-071-7890041,Mobile,+8550717890041
Metfone-071-7890042,Mobile,+8550717890042
Metfone-071-7890043,Mobile,+8550717890043
Metfone-071-7890044,Mobile,+8550717890044
Metfone-071-7890045,Mobile,+8550717890045
Metfone-071-7890046,Mobile,+8550717890046
Metfone-071-7890047,Mobile,+8550717890047
Metfone-071-7890048,Mobile,+8550717890048
Metfone-071-7890049,Mobile,+8550717890049
Metfone-071-7890050,Mobile,+8550717890050
Metfone-071-7890051,Mobile,+8550717890051
Metfone-071-7890052,Mobile,+8550717890052
Metfone-071-7890053,Mobile,+8550717890053
Metfone-071-7890054,Mobile,+8550717890054
Metfone-071-7890055,Mobile,+8550717890055
Metfone-071-7890056,Mobile,+8550717890056
Metfone-071-7890057,Mobile,+8550717890057
Metfone-071-7890058,Mobile,+8550717890058
Metfone-071-7890059,Mobile,+8550717890059
Metfone-071-7890060,Mobile,+8550717890060
Metfone-071-7890061,Mobile,+8550717890061
Metfone-071-7890062,Mobile,+8550717890062
Metfone-071-7890063,Mobile,+8550717890063
Metfone-071-7890064,Mobile,+8550717890064
Metfone-071-7890065,Mobile,+8550717890065
Metfone-071-7890066,Mobile,+8550717890066
Metfone-071-7890067,Mobile,+8550717890067
Metfone-071-7890068,Mobile,+8550717890068
Metfone-071-7890069,Mobile,+8550717890069
Metfone-071-7890070,Mobile,+8550717890070
Metfone-071-7890071,Mobile,+8550717890071
Metfone-071-7890072,Mobile,+8550717890072
Metfone-071-7890073,Mobile,+8550717890073
Metfone-071-7890074,Mobile,+8550717890074
Metfone-071-7890075,Mobile,+8550717890075
Metfone-071-7890076,Mobile,+8550717890076
Metfone-071-7890077,Mobile,+8550717890077
Metfone-071-7890078,Mobile,+8550717890078
Metfone-071-7890079,Mobile,+8550717890079
Metfone-071-7890080,Mobile,+8550717890080
Metfone-071-7890081,Mobile,+8550717890081
Metfone-071-7890082,Mobile,+8550717890082
Metfone-071-7890083,Mobile,+8550717890083
Metfone-071-7890084,Mobile,+8550717890084
Metfone-071-7890085,Mobile,+8550717890085
Metfone-071-7890086,Mobile,+8550717890086
Metfone-071-7890087,Mobile,+8550717890087
Metfone-071-7890088,Mobile,+8550717890088
Metfone-071-7890089,Mobile,+8550717890089
Metfone-071-7890090,Mobile,+8550717890090
Metfone-071-7890091,Mobile,+8550717890091
Metfone-071-7890092,Mobile,+8550717890092
Metfone-071-7890093,Mobile,+8550717890093
Metfone-071-7890094,Mobile,+8550717890094
Metfone-071-7890095,Mobile,+8550717890095
Metfone-071-7890096,Mobile,+8550717890096
Metfone-071-7890097,Mobile,+8550717890097
Metfone-071-7890098,Mobile,+8550717890098
Metfone-071-7890099,Mobile,+8550717890099
Metfone-071-7890100,Mobile,+8550717890100
Metfone-071-7890101,Mobile,+8550717890101
Metfone-071-7890102,Mobile,+8550717890102
Metfone-071-7890103,Mobile,+8550717890103
Metfone-071-7890104,Mobile,+8550717890104
Metfone-071-7890105,Mobile,+8550717890105
Metfone-071-7890106,Mobile,+8550717890106
Metfone-071-7890107,Mobile,+8550717890107
Metfone-071-7890108,Mobile,+8550717890108
Metfone-071-7890109,Mobile,+8550717890109
Metfone-071-7890110,Mobile,+8550717890110
Metfone-071-7890111,Mobile,+8550717890111
Metfone-071-7890112,Mobile,+8550717890112
Metfone-071-7890113,Mobile,+8550717890113
Metfone-071-7890114,Mobile,+8550717890114
Metfone-071-7890115,Mobile,+8550717890115
Metfone-071-7890116,Mobile,+8550717890116
Metfone-071-7890117,Mobile,+8550717890117
Metfone-071-7890118,Mobile,+8550717890118
Metfone-071-7890119,Mobile,+8550717890119
Metfone-071-7890120,Mobile,+8550717890120
Metfone-071-7890121,Mobile,+8550717890121
Metfone-071-7890122,Mobile,+8550717890122
Metfone-071-7890123,Mobile,+8550717890123
Metfone-071-7890124,Mobile,+8550717890124
Metfone-071-7890125,Mobile,+8550717890125
Metfone-071-7890126,Mobile,+8550717890126
Metfone-071-7890127,Mobile,+8550717890127
Metfone-071-7890128,Mobile,+8550717890128
Metfone-071-7890129,Mobile,+8550717890129
Metfone-071-7890130,Mobile,+8550717890130
Metfone-071-7890131,Mobile,+8550717890131
Metfone-071-7890132,Mobile,+8550717890132
Metfone-071-7890133,Mobile,+8550717890133
Metfone-071-7890134,Mobile,+8550717890134
Metfone-071-7890135,Mobile,+8550717890135
Metfone-071-7890136,Mobile,+8550717890136
Metfone-071-7890137,Mobile,+8550717890137
Metfone-071-7890138,Mobile,+8550717890138
Metfone-071-7890139,Mobile,+8550717890139
Metfone-071-7890140,Mobile,+8550717890140
Metfone-071-7890141,Mobile,+8550717890141
Metfone-071-7890142,Mobile,+8550717890142
Metfone-071-7890143,Mobile,+8550717890143
Metfone-071-7890144,Mobile,+8550717890144
Metfone-071-7890145,Mobile,+8550717890145
Metfone-071-7890146,Mobile,+8550717890146
Metfone-071-7890147,Mobile,+8550717890147
Metfone-071-7890148,Mobile,+8550717890148
Metfone-071-7890149,Mobile,+8550717890149
Metfone-071-7890150,Mobile,+8550717890150
Metfone-071-7890151,Mobile,+8550717890151
Metfone-071-7890152,Mobile,+8550717890152
Metfone-071-7890153,Mobile,+8550717890153
Metfone-071-7890154,Mobile,+8550717890154
Metfone-071-7890155,Mobile,+8550717890155
Metfone-071-7890156,Mobile,+8550717890156
Metfone-071-7890157,Mobile,+8550717890157
Metfone-071-7890158,Mobile,+8550717890158
Metfone-071-7890159,Mobile,+8550717890159
Metfone-071-7890160,Mobile,+8550717890160
Metfone-071-7890161,Mobile,+8550717890161
Metfone-071-7890162,Mobile,+8550717890162
Metfone-071-7890163,Mobile,+8550717890163
Metfone-071-7890164,Mobile,+8550717890164
Metfone-071-7890165,Mobile,+8550717890165
Metfone-071-7890166,Mobile,+8550717890166
Metfone-071-7890167,Mobile,+8550717890167
Metfone-071-7890168,Mobile,+8550717890168
Metfone-071-7890169,Mobile,+8550717890169
Metfone-071-7890170,Mobile,+8550717890170
Metfone-071-7890171,Mobile,+8550717890171
Metfone-071-7890172,Mobile,+8550717890172
Metfone-071-7890173,Mobile,+8550717890173
Metfone-071-7890174,Mobile,+8550717890174
Metfone-071-7890175,Mobile,+8550717890175
Metfone-071-7890176,Mobile,+8550717890176
Metfone-071-7890177,Mobile,+8550717890177
Metfone-071-7890178,Mobile,+8550717890178
Metfone-071-7890179,Mobile,+8550717890179
Metfone-071-7890180,Mobile,+8550717890180
Metfone-071-7890181,Mobile,+8550717890181
Metfone-071-7890182,Mobile,+8550717890182
Metfone-071-7890183,Mobile,+8550717890183
Metfone-071-7890184,Mobile,+8550717890184
Metfone-071-7890185,Mobile,+8550717890185
Metfone-071-7890186,Mobile,+8550717890186
Metfone-071-7890187,Mobile,+8550717890187
Metfone-071-7890188,Mobile,+8550717890188
Metfone-071-7890189,Mobile,+8550717890189
Metfone-071-7890190,Mobile,+8550717890190
Metfone-071-7890191,Mobile,+8550717890191
Metfone-071-7890192,Mobile,+8550717890192
Metfone-071-7890193,Mobile,+8550717890193
Metfone-071-7890194,Mobile,+8550717890194
Metfone-071-7890195,Mobile,+8550717890195
Metfone-071-7890196,Mobile,+8550717890196
Metfone-071-7890197,Mobile,+8550717890197
Metfone-071-7890198,Mobile,+8550717890198
Metfone-071-7890199,Mobile,+8550717890199
Metfone-071-7890200,Mobile,+8550717890200
Metfone-071-7890201,Mobile,+8550717890201
Metfone-071-7890202,Mobile,+8550717890202
Metfone-071-7890203,Mobile,+8550717890203
Metfone-071-7890204,Mobile,+8550717890204
Metfone-071-7890205,Mobile,+8550717890205
Metfone-071-7890206,Mobile,+8550717890206
Metfone-071-7890207,Mobile,+8550717890207
Metfone-071-7890208,Mobile,+8550717890208
Metfone-071-7890209,Mobile,+8550717890209
Metfone-071-7890210,Mobile,+8550717890210
Metfone-071-7890211,Mobile,+8550717890211
Metfone-071-7890212,Mobile,+8550717890212
Metfone-071-7890213,Mobile,+8550717890213
Metfone-071-7890214,Mobile,+8550717890214
Metfone-071-7890215,Mobile,+8550717890215
Metfone-071-7890216,Mobile,+8550717890216
Metfone-071-7890217,Mobile,+8550717890217
Metfone-071-7890218,Mobile,+8550717890218
Metfone-071-7890219,Mobile,+8550717890219
Metfone-071-7890220,Mobile,+8550717890220
Metfone-071-7890221,Mobile,+8550717890221
Metfone-071-7890222,Mobile,+8550717890222
Metfone-071-7890223,Mobile,+8550717890223
Metfone-071-7890224,Mobile,+8550717890224
Metfone-071-7890225,Mobile,+8550717890225
Metfone-071-7890226,Mobile,+8550717890226
Metfone-071-7890227,Mobile,+8550717890227
Metfone-071-7890228,Mobile,+8550717890228
Metfone-071-7890229,Mobile,+8550717890229
Metfone-071-7890230,Mobile,+8550717890230
Metfone-071-7890231,Mobile,+8550717890231
Metfone-071-7890232,Mobile,+8550717890232
Metfone-071-7890233,Mobile,+8550717890233
Metfone-071-7890234,Mobile,+8550717890234
Metfone-071-7890235,Mobile,+8550717890235
Metfone-071-7890236,Mobile,+8550717890236
Metfone-071-7890237,Mobile,+8550717890237
Metfone-071-7890238,Mobile,+8550717890238
Metfone-071-7890239,Mobile,+8550717890239
Metfone-071-7890240,Mobile,+8550717890240
Metfone-071-7890241,Mobile,+8550717890241
Metfone-071-7890242,Mobile,+8550717890242
Metfone-071-7890243,Mobile,+8550717890243
Metfone-071-7890244,Mobile,+8550717890244
Metfone-071-7890245,Mobile,+8550717890245
Metfone-071-7890246,Mobile,+8550717890246
Metfone-071-7890247,Mobile,+8550717890247
Metfone-071-7890248,Mobile,+8550717890248
Metfone-071-7890249,Mobile,+8550717890249
Metfone-071-7890250,Mobile,+8550717890250
Metfone-071-7890251,Mobile,+8550717890251
Metfone-071-7890252,Mobile,+8550717890252
Metfone-071-7890253,Mobile,+8550717890253
Metfone-071-7890254,Mobile,+8550717890254
Metfone-071-7890255,Mobile,+8550717890255
Metfone-071-7890256,Mobile,+8550717890256
Metfone-071-7890257,Mobile,+8550717890257
Metfone-071-7890258,Mobile,+8550717890258
Metfone-071-7890259,Mobile,+8550717890259
Metfone-071-7890260,Mobile,+8550717890260
Metfone-071-7890261,Mobile,+8550717890261
Metfone-071-7890262,Mobile,+8550717890262
Metfone-071-7890263,Mobile,+8550717890263
Metfone-071-7890264,Mobile,+8550717890264
Metfone-071-7890265,Mobile,+8550717890265
Metfone-071-7890266,Mobile,+8550717890266
Metfone-071-7890267,Mobile,+8550717890267
Metfone-071-7890268,Mobile,+8550717890268
Metfone-071-7890269,Mobile,+8550717890269
Metfone-071-7890270,Mobile,+8550717890270
Metfone-071-7890271,Mobile,+8550717890271
Metfone-071-7890272,Mobile,+8550717890272
Metfone-071-7890273,Mobile,+8550717890273
Metfone-071-7890274,Mobile,+8550717890274
Metfone-071-7890275,Mobile,+8550717890275
Metfone-071-7890276,Mobile,+8550717890276
Metfone-071-7890277,Mobile,+8550717890277
Metfone-071-7890278,Mobile,+8550717890278
Metfone-071-7890279,Mobile,+8550717890279
Metfone-071-7890280,Mobile,+8550717890280
Metfone-071-7890281,Mobile,+8550717890281
Metfone-071-7890282,Mobile,+8550717890282
Metfone-071-7890283,Mobile,+8550717890283
Metfone-071-7890284,Mobile,+8550717890284
Metfone-071-7890285,Mobile,+8550717890285
Metfone-071-7890286,Mobile,+8550717890286
Metfone-071-7890287,Mobile,+8550717890287
Metfone-071-7890288,Mobile,+8550717890288
Metfone-071-7890289,Mobile,+8550717890289
Metfone-071-7890290,Mobile,+8550717890290
Metfone-071-7890291,Mobile,+8550717890291
Metfone-071-7890292,Mobile,+8550717890292
Metfone-071-7890293,Mobile,+8550717890293
Metfone-071-7890294,Mobile,+8550717890294
Metfone-071-7890295,Mobile,+8550717890295
Metfone-071-7890296,Mobile,+8550717890296
Metfone-071-7890297,Mobile,+8550717890297
Metfone-071-7890298,Mobile,+8550717890298
Metfone-071-7890299,Mobile,+8550717890299
Metfone-071-7890300,Mobile,+8550717890300
Metfone-071-7890301,Mobile,+8550717890301
Metfone-071-7890302,Mobile,+8550717890302
Metfone-071-7890303,Mobile,+8550717890303
Metfone-071-7890304,Mobile,+8550717890304
Metfone-071-7890305,Mobile,+8550717890305
Metfone-071-7890306,Mobile,+8550717890306
Metfone-071-7890307,Mobile,+8550717890307
Metfone-071-7890308,Mobile,+8550717890308
Metfone-071-7890309,Mobile,+8550717890309
Metfone-071-7890310,Mobile,+8550717890310
Metfone-071-7890311,Mobile,+8550717890311
Metfone-071-7890312,Mobile,+8550717890312
Metfone-071-7890313,Mobile,+8550717890313
Metfone-071-7890314,Mobile,+8550717890314
Metfone-071-7890315,Mobile,+8550717890315
Metfone-071-7890316,Mobile,+8550717890316
Metfone-071-7890317,Mobile,+8550717890317
Metfone-071-7890318,Mobile,+8550717890318
Metfone-071-7890319,Mobile,+8550717890319
Metfone-071-7890320,Mobile,+8550717890320
Metfone-071-7890321,Mobile,+8550717890321
Metfone-071-7890322,Mobile,+8550717890322
Metfone-071-7890323,Mobile,+8550717890323
Metfone-071-7890324,Mobile,+8550717890324
Metfone-071-7890325,Mobile,+8550717890325
Metfone-071-7890326,Mobile,+8550717890326
Metfone-071-7890327,Mobile,+8550717890327
Metfone-071-7890328,Mobile,+8550717890328
Metfone-071-7890329,Mobile,+8550717890329
Metfone-071-7890330,Mobile,+8550717890330
Metfone-071-7890331,Mobile,+8550717890331
Metfone-071-7890332,Mobile,+8550717890332
Metfone-071-7890333,Mobile,+8550717890333
Metfone-071-7890334,Mobile,+8550717890334
Metfone-071-7890335,Mobile,+8550717890335
Metfone-071-7890336,Mobile,+8550717890336
Metfone-071-7890337,Mobile,+8550717890337
Metfone-071-7890338,Mobile,+8550717890338
Metfone-071-7890339,Mobile,+8550717890339
Metfone-071-7890340,Mobile,+8550717890340
Metfone-071-7890341,Mobile,+8550717890341
Metfone-071-7890342,Mobile,+8550717890342
Metfone-071-7890343,Mobile,+8550717890343
Metfone-071-7890344,Mobile,+8550717890344
Metfone-071-7890345,Mobile,+8550717890345
Metfone-071-7890346,Mobile,+8550717890346
Metfone-071-7890347,Mobile,+8550717890347
Metfone-071-7890348,Mobile,+8550717890348
Metfone-071-7890349,Mobile,+8550717890349
Metfone-071-7890350,Mobile,+8550717890350
Metfone-071-7890351,Mobile,+8550717890351
Metfone-071-7890352,Mobile,+8550717890352
Metfone-071-7890353,Mobile,+8550717890353
Metfone-071-7890354,Mobile,+8550717890354
Metfone-071-7890355,Mobile,+8550717890355
Metfone-071-7890356,Mobile,+8550717890356
Metfone-071-7890357,Mobile,+8550717890357
Metfone-071-7890358,Mobile,+8550717890358
Metfone-071-7890359,Mobile,+8550717890359
Metfone-071-7890360,Mobile,+8550717890360
Metfone-071-7890361,Mobile,+8550717890361
Metfone-071-7890362,Mobile,+8550717890362
Metfone-071-7890363,Mobile,+8550717890363
Metfone-071-7890364,Mobile,+8550717890364
Metfone-071-7890365,Mobile,+8550717890365
Metfone-071-7890366,Mobile,+8550717890366
Metfone-071-7890367,Mobile,+8550717890367
Metfone-071-7890368,Mobile,+8550717890368
Metfone-071-7890369,Mobile,+8550717890369
Metfone-071-7890370,Mobile,+8550717890370
Metfone-071-7890371,Mobile,+8550717890371
Metfone-071-7890372,Mobile,+8550717890372
Metfone-071-7890373,Mobile,+8550717890373
Metfone-071-7890374,Mobile,+8550717890374
Metfone-071-7890375,Mobile,+8550717890375
Metfone-071-7890376,Mobile,+8550717890376
Metfone-071-7890377,Mobile,+8550717890377
Metfone-071-7890378,Mobile,+8550717890378
Metfone-071-7890379,Mobile,+8550717890379
Metfone-071-7890380,Mobile,+8550717890380
Metfone-071-7890381,Mobile,+8550717890381
Metfone-071-7890382,Mobile,+8550717890382
Metfone-071-7890383,Mobile,+8550717890383
Metfone-071-7890384,Mobile,+8550717890384
Metfone-071-7890385,Mobile,+8550717890385
Metfone-071-7890386,Mobile,+8550717890386
Metfone-071-7890387,Mobile,+8550717890387
Metfone-071-7890388,Mobile,+8550717890388
Metfone-071-7890389,Mobile,+8550717890389
Metfone-071-7890390,Mobile,+8550717890390
Metfone-071-7890391,Mobile,+8550717890391
Metfone-071-7890392,Mobile,+8550717890392
Metfone-071-7890393,Mobile,+8550717890393
Metfone-071-7890394,Mobile,+8550717890394
Metfone-071-7890395,Mobile,+8550717890395
Metfone-071-7890396,Mobile,+8550717890396
Metfone-071-7890397,Mobile,+8550717890397
Metfone-071-7890398,Mobile,+8550717890398
Metfone-071-7890399,Mobile,+8550717890399
Metfone-071-7890400,Mobile,+8550717890400
Metfone-071-7890401,Mobile,+8550717890401
Metfone-071-7890402,Mobile,+8550717890402
Metfone-071-7890403,Mobile,+8550717890403
Metfone-071-7890404,Mobile,+8550717890404
Metfone-071-7890405,Mobile,+8550717890405
Metfone-071-7890406,Mobile,+8550717890406
Metfone-071-7890407,Mobile,+8550717890407
Metfone-071-7890408,Mobile,+8550717890408
Metfone-071-7890409,Mobile,+8550717890409
Metfone-071-7890410,Mobile,+8550717890410
Metfone-071-7890411,Mobile,+8550717890411
Metfone-071-7890412,Mobile,+8550717890412
Metfone-071-7890413,Mobile,+8550717890413
Metfone-071-7890414,Mobile,+8550717890414
Metfone-071-7890415,Mobile,+8550717890415
Metfone-071-7890416,Mobile,+8550717890416
Metfone-071-7890417,Mobile,+8550717890417
Metfone-071-7890418,Mobile,+8550717890418
Metfone-071-7890419,Mobile,+8550717890419
Metfone-071-7890420,Mobile,+8550717890420
Metfone-071-7890421,Mobile,+8550717890421
Metfone-071-7890422,Mobile,+8550717890422
Metfone-071-7890423,Mobile,+8550717890423
Metfone-071-7890424,Mobile,+8550717890424
Metfone-071-7890425,Mobile,+8550717890425
Metfone-071-7890426,Mobile,+8550717890426
Metfone-071-7890427,Mobile,+8550717890427
Metfone-071-7890428,Mobile,+8550717890428
Metfone-071-7890429,Mobile,+8550717890429
Metfone-071-7890430,Mobile,+8550717890430
Metfone-071-7890431,Mobile,+8550717890431
Metfone-071-7890432,Mobile,+8550717890432
Metfone-071-7890433,Mobile,+8550717890433
Metfone-071-7890434,Mobile,+8550717890434
Metfone-071-7890435,Mobile,+8550717890435
Metfone-071-7890436,Mobile,+8550717890436
Metfone-071-7890437,Mobile,+8550717890437
Metfone-071-7890438,Mobile,+8550717890438
Metfone-071-7890439,Mobile,+8550717890439
Metfone-071-7890440,Mobile,+8550717890440
Metfone-071-7890441,Mobile,+8550717890441
Metfone-071-7890442,Mobile,+8550717890442
Metfone-071-7890443,Mobile,+8550717890443
Metfone-071-7890444,Mobile,+8550717890444
Metfone-071-7890445,Mobile,+8550717890445
Metfone-071-7890446,Mobile,+8550717890446
Metfone-071-7890447,Mobile,+8550717890447
Metfone-071-7890448,Mobile,+8550717890448
Metfone-071-7890449,Mobile,+8550717890449
Metfone-071-7890450,Mobile,+8550717890450
Metfone-071-7890451,Mobile,+8550717890451
Metfone-071-7890452,Mobile,+8550717890452
Metfone-071-7890453,Mobile,+8550717890453
Metfone-071-7890454,Mobile,+8550717890454
Metfone-071-7890455,Mobile,+8550717890455
Metfone-071-7890456,Mobile,+8550717890456
Metfone-071-7890457,Mobile,+8550717890457
Metfone-071-7890458,Mobile,+8550717890458
Metfone-071-7890459,Mobile,+8550717890459
Metfone-071-7890460,Mobile,+8550717890460
Metfone-071-7890461,Mobile,+8550717890461
Metfone-071-7890462,Mobile,+8550717890462
Metfone-071-7890463,Mobile,+8550717890463
Metfone-071-7890464,Mobile,+8550717890464
Metfone-071-7890465,Mobile,+8550717890465
Metfone-071-7890466,Mobile,+8550717890466
Metfone-071-7890467,Mobile,+8550717890467
Metfone-071-7890468,Mobile,+8550717890468
Metfone-071-7890469,Mobile,+8550717890469
Metfone-071-7890470,Mobile,+8550717890470
Metfone-071-7890471,Mobile,+8550717890471
Metfone-071-7890472,Mobile,+8550717890472
Metfone-071-7890473,Mobile,+8550717890473
Metfone-071-7890474,Mobile,+8550717890474
Metfone-071-7890475,Mobile,+8550717890475
Metfone-071-7890476,Mobile,+8550717890476
Metfone-071-7890477,Mobile,+8550717890477
Metfone-071-7890478,Mobile,+8550717890478
Metfone-071-7890479,Mobile,+8550717890479
Metfone-071-7890480,Mobile,+8550717890480
Metfone-071-7890481,Mobile,+8550717890481
Metfone-071-7890482,Mobile,+8550717890482
Metfone-071-7890483,Mobile,+8550717890483
Metfone-071-7890484,Mobile,+8550717890484
Metfone-071-7890485,Mobile,+8550717890485
Metfone-071-7890486,Mobile,+8550717890486
Metfone-071-7890487,Mobile,+8550717890487
Metfone-071-7890488,Mobile,+8550717890488
Metfone-071-7890489,Mobile,+8550717890489
Metfone-071-7890490,Mobile,+8550717890490
Metfone-071-7890491,Mobile,+8550717890491
Metfone-071-7890492,Mobile,+8550717890492
Metfone-071-7890493,Mobile,+8550717890493
Metfone-071-7890494,Mobile,+8550717890494
Metfone-071-7890495,Mobile,+8550717890495
Metfone-071-7890496,Mobile,+8550717890496
Metfone-071-7890497,Mobile,+8550717890497
Metfone-071-7890498,Mobile,+8550717890498
Metfone-071-7890499,Mobile,+8550717890499
Metfone-071-7890500,Mobile,+8550717890500
Metfone-071-7890501,Mobile,+8550717890501
Metfone-071-7890502,Mobile,+8550717890502
Metfone-071-7890503,Mobile,+8550717890503
Metfone-071-7890504,Mobile,+8550717890504
Metfone-071-7890505,Mobile,+8550717890505
Metfone-071-7890506,Mobile,+8550717890506
Metfone-071-7890507,Mobile,+8550717890507
Metfone-071-7890508,Mobile,+8550717890508
Metfone-071-7890509,Mobile,+8550717890509
Metfone-071-7890510,Mobile,+8550717890510
Metfone-071-7890511,Mobile,+8550717890511
Metfone-071-7890512,Mobile,+8550717890512
Metfone-071-7890513,Mobile,+8550717890513
Metfone-071-7890514,Mobile,+8550717890514
Metfone-071-7890515,Mobile,+8550717890515
Metfone-071-7890516,Mobile,+8550717890516
Metfone-071-7890517,Mobile,+8550717890517
Metfone-071-7890518,Mobile,+8550717890518
Metfone-071-7890519,Mobile,+8550717890519
Metfone-071-7890520,Mobile,+8550717890520
Metfone-071-7890521,Mobile,+8550717890521
Metfone-071-7890522,Mobile,+8550717890522
Metfone-071-7890523,Mobile,+8550717890523
Metfone-071-7890524,Mobile,+8550717890524
Metfone-071-7890525,Mobile,+8550717890525
Metfone-071-7890526,Mobile,+8550717890526
Metfone-071-7890527,Mobile,+8550717890527
Metfone-071-7890528,Mobile,+8550717890528
Metfone-071-7890529,Mobile,+8550717890529
Metfone-071-7890530,Mobile,+8550717890530
Metfone-071-7890531,Mobile,+8550717890531
Metfone-071-7890532,Mobile,+8550717890532
Metfone-071-7890533,Mobile,+8550717890533
Metfone-071-7890534,Mobile,+8550717890534
Metfone-071-7890535,Mobile,+8550717890535
Metfone-071-7890536,Mobile,+8550717890536
Metfone-071-7890537,Mobile,+8550717890537
Metfone-071-7890538,Mobile,+8550717890538
Metfone-071-7890539,Mobile,+8550717890539
Metfone-071-7890540,Mobile,+8550717890540
Metfone-071-7890541,Mobile,+8550717890541
Metfone-071-7890542,Mobile,+8550717890542
Metfone-071-7890543,Mobile,+8550717890543
Metfone-071-7890544,Mobile,+8550717890544
Metfone-071-7890545,Mobile,+8550717890545
Metfone-071-7890546,Mobile,+8550717890546
Metfone-071-7890547,Mobile,+8550717890547
Metfone-071-7890548,Mobile,+8550717890548
Metfone-071-7890549,Mobile,+8550717890549
Metfone-071-7890550,Mobile,+8550717890550
Metfone-071-7890551,Mobile,+8550717890551
Metfone-071-7890552,Mobile,+8550717890552
Metfone-071-7890553,Mobile,+8550717890553
Metfone-071-7890554,Mobile,+8550717890554
Metfone-071-7890555,Mobile,+8550717890555
Metfone-071-7890556,Mobile,+8550717890556
Metfone-071-7890557,Mobile,+8550717890557
Metfone-071-7890558,Mobile,+8550717890558
Metfone-071-7890559,Mobile,+8550717890559
Metfone-071-7890560,Mobile,+8550717890560
Metfone-071-7890561,Mobile,+8550717890561
Metfone-071-7890562,Mobile,+8550717890562
Metfone-071-7890563,Mobile,+8550717890563
Metfone-071-7890564,Mobile,+8550717890564
Metfone-071-7890565,Mobile,+8550717890565
Metfone-071-7890566,Mobile,+8550717890566
Metfone-071-7890567,Mobile,+8550717890567
Metfone-071-7890568,Mobile,+8550717890568
Metfone-071-7890569,Mobile,+8550717890569
Metfone-071-7890570,Mobile,+8550717890570
Metfone-071-7890571,Mobile,+8550717890571
Metfone-071-7890572,Mobile,+8550717890572
Metfone-071-7890573,Mobile,+8550717890573
Metfone-071-7890574,Mobile,+8550717890574
Metfone-071-7890575,Mobile,+8550717890575
Metfone-071-7890576,Mobile,+8550717890576
Metfone-071-7890577,Mobile,+8550717890577
Metfone-071-7890578,Mobile,+8550717890578
Metfone-071-7890579,Mobile,+8550717890579
Metfone-071-7890580,Mobile,+8550717890580
Metfone-071-7890581,Mobile,+8550717890581
Metfone-071-7890582,Mobile,+8550717890582
Metfone-071-7890583,Mobile,+8550717890583
Metfone-071-7890584,Mobile,+8550717890584
Metfone-071-7890585,Mobile,+8550717890585
Metfone-071-7890586,Mobile,+8550717890586
Metfone-071-7890587,Mobile,+8550717890587
Metfone-071-7890588,Mobile,+8550717890588
Metfone-071-7890589,Mobile,+8550717890589
Metfone-071-7890590,Mobile,+8550717890590
Metfone-071-7890591,Mobile,+8550717890591
Metfone-071-7890592,Mobile,+8550717890592
Metfone-071-7890593,Mobile,+8550717890593
Metfone-071-7890594,Mobile,+8550717890594
Metfone-071-7890595,Mobile,+8550717890595
Metfone-071-7890596,Mobile,+8550717890596
Metfone-071-7890597,Mobile,+8550717890597
Metfone-071-7890598,Mobile,+8550717890598
Metfone-071-7890599,Mobile,+8550717890599
Metfone-071-7890600,Mobile,+8550717890600
Metfone-071-7890601,Mobile,+8550717890601
Metfone-071-7890602,Mobile,+8550717890602
Metfone-071-7890603,Mobile,+8550717890603
Metfone-071-7890604,Mobile,+8550717890604
Metfone-071-7890605,Mobile,+8550717890605
Metfone-071-7890606,Mobile,+8550717890606
Metfone-071-7890607,Mobile,+8550717890607
Metfone-071-7890608,Mobile,+8550717890608
Metfone-071-7890609,Mobile,+8550717890609
Metfone-071-7890610,Mobile,+8550717890610
Metfone-071-7890611,Mobile,+8550717890611
Metfone-071-7890612,Mobile,+8550717890612
Metfone-071-7890613,Mobile,+8550717890613
Metfone-071-7890614,Mobile,+8550717890614
Metfone-071-7890615,Mobile,+8550717890615
Metfone-071-7890616,Mobile,+8550717890616
Metfone-071-7890617,Mobile,+8550717890617
Metfone-071-7890618,Mobile,+8550717890618
Metfone-071-7890619,Mobile,+8550717890619
Metfone-071-7890620,Mobile,+8550717890620
Metfone-071-7890621,Mobile,+8550717890621
Metfone-071-7890622,Mobile,+8550717890622
Metfone-071-7890623,Mobile,+8550717890623
Metfone-071-7890624,Mobile,+8550717890624
Metfone-071-7890625,Mobile,+8550717890625
Metfone-071-7890626,Mobile,+8550717890626
Metfone-071-7890627,Mobile,+8550717890627
Metfone-071-7890628,Mobile,+8550717890628
Metfone-071-7890629,Mobile,+8550717890629
Metfone-071-7890630,Mobile,+8550717890630
Metfone-071-7890631,Mobile,+8550717890631
Metfone-071-7890632,Mobile,+8550717890632
Metfone-071-7890633,Mobile,+8550717890633
Metfone-071-7890634,Mobile,+8550717890634
Metfone-071-7890635,Mobile,+8550717890635
Metfone-071-7890636,Mobile,+8550717890636
Metfone-071-7890637,Mobile,+8550717890637
Metfone-071-7890638,Mobile,+8550717890638
Metfone-071-7890639,Mobile,+8550717890639
Metfone-071-7890640,Mobile,+8550717890640
Metfone-071-7890641,Mobile,+8550717890641
Metfone-071-7890642,Mobile,+8550717890642
Metfone-071-7890643,Mobile,+8550717890643
Metfone-071-7890644,Mobile,+8550717890644
Metfone-071-7890645,Mobile,+8550717890645
Metfone-071-7890646,Mobile,+8550717890646
Metfone-071-7890647,Mobile,+8550717890647
Metfone-071-7890648,Mobile,+8550717890648
Metfone-071-7890649,Mobile,+8550717890649
Metfone-071-7890650,Mobile,+8550717890650
Metfone-071-7890651,Mobile,+8550717890651
Metfone-071-7890652,Mobile,+8550717890652
Metfone-071-7890653,Mobile,+8550717890653
Metfone-071-7890654,Mobile,+8550717890654
Metfone-071-7890655,Mobile,+8550717890655
Metfone-071-7890656,Mobile,+8550717890656
Metfone-071-7890657,Mobile,+8550717890657
Metfone-071-7890658,Mobile,+8550717890658
Metfone-071-7890659,Mobile,+8550717890659
Metfone-071-7890660,Mobile,+8550717890660
Metfone-071-7890661,Mobile,+8550717890661
Metfone-071-7890662,Mobile,+8550717890662
Metfone-071-7890663,Mobile,+8550717890663
Metfone-071-7890664,Mobile,+8550717890664
Metfone-071-7890665,Mobile,+8550717890665
Metfone-071-7890666,Mobile,+8550717890666
Metfone-071-7890667,Mobile,+8550717890667
Metfone-071-7890668,Mobile,+8550717890668
Metfone-071-7890669,Mobile,+8550717890669
Metfone-071-7890670,Mobile,+8550717890670
Metfone-071-7890671,Mobile,+8550717890671
Metfone-071-7890672,Mobile,+8550717890672
Metfone-071-7890673,Mobile,+8550717890673
Metfone-071-7890674,Mobile,+8550717890674
Metfone-071-7890675,Mobile,+8550717890675
Metfone-071-7890676,Mobile,+8550717890676
Metfone-071-7890677,Mobile,+8550717890677
Metfone-071-7890678,Mobile,+8550717890678
Metfone-071-7890679,Mobile,+8550717890679
Metfone-071-7890680,Mobile,+8550717890680
Metfone-071-7890681,Mobile,+8550717890681
Metfone-071-7890682,Mobile,+8550717890682
Metfone-071-7890683,Mobile,+8550717890683
Metfone-071-7890684,Mobile,+8550717890684
Metfone-071-7890685,Mobile,+8550717890685
Metfone-071-7890686,Mobile,+8550717890686
Metfone-071-7890687,Mobile,+8550717890687
Metfone-071-7890688,Mobile,+8550717890688
Metfone-071-7890689,Mobile,+8550717890689
Metfone-071-7890690,Mobile,+8550717890690
Metfone-071-7890691,Mobile,+8550717890691
Metfone-071-7890692,Mobile,+8550717890692
Metfone-071-7890693,Mobile,+8550717890693
Metfone-071-7890694,Mobile,+8550717890694
Metfone-071-7890695,Mobile,+8550717890695
Metfone-071-7890696,Mobile,+8550717890696
Metfone-071-7890697,Mobile,+8550717890697
Metfone-071-7890698,Mobile,+8550717890698
Metfone-071-7890699,Mobile,+8550717890699
Metfone-071-7890700,Mobile,+8550717890700
Metfone-071-7890701,Mobile,+8550717890701
Metfone-071-7890702,Mobile,+8550717890702
Metfone-071-7890703,Mobile,+8550717890703
Metfone-071-7890704,Mobile,+8550717890704
Metfone-071-7890705,Mobile,+8550717890705
Metfone-071-7890706,Mobile,+8550717890706
Metfone-071-7890707,Mobile,+8550717890707
Metfone-071-7890708,Mobile,+8550717890708
Metfone-071-7890709,Mobile,+8550717890709
Metfone-071-7890710,Mobile,+8550717890710
Metfone-071-7890711,Mobile,+8550717890711
Metfone-071-7890712,Mobile,+8550717890712
Metfone-071-7890713,Mobile,+8550717890713
Metfone-071-7890714,Mobile,+8550717890714
Metfone-071-7890715,Mobile,+8550717890715
Metfone-071-7890716,Mobile,+8550717890716
Metfone-071-7890717,Mobile,+8550717890717
Metfone-071-7890718,Mobile,+8550717890718
Metfone-071-7890719,Mobile,+8550717890719
Metfone-071-7890720,Mobile,+8550717890720
Metfone-071-7890721,Mobile,+8550717890721
Metfone-071-7890722,Mobile,+8550717890722
Metfone-071-7890723,Mobile,+8550717890723
Metfone-071-7890724,Mobile,+8550717890724
Metfone-071-7890725,Mobile,+8550717890725
Metfone-071-7890726,Mobile,+8550717890726
Metfone-071-7890727,Mobile,+8550717890727
Metfone-071-7890728,Mobile,+8550717890728
Metfone-071-7890729,Mobile,+8550717890729
Metfone-071-7890730,Mobile,+8550717890730
Metfone-071-7890731,Mobile,+8550717890731
Metfone-071-7890732,Mobile,+8550717890732
Metfone-071-7890733,Mobile,+8550717890733
Metfone-071-7890734,Mobile,+8550717890734
Metfone-071-7890735,Mobile,+8550717890735
Metfone-071-7890736,Mobile,+8550717890736
Metfone-071-7890737,Mobile,+8550717890737
Metfone-071-7890738,Mobile,+8550717890738
Metfone-071-7890739,Mobile,+8550717890739
Metfone-071-7890740,Mobile,+8550717890740
Metfone-071-7890741,Mobile,+8550717890741
Metfone-071-7890742,Mobile,+8550717890742
Metfone-071-7890743,Mobile,+8550717890743
Metfone-071-7890744,Mobile,+8550717890744
Metfone-071-7890745,Mobile,+8550717890745
Metfone-071-7890746,Mobile,+8550717890746
Metfone-071-7890747,Mobile,+8550717890747
Metfone-071-7890748,Mobile,+8550717890748
Metfone-071-7890749,Mobile,+8550717890749
Metfone-071-7890750,Mobile,+8550717890750
Metfone-071-7890751,Mobile,+8550717890751
Metfone-071-7890752,Mobile,+8550717890752
Metfone-071-7890753,Mobile,+8550717890753
Metfone-071-7890754,Mobile,+8550717890754
Metfone-071-7890755,Mobile,+8550717890755
Metfone-071-7890756,Mobile,+8550717890756
Metfone-071-7890757,Mobile,+8550717890757
Metfone-071-7890758,Mobile,+8550717890758
Metfone-071-7890759,Mobile,+8550717890759
Metfone-071-7890760,Mobile,+8550717890760
Metfone-071-7890761,Mobile,+8550717890761
Metfone-071-7890762,Mobile,+8550717890762
Metfone-071-7890763,Mobile,+8550717890763
Metfone-071-7890764,Mobile,+8550717890764
Metfone-071-7890765,Mobile,+8550717890765
Metfone-071-7890766,Mobile,+8550717890766
Metfone-071-7890767,Mobile,+8550717890767
Metfone-071-7890768,Mobile,+8550717890768
Metfone-071-7890769,Mobile,+8550717890769
Metfone-071-7890770,Mobile,+8550717890770
Metfone-071-7890771,Mobile,+8550717890771
Metfone-071-7890772,Mobile,+8550717890772
Metfone-071-7890773,Mobile,+8550717890773
Metfone-071-7890774,Mobile,+8550717890774
Metfone-071-7890775,Mobile,+8550717890775
Metfone-071-7890776,Mobile,+8550717890776
Metfone-071-7890777,Mobile,+8550717890777
Metfone-071-7890778,Mobile,+8550717890778
Metfone-071-7890779,Mobile,+8550717890779
Metfone-071-7890780,Mobile,+8550717890780
Metfone-071-7890781,Mobile,+8550717890781
Metfone-071-7890782,Mobile,+8550717890782
Metfone-071-7890783,Mobile,+8550717890783
Metfone-071-7890784,Mobile,+8550717890784
Metfone-071-7890785,Mobile,+8550717890785
Metfone-071-7890786,Mobile,+8550717890786
Metfone-071-7890787,Mobile,+8550717890787
Metfone-071-7890788,Mobile,+8550717890788
Metfone-071-7890789,Mobile,+8550717890789
Metfone-071-7890790,Mobile,+8550717890790
Metfone-071-7890791,Mobile,+8550717890791
Metfone-071-7890792,Mobile,+8550717890792
Metfone-071-7890793,Mobile,+8550717890793
Metfone-071-7890794,Mobile,+8550717890794
Metfone-071-7890795,Mobile,+8550717890795
Metfone-071-7890796,Mobile,+8550717890796
Metfone-071-7890797,Mobile,+8550717890797
Metfone-071-7890798,Mobile,+8550717890798
Metfone-071-7890799,Mobile,+8550717890799
Metfone-071-7890800,Mobile,+8550717890800
Metfone-071-7890801,Mobile,+8550717890801
Metfone-071-7890802,Mobile,+8550717890802
Metfone-071-7890803,Mobile,+8550717890803
Metfone-071-7890804,Mobile,+8550717890804
Metfone-071-7890805,Mobile,+8550717890805
Metfone-071-7890806,Mobile,+8550717890806
Metfone-071-7890807,Mobile,+8550717890807
Metfone-071-7890808,Mobile,+8550717890808
Metfone-071-7890809,Mobile,+8550717890809
Metfone-071-7890810,Mobile,+8550717890810
Metfone-071-7890811,Mobile,+8550717890811
Metfone-071-7890812,Mobile,+8550717890812
Metfone-071-7890813,Mobile,+8550717890813
Metfone-071-7890814,Mobile,+8550717890814
Metfone-071-7890815,Mobile,+8550717890815
Metfone-071-7890816,Mobile,+8550717890816
Metfone-071-7890817,Mobile,+8550717890817
Metfone-071-7890818,Mobile,+8550717890818
Metfone-071-7890819,Mobile,+8550717890819
Metfone-071-7890820,Mobile,+8550717890820
Metfone-071-7890821,Mobile,+8550717890821
Metfone-071-7890822,Mobile,+8550717890822
Metfone-071-7890823,Mobile,+8550717890823
Metfone-071-7890824,Mobile,+8550717890824
Metfone-071-7890825,Mobile,+8550717890825
Metfone-071-7890826,Mobile,+8550717890826
Metfone-071-7890827,Mobile,+8550717890827
Metfone-071-7890828,Mobile,+8550717890828
Metfone-071-7890829,Mobile,+8550717890829
Metfone-071-7890830,Mobile,+8550717890830
Metfone-071-7890831,Mobile,+8550717890831
Metfone-071-7890832,Mobile,+8550717890832
Metfone-071-7890833,Mobile,+8550717890833
Metfone-071-7890834,Mobile,+8550717890834
Metfone-071-7890835,Mobile,+8550717890835
Metfone-071-7890836,Mobile,+8550717890836
Metfone-071-7890837,Mobile,+8550717890837
Metfone-071-7890838,Mobile,+8550717890838
Metfone-071-7890839,Mobile,+8550717890839
Metfone-071-7890840,Mobile,+8550717890840
Metfone-071-7890841,Mobile,+8550717890841
Metfone-071-7890842,Mobile,+8550717890842
Metfone-071-7890843,Mobile,+8550717890843
Metfone-071-7890844,Mobile,+8550717890844
Metfone-071-7890845,Mobile,+8550717890845
Metfone-071-7890846,Mobile,+8550717890846
Metfone-071-7890847,Mobile,+8550717890847
Metfone-071-7890848,Mobile,+8550717890848
Metfone-071-7890849,Mobile,+8550717890849
Metfone-071-7890850,Mobile,+8550717890850
Metfone-071-7890851,Mobile,+8550717890851
Metfone-071-7890852,Mobile,+8550717890852
Metfone-071-7890853,Mobile,+8550717890853
Metfone-071-7890854,Mobile,+8550717890854
Metfone-071-7890855,Mobile,+8550717890855
Metfone-071-7890856,Mobile,+8550717890856
Metfone-071-7890857,Mobile,+8550717890857
Metfone-071-7890858,Mobile,+8550717890858
Metfone-071-7890859,Mobile,+8550717890859
Metfone-071-7890860,Mobile,+8550717890860
Metfone-071-7890861,Mobile,+8550717890861
Metfone-071-7890862,Mobile,+8550717890862
Metfone-071-7890863,Mobile,+8550717890863
Metfone-071-7890864,Mobile,+8550717890864
Metfone-071-7890865,Mobile,+8550717890865
Metfone-071-7890866,Mobile,+8550717890866
Metfone-071-7890867,Mobile,+8550717890867
Metfone-071-7890868,Mobile,+8550717890868
Metfone-071-7890869,Mobile,+8550717890869
Metfone-071-7890870,Mobile,+8550717890870
Metfone-071-7890871,Mobile,+8550717890871
Metfone-071-7890872,Mobile,+8550717890872
Metfone-071-7890873,Mobile,+8550717890873
Metfone-071-7890874,Mobile,+8550717890874
Metfone-071-7890875,Mobile,+8550717890875
Metfone-071-7890876,Mobile,+8550717890876
Metfone-071-7890877,Mobile,+8550717890877
Metfone-071-7890878,Mobile,+8550717890878
Metfone-071-7890879,Mobile,+8550717890879
Metfone-071-7890880,Mobile,+8550717890880
Metfone-071-7890881,Mobile,+8550717890881
Metfone-071-7890882,Mobile,+8550717890882
Metfone-071-7890883,Mobile,+8550717890883
Metfone-071-7890884,Mobile,+8550717890884
Metfone-071-7890885,Mobile,+8550717890885
Metfone-071-7890886,Mobile,+8550717890886
Metfone-071-7890887,Mobile,+8550717890887
Metfone-071-7890888,Mobile,+8550717890888
Metfone-071-7890889,Mobile,+8550717890889
Metfone-071-7890890,Mobile,+8550717890890
Metfone-071-7890891,Mobile,+8550717890891
Metfone-071-7890892,Mobile,+8550717890892
Metfone-071-7890893,Mobile,+8550717890893
Metfone-071-7890894,Mobile,+8550717890894
Metfone-071-7890895,Mobile,+8550717890895
Metfone-071-7890896,Mobile,+8550717890896
Metfone-071-7890897,Mobile,+8550717890897
Metfone-071-7890898,Mobile,+8550717890898
Metfone-071-7890899,Mobile,+8550717890899
Metfone-071-7890900,Mobile,+8550717890900
Metfone-071-7890901,Mobile,+8550717890901
Metfone-071-7890902,Mobile,+8550717890902
Metfone-071-7890903,Mobile,+8550717890903
Metfone-071-7890904,Mobile,+8550717890904
Metfone-071-7890905,Mobile,+8550717890905
Metfone-071-7890906,Mobile,+8550717890906
Metfone-071-7890907,Mobile,+8550717890907
Metfone-071-7890908,Mobile,+8550717890908
Metfone-071-7890909,Mobile,+8550717890909
Metfone-071-7890910,Mobile,+8550717890910
Metfone-071-7890911,Mobile,+8550717890911
Metfone-071-7890912,Mobile,+8550717890912
Metfone-071-7890913,Mobile,+8550717890913
Metfone-071-7890914,Mobile,+8550717890914
Metfone-071-7890915,Mobile,+8550717890915
Metfone-071-7890916,Mobile,+8550717890916
Metfone-071-7890917,Mobile,+8550717890917
Metfone-071-7890918,Mobile,+8550717890918
Metfone-071-7890919,Mobile,+8550717890919
Metfone-071-7890920,Mobile,+8550717890920
Metfone-071-7890921,Mobile,+8550717890921
Metfone-071-7890922,Mobile,+8550717890922
Metfone-071-7890923,Mobile,+8550717890923
Metfone-071-7890924,Mobile,+8550717890924
Metfone-071-7890925,Mobile,+8550717890925
Metfone-071-7890926,Mobile,+8550717890926
Metfone-071-7890927,Mobile,+8550717890927
Metfone-071-7890928,Mobile,+8550717890928
Metfone-071-7890929,Mobile,+8550717890929
Metfone-071-7890930,Mobile,+8550717890930
Metfone-071-7890931,Mobile,+8550717890931
Metfone-071-7890932,Mobile,+8550717890932
Metfone-071-7890933,Mobile,+8550717890933
Metfone-071-7890934,Mobile,+8550717890934
Metfone-071-7890935,Mobile,+8550717890935
Metfone-071-7890936,Mobile,+8550717890936
Metfone-071-7890937,Mobile,+8550717890937
Metfone-071-7890938,Mobile,+8550717890938
Metfone-071-7890939,Mobile,+8550717890939
Metfone-071-7890940,Mobile,+8550717890940
Metfone-071-7890941,Mobile,+8550717890941
Metfone-071-7890942,Mobile,+8550717890942
Metfone-071-7890943,Mobile,+8550717890943
Metfone-071-7890944,Mobile,+8550717890944
Metfone-071-7890945,Mobile,+8550717890945
Metfone-071-7890946,Mobile,+8550717890946
Metfone-071-7890947,Mobile,+8550717890947
Metfone-071-7890948,Mobile,+8550717890948
Metfone-071-7890949,Mobile,+8550717890949
Metfone-071-7890950,Mobile,+8550717890950
Metfone-071-7890951,Mobile,+8550717890951
Metfone-071-7890952,Mobile,+8550717890952
Metfone-071-7890953,Mobile,+8550717890953
Metfone-071-7890954,Mobile,+8550717890954
Metfone-071-7890955,Mobile,+8550717890955
Metfone-071-7890956,Mobile,+8550717890956
Metfone-071-7890957,Mobile,+8550717890957
Metfone-071-7890958,Mobile,+8550717890958
Metfone-071-7890959,Mobile,+8550717890959
Metfone-071-7890960,Mobile,+8550717890960
Metfone-071-7890961,Mobile,+8550717890961
Metfone-071-7890962,Mobile,+8550717890962
Metfone-071-7890963,Mobile,+8550717890963
Metfone-071-7890964,Mobile,+8550717890964
Metfone-071-7890965,Mobile,+8550717890965
Metfone-071-7890966,Mobile,+8550717890966
Metfone-071-7890967,Mobile,+8550717890967
Metfone-071-7890968,Mobile,+8550717890968
Metfone-071-7890969,Mobile,+8550717890969
Metfone-071-7890970,Mobile,+8550717890970
Metfone-071-7890971,Mobile,+8550717890971
Metfone-071-7890972,Mobile,+8550717890972
Metfone-071-7890973,Mobile,+8550717890973
Metfone-071-7890974,Mobile,+8550717890974
Metfone-071-7890975,Mobile,+8550717890975
Metfone-071-7890976,Mobile,+8550717890976
Metfone-071-7890977,Mobile,+8550717890977
Metfone-071-7890978,Mobile,+8550717890978
Metfone-071-7890979,Mobile,+8550717890979
Metfone-071-7890980,Mobile,+8550717890980
Metfone-071-7890981,Mobile,+8550717890981
Metfone-071-7890982,Mobile,+8550717890982
Metfone-071-7890983,Mobile,+8550717890983
Metfone-071-7890984,Mobile,+8550717890984
Metfone-071-7890985,Mobile,+8550717890985
Metfone-071-7890986,Mobile,+8550717890986
Metfone-071-7890987,Mobile,+8550717890987
Metfone-071-7890988,Mobile,+8550717890988
Metfone-071-7890989,Mobile,+8550717890989
Metfone-071-7890990,Mobile,+8550717890990
Metfone-071-7890991,Mobile,+8550717890991
Metfone-071-7890992,Mobile,+8550717890992
Metfone-071-7890993,Mobile,+8550717890993
Metfone-071-7890994,Mobile,+8550717890994
Metfone-071-7890995,Mobile,+8550717890995
Metfone-071-7890996,Mobile,+8550717890996
Metfone-071-7890997,Mobile,+8550717890997
Metfone-071-7890998,Mobile,+8550717890998
Metfone-071-7890999,Mobile,+8550717890999
Metfone-071-7891000,Mobile,+8550717891000
Metfone-071-7891001,Mobile,+8550717891001
Metfone-071-7891002,Mobile,+8550717891002
Metfone-071-7891003,Mobile,+8550717891003
Metfone-071-7891004,Mobile,+8550717891004
Metfone-071-7891005,Mobile,+8550717891005
Metfone-071-7891006,Mobile,+8550717891006
Metfone-071-7891007,Mobile,+8550717891007
Metfone-071-7891008,Mobile,+8550717891008
Metfone-071-7891009,Mobile,+8550717891009
Metfone-071-7891010,Mobile,+8550717891010
Metfone-071-7891011,Mobile,+8550717891011
Metfone-071-7891012,Mobile,+8550717891012
Metfone-071-7891013,Mobile,+8550717891013
Metfone-071-7891014,Mobile,+8550717891014
Metfone-071-7891015,Mobile,+8550717891015
Metfone-071-7891016,Mobile,+8550717891016
Metfone-071-7891017,Mobile,+8550717891017
Metfone-071-7891018,Mobile,+8550717891018
Metfone-071-7891019,Mobile,+8550717891019
Metfone-071-7891020,Mobile,+8550717891020
Metfone-071-7891021,Mobile,+8550717891021
Metfone-071-7891022,Mobile,+8550717891022
Metfone-071-7891023,Mobile,+8550717891023
Metfone-071-7891024,Mobile,+8550717891024
Metfone-071-7891025,Mobile,+8550717891025
Metfone-071-7891026,Mobile,+8550717891026
Metfone-071-7891027,Mobile,+8550717891027
Metfone-071-7891028,Mobile,+8550717891028
Metfone-071-7891029,Mobile,+8550717891029
Metfone-071-7891030,Mobile,+8550717891030
Metfone-071-7891031,Mobile,+8550717891031
Metfone-071-7891032,Mobile,+8550717891032
Metfone-071-7891033,Mobile,+8550717891033
Metfone-071-7891034,Mobile,+8550717891034
Metfone-071-7891035,Mobile,+8550717891035
Metfone-071-7891036,Mobile,+8550717891036
Metfone-071-7891037,Mobile,+8550717891037
Metfone-071-7891038,Mobile,+8550717891038
Metfone-071-7891039,Mobile,+8550717891039
Metfone-071-7891040,Mobile,+8550717891040
Metfone-071-7891041,Mobile,+8550717891041
Metfone-071-7891042,Mobile,+8550717891042
Metfone-071-7891043,Mobile,+8550717891043
Metfone-071-7891044,Mobile,+8550717891044
Metfone-071-7891045,Mobile,+8550717891045
Metfone-071-7891046,Mobile,+8550717891046
Metfone-071-7891047,Mobile,+8550717891047
Metfone-071-7891048,Mobile,+8550717891048
Metfone-071-7891049,Mobile,+8550717891049
Metfone-071-7891050,Mobile,+8550717891050
Metfone-071-7891051,Mobile,+8550717891051
Metfone-071-7891052,Mobile,+8550717891052
Metfone-071-7891053,Mobile,+8550717891053
Metfone-071-7891054,Mobile,+8550717891054
Metfone-071-7891055,Mobile,+8550717891055
Metfone-071-7891056,Mobile,+8550717891056
Metfone-071-7891057,Mobile,+8550717891057
Metfone-071-7891058,Mobile,+8550717891058
Metfone-071-7891059,Mobile,+8550717891059
Metfone-071-7891060,Mobile,+8550717891060
Metfone-071-7891061,Mobile,+8550717891061
Metfone-071-7891062,Mobile,+8550717891062
Metfone-071-7891063,Mobile,+8550717891063
Metfone-071-7891064,Mobile,+8550717891064
Metfone-071-7891065,Mobile,+8550717891065
Metfone-071-7891066,Mobile,+8550717891066
Metfone-071-7891067,Mobile,+8550717891067
Metfone-071-7891068,Mobile,+8550717891068
Metfone-071-7891069,Mobile,+8550717891069
Metfone-071-7891070,Mobile,+8550717891070
Metfone-071-7891071,Mobile,+8550717891071
Metfone-071-7891072,Mobile,+8550717891072
Metfone-071-7891073,Mobile,+8550717891073
Metfone-071-7891074,Mobile,+8550717891074
Metfone-071-7891075,Mobile,+8550717891075
Metfone-071-7891076,Mobile,+8550717891076
Metfone-071-7891077,Mobile,+8550717891077
Metfone-071-7891078,Mobile,+8550717891078
Metfone-071-7891079,Mobile,+8550717891079
Metfone-071-7891080,Mobile,+8550717891080
Metfone-071-7891081,Mobile,+8550717891081
Metfone-071-7891082,Mobile,+8550717891082
Metfone-071-7891083,Mobile,+8550717891083
Metfone-071-7891084,Mobile,+8550717891084
Metfone-071-7891085,Mobile,+8550717891085
Metfone-071-7891086,Mobile,+8550717891086
Metfone-071-7891087,Mobile,+8550717891087
Metfone-071-7891088,Mobile,+8550717891088
Metfone-071-7891089,Mobile,+8550717891089
Metfone-071-7891090,Mobile,+8550717891090
Metfone-071-7891091,Mobile,+8550717891091
Metfone-071-7891092,Mobile,+8550717891092
Metfone-071-7891093,Mobile,+8550717891093
Metfone-071-7891094,Mobile,+8550717891094
Metfone-071-7891095,Mobile,+8550717891095
Metfone-071-7891096,Mobile,+8550717891096
Metfone-071-7891097,Mobile,+8550717891097
Metfone-071-7891098,Mobile,+8550717891098
Metfone-071-7891099,Mobile,+8550717891099
Metfone-071-7891100,Mobile,+8550717891100
Metfone-071-7891101,Mobile,+8550717891101
Metfone-071-7891102,Mobile,+8550717891102
Metfone-071-7891103,Mobile,+8550717891103
Metfone-071-7891104,Mobile,+8550717891104
Metfone-071-7891105,Mobile,+8550717891105
Metfone-071-7891106,Mobile,+8550717891106
Metfone-071-7891107,Mobile,+8550717891107
Metfone-071-7891108,Mobile,+8550717891108
Metfone-071-7891109,Mobile,+8550717891109
Metfone-071-7891110,Mobile,+8550717891110
Metfone-071-7891111,Mobile,+8550717891111
Metfone-071-7891112,Mobile,+8550717891112
Metfone-071-7891113,Mobile,+8550717891113
Metfone-071-7891114,Mobile,+8550717891114
Metfone-071-7891115,Mobile,+8550717891115
Metfone-071-7891116,Mobile,+8550717891116
Metfone-071-7891117,Mobile,+8550717891117
Metfone-071-7891118,Mobile,+8550717891118
Metfone-071-7891119,Mobile,+8550717891119
Metfone-071-7891120,Mobile,+8550717891120
Metfone-071-7891121,Mobile,+8550717891121
Metfone-071-7891122,Mobile,+8550717891122
Metfone-071-7891123,Mobile,+8550717891123
Metfone-071-7891124,Mobile,+8550717891124
Metfone-071-7891125,Mobile,+8550717891125
Metfone-071-7891126,Mobile,+8550717891126
Metfone-071-7891127,Mobile,+8550717891127
Metfone-071-7891128,Mobile,+8550717891128
Metfone-071-7891129,Mobile,+8550717891129
Metfone-071-7891130,Mobile,+8550717891130
Metfone-071-7891131,Mobile,+8550717891131
Metfone-071-7891132,Mobile,+8550717891132
Metfone-071-7891133,Mobile,+8550717891133
Metfone-071-7891134,Mobile,+8550717891134
Metfone-071-7891135,Mobile,+8550717891135
Metfone-071-7891136,Mobile,+8550717891136
Metfone-071-7891137,Mobile,+8550717891137
Metfone-071-7891138,Mobile,+8550717891138
Metfone-071-7891139,Mobile,+8550717891139
Metfone-071-7891140,Mobile,+8550717891140
Metfone-071-7891141,Mobile,+8550717891141
Metfone-071-7891142,Mobile,+8550717891142
Metfone-071-7891143,Mobile,+8550717891143
Metfone-071-7891144,Mobile,+8550717891144
Metfone-071-7891145,Mobile,+8550717891145
Metfone-071-7891146,Mobile,+8550717891146
Metfone-071-7891147,Mobile,+8550717891147
Metfone-071-7891148,Mobile,+8550717891148
Metfone-071-7891149,Mobile,+8550717891149
Metfone-071-7891150,Mobile,+8550717891150
Metfone-071-7891151,Mobile,+8550717891151
Metfone-071-7891152,Mobile,+8550717891152
Metfone-071-7891153,Mobile,+8550717891153
Metfone-071-7891154,Mobile,+8550717891154
Metfone-071-7891155,Mobile,+8550717891155
Metfone-071-7891156,Mobile,+8550717891156
Metfone-071-7891157,Mobile,+8550717891157
Metfone-071-7891158,Mobile,+8550717891158
Metfone-071-7891159,Mobile,+8550717891159
Metfone-071-7891160,Mobile,+8550717891160
Metfone-071-7891161,Mobile,+8550717891161
Metfone-071-7891162,Mobile,+8550717891162
Metfone-071-7891163,Mobile,+8550717891163
Metfone-071-7891164,Mobile,+8550717891164
Metfone-071-7891165,Mobile,+8550717891165
Metfone-071-7891166,Mobile,+8550717891166
Metfone-071-7891167,Mobile,+8550717891167
Metfone-071-7891168,Mobile,+8550717891168
Metfone-071-7891169,Mobile,+8550717891169
Metfone-071-7891170,Mobile,+8550717891170
Metfone-071-7891171,Mobile,+8550717891171
Metfone-071-7891172,Mobile,+8550717891172
Metfone-071-7891173,Mobile,+8550717891173
Metfone-071-7891174,Mobile,+8550717891174
Metfone-071-7891175,Mobile,+8550717891175
Metfone-071-7891176,Mobile,+8550717891176
Metfone-071-7891177,Mobile,+8550717891177
Metfone-071-7891178,Mobile,+8550717891178
Metfone-071-7891179,Mobile,+8550717891179
Metfone-071-7891180,Mobile,+8550717891180
Metfone-071-7891181,Mobile,+8550717891181
Metfone-071-7891182,Mobile,+8550717891182
Metfone-071-7891183,Mobile,+8550717891183
Metfone-071-7891184,Mobile,+8550717891184
Metfone-071-7891185,Mobile,+8550717891185
Metfone-071-7891186,Mobile,+8550717891186
Metfone-071-7891187,Mobile,+8550717891187
Metfone-071-7891188,Mobile,+8550717891188
Metfone-071-7891189,Mobile,+8550717891189
Metfone-071-7891190,Mobile,+8550717891190
Metfone-071-7891191,Mobile,+8550717891191
Metfone-071-7891192,Mobile,+8550717891192
Metfone-071-7891193,Mobile,+8550717891193
Metfone-071-7891194,Mobile,+8550717891194
Metfone-071-7891195,Mobile,+8550717891195
Metfone-071-7891196,Mobile,+8550717891196
Metfone-071-7891197,Mobile,+8550717891197
Metfone-071-7891198,Mobile,+8550717891198
Metfone-071-7891199,Mobile,+8550717891199
Metfone-071-7891200,Mobile,+8550717891200
Metfone-071-7891201,Mobile,+8550717891201
Metfone-071-7891202,Mobile,+8550717891202
Metfone-071-7891203,Mobile,+8550717891203
Metfone-071-7891204,Mobile,+8550717891204
Metfone-071-7891205,Mobile,+8550717891205
Metfone-071-7891206,Mobile,+8550717891206
Metfone-071-7891207,Mobile,+8550717891207
Metfone-071-7891208,Mobile,+8550717891208
Metfone-071-7891209,Mobile,+8550717891209
Metfone-071-7891210,Mobile,+8550717891210
Metfone-071-7891211,Mobile,+8550717891211
Metfone-071-7891212,Mobile,+8550717891212
Metfone-071-7891213,Mobile,+8550717891213
Metfone-071-7891214,Mobile,+8550717891214
Metfone-071-7891215,Mobile,+8550717891215
Metfone-071-7891216,Mobile,+8550717891216
Metfone-071-7891217,Mobile,+8550717891217
Metfone-071-7891218,Mobile,+8550717891218
Metfone-071-7891219,Mobile,+8550717891219
Metfone-071-7891220,Mobile,+8550717891220
Metfone-071-7891221,Mobile,+8550717891221
Metfone-071-7891222,Mobile,+8550717891222
Metfone-071-7891223,Mobile,+8550717891223
Metfone-071-7891224,Mobile,+8550717891224
Metfone-071-7891225,Mobile,+8550717891225
Metfone-071-7891226,Mobile,+8550717891226
Metfone-071-7891227,Mobile,+8550717891227
Metfone-071-7891228,Mobile,+8550717891228
Metfone-071-7891229,Mobile,+8550717891229
Metfone-071-7891230,Mobile,+8550717891230
Metfone-071-7891231,Mobile,+8550717891231
Metfone-071-7891232,Mobile,+8550717891232
Metfone-071-7891233,Mobile,+8550717891233
Metfone-071-7891234,Mobile,+8550717891234
Metfone-071-7891235,Mobile,+8550717891235
Metfone-071-7891236,Mobile,+8550717891236
Metfone-071-7891237,Mobile,+8550717891237
Metfone-071-7891238,Mobile,+8550717891238
Metfone-071-7891239,Mobile,+8550717891239
Metfone-071-7891240,Mobile,+8550717891240
Metfone-071-7891241,Mobile,+8550717891241
Metfone-071-7891242,Mobile,+8550717891242
Metfone-071-7891243,Mobile,+8550717891243
Metfone-071-7891244,Mobile,+8550717891244
Metfone-071-7891245,Mobile,+8550717891245
Metfone-071-7891246,Mobile,+8550717891246
Metfone-071-7891247,Mobile,+8550717891247
Metfone-071-7891248,Mobile,+8550717891248
Metfone-071-7891249,Mobile,+8550717891249
Metfone-071-7891250,Mobile,+8550717891250
Metfone-071-7891251,Mobile,+8550717891251
Metfone-071-7891252,Mobile,+8550717891252
Metfone-071-7891253,Mobile,+8550717891253
Metfone-071-7891254,Mobile,+8550717891254
Metfone-071-7891255,Mobile,+8550717891255
Metfone-071-7891256,Mobile,+8550717891256
Metfone-071-7891257,Mobile,+8550717891257
Metfone-071-7891258,Mobile,+8550717891258
Metfone-071-7891259,Mobile,+8550717891259
Metfone-071-7891260,Mobile,+8550717891260
Metfone-071-7891261,Mobile,+8550717891261
Metfone-071-7891262,Mobile,+8550717891262
Metfone-071-7891263,Mobile,+8550717891263
Metfone-071-7891264,Mobile,+8550717891264
Metfone-071-7891265,Mobile,+8550717891265
Metfone-071-7891266,Mobile,+8550717891266
Metfone-071-7891267,Mobile,+8550717891267
Metfone-071-7891268,Mobile,+8550717891268
Metfone-071-7891269,Mobile,+8550717891269
Metfone-071-7891270,Mobile,+8550717891270
Metfone-071-7891271,Mobile,+8550717891271
Metfone-071-7891272,Mobile,+8550717891272
Metfone-071-7891273,Mobile,+8550717891273
Metfone-071-7891274,Mobile,+8550717891274
Metfone-071-7891275,Mobile,+8550717891275
Metfone-071-7891276,Mobile,+8550717891276
Metfone-071-7891277,Mobile,+8550717891277
Metfone-071-7891278,Mobile,+8550717891278
Metfone-071-7891279,Mobile,+8550717891279
Metfone-071-7891280,Mobile,+8550717891280
Metfone-071-7891281,Mobile,+8550717891281
Metfone-071-7891282,Mobile,+8550717891282
Metfone-071-7891283,Mobile,+8550717891283
Metfone-071-7891284,Mobile,+8550717891284
Metfone-071-7891285,Mobile,+8550717891285
Metfone-071-7891286,Mobile,+8550717891286
Metfone-071-7891287,Mobile,+8550717891287
Metfone-071-7891288,Mobile,+8550717891288
Metfone-071-7891289,Mobile,+8550717891289
Metfone-071-7891290,Mobile,+8550717891290
Metfone-071-7891291,Mobile,+8550717891291
Metfone-071-7891292,Mobile,+8550717891292
Metfone-071-7891293,Mobile,+8550717891293
Metfone-071-7891294,Mobile,+8550717891294
Metfone-071-7891295,Mobile,+8550717891295
Metfone-071-7891296,Mobile,+8550717891296
Metfone-071-7891297,Mobile,+8550717891297
Metfone-071-7891298,Mobile,+8550717891298
Metfone-071-7891299,Mobile,+8550717891299
Metfone-071-7891300,Mobile,+8550717891300
Metfone-071-7891301,Mobile,+8550717891301
Metfone-071-7891302,Mobile,+8550717891302
Metfone-071-7891303,Mobile,+8550717891303
Metfone-071-7891304,Mobile,+8550717891304
Metfone-071-7891305,Mobile,+8550717891305
Metfone-071-7891306,Mobile,+8550717891306
Metfone-071-7891307,Mobile,+8550717891307
Metfone-071-7891308,Mobile,+8550717891308
Metfone-071-7891309,Mobile,+8550717891309
Metfone-071-7891310,Mobile,+8550717891310
Metfone-071-7891311,Mobile,+8550717891311
Metfone-071-7891312,Mobile,+8550717891312
Metfone-071-7891313,Mobile,+8550717891313
Metfone-071-7891314,Mobile,+8550717891314
Metfone-071-7891315,Mobile,+8550717891315
Metfone-071-7891316,Mobile,+8550717891316
Metfone-071-7891317,Mobile,+8550717891317
Metfone-071-7891318,Mobile,+8550717891318
Metfone-071-7891319,Mobile,+8550717891319
Metfone-071-7891320,Mobile,+8550717891320
Metfone-071-7891321,Mobile,+8550717891321
Metfone-071-7891322,Mobile,+8550717891322
Metfone-071-7891323,Mobile,+8550717891323
Metfone-071-7891324,Mobile,+8550717891324
Metfone-071-7891325,Mobile,+8550717891325
Metfone-071-7891326,Mobile,+8550717891326
Metfone-071-7891327,Mobile,+8550717891327
Metfone-071-7891328,Mobile,+8550717891328
Metfone-071-7891329,Mobile,+8550717891329
Metfone-071-7891330,Mobile,+8550717891330
Metfone-071-7891331,Mobile,+8550717891331
Metfone-071-7891332,Mobile,+8550717891332
Metfone-071-7891333,Mobile,+8550717891333
Metfone-071-7891334,Mobile,+8550717891334
Metfone-071-7891335,Mobile,+8550717891335
Metfone-071-7891336,Mobile,+8550717891336
Metfone-071-7891337,Mobile,+8550717891337
Metfone-071-7891338,Mobile,+8550717891338
Metfone-071-7891339,Mobile,+8550717891339
Metfone-071-7891340,Mobile,+8550717891340
Metfone-071-7891341,Mobile,+8550717891341
Metfone-071-7891342,Mobile,+8550717891342
Metfone-071-7891343,Mobile,+8550717891343
Metfone-071-7891344,Mobile,+8550717891344
Metfone-071-7891345,Mobile,+8550717891345
Metfone-071-7891346,Mobile,+8550717891346
Metfone-071-7891347,Mobile,+8550717891347
Metfone-071-7891348,Mobile,+8550717891348
Metfone-071-7891349,Mobile,+8550717891349
Metfone-071-7891350,Mobile,+8550717891350
Metfone-071-7891351,Mobile,+8550717891351
Metfone-071-7891352,Mobile,+8550717891352
Metfone-071-7891353,Mobile,+8550717891353
Metfone-071-7891354,Mobile,+8550717891354
Metfone-071-7891355,Mobile,+8550717891355
Metfone-071-7891356,Mobile,+8550717891356
Metfone-071-7891357,Mobile,+8550717891357
Metfone-071-7891358,Mobile,+8550717891358
Metfone-071-7891359,Mobile,+8550717891359
Metfone-071-7891360,Mobile,+8550717891360
Metfone-071-7891361,Mobile,+8550717891361
Metfone-071-7891362,Mobile,+8550717891362
Metfone-071-7891363,Mobile,+8550717891363
Metfone-071-7891364,Mobile,+8550717891364
Metfone-071-7891365,Mobile,+8550717891365
Metfone-071-7891366,Mobile,+8550717891366
Metfone-071-7891367,Mobile,+8550717891367
Metfone-071-7891368,Mobile,+8550717891368
Metfone-071-7891369,Mobile,+8550717891369
Metfone-071-7891370,Mobile,+8550717891370
Metfone-071-7891371,Mobile,+8550717891371
Metfone-071-7891372,Mobile,+8550717891372
Metfone-071-7891373,Mobile,+8550717891373
Metfone-071-7891374,Mobile,+8550717891374
Metfone-071-7891375,Mobile,+8550717891375
Metfone-071-7891376,Mobile,+8550717891376
Metfone-071-7891377,Mobile,+8550717891377
Metfone-071-7891378,Mobile,+8550717891378
Metfone-071-7891379,Mobile,+8550717891379
Metfone-071-7891380,Mobile,+8550717891380
Metfone-071-7891381,Mobile,+8550717891381
Metfone-071-7891382,Mobile,+8550717891382
Metfone-071-7891383,Mobile,+8550717891383
Metfone-071-7891384,Mobile,+8550717891384
Metfone-071-7891385,Mobile,+8550717891385
Metfone-071-7891386,Mobile,+8550717891386
Metfone-071-7891387,Mobile,+8550717891387
Metfone-071-7891388,Mobile,+8550717891388
Metfone-071-7891389,Mobile,+8550717891389
Metfone-071-7891390,Mobile,+8550717891390
Metfone-071-7891391,Mobile,+8550717891391
Metfone-071-7891392,Mobile,+8550717891392
Metfone-071-7891393,Mobile,+8550717891393
Metfone-071-7891394,Mobile,+8550717891394
Metfone-071-7891395,Mobile,+8550717891395
Metfone-071-7891396,Mobile,+8550717891396
Metfone-071-7891397,Mobile,+8550717891397
Metfone-071-7891398,Mobile,+8550717891398
Metfone-071-7891399,Mobile,+8550717891399
Metfone-071-7891400,Mobile,+8550717891400
Metfone-071-7891401,Mobile,+8550717891401
Metfone-071-7891402,Mobile,+8550717891402
Metfone-071-7891403,Mobile,+8550717891403
Metfone-071-7891404,Mobile,+8550717891404
Metfone-071-7891405,Mobile,+8550717891405
Metfone-071-7891406,Mobile,+8550717891406
Metfone-071-7891407,Mobile,+8550717891407
Metfone-071-7891408,Mobile,+8550717891408
Metfone-071-7891409,Mobile,+8550717891409
Metfone-071-7891410,Mobile,+8550717891410
Metfone-071-7891411,Mobile,+8550717891411
Metfone-071-7891412,Mobile,+8550717891412
Metfone-071-7891413,Mobile,+8550717891413
Metfone-071-7891414,Mobile,+8550717891414
Metfone-071-7891415,Mobile,+8550717891415
Metfone-071-7891416,Mobile,+8550717891416
Metfone-071-7891417,Mobile,+8550717891417
Metfone-071-7891418,Mobile,+8550717891418
Metfone-071-7891419,Mobile,+8550717891419
Metfone-071-7891420,Mobile,+8550717891420
Metfone-071-7891421,Mobile,+8550717891421
Metfone-071-7891422,Mobile,+8550717891422
Metfone-071-7891423,Mobile,+8550717891423
Metfone-071-7891424,Mobile,+8550717891424
Metfone-071-7891425,Mobile,+8550717891425
Metfone-071-7891426,Mobile,+8550717891426
Metfone-071-7891427,Mobile,+8550717891427
Metfone-071-7891428,Mobile,+8550717891428
Metfone-071-7891429,Mobile,+8550717891429
Metfone-071-7891430,Mobile,+8550717891430
Metfone-071-7891431,Mobile,+8550717891431
Metfone-071-7891432,Mobile,+8550717891432
Metfone-071-7891433,Mobile,+8550717891433
Metfone-071-7891434,Mobile,+8550717891434
Metfone-071-7891435,Mobile,+8550717891435
Metfone-071-7891436,Mobile,+8550717891436
Metfone-071-7891437,Mobile,+8550717891437
Metfone-071-7891438,Mobile,+8550717891438
Metfone-071-7891439,Mobile,+8550717891439
Metfone-071-7891440,Mobile,+8550717891440
Metfone-071-7891441,Mobile,+8550717891441
Metfone-071-7891442,Mobile,+8550717891442
Metfone-071-7891443,Mobile,+8550717891443
Metfone-071-7891444,Mobile,+8550717891444
Metfone-071-7891445,Mobile,+8550717891445
Metfone-071-7891446,Mobile,+8550717891446
Metfone-071-7891447,Mobile,+8550717891447
Metfone-071-7891448,Mobile,+8550717891448
Metfone-071-7891449,Mobile,+8550717891449
Metfone-071-7891450,Mobile,+8550717891450
Metfone-071-7891451,Mobile,+8550717891451
Metfone-071-7891452,Mobile,+8550717891452
Metfone-071-7891453,Mobile,+8550717891453
Metfone-071-7891454,Mobile,+8550717891454
Metfone-071-7891455,Mobile,+8550717891455
Metfone-071-7891456,Mobile,+8550717891456
Metfone-071-7891457,Mobile,+8550717891457
Metfone-071-7891458,Mobile,+8550717891458
Metfone-071-7891459,Mobile,+8550717891459
Metfone-071-7891460,Mobile,+8550717891460
Metfone-071-7891461,Mobile,+8550717891461
Metfone-071-7891462,Mobile,+8550717891462
Metfone-071-7891463,Mobile,+8550717891463
Metfone-071-7891464,Mobile,+8550717891464
Metfone-071-7891465,Mobile,+8550717891465
Metfone-071-7891466,Mobile,+8550717891466
Metfone-071-7891467,Mobile,+8550717891467
Metfone-071-7891468,Mobile,+8550717891468
Metfone-071-7891469,Mobile,+8550717891469
Metfone-071-7891470,Mobile,+8550717891470
Metfone-071-7891471,Mobile,+8550717891471
Metfone-071-7891472,Mobile,+8550717891472
Metfone-071-7891473,Mobile,+8550717891473
Metfone-071-7891474,Mobile,+8550717891474
Metfone-071-7891475,Mobile,+8550717891475
Metfone-071-7891476,Mobile,+8550717891476
Metfone-071-7891477,Mobile,+8550717891477
Metfone-071-7891478,Mobile,+8550717891478
Metfone-071-7891479,Mobile,+8550717891479
Metfone-071-7891480,Mobile,+8550717891480
Metfone-071-7891481,Mobile,+8550717891481
Metfone-071-7891482,Mobile,+8550717891482
Metfone-071-7891483,Mobile,+8550717891483
Metfone-071-7891484,Mobile,+8550717891484
Metfone-071-7891485,Mobile,+8550717891485
Metfone-071-7891486,Mobile,+8550717891486
Metfone-071-7891487,Mobile,+8550717891487
Metfone-071-7891488,Mobile,+8550717891488
Metfone-071-7891489,Mobile,+8550717891489
Metfone-071-7891490,Mobile,+8550717891490
Metfone-071-7891491,Mobile,+8550717891491
Metfone-071-7891492,Mobile,+8550717891492
Metfone-071-7891493,Mobile,+8550717891493
Metfone-071-7891494,Mobile,+8550717891494
Metfone-071-7891495,Mobile,+8550717891495
Metfone-071-7891496,Mobile,+8550717891496
Metfone-071-7891497,Mobile,+8550717891497
Metfone-071-7891498,Mobile,+8550717891498
Metfone-071-7891499,Mobile,+8550717891499
Metfone-071-7891500,Mobile,+8550717891500
Metfone-071-7891501,Mobile,+8550717891501
Metfone-071-7891502,Mobile,+8550717891502
Metfone-071-7891503,Mobile,+8550717891503
Metfone-071-7891504,Mobile,+8550717891504
Metfone-071-7891505,Mobile,+8550717891505
Metfone-071-7891506,Mobile,+8550717891506
Metfone-071-7891507,Mobile,+8550717891507
Metfone-071-7891508,Mobile,+8550717891508
Metfone-071-7891509,Mobile,+8550717891509
Metfone-071-7891510,Mobile,+8550717891510
Metfone-071-7891511,Mobile,+8550717891511
Metfone-071-7891512,Mobile,+8550717891512
Metfone-071-7891513,Mobile,+8550717891513
Metfone-071-7891514,Mobile,+8550717891514
Metfone-071-7891515,Mobile,+8550717891515
Metfone-071-7891516,Mobile,+8550717891516
Metfone-071-7891517,Mobile,+8550717891517
Metfone-071-7891518,Mobile,+8550717891518
Metfone-071-7891519,Mobile,+8550717891519
Metfone-071-7891520,Mobile,+8550717891520
Metfone-071-7891521,Mobile,+8550717891521
Metfone-071-7891522,Mobile,+8550717891522
Metfone-071-7891523,Mobile,+8550717891523
Metfone-071-7891524,Mobile,+8550717891524
Metfone-071-7891525,Mobile,+8550717891525
Metfone-071-7891526,Mobile,+8550717891526
Metfone-071-7891527,Mobile,+8550717891527
Metfone-071-7891528,Mobile,+8550717891528
Metfone-071-7891529,Mobile,+8550717891529
Metfone-071-7891530,Mobile,+8550717891530
Metfone-071-7891531,Mobile,+8550717891531
Metfone-071-7891532,Mobile,+8550717891532
Metfone-071-7891533,Mobile,+8550717891533
Metfone-071-7891534,Mobile,+8550717891534
Metfone-071-7891535,Mobile,+8550717891535
Metfone-071-7891536,Mobile,+8550717891536
Metfone-071-7891537,Mobile,+8550717891537
Metfone-071-7891538,Mobile,+8550717891538
Metfone-071-7891539,Mobile,+8550717891539
Metfone-071-7891540,Mobile,+8550717891540
Metfone-071-7891541,Mobile,+8550717891541
Metfone-071-7891542,Mobile,+8550717891542
Metfone-071-7891543,Mobile,+8550717891543
Metfone-071-7891544,Mobile,+8550717891544
Metfone-071-7891545,Mobile,+8550717891545
Metfone-071-7891546,Mobile,+8550717891546
Metfone-071-7891547,Mobile,+8550717891547
Metfone-071-7891548,Mobile,+8550717891548
Metfone-071-7891549,Mobile,+8550717891549
Metfone-071-7891550,Mobile,+8550717891550
Metfone-071-7891551,Mobile,+8550717891551
Metfone-071-7891552,Mobile,+8550717891552
Metfone-071-7891553,Mobile,+8550717891553
Metfone-071-7891554,Mobile,+8550717891554
Metfone-071-7891555,Mobile,+8550717891555
Metfone-071-7891556,Mobile,+8550717891556
Metfone-071-7891557,Mobile,+8550717891557
Metfone-071-7891558,Mobile,+8550717891558
Metfone-071-7891559,Mobile,+8550717891559
Metfone-071-7891560,Mobile,+8550717891560
Metfone-071-7891561,Mobile,+8550717891561
Metfone-071-7891562,Mobile,+8550717891562
Metfone-071-7891563,Mobile,+8550717891563
Metfone-071-7891564,Mobile,+8550717891564
Metfone-071-7891565,Mobile,+8550717891565
Metfone-071-7891566,Mobile,+8550717891566
Metfone-071-7891567,Mobile,+8550717891567
Metfone-071-7891568,Mobile,+8550717891568
Metfone-071-7891569,Mobile,+8550717891569
Metfone-071-7891570,Mobile,+8550717891570
Metfone-071-7891571,Mobile,+8550717891571
Metfone-071-7891572,Mobile,+8550717891572
Metfone-071-7891573,Mobile,+8550717891573
Metfone-071-7891574,Mobile,+8550717891574
Metfone-071-7891575,Mobile,+8550717891575
Metfone-071-7891576,Mobile,+8550717891576
Metfone-071-7891577,Mobile,+8550717891577
Metfone-071-7891578,Mobile,+8550717891578
Metfone-071-7891579,Mobile,+8550717891579
Metfone-071-7891580,Mobile,+8550717891580
Metfone-071-7891581,Mobile,+8550717891581
Metfone-071-7891582,Mobile,+8550717891582
Metfone-071-7891583,Mobile,+8550717891583
Metfone-071-7891584,Mobile,+8550717891584
Metfone-071-7891585,Mobile,+8550717891585
Metfone-071-7891586,Mobile,+8550717891586
Metfone-071-7891587,Mobile,+8550717891587
Metfone-071-7891588,Mobile,+8550717891588
Metfone-071-7891589,Mobile,+8550717891589
Metfone-071-7891590,Mobile,+8550717891590
Metfone-071-7891591,Mobile,+8550717891591
Metfone-071-7891592,Mobile,+8550717891592
Metfone-071-7891593,Mobile,+8550717891593
Metfone-071-7891594,Mobile,+8550717891594
Metfone-071-7891595,Mobile,+8550717891595
Metfone-071-7891596,Mobile,+8550717891596
Metfone-071-7891597,Mobile,+8550717891597
Metfone-071-7891598,Mobile,+8550717891598
Metfone-071-7891599,Mobile,+8550717891599
Metfone-071-7891600,Mobile,+8550717891600
Metfone-071-7891601,Mobile,+8550717891601
Metfone-071-7891602,Mobile,+8550717891602
Metfone-071-7891603,Mobile,+8550717891603
Metfone-071-7891604,Mobile,+8550717891604
Metfone-071-7891605,Mobile,+8550717891605
Metfone-071-7891606,Mobile,+8550717891606
Metfone-071-7891607,Mobile,+8550717891607
Metfone-071-7891608,Mobile,+8550717891608
Metfone-071-7891609,Mobile,+8550717891609
Metfone-071-7891610,Mobile,+8550717891610
Metfone-071-7891611,Mobile,+8550717891611
Metfone-071-7891612,Mobile,+8550717891612
Metfone-071-7891613,Mobile,+8550717891613
Metfone-071-7891614,Mobile,+8550717891614
Metfone-071-7891615,Mobile,+8550717891615
Metfone-071-7891616,Mobile,+8550717891616
Metfone-071-7891617,Mobile,+8550717891617
Metfone-071-7891618,Mobile,+8550717891618
Metfone-071-7891619,Mobile,+8550717891619
Metfone-071-7891620,Mobile,+8550717891620
Metfone-071-7891621,Mobile,+8550717891621
Metfone-071-7891622,Mobile,+8550717891622
Metfone-071-7891623,Mobile,+8550717891623
Metfone-071-7891624,Mobile,+8550717891624
Metfone-071-7891625,Mobile,+8550717891625
Metfone-071-7891626,Mobile,+8550717891626
Metfone-071-7891627,Mobile,+8550717891627
Metfone-071-7891628,Mobile,+8550717891628
Metfone-071-7891629,Mobile,+8550717891629
Metfone-071-7891630,Mobile,+8550717891630
Metfone-071-7891631,Mobile,+8550717891631
Metfone-071-7891632,Mobile,+8550717891632
Metfone-071-7891633,Mobile,+8550717891633
Metfone-071-7891634,Mobile,+8550717891634
Metfone-071-7891635,Mobile,+8550717891635
Metfone-071-7891636,Mobile,+8550717891636
Metfone-071-7891637,Mobile,+8550717891637
Metfone-071-7891638,Mobile,+8550717891638
Metfone-071-7891639,Mobile,+8550717891639
Metfone-071-7891640,Mobile,+8550717891640
Metfone-071-7891641,Mobile,+8550717891641
Metfone-071-7891642,Mobile,+8550717891642
Metfone-071-7891643,Mobile,+8550717891643
Metfone-071-7891644,Mobile,+8550717891644
Metfone-071-7891645,Mobile,+8550717891645
Metfone-071-7891646,Mobile,+8550717891646
Metfone-071-7891647,Mobile,+8550717891647
Metfone-071-7891648,Mobile,+8550717891648
Metfone-071-7891649,Mobile,+8550717891649
Metfone-071-7891650,Mobile,+8550717891650
Metfone-071-7891651,Mobile,+8550717891651
Metfone-071-7891652,Mobile,+8550717891652
Metfone-071-7891653,Mobile,+8550717891653
Metfone-071-7891654,Mobile,+8550717891654
Metfone-071-7891655,Mobile,+8550717891655
Metfone-071-7891656,Mobile,+8550717891656
Metfone-071-7891657,Mobile,+8550717891657
Metfone-071-7891658,Mobile,+8550717891658
Metfone-071-7891659,Mobile,+8550717891659
Metfone-071-7891660,Mobile,+8550717891660
Metfone-071-7891661,Mobile,+8550717891661
Metfone-071-7891662,Mobile,+8550717891662
Metfone-071-7891663,Mobile,+8550717891663
Metfone-071-7891664,Mobile,+8550717891664
Metfone-071-7891665,Mobile,+8550717891665
Metfone-071-7891666,Mobile,+8550717891666
Metfone-071-7891667,Mobile,+8550717891667
Metfone-071-7891668,Mobile,+8550717891668
Metfone-071-7891669,Mobile,+8550717891669
Metfone-071-7891670,Mobile,+8550717891670
Metfone-071-7891671,Mobile,+8550717891671
Metfone-071-7891672,Mobile,+8550717891672
Metfone-071-7891673,Mobile,+8550717891673
Metfone-071-7891674,Mobile,+8550717891674
Metfone-071-7891675,Mobile,+8550717891675
Metfone-071-7891676,Mobile,+8550717891676
Metfone-071-7891677,Mobile,+8550717891677
Metfone-071-7891678,Mobile,+8550717891678
Metfone-071-7891679,Mobile,+8550717891679
Metfone-071-7891680,Mobile,+8550717891680
Metfone-071-7891681,Mobile,+8550717891681
Metfone-071-7891682,Mobile,+8550717891682
Metfone-071-7891683,Mobile,+8550717891683
Metfone-071-7891684,Mobile,+8550717891684
Metfone-071-7891685,Mobile,+8550717891685
Metfone-071-7891686,Mobile,+8550717891686
Metfone-071-7891687,Mobile,+8550717891687
Metfone-071-7891688,Mobile,+8550717891688
Metfone-071-7891689,Mobile,+8550717891689
Metfone-071-7891690,Mobile,+8550717891690
Metfone-071-7891691,Mobile,+8550717891691
Metfone-071-7891692,Mobile,+8550717891692
Metfone-071-7891693,Mobile,+8550717891693
Metfone-071-7891694,Mobile,+8550717891694
Metfone-071-7891695,Mobile,+8550717891695
Metfone-071-7891696,Mobile,+8550717891696
Metfone-071-7891697,Mobile,+8550717891697
Metfone-071-7891698,Mobile,+8550717891698
Metfone-071-7891699,Mobile,+8550717891699
Metfone-071-7891700,Mobile,+8550717891700
Metfone-071-7891701,Mobile,+8550717891701
Metfone-071-7891702,Mobile,+8550717891702
Metfone-071-7891703,Mobile,+8550717891703
Metfone-071-7891704,Mobile,+8550717891704
Metfone-071-7891705,Mobile,+8550717891705
Metfone-071-7891706,Mobile,+8550717891706
Metfone-071-7891707,Mobile,+8550717891707
Metfone-071-7891708,Mobile,+8550717891708
Metfone-071-7891709,Mobile,+8550717891709
Metfone-071-7891710,Mobile,+8550717891710
Metfone-071-7891711,Mobile,+8550717891711
Metfone-071-7891712,Mobile,+8550717891712
Metfone-071-7891713,Mobile,+8550717891713
Metfone-071-7891714,Mobile,+8550717891714
Metfone-071-7891715,Mobile,+8550717891715
Metfone-071-7891716,Mobile,+8550717891716
Metfone-071-7891717,Mobile,+8550717891717
Metfone-071-7891718,Mobile,+8550717891718
Metfone-071-7891719,Mobile,+8550717891719
Metfone-071-7891720,Mobile,+8550717891720
Metfone-071-7891721,Mobile,+8550717891721
Metfone-071-7891722,Mobile,+8550717891722
Metfone-071-7891723,Mobile,+8550717891723
Metfone-071-7891724,Mobile,+8550717891724
Metfone-071-7891725,Mobile,+8550717891725
Metfone-071-7891726,Mobile,+8550717891726
Metfone-071-7891727,Mobile,+8550717891727
Metfone-071-7891728,Mobile,+8550717891728
Metfone-071-7891729,Mobile,+8550717891729
Metfone-071-7891730,Mobile,+8550717891730
Metfone-071-7891731,Mobile,+8550717891731
Metfone-071-7891732,Mobile,+8550717891732
Metfone-071-7891733,Mobile,+8550717891733
Metfone-071-7891734,Mobile,+8550717891734
Metfone-071-7891735,Mobile,+8550717891735
Metfone-071-7891736,Mobile,+8550717891736
Metfone-071-7891737,Mobile,+8550717891737
Metfone-071-7891738,Mobile,+8550717891738
Metfone-071-7891739,Mobile,+8550717891739
Metfone-071-7891740,Mobile,+8550717891740
Metfone-071-7891741,Mobile,+8550717891741
Metfone-071-7891742,Mobile,+8550717891742
Metfone-071-7891743,Mobile,+8550717891743
Metfone-071-7891744,Mobile,+8550717891744
Metfone-071-7891745,Mobile,+8550717891745
Metfone-071-7891746,Mobile,+8550717891746
Metfone-071-7891747,Mobile,+8550717891747
Metfone-071-7891748,Mobile,+8550717891748
Metfone-071-7891749,Mobile,+8550717891749
Metfone-071-7891750,Mobile,+8550717891750
Metfone-071-7891751,Mobile,+8550717891751
Metfone-071-7891752,Mobile,+8550717891752
Metfone-071-7891753,Mobile,+8550717891753
Metfone-071-7891754,Mobile,+8550717891754
Metfone-071-7891755,Mobile,+8550717891755
Metfone-071-7891756,Mobile,+8550717891756
Metfone-071-7891757,Mobile,+8550717891757
Metfone-071-7891758,Mobile,+8550717891758
Metfone-071-7891759,Mobile,+8550717891759
Metfone-071-7891760,Mobile,+8550717891760
Metfone-071-7891761,Mobile,+8550717891761
Metfone-071-7891762,Mobile,+8550717891762
Metfone-071-7891763,Mobile,+8550717891763
Metfone-071-7891764,Mobile,+8550717891764
Metfone-071-7891765,Mobile,+8550717891765
Metfone-071-7891766,Mobile,+8550717891766
Metfone-071-7891767,Mobile,+8550717891767
Metfone-071-7891768,Mobile,+8550717891768
Metfone-071-7891769,Mobile,+8550717891769
Metfone-071-7891770,Mobile,+8550717891770
Metfone-071-7891771,Mobile,+8550717891771
Metfone-071-7891772,Mobile,+8550717891772
Metfone-071-7891773,Mobile,+8550717891773
Metfone-071-7891774,Mobile,+8550717891774
Metfone-071-7891775,Mobile,+8550717891775
Metfone-071-7891776,Mobile,+8550717891776
Metfone-071-7891777,Mobile,+8550717891777
Metfone-071-7891778,Mobile,+8550717891778
Metfone-071-7891779,Mobile,+8550717891779
Metfone-071-7891780,Mobile,+8550717891780
Metfone-071-7891781,Mobile,+8550717891781
Metfone-071-7891782,Mobile,+8550717891782
Metfone-071-7891783,Mobile,+8550717891783
Metfone-071-7891784,Mobile,+8550717891784
Metfone-071-7891785,Mobile,+8550717891785
Metfone-071-7891786,Mobile,+8550717891786
Metfone-071-7891787,Mobile,+8550717891787
Metfone-071-7891788,Mobile,+8550717891788
Metfone-071-7891789,Mobile,+8550717891789
Metfone-071-7891790,Mobile,+8550717891790
Metfone-071-7891791,Mobile,+8550717891791
Metfone-071-7891792,Mobile,+8550717891792
Metfone-071-7891793,Mobile,+8550717891793
Metfone-071-7891794,Mobile,+8550717891794
Metfone-071-7891795,Mobile,+8550717891795
Metfone-071-7891796,Mobile,+8550717891796
Metfone-071-7891797,Mobile,+8550717891797
Metfone-071-7891798,Mobile,+8550717891798
Metfone-071-7891799,Mobile,+8550717891799
Metfone-071-7891800,Mobile,+8550717891800
Metfone-071-7891801,Mobile,+8550717891801
Metfone-071-7891802,Mobile,+8550717891802
Metfone-071-7891803,Mobile,+8550717891803
Metfone-071-7891804,Mobile,+8550717891804
Metfone-071-7891805,Mobile,+8550717891805
Metfone-071-7891806,Mobile,+8550717891806
Metfone-071-7891807,Mobile,+8550717891807
Metfone-071-7891808,Mobile,+8550717891808
Metfone-071-7891809,Mobile,+8550717891809
Metfone-071-7891810,Mobile,+8550717891810
Metfone-071-7891811,Mobile,+8550717891811
Metfone-071-7891812,Mobile,+8550717891812
Metfone-071-7891813,Mobile,+8550717891813
Metfone-071-7891814,Mobile,+8550717891814
Metfone-071-7891815,Mobile,+8550717891815
Metfone-071-7891816,Mobile,+8550717891816
Metfone-071-7891817,Mobile,+8550717891817
Metfone-071-7891818,Mobile,+8550717891818
Metfone-071-7891819,Mobile,+8550717891819
Metfone-071-7891820,Mobile,+8550717891820
Metfone-071-7891821,Mobile,+8550717891821
Metfone-071-7891822,Mobile,+8550717891822
Metfone-071-7891823,Mobile,+8550717891823
Metfone-071-7891824,Mobile,+8550717891824
Metfone-071-7891825,Mobile,+8550717891825
Metfone-071-7891826,Mobile,+8550717891826
Metfone-071-7891827,Mobile,+8550717891827
Metfone-071-7891828,Mobile,+8550717891828
Metfone-071-7891829,Mobile,+8550717891829
Metfone-071-7891830,Mobile,+8550717891830
Metfone-071-7891831,Mobile,+8550717891831
Metfone-071-7891832,Mobile,+8550717891832
Metfone-071-7891833,Mobile,+8550717891833
Metfone-071-7891834,Mobile,+8550717891834
Metfone-071-7891835,Mobile,+8550717891835
Metfone-071-7891836,Mobile,+8550717891836
Metfone-071-7891837,Mobile,+8550717891837
Metfone-071-7891838,Mobile,+8550717891838
Metfone-071-7891839,Mobile,+8550717891839
Metfone-071-7891840,Mobile,+8550717891840
Metfone-071-7891841,Mobile,+8550717891841
Metfone-071-7891842,Mobile,+8550717891842
Metfone-071-7891843,Mobile,+8550717891843
Metfone-071-7891844,Mobile,+8550717891844
Metfone-071-7891845,Mobile,+8550717891845
Metfone-071-7891846,Mobile,+8550717891846
Metfone-071-7891847,Mobile,+8550717891847
Metfone-071-7891848,Mobile,+8550717891848
Metfone-071-7891849,Mobile,+8550717891849
Metfone-071-7891850,Mobile,+8550717891850
Metfone-071-7891851,Mobile,+8550717891851
Metfone-071-7891852,Mobile,+8550717891852
Metfone-071-7891853,Mobile,+8550717891853
Metfone-071-7891854,Mobile,+8550717891854
Metfone-071-7891855,Mobile,+8550717891855
Metfone-071-7891856,Mobile,+8550717891856
Metfone-071-7891857,Mobile,+8550717891857
Metfone-071-7891858,Mobile,+8550717891858
Metfone-071-7891859,Mobile,+8550717891859
Metfone-071-7891860,Mobile,+8550717891860
Metfone-071-7891861,Mobile,+8550717891861
Metfone-071-7891862,Mobile,+8550717891862
Metfone-071-7891863,Mobile,+8550717891863
Metfone-071-7891864,Mobile,+8550717891864
Metfone-071-7891865,Mobile,+8550717891865
Metfone-071-7891866,Mobile,+8550717891866
Metfone-071-7891867,Mobile,+8550717891867
Metfone-071-7891868,Mobile,+8550717891868
Metfone-071-7891869,Mobile,+8550717891869
Metfone-071-7891870,Mobile,+8550717891870
Metfone-071-7891871,Mobile,+8550717891871
Metfone-071-7891872,Mobile,+8550717891872
Metfone-071-7891873,Mobile,+8550717891873
Metfone-071-7891874,Mobile,+8550717891874
Metfone-071-7891875,Mobile,+8550717891875
Metfone-071-7891876,Mobile,+8550717891876
Metfone-071-7891877,Mobile,+8550717891877
Metfone-071-7891878,Mobile,+8550717891878
Metfone-071-7891879,Mobile,+8550717891879
Metfone-071-7891880,Mobile,+8550717891880
Metfone-071-7891881,Mobile,+8550717891881
Metfone-071-7891882,Mobile,+8550717891882
Metfone-071-7891883,Mobile,+8550717891883
Metfone-071-7891884,Mobile,+8550717891884
Metfone-071-7891885,Mobile,+8550717891885
Metfone-071-7891886,Mobile,+8550717891886
Metfone-071-7891887,Mobile,+8550717891887
Metfone-071-7891888,Mobile,+8550717891888
Metfone-071-7891889,Mobile,+8550717891889
Metfone-071-7891890,Mobile,+8550717891890
Metfone-071-7891891,Mobile,+8550717891891
Metfone-071-7891892,Mobile,+8550717891892
Metfone-071-7891893,Mobile,+8550717891893
Metfone-071-7891894,Mobile,+8550717891894
Metfone-071-7891895,Mobile,+8550717891895
Metfone-071-7891896,Mobile,+8550717891896
Metfone-071-7891897,Mobile,+8550717891897
Metfone-071-7891898,Mobile,+8550717891898
Metfone-071-7891899,Mobile,+8550717891899
Metfone-071-7891900,Mobile,+8550717891900
Metfone-071-7891901,Mobile,+8550717891901
Metfone-071-7891902,Mobile,+8550717891902
Metfone-071-7891903,Mobile,+8550717891903
Metfone-071-7891904,Mobile,+8550717891904
Metfone-071-7891905,Mobile,+8550717891905
Metfone-071-7891906,Mobile,+8550717891906
Metfone-071-7891907,Mobile,+8550717891907
Metfone-071-7891908,Mobile,+8550717891908
Metfone-071-7891909,Mobile,+8550717891909
Metfone-071-7891910,Mobile,+8550717891910
Metfone-071-7891911,Mobile,+8550717891911
Metfone-071-7891912,Mobile,+8550717891912
Metfone-071-7891913,Mobile,+8550717891913
Metfone-071-7891914,Mobile,+8550717891914
Metfone-071-7891915,Mobile,+8550717891915
Metfone-071-7891916,Mobile,+8550717891916
Metfone-071-7891917,Mobile,+8550717891917
Metfone-071-7891918,Mobile,+8550717891918
Metfone-071-7891919,Mobile,+8550717891919
Metfone-071-7891920,Mobile,+8550717891920
Metfone-071-7891921,Mobile,+8550717891921
Metfone-071-7891922,Mobile,+8550717891922
Metfone-071-7891923,Mobile,+8550717891923
Metfone-071-7891924,Mobile,+8550717891924
Metfone-071-7891925,Mobile,+8550717891925
Metfone-071-7891926,Mobile,+8550717891926
Metfone-071-7891927,Mobile,+8550717891927
Metfone-071-7891928,Mobile,+8550717891928
Metfone-071-7891929,Mobile,+8550717891929
Metfone-071-7891930,Mobile,+8550717891930
Metfone-071-7891931,Mobile,+8550717891931
Metfone-071-7891932,Mobile,+8550717891932
Metfone-071-7891933,Mobile,+8550717891933
Metfone-071-7891934,Mobile,+8550717891934
Metfone-071-7891935,Mobile,+8550717891935
Metfone-071-7891936,Mobile,+8550717891936
Metfone-071-7891937,Mobile,+8550717891937
Metfone-071-7891938,Mobile,+8550717891938
Metfone-071-7891939,Mobile,+8550717891939
Metfone-071-7891940,Mobile,+8550717891940
Metfone-071-7891941,Mobile,+8550717891941
Metfone-071-7891942,Mobile,+8550717891942
Metfone-071-7891943,Mobile,+8550717891943
Metfone-071-7891944,Mobile,+8550717891944
Metfone-071-7891945,Mobile,+8550717891945
Metfone-071-7891946,Mobile,+8550717891946
Metfone-071-7891947,Mobile,+8550717891947
Metfone-071-7891948,Mobile,+8550717891948
Metfone-071-7891949,Mobile,+8550717891949
Metfone-071-7891950,Mobile,+8550717891950
Metfone-071-7891951,Mobile,+8550717891951
Metfone-071-7891952,Mobile,+8550717891952
Metfone-071-7891953,Mobile,+8550717891953
Metfone-071-7891954,Mobile,+8550717891954
Metfone-071-7891955,Mobile,+8550717891955
Metfone-071-7891956,Mobile,+8550717891956
Metfone-071-7891957,Mobile,+8550717891957
Metfone-071-7891958,Mobile,+8550717891958
Metfone-071-7891959,Mobile,+8550717891959
Metfone-071-7891960,Mobile,+8550717891960
Metfone-071-7891961,Mobile,+8550717891961
Metfone-071-7891962,Mobile,+8550717891962
Metfone-071-7891963,Mobile,+8550717891963
Metfone-071-7891964,Mobile,+8550717891964
Metfone-071-7891965,Mobile,+8550717891965
Metfone-071-7891966,Mobile,+8550717891966
Metfone-071-7891967,Mobile,+8550717891967
Metfone-071-7891968,Mobile,+8550717891968
Metfone-071-7891969,Mobile,+8550717891969
Metfone-071-7891970,Mobile,+8550717891970
Metfone-071-7891971,Mobile,+8550717891971
Metfone-071-7891972,Mobile,+8550717891972
Metfone-071-7891973,Mobile,+8550717891973
Metfone-071-7891974,Mobile,+8550717891974
Metfone-071-7891975,Mobile,+8550717891975
Metfone-071-7891976,Mobile,+8550717891976
Metfone-071-7891977,Mobile,+8550717891977
Metfone-071-7891978,Mobile,+8550717891978
Metfone-071-7891979,Mobile,+8550717891979
Metfone-071-7891980,Mobile,+8550717891980
Metfone-071-7891981,Mobile,+8550717891981
Metfone-071-7891982,Mobile,+8550717891982
Metfone-071-7891983,Mobile,+8550717891983
Metfone-071-7891984,Mobile,+8550717891984
Metfone-071-7891985,Mobile,+8550717891985
Metfone-071-7891986,Mobile,+8550717891986
Metfone-071-7891987,Mobile,+8550717891987
Metfone-071-7891988,Mobile,+8550717891988
Metfone-071-7891989,Mobile,+8550717891989
Metfone-071-7891990,Mobile,+8550717891990
Metfone-071-7891991,Mobile,+8550717891991
Metfone-071-7891992,Mobile,+8550717891992
Metfone-071-7891993,Mobile,+8550717891993
Metfone-071-7891994,Mobile,+8550717891994
Metfone-071-7891995,Mobile,+8550717891995
Metfone-071-7891996,Mobile,+8550717891996
Metfone-071-7891997,Mobile,+8550717891997
Metfone-071-7891998,Mobile,+8550717891998
Metfone-071-7891999,Mobile,+8550717891999
Metfone-071-7892000,Mobile,+8550717892000
Metfone-071-7892001,Mobile,+8550717892001
Metfone-071-7892002,Mobile,+8550717892002
Metfone-071-7892003,Mobile,+8550717892003
Metfone-071-7892004,Mobile,+8550717892004
Metfone-071-7892005,Mobile,+8550717892005
Metfone-071-7892006,Mobile,+8550717892006
Metfone-071-7892007,Mobile,+8550717892007
Metfone-071-7892008,Mobile,+8550717892008
Metfone-071-7892009,Mobile,+8550717892009
Metfone-071-7892010,Mobile,+8550717892010
Metfone-071-7892011,Mobile,+8550717892011
Metfone-071-7892012,Mobile,+8550717892012
Metfone-071-7892013,Mobile,+8550717892013
Metfone-071-7892014,Mobile,+8550717892014
Metfone-071-7892015,Mobile,+8550717892015
Metfone-071-7892016,Mobile,+8550717892016
Metfone-071-7892017,Mobile,+8550717892017
Metfone-071-7892018,Mobile,+8550717892018
Metfone-071-7892019,Mobile,+8550717892019
Metfone-071-7892020,Mobile,+8550717892020
Metfone-071-7892021,Mobile,+8550717892021
Metfone-071-7892022,Mobile,+8550717892022
Metfone-071-7892023,Mobile,+8550717892023
Metfone-071-7892024,Mobile,+8550717892024
Metfone-071-7892025,Mobile,+8550717892025
Metfone-071-7892026,Mobile,+8550717892026
Metfone-071-7892027,Mobile,+8550717892027
Metfone-071-7892028,Mobile,+8550717892028
Metfone-071-7892029,Mobile,+8550717892029
Metfone-071-7892030,Mobile,+8550717892030
Metfone-071-7892031,Mobile,+8550717892031
Metfone-071-7892032,Mobile,+8550717892032
Metfone-071-7892033,Mobile,+8550717892033
Metfone-071-7892034,Mobile,+8550717892034
Metfone-071-7892035,Mobile,+8550717892035
Metfone-071-7892036,Mobile,+8550717892036
Metfone-071-7892037,Mobile,+8550717892037
Metfone-071-7892038,Mobile,+8550717892038
Metfone-071-7892039,Mobile,+8550717892039
Metfone-071-7892040,Mobile,+8550717892040
Metfone-071-7892041,Mobile,+8550717892041
Metfone-071-7892042,Mobile,+8550717892042
Metfone-071-7892043,Mobile,+8550717892043
Metfone-071-7892044,Mobile,+8550717892044
Metfone-071-7892045,Mobile,+8550717892045
Metfone-071-7892046,Mobile,+8550717892046
Metfone-071-7892047,Mobile,+8550717892047
Metfone-071-7892048,Mobile,+8550717892048
Metfone-071-7892049,Mobile,+8550717892049
Metfone-071-7892050,Mobile,+8550717892050
Metfone-071-7892051,Mobile,+8550717892051
Metfone-071-7892052,Mobile,+8550717892052
Metfone-071-7892053,Mobile,+8550717892053
Metfone-071-7892054,Mobile,+8550717892054
Metfone-071-7892055,Mobile,+8550717892055
Metfone-071-7892056,Mobile,+8550717892056
Metfone-071-7892057,Mobile,+8550717892057
Metfone-071-7892058,Mobile,+8550717892058
Metfone-071-7892059,Mobile,+8550717892059
Metfone-071-7892060,Mobile,+8550717892060
Metfone-071-7892061,Mobile,+8550717892061
Metfone-071-7892062,Mobile,+8550717892062
Metfone-071-7892063,Mobile,+8550717892063
Metfone-071-7892064,Mobile,+8550717892064
Metfone-071-7892065,Mobile,+8550717892065
Metfone-071-7892066,Mobile,+8550717892066
Metfone-071-7892067,Mobile,+8550717892067
Metfone-071-7892068,Mobile,+8550717892068
Metfone-071-7892069,Mobile,+8550717892069
Metfone-071-7892070,Mobile,+8550717892070
Metfone-071-7892071,Mobile,+8550717892071
Metfone-071-7892072,Mobile,+8550717892072
Metfone-071-7892073,Mobile,+8550717892073
Metfone-071-7892074,Mobile,+8550717892074
Metfone-071-7892075,Mobile,+8550717892075
Metfone-071-7892076,Mobile,+8550717892076
Metfone-071-7892077,Mobile,+8550717892077
Metfone-071-7892078,Mobile,+8550717892078
Metfone-071-7892079,Mobile,+8550717892079
Metfone-071-7892080,Mobile,+8550717892080
Metfone-071-7892081,Mobile,+8550717892081
Metfone-071-7892082,Mobile,+8550717892082
Metfone-071-7892083,Mobile,+8550717892083
Metfone-071-7892084,Mobile,+8550717892084
Metfone-071-7892085,Mobile,+8550717892085
Metfone-071-7892086,Mobile,+8550717892086
Metfone-071-7892087,Mobile,+8550717892087
Metfone-071-7892088,Mobile,+8550717892088
Metfone-071-7892089,Mobile,+8550717892089
Metfone-071-7892090,Mobile,+8550717892090
Metfone-071-7892091,Mobile,+8550717892091
Metfone-071-7892092,Mobile,+8550717892092
Metfone-071-7892093,Mobile,+8550717892093
Metfone-071-7892094,Mobile,+8550717892094
Metfone-071-7892095,Mobile,+8550717892095
Metfone-071-7892096,Mobile,+8550717892096
Metfone-071-7892097,Mobile,+8550717892097
Metfone-071-7892098,Mobile,+8550717892098
Metfone-071-7892099,Mobile,+8550717892099
Metfone-071-7892100,Mobile,+8550717892100
Metfone-071-7892101,Mobile,+8550717892101
Metfone-071-7892102,Mobile,+8550717892102
Metfone-071-7892103,Mobile,+8550717892103
Metfone-071-7892104,Mobile,+8550717892104
Metfone-071-7892105,Mobile,+8550717892105
Metfone-071-7892106,Mobile,+8550717892106
Metfone-071-7892107,Mobile,+8550717892107
Metfone-071-7892108,Mobile,+8550717892108
Metfone-071-7892109,Mobile,+8550717892109
Metfone-071-7892110,Mobile,+8550717892110
Metfone-071-7892111,Mobile,+8550717892111
Metfone-071-7892112,Mobile,+8550717892112
Metfone-071-7892113,Mobile,+8550717892113
Metfone-071-7892114,Mobile,+8550717892114
Metfone-071-7892115,Mobile,+8550717892115
Metfone-071-7892116,Mobile,+8550717892116
Metfone-071-7892117,Mobile,+8550717892117
Metfone-071-7892118,Mobile,+8550717892118
Metfone-071-7892119,Mobile,+8550717892119
Metfone-071-7892120,Mobile,+8550717892120
Metfone-071-7892121,Mobile,+8550717892121
Metfone-071-7892122,Mobile,+8550717892122
Metfone-071-7892123,Mobile,+8550717892123
Metfone-071-7892124,Mobile,+8550717892124
Metfone-071-7892125,Mobile,+8550717892125
Metfone-071-7892126,Mobile,+8550717892126
Metfone-071-7892127,Mobile,+8550717892127
Metfone-071-7892128,Mobile,+8550717892128
Metfone-071-7892129,Mobile,+8550717892129
Metfone-071-7892130,Mobile,+8550717892130
Metfone-071-7892131,Mobile,+8550717892131
Metfone-071-7892132,Mobile,+8550717892132
Metfone-071-7892133,Mobile,+8550717892133
Metfone-071-7892134,Mobile,+8550717892134
Metfone-071-7892135,Mobile,+8550717892135
Metfone-071-7892136,Mobile,+8550717892136
Metfone-071-7892137,Mobile,+8550717892137
Metfone-071-7892138,Mobile,+8550717892138
Metfone-071-7892139,Mobile,+8550717892139
Metfone-071-7892140,Mobile,+8550717892140
Metfone-071-7892141,Mobile,+8550717892141
Metfone-071-7892142,Mobile,+8550717892142
Metfone-071-7892143,Mobile,+8550717892143
Metfone-071-7892144,Mobile,+8550717892144
Metfone-071-7892145,Mobile,+8550717892145
Metfone-071-7892146,Mobile,+8550717892146
Metfone-071-7892147,Mobile,+8550717892147
Metfone-071-7892148,Mobile,+8550717892148
Metfone-071-7892149,Mobile,+8550717892149
Metfone-071-7892150,Mobile,+8550717892150
Metfone-071-7892151,Mobile,+8550717892151
Metfone-071-7892152,Mobile,+8550717892152
Metfone-071-7892153,Mobile,+8550717892153
Metfone-071-7892154,Mobile,+8550717892154
Metfone-071-7892155,Mobile,+8550717892155
Metfone-071-7892156,Mobile,+8550717892156
Metfone-071-7892157,Mobile,+8550717892157
Metfone-071-7892158,Mobile,+8550717892158
Metfone-071-7892159,Mobile,+8550717892159
Metfone-071-7892160,Mobile,+8550717892160
Metfone-071-7892161,Mobile,+8550717892161
Metfone-071-7892162,Mobile,+8550717892162
Metfone-071-7892163,Mobile,+8550717892163
Metfone-071-7892164,Mobile,+8550717892164
Metfone-071-7892165,Mobile,+8550717892165
Metfone-071-7892166,Mobile,+8550717892166
Metfone-071-7892167,Mobile,+8550717892167
Metfone-071-7892168,Mobile,+8550717892168
Metfone-071-7892169,Mobile,+8550717892169
Metfone-071-7892170,Mobile,+8550717892170
Metfone-071-7892171,Mobile,+8550717892171
Metfone-071-7892172,Mobile,+8550717892172
Metfone-071-7892173,Mobile,+8550717892173
Metfone-071-7892174,Mobile,+8550717892174
Metfone-071-7892175,Mobile,+8550717892175
Metfone-071-7892176,Mobile,+8550717892176
Metfone-071-7892177,Mobile,+8550717892177
Metfone-071-7892178,Mobile,+8550717892178
Metfone-071-7892179,Mobile,+8550717892179
Metfone-071-7892180,Mobile,+8550717892180
Metfone-071-7892181,Mobile,+8550717892181
Metfone-071-7892182,Mobile,+8550717892182
Metfone-071-7892183,Mobile,+8550717892183
Metfone-071-7892184,Mobile,+8550717892184
Metfone-071-7892185,Mobile,+8550717892185
Metfone-071-7892186,Mobile,+8550717892186
Metfone-071-7892187,Mobile,+8550717892187
Metfone-071-7892188,Mobile,+8550717892188
Metfone-071-7892189,Mobile,+8550717892189
Metfone-071-7892190,Mobile,+8550717892190
Metfone-071-7892191,Mobile,+8550717892191
Metfone-071-7892192,Mobile,+8550717892192
Metfone-071-7892193,Mobile,+8550717892193
Metfone-071-7892194,Mobile,+8550717892194
Metfone-071-7892195,Mobile,+8550717892195
Metfone-071-7892196,Mobile,+8550717892196
Metfone-071-7892197,Mobile,+8550717892197
Metfone-071-7892198,Mobile,+8550717892198
Metfone-071-7892199,Mobile,+8550717892199
Metfone-071-7892200,Mobile,+8550717892200
Metfone-071-7892201,Mobile,+8550717892201
Metfone-071-7892202,Mobile,+8550717892202
Metfone-071-7892203,Mobile,+8550717892203
Metfone-071-7892204,Mobile,+8550717892204
Metfone-071-7892205,Mobile,+8550717892205
Metfone-071-7892206,Mobile,+8550717892206
Metfone-071-7892207,Mobile,+8550717892207
Metfone-071-7892208,Mobile,+8550717892208
Metfone-071-7892209,Mobile,+8550717892209
Metfone-071-7892210,Mobile,+8550717892210
Metfone-071-7892211,Mobile,+8550717892211
Metfone-071-7892212,Mobile,+8550717892212
Metfone-071-7892213,Mobile,+8550717892213
Metfone-071-7892214,Mobile,+8550717892214
Metfone-071-7892215,Mobile,+8550717892215
Metfone-071-7892216,Mobile,+8550717892216
Metfone-071-7892217,Mobile,+8550717892217
Metfone-071-7892218,Mobile,+8550717892218
Metfone-071-7892219,Mobile,+8550717892219
Metfone-071-7892220,Mobile,+8550717892220
Metfone-071-7892221,Mobile,+8550717892221
Metfone-071-7892222,Mobile,+8550717892222
Metfone-071-7892223,Mobile,+8550717892223
Metfone-071-7892224,Mobile,+8550717892224
Metfone-071-7892225,Mobile,+8550717892225
Metfone-071-7892226,Mobile,+8550717892226
Metfone-071-7892227,Mobile,+8550717892227
Metfone-071-7892228,Mobile,+8550717892228
Metfone-071-7892229,Mobile,+8550717892229
Metfone-071-7892230,Mobile,+8550717892230
Metfone-071-7892231,Mobile,+8550717892231
Metfone-071-7892232,Mobile,+8550717892232
Metfone-071-7892233,Mobile,+8550717892233
Metfone-071-7892234,Mobile,+8550717892234
Metfone-071-7892235,Mobile,+8550717892235
Metfone-071-7892236,Mobile,+8550717892236
Metfone-071-7892237,Mobile,+8550717892237
Metfone-071-7892238,Mobile,+8550717892238
Metfone-071-7892239,Mobile,+8550717892239
Metfone-071-7892240,Mobile,+8550717892240
Metfone-071-7892241,Mobile,+8550717892241
Metfone-071-7892242,Mobile,+8550717892242
Metfone-071-7892243,Mobile,+8550717892243
Metfone-071-7892244,Mobile,+8550717892244
Metfone-071-7892245,Mobile,+8550717892245
Metfone-071-7892246,Mobile,+8550717892246
Metfone-071-7892247,Mobile,+8550717892247
Metfone-071-7892248,Mobile,+8550717892248
Metfone-071-7892249,Mobile,+8550717892249
Metfone-071-7892250,Mobile,+8550717892250
Metfone-071-7892251,Mobile,+8550717892251
Metfone-071-7892252,Mobile,+8550717892252
Metfone-071-7892253,Mobile,+8550717892253
Metfone-071-7892254,Mobile,+8550717892254
Metfone-071-7892255,Mobile,+8550717892255
Metfone-071-7892256,Mobile,+8550717892256
Metfone-071-7892257,Mobile,+8550717892257
Metfone-071-7892258,Mobile,+8550717892258
Metfone-071-7892259,Mobile,+8550717892259
Metfone-071-7892260,Mobile,+8550717892260
Metfone-071-7892261,Mobile,+8550717892261
Metfone-071-7892262,Mobile,+8550717892262
Metfone-071-7892263,Mobile,+8550717892263
Metfone-071-7892264,Mobile,+8550717892264
Metfone-071-7892265,Mobile,+8550717892265
Metfone-071-7892266,Mobile,+8550717892266
Metfone-071-7892267,Mobile,+8550717892267
Metfone-071-7892268,Mobile,+8550717892268
Metfone-071-7892269,Mobile,+8550717892269
Metfone-071-7892270,Mobile,+8550717892270
Metfone-071-7892271,Mobile,+8550717892271
Metfone-071-7892272,Mobile,+8550717892272
Metfone-071-7892273,Mobile,+8550717892273
Metfone-071-7892274,Mobile,+8550717892274
Metfone-071-7892275,Mobile,+8550717892275
Metfone-071-7892276,Mobile,+8550717892276
Metfone-071-7892277,Mobile,+8550717892277
Metfone-071-7892278,Mobile,+8550717892278
Metfone-071-7892279,Mobile,+8550717892279
Metfone-071-7892280,Mobile,+8550717892280
Metfone-071-7892281,Mobile,+8550717892281
Metfone-071-7892282,Mobile,+8550717892282
Metfone-071-7892283,Mobile,+8550717892283
Metfone-071-7892284,Mobile,+8550717892284
Metfone-071-7892285,Mobile,+8550717892285
Metfone-071-7892286,Mobile,+8550717892286
Metfone-071-7892287,Mobile,+8550717892287
Metfone-071-7892288,Mobile,+8550717892288
Metfone-071-7892289,Mobile,+8550717892289
Metfone-071-7892290,Mobile,+8550717892290
Metfone-071-7892291,Mobile,+8550717892291
Metfone-071-7892292,Mobile,+8550717892292
Metfone-071-7892293,Mobile,+8550717892293
Metfone-071-7892294,Mobile,+8550717892294
Metfone-071-7892295,Mobile,+8550717892295
Metfone-071-7892296,Mobile,+8550717892296
Metfone-071-7892297,Mobile,+8550717892297
Metfone-071-7892298,Mobile,+8550717892298
Metfone-071-7892299,Mobile,+8550717892299
Metfone-071-7892300,Mobile,+8550717892300
Metfone-071-7892301,Mobile,+8550717892301
Metfone-071-7892302,Mobile,+8550717892302
Metfone-071-7892303,Mobile,+8550717892303
Metfone-071-7892304,Mobile,+8550717892304
Metfone-071-7892305,Mobile,+8550717892305
Metfone-071-7892306,Mobile,+8550717892306
Metfone-071-7892307,Mobile,+8550717892307
Metfone-071-7892308,Mobile,+8550717892308
Metfone-071-7892309,Mobile,+8550717892309
Metfone-071-7892310,Mobile,+8550717892310
Metfone-071-7892311,Mobile,+8550717892311
Metfone-071-7892312,Mobile,+8550717892312
Metfone-071-7892313,Mobile,+8550717892313
Metfone-071-7892314,Mobile,+8550717892314
Metfone-071-7892315,Mobile,+8550717892315
Metfone-071-7892316,Mobile,+8550717892316
Metfone-071-7892317,Mobile,+8550717892317
Metfone-071-7892318,Mobile,+8550717892318
Metfone-071-7892319,Mobile,+8550717892319
Metfone-071-7892320,Mobile,+8550717892320
Metfone-071-7892321,Mobile,+8550717892321
Metfone-071-7892322,Mobile,+8550717892322
Metfone-071-7892323,Mobile,+8550717892323
Metfone-071-7892324,Mobile,+8550717892324
Metfone-071-7892325,Mobile,+8550717892325
Metfone-071-7892326,Mobile,+8550717892326
Metfone-071-7892327,Mobile,+8550717892327
Metfone-071-7892328,Mobile,+8550717892328
Metfone-071-7892329,Mobile,+8550717892329
Metfone-071-7892330,Mobile,+8550717892330
Metfone-071-7892331,Mobile,+8550717892331
Metfone-071-7892332,Mobile,+8550717892332
Metfone-071-7892333,Mobile,+8550717892333
Metfone-071-7892334,Mobile,+8550717892334
Metfone-071-7892335,Mobile,+8550717892335
Metfone-071-7892336,Mobile,+8550717892336
Metfone-071-7892337,Mobile,+8550717892337
Metfone-071-7892338,Mobile,+8550717892338
Metfone-071-7892339,Mobile,+8550717892339
Metfone-071-7892340,Mobile,+8550717892340
Metfone-071-7892341,Mobile,+8550717892341
Metfone-071-7892342,Mobile,+8550717892342
Metfone-071-7892343,Mobile,+8550717892343
Metfone-071-7892344,Mobile,+8550717892344
Metfone-071-7892345,Mobile,+8550717892345
Metfone-071-7892346,Mobile,+8550717892346
Metfone-071-7892347,Mobile,+8550717892347
Metfone-071-7892348,Mobile,+8550717892348
Metfone-071-7892349,Mobile,+8550717892349
Metfone-071-7892350,Mobile,+8550717892350
Metfone-071-7892351,Mobile,+8550717892351
Metfone-071-7892352,Mobile,+8550717892352
Metfone-071-7892353,Mobile,+8550717892353
Metfone-071-7892354,Mobile,+8550717892354
Metfone-071-7892355,Mobile,+8550717892355
Metfone-071-7892356,Mobile,+8550717892356
Metfone-071-7892357,Mobile,+8550717892357
Metfone-071-7892358,Mobile,+8550717892358
Metfone-071-7892359,Mobile,+8550717892359
Metfone-071-7892360,Mobile,+8550717892360
Metfone-071-7892361,Mobile,+8550717892361
Metfone-071-7892362,Mobile,+8550717892362
Metfone-071-7892363,Mobile,+8550717892363
Metfone-071-7892364,Mobile,+8550717892364
Metfone-071-7892365,Mobile,+8550717892365
Metfone-071-7892366,Mobile,+8550717892366
Metfone-071-7892367,Mobile,+8550717892367
Metfone-071-7892368,Mobile,+8550717892368
Metfone-071-7892369,Mobile,+8550717892369
Metfone-071-7892370,Mobile,+8550717892370
Metfone-071-7892371,Mobile,+8550717892371
Metfone-071-7892372,Mobile,+8550717892372
Metfone-071-7892373,Mobile,+8550717892373
Metfone-071-7892374,Mobile,+8550717892374
Metfone-071-7892375,Mobile,+8550717892375
Metfone-071-7892376,Mobile,+8550717892376
Metfone-071-7892377,Mobile,+8550717892377
Metfone-071-7892378,Mobile,+8550717892378
Metfone-071-7892379,Mobile,+8550717892379
Metfone-071-7892380,Mobile,+8550717892380
Metfone-071-7892381,Mobile,+8550717892381
Metfone-071-7892382,Mobile,+8550717892382
Metfone-071-7892383,Mobile,+8550717892383
Metfone-071-7892384,Mobile,+8550717892384
Metfone-071-7892385,Mobile,+8550717892385
Metfone-071-7892386,Mobile,+8550717892386
Metfone-071-7892387,Mobile,+8550717892387
Metfone-071-7892388,Mobile,+8550717892388
Metfone-071-7892389,Mobile,+8550717892389
Metfone-071-7892390,Mobile,+8550717892390
Metfone-071-7892391,Mobile,+8550717892391
Metfone-071-7892392,Mobile,+8550717892392
Metfone-071-7892393,Mobile,+8550717892393
Metfone-071-7892394,Mobile,+8550717892394
Metfone-071-7892395,Mobile,+8550717892395
Metfone-071-7892396,Mobile,+8550717892396
Metfone-071-7892397,Mobile,+8550717892397
Metfone-071-7892398,Mobile,+8550717892398
Metfone-071-7892399,Mobile,+8550717892399
Metfone-071-7892400,Mobile,+8550717892400
Metfone-071-7892401,Mobile,+8550717892401
Metfone-071-7892402,Mobile,+8550717892402
Metfone-071-7892403,Mobile,+8550717892403
Metfone-071-7892404,Mobile,+8550717892404
Metfone-071-7892405,Mobile,+8550717892405
Metfone-071-7892406,Mobile,+8550717892406
Metfone-071-7892407,Mobile,+8550717892407
Metfone-071-7892408,Mobile,+8550717892408
Metfone-071-7892409,Mobile,+8550717892409
Metfone-071-7892410,Mobile,+8550717892410
Metfone-071-7892411,Mobile,+8550717892411
Metfone-071-7892412,Mobile,+8550717892412
Metfone-071-7892413,Mobile,+8550717892413
Metfone-071-7892414,Mobile,+8550717892414
Metfone-071-7892415,Mobile,+8550717892415
Metfone-071-7892416,Mobile,+8550717892416
Metfone-071-7892417,Mobile,+8550717892417
Metfone-071-7892418,Mobile,+8550717892418
Metfone-071-7892419,Mobile,+8550717892419
Metfone-071-7892420,Mobile,+8550717892420
Metfone-071-7892421,Mobile,+8550717892421
Metfone-071-7892422,Mobile,+8550717892422
Metfone-071-7892423,Mobile,+8550717892423
Metfone-071-7892424,Mobile,+8550717892424
Metfone-071-7892425,Mobile,+8550717892425
Metfone-071-7892426,Mobile,+8550717892426
Metfone-071-7892427,Mobile,+8550717892427
Metfone-071-7892428,Mobile,+8550717892428
Metfone-071-7892429,Mobile,+8550717892429
Metfone-071-7892430,Mobile,+8550717892430
Metfone-071-7892431,Mobile,+8550717892431
Metfone-071-7892432,Mobile,+8550717892432
Metfone-071-7892433,Mobile,+8550717892433
Metfone-071-7892434,Mobile,+8550717892434
Metfone-071-7892435,Mobile,+8550717892435
Metfone-071-7892436,Mobile,+8550717892436
Metfone-071-7892437,Mobile,+8550717892437
Metfone-071-7892438,Mobile,+8550717892438
Metfone-071-7892439,Mobile,+8550717892439
Metfone-071-7892440,Mobile,+8550717892440
Metfone-071-7892441,Mobile,+8550717892441
Metfone-071-7892442,Mobile,+8550717892442
Metfone-071-7892443,Mobile,+8550717892443
Metfone-071-7892444,Mobile,+8550717892444
Metfone-071-7892445,Mobile,+8550717892445
Metfone-071-7892446,Mobile,+8550717892446
Metfone-071-7892447,Mobile,+8550717892447
Metfone-071-7892448,Mobile,+8550717892448
Metfone-071-7892449,Mobile,+8550717892449
Metfone-071-7892450,Mobile,+8550717892450
Metfone-071-7892451,Mobile,+8550717892451
Metfone-071-7892452,Mobile,+8550717892452
Metfone-071-7892453,Mobile,+8550717892453
Metfone-071-7892454,Mobile,+8550717892454
Metfone-071-7892455,Mobile,+8550717892455
Metfone-071-7892456,Mobile,+8550717892456
Metfone-071-7892457,Mobile,+8550717892457
Metfone-071-7892458,Mobile,+8550717892458
Metfone-071-7892459,Mobile,+8550717892459
Metfone-071-7892460,Mobile,+8550717892460
Metfone-071-7892461,Mobile,+8550717892461
Metfone-071-7892462,Mobile,+8550717892462
Metfone-071-7892463,Mobile,+8550717892463
Metfone-071-7892464,Mobile,+8550717892464
Metfone-071-7892465,Mobile,+8550717892465
Metfone-071-7892466,Mobile,+8550717892466
Metfone-071-7892467,Mobile,+8550717892467
Metfone-071-7892468,Mobile,+8550717892468
Metfone-071-7892469,Mobile,+8550717892469
Metfone-071-7892470,Mobile,+8550717892470
Metfone-071-7892471,Mobile,+8550717892471
Metfone-071-7892472,Mobile,+8550717892472
Metfone-071-7892473,Mobile,+8550717892473
Metfone-071-7892474,Mobile,+8550717892474
Metfone-071-7892475,Mobile,+8550717892475
Metfone-071-7892476,Mobile,+8550717892476
Metfone-071-7892477,Mobile,+8550717892477
Metfone-071-7892478,Mobile,+8550717892478
Metfone-071-7892479,Mobile,+8550717892479
Metfone-071-7892480,Mobile,+8550717892480
Metfone-071-7892481,Mobile,+8550717892481
Metfone-071-7892482,Mobile,+8550717892482
Metfone-071-7892483,Mobile,+8550717892483
Metfone-071-7892484,Mobile,+8550717892484
Metfone-071-7892485,Mobile,+8550717892485
Metfone-071-7892486,Mobile,+8550717892486
Metfone-071-7892487,Mobile,+8550717892487
Metfone-071-7892488,Mobile,+8550717892488
Metfone-071-7892489,Mobile,+8550717892489
Metfone-071-7892490,Mobile,+8550717892490
Metfone-071-7892491,Mobile,+8550717892491
Metfone-071-7892492,Mobile,+8550717892492
Metfone-071-7892493,Mobile,+8550717892493
Metfone-071-7892494,Mobile,+8550717892494
Metfone-071-7892495,Mobile,+8550717892495
Metfone-071-7892496,Mobile,+8550717892496
Metfone-071-7892497,Mobile,+8550717892497
Metfone-071-7892498,Mobile,+8550717892498
Metfone-071-7892499,Mobile,+8550717892499
Metfone-071-7892500,Mobile,+8550717892500
Metfone-071-7892501,Mobile,+8550717892501
Metfone-071-7892502,Mobile,+8550717892502
Metfone-071-7892503,Mobile,+8550717892503
Metfone-071-7892504,Mobile,+8550717892504
Metfone-071-7892505,Mobile,+8550717892505
Metfone-071-7892506,Mobile,+8550717892506
Metfone-071-7892507,Mobile,+8550717892507
Metfone-071-7892508,Mobile,+8550717892508
Metfone-071-7892509,Mobile,+8550717892509
Metfone-071-7892510,Mobile,+8550717892510
Metfone-071-7892511,Mobile,+8550717892511
Metfone-071-7892512,Mobile,+8550717892512
Metfone-071-7892513,Mobile,+8550717892513
Metfone-071-7892514,Mobile,+8550717892514
Metfone-071-7892515,Mobile,+8550717892515
Metfone-071-7892516,Mobile,+8550717892516
Metfone-071-7892517,Mobile,+8550717892517
Metfone-071-7892518,Mobile,+8550717892518
Metfone-071-7892519,Mobile,+8550717892519
Metfone-071-7892520,Mobile,+8550717892520
Metfone-071-7892521,Mobile,+8550717892521
Metfone-071-7892522,Mobile,+8550717892522
Metfone-071-7892523,Mobile,+8550717892523
Metfone-071-7892524,Mobile,+8550717892524
Metfone-071-7892525,Mobile,+8550717892525
Metfone-071-7892526,Mobile,+8550717892526
Metfone-071-7892527,Mobile,+8550717892527
Metfone-071-7892528,Mobile,+8550717892528
Metfone-071-7892529,Mobile,+8550717892529
Metfone-071-7892530,Mobile,+8550717892530
Metfone-071-7892531,Mobile,+8550717892531
Metfone-071-7892532,Mobile,+8550717892532
Metfone-071-7892533,Mobile,+8550717892533
Metfone-071-7892534,Mobile,+8550717892534
Metfone-071-7892535,Mobile,+8550717892535
Metfone-071-7892536,Mobile,+8550717892536
Metfone-071-7892537,Mobile,+8550717892537
Metfone-071-7892538,Mobile,+8550717892538
Metfone-071-7892539,Mobile,+8550717892539
Metfone-071-7892540,Mobile,+8550717892540
Metfone-071-7892541,Mobile,+8550717892541
Metfone-071-7892542,Mobile,+8550717892542
Metfone-071-7892543,Mobile,+8550717892543
Metfone-071-7892544,Mobile,+8550717892544
Metfone-071-7892545,Mobile,+8550717892545
Metfone-071-7892546,Mobile,+8550717892546
Metfone-071-7892547,Mobile,+8550717892547
Metfone-071-7892548,Mobile,+8550717892548
Metfone-071-7892549,Mobile,+8550717892549
Metfone-071-7892550,Mobile,+8550717892550
Metfone-071-7892551,Mobile,+8550717892551
Metfone-071-7892552,Mobile,+8550717892552
Metfone-071-7892553,Mobile,+8550717892553
Metfone-071-7892554,Mobile,+8550717892554
Metfone-071-7892555,Mobile,+8550717892555
Metfone-071-7892556,Mobile,+8550717892556
Metfone-071-7892557,Mobile,+8550717892557
Metfone-071-7892558,Mobile,+8550717892558
Metfone-071-7892559,Mobile,+8550717892559
Metfone-071-7892560,Mobile,+8550717892560
Metfone-071-7892561,Mobile,+8550717892561
Metfone-071-7892562,Mobile,+8550717892562
Metfone-071-7892563,Mobile,+8550717892563
Metfone-071-7892564,Mobile,+8550717892564
Metfone-071-7892565,Mobile,+8550717892565
Metfone-071-7892566,Mobile,+8550717892566
Metfone-071-7892567,Mobile,+8550717892567
Metfone-071-7892568,Mobile,+8550717892568
Metfone-071-7892569,Mobile,+8550717892569
Metfone-071-7892570,Mobile,+8550717892570
Metfone-071-7892571,Mobile,+8550717892571
Metfone-071-7892572,Mobile,+8550717892572
Metfone-071-7892573,Mobile,+8550717892573
Metfone-071-7892574,Mobile,+8550717892574
Metfone-071-7892575,Mobile,+8550717892575
Metfone-071-7892576,Mobile,+8550717892576
Metfone-071-7892577,Mobile,+8550717892577
Metfone-071-7892578,Mobile,+8550717892578
Metfone-071-7892579,Mobile,+8550717892579
Metfone-071-7892580,Mobile,+8550717892580
Metfone-071-7892581,Mobile,+8550717892581
Metfone-071-7892582,Mobile,+8550717892582
Metfone-071-7892583,Mobile,+8550717892583
Metfone-071-7892584,Mobile,+8550717892584
Metfone-071-7892585,Mobile,+8550717892585
Metfone-071-7892586,Mobile,+8550717892586
Metfone-071-7892587,Mobile,+8550717892587
Metfone-071-7892588,Mobile,+8550717892588
Metfone-071-7892589,Mobile,+8550717892589
Metfone-071-7892590,Mobile,+8550717892590
Metfone-071-7892591,Mobile,+8550717892591
Metfone-071-7892592,Mobile,+8550717892592
Metfone-071-7892593,Mobile,+8550717892593
Metfone-071-7892594,Mobile,+8550717892594
Metfone-071-7892595,Mobile,+8550717892595
Metfone-071-7892596,Mobile,+8550717892596
Metfone-071-7892597,Mobile,+8550717892597
Metfone-071-7892598,Mobile,+8550717892598
Metfone-071-7892599,Mobile,+8550717892599
Metfone-071-7892600,Mobile,+8550717892600
Metfone-071-7892601,Mobile,+8550717892601
Metfone-071-7892602,Mobile,+8550717892602
Metfone-071-7892603,Mobile,+8550717892603
Metfone-071-7892604,Mobile,+8550717892604
Metfone-071-7892605,Mobile,+8550717892605
Metfone-071-7892606,Mobile,+8550717892606
Metfone-071-7892607,Mobile,+8550717892607
Metfone-071-7892608,Mobile,+8550717892608
Metfone-071-7892609,Mobile,+8550717892609
Metfone-071-7892610,Mobile,+8550717892610
Metfone-071-7892611,Mobile,+8550717892611
Metfone-071-7892612,Mobile,+8550717892612
Metfone-071-7892613,Mobile,+8550717892613
Metfone-071-7892614,Mobile,+8550717892614
Metfone-071-7892615,Mobile,+8550717892615
Metfone-071-7892616,Mobile,+8550717892616
Metfone-071-7892617,Mobile,+8550717892617
Metfone-071-7892618,Mobile,+8550717892618
Metfone-071-7892619,Mobile,+8550717892619
Metfone-071-7892620,Mobile,+8550717892620
Metfone-071-7892621,Mobile,+8550717892621
Metfone-071-7892622,Mobile,+8550717892622
Metfone-071-7892623,Mobile,+8550717892623
Metfone-071-7892624,Mobile,+8550717892624
Metfone-071-7892625,Mobile,+8550717892625
Metfone-071-7892626,Mobile,+8550717892626
Metfone-071-7892627,Mobile,+8550717892627
Metfone-071-7892628,Mobile,+8550717892628
Metfone-071-7892629,Mobile,+8550717892629
Metfone-071-7892630,Mobile,+8550717892630
Metfone-071-7892631,Mobile,+8550717892631
Metfone-071-7892632,Mobile,+8550717892632
Metfone-071-7892633,Mobile,+8550717892633
Metfone-071-7892634,Mobile,+8550717892634
Metfone-071-7892635,Mobile,+8550717892635
Metfone-071-7892636,Mobile,+8550717892636
Metfone-071-7892637,Mobile,+8550717892637
Metfone-071-7892638,Mobile,+8550717892638
Metfone-071-7892639,Mobile,+8550717892639
Metfone-071-7892640,Mobile,+8550717892640
Metfone-071-7892641,Mobile,+8550717892641
Metfone-071-7892642,Mobile,+8550717892642
Metfone-071-7892643,Mobile,+8550717892643
Metfone-071-7892644,Mobile,+8550717892644
Metfone-071-7892645,Mobile,+8550717892645
Metfone-071-7892646,Mobile,+8550717892646
Metfone-071-7892647,Mobile,+8550717892647
Metfone-071-7892648,Mobile,+8550717892648
Metfone-071-7892649,Mobile,+8550717892649
Metfone-071-7892650,Mobile,+8550717892650
Metfone-071-7892651,Mobile,+8550717892651
Metfone-071-7892652,Mobile,+8550717892652
Metfone-071-7892653,Mobile,+8550717892653
Metfone-071-7892654,Mobile,+8550717892654
Metfone-071-7892655,Mobile,+8550717892655
Metfone-071-7892656,Mobile,+8550717892656
Metfone-071-7892657,Mobile,+8550717892657
Metfone-071-7892658,Mobile,+8550717892658
Metfone-071-7892659,Mobile,+8550717892659
Metfone-071-7892660,Mobile,+8550717892660
Metfone-071-7892661,Mobile,+8550717892661
Metfone-071-7892662,Mobile,+8550717892662
Metfone-071-7892663,Mobile,+8550717892663
Metfone-071-7892664,Mobile,+8550717892664
Metfone-071-7892665,Mobile,+8550717892665
Metfone-071-7892666,Mobile,+8550717892666
Metfone-071-7892667,Mobile,+8550717892667
Metfone-071-7892668,Mobile,+8550717892668
Metfone-071-7892669,Mobile,+8550717892669
Metfone-071-7892670,Mobile,+8550717892670
Metfone-071-7892671,Mobile,+8550717892671
Metfone-071-7892672,Mobile,+8550717892672
Metfone-071-7892673,Mobile,+8550717892673
Metfone-071-7892674,Mobile,+8550717892674
Metfone-071-7892675,Mobile,+8550717892675
Metfone-071-7892676,Mobile,+8550717892676
Metfone-071-7892677,Mobile,+8550717892677
Metfone-071-7892678,Mobile,+8550717892678
Metfone-071-7892679,Mobile,+8550717892679
Metfone-071-7892680,Mobile,+8550717892680
Metfone-071-7892681,Mobile,+8550717892681
Metfone-071-7892682,Mobile,+8550717892682
Metfone-071-7892683,Mobile,+8550717892683
Metfone-071-7892684,Mobile,+8550717892684
Metfone-071-7892685,Mobile,+8550717892685
Metfone-071-7892686,Mobile,+8550717892686
Metfone-071-7892687,Mobile,+8550717892687
Metfone-071-7892688,Mobile,+8550717892688
Metfone-071-7892689,Mobile,+8550717892689
Metfone-071-7892690,Mobile,+8550717892690
Metfone-071-7892691,Mobile,+8550717892691
Metfone-071-7892692,Mobile,+8550717892692
Metfone-071-7892693,Mobile,+8550717892693
Metfone-071-7892694,Mobile,+8550717892694
Metfone-071-7892695,Mobile,+8550717892695
Metfone-071-7892696,Mobile,+8550717892696
Metfone-071-7892697,Mobile,+8550717892697
Metfone-071-7892698,Mobile,+8550717892698
Metfone-071-7892699,Mobile,+8550717892699
Metfone-071-7892700,Mobile,+8550717892700
Metfone-071-7892701,Mobile,+8550717892701
Metfone-071-7892702,Mobile,+8550717892702
Metfone-071-7892703,Mobile,+8550717892703
Metfone-071-7892704,Mobile,+8550717892704
Metfone-071-7892705,Mobile,+8550717892705
Metfone-071-7892706,Mobile,+8550717892706
Metfone-071-7892707,Mobile,+8550717892707
Metfone-071-7892708,Mobile,+8550717892708
Metfone-071-7892709,Mobile,+8550717892709
Metfone-071-7892710,Mobile,+8550717892710
Metfone-071-7892711,Mobile,+8550717892711
Metfone-071-7892712,Mobile,+8550717892712
Metfone-071-7892713,Mobile,+8550717892713
Metfone-071-7892714,Mobile,+8550717892714
Metfone-071-7892715,Mobile,+8550717892715
Metfone-071-7892716,Mobile,+8550717892716
Metfone-071-7892717,Mobile,+8550717892717
Metfone-071-7892718,Mobile,+8550717892718
Metfone-071-7892719,Mobile,+8550717892719
Metfone-071-7892720,Mobile,+8550717892720
Metfone-071-7892721,Mobile,+8550717892721
Metfone-071-7892722,Mobile,+8550717892722
Metfone-071-7892723,Mobile,+8550717892723
Metfone-071-7892724,Mobile,+8550717892724
Metfone-071-7892725,Mobile,+8550717892725
Metfone-071-7892726,Mobile,+8550717892726
Metfone-071-7892727,Mobile,+8550717892727
Metfone-071-7892728,Mobile,+8550717892728
Metfone-071-7892729,Mobile,+8550717892729
Metfone-071-7892730,Mobile,+8550717892730
Metfone-071-7892731,Mobile,+8550717892731
Metfone-071-7892732,Mobile,+8550717892732
Metfone-071-7892733,Mobile,+8550717892733
Metfone-071-7892734,Mobile,+8550717892734
Metfone-071-7892735,Mobile,+8550717892735
Metfone-071-7892736,Mobile,+8550717892736
Metfone-071-7892737,Mobile,+8550717892737
Metfone-071-7892738,Mobile,+8550717892738
Metfone-071-7892739,Mobile,+8550717892739
Metfone-071-7892740,Mobile,+8550717892740
Metfone-071-7892741,Mobile,+8550717892741
Metfone-071-7892742,Mobile,+8550717892742
Metfone-071-7892743,Mobile,+8550717892743
Metfone-071-7892744,Mobile,+8550717892744
Metfone-071-7892745,Mobile,+8550717892745
Metfone-071-7892746,Mobile,+8550717892746
Metfone-071-7892747,Mobile,+8550717892747
Metfone-071-7892748,Mobile,+8550717892748
Metfone-071-7892749,Mobile,+8550717892749
Metfone-071-7892750,Mobile,+8550717892750
Metfone-071-7892751,Mobile,+8550717892751
Metfone-071-7892752,Mobile,+8550717892752
Metfone-071-7892753,Mobile,+8550717892753
Metfone-071-7892754,Mobile,+8550717892754
Metfone-071-7892755,Mobile,+8550717892755
Metfone-071-7892756,Mobile,+8550717892756
Metfone-071-7892757,Mobile,+8550717892757
Metfone-071-7892758,Mobile,+8550717892758
Metfone-071-7892759,Mobile,+8550717892759
Metfone-071-7892760,Mobile,+8550717892760
Metfone-071-7892761,Mobile,+8550717892761
Metfone-071-7892762,Mobile,+8550717892762
Metfone-071-7892763,Mobile,+8550717892763
Metfone-071-7892764,Mobile,+8550717892764
Metfone-071-7892765,Mobile,+8550717892765
Metfone-071-7892766,Mobile,+8550717892766
Metfone-071-7892767,Mobile,+8550717892767
Metfone-071-7892768,Mobile,+8550717892768
Metfone-071-7892769,Mobile,+8550717892769
Metfone-071-7892770,Mobile,+8550717892770
Metfone-071-7892771,Mobile,+8550717892771
Metfone-071-7892772,Mobile,+8550717892772
Metfone-071-7892773,Mobile,+8550717892773
Metfone-071-7892774,Mobile,+8550717892774
Metfone-071-7892775,Mobile,+8550717892775
Metfone-071-7892776,Mobile,+8550717892776
Metfone-071-7892777,Mobile,+8550717892777
Metfone-071-7892778,Mobile,+8550717892778
Metfone-071-7892779,Mobile,+8550717892779
Metfone-071-7892780,Mobile,+8550717892780
Metfone-071-7892781,Mobile,+8550717892781
Metfone-071-7892782,Mobile,+8550717892782
Metfone-071-7892783,Mobile,+8550717892783
Metfone-071-7892784,Mobile,+8550717892784
Metfone-071-7892785,Mobile,+8550717892785
Metfone-071-7892786,Mobile,+8550717892786
Metfone-071-7892787,Mobile,+8550717892787
Metfone-071-7892788,Mobile,+8550717892788
Metfone-071-7892789,Mobile,+8550717892789
Metfone-071-7892790,Mobile,+8550717892790
Metfone-071-7892791,Mobile,+8550717892791
Metfone-071-7892792,Mobile,+8550717892792
Metfone-071-7892793,Mobile,+8550717892793
Metfone-071-7892794,Mobile,+8550717892794
Metfone-071-7892795,Mobile,+8550717892795
Metfone-071-7892796,Mobile,+8550717892796
Metfone-071-7892797,Mobile,+8550717892797
Metfone-071-7892798,Mobile,+8550717892798
Metfone-071-7892799,Mobile,+8550717892799
Metfone-071-7892800,Mobile,+8550717892800
Metfone-071-7892801,Mobile,+8550717892801
Metfone-071-7892802,Mobile,+8550717892802
Metfone-071-7892803,Mobile,+8550717892803
Metfone-071-7892804,Mobile,+8550717892804
Metfone-071-7892805,Mobile,+8550717892805
Metfone-071-7892806,Mobile,+8550717892806
Metfone-071-7892807,Mobile,+8550717892807
Metfone-071-7892808,Mobile,+8550717892808
Metfone-071-7892809,Mobile,+8550717892809
Metfone-071-7892810,Mobile,+8550717892810
Metfone-071-7892811,Mobile,+8550717892811
Metfone-071-7892812,Mobile,+8550717892812
Metfone-071-7892813,Mobile,+8550717892813
Metfone-071-7892814,Mobile,+8550717892814
Metfone-071-7892815,Mobile,+8550717892815
Metfone-071-7892816,Mobile,+8550717892816
Metfone-071-7892817,Mobile,+8550717892817
Metfone-071-7892818,Mobile,+8550717892818
Metfone-071-7892819,Mobile,+8550717892819
Metfone-071-7892820,Mobile,+8550717892820
Metfone-071-7892821,Mobile,+8550717892821
Metfone-071-7892822,Mobile,+8550717892822
Metfone-071-7892823,Mobile,+8550717892823
Metfone-071-7892824,Mobile,+8550717892824
Metfone-071-7892825,Mobile,+8550717892825
Metfone-071-7892826,Mobile,+8550717892826
Metfone-071-7892827,Mobile,+8550717892827
Metfone-071-7892828,Mobile,+8550717892828
Metfone-071-7892829,Mobile,+8550717892829
Metfone-071-7892830,Mobile,+8550717892830
Metfone-071-7892831,Mobile,+8550717892831
Metfone-071-7892832,Mobile,+8550717892832
Metfone-071-7892833,Mobile,+8550717892833
Metfone-071-7892834,Mobile,+8550717892834
Metfone-071-7892835,Mobile,+8550717892835
Metfone-071-7892836,Mobile,+8550717892836
Metfone-071-7892837,Mobile,+8550717892837
Metfone-071-7892838,Mobile,+8550717892838
Metfone-071-7892839,Mobile,+8550717892839
Metfone-071-7892840,Mobile,+8550717892840
Metfone-071-7892841,Mobile,+8550717892841
Metfone-071-7892842,Mobile,+8550717892842
Metfone-071-7892843,Mobile,+8550717892843
Metfone-071-7892844,Mobile,+8550717892844
Metfone-071-7892845,Mobile,+8550717892845
Metfone-071-7892846,Mobile,+8550717892846
Metfone-071-7892847,Mobile,+8550717892847
Metfone-071-7892848,Mobile,+8550717892848
Metfone-071-7892849,Mobile,+8550717892849
Metfone-071-7892850,Mobile,+8550717892850
Metfone-071-7892851,Mobile,+8550717892851
Metfone-071-7892852,Mobile,+8550717892852
Metfone-071-7892853,Mobile,+8550717892853
Metfone-071-7892854,Mobile,+8550717892854
Metfone-071-7892855,Mobile,+8550717892855
Metfone-071-7892856,Mobile,+8550717892856
Metfone-071-7892857,Mobile,+8550717892857
Metfone-071-7892858,Mobile,+8550717892858
Metfone-071-7892859,Mobile,+8550717892859
Metfone-071-7892860,Mobile,+8550717892860
Metfone-071-7892861,Mobile,+8550717892861
Metfone-071-7892862,Mobile,+8550717892862
Metfone-071-7892863,Mobile,+8550717892863
Metfone-071-7892864,Mobile,+8550717892864
Metfone-071-7892865,Mobile,+8550717892865
Metfone-071-7892866,Mobile,+8550717892866
Metfone-071-7892867,Mobile,+8550717892867
Metfone-071-7892868,Mobile,+8550717892868
Metfone-071-7892869,Mobile,+8550717892869
Metfone-071-7892870,Mobile,+8550717892870
Metfone-071-7892871,Mobile,+8550717892871
Metfone-071-7892872,Mobile,+8550717892872
Metfone-071-7892873,Mobile,+8550717892873
Metfone-071-7892874,Mobile,+8550717892874
Metfone-071-7892875,Mobile,+8550717892875
Metfone-071-7892876,Mobile,+8550717892876
Metfone-071-7892877,Mobile,+8550717892877
Metfone-071-7892878,Mobile,+8550717892878
Metfone-071-7892879,Mobile,+8550717892879
Metfone-071-7892880,Mobile,+8550717892880
Metfone-071-7892881,Mobile,+8550717892881
Metfone-071-7892882,Mobile,+8550717892882
Metfone-071-7892883,Mobile,+8550717892883
Metfone-071-7892884,Mobile,+8550717892884
Metfone-071-7892885,Mobile,+8550717892885
Metfone-071-7892886,Mobile,+8550717892886
Metfone-071-7892887,Mobile,+8550717892887
Metfone-071-7892888,Mobile,+8550717892888
Metfone-071-7892889,Mobile,+8550717892889
Metfone-071-7892890,Mobile,+8550717892890
Metfone-071-7892891,Mobile,+8550717892891
Metfone-071-7892892,Mobile,+8550717892892
Metfone-071-7892893,Mobile,+8550717892893
Metfone-071-7892894,Mobile,+8550717892894
Metfone-071-7892895,Mobile,+8550717892895
Metfone-071-7892896,Mobile,+8550717892896
Metfone-071-7892897,Mobile,+8550717892897
Metfone-071-7892898,Mobile,+8550717892898
Metfone-071-7892899,Mobile,+8550717892899
Metfone-071-7892900,Mobile,+8550717892900
Metfone-071-7892901,Mobile,+8550717892901
Metfone-071-7892902,Mobile,+8550717892902
Metfone-071-7892903,Mobile,+8550717892903
Metfone-071-7892904,Mobile,+8550717892904
Metfone-071-7892905,Mobile,+8550717892905
Metfone-071-7892906,Mobile,+8550717892906
Metfone-071-7892907,Mobile,+8550717892907
Metfone-071-7892908,Mobile,+8550717892908
Metfone-071-7892909,Mobile,+8550717892909
Metfone-071-7892910,Mobile,+8550717892910
Metfone-071-7892911,Mobile,+8550717892911
Metfone-071-7892912,Mobile,+8550717892912
Metfone-071-7892913,Mobile,+8550717892913
Metfone-071-7892914,Mobile,+8550717892914
Metfone-071-7892915,Mobile,+8550717892915
Metfone-071-7892916,Mobile,+8550717892916
Metfone-071-7892917,Mobile,+8550717892917
Metfone-071-7892918,Mobile,+8550717892918
Metfone-071-7892919,Mobile,+8550717892919
Metfone-071-7892920,Mobile,+8550717892920
Metfone-071-7892921,Mobile,+8550717892921
Metfone-071-7892922,Mobile,+8550717892922
Metfone-071-7892923,Mobile,+8550717892923
Metfone-071-7892924,Mobile,+8550717892924
Metfone-071-7892925,Mobile,+8550717892925
Metfone-071-7892926,Mobile,+8550717892926
Metfone-071-7892927,Mobile,+8550717892927
Metfone-071-7892928,Mobile,+8550717892928
Metfone-071-7892929,Mobile,+8550717892929
Metfone-071-7892930,Mobile,+8550717892930
Metfone-071-7892931,Mobile,+8550717892931
Metfone-071-7892932,Mobile,+8550717892932
Metfone-071-7892933,Mobile,+8550717892933
Metfone-071-7892934,Mobile,+8550717892934
Metfone-071-7892935,Mobile,+8550717892935
Metfone-071-7892936,Mobile,+8550717892936
Metfone-071-7892937,Mobile,+8550717892937
Metfone-071-7892938,Mobile,+8550717892938
Metfone-071-7892939,Mobile,+8550717892939
Metfone-071-7892940,Mobile,+8550717892940
Metfone-071-7892941,Mobile,+8550717892941
Metfone-071-7892942,Mobile,+8550717892942
Metfone-071-7892943,Mobile,+8550717892943
Metfone-071-7892944,Mobile,+8550717892944
Metfone-071-7892945,Mobile,+8550717892945
Metfone-071-7892946,Mobile,+8550717892946
Metfone-071-7892947,Mobile,+8550717892947
Metfone-071-7892948,Mobile,+8550717892948
Metfone-071-7892949,Mobile,+8550717892949
Metfone-071-7892950,Mobile,+8550717892950
Metfone-071-7892951,Mobile,+8550717892951
Metfone-071-7892952,Mobile,+8550717892952
Metfone-071-7892953,Mobile,+8550717892953
Metfone-071-7892954,Mobile,+8550717892954
Metfone-071-7892955,Mobile,+8550717892955
Metfone-071-7892956,Mobile,+8550717892956
Metfone-071-7892957,Mobile,+8550717892957
Metfone-071-7892958,Mobile,+8550717892958
Metfone-071-7892959,Mobile,+8550717892959
Metfone-071-7892960,Mobile,+8550717892960
Metfone-071-7892961,Mobile,+8550717892961
Metfone-071-7892962,Mobile,+8550717892962
Metfone-071-7892963,Mobile,+8550717892963
Metfone-071-7892964,Mobile,+8550717892964
Metfone-071-7892965,Mobile,+8550717892965
Metfone-071-7892966,Mobile,+8550717892966
Metfone-071-7892967,Mobile,+8550717892967
Metfone-071-7892968,Mobile,+8550717892968
Metfone-071-7892969,Mobile,+8550717892969
Metfone-071-7892970,Mobile,+8550717892970
Metfone-071-7892971,Mobile,+8550717892971
Metfone-071-7892972,Mobile,+8550717892972
Metfone-071-7892973,Mobile,+8550717892973
Metfone-071-7892974,Mobile,+8550717892974
Metfone-071-7892975,Mobile,+8550717892975
Metfone-071-7892976,Mobile,+8550717892976
Metfone-071-7892977,Mobile,+8550717892977
Metfone-071-7892978,Mobile,+8550717892978
Metfone-071-7892979,Mobile,+8550717892979
Metfone-071-7892980,Mobile,+8550717892980
Metfone-071-7892981,Mobile,+8550717892981
Metfone-071-7892982,Mobile,+8550717892982
Metfone-071-7892983,Mobile,+8550717892983
Metfone-071-7892984,Mobile,+8550717892984
Metfone-071-7892985,Mobile,+8550717892985
Metfone-071-7892986,Mobile,+8550717892986
Metfone-071-7892987,Mobile,+8550717892987
Metfone-071-7892988,Mobile,+8550717892988
Metfone-071-7892989,Mobile,+8550717892989
Metfone-071-7892990,Mobile,+8550717892990
Metfone-071-7892991,Mobile,+8550717892991
Metfone-071-7892992,Mobile,+8550717892992
Metfone-071-7892993,Mobile,+8550717892993
Metfone-071-7892994,Mobile,+8550717892994
Metfone-071-7892995,Mobile,+8550717892995
Metfone-071-7892996,Mobile,+8550717892996
Metfone-071-7892997,Mobile,+8550717892997
Metfone-071-7892998,Mobile,+8550717892998
Metfone-071-7892999,Mobile,+8550717892999
Metfone-071-7893000,Mobile,+8550717893000
Metfone-071-7893001,Mobile,+8550717893001
Metfone-071-7893002,Mobile,+8550717893002
Metfone-071-7893003,Mobile,+8550717893003
Metfone-071-7893004,Mobile,+8550717893004
Metfone-071-7893005,Mobile,+8550717893005
Metfone-071-7893006,Mobile,+8550717893006
Metfone-071-7893007,Mobile,+8550717893007
Metfone-071-7893008,Mobile,+8550717893008
Metfone-071-7893009,Mobile,+8550717893009
Metfone-071-7893010,Mobile,+8550717893010
Metfone-071-7893011,Mobile,+8550717893011
Metfone-071-7893012,Mobile,+8550717893012
Metfone-071-7893013,Mobile,+8550717893013
Metfone-071-7893014,Mobile,+8550717893014
Metfone-071-7893015,Mobile,+8550717893015
Metfone-071-7893016,Mobile,+8550717893016
Metfone-071-7893017,Mobile,+8550717893017
Metfone-071-7893018,Mobile,+8550717893018
Metfone-071-7893019,Mobile,+8550717893019
Metfone-071-7893020,Mobile,+8550717893020
Metfone-071-7893021,Mobile,+8550717893021
Metfone-071-7893022,Mobile,+8550717893022
Metfone-071-7893023,Mobile,+8550717893023
Metfone-071-7893024,Mobile,+8550717893024
Metfone-071-7893025,Mobile,+8550717893025
Metfone-071-7893026,Mobile,+8550717893026
Metfone-071-7893027,Mobile,+8550717893027
Metfone-071-7893028,Mobile,+8550717893028
Metfone-071-7893029,Mobile,+8550717893029
Metfone-071-7893030,Mobile,+8550717893030
Metfone-071-7893031,Mobile,+8550717893031
Metfone-071-7893032,Mobile,+8550717893032
Metfone-071-7893033,Mobile,+8550717893033
Metfone-071-7893034,Mobile,+8550717893034
Metfone-071-7893035,Mobile,+8550717893035
Metfone-071-7893036,Mobile,+8550717893036
Metfone-071-7893037,Mobile,+8550717893037
Metfone-071-7893038,Mobile,+8550717893038
Metfone-071-7893039,Mobile,+8550717893039
Metfone-071-7893040,Mobile,+8550717893040
Metfone-071-7893041,Mobile,+8550717893041
Metfone-071-7893042,Mobile,+8550717893042
Metfone-071-7893043,Mobile,+8550717893043
Metfone-071-7893044,Mobile,+8550717893044
Metfone-071-7893045,Mobile,+8550717893045
Metfone-071-7893046,Mobile,+8550717893046
Metfone-071-7893047,Mobile,+8550717893047
Metfone-071-7893048,Mobile,+8550717893048
Metfone-071-7893049,Mobile,+8550717893049
Metfone-071-7893050,Mobile,+8550717893050
Metfone-071-7893051,Mobile,+8550717893051
Metfone-071-7893052,Mobile,+8550717893052
Metfone-071-7893053,Mobile,+8550717893053
Metfone-071-7893054,Mobile,+8550717893054
Metfone-071-7893055,Mobile,+8550717893055
Metfone-071-7893056,Mobile,+8550717893056
Metfone-071-7893057,Mobile,+8550717893057
Metfone-071-7893058,Mobile,+8550717893058
Metfone-071-7893059,Mobile,+8550717893059
Metfone-071-7893060,Mobile,+8550717893060
Metfone-071-7893061,Mobile,+8550717893061
Metfone-071-7893062,Mobile,+8550717893062
Metfone-071-7893063,Mobile,+8550717893063
Metfone-071-7893064,Mobile,+8550717893064
Metfone-071-7893065,Mobile,+8550717893065
Metfone-071-7893066,Mobile,+8550717893066
Metfone-071-7893067,Mobile,+8550717893067
Metfone-071-7893068,Mobile,+8550717893068
Metfone-071-7893069,Mobile,+8550717893069
Metfone-071-7893070,Mobile,+8550717893070
Metfone-071-7893071,Mobile,+8550717893071
Metfone-071-7893072,Mobile,+8550717893072
Metfone-071-7893073,Mobile,+8550717893073
Metfone-071-7893074,Mobile,+8550717893074
Metfone-071-7893075,Mobile,+8550717893075
Metfone-071-7893076,Mobile,+8550717893076
Metfone-071-7893077,Mobile,+8550717893077
Metfone-071-7893078,Mobile,+8550717893078
Metfone-071-7893079,Mobile,+8550717893079
Metfone-071-7893080,Mobile,+8550717893080
Metfone-071-7893081,Mobile,+8550717893081
Metfone-071-7893082,Mobile,+8550717893082
Metfone-071-7893083,Mobile,+8550717893083
Metfone-071-7893084,Mobile,+8550717893084
Metfone-071-7893085,Mobile,+8550717893085
Metfone-071-7893086,Mobile,+8550717893086
Metfone-071-7893087,Mobile,+8550717893087
Metfone-071-7893088,Mobile,+8550717893088
Metfone-071-7893089,Mobile,+8550717893089
Metfone-071-7893090,Mobile,+8550717893090
Metfone-071-7893091,Mobile,+8550717893091
Metfone-071-7893092,Mobile,+8550717893092
Metfone-071-7893093,Mobile,+8550717893093
Metfone-071-7893094,Mobile,+8550717893094
Metfone-071-7893095,Mobile,+8550717893095
Metfone-071-7893096,Mobile,+8550717893096
Metfone-071-7893097,Mobile,+8550717893097
Metfone-071-7893098,Mobile,+8550717893098
Metfone-071-7893099,Mobile,+8550717893099
Metfone-071-7893100,Mobile,+8550717893100
Metfone-071-7893101,Mobile,+8550717893101
Metfone-071-7893102,Mobile,+8550717893102
Metfone-071-7893103,Mobile,+8550717893103
Metfone-071-7893104,Mobile,+8550717893104
Metfone-071-7893105,Mobile,+8550717893105
Metfone-071-7893106,Mobile,+8550717893106
Metfone-071-7893107,Mobile,+8550717893107
Metfone-071-7893108,Mobile,+8550717893108
Metfone-071-7893109,Mobile,+8550717893109
Metfone-071-7893110,Mobile,+8550717893110
Metfone-071-7893111,Mobile,+8550717893111
Metfone-071-7893112,Mobile,+8550717893112
Metfone-071-7893113,Mobile,+8550717893113
Metfone-071-7893114,Mobile,+8550717893114
Metfone-071-7893115,Mobile,+8550717893115
Metfone-071-7893116,Mobile,+8550717893116
Metfone-071-7893117,Mobile,+8550717893117
Metfone-071-7893118,Mobile,+8550717893118
Metfone-071-7893119,Mobile,+8550717893119
Metfone-071-7893120,Mobile,+8550717893120
Metfone-071-7893121,Mobile,+8550717893121
Metfone-071-7893122,Mobile,+8550717893122
Metfone-071-7893123,Mobile,+8550717893123
Metfone-071-7893124,Mobile,+8550717893124
Metfone-071-7893125,Mobile,+8550717893125
Metfone-071-7893126,Mobile,+8550717893126
Metfone-071-7893127,Mobile,+8550717893127
Metfone-071-7893128,Mobile,+8550717893128
Metfone-071-7893129,Mobile,+8550717893129
Metfone-071-7893130,Mobile,+8550717893130
Metfone-071-7893131,Mobile,+8550717893131
Metfone-071-7893132,Mobile,+8550717893132
Metfone-071-7893133,Mobile,+8550717893133
Metfone-071-7893134,Mobile,+8550717893134
Metfone-071-7893135,Mobile,+8550717893135
Metfone-071-7893136,Mobile,+8550717893136
Metfone-071-7893137,Mobile,+8550717893137
Metfone-071-7893138,Mobile,+8550717893138
Metfone-071-7893139,Mobile,+8550717893139
Metfone-071-7893140,Mobile,+8550717893140
Metfone-071-7893141,Mobile,+8550717893141
Metfone-071-7893142,Mobile,+8550717893142
Metfone-071-7893143,Mobile,+8550717893143
Metfone-071-7893144,Mobile,+8550717893144
Metfone-071-7893145,Mobile,+8550717893145
Metfone-071-7893146,Mobile,+8550717893146
Metfone-071-7893147,Mobile,+8550717893147
Metfone-071-7893148,Mobile,+8550717893148
Metfone-071-7893149,Mobile,+8550717893149
Metfone-071-7893150,Mobile,+8550717893150
Metfone-071-7893151,Mobile,+8550717893151
Metfone-071-7893152,Mobile,+8550717893152
Metfone-071-7893153,Mobile,+8550717893153
Metfone-071-7893154,Mobile,+8550717893154
Metfone-071-7893155,Mobile,+8550717893155
Metfone-071-7893156,Mobile,+8550717893156
Metfone-071-7893157,Mobile,+8550717893157
Metfone-071-7893158,Mobile,+8550717893158
Metfone-071-7893159,Mobile,+8550717893159
Metfone-071-7893160,Mobile,+8550717893160
Metfone-071-7893161,Mobile,+8550717893161
Metfone-071-7893162,Mobile,+8550717893162
Metfone-071-7893163,Mobile,+8550717893163
Metfone-071-7893164,Mobile,+8550717893164
Metfone-071-7893165,Mobile,+8550717893165
Metfone-071-7893166,Mobile,+8550717893166
Metfone-071-7893167,Mobile,+8550717893167
Metfone-071-7893168,Mobile,+8550717893168
Metfone-071-7893169,Mobile,+8550717893169
Metfone-071-7893170,Mobile,+8550717893170
Metfone-071-7893171,Mobile,+8550717893171
Metfone-071-7893172,Mobile,+8550717893172
Metfone-071-7893173,Mobile,+8550717893173
Metfone-071-7893174,Mobile,+8550717893174
Metfone-071-7893175,Mobile,+8550717893175
Metfone-071-7893176,Mobile,+8550717893176
Metfone-071-7893177,Mobile,+8550717893177
Metfone-071-7893178,Mobile,+8550717893178
Metfone-071-7893179,Mobile,+8550717893179
Metfone-071-7893180,Mobile,+8550717893180
Metfone-071-7893181,Mobile,+8550717893181
Metfone-071-7893182,Mobile,+8550717893182
Metfone-071-7893183,Mobile,+8550717893183
Metfone-071-7893184,Mobile,+8550717893184
Metfone-071-7893185,Mobile,+8550717893185
Metfone-071-7893186,Mobile,+8550717893186
Metfone-071-7893187,Mobile,+8550717893187
Metfone-071-7893188,Mobile,+8550717893188
Metfone-071-7893189,Mobile,+8550717893189
Metfone-071-7893190,Mobile,+8550717893190
Metfone-071-7893191,Mobile,+8550717893191
Metfone-071-7893192,Mobile,+8550717893192
Metfone-071-7893193,Mobile,+8550717893193
Metfone-071-7893194,Mobile,+8550717893194
Metfone-071-7893195,Mobile,+8550717893195
Metfone-071-7893196,Mobile,+8550717893196
Metfone-071-7893197,Mobile,+8550717893197
Metfone-071-7893198,Mobile,+8550717893198
Metfone-071-7893199,Mobile,+8550717893199
Metfone-071-7893200,Mobile,+8550717893200
Metfone-071-7893201,Mobile,+8550717893201
Metfone-071-7893202,Mobile,+8550717893202
Metfone-071-7893203,Mobile,+8550717893203
Metfone-071-7893204,Mobile,+8550717893204
Metfone-071-7893205,Mobile,+8550717893205
Metfone-071-7893206,Mobile,+8550717893206
Metfone-071-7893207,Mobile,+8550717893207
Metfone-071-7893208,Mobile,+8550717893208
Metfone-071-7893209,Mobile,+8550717893209
Metfone-071-7893210,Mobile,+8550717893210
Metfone-071-7893211,Mobile,+8550717893211
Metfone-071-7893212,Mobile,+8550717893212
Metfone-071-7893213,Mobile,+8550717893213
Metfone-071-7893214,Mobile,+8550717893214
Metfone-071-7893215,Mobile,+8550717893215
Metfone-071-7893216,Mobile,+8550717893216
Metfone-071-7893217,Mobile,+8550717893217
Metfone-071-7893218,Mobile,+8550717893218
Metfone-071-7893219,Mobile,+8550717893219
Metfone-071-7893220,Mobile,+8550717893220
Metfone-071-7893221,Mobile,+8550717893221
Metfone-071-7893222,Mobile,+8550717893222
Metfone-071-7893223,Mobile,+8550717893223
Metfone-071-7893224,Mobile,+8550717893224
Metfone-071-7893225,Mobile,+8550717893225
Metfone-071-7893226,Mobile,+8550717893226
Metfone-071-7893227,Mobile,+8550717893227
Metfone-071-7893228,Mobile,+8550717893228
Metfone-071-7893229,Mobile,+8550717893229
Metfone-071-7893230,Mobile,+8550717893230
Metfone-071-7893231,Mobile,+8550717893231
Metfone-071-7893232,Mobile,+8550717893232
Metfone-071-7893233,Mobile,+8550717893233
Metfone-071-7893234,Mobile,+8550717893234
Metfone-071-7893235,Mobile,+8550717893235
Metfone-071-7893236,Mobile,+8550717893236
Metfone-071-7893237,Mobile,+8550717893237
Metfone-071-7893238,Mobile,+8550717893238
Metfone-071-7893239,Mobile,+8550717893239
Metfone-071-7893240,Mobile,+8550717893240
Metfone-071-7893241,Mobile,+8550717893241
Metfone-071-7893242,Mobile,+8550717893242
Metfone-071-7893243,Mobile,+8550717893243
Metfone-071-7893244,Mobile,+8550717893244
Metfone-071-7893245,Mobile,+8550717893245
Metfone-071-7893246,Mobile,+8550717893246
Metfone-071-7893247,Mobile,+8550717893247
Metfone-071-7893248,Mobile,+8550717893248
Metfone-071-7893249,Mobile,+8550717893249
Metfone-071-7893250,Mobile,+8550717893250
Metfone-071-7893251,Mobile,+8550717893251
Metfone-071-7893252,Mobile,+8550717893252
Metfone-071-7893253,Mobile,+8550717893253
Metfone-071-7893254,Mobile,+8550717893254
Metfone-071-7893255,Mobile,+8550717893255
Metfone-071-7893256,Mobile,+8550717893256
Metfone-071-7893257,Mobile,+8550717893257
Metfone-071-7893258,Mobile,+8550717893258
Metfone-071-7893259,Mobile,+8550717893259
Metfone-071-7893260,Mobile,+8550717893260
Metfone-071-7893261,Mobile,+8550717893261
Metfone-071-7893262,Mobile,+8550717893262
Metfone-071-7893263,Mobile,+8550717893263
Metfone-071-7893264,Mobile,+8550717893264
Metfone-071-7893265,Mobile,+8550717893265
Metfone-071-7893266,Mobile,+8550717893266
Metfone-071-7893267,Mobile,+8550717893267
Metfone-071-7893268,Mobile,+8550717893268
Metfone-071-7893269,Mobile,+8550717893269
Metfone-071-7893270,Mobile,+8550717893270
Metfone-071-7893271,Mobile,+8550717893271
Metfone-071-7893272,Mobile,+8550717893272
Metfone-071-7893273,Mobile,+8550717893273
Metfone-071-7893274,Mobile,+8550717893274
Metfone-071-7893275,Mobile,+8550717893275
Metfone-071-7893276,Mobile,+8550717893276
Metfone-071-7893277,Mobile,+8550717893277
Metfone-071-7893278,Mobile,+8550717893278
Metfone-071-7893279,Mobile,+8550717893279
Metfone-071-7893280,Mobile,+8550717893280
Metfone-071-7893281,Mobile,+8550717893281
Metfone-071-7893282,Mobile,+8550717893282
Metfone-071-7893283,Mobile,+8550717893283
Metfone-071-7893284,Mobile,+8550717893284
Metfone-071-7893285,Mobile,+8550717893285
Metfone-071-7893286,Mobile,+8550717893286
Metfone-071-7893287,Mobile,+8550717893287
Metfone-071-7893288,Mobile,+8550717893288
Metfone-071-7893289,Mobile,+8550717893289
Metfone-071-7893290,Mobile,+8550717893290
Metfone-071-7893291,Mobile,+8550717893291
Metfone-071-7893292,Mobile,+8550717893292
Metfone-071-7893293,Mobile,+8550717893293
Metfone-071-7893294,Mobile,+8550717893294
Metfone-071-7893295,Mobile,+8550717893295
Metfone-071-7893296,Mobile,+8550717893296
Metfone-071-7893297,Mobile,+8550717893297
Metfone-071-7893298,Mobile,+8550717893298
Metfone-071-7893299,Mobile,+8550717893299
Metfone-071-7893300,Mobile,+8550717893300
Metfone-071-7893301,Mobile,+8550717893301
Metfone-071-7893302,Mobile,+8550717893302
Metfone-071-7893303,Mobile,+8550717893303
Metfone-071-7893304,Mobile,+8550717893304
Metfone-071-7893305,Mobile,+8550717893305
Metfone-071-7893306,Mobile,+8550717893306
Metfone-071-7893307,Mobile,+8550717893307
Metfone-071-7893308,Mobile,+8550717893308
Metfone-071-7893309,Mobile,+8550717893309
Metfone-071-7893310,Mobile,+8550717893310
Metfone-071-7893311,Mobile,+8550717893311
Metfone-071-7893312,Mobile,+8550717893312
Metfone-071-7893313,Mobile,+8550717893313
Metfone-071-7893314,Mobile,+8550717893314
Metfone-071-7893315,Mobile,+8550717893315
Metfone-071-7893316,Mobile,+8550717893316
Metfone-071-7893317,Mobile,+8550717893317
Metfone-071-7893318,Mobile,+8550717893318
Metfone-071-7893319,Mobile,+8550717893319
Metfone-071-7893320,Mobile,+8550717893320
Metfone-071-7893321,Mobile,+8550717893321
Metfone-071-7893322,Mobile,+8550717893322
Metfone-071-7893323,Mobile,+8550717893323
Metfone-071-7893324,Mobile,+8550717893324
Metfone-071-7893325,Mobile,+8550717893325
Metfone-071-7893326,Mobile,+8550717893326
Metfone-071-7893327,Mobile,+8550717893327
Metfone-071-7893328,Mobile,+8550717893328
Metfone-071-7893329,Mobile,+8550717893329
Metfone-071-7893330,Mobile,+8550717893330
Metfone-071-7893331,Mobile,+8550717893331
Metfone-071-7893332,Mobile,+8550717893332
Metfone-071-7893333,Mobile,+8550717893333
Metfone-071-7893334,Mobile,+8550717893334
Metfone-071-7893335,Mobile,+8550717893335
Metfone-071-7893336,Mobile,+8550717893336
Metfone-071-7893337,Mobile,+8550717893337
Metfone-071-7893338,Mobile,+8550717893338
Metfone-071-7893339,Mobile,+8550717893339
Metfone-071-7893340,Mobile,+8550717893340
Metfone-071-7893341,Mobile,+8550717893341
Metfone-071-7893342,Mobile,+8550717893342
Metfone-071-7893343,Mobile,+8550717893343
Metfone-071-7893344,Mobile,+8550717893344
Metfone-071-7893345,Mobile,+8550717893345
Metfone-071-7893346,Mobile,+8550717893346
Metfone-071-7893347,Mobile,+8550717893347
Metfone-071-7893348,Mobile,+8550717893348
Metfone-071-7893349,Mobile,+8550717893349
Metfone-071-7893350,Mobile,+8550717893350
Metfone-071-7893351,Mobile,+8550717893351
Metfone-071-7893352,Mobile,+8550717893352
Metfone-071-7893353,Mobile,+8550717893353
Metfone-071-7893354,Mobile,+8550717893354
Metfone-071-7893355,Mobile,+8550717893355
Metfone-071-7893356,Mobile,+8550717893356
Metfone-071-7893357,Mobile,+8550717893357
Metfone-071-7893358,Mobile,+8550717893358
Metfone-071-7893359,Mobile,+8550717893359
Metfone-071-7893360,Mobile,+8550717893360
Metfone-071-7893361,Mobile,+8550717893361
Metfone-071-7893362,Mobile,+8550717893362
Metfone-071-7893363,Mobile,+8550717893363
Metfone-071-7893364,Mobile,+8550717893364
Metfone-071-7893365,Mobile,+8550717893365
Metfone-071-7893366,Mobile,+8550717893366
Metfone-071-7893367,Mobile,+8550717893367
Metfone-071-7893368,Mobile,+8550717893368
Metfone-071-7893369,Mobile,+8550717893369
Metfone-071-7893370,Mobile,+8550717893370
Metfone-071-7893371,Mobile,+8550717893371
Metfone-071-7893372,Mobile,+8550717893372
Metfone-071-7893373,Mobile,+8550717893373
Metfone-071-7893374,Mobile,+8550717893374
Metfone-071-7893375,Mobile,+8550717893375
Metfone-071-7893376,Mobile,+8550717893376
Metfone-071-7893377,Mobile,+8550717893377
Metfone-071-7893378,Mobile,+8550717893378
Metfone-071-7893379,Mobile,+8550717893379
Metfone-071-7893380,Mobile,+8550717893380
Metfone-071-7893381,Mobile,+8550717893381
Metfone-071-7893382,Mobile,+8550717893382
Metfone-071-7893383,Mobile,+8550717893383
Metfone-071-7893384,Mobile,+8550717893384
Metfone-071-7893385,Mobile,+8550717893385
Metfone-071-7893386,Mobile,+8550717893386
Metfone-071-7893387,Mobile,+8550717893387
Metfone-071-7893388,Mobile,+8550717893388
Metfone-071-7893389,Mobile,+8550717893389
Metfone-071-7893390,Mobile,+8550717893390
Metfone-071-7893391,Mobile,+8550717893391
Metfone-071-7893392,Mobile,+8550717893392
Metfone-071-7893393,Mobile,+8550717893393
Metfone-071-7893394,Mobile,+8550717893394
Metfone-071-7893395,Mobile,+8550717893395
Metfone-071-7893396,Mobile,+8550717893396
Metfone-071-7893397,Mobile,+8550717893397
Metfone-071-7893398,Mobile,+8550717893398
Metfone-071-7893399,Mobile,+8550717893399
Metfone-071-7893400,Mobile,+8550717893400
Metfone-071-7893401,Mobile,+8550717893401
Metfone-071-7893402,Mobile,+8550717893402
Metfone-071-7893403,Mobile,+8550717893403
Metfone-071-7893404,Mobile,+8550717893404
Metfone-071-7893405,Mobile,+8550717893405
Metfone-071-7893406,Mobile,+8550717893406
Metfone-071-7893407,Mobile,+8550717893407
Metfone-071-7893408,Mobile,+8550717893408
Metfone-071-7893409,Mobile,+8550717893409
Metfone-071-7893410,Mobile,+8550717893410
Metfone-071-7893411,Mobile,+8550717893411
Metfone-071-7893412,Mobile,+8550717893412
Metfone-071-7893413,Mobile,+8550717893413
Metfone-071-7893414,Mobile,+8550717893414
Metfone-071-7893415,Mobile,+8550717893415
Metfone-071-7893416,Mobile,+8550717893416
Metfone-071-7893417,Mobile,+8550717893417
Metfone-071-7893418,Mobile,+8550717893418
Metfone-071-7893419,Mobile,+8550717893419
Metfone-071-7893420,Mobile,+8550717893420
Metfone-071-7893421,Mobile,+8550717893421
Metfone-071-7893422,Mobile,+8550717893422
Metfone-071-7893423,Mobile,+8550717893423
Metfone-071-7893424,Mobile,+8550717893424
Metfone-071-7893425,Mobile,+8550717893425
Metfone-071-7893426,Mobile,+8550717893426
Metfone-071-7893427,Mobile,+8550717893427
Metfone-071-7893428,Mobile,+8550717893428
Metfone-071-7893429,Mobile,+8550717893429
Metfone-071-7893430,Mobile,+8550717893430
Metfone-071-7893431,Mobile,+8550717893431
Metfone-071-7893432,Mobile,+8550717893432
Metfone-071-7893433,Mobile,+8550717893433
Metfone-071-7893434,Mobile,+8550717893434
Metfone-071-7893435,Mobile,+8550717893435
Metfone-071-7893436,Mobile,+8550717893436
Metfone-071-7893437,Mobile,+8550717893437
Metfone-071-7893438,Mobile,+8550717893438
Metfone-071-7893439,Mobile,+8550717893439
Metfone-071-7893440,Mobile,+8550717893440
Metfone-071-7893441,Mobile,+8550717893441
Metfone-071-7893442,Mobile,+8550717893442
Metfone-071-7893443,Mobile,+8550717893443
Metfone-071-7893444,Mobile,+8550717893444
Metfone-071-7893445,Mobile,+8550717893445
Metfone-071-7893446,Mobile,+8550717893446
Metfone-071-7893447,Mobile,+8550717893447
Metfone-071-7893448,Mobile,+8550717893448
Metfone-071-7893449,Mobile,+8550717893449
Metfone-071-7893450,Mobile,+8550717893450
Metfone-071-7893451,Mobile,+8550717893451
Metfone-071-7893452,Mobile,+8550717893452
Metfone-071-7893453,Mobile,+8550717893453
Metfone-071-7893454,Mobile,+8550717893454
Metfone-071-7893455,Mobile,+8550717893455
Metfone-071-7893456,Mobile,+8550717893456
Metfone-071-7893457,Mobile,+8550717893457
Metfone-071-7893458,Mobile,+8550717893458
Metfone-071-7893459,Mobile,+8550717893459
Metfone-071-7893460,Mobile,+8550717893460
Metfone-071-7893461,Mobile,+8550717893461
Metfone-071-7893462,Mobile,+8550717893462
Metfone-071-7893463,Mobile,+8550717893463
Metfone-071-7893464,Mobile,+8550717893464
Metfone-071-7893465,Mobile,+8550717893465
Metfone-071-7893466,Mobile,+8550717893466
Metfone-071-7893467,Mobile,+8550717893467
Metfone-071-7893468,Mobile,+8550717893468
Metfone-071-7893469,Mobile,+8550717893469
Metfone-071-7893470,Mobile,+8550717893470
Metfone-071-7893471,Mobile,+8550717893471
Metfone-071-7893472,Mobile,+8550717893472
Metfone-071-7893473,Mobile,+8550717893473
Metfone-071-7893474,Mobile,+8550717893474
Metfone-071-7893475,Mobile,+8550717893475
Metfone-071-7893476,Mobile,+8550717893476
Metfone-071-7893477,Mobile,+8550717893477
Metfone-071-7893478,Mobile,+8550717893478
Metfone-071-7893479,Mobile,+8550717893479
Metfone-071-7893480,Mobile,+8550717893480
Metfone-071-7893481,Mobile,+8550717893481
Metfone-071-7893482,Mobile,+8550717893482
Metfone-071-7893483,Mobile,+8550717893483
Metfone-071-7893484,Mobile,+8550717893484
Metfone-071-7893485,Mobile,+8550717893485
Metfone-071-7893486,Mobile,+8550717893486
Metfone-071-7893487,Mobile,+8550717893487
Metfone-071-7893488,Mobile,+8550717893488
Metfone-071-7893489,Mobile,+8550717893489
Metfone-071-7893490,Mobile,+8550717893490
Metfone-071-7893491,Mobile,+8550717893491
Metfone-071-7893492,Mobile,+8550717893492
Metfone-071-7893493,Mobile,+8550717893493
Metfone-071-7893494,Mobile,+8550717893494
Metfone-071-7893495,Mobile,+8550717893495
Metfone-071-7893496,Mobile,+8550717893496
Metfone-071-7893497,Mobile,+8550717893497
Metfone-071-7893498,Mobile,+8550717893498
Metfone-071-7893499,Mobile,+8550717893499
Metfone-071-7893500,Mobile,+8550717893500
Metfone-071-7893501,Mobile,+8550717893501
Metfone-071-7893502,Mobile,+8550717893502
Metfone-071-7893503,Mobile,+8550717893503
Metfone-071-7893504,Mobile,+8550717893504
Metfone-071-7893505,Mobile,+8550717893505
Metfone-071-7893506,Mobile,+8550717893506
Metfone-071-7893507,Mobile,+8550717893507
Metfone-071-7893508,Mobile,+8550717893508
Metfone-071-7893509,Mobile,+8550717893509
Metfone-071-7893510,Mobile,+8550717893510
Metfone-071-7893511,Mobile,+8550717893511
Metfone-071-7893512,Mobile,+8550717893512
Metfone-071-7893513,Mobile,+8550717893513
Metfone-071-7893514,Mobile,+8550717893514
Metfone-071-7893515,Mobile,+8550717893515
Metfone-071-7893516,Mobile,+8550717893516
Metfone-071-7893517,Mobile,+8550717893517
Metfone-071-7893518,Mobile,+8550717893518
Metfone-071-7893519,Mobile,+8550717893519
Metfone-071-7893520,Mobile,+8550717893520
Metfone-071-7893521,Mobile,+8550717893521
Metfone-071-7893522,Mobile,+8550717893522
Metfone-071-7893523,Mobile,+8550717893523
Metfone-071-7893524,Mobile,+8550717893524
Metfone-071-7893525,Mobile,+8550717893525
Metfone-071-7893526,Mobile,+8550717893526
Metfone-071-7893527,Mobile,+8550717893527
Metfone-071-7893528,Mobile,+8550717893528
Metfone-071-7893529,Mobile,+8550717893529
Metfone-071-7893530,Mobile,+8550717893530
Metfone-071-7893531,Mobile,+8550717893531
Metfone-071-7893532,Mobile,+8550717893532
Metfone-071-7893533,Mobile,+8550717893533
Metfone-071-7893534,Mobile,+8550717893534
Metfone-071-7893535,Mobile,+8550717893535
Metfone-071-7893536,Mobile,+8550717893536
Metfone-071-7893537,Mobile,+8550717893537
Metfone-071-7893538,Mobile,+8550717893538
Metfone-071-7893539,Mobile,+8550717893539
Metfone-071-7893540,Mobile,+8550717893540
Metfone-071-7893541,Mobile,+8550717893541
Metfone-071-7893542,Mobile,+8550717893542
Metfone-071-7893543,Mobile,+8550717893543
Metfone-071-7893544,Mobile,+8550717893544
Metfone-071-7893545,Mobile,+8550717893545
Metfone-071-7893546,Mobile,+8550717893546
Metfone-071-7893547,Mobile,+8550717893547
Metfone-071-7893548,Mobile,+8550717893548
Metfone-071-7893549,Mobile,+8550717893549
Metfone-071-7893550,Mobile,+8550717893550
Metfone-071-7893551,Mobile,+8550717893551
Metfone-071-7893552,Mobile,+8550717893552
Metfone-071-7893553,Mobile,+8550717893553
Metfone-071-7893554,Mobile,+8550717893554
Metfone-071-7893555,Mobile,+8550717893555
Metfone-071-7893556,Mobile,+8550717893556
Metfone-071-7893557,Mobile,+8550717893557
Metfone-071-7893558,Mobile,+8550717893558
Metfone-071-7893559,Mobile,+8550717893559
Metfone-071-7893560,Mobile,+8550717893560
Metfone-071-7893561,Mobile,+8550717893561
Metfone-071-7893562,Mobile,+8550717893562
Metfone-071-7893563,Mobile,+8550717893563
Metfone-071-7893564,Mobile,+8550717893564
Metfone-071-7893565,Mobile,+8550717893565
Metfone-071-7893566,Mobile,+8550717893566
Metfone-071-7893567,Mobile,+8550717893567
Metfone-071-7893568,Mobile,+8550717893568
Metfone-071-7893569,Mobile,+8550717893569
Metfone-071-7893570,Mobile,+8550717893570
Metfone-071-7893571,Mobile,+8550717893571
Metfone-071-7893572,Mobile,+8550717893572
Metfone-071-7893573,Mobile,+8550717893573
Metfone-071-7893574,Mobile,+8550717893574
Metfone-071-7893575,Mobile,+8550717893575
Metfone-071-7893576,Mobile,+8550717893576
Metfone-071-7893577,Mobile,+8550717893577
Metfone-071-7893578,Mobile,+8550717893578
Metfone-071-7893579,Mobile,+8550717893579
Metfone-071-7893580,Mobile,+8550717893580
Metfone-071-7893581,Mobile,+8550717893581
Metfone-071-7893582,Mobile,+8550717893582
Metfone-071-7893583,Mobile,+8550717893583
Metfone-071-7893584,Mobile,+8550717893584
Metfone-071-7893585,Mobile,+8550717893585
Metfone-071-7893586,Mobile,+8550717893586
Metfone-071-7893587,Mobile,+8550717893587
Metfone-071-7893588,Mobile,+8550717893588
Metfone-071-7893589,Mobile,+8550717893589
Metfone-071-7893590,Mobile,+8550717893590
Metfone-071-7893591,Mobile,+8550717893591
Metfone-071-7893592,Mobile,+8550717893592
Metfone-071-7893593,Mobile,+8550717893593
Metfone-071-7893594,Mobile,+8550717893594
Metfone-071-7893595,Mobile,+8550717893595
Metfone-071-7893596,Mobile,+8550717893596
Metfone-071-7893597,Mobile,+8550717893597
Metfone-071-7893598,Mobile,+8550717893598
Metfone-071-7893599,Mobile,+8550717893599
Metfone-071-7893600,Mobile,+8550717893600
Metfone-071-7893601,Mobile,+8550717893601
Metfone-071-7893602,Mobile,+8550717893602
Metfone-071-7893603,Mobile,+8550717893603
Metfone-071-7893604,Mobile,+8550717893604
Metfone-071-7893605,Mobile,+8550717893605
Metfone-071-7893606,Mobile,+8550717893606
Metfone-071-7893607,Mobile,+8550717893607
Metfone-071-7893608,Mobile,+8550717893608
Metfone-071-7893609,Mobile,+8550717893609
Metfone-071-7893610,Mobile,+8550717893610
Metfone-071-7893611,Mobile,+8550717893611
Metfone-071-7893612,Mobile,+8550717893612
Metfone-071-7893613,Mobile,+8550717893613
Metfone-071-7893614,Mobile,+8550717893614
Metfone-071-7893615,Mobile,+8550717893615
Metfone-071-7893616,Mobile,+8550717893616
Metfone-071-7893617,Mobile,+8550717893617
Metfone-071-7893618,Mobile,+8550717893618
Metfone-071-7893619,Mobile,+8550717893619
Metfone-071-7893620,Mobile,+8550717893620
Metfone-071-7893621,Mobile,+8550717893621
Metfone-071-7893622,Mobile,+8550717893622
Metfone-071-7893623,Mobile,+8550717893623
Metfone-071-7893624,Mobile,+8550717893624
Metfone-071-7893625,Mobile,+8550717893625
Metfone-071-7893626,Mobile,+8550717893626
Metfone-071-7893627,Mobile,+8550717893627
Metfone-071-7893628,Mobile,+8550717893628
Metfone-071-7893629,Mobile,+8550717893629
Metfone-071-7893630,Mobile,+8550717893630
Metfone-071-7893631,Mobile,+8550717893631
Metfone-071-7893632,Mobile,+8550717893632
Metfone-071-7893633,Mobile,+8550717893633
Metfone-071-7893634,Mobile,+8550717893634
Metfone-071-7893635,Mobile,+8550717893635
Metfone-071-7893636,Mobile,+8550717893636
Metfone-071-7893637,Mobile,+8550717893637
Metfone-071-7893638,Mobile,+8550717893638
Metfone-071-7893639,Mobile,+8550717893639
Metfone-071-7893640,Mobile,+8550717893640
Metfone-071-7893641,Mobile,+8550717893641
Metfone-071-7893642,Mobile,+8550717893642
Metfone-071-7893643,Mobile,+8550717893643
Metfone-071-7893644,Mobile,+8550717893644
Metfone-071-7893645,Mobile,+8550717893645
Metfone-071-7893646,Mobile,+8550717893646
Metfone-071-7893647,Mobile,+8550717893647
Metfone-071-7893648,Mobile,+8550717893648
Metfone-071-7893649,Mobile,+8550717893649
Metfone-071-7893650,Mobile,+8550717893650
Metfone-071-7893651,Mobile,+8550717893651
Metfone-071-7893652,Mobile,+8550717893652
Metfone-071-7893653,Mobile,+8550717893653
Metfone-071-7893654,Mobile,+8550717893654
Metfone-071-7893655,Mobile,+8550717893655
Metfone-071-7893656,Mobile,+8550717893656
Metfone-071-7893657,Mobile,+8550717893657
Metfone-071-7893658,Mobile,+8550717893658
Metfone-071-7893659,Mobile,+8550717893659
Metfone-071-7893660,Mobile,+8550717893660
Metfone-071-7893661,Mobile,+8550717893661
Metfone-071-7893662,Mobile,+8550717893662
Metfone-071-7893663,Mobile,+8550717893663
Metfone-071-7893664,Mobile,+8550717893664
Metfone-071-7893665,Mobile,+8550717893665
Metfone-071-7893666,Mobile,+8550717893666
Metfone-071-7893667,Mobile,+8550717893667
Metfone-071-7893668,Mobile,+8550717893668
Metfone-071-7893669,Mobile,+8550717893669
Metfone-071-7893670,Mobile,+8550717893670
Metfone-071-7893671,Mobile,+8550717893671
Metfone-071-7893672,Mobile,+8550717893672
Metfone-071-7893673,Mobile,+8550717893673
Metfone-071-7893674,Mobile,+8550717893674
Metfone-071-7893675,Mobile,+8550717893675
Metfone-071-7893676,Mobile,+8550717893676
Metfone-071-7893677,Mobile,+8550717893677
Metfone-071-7893678,Mobile,+8550717893678
Metfone-071-7893679,Mobile,+8550717893679
Metfone-071-7893680,Mobile,+8550717893680
Metfone-071-7893681,Mobile,+8550717893681
Metfone-071-7893682,Mobile,+8550717893682
Metfone-071-7893683,Mobile,+8550717893683
Metfone-071-7893684,Mobile,+8550717893684
Metfone-071-7893685,Mobile,+8550717893685
Metfone-071-7893686,Mobile,+8550717893686
Metfone-071-7893687,Mobile,+8550717893687
Metfone-071-7893688,Mobile,+8550717893688
Metfone-071-7893689,Mobile,+8550717893689
Metfone-071-7893690,Mobile,+8550717893690
Metfone-071-7893691,Mobile,+8550717893691
Metfone-071-7893692,Mobile,+8550717893692
Metfone-071-7893693,Mobile,+8550717893693
Metfone-071-7893694,Mobile,+8550717893694
Metfone-071-7893695,Mobile,+8550717893695
Metfone-071-7893696,Mobile,+8550717893696
Metfone-071-7893697,Mobile,+8550717893697
Metfone-071-7893698,Mobile,+8550717893698
Metfone-071-7893699,Mobile,+8550717893699
Metfone-071-7893700,Mobile,+8550717893700
Metfone-071-7893701,Mobile,+8550717893701
Metfone-071-7893702,Mobile,+8550717893702
Metfone-071-7893703,Mobile,+8550717893703
Metfone-071-7893704,Mobile,+8550717893704
Metfone-071-7893705,Mobile,+8550717893705
Metfone-071-7893706,Mobile,+8550717893706
Metfone-071-7893707,Mobile,+8550717893707
Metfone-071-7893708,Mobile,+8550717893708
Metfone-071-7893709,Mobile,+8550717893709
Metfone-071-7893710,Mobile,+8550717893710
Metfone-071-7893711,Mobile,+8550717893711
Metfone-071-7893712,Mobile,+8550717893712
Metfone-071-7893713,Mobile,+8550717893713
Metfone-071-7893714,Mobile,+8550717893714
Metfone-071-7893715,Mobile,+8550717893715
Metfone-071-7893716,Mobile,+8550717893716
Metfone-071-7893717,Mobile,+8550717893717
Metfone-071-7893718,Mobile,+8550717893718
Metfone-071-7893719,Mobile,+8550717893719
Metfone-071-7893720,Mobile,+8550717893720
Metfone-071-7893721,Mobile,+8550717893721
Metfone-071-7893722,Mobile,+8550717893722
Metfone-071-7893723,Mobile,+8550717893723
Metfone-071-7893724,Mobile,+8550717893724
Metfone-071-7893725,Mobile,+8550717893725
Metfone-071-7893726,Mobile,+8550717893726
Metfone-071-7893727,Mobile,+8550717893727
Metfone-071-7893728,Mobile,+8550717893728
Metfone-071-7893729,Mobile,+8550717893729
Metfone-071-7893730,Mobile,+8550717893730
Metfone-071-7893731,Mobile,+8550717893731
Metfone-071-7893732,Mobile,+8550717893732
Metfone-071-7893733,Mobile,+8550717893733
Metfone-071-7893734,Mobile,+8550717893734
Metfone-071-7893735,Mobile,+8550717893735
Metfone-071-7893736,Mobile,+8550717893736
Metfone-071-7893737,Mobile,+8550717893737
Metfone-071-7893738,Mobile,+8550717893738
Metfone-071-7893739,Mobile,+8550717893739
Metfone-071-7893740,Mobile,+8550717893740
Metfone-071-7893741,Mobile,+8550717893741
Metfone-071-7893742,Mobile,+8550717893742
Metfone-071-7893743,Mobile,+8550717893743
Metfone-071-7893744,Mobile,+8550717893744
Metfone-071-7893745,Mobile,+8550717893745
Metfone-071-7893746,Mobile,+8550717893746
Metfone-071-7893747,Mobile,+8550717893747
Metfone-071-7893748,Mobile,+8550717893748
Metfone-071-7893749,Mobile,+8550717893749
Metfone-071-7893750,Mobile,+8550717893750
Metfone-071-7893751,Mobile,+8550717893751
Metfone-071-7893752,Mobile,+8550717893752
Metfone-071-7893753,Mobile,+8550717893753
Metfone-071-7893754,Mobile,+8550717893754
Metfone-071-7893755,Mobile,+8550717893755
Metfone-071-7893756,Mobile,+8550717893756
Metfone-071-7893757,Mobile,+8550717893757
Metfone-071-7893758,Mobile,+8550717893758
Metfone-071-7893759,Mobile,+8550717893759
Metfone-071-7893760,Mobile,+8550717893760
Metfone-071-7893761,Mobile,+8550717893761
Metfone-071-7893762,Mobile,+8550717893762
Metfone-071-7893763,Mobile,+8550717893763
Metfone-071-7893764,Mobile,+8550717893764
Metfone-071-7893765,Mobile,+8550717893765
Metfone-071-7893766,Mobile,+8550717893766
Metfone-071-7893767,Mobile,+8550717893767
Metfone-071-7893768,Mobile,+8550717893768
Metfone-071-7893769,Mobile,+8550717893769
Metfone-071-7893770,Mobile,+8550717893770
Metfone-071-7893771,Mobile,+8550717893771
Metfone-071-7893772,Mobile,+8550717893772
Metfone-071-7893773,Mobile,+8550717893773
Metfone-071-7893774,Mobile,+8550717893774
Metfone-071-7893775,Mobile,+8550717893775
Metfone-071-7893776,Mobile,+8550717893776
Metfone-071-7893777,Mobile,+8550717893777
Metfone-071-7893778,Mobile,+8550717893778
Metfone-071-7893779,Mobile,+8550717893779
Metfone-071-7893780,Mobile,+8550717893780
Metfone-071-7893781,Mobile,+8550717893781
Metfone-071-7893782,Mobile,+8550717893782
Metfone-071-7893783,Mobile,+8550717893783
Metfone-071-7893784,Mobile,+8550717893784
Metfone-071-7893785,Mobile,+8550717893785
Metfone-071-7893786,Mobile,+8550717893786
Metfone-071-7893787,Mobile,+8550717893787
Metfone-071-7893788,Mobile,+8550717893788
Metfone-071-7893789,Mobile,+8550717893789
Metfone-071-7893790,Mobile,+8550717893790
Metfone-071-7893791,Mobile,+8550717893791
Metfone-071-7893792,Mobile,+8550717893792
Metfone-071-7893793,Mobile,+8550717893793
Metfone-071-7893794,Mobile,+8550717893794
Metfone-071-7893795,Mobile,+8550717893795
Metfone-071-7893796,Mobile,+8550717893796
Metfone-071-7893797,Mobile,+8550717893797
Metfone-071-7893798,Mobile,+8550717893798
Metfone-071-7893799,Mobile,+8550717893799
Metfone-071-7893800,Mobile,+8550717893800
Metfone-071-7893801,Mobile,+8550717893801
Metfone-071-7893802,Mobile,+8550717893802
Metfone-071-7893803,Mobile,+8550717893803
Metfone-071-7893804,Mobile,+8550717893804
Metfone-071-7893805,Mobile,+8550717893805
Metfone-071-7893806,Mobile,+8550717893806
Metfone-071-7893807,Mobile,+8550717893807
Metfone-071-7893808,Mobile,+8550717893808
Metfone-071-7893809,Mobile,+8550717893809
Metfone-071-7893810,Mobile,+8550717893810
Metfone-071-7893811,Mobile,+8550717893811
Metfone-071-7893812,Mobile,+8550717893812
Metfone-071-7893813,Mobile,+8550717893813
Metfone-071-7893814,Mobile,+8550717893814
Metfone-071-7893815,Mobile,+8550717893815
Metfone-071-7893816,Mobile,+8550717893816
Metfone-071-7893817,Mobile,+8550717893817
Metfone-071-7893818,Mobile,+8550717893818
Metfone-071-7893819,Mobile,+8550717893819
Metfone-071-7893820,Mobile,+8550717893820
Metfone-071-7893821,Mobile,+8550717893821
Metfone-071-7893822,Mobile,+8550717893822
Metfone-071-7893823,Mobile,+8550717893823
Metfone-071-7893824,Mobile,+8550717893824
Metfone-071-7893825,Mobile,+8550717893825
Metfone-071-7893826,Mobile,+8550717893826
Metfone-071-7893827,Mobile,+8550717893827
Metfone-071-7893828,Mobile,+8550717893828
Metfone-071-7893829,Mobile,+8550717893829
Metfone-071-7893830,Mobile,+8550717893830
Metfone-071-7893831,Mobile,+8550717893831
Metfone-071-7893832,Mobile,+8550717893832
Metfone-071-7893833,Mobile,+8550717893833
Metfone-071-7893834,Mobile,+8550717893834
Metfone-071-7893835,Mobile,+8550717893835
Metfone-071-7893836,Mobile,+8550717893836
Metfone-071-7893837,Mobile,+8550717893837
Metfone-071-7893838,Mobile,+8550717893838
Metfone-071-7893839,Mobile,+8550717893839
Metfone-071-7893840,Mobile,+8550717893840
Metfone-071-7893841,Mobile,+8550717893841
Metfone-071-7893842,Mobile,+8550717893842
Metfone-071-7893843,Mobile,+8550717893843
Metfone-071-7893844,Mobile,+8550717893844
Metfone-071-7893845,Mobile,+8550717893845
Metfone-071-7893846,Mobile,+8550717893846
Metfone-071-7893847,Mobile,+8550717893847
Metfone-071-7893848,Mobile,+8550717893848
Metfone-071-7893849,Mobile,+8550717893849
Metfone-071-7893850,Mobile,+8550717893850
Metfone-071-7893851,Mobile,+8550717893851
Metfone-071-7893852,Mobile,+8550717893852
Metfone-071-7893853,Mobile,+8550717893853
Metfone-071-7893854,Mobile,+8550717893854
Metfone-071-7893855,Mobile,+8550717893855
Metfone-071-7893856,Mobile,+8550717893856
Metfone-071-7893857,Mobile,+8550717893857
Metfone-071-7893858,Mobile,+8550717893858
Metfone-071-7893859,Mobile,+8550717893859
Metfone-071-7893860,Mobile,+8550717893860
Metfone-071-7893861,Mobile,+8550717893861
Metfone-071-7893862,Mobile,+8550717893862
Metfone-071-7893863,Mobile,+8550717893863
Metfone-071-7893864,Mobile,+8550717893864
Metfone-071-7893865,Mobile,+8550717893865
Metfone-071-7893866,Mobile,+8550717893866
Metfone-071-7893867,Mobile,+8550717893867
Metfone-071-7893868,Mobile,+8550717893868
Metfone-071-7893869,Mobile,+8550717893869
Metfone-071-7893870,Mobile,+8550717893870
Metfone-071-7893871,Mobile,+8550717893871
Metfone-071-7893872,Mobile,+8550717893872
Metfone-071-7893873,Mobile,+8550717893873
Metfone-071-7893874,Mobile,+8550717893874
Metfone-071-7893875,Mobile,+8550717893875
Metfone-071-7893876,Mobile,+8550717893876
Metfone-071-7893877,Mobile,+8550717893877
Metfone-071-7893878,Mobile,+8550717893878
Metfone-071-7893879,Mobile,+8550717893879
Metfone-071-7893880,Mobile,+8550717893880
Metfone-071-7893881,Mobile,+8550717893881
Metfone-071-7893882,Mobile,+8550717893882
Metfone-071-7893883,Mobile,+8550717893883
Metfone-071-7893884,Mobile,+8550717893884
Metfone-071-7893885,Mobile,+8550717893885
Metfone-071-7893886,Mobile,+8550717893886
Metfone-071-7893887,Mobile,+8550717893887
Metfone-071-7893888,Mobile,+8550717893888
Metfone-071-7893889,Mobile,+8550717893889
Metfone-071-7893890,Mobile,+8550717893890
Metfone-071-7893891,Mobile,+8550717893891
Metfone-071-7893892,Mobile,+8550717893892
Metfone-071-7893893,Mobile,+8550717893893
Metfone-071-7893894,Mobile,+8550717893894
Metfone-071-7893895,Mobile,+8550717893895
Metfone-071-7893896,Mobile,+8550717893896
Metfone-071-7893897,Mobile,+8550717893897
Metfone-071-7893898,Mobile,+8550717893898
Metfone-071-7893899,Mobile,+8550717893899
Metfone-071-7893900,Mobile,+8550717893900
Metfone-071-7893901,Mobile,+8550717893901
Metfone-071-7893902,Mobile,+8550717893902
Metfone-071-7893903,Mobile,+8550717893903
Metfone-071-7893904,Mobile,+8550717893904
Metfone-071-7893905,Mobile,+8550717893905
Metfone-071-7893906,Mobile,+8550717893906
Metfone-071-7893907,Mobile,+8550717893907
Metfone-071-7893908,Mobile,+8550717893908
Metfone-071-7893909,Mobile,+8550717893909
Metfone-071-7893910,Mobile,+8550717893910
Metfone-071-7893911,Mobile,+8550717893911
Metfone-071-7893912,Mobile,+8550717893912
Metfone-071-7893913,Mobile,+8550717893913
Metfone-071-7893914,Mobile,+8550717893914
Metfone-071-7893915,Mobile,+8550717893915
Metfone-071-7893916,Mobile,+8550717893916
Metfone-071-7893917,Mobile,+8550717893917
Metfone-071-7893918,Mobile,+8550717893918
Metfone-071-7893919,Mobile,+8550717893919
Metfone-071-7893920,Mobile,+8550717893920
Metfone-071-7893921,Mobile,+8550717893921
Metfone-071-7893922,Mobile,+8550717893922
Metfone-071-7893923,Mobile,+8550717893923
Metfone-071-7893924,Mobile,+8550717893924
Metfone-071-7893925,Mobile,+8550717893925
Metfone-071-7893926,Mobile,+8550717893926
Metfone-071-7893927,Mobile,+8550717893927
Metfone-071-7893928,Mobile,+8550717893928
Metfone-071-7893929,Mobile,+8550717893929
Metfone-071-7893930,Mobile,+8550717893930
Metfone-071-7893931,Mobile,+8550717893931
Metfone-071-7893932,Mobile,+8550717893932
Metfone-071-7893933,Mobile,+8550717893933
Metfone-071-7893934,Mobile,+8550717893934
Metfone-071-7893935,Mobile,+8550717893935
Metfone-071-7893936,Mobile,+8550717893936
Metfone-071-7893937,Mobile,+8550717893937
Metfone-071-7893938,Mobile,+8550717893938
Metfone-071-7893939,Mobile,+8550717893939
Metfone-071-7893940,Mobile,+8550717893940
Metfone-071-7893941,Mobile,+8550717893941
Metfone-071-7893942,Mobile,+8550717893942
Metfone-071-7893943,Mobile,+8550717893943
Metfone-071-7893944,Mobile,+8550717893944
Metfone-071-7893945,Mobile,+8550717893945
Metfone-071-7893946,Mobile,+8550717893946
Metfone-071-7893947,Mobile,+8550717893947
Metfone-071-7893948,Mobile,+8550717893948
Metfone-071-7893949,Mobile,+8550717893949
Metfone-071-7893950,Mobile,+8550717893950
Metfone-071-7893951,Mobile,+8550717893951
Metfone-071-7893952,Mobile,+8550717893952
Metfone-071-7893953,Mobile,+8550717893953
Metfone-071-7893954,Mobile,+8550717893954
Metfone-071-7893955,Mobile,+8550717893955
Metfone-071-7893956,Mobile,+8550717893956
Metfone-071-7893957,Mobile,+8550717893957
Metfone-071-7893958,Mobile,+8550717893958
Metfone-071-7893959,Mobile,+8550717893959
Metfone-071-7893960,Mobile,+8550717893960
Metfone-071-7893961,Mobile,+8550717893961
Metfone-071-7893962,Mobile,+8550717893962
Metfone-071-7893963,Mobile,+8550717893963
Metfone-071-7893964,Mobile,+8550717893964
Metfone-071-7893965,Mobile,+8550717893965
Metfone-071-7893966,Mobile,+8550717893966
Metfone-071-7893967,Mobile,+8550717893967
Metfone-071-7893968,Mobile,+8550717893968
Metfone-071-7893969,Mobile,+8550717893969
Metfone-071-7893970,Mobile,+8550717893970
Metfone-071-7893971,Mobile,+8550717893971
Metfone-071-7893972,Mobile,+8550717893972
Metfone-071-7893973,Mobile,+8550717893973
Metfone-071-7893974,Mobile,+8550717893974
Metfone-071-7893975,Mobile,+8550717893975
Metfone-071-7893976,Mobile,+8550717893976
Metfone-071-7893977,Mobile,+8550717893977
Metfone-071-7893978,Mobile,+8550717893978
Metfone-071-7893979,Mobile,+8550717893979
Metfone-071-7893980,Mobile,+8550717893980
Metfone-071-7893981,Mobile,+8550717893981
Metfone-071-7893982,Mobile,+8550717893982
Metfone-071-7893983,Mobile,+8550717893983
Metfone-071-7893984,Mobile,+8550717893984
Metfone-071-7893985,Mobile,+8550717893985
Metfone-071-7893986,Mobile,+8550717893986
Metfone-071-7893987,Mobile,+8550717893987
Metfone-071-7893988,Mobile,+8550717893988
Metfone-071-7893989,Mobile,+8550717893989
Metfone-071-7893990,Mobile,+8550717893990
Metfone-071-7893991,Mobile,+8550717893991
Metfone-071-7893992,Mobile,+8550717893992
Metfone-071-7893993,Mobile,+8550717893993
Metfone-071-7893994,Mobile,+8550717893994
Metfone-071-7893995,Mobile,+8550717893995
Metfone-071-7893996,Mobile,+8550717893996
Metfone-071-7893997,Mobile,+8550717893997
Metfone-071-7893998,Mobile,+8550717893998
Metfone-071-7893999,Mobile,+8550717893999
Metfone-071-7894000,Mobile,+8550717894000
Metfone-071-7894001,Mobile,+8550717894001
Metfone-071-7894002,Mobile,+8550717894002
Metfone-071-7894003,Mobile,+8550717894003
Metfone-071-7894004,Mobile,+8550717894004
Metfone-071-7894005,Mobile,+8550717894005
Metfone-071-7894006,Mobile,+8550717894006
Metfone-071-7894007,Mobile,+8550717894007
Metfone-071-7894008,Mobile,+8550717894008
Metfone-071-7894009,Mobile,+8550717894009
Metfone-071-7894010,Mobile,+8550717894010
Metfone-071-7894011,Mobile,+8550717894011
Metfone-071-7894012,Mobile,+8550717894012
Metfone-071-7894013,Mobile,+8550717894013
Metfone-071-7894014,Mobile,+8550717894014
Metfone-071-7894015,Mobile,+8550717894015
Metfone-071-7894016,Mobile,+8550717894016
Metfone-071-7894017,Mobile,+8550717894017
Metfone-071-7894018,Mobile,+8550717894018
Metfone-071-7894019,Mobile,+8550717894019
Metfone-071-7894020,Mobile,+8550717894020
Metfone-071-7894021,Mobile,+8550717894021
Metfone-071-7894022,Mobile,+8550717894022
Metfone-071-7894023,Mobile,+8550717894023
Metfone-071-7894024,Mobile,+8550717894024
Metfone-071-7894025,Mobile,+8550717894025
Metfone-071-7894026,Mobile,+8550717894026
Metfone-071-7894027,Mobile,+8550717894027
Metfone-071-7894028,Mobile,+8550717894028
Metfone-071-7894029,Mobile,+8550717894029
Metfone-071-7894030,Mobile,+8550717894030
Metfone-071-7894031,Mobile,+8550717894031
Metfone-071-7894032,Mobile,+8550717894032
Metfone-071-7894033,Mobile,+8550717894033
Metfone-071-7894034,Mobile,+8550717894034
Metfone-071-7894035,Mobile,+8550717894035
Metfone-071-7894036,Mobile,+8550717894036
Metfone-071-7894037,Mobile,+8550717894037
Metfone-071-7894038,Mobile,+8550717894038
Metfone-071-7894039,Mobile,+8550717894039
Metfone-071-7894040,Mobile,+8550717894040
Metfone-071-7894041,Mobile,+8550717894041
Metfone-071-7894042,Mobile,+8550717894042
Metfone-071-7894043,Mobile,+8550717894043
Metfone-071-7894044,Mobile,+8550717894044
Metfone-071-7894045,Mobile,+8550717894045
Metfone-071-7894046,Mobile,+8550717894046
Metfone-071-7894047,Mobile,+8550717894047
Metfone-071-7894048,Mobile,+8550717894048
Metfone-071-7894049,Mobile,+8550717894049
Metfone-071-7894050,Mobile,+8550717894050
Metfone-071-7894051,Mobile,+8550717894051
Metfone-071-7894052,Mobile,+8550717894052
Metfone-071-7894053,Mobile,+8550717894053
Metfone-071-7894054,Mobile,+8550717894054
Metfone-071-7894055,Mobile,+8550717894055
Metfone-071-7894056,Mobile,+8550717894056
Metfone-071-7894057,Mobile,+8550717894057
Metfone-071-7894058,Mobile,+8550717894058
Metfone-071-7894059,Mobile,+8550717894059
Metfone-071-7894060,Mobile,+8550717894060
Metfone-071-7894061,Mobile,+8550717894061
Metfone-071-7894062,Mobile,+8550717894062
Metfone-071-7894063,Mobile,+8550717894063
Metfone-071-7894064,Mobile,+8550717894064
Metfone-071-7894065,Mobile,+8550717894065
Metfone-071-7894066,Mobile,+8550717894066
Metfone-071-7894067,Mobile,+8550717894067
Metfone-071-7894068,Mobile,+8550717894068
Metfone-071-7894069,Mobile,+8550717894069
Metfone-071-7894070,Mobile,+8550717894070
Metfone-071-7894071,Mobile,+8550717894071
Metfone-071-7894072,Mobile,+8550717894072
Metfone-071-7894073,Mobile,+8550717894073
Metfone-071-7894074,Mobile,+8550717894074
Metfone-071-7894075,Mobile,+8550717894075
Metfone-071-7894076,Mobile,+8550717894076
Metfone-071-7894077,Mobile,+8550717894077
Metfone-071-7894078,Mobile,+8550717894078
Metfone-071-7894079,Mobile,+8550717894079
Metfone-071-7894080,Mobile,+8550717894080
Metfone-071-7894081,Mobile,+8550717894081
Metfone-071-7894082,Mobile,+8550717894082
Metfone-071-7894083,Mobile,+8550717894083
Metfone-071-7894084,Mobile,+8550717894084
Metfone-071-7894085,Mobile,+8550717894085
Metfone-071-7894086,Mobile,+8550717894086
Metfone-071-7894087,Mobile,+8550717894087
Metfone-071-7894088,Mobile,+8550717894088
Metfone-071-7894089,Mobile,+8550717894089
Metfone-071-7894090,Mobile,+8550717894090
Metfone-071-7894091,Mobile,+8550717894091
Metfone-071-7894092,Mobile,+8550717894092
Metfone-071-7894093,Mobile,+8550717894093
Metfone-071-7894094,Mobile,+8550717894094
Metfone-071-7894095,Mobile,+8550717894095
Metfone-071-7894096,Mobile,+8550717894096
Metfone-071-7894097,Mobile,+8550717894097
Metfone-071-7894098,Mobile,+8550717894098
Metfone-071-7894099,Mobile,+8550717894099
Metfone-071-7894100,Mobile,+8550717894100
Metfone-071-7894101,Mobile,+8550717894101
Metfone-071-7894102,Mobile,+8550717894102
Metfone-071-7894103,Mobile,+8550717894103
Metfone-071-7894104,Mobile,+8550717894104
Metfone-071-7894105,Mobile,+8550717894105
Metfone-071-7894106,Mobile,+8550717894106
Metfone-071-7894107,Mobile,+8550717894107
Metfone-071-7894108,Mobile,+8550717894108
Metfone-071-7894109,Mobile,+8550717894109
Metfone-071-7894110,Mobile,+8550717894110
Metfone-071-7894111,Mobile,+8550717894111
Metfone-071-7894112,Mobile,+8550717894112
Metfone-071-7894113,Mobile,+8550717894113
Metfone-071-7894114,Mobile,+8550717894114
Metfone-071-7894115,Mobile,+8550717894115
Metfone-071-7894116,Mobile,+8550717894116
Metfone-071-7894117,Mobile,+8550717894117
Metfone-071-7894118,Mobile,+8550717894118
Metfone-071-7894119,Mobile,+8550717894119
Metfone-071-7894120,Mobile,+8550717894120
Metfone-071-7894121,Mobile,+8550717894121
Metfone-071-7894122,Mobile,+8550717894122
Metfone-071-7894123,Mobile,+8550717894123
Metfone-071-7894124,Mobile,+8550717894124
Metfone-071-7894125,Mobile,+8550717894125
Metfone-071-7894126,Mobile,+8550717894126
Metfone-071-7894127,Mobile,+8550717894127
Metfone-071-7894128,Mobile,+8550717894128
Metfone-071-7894129,Mobile,+8550717894129
Metfone-071-7894130,Mobile,+8550717894130
Metfone-071-7894131,Mobile,+8550717894131
Metfone-071-7894132,Mobile,+8550717894132
Metfone-071-7894133,Mobile,+8550717894133
Metfone-071-7894134,Mobile,+8550717894134
Metfone-071-7894135,Mobile,+8550717894135
Metfone-071-7894136,Mobile,+8550717894136
Metfone-071-7894137,Mobile,+8550717894137
Metfone-071-7894138,Mobile,+8550717894138
Metfone-071-7894139,Mobile,+8550717894139
Metfone-071-7894140,Mobile,+8550717894140
Metfone-071-7894141,Mobile,+8550717894141
Metfone-071-7894142,Mobile,+8550717894142
Metfone-071-7894143,Mobile,+8550717894143
Metfone-071-7894144,Mobile,+8550717894144
Metfone-071-7894145,Mobile,+8550717894145
Metfone-071-7894146,Mobile,+8550717894146
Metfone-071-7894147,Mobile,+8550717894147
Metfone-071-7894148,Mobile,+8550717894148
Metfone-071-7894149,Mobile,+8550717894149
Metfone-071-7894150,Mobile,+8550717894150
Metfone-071-7894151,Mobile,+8550717894151
Metfone-071-7894152,Mobile,+8550717894152
Metfone-071-7894153,Mobile,+8550717894153
Metfone-071-7894154,Mobile,+8550717894154
Metfone-071-7894155,Mobile,+8550717894155
Metfone-071-7894156,Mobile,+8550717894156
Metfone-071-7894157,Mobile,+8550717894157
Metfone-071-7894158,Mobile,+8550717894158
Metfone-071-7894159,Mobile,+8550717894159
Metfone-071-7894160,Mobile,+8550717894160
Metfone-071-7894161,Mobile,+8550717894161
Metfone-071-7894162,Mobile,+8550717894162
Metfone-071-7894163,Mobile,+8550717894163
Metfone-071-7894164,Mobile,+8550717894164
Metfone-071-7894165,Mobile,+8550717894165
Metfone-071-7894166,Mobile,+8550717894166
Metfone-071-7894167,Mobile,+8550717894167
Metfone-071-7894168,Mobile,+8550717894168
Metfone-071-7894169,Mobile,+8550717894169
Metfone-071-7894170,Mobile,+8550717894170
Metfone-071-7894171,Mobile,+8550717894171
Metfone-071-7894172,Mobile,+8550717894172
Metfone-071-7894173,Mobile,+8550717894173
Metfone-071-7894174,Mobile,+8550717894174
Metfone-071-7894175,Mobile,+8550717894175
Metfone-071-7894176,Mobile,+8550717894176
Metfone-071-7894177,Mobile,+8550717894177
Metfone-071-7894178,Mobile,+8550717894178
Metfone-071-7894179,Mobile,+8550717894179
Metfone-071-7894180,Mobile,+8550717894180
Metfone-071-7894181,Mobile,+8550717894181
Metfone-071-7894182,Mobile,+8550717894182
Metfone-071-7894183,Mobile,+8550717894183
Metfone-071-7894184,Mobile,+8550717894184
Metfone-071-7894185,Mobile,+8550717894185
Metfone-071-7894186,Mobile,+8550717894186
Metfone-071-7894187,Mobile,+8550717894187
Metfone-071-7894188,Mobile,+8550717894188
Metfone-071-7894189,Mobile,+8550717894189
Metfone-071-7894190,Mobile,+8550717894190
Metfone-071-7894191,Mobile,+8550717894191
Metfone-071-7894192,Mobile,+8550717894192
Metfone-071-7894193,Mobile,+8550717894193
Metfone-071-7894194,Mobile,+8550717894194
Metfone-071-7894195,Mobile,+8550717894195
Metfone-071-7894196,Mobile,+8550717894196
Metfone-071-7894197,Mobile,+8550717894197
Metfone-071-7894198,Mobile,+8550717894198
Metfone-071-7894199,Mobile,+8550717894199
Metfone-071-7894200,Mobile,+8550717894200
Metfone-071-7894201,Mobile,+8550717894201
Metfone-071-7894202,Mobile,+8550717894202
Metfone-071-7894203,Mobile,+8550717894203
Metfone-071-7894204,Mobile,+8550717894204
Metfone-071-7894205,Mobile,+8550717894205
Metfone-071-7894206,Mobile,+8550717894206
Metfone-071-7894207,Mobile,+8550717894207
Metfone-071-7894208,Mobile,+8550717894208
Metfone-071-7894209,Mobile,+8550717894209
Metfone-071-7894210,Mobile,+8550717894210
Metfone-071-7894211,Mobile,+8550717894211
Metfone-071-7894212,Mobile,+8550717894212
Metfone-071-7894213,Mobile,+8550717894213
Metfone-071-7894214,Mobile,+8550717894214
Metfone-071-7894215,Mobile,+8550717894215
Metfone-071-7894216,Mobile,+8550717894216
Metfone-071-7894217,Mobile,+8550717894217
Metfone-071-7894218,Mobile,+8550717894218
Metfone-071-7894219,Mobile,+8550717894219
Metfone-071-7894220,Mobile,+8550717894220
Metfone-071-7894221,Mobile,+8550717894221
Metfone-071-7894222,Mobile,+8550717894222
Metfone-071-7894223,Mobile,+8550717894223
Metfone-071-7894224,Mobile,+8550717894224
Metfone-071-7894225,Mobile,+8550717894225
Metfone-071-7894226,Mobile,+8550717894226
Metfone-071-7894227,Mobile,+8550717894227
Metfone-071-7894228,Mobile,+8550717894228
Metfone-071-7894229,Mobile,+8550717894229
Metfone-071-7894230,Mobile,+8550717894230
Metfone-071-7894231,Mobile,+8550717894231
Metfone-071-7894232,Mobile,+8550717894232
Metfone-071-7894233,Mobile,+8550717894233
Metfone-071-7894234,Mobile,+8550717894234
Metfone-071-7894235,Mobile,+8550717894235
Metfone-071-7894236,Mobile,+8550717894236
Metfone-071-7894237,Mobile,+8550717894237
Metfone-071-7894238,Mobile,+8550717894238
Metfone-071-7894239,Mobile,+8550717894239
Metfone-071-7894240,Mobile,+8550717894240
Metfone-071-7894241,Mobile,+8550717894241
Metfone-071-7894242,Mobile,+8550717894242
Metfone-071-7894243,Mobile,+8550717894243
Metfone-071-7894244,Mobile,+8550717894244
Metfone-071-7894245,Mobile,+8550717894245
Metfone-071-7894246,Mobile,+8550717894246
Metfone-071-7894247,Mobile,+8550717894247
Metfone-071-7894248,Mobile,+8550717894248
Metfone-071-7894249,Mobile,+8550717894249
Metfone-071-7894250,Mobile,+8550717894250
Metfone-071-7894251,Mobile,+8550717894251
Metfone-071-7894252,Mobile,+8550717894252
Metfone-071-7894253,Mobile,+8550717894253
Metfone-071-7894254,Mobile,+8550717894254
Metfone-071-7894255,Mobile,+8550717894255
Metfone-071-7894256,Mobile,+8550717894256
Metfone-071-7894257,Mobile,+8550717894257
Metfone-071-7894258,Mobile,+8550717894258
Metfone-071-7894259,Mobile,+8550717894259
Metfone-071-7894260,Mobile,+8550717894260
Metfone-071-7894261,Mobile,+8550717894261
Metfone-071-7894262,Mobile,+8550717894262
Metfone-071-7894263,Mobile,+8550717894263
Metfone-071-7894264,Mobile,+8550717894264
Metfone-071-7894265,Mobile,+8550717894265
Metfone-071-7894266,Mobile,+8550717894266
Metfone-071-7894267,Mobile,+8550717894267
Metfone-071-7894268,Mobile,+8550717894268
Metfone-071-7894269,Mobile,+8550717894269
Metfone-071-7894270,Mobile,+8550717894270
Metfone-071-7894271,Mobile,+8550717894271
Metfone-071-7894272,Mobile,+8550717894272
Metfone-071-7894273,Mobile,+8550717894273
Metfone-071-7894274,Mobile,+8550717894274
Metfone-071-7894275,Mobile,+8550717894275
Metfone-071-7894276,Mobile,+8550717894276
Metfone-071-7894277,Mobile,+8550717894277
Metfone-071-7894278,Mobile,+8550717894278
Metfone-071-7894279,Mobile,+8550717894279
Metfone-071-7894280,Mobile,+8550717894280
Metfone-071-7894281,Mobile,+8550717894281
Metfone-071-7894282,Mobile,+8550717894282
Metfone-071-7894283,Mobile,+8550717894283
Metfone-071-7894284,Mobile,+8550717894284
Metfone-071-7894285,Mobile,+8550717894285
Metfone-071-7894286,Mobile,+8550717894286
Metfone-071-7894287,Mobile,+8550717894287
Metfone-071-7894288,Mobile,+8550717894288
Metfone-071-7894289,Mobile,+8550717894289
Metfone-071-7894290,Mobile,+8550717894290
Metfone-071-7894291,Mobile,+8550717894291
Metfone-071-7894292,Mobile,+8550717894292
Metfone-071-7894293,Mobile,+8550717894293
Metfone-071-7894294,Mobile,+8550717894294
Metfone-071-7894295,Mobile,+8550717894295
Metfone-071-7894296,Mobile,+8550717894296
Metfone-071-7894297,Mobile,+8550717894297
Metfone-071-7894298,Mobile,+8550717894298
Metfone-071-7894299,Mobile,+8550717894299
Metfone-071-7894300,Mobile,+8550717894300
Metfone-071-7894301,Mobile,+8550717894301
Metfone-071-7894302,Mobile,+8550717894302
Metfone-071-7894303,Mobile,+8550717894303
Metfone-071-7894304,Mobile,+8550717894304
Metfone-071-7894305,Mobile,+8550717894305
Metfone-071-7894306,Mobile,+8550717894306
Metfone-071-7894307,Mobile,+8550717894307
Metfone-071-7894308,Mobile,+8550717894308
Metfone-071-7894309,Mobile,+8550717894309
Metfone-071-7894310,Mobile,+8550717894310
Metfone-071-7894311,Mobile,+8550717894311
Metfone-071-7894312,Mobile,+8550717894312
Metfone-071-7894313,Mobile,+8550717894313
Metfone-071-7894314,Mobile,+8550717894314
Metfone-071-7894315,Mobile,+8550717894315
Metfone-071-7894316,Mobile,+8550717894316
Metfone-071-7894317,Mobile,+8550717894317
Metfone-071-7894318,Mobile,+8550717894318
Metfone-071-7894319,Mobile,+8550717894319
Metfone-071-7894320,Mobile,+8550717894320
Metfone-071-7894321,Mobile,+8550717894321
Metfone-071-7894322,Mobile,+8550717894322
Metfone-071-7894323,Mobile,+8550717894323
Metfone-071-7894324,Mobile,+8550717894324
Metfone-071-7894325,Mobile,+8550717894325
Metfone-071-7894326,Mobile,+8550717894326
Metfone-071-7894327,Mobile,+8550717894327
Metfone-071-7894328,Mobile,+8550717894328
Metfone-071-7894329,Mobile,+8550717894329
Metfone-071-7894330,Mobile,+8550717894330
Metfone-071-7894331,Mobile,+8550717894331
Metfone-071-7894332,Mobile,+8550717894332
Metfone-071-7894333,Mobile,+8550717894333
Metfone-071-7894334,Mobile,+8550717894334
Metfone-071-7894335,Mobile,+8550717894335
Metfone-071-7894336,Mobile,+8550717894336
Metfone-071-7894337,Mobile,+8550717894337
Metfone-071-7894338,Mobile,+8550717894338
Metfone-071-7894339,Mobile,+8550717894339
Metfone-071-7894340,Mobile,+8550717894340
Metfone-071-7894341,Mobile,+8550717894341
Metfone-071-7894342,Mobile,+8550717894342
Metfone-071-7894343,Mobile,+8550717894343
Metfone-071-7894344,Mobile,+8550717894344
Metfone-071-7894345,Mobile,+8550717894345
Metfone-071-7894346,Mobile,+8550717894346
Metfone-071-7894347,Mobile,+8550717894347
Metfone-071-7894348,Mobile,+8550717894348
Metfone-071-7894349,Mobile,+8550717894349
Metfone-071-7894350,Mobile,+8550717894350
Metfone-071-7894351,Mobile,+8550717894351
Metfone-071-7894352,Mobile,+8550717894352
Metfone-071-7894353,Mobile,+8550717894353
Metfone-071-7894354,Mobile,+8550717894354
Metfone-071-7894355,Mobile,+8550717894355
Metfone-071-7894356,Mobile,+8550717894356
Metfone-071-7894357,Mobile,+8550717894357
Metfone-071-7894358,Mobile,+8550717894358
Metfone-071-7894359,Mobile,+8550717894359
Metfone-071-7894360,Mobile,+8550717894360
Metfone-071-7894361,Mobile,+8550717894361
Metfone-071-7894362,Mobile,+8550717894362
Metfone-071-7894363,Mobile,+8550717894363
Metfone-071-7894364,Mobile,+8550717894364
Metfone-071-7894365,Mobile,+8550717894365
Metfone-071-7894366,Mobile,+8550717894366
Metfone-071-7894367,Mobile,+8550717894367
Metfone-071-7894368,Mobile,+8550717894368
Metfone-071-7894369,Mobile,+8550717894369
Metfone-071-7894370,Mobile,+8550717894370
Metfone-071-7894371,Mobile,+8550717894371
Metfone-071-7894372,Mobile,+8550717894372
Metfone-071-7894373,Mobile,+8550717894373
Metfone-071-7894374,Mobile,+8550717894374
Metfone-071-7894375,Mobile,+8550717894375
Metfone-071-7894376,Mobile,+8550717894376
Metfone-071-7894377,Mobile,+8550717894377
Metfone-071-7894378,Mobile,+8550717894378
Metfone-071-7894379,Mobile,+8550717894379
Metfone-071-7894380,Mobile,+8550717894380
Metfone-071-7894381,Mobile,+8550717894381
Metfone-071-7894382,Mobile,+8550717894382
Metfone-071-7894383,Mobile,+8550717894383
Metfone-071-7894384,Mobile,+8550717894384
Metfone-071-7894385,Mobile,+8550717894385
Metfone-071-7894386,Mobile,+8550717894386
Metfone-071-7894387,Mobile,+8550717894387
Metfone-071-7894388,Mobile,+8550717894388
Metfone-071-7894389,Mobile,+8550717894389
Metfone-071-7894390,Mobile,+8550717894390
Metfone-071-7894391,Mobile,+8550717894391
Metfone-071-7894392,Mobile,+8550717894392
Metfone-071-7894393,Mobile,+8550717894393
Metfone-071-7894394,Mobile,+8550717894394
Metfone-071-7894395,Mobile,+8550717894395
Metfone-071-7894396,Mobile,+8550717894396
Metfone-071-7894397,Mobile,+8550717894397
Metfone-071-7894398,Mobile,+8550717894398
Metfone-071-7894399,Mobile,+8550717894399
Metfone-071-7894400,Mobile,+8550717894400
Metfone-071-7894401,Mobile,+8550717894401
Metfone-071-7894402,Mobile,+8550717894402
Metfone-071-7894403,Mobile,+8550717894403
Metfone-071-7894404,Mobile,+8550717894404
Metfone-071-7894405,Mobile,+8550717894405
Metfone-071-7894406,Mobile,+8550717894406
Metfone-071-7894407,Mobile,+8550717894407
Metfone-071-7894408,Mobile,+8550717894408
Metfone-071-7894409,Mobile,+8550717894409
Metfone-071-7894410,Mobile,+8550717894410
Metfone-071-7894411,Mobile,+8550717894411
Metfone-071-7894412,Mobile,+8550717894412
Metfone-071-7894413,Mobile,+8550717894413
Metfone-071-7894414,Mobile,+8550717894414
Metfone-071-7894415,Mobile,+8550717894415
Metfone-071-7894416,Mobile,+8550717894416
Metfone-071-7894417,Mobile,+8550717894417
Metfone-071-7894418,Mobile,+8550717894418
Metfone-071-7894419,Mobile,+8550717894419
Metfone-071-7894420,Mobile,+8550717894420
Metfone-071-7894421,Mobile,+8550717894421
Metfone-071-7894422,Mobile,+8550717894422
Metfone-071-7894423,Mobile,+8550717894423
Metfone-071-7894424,Mobile,+8550717894424
Metfone-071-7894425,Mobile,+8550717894425
Metfone-071-7894426,Mobile,+8550717894426
Metfone-071-7894427,Mobile,+8550717894427
Metfone-071-7894428,Mobile,+8550717894428
Metfone-071-7894429,Mobile,+8550717894429
Metfone-071-7894430,Mobile,+8550717894430
Metfone-071-7894431,Mobile,+8550717894431
Metfone-071-7894432,Mobile,+8550717894432
Metfone-071-7894433,Mobile,+8550717894433
Metfone-071-7894434,Mobile,+8550717894434
Metfone-071-7894435,Mobile,+8550717894435
Metfone-071-7894436,Mobile,+8550717894436
Metfone-071-7894437,Mobile,+8550717894437
Metfone-071-7894438,Mobile,+8550717894438
Metfone-071-7894439,Mobile,+8550717894439
Metfone-071-7894440,Mobile,+8550717894440
Metfone-071-7894441,Mobile,+8550717894441
Metfone-071-7894442,Mobile,+8550717894442
Metfone-071-7894443,Mobile,+8550717894443
Metfone-071-7894444,Mobile,+8550717894444
Metfone-071-7894445,Mobile,+8550717894445
Metfone-071-7894446,Mobile,+8550717894446
Metfone-071-7894447,Mobile,+8550717894447
Metfone-071-7894448,Mobile,+8550717894448
Metfone-071-7894449,Mobile,+8550717894449
Metfone-071-7894450,Mobile,+8550717894450
Metfone-071-7894451,Mobile,+8550717894451
Metfone-071-7894452,Mobile,+8550717894452
Metfone-071-7894453,Mobile,+8550717894453
Metfone-071-7894454,Mobile,+8550717894454
Metfone-071-7894455,Mobile,+8550717894455
Metfone-071-7894456,Mobile,+8550717894456
Metfone-071-7894457,Mobile,+8550717894457
Metfone-071-7894458,Mobile,+8550717894458
Metfone-071-7894459,Mobile,+8550717894459
Metfone-071-7894460,Mobile,+8550717894460
Metfone-071-7894461,Mobile,+8550717894461
Metfone-071-7894462,Mobile,+8550717894462
Metfone-071-7894463,Mobile,+8550717894463
Metfone-071-7894464,Mobile,+8550717894464
Metfone-071-7894465,Mobile,+8550717894465
Metfone-071-7894466,Mobile,+8550717894466
Metfone-071-7894467,Mobile,+8550717894467
Metfone-071-7894468,Mobile,+8550717894468
Metfone-071-7894469,Mobile,+8550717894469
Metfone-071-7894470,Mobile,+8550717894470
Metfone-071-7894471,Mobile,+8550717894471
Metfone-071-7894472,Mobile,+8550717894472
Metfone-071-7894473,Mobile,+8550717894473
Metfone-071-7894474,Mobile,+8550717894474
Metfone-071-7894475,Mobile,+8550717894475
Metfone-071-7894476,Mobile,+8550717894476
Metfone-071-7894477,Mobile,+8550717894477
Metfone-071-7894478,Mobile,+8550717894478
Metfone-071-7894479,Mobile,+8550717894479
Metfone-071-7894480,Mobile,+8550717894480
Metfone-071-7894481,Mobile,+8550717894481
Metfone-071-7894482,Mobile,+8550717894482
Metfone-071-7894483,Mobile,+8550717894483
Metfone-071-7894484,Mobile,+8550717894484
Metfone-071-7894485,Mobile,+8550717894485
Metfone-071-7894486,Mobile,+8550717894486
Metfone-071-7894487,Mobile,+8550717894487
Metfone-071-7894488,Mobile,+8550717894488
Metfone-071-7894489,Mobile,+8550717894489
Metfone-071-7894490,Mobile,+8550717894490
Metfone-071-7894491,Mobile,+8550717894491
Metfone-071-7894492,Mobile,+8550717894492
Metfone-071-7894493,Mobile,+8550717894493
Metfone-071-7894494,Mobile,+8550717894494
Metfone-071-7894495,Mobile,+8550717894495
Metfone-071-7894496,Mobile,+8550717894496
Metfone-071-7894497,Mobile,+8550717894497
Metfone-071-7894498,Mobile,+8550717894498
Metfone-071-7894499,Mobile,+8550717894499
Metfone-071-7894500,Mobile,+8550717894500
Metfone-071-7894501,Mobile,+8550717894501
Metfone-071-7894502,Mobile,+8550717894502
Metfone-071-7894503,Mobile,+8550717894503
Metfone-071-7894504,Mobile,+8550717894504
Metfone-071-7894505,Mobile,+8550717894505
Metfone-071-7894506,Mobile,+8550717894506
Metfone-071-7894507,Mobile,+8550717894507
Metfone-071-7894508,Mobile,+8550717894508
Metfone-071-7894509,Mobile,+8550717894509
Metfone-071-7894510,Mobile,+8550717894510
Metfone-071-7894511,Mobile,+8550717894511
Metfone-071-7894512,Mobile,+8550717894512
Metfone-071-7894513,Mobile,+8550717894513
Metfone-071-7894514,Mobile,+8550717894514
Metfone-071-7894515,Mobile,+8550717894515
Metfone-071-7894516,Mobile,+8550717894516
Metfone-071-7894517,Mobile,+8550717894517
Metfone-071-7894518,Mobile,+8550717894518
Metfone-071-7894519,Mobile,+8550717894519
Metfone-071-7894520,Mobile,+8550717894520
Metfone-071-7894521,Mobile,+8550717894521
Metfone-071-7894522,Mobile,+8550717894522
Metfone-071-7894523,Mobile,+8550717894523
Metfone-071-7894524,Mobile,+8550717894524
Metfone-071-7894525,Mobile,+8550717894525
Metfone-071-7894526,Mobile,+8550717894526
Metfone-071-7894527,Mobile,+8550717894527
Metfone-071-7894528,Mobile,+8550717894528
Metfone-071-7894529,Mobile,+8550717894529
Metfone-071-7894530,Mobile,+8550717894530
Metfone-071-7894531,Mobile,+8550717894531
Metfone-071-7894532,Mobile,+8550717894532
Metfone-071-7894533,Mobile,+8550717894533
Metfone-071-7894534,Mobile,+8550717894534
Metfone-071-7894535,Mobile,+8550717894535
Metfone-071-7894536,Mobile,+8550717894536
Metfone-071-7894537,Mobile,+8550717894537
Metfone-071-7894538,Mobile,+8550717894538
Metfone-071-7894539,Mobile,+8550717894539
Metfone-071-7894540,Mobile,+8550717894540
Metfone-071-7894541,Mobile,+8550717894541
Metfone-071-7894542,Mobile,+8550717894542
Metfone-071-7894543,Mobile,+8550717894543
Metfone-071-7894544,Mobile,+8550717894544
Metfone-071-7894545,Mobile,+8550717894545
Metfone-071-7894546,Mobile,+8550717894546
Metfone-071-7894547,Mobile,+8550717894547
Metfone-071-7894548,Mobile,+8550717894548
Metfone-071-7894549,Mobile,+8550717894549
Metfone-071-7894550,Mobile,+8550717894550
Metfone-071-7894551,Mobile,+8550717894551
Metfone-071-7894552,Mobile,+8550717894552
Metfone-071-7894553,Mobile,+8550717894553
Metfone-071-7894554,Mobile,+8550717894554
Metfone-071-7894555,Mobile,+8550717894555
Metfone-071-7894556,Mobile,+8550717894556
Metfone-071-7894557,Mobile,+8550717894557
Metfone-071-7894558,Mobile,+8550717894558
Metfone-071-7894559,Mobile,+8550717894559
Metfone-071-7894560,Mobile,+8550717894560
Metfone-071-7894561,Mobile,+8550717894561
Metfone-071-7894562,Mobile,+8550717894562
Metfone-071-7894563,Mobile,+8550717894563
Metfone-071-7894564,Mobile,+8550717894564
Metfone-071-7894565,Mobile,+8550717894565
Metfone-071-7894566,Mobile,+8550717894566
Metfone-071-7894567,Mobile,+8550717894567
Metfone-071-7894568,Mobile,+8550717894568
Metfone-071-7894569,Mobile,+8550717894569
Metfone-071-7894570,Mobile,+8550717894570
Metfone-071-7894571,Mobile,+8550717894571
Metfone-071-7894572,Mobile,+8550717894572
Metfone-071-7894573,Mobile,+8550717894573
Metfone-071-7894574,Mobile,+8550717894574
Metfone-071-7894575,Mobile,+8550717894575
Metfone-071-7894576,Mobile,+8550717894576
Metfone-071-7894577,Mobile,+8550717894577
Metfone-071-7894578,Mobile,+8550717894578
Metfone-071-7894579,Mobile,+8550717894579
Metfone-071-7894580,Mobile,+8550717894580
Metfone-071-7894581,Mobile,+8550717894581
Metfone-071-7894582,Mobile,+8550717894582
Metfone-071-7894583,Mobile,+8550717894583
Metfone-071-7894584,Mobile,+8550717894584
Metfone-071-7894585,Mobile,+8550717894585
Metfone-071-7894586,Mobile,+8550717894586
Metfone-071-7894587,Mobile,+8550717894587
Metfone-071-7894588,Mobile,+8550717894588
Metfone-071-7894589,Mobile,+8550717894589
Metfone-071-7894590,Mobile,+8550717894590
Metfone-071-7894591,Mobile,+8550717894591
Metfone-071-7894592,Mobile,+8550717894592
Metfone-071-7894593,Mobile,+8550717894593
Metfone-071-7894594,Mobile,+8550717894594
Metfone-071-7894595,Mobile,+8550717894595
Metfone-071-7894596,Mobile,+8550717894596
Metfone-071-7894597,Mobile,+8550717894597
Metfone-071-7894598,Mobile,+8550717894598
Metfone-071-7894599,Mobile,+8550717894599
Metfone-071-7894600,Mobile,+8550717894600
Metfone-071-7894601,Mobile,+8550717894601
Metfone-071-7894602,Mobile,+8550717894602
Metfone-071-7894603,Mobile,+8550717894603
Metfone-071-7894604,Mobile,+8550717894604
Metfone-071-7894605,Mobile,+8550717894605
Metfone-071-7894606,Mobile,+8550717894606
Metfone-071-7894607,Mobile,+8550717894607
Metfone-071-7894608,Mobile,+8550717894608
Metfone-071-7894609,Mobile,+8550717894609
Metfone-071-7894610,Mobile,+8550717894610
Metfone-071-7894611,Mobile,+8550717894611
Metfone-071-7894612,Mobile,+8550717894612
Metfone-071-7894613,Mobile,+8550717894613
Metfone-071-7894614,Mobile,+8550717894614
Metfone-071-7894615,Mobile,+8550717894615
Metfone-071-7894616,Mobile,+8550717894616
Metfone-071-7894617,Mobile,+8550717894617
Metfone-071-7894618,Mobile,+8550717894618
Metfone-071-7894619,Mobile,+8550717894619
Metfone-071-7894620,Mobile,+8550717894620
Metfone-071-7894621,Mobile,+8550717894621
Metfone-071-7894622,Mobile,+8550717894622
Metfone-071-7894623,Mobile,+8550717894623
Metfone-071-7894624,Mobile,+8550717894624
Metfone-071-7894625,Mobile,+8550717894625
Metfone-071-7894626,Mobile,+8550717894626
Metfone-071-7894627,Mobile,+8550717894627
Metfone-071-7894628,Mobile,+8550717894628
Metfone-071-7894629,Mobile,+8550717894629
Metfone-071-7894630,Mobile,+8550717894630
Metfone-071-7894631,Mobile,+8550717894631
Metfone-071-7894632,Mobile,+8550717894632
Metfone-071-7894633,Mobile,+8550717894633
Metfone-071-7894634,Mobile,+8550717894634
Metfone-071-7894635,Mobile,+8550717894635
Metfone-071-7894636,Mobile,+8550717894636
Metfone-071-7894637,Mobile,+8550717894637
Metfone-071-7894638,Mobile,+8550717894638
Metfone-071-7894639,Mobile,+8550717894639
Metfone-071-7894640,Mobile,+8550717894640
Metfone-071-7894641,Mobile,+8550717894641
Metfone-071-7894642,Mobile,+8550717894642
Metfone-071-7894643,Mobile,+8550717894643
Metfone-071-7894644,Mobile,+8550717894644
Metfone-071-7894645,Mobile,+8550717894645
Metfone-071-7894646,Mobile,+8550717894646
Metfone-071-7894647,Mobile,+8550717894647
Metfone-071-7894648,Mobile,+8550717894648
Metfone-071-7894649,Mobile,+8550717894649
Metfone-071-7894650,Mobile,+8550717894650
Metfone-071-7894651,Mobile,+8550717894651
Metfone-071-7894652,Mobile,+8550717894652
Metfone-071-7894653,Mobile,+8550717894653
Metfone-071-7894654,Mobile,+8550717894654
Metfone-071-7894655,Mobile,+8550717894655
Metfone-071-7894656,Mobile,+8550717894656
Metfone-071-7894657,Mobile,+8550717894657
Metfone-071-7894658,Mobile,+8550717894658
Metfone-071-7894659,Mobile,+8550717894659
Metfone-071-7894660,Mobile,+8550717894660
Metfone-071-7894661,Mobile,+8550717894661
Metfone-071-7894662,Mobile,+8550717894662
Metfone-071-7894663,Mobile,+8550717894663
Metfone-071-7894664,Mobile,+8550717894664
Metfone-071-7894665,Mobile,+8550717894665
Metfone-071-7894666,Mobile,+8550717894666
Metfone-071-7894667,Mobile,+8550717894667
Metfone-071-7894668,Mobile,+8550717894668
Metfone-071-7894669,Mobile,+8550717894669
Metfone-071-7894670,Mobile,+8550717894670
Metfone-071-7894671,Mobile,+8550717894671
Metfone-071-7894672,Mobile,+8550717894672
Metfone-071-7894673,Mobile,+8550717894673
Metfone-071-7894674,Mobile,+8550717894674
Metfone-071-7894675,Mobile,+8550717894675
Metfone-071-7894676,Mobile,+8550717894676
Metfone-071-7894677,Mobile,+8550717894677
Metfone-071-7894678,Mobile,+8550717894678
Metfone-071-7894679,Mobile,+8550717894679
Metfone-071-7894680,Mobile,+8550717894680
Metfone-071-7894681,Mobile,+8550717894681
Metfone-071-7894682,Mobile,+8550717894682
Metfone-071-7894683,Mobile,+8550717894683
Metfone-071-7894684,Mobile,+8550717894684
Metfone-071-7894685,Mobile,+8550717894685
Metfone-071-7894686,Mobile,+8550717894686
Metfone-071-7894687,Mobile,+8550717894687
Metfone-071-7894688,Mobile,+8550717894688
Metfone-071-7894689,Mobile,+8550717894689
Metfone-071-7894690,Mobile,+8550717894690
Metfone-071-7894691,Mobile,+8550717894691
Metfone-071-7894692,Mobile,+8550717894692
Metfone-071-7894693,Mobile,+8550717894693
Metfone-071-7894694,Mobile,+8550717894694
Metfone-071-7894695,Mobile,+8550717894695
Metfone-071-7894696,Mobile,+8550717894696
Metfone-071-7894697,Mobile,+8550717894697
Metfone-071-7894698,Mobile,+8550717894698
Metfone-071-7894699,Mobile,+8550717894699
Metfone-071-7894700,Mobile,+8550717894700
Metfone-071-7894701,Mobile,+8550717894701
Metfone-071-7894702,Mobile,+8550717894702
Metfone-071-7894703,Mobile,+8550717894703
Metfone-071-7894704,Mobile,+8550717894704
Metfone-071-7894705,Mobile,+8550717894705
Metfone-071-7894706,Mobile,+8550717894706
Metfone-071-7894707,Mobile,+8550717894707
Metfone-071-7894708,Mobile,+8550717894708
Metfone-071-7894709,Mobile,+8550717894709
Metfone-071-7894710,Mobile,+8550717894710
Metfone-071-7894711,Mobile,+8550717894711
Metfone-071-7894712,Mobile,+8550717894712
Metfone-071-7894713,Mobile,+8550717894713
Metfone-071-7894714,Mobile,+8550717894714
Metfone-071-7894715,Mobile,+8550717894715
Metfone-071-7894716,Mobile,+8550717894716
Metfone-071-7894717,Mobile,+8550717894717
Metfone-071-7894718,Mobile,+8550717894718
Metfone-071-7894719,Mobile,+8550717894719
Metfone-071-7894720,Mobile,+8550717894720
Metfone-071-7894721,Mobile,+8550717894721
Metfone-071-7894722,Mobile,+8550717894722
Metfone-071-7894723,Mobile,+8550717894723
Metfone-071-7894724,Mobile,+8550717894724
Metfone-071-7894725,Mobile,+8550717894725
Metfone-071-7894726,Mobile,+8550717894726
Metfone-071-7894727,Mobile,+8550717894727
Metfone-071-7894728,Mobile,+8550717894728
Metfone-071-7894729,Mobile,+8550717894729
Metfone-071-7894730,Mobile,+8550717894730
Metfone-071-7894731,Mobile,+8550717894731
Metfone-071-7894732,Mobile,+8550717894732
Metfone-071-7894733,Mobile,+8550717894733
Metfone-071-7894734,Mobile,+8550717894734
Metfone-071-7894735,Mobile,+8550717894735
Metfone-071-7894736,Mobile,+8550717894736
Metfone-071-7894737,Mobile,+8550717894737
Metfone-071-7894738,Mobile,+8550717894738
Metfone-071-7894739,Mobile,+8550717894739
Metfone-071-7894740,Mobile,+8550717894740
Metfone-071-7894741,Mobile,+8550717894741
Metfone-071-7894742,Mobile,+8550717894742
Metfone-071-7894743,Mobile,+8550717894743
Metfone-071-7894744,Mobile,+8550717894744
Metfone-071-7894745,Mobile,+8550717894745
Metfone-071-7894746,Mobile,+8550717894746
Metfone-071-7894747,Mobile,+8550717894747
Metfone-071-7894748,Mobile,+8550717894748
Metfone-071-7894749,Mobile,+8550717894749
Metfone-071-7894750,Mobile,+8550717894750
Metfone-071-7894751,Mobile,+8550717894751
Metfone-071-7894752,Mobile,+8550717894752
Metfone-071-7894753,Mobile,+8550717894753
Metfone-071-7894754,Mobile,+8550717894754
Metfone-071-7894755,Mobile,+8550717894755
Metfone-071-7894756,Mobile,+8550717894756
Metfone-071-7894757,Mobile,+8550717894757
Metfone-071-7894758,Mobile,+8550717894758
Metfone-071-7894759,Mobile,+8550717894759
Metfone-071-7894760,Mobile,+8550717894760
Metfone-071-7894761,Mobile,+8550717894761
Metfone-071-7894762,Mobile,+8550717894762
Metfone-071-7894763,Mobile,+8550717894763
Metfone-071-7894764,Mobile,+8550717894764
Metfone-071-7894765,Mobile,+8550717894765
Metfone-071-7894766,Mobile,+8550717894766
Metfone-071-7894767,Mobile,+8550717894767
Metfone-071-7894768,Mobile,+8550717894768
Metfone-071-7894769,Mobile,+8550717894769
Metfone-071-7894770,Mobile,+8550717894770
Metfone-071-7894771,Mobile,+8550717894771
Metfone-071-7894772,Mobile,+8550717894772
Metfone-071-7894773,Mobile,+8550717894773
Metfone-071-7894774,Mobile,+8550717894774
Metfone-071-7894775,Mobile,+8550717894775
Metfone-071-7894776,Mobile,+8550717894776
Metfone-071-7894777,Mobile,+8550717894777
Metfone-071-7894778,Mobile,+8550717894778
Metfone-071-7894779,Mobile,+8550717894779
Metfone-071-7894780,Mobile,+8550717894780
Metfone-071-7894781,Mobile,+8550717894781
Metfone-071-7894782,Mobile,+8550717894782
Metfone-071-7894783,Mobile,+8550717894783
Metfone-071-7894784,Mobile,+8550717894784
Metfone-071-7894785,Mobile,+8550717894785
Metfone-071-7894786,Mobile,+8550717894786
Metfone-071-7894787,Mobile,+8550717894787
Metfone-071-7894788,Mobile,+8550717894788
Metfone-071-7894789,Mobile,+8550717894789
Metfone-071-7894790,Mobile,+8550717894790
Metfone-071-7894791,Mobile,+8550717894791
Metfone-071-7894792,Mobile,+8550717894792
Metfone-071-7894793,Mobile,+8550717894793
Metfone-071-7894794,Mobile,+8550717894794
Metfone-071-7894795,Mobile,+8550717894795
Metfone-071-7894796,Mobile,+8550717894796
Metfone-071-7894797,Mobile,+8550717894797
Metfone-071-7894798,Mobile,+8550717894798
Metfone-071-7894799,Mobile,+8550717894799
Metfone-071-7894800,Mobile,+8550717894800
Metfone-071-7894801,Mobile,+8550717894801
Metfone-071-7894802,Mobile,+8550717894802
Metfone-071-7894803,Mobile,+8550717894803
Metfone-071-7894804,Mobile,+8550717894804
Metfone-071-7894805,Mobile,+8550717894805
Metfone-071-7894806,Mobile,+8550717894806
Metfone-071-7894807,Mobile,+8550717894807
Metfone-071-7894808,Mobile,+8550717894808
Metfone-071-7894809,Mobile,+8550717894809
Metfone-071-7894810,Mobile,+8550717894810
Metfone-071-7894811,Mobile,+8550717894811
Metfone-071-7894812,Mobile,+8550717894812
Metfone-071-7894813,Mobile,+8550717894813
Metfone-071-7894814,Mobile,+8550717894814
Metfone-071-7894815,Mobile,+8550717894815
Metfone-071-7894816,Mobile,+8550717894816
Metfone-071-7894817,Mobile,+8550717894817
Metfone-071-7894818,Mobile,+8550717894818
Metfone-071-7894819,Mobile,+8550717894819
Metfone-071-7894820,Mobile,+8550717894820
Metfone-071-7894821,Mobile,+8550717894821
Metfone-071-7894822,Mobile,+8550717894822
Metfone-071-7894823,Mobile,+8550717894823
Metfone-071-7894824,Mobile,+8550717894824
Metfone-071-7894825,Mobile,+8550717894825
Metfone-071-7894826,Mobile,+8550717894826
Metfone-071-7894827,Mobile,+8550717894827
Metfone-071-7894828,Mobile,+8550717894828
Metfone-071-7894829,Mobile,+8550717894829
Metfone-071-7894830,Mobile,+8550717894830
Metfone-071-7894831,Mobile,+8550717894831
Metfone-071-7894832,Mobile,+8550717894832
Metfone-071-7894833,Mobile,+8550717894833
Metfone-071-7894834,Mobile,+8550717894834
Metfone-071-7894835,Mobile,+8550717894835
Metfone-071-7894836,Mobile,+8550717894836
Metfone-071-7894837,Mobile,+8550717894837
Metfone-071-7894838,Mobile,+8550717894838
Metfone-071-7894839,Mobile,+8550717894839
Metfone-071-7894840,Mobile,+8550717894840
Metfone-071-7894841,Mobile,+8550717894841
Metfone-071-7894842,Mobile,+8550717894842
Metfone-071-7894843,Mobile,+8550717894843
Metfone-071-7894844,Mobile,+8550717894844
Metfone-071-7894845,Mobile,+8550717894845
Metfone-071-7894846,Mobile,+8550717894846
Metfone-071-7894847,Mobile,+8550717894847
Metfone-071-7894848,Mobile,+8550717894848
Metfone-071-7894849,Mobile,+8550717894849
Metfone-071-7894850,Mobile,+8550717894850
Metfone-071-7894851,Mobile,+8550717894851
Metfone-071-7894852,Mobile,+8550717894852
Metfone-071-7894853,Mobile,+8550717894853
Metfone-071-7894854,Mobile,+8550717894854
Metfone-071-7894855,Mobile,+8550717894855
Metfone-071-7894856,Mobile,+8550717894856
Metfone-071-7894857,Mobile,+8550717894857
Metfone-071-7894858,Mobile,+8550717894858
Metfone-071-7894859,Mobile,+8550717894859
Metfone-071-7894860,Mobile,+8550717894860
Metfone-071-7894861,Mobile,+8550717894861
Metfone-071-7894862,Mobile,+8550717894862
Metfone-071-7894863,Mobile,+8550717894863
Metfone-071-7894864,Mobile,+8550717894864
Metfone-071-7894865,Mobile,+8550717894865
Metfone-071-7894866,Mobile,+8550717894866
Metfone-071-7894867,Mobile,+8550717894867
Metfone-071-7894868,Mobile,+8550717894868
Metfone-071-7894869,Mobile,+8550717894869
Metfone-071-7894870,Mobile,+8550717894870
Metfone-071-7894871,Mobile,+8550717894871
Metfone-071-7894872,Mobile,+8550717894872
Metfone-071-7894873,Mobile,+8550717894873
Metfone-071-7894874,Mobile,+8550717894874
Metfone-071-7894875,Mobile,+8550717894875
Metfone-071-7894876,Mobile,+8550717894876
Metfone-071-7894877,Mobile,+8550717894877
Metfone-071-7894878,Mobile,+8550717894878
Metfone-071-7894879,Mobile,+8550717894879
Metfone-071-7894880,Mobile,+8550717894880
Metfone-071-7894881,Mobile,+8550717894881
Metfone-071-7894882,Mobile,+8550717894882
Metfone-071-7894883,Mobile,+8550717894883
Metfone-071-7894884,Mobile,+8550717894884
Metfone-071-7894885,Mobile,+8550717894885
Metfone-071-7894886,Mobile,+8550717894886
Metfone-071-7894887,Mobile,+8550717894887
Metfone-071-7894888,Mobile,+8550717894888
Metfone-071-7894889,Mobile,+8550717894889
Metfone-071-7894890,Mobile,+8550717894890
Metfone-071-7894891,Mobile,+8550717894891
Metfone-071-7894892,Mobile,+8550717894892
Metfone-071-7894893,Mobile,+8550717894893
Metfone-071-7894894,Mobile,+8550717894894
Metfone-071-7894895,Mobile,+8550717894895
Metfone-071-7894896,Mobile,+8550717894896
Metfone-071-7894897,Mobile,+8550717894897
Metfone-071-7894898,Mobile,+8550717894898
Metfone-071-7894899,Mobile,+8550717894899
Metfone-071-7894900,Mobile,+8550717894900
Metfone-071-7894901,Mobile,+8550717894901
Metfone-071-7894902,Mobile,+8550717894902
Metfone-071-7894903,Mobile,+8550717894903
Metfone-071-7894904,Mobile,+8550717894904
Metfone-071-7894905,Mobile,+8550717894905
Metfone-071-7894906,Mobile,+8550717894906
Metfone-071-7894907,Mobile,+8550717894907
Metfone-071-7894908,Mobile,+8550717894908
Metfone-071-7894909,Mobile,+8550717894909
Metfone-071-7894910,Mobile,+8550717894910
Metfone-071-7894911,Mobile,+8550717894911
Metfone-071-7894912,Mobile,+8550717894912
Metfone-071-7894913,Mobile,+8550717894913
Metfone-071-7894914,Mobile,+8550717894914
Metfone-071-7894915,Mobile,+8550717894915
Metfone-071-7894916,Mobile,+8550717894916
Metfone-071-7894917,Mobile,+8550717894917
Metfone-071-7894918,Mobile,+8550717894918
Metfone-071-7894919,Mobile,+8550717894919
Metfone-071-7894920,Mobile,+8550717894920
Metfone-071-7894921,Mobile,+8550717894921
Metfone-071-7894922,Mobile,+8550717894922
Metfone-071-7894923,Mobile,+8550717894923
Metfone-071-7894924,Mobile,+8550717894924
Metfone-071-7894925,Mobile,+8550717894925
Metfone-071-7894926,Mobile,+8550717894926
Metfone-071-7894927,Mobile,+8550717894927
Metfone-071-7894928,Mobile,+8550717894928
Metfone-071-7894929,Mobile,+8550717894929
Metfone-071-7894930,Mobile,+8550717894930
Metfone-071-7894931,Mobile,+8550717894931
Metfone-071-7894932,Mobile,+8550717894932
Metfone-071-7894933,Mobile,+8550717894933
Metfone-071-7894934,Mobile,+8550717894934
Metfone-071-7894935,Mobile,+8550717894935
Metfone-071-7894936,Mobile,+8550717894936
Metfone-071-7894937,Mobile,+8550717894937
Metfone-071-7894938,Mobile,+8550717894938
Metfone-071-7894939,Mobile,+8550717894939
Metfone-071-7894940,Mobile,+8550717894940
Metfone-071-7894941,Mobile,+8550717894941
Metfone-071-7894942,Mobile,+8550717894942
Metfone-071-7894943,Mobile,+8550717894943
Metfone-071-7894944,Mobile,+8550717894944
Metfone-071-7894945,Mobile,+8550717894945
Metfone-071-7894946,Mobile,+8550717894946
Metfone-071-7894947,Mobile,+8550717894947
Metfone-071-7894948,Mobile,+8550717894948
Metfone-071-7894949,Mobile,+8550717894949
Metfone-071-7894950,Mobile,+8550717894950
Metfone-071-7894951,Mobile,+8550717894951
Metfone-071-7894952,Mobile,+8550717894952
Metfone-071-7894953,Mobile,+8550717894953
Metfone-071-7894954,Mobile,+8550717894954
Metfone-071-7894955,Mobile,+8550717894955
Metfone-071-7894956,Mobile,+8550717894956
Metfone-071-7894957,Mobile,+8550717894957
Metfone-071-7894958,Mobile,+8550717894958
Metfone-071-7894959,Mobile,+8550717894959
Metfone-071-7894960,Mobile,+8550717894960
Metfone-071-7894961,Mobile,+8550717894961
Metfone-071-7894962,Mobile,+8550717894962
Metfone-071-7894963,Mobile,+8550717894963
Metfone-071-7894964,Mobile,+8550717894964
Metfone-071-7894965,Mobile,+8550717894965
Metfone-071-7894966,Mobile,+8550717894966
Metfone-071-7894967,Mobile,+8550717894967
Metfone-071-7894968,Mobile,+8550717894968
Metfone-071-7894969,Mobile,+8550717894969
Metfone-071-7894970,Mobile,+8550717894970
Metfone-071-7894971,Mobile,+8550717894971
Metfone-071-7894972,Mobile,+8550717894972
Metfone-071-7894973,Mobile,+8550717894973
Metfone-071-7894974,Mobile,+8550717894974
Metfone-071-7894975,Mobile,+8550717894975
Metfone-071-7894976,Mobile,+8550717894976
Metfone-071-7894977,Mobile,+8550717894977
Metfone-071-7894978,Mobile,+8550717894978
Metfone-071-7894979,Mobile,+8550717894979
Metfone-071-7894980,Mobile,+8550717894980
Metfone-071-7894981,Mobile,+8550717894981
Metfone-071-7894982,Mobile,+8550717894982
Metfone-071-7894983,Mobile,+8550717894983
Metfone-071-7894984,Mobile,+8550717894984
Metfone-071-7894985,Mobile,+8550717894985
Metfone-071-7894986,Mobile,+8550717894986
Metfone-071-7894987,Mobile,+8550717894987
Metfone-071-7894988,Mobile,+8550717894988
Metfone-071-7894989,Mobile,+8550717894989
Metfone-071-7894990,Mobile,+8550717894990
Metfone-071-7894991,Mobile,+8550717894991
Metfone-071-7894992,Mobile,+8550717894992
Metfone-071-7894993,Mobile,+8550717894993
Metfone-071-7894994,Mobile,+8550717894994
Metfone-071-7894995,Mobile,+8550717894995
Metfone-071-7894996,Mobile,+8550717894996
Metfone-071-7894997,Mobile,+8550717894997
Metfone-071-7894998,Mobile,+8550717894998
Metfone-071-7894999,Mobile,+8550717894999
Metfone-071-7895000,Mobile,+8550717895000
Metfone-071-7895001,Mobile,+8550717895001
Metfone-071-7895002,Mobile,+8550717895002
Metfone-071-7895003,Mobile,+8550717895003
Metfone-071-7895004,Mobile,+8550717895004
Metfone-071-7895005,Mobile,+8550717895005
Metfone-071-7895006,Mobile,+8550717895006
Metfone-071-7895007,Mobile,+8550717895007
Metfone-071-7895008,Mobile,+8550717895008
Metfone-071-7895009,Mobile,+8550717895009
Metfone-071-7895010,Mobile,+8550717895010
Metfone-071-7895011,Mobile,+8550717895011
Metfone-071-7895012,Mobile,+8550717895012
Metfone-071-7895013,Mobile,+8550717895013
Metfone-071-7895014,Mobile,+8550717895014
Metfone-071-7895015,Mobile,+8550717895015
Metfone-071-7895016,Mobile,+8550717895016
Metfone-071-7895017,Mobile,+8550717895017
Metfone-071-7895018,Mobile,+8550717895018
Metfone-071-7895019,Mobile,+8550717895019
Metfone-071-7895020,Mobile,+8550717895020
Metfone-071-7895021,Mobile,+8550717895021
Metfone-071-7895022,Mobile,+8550717895022
Metfone-071-7895023,Mobile,+8550717895023
Metfone-071-7895024,Mobile,+8550717895024
Metfone-071-7895025,Mobile,+8550717895025
Metfone-071-7895026,Mobile,+8550717895026
Metfone-071-7895027,Mobile,+8550717895027
Metfone-071-7895028,Mobile,+8550717895028
Metfone-071-7895029,Mobile,+8550717895029
Metfone-071-7895030,Mobile,+8550717895030
Metfone-071-7895031,Mobile,+8550717895031
Metfone-071-7895032,Mobile,+8550717895032
Metfone-071-7895033,Mobile,+8550717895033
Metfone-071-7895034,Mobile,+8550717895034
Metfone-071-7895035,Mobile,+8550717895035
Metfone-071-7895036,Mobile,+8550717895036
Metfone-071-7895037,Mobile,+8550717895037
Metfone-071-7895038,Mobile,+8550717895038
Metfone-071-7895039,Mobile,+8550717895039
Metfone-071-7895040,Mobile,+8550717895040
Metfone-071-7895041,Mobile,+8550717895041
Metfone-071-7895042,Mobile,+8550717895042
Metfone-071-7895043,Mobile,+8550717895043
Metfone-071-7895044,Mobile,+8550717895044
Metfone-071-7895045,Mobile,+8550717895045
Metfone-071-7895046,Mobile,+8550717895046
Metfone-071-7895047,Mobile,+8550717895047
Metfone-071-7895048,Mobile,+8550717895048
Metfone-071-7895049,Mobile,+8550717895049
Metfone-071-7895050,Mobile,+8550717895050
Metfone-071-7895051,Mobile,+8550717895051
Metfone-071-7895052,Mobile,+8550717895052
Metfone-071-7895053,Mobile,+8550717895053
Metfone-071-7895054,Mobile,+8550717895054
Metfone-071-7895055,Mobile,+8550717895055
Metfone-071-7895056,Mobile,+8550717895056
Metfone-071-7895057,Mobile,+8550717895057
Metfone-071-7895058,Mobile,+8550717895058
Metfone-071-7895059,Mobile,+8550717895059
Metfone-071-7895060,Mobile,+8550717895060
Metfone-071-7895061,Mobile,+8550717895061
Metfone-071-7895062,Mobile,+8550717895062
Metfone-071-7895063,Mobile,+8550717895063
Metfone-071-7895064,Mobile,+8550717895064
Metfone-071-7895065,Mobile,+8550717895065
Metfone-071-7895066,Mobile,+8550717895066
Metfone-071-7895067,Mobile,+8550717895067
Metfone-071-7895068,Mobile,+8550717895068
Metfone-071-7895069,Mobile,+8550717895069
Metfone-071-7895070,Mobile,+8550717895070
Metfone-071-7895071,Mobile,+8550717895071
Metfone-071-7895072,Mobile,+8550717895072
Metfone-071-7895073,Mobile,+8550717895073
Metfone-071-7895074,Mobile,+8550717895074
Metfone-071-7895075,Mobile,+8550717895075
Metfone-071-7895076,Mobile,+8550717895076
Metfone-071-7895077,Mobile,+8550717895077
Metfone-071-7895078,Mobile,+8550717895078
Metfone-071-7895079,Mobile,+8550717895079
Metfone-071-7895080,Mobile,+8550717895080
Metfone-071-7895081,Mobile,+8550717895081
Metfone-071-7895082,Mobile,+8550717895082
Metfone-071-7895083,Mobile,+8550717895083
Metfone-071-7895084,Mobile,+8550717895084
Metfone-071-7895085,Mobile,+8550717895085
Metfone-071-7895086,Mobile,+8550717895086
Metfone-071-7895087,Mobile,+8550717895087
Metfone-071-7895088,Mobile,+8550717895088
Metfone-071-7895089,Mobile,+8550717895089
Metfone-071-7895090,Mobile,+8550717895090
Metfone-071-7895091,Mobile,+8550717895091
Metfone-071-7895092,Mobile,+8550717895092
Metfone-071-7895093,Mobile,+8550717895093
Metfone-071-7895094,Mobile,+8550717895094
Metfone-071-7895095,Mobile,+8550717895095
Metfone-071-7895096,Mobile,+8550717895096
Metfone-071-7895097,Mobile,+8550717895097
Metfone-071-7895098,Mobile,+8550717895098
Metfone-071-7895099,Mobile,+8550717895099
Metfone-071-7895100,Mobile,+8550717895100
Metfone-071-7895101,Mobile,+8550717895101
Metfone-071-7895102,Mobile,+8550717895102
Metfone-071-7895103,Mobile,+8550717895103
Metfone-071-7895104,Mobile,+8550717895104
Metfone-071-7895105,Mobile,+8550717895105
Metfone-071-7895106,Mobile,+8550717895106
Metfone-071-7895107,Mobile,+8550717895107
Metfone-071-7895108,Mobile,+8550717895108
Metfone-071-7895109,Mobile,+8550717895109
Metfone-071-7895110,Mobile,+8550717895110
Metfone-071-7895111,Mobile,+8550717895111
Metfone-071-7895112,Mobile,+8550717895112
Metfone-071-7895113,Mobile,+8550717895113
Metfone-071-7895114,Mobile,+8550717895114
Metfone-071-7895115,Mobile,+8550717895115
Metfone-071-7895116,Mobile,+8550717895116
Metfone-071-7895117,Mobile,+8550717895117
Metfone-071-7895118,Mobile,+8550717895118
Metfone-071-7895119,Mobile,+8550717895119
Metfone-071-7895120,Mobile,+8550717895120
Metfone-071-7895121,Mobile,+8550717895121
Metfone-071-7895122,Mobile,+8550717895122
Metfone-071-7895123,Mobile,+8550717895123
Metfone-071-7895124,Mobile,+8550717895124
Metfone-071-7895125,Mobile,+8550717895125
Metfone-071-7895126,Mobile,+8550717895126
Metfone-071-7895127,Mobile,+8550717895127
Metfone-071-7895128,Mobile,+8550717895128
Metfone-071-7895129,Mobile,+8550717895129
Metfone-071-7895130,Mobile,+8550717895130
Metfone-071-7895131,Mobile,+8550717895131
Metfone-071-7895132,Mobile,+8550717895132
Metfone-071-7895133,Mobile,+8550717895133
Metfone-071-7895134,Mobile,+8550717895134
Metfone-071-7895135,Mobile,+8550717895135
Metfone-071-7895136,Mobile,+8550717895136
Metfone-071-7895137,Mobile,+8550717895137
Metfone-071-7895138,Mobile,+8550717895138
Metfone-071-7895139,Mobile,+8550717895139
Metfone-071-7895140,Mobile,+8550717895140
Metfone-071-7895141,Mobile,+8550717895141
Metfone-071-7895142,Mobile,+8550717895142
Metfone-071-7895143,Mobile,+8550717895143
Metfone-071-7895144,Mobile,+8550717895144
Metfone-071-7895145,Mobile,+8550717895145
Metfone-071-7895146,Mobile,+8550717895146
Metfone-071-7895147,Mobile,+8550717895147
Metfone-071-7895148,Mobile,+8550717895148
Metfone-071-7895149,Mobile,+8550717895149
Metfone-071-7895150,Mobile,+8550717895150
Metfone-071-7895151,Mobile,+8550717895151
Metfone-071-7895152,Mobile,+8550717895152
Metfone-071-7895153,Mobile,+8550717895153
Metfone-071-7895154,Mobile,+8550717895154
Metfone-071-7895155,Mobile,+8550717895155
Metfone-071-7895156,Mobile,+8550717895156
Metfone-071-7895157,Mobile,+8550717895157
Metfone-071-7895158,Mobile,+8550717895158
Metfone-071-7895159,Mobile,+8550717895159
Metfone-071-7895160,Mobile,+8550717895160
Metfone-071-7895161,Mobile,+8550717895161
Metfone-071-7895162,Mobile,+8550717895162
Metfone-071-7895163,Mobile,+8550717895163
Metfone-071-7895164,Mobile,+8550717895164
Metfone-071-7895165,Mobile,+8550717895165
Metfone-071-7895166,Mobile,+8550717895166
Metfone-071-7895167,Mobile,+8550717895167
Metfone-071-7895168,Mobile,+8550717895168
Metfone-071-7895169,Mobile,+8550717895169
Metfone-071-7895170,Mobile,+8550717895170
Metfone-071-7895171,Mobile,+8550717895171
Metfone-071-7895172,Mobile,+8550717895172
Metfone-071-7895173,Mobile,+8550717895173
Metfone-071-7895174,Mobile,+8550717895174
Metfone-071-7895175,Mobile,+8550717895175
Metfone-071-7895176,Mobile,+8550717895176
Metfone-071-7895177,Mobile,+8550717895177
Metfone-071-7895178,Mobile,+8550717895178
Metfone-071-7895179,Mobile,+8550717895179
Metfone-071-7895180,Mobile,+8550717895180
Metfone-071-7895181,Mobile,+8550717895181
Metfone-071-7895182,Mobile,+8550717895182
Metfone-071-7895183,Mobile,+8550717895183
Metfone-071-7895184,Mobile,+8550717895184
Metfone-071-7895185,Mobile,+8550717895185
Metfone-071-7895186,Mobile,+8550717895186
Metfone-071-7895187,Mobile,+8550717895187
Metfone-071-7895188,Mobile,+8550717895188
Metfone-071-7895189,Mobile,+8550717895189
Metfone-071-7895190,Mobile,+8550717895190
Metfone-071-7895191,Mobile,+8550717895191
Metfone-071-7895192,Mobile,+8550717895192
Metfone-071-7895193,Mobile,+8550717895193
Metfone-071-7895194,Mobile,+8550717895194
Metfone-071-7895195,Mobile,+8550717895195
Metfone-071-7895196,Mobile,+8550717895196
Metfone-071-7895197,Mobile,+8550717895197
Metfone-071-7895198,Mobile,+8550717895198
Metfone-071-7895199,Mobile,+8550717895199
Metfone-071-7895200,Mobile,+8550717895200
Metfone-071-7895201,Mobile,+8550717895201
Metfone-071-7895202,Mobile,+8550717895202
Metfone-071-7895203,Mobile,+8550717895203
Metfone-071-7895204,Mobile,+8550717895204
Metfone-071-7895205,Mobile,+8550717895205
Metfone-071-7895206,Mobile,+8550717895206
Metfone-071-7895207,Mobile,+8550717895207
Metfone-071-7895208,Mobile,+8550717895208
Metfone-071-7895209,Mobile,+8550717895209
Metfone-071-7895210,Mobile,+8550717895210
Metfone-071-7895211,Mobile,+8550717895211
Metfone-071-7895212,Mobile,+8550717895212
Metfone-071-7895213,Mobile,+8550717895213
Metfone-071-7895214,Mobile,+8550717895214
Metfone-071-7895215,Mobile,+8550717895215
Metfone-071-7895216,Mobile,+8550717895216
Metfone-071-7895217,Mobile,+8550717895217
Metfone-071-7895218,Mobile,+8550717895218
Metfone-071-7895219,Mobile,+8550717895219
Metfone-071-7895220,Mobile,+8550717895220
Metfone-071-7895221,Mobile,+8550717895221
Metfone-071-7895222,Mobile,+8550717895222
Metfone-071-7895223,Mobile,+8550717895223
Metfone-071-7895224,Mobile,+8550717895224
Metfone-071-7895225,Mobile,+8550717895225
Metfone-071-7895226,Mobile,+8550717895226
Metfone-071-7895227,Mobile,+8550717895227
Metfone-071-7895228,Mobile,+8550717895228
Metfone-071-7895229,Mobile,+8550717895229
Metfone-071-7895230,Mobile,+8550717895230
Metfone-071-7895231,Mobile,+8550717895231
Metfone-071-7895232,Mobile,+8550717895232
Metfone-071-7895233,Mobile,+8550717895233
Metfone-071-7895234,Mobile,+8550717895234
Metfone-071-7895235,Mobile,+8550717895235
Metfone-071-7895236,Mobile,+8550717895236
Metfone-071-7895237,Mobile,+8550717895237
Metfone-071-7895238,Mobile,+8550717895238
Metfone-071-7895239,Mobile,+8550717895239
Metfone-071-7895240,Mobile,+8550717895240
Metfone-071-7895241,Mobile,+8550717895241
Metfone-071-7895242,Mobile,+8550717895242
Metfone-071-7895243,Mobile,+8550717895243
Metfone-071-7895244,Mobile,+8550717895244
Metfone-071-7895245,Mobile,+8550717895245
Metfone-071-7895246,Mobile,+8550717895246
Metfone-071-7895247,Mobile,+8550717895247
Metfone-071-7895248,Mobile,+8550717895248
Metfone-071-7895249,Mobile,+8550717895249
Metfone-071-7895250,Mobile,+8550717895250
Metfone-071-7895251,Mobile,+8550717895251
Metfone-071-7895252,Mobile,+8550717895252
Metfone-071-7895253,Mobile,+8550717895253
Metfone-071-7895254,Mobile,+8550717895254
Metfone-071-7895255,Mobile,+8550717895255
Metfone-071-7895256,Mobile,+8550717895256
Metfone-071-7895257,Mobile,+8550717895257
Metfone-071-7895258,Mobile,+8550717895258
Metfone-071-7895259,Mobile,+8550717895259
Metfone-071-7895260,Mobile,+8550717895260
Metfone-071-7895261,Mobile,+8550717895261
Metfone-071-7895262,Mobile,+8550717895262
Metfone-071-7895263,Mobile,+8550717895263
Metfone-071-7895264,Mobile,+8550717895264
Metfone-071-7895265,Mobile,+8550717895265
Metfone-071-7895266,Mobile,+8550717895266
Metfone-071-7895267,Mobile,+8550717895267
Metfone-071-7895268,Mobile,+8550717895268
Metfone-071-7895269,Mobile,+8550717895269
Metfone-071-7895270,Mobile,+8550717895270
Metfone-071-7895271,Mobile,+8550717895271
Metfone-071-7895272,Mobile,+8550717895272
Metfone-071-7895273,Mobile,+8550717895273
Metfone-071-7895274,Mobile,+8550717895274
Metfone-071-7895275,Mobile,+8550717895275
Metfone-071-7895276,Mobile,+8550717895276
Metfone-071-7895277,Mobile,+8550717895277
Metfone-071-7895278,Mobile,+8550717895278
Metfone-071-7895279,Mobile,+8550717895279
Metfone-071-7895280,Mobile,+8550717895280
Metfone-071-7895281,Mobile,+8550717895281
Metfone-071-7895282,Mobile,+8550717895282
Metfone-071-7895283,Mobile,+8550717895283
Metfone-071-7895284,Mobile,+8550717895284
Metfone-071-7895285,Mobile,+8550717895285
Metfone-071-7895286,Mobile,+8550717895286
Metfone-071-7895287,Mobile,+8550717895287
Metfone-071-7895288,Mobile,+8550717895288
Metfone-071-7895289,Mobile,+8550717895289
Metfone-071-7895290,Mobile,+8550717895290
Metfone-071-7895291,Mobile,+8550717895291
Metfone-071-7895292,Mobile,+8550717895292
Metfone-071-7895293,Mobile,+8550717895293
Metfone-071-7895294,Mobile,+8550717895294
Metfone-071-7895295,Mobile,+8550717895295
Metfone-071-7895296,Mobile,+8550717895296
Metfone-071-7895297,Mobile,+8550717895297
Metfone-071-7895298,Mobile,+8550717895298
Metfone-071-7895299,Mobile,+8550717895299
Metfone-071-7895300,Mobile,+8550717895300
Metfone-071-7895301,Mobile,+8550717895301
Metfone-071-7895302,Mobile,+8550717895302
Metfone-071-7895303,Mobile,+8550717895303
Metfone-071-7895304,Mobile,+8550717895304
Metfone-071-7895305,Mobile,+8550717895305
Metfone-071-7895306,Mobile,+8550717895306
Metfone-071-7895307,Mobile,+8550717895307
Metfone-071-7895308,Mobile,+8550717895308
Metfone-071-7895309,Mobile,+8550717895309
Metfone-071-7895310,Mobile,+8550717895310
Metfone-071-7895311,Mobile,+8550717895311
Metfone-071-7895312,Mobile,+8550717895312
Metfone-071-7895313,Mobile,+8550717895313
Metfone-071-7895314,Mobile,+8550717895314
Metfone-071-7895315,Mobile,+8550717895315
Metfone-071-7895316,Mobile,+8550717895316
Metfone-071-7895317,Mobile,+8550717895317
Metfone-071-7895318,Mobile,+8550717895318
Metfone-071-7895319,Mobile,+8550717895319
Metfone-071-7895320,Mobile,+8550717895320
Metfone-071-7895321,Mobile,+8550717895321
Metfone-071-7895322,Mobile,+8550717895322
Metfone-071-7895323,Mobile,+8550717895323
Metfone-071-7895324,Mobile,+8550717895324
Metfone-071-7895325,Mobile,+8550717895325
Metfone-071-7895326,Mobile,+8550717895326
Metfone-071-7895327,Mobile,+8550717895327
Metfone-071-7895328,Mobile,+8550717895328
Metfone-071-7895329,Mobile,+8550717895329
Metfone-071-7895330,Mobile,+8550717895330
Metfone-071-7895331,Mobile,+8550717895331
Metfone-071-7895332,Mobile,+8550717895332
Metfone-071-7895333,Mobile,+8550717895333
Metfone-071-7895334,Mobile,+8550717895334
Metfone-071-7895335,Mobile,+8550717895335
Metfone-071-7895336,Mobile,+8550717895336
Metfone-071-7895337,Mobile,+8550717895337
Metfone-071-7895338,Mobile,+8550717895338
Metfone-071-7895339,Mobile,+8550717895339
Metfone-071-7895340,Mobile,+8550717895340
Metfone-071-7895341,Mobile,+8550717895341
Metfone-071-7895342,Mobile,+8550717895342
Metfone-071-7895343,Mobile,+8550717895343
Metfone-071-7895344,Mobile,+8550717895344
Metfone-071-7895345,Mobile,+8550717895345
Metfone-071-7895346,Mobile,+8550717895346
Metfone-071-7895347,Mobile,+8550717895347
Metfone-071-7895348,Mobile,+8550717895348
Metfone-071-7895349,Mobile,+8550717895349
Metfone-071-7895350,Mobile,+8550717895350
Metfone-071-7895351,Mobile,+8550717895351
Metfone-071-7895352,Mobile,+8550717895352
Metfone-071-7895353,Mobile,+8550717895353
Metfone-071-7895354,Mobile,+8550717895354
Metfone-071-7895355,Mobile,+8550717895355
Metfone-071-7895356,Mobile,+8550717895356
Metfone-071-7895357,Mobile,+8550717895357
Metfone-071-7895358,Mobile,+8550717895358
Metfone-071-7895359,Mobile,+8550717895359
Metfone-071-7895360,Mobile,+8550717895360
Metfone-071-7895361,Mobile,+8550717895361
Metfone-071-7895362,Mobile,+8550717895362
Metfone-071-7895363,Mobile,+8550717895363
Metfone-071-7895364,Mobile,+8550717895364
Metfone-071-7895365,Mobile,+8550717895365
Metfone-071-7895366,Mobile,+8550717895366
Metfone-071-7895367,Mobile,+8550717895367
Metfone-071-7895368,Mobile,+8550717895368
Metfone-071-7895369,Mobile,+8550717895369
Metfone-071-7895370,Mobile,+8550717895370
Metfone-071-7895371,Mobile,+8550717895371
Metfone-071-7895372,Mobile,+8550717895372
Metfone-071-7895373,Mobile,+8550717895373
Metfone-071-7895374,Mobile,+8550717895374
Metfone-071-7895375,Mobile,+8550717895375
Metfone-071-7895376,Mobile,+8550717895376
Metfone-071-7895377,Mobile,+8550717895377
Metfone-071-7895378,Mobile,+8550717895378
Metfone-071-7895379,Mobile,+8550717895379
Metfone-071-7895380,Mobile,+8550717895380
Metfone-071-7895381,Mobile,+8550717895381
Metfone-071-7895382,Mobile,+8550717895382
Metfone-071-7895383,Mobile,+8550717895383
Metfone-071-7895384,Mobile,+8550717895384
Metfone-071-7895385,Mobile,+8550717895385
Metfone-071-7895386,Mobile,+8550717895386
Metfone-071-7895387,Mobile,+8550717895387
Metfone-071-7895388,Mobile,+8550717895388
Metfone-071-7895389,Mobile,+8550717895389
Metfone-071-7895390,Mobile,+8550717895390
Metfone-071-7895391,Mobile,+8550717895391
Metfone-071-7895392,Mobile,+8550717895392
Metfone-071-7895393,Mobile,+8550717895393
Metfone-071-7895394,Mobile,+8550717895394
Metfone-071-7895395,Mobile,+8550717895395
Metfone-071-7895396,Mobile,+8550717895396
Metfone-071-7895397,Mobile,+8550717895397
Metfone-071-7895398,Mobile,+8550717895398
Metfone-071-7895399,Mobile,+8550717895399
Metfone-071-7895400,Mobile,+8550717895400
Metfone-071-7895401,Mobile,+8550717895401
Metfone-071-7895402,Mobile,+8550717895402
Metfone-071-7895403,Mobile,+8550717895403
Metfone-071-7895404,Mobile,+8550717895404
Metfone-071-7895405,Mobile,+8550717895405
Metfone-071-7895406,Mobile,+8550717895406
Metfone-071-7895407,Mobile,+8550717895407
Metfone-071-7895408,Mobile,+8550717895408
Metfone-071-7895409,Mobile,+8550717895409
Metfone-071-7895410,Mobile,+8550717895410
Metfone-071-7895411,Mobile,+8550717895411
Metfone-071-7895412,Mobile,+8550717895412
Metfone-071-7895413,Mobile,+8550717895413
Metfone-071-7895414,Mobile,+8550717895414
Metfone-071-7895415,Mobile,+8550717895415
Metfone-071-7895416,Mobile,+8550717895416
Metfone-071-7895417,Mobile,+8550717895417
Metfone-071-7895418,Mobile,+8550717895418
Metfone-071-7895419,Mobile,+8550717895419
Metfone-071-7895420,Mobile,+8550717895420
Metfone-071-7895421,Mobile,+8550717895421
Metfone-071-7895422,Mobile,+8550717895422
Metfone-071-7895423,Mobile,+8550717895423
Metfone-071-7895424,Mobile,+8550717895424
Metfone-071-7895425,Mobile,+8550717895425
Metfone-071-7895426,Mobile,+8550717895426
Metfone-071-7895427,Mobile,+8550717895427
Metfone-071-7895428,Mobile,+8550717895428
Metfone-071-7895429,Mobile,+8550717895429
Metfone-071-7895430,Mobile,+8550717895430
Metfone-071-7895431,Mobile,+8550717895431
Metfone-071-7895432,Mobile,+8550717895432
Metfone-071-7895433,Mobile,+8550717895433
Metfone-071-7895434,Mobile,+8550717895434
Metfone-071-7895435,Mobile,+8550717895435
Metfone-071-7895436,Mobile,+8550717895436
Metfone-071-7895437,Mobile,+8550717895437
Metfone-071-7895438,Mobile,+8550717895438
Metfone-071-7895439,Mobile,+8550717895439
Metfone-071-7895440,Mobile,+8550717895440
Metfone-071-7895441,Mobile,+8550717895441
Metfone-071-7895442,Mobile,+8550717895442
Metfone-071-7895443,Mobile,+8550717895443
Metfone-071-7895444,Mobile,+8550717895444
Metfone-071-7895445,Mobile,+8550717895445
Metfone-071-7895446,Mobile,+8550717895446
Metfone-071-7895447,Mobile,+8550717895447
Metfone-071-7895448,Mobile,+8550717895448
Metfone-071-7895449,Mobile,+8550717895449
Metfone-071-7895450,Mobile,+8550717895450
Metfone-071-7895451,Mobile,+8550717895451
Metfone-071-7895452,Mobile,+8550717895452
Metfone-071-7895453,Mobile,+8550717895453
Metfone-071-7895454,Mobile,+8550717895454
Metfone-071-7895455,Mobile,+8550717895455
Metfone-071-7895456,Mobile,+8550717895456
Metfone-071-7895457,Mobile,+8550717895457
Metfone-071-7895458,Mobile,+8550717895458
Metfone-071-7895459,Mobile,+8550717895459
Metfone-071-7895460,Mobile,+8550717895460
Metfone-071-7895461,Mobile,+8550717895461
Metfone-071-7895462,Mobile,+8550717895462
Metfone-071-7895463,Mobile,+8550717895463
Metfone-071-7895464,Mobile,+8550717895464
Metfone-071-7895465,Mobile,+8550717895465
Metfone-071-7895466,Mobile,+8550717895466
Metfone-071-7895467,Mobile,+8550717895467
Metfone-071-7895468,Mobile,+8550717895468
Metfone-071-7895469,Mobile,+8550717895469
Metfone-071-7895470,Mobile,+8550717895470
Metfone-071-7895471,Mobile,+8550717895471
Metfone-071-7895472,Mobile,+8550717895472
Metfone-071-7895473,Mobile,+8550717895473
Metfone-071-7895474,Mobile,+8550717895474
Metfone-071-7895475,Mobile,+8550717895475
Metfone-071-7895476,Mobile,+8550717895476
Metfone-071-7895477,Mobile,+8550717895477
Metfone-071-7895478,Mobile,+8550717895478
Metfone-071-7895479,Mobile,+8550717895479
Metfone-071-7895480,Mobile,+8550717895480
Metfone-071-7895481,Mobile,+8550717895481
Metfone-071-7895482,Mobile,+8550717895482
Metfone-071-7895483,Mobile,+8550717895483
Metfone-071-7895484,Mobile,+8550717895484
Metfone-071-7895485,Mobile,+8550717895485
Metfone-071-7895486,Mobile,+8550717895486
Metfone-071-7895487,Mobile,+8550717895487
Metfone-071-7895488,Mobile,+8550717895488
Metfone-071-7895489,Mobile,+8550717895489
Metfone-071-7895490,Mobile,+8550717895490
Metfone-071-7895491,Mobile,+8550717895491
Metfone-071-7895492,Mobile,+8550717895492
Metfone-071-7895493,Mobile,+8550717895493
Metfone-071-7895494,Mobile,+8550717895494
Metfone-071-7895495,Mobile,+8550717895495
Metfone-071-7895496,Mobile,+8550717895496
Metfone-071-7895497,Mobile,+8550717895497
Metfone-071-7895498,Mobile,+8550717895498
Metfone-071-7895499,Mobile,+8550717895499
Metfone-071-7895500,Mobile,+8550717895500
Metfone-071-7895501,Mobile,+8550717895501
Metfone-071-7895502,Mobile,+8550717895502
Metfone-071-7895503,Mobile,+8550717895503
Metfone-071-7895504,Mobile,+8550717895504
Metfone-071-7895505,Mobile,+8550717895505
Metfone-071-7895506,Mobile,+8550717895506
Metfone-071-7895507,Mobile,+8550717895507
Metfone-071-7895508,Mobile,+8550717895508
Metfone-071-7895509,Mobile,+8550717895509
Metfone-071-7895510,Mobile,+8550717895510
Metfone-071-7895511,Mobile,+8550717895511
Metfone-071-7895512,Mobile,+8550717895512
Metfone-071-7895513,Mobile,+8550717895513
Metfone-071-7895514,Mobile,+8550717895514
Metfone-071-7895515,Mobile,+8550717895515
Metfone-071-7895516,Mobile,+8550717895516
Metfone-071-7895517,Mobile,+8550717895517
Metfone-071-7895518,Mobile,+8550717895518
Metfone-071-7895519,Mobile,+8550717895519
Metfone-071-7895520,Mobile,+8550717895520
Metfone-071-7895521,Mobile,+8550717895521
Metfone-071-7895522,Mobile,+8550717895522
Metfone-071-7895523,Mobile,+8550717895523
Metfone-071-7895524,Mobile,+8550717895524
Metfone-071-7895525,Mobile,+8550717895525
Metfone-071-7895526,Mobile,+8550717895526
Metfone-071-7895527,Mobile,+8550717895527
Metfone-071-7895528,Mobile,+8550717895528
Metfone-071-7895529,Mobile,+8550717895529
Metfone-071-7895530,Mobile,+8550717895530
Metfone-071-7895531,Mobile,+8550717895531
Metfone-071-7895532,Mobile,+8550717895532
Metfone-071-7895533,Mobile,+8550717895533
Metfone-071-7895534,Mobile,+8550717895534
Metfone-071-7895535,Mobile,+8550717895535
Metfone-071-7895536,Mobile,+8550717895536
Metfone-071-7895537,Mobile,+8550717895537
Metfone-071-7895538,Mobile,+8550717895538
Metfone-071-7895539,Mobile,+8550717895539
Metfone-071-7895540,Mobile,+8550717895540
Metfone-071-7895541,Mobile,+8550717895541
Metfone-071-7895542,Mobile,+8550717895542
Metfone-071-7895543,Mobile,+8550717895543
Metfone-071-7895544,Mobile,+8550717895544
Metfone-071-7895545,Mobile,+8550717895545
Metfone-071-7895546,Mobile,+8550717895546
Metfone-071-7895547,Mobile,+8550717895547
Metfone-071-7895548,Mobile,+8550717895548
Metfone-071-7895549,Mobile,+8550717895549
Metfone-071-7895550,Mobile,+8550717895550
Metfone-071-7895551,Mobile,+8550717895551
Metfone-071-7895552,Mobile,+8550717895552
Metfone-071-7895553,Mobile,+8550717895553
Metfone-071-7895554,Mobile,+8550717895554
Metfone-071-7895555,Mobile,+8550717895555
Metfone-071-7895556,Mobile,+8550717895556
Metfone-071-7895557,Mobile,+8550717895557
Metfone-071-7895558,Mobile,+8550717895558
Metfone-071-7895559,Mobile,+8550717895559
Metfone-071-7895560,Mobile,+8550717895560
Metfone-071-7895561,Mobile,+8550717895561
Metfone-071-7895562,Mobile,+8550717895562
Metfone-071-7895563,Mobile,+8550717895563
Metfone-071-7895564,Mobile,+8550717895564
Metfone-071-7895565,Mobile,+8550717895565
Metfone-071-7895566,Mobile,+8550717895566
Metfone-071-7895567,Mobile,+8550717895567
Metfone-071-7895568,Mobile,+8550717895568
Metfone-071-7895569,Mobile,+8550717895569
Metfone-071-7895570,Mobile,+8550717895570
Metfone-071-7895571,Mobile,+8550717895571
Metfone-071-7895572,Mobile,+8550717895572
Metfone-071-7895573,Mobile,+8550717895573
Metfone-071-7895574,Mobile,+8550717895574
Metfone-071-7895575,Mobile,+8550717895575
Metfone-071-7895576,Mobile,+8550717895576
Metfone-071-7895577,Mobile,+8550717895577
Metfone-071-7895578,Mobile,+8550717895578
Metfone-071-7895579,Mobile,+8550717895579
Metfone-071-7895580,Mobile,+8550717895580
Metfone-071-7895581,Mobile,+8550717895581
Metfone-071-7895582,Mobile,+8550717895582
Metfone-071-7895583,Mobile,+8550717895583
Metfone-071-7895584,Mobile,+8550717895584
Metfone-071-7895585,Mobile,+8550717895585
Metfone-071-7895586,Mobile,+8550717895586
Metfone-071-7895587,Mobile,+8550717895587
Metfone-071-7895588,Mobile,+8550717895588
Metfone-071-7895589,Mobile,+8550717895589
Metfone-071-7895590,Mobile,+8550717895590
Metfone-071-7895591,Mobile,+8550717895591
Metfone-071-7895592,Mobile,+8550717895592
Metfone-071-7895593,Mobile,+8550717895593
Metfone-071-7895594,Mobile,+8550717895594
Metfone-071-7895595,Mobile,+8550717895595
Metfone-071-7895596,Mobile,+8550717895596
Metfone-071-7895597,Mobile,+8550717895597
Metfone-071-7895598,Mobile,+8550717895598
Metfone-071-7895599,Mobile,+8550717895599
Metfone-071-7895600,Mobile,+8550717895600
Metfone-071-7895601,Mobile,+8550717895601
Metfone-071-7895602,Mobile,+8550717895602
Metfone-071-7895603,Mobile,+8550717895603
Metfone-071-7895604,Mobile,+8550717895604
Metfone-071-7895605,Mobile,+8550717895605
Metfone-071-7895606,Mobile,+8550717895606
Metfone-071-7895607,Mobile,+8550717895607
Metfone-071-7895608,Mobile,+8550717895608
Metfone-071-7895609,Mobile,+8550717895609
Metfone-071-7895610,Mobile,+8550717895610
Metfone-071-7895611,Mobile,+8550717895611
Metfone-071-7895612,Mobile,+8550717895612
Metfone-071-7895613,Mobile,+8550717895613
Metfone-071-7895614,Mobile,+8550717895614
Metfone-071-7895615,Mobile,+8550717895615
Metfone-071-7895616,Mobile,+8550717895616
Metfone-071-7895617,Mobile,+8550717895617
Metfone-071-7895618,Mobile,+8550717895618
Metfone-071-7895619,Mobile,+8550717895619
Metfone-071-7895620,Mobile,+8550717895620
Metfone-071-7895621,Mobile,+8550717895621
Metfone-071-7895622,Mobile,+8550717895622
Metfone-071-7895623,Mobile,+8550717895623
Metfone-071-7895624,Mobile,+8550717895624
Metfone-071-7895625,Mobile,+8550717895625
Metfone-071-7895626,Mobile,+8550717895626
Metfone-071-7895627,Mobile,+8550717895627
Metfone-071-7895628,Mobile,+8550717895628
Metfone-071-7895629,Mobile,+8550717895629
Metfone-071-7895630,Mobile,+8550717895630
Metfone-071-7895631,Mobile,+8550717895631
Metfone-071-7895632,Mobile,+8550717895632
Metfone-071-7895633,Mobile,+8550717895633
Metfone-071-7895634,Mobile,+8550717895634
Metfone-071-7895635,Mobile,+8550717895635
Metfone-071-7895636,Mobile,+8550717895636
Metfone-071-7895637,Mobile,+8550717895637
Metfone-071-7895638,Mobile,+8550717895638
Metfone-071-7895639,Mobile,+8550717895639
Metfone-071-7895640,Mobile,+8550717895640
Metfone-071-7895641,Mobile,+8550717895641
Metfone-071-7895642,Mobile,+8550717895642
Metfone-071-7895643,Mobile,+8550717895643
Metfone-071-7895644,Mobile,+8550717895644
Metfone-071-7895645,Mobile,+8550717895645
Metfone-071-7895646,Mobile,+8550717895646
Metfone-071-7895647,Mobile,+8550717895647
Metfone-071-7895648,Mobile,+8550717895648
Metfone-071-7895649,Mobile,+8550717895649
Metfone-071-7895650,Mobile,+8550717895650
Metfone-071-7895651,Mobile,+8550717895651
Metfone-071-7895652,Mobile,+8550717895652
Metfone-071-7895653,Mobile,+8550717895653
Metfone-071-7895654,Mobile,+8550717895654
Metfone-071-7895655,Mobile,+8550717895655
Metfone-071-7895656,Mobile,+8550717895656
Metfone-071-7895657,Mobile,+8550717895657
Metfone-071-7895658,Mobile,+8550717895658
Metfone-071-7895659,Mobile,+8550717895659
Metfone-071-7895660,Mobile,+8550717895660
Metfone-071-7895661,Mobile,+8550717895661
Metfone-071-7895662,Mobile,+8550717895662
Metfone-071-7895663,Mobile,+8550717895663
Metfone-071-7895664,Mobile,+8550717895664
Metfone-071-7895665,Mobile,+8550717895665
Metfone-071-7895666,Mobile,+8550717895666
Metfone-071-7895667,Mobile,+8550717895667
Metfone-071-7895668,Mobile,+8550717895668
Metfone-071-7895669,Mobile,+8550717895669
Metfone-071-7895670,Mobile,+8550717895670
Metfone-071-7895671,Mobile,+8550717895671
Metfone-071-7895672,Mobile,+8550717895672
Metfone-071-7895673,Mobile,+8550717895673
Metfone-071-7895674,Mobile,+8550717895674
Metfone-071-7895675,Mobile,+8550717895675
Metfone-071-7895676,Mobile,+8550717895676
Metfone-071-7895677,Mobile,+8550717895677
Metfone-071-7895678,Mobile,+8550717895678
Metfone-071-7895679,Mobile,+8550717895679
Metfone-071-7895680,Mobile,+8550717895680
Metfone-071-7895681,Mobile,+8550717895681
Metfone-071-7895682,Mobile,+8550717895682
Metfone-071-7895683,Mobile,+8550717895683
Metfone-071-7895684,Mobile,+8550717895684
Metfone-071-7895685,Mobile,+8550717895685
Metfone-071-7895686,Mobile,+8550717895686
Metfone-071-7895687,Mobile,+8550717895687
Metfone-071-7895688,Mobile,+8550717895688
Metfone-071-7895689,Mobile,+8550717895689
Metfone-071-7895690,Mobile,+8550717895690
Metfone-071-7895691,Mobile,+8550717895691
Metfone-071-7895692,Mobile,+8550717895692
Metfone-071-7895693,Mobile,+8550717895693
Metfone-071-7895694,Mobile,+8550717895694
Metfone-071-7895695,Mobile,+8550717895695
Metfone-071-7895696,Mobile,+8550717895696
Metfone-071-7895697,Mobile,+8550717895697
Metfone-071-7895698,Mobile,+8550717895698
Metfone-071-7895699,Mobile,+8550717895699
Metfone-071-7895700,Mobile,+8550717895700
Metfone-071-7895701,Mobile,+8550717895701
Metfone-071-7895702,Mobile,+8550717895702
Metfone-071-7895703,Mobile,+8550717895703
Metfone-071-7895704,Mobile,+8550717895704
Metfone-071-7895705,Mobile,+8550717895705
Metfone-071-7895706,Mobile,+8550717895706
Metfone-071-7895707,Mobile,+8550717895707
Metfone-071-7895708,Mobile,+8550717895708
Metfone-071-7895709,Mobile,+8550717895709
Metfone-071-7895710,Mobile,+8550717895710
Metfone-071-7895711,Mobile,+8550717895711
Metfone-071-7895712,Mobile,+8550717895712
Metfone-071-7895713,Mobile,+8550717895713
Metfone-071-7895714,Mobile,+8550717895714
Metfone-071-7895715,Mobile,+8550717895715
Metfone-071-7895716,Mobile,+8550717895716
Metfone-071-7895717,Mobile,+8550717895717
Metfone-071-7895718,Mobile,+8550717895718
Metfone-071-7895719,Mobile,+8550717895719
Metfone-071-7895720,Mobile,+8550717895720
Metfone-071-7895721,Mobile,+8550717895721
Metfone-071-7895722,Mobile,+8550717895722
Metfone-071-7895723,Mobile,+8550717895723
Metfone-071-7895724,Mobile,+8550717895724
Metfone-071-7895725,Mobile,+8550717895725
Metfone-071-7895726,Mobile,+8550717895726
Metfone-071-7895727,Mobile,+8550717895727
Metfone-071-7895728,Mobile,+8550717895728
Metfone-071-7895729,Mobile,+8550717895729
Metfone-071-7895730,Mobile,+8550717895730
Metfone-071-7895731,Mobile,+8550717895731
Metfone-071-7895732,Mobile,+8550717895732
Metfone-071-7895733,Mobile,+8550717895733
Metfone-071-7895734,Mobile,+8550717895734
Metfone-071-7895735,Mobile,+8550717895735
Metfone-071-7895736,Mobile,+8550717895736
Metfone-071-7895737,Mobile,+8550717895737
Metfone-071-7895738,Mobile,+8550717895738
Metfone-071-7895739,Mobile,+8550717895739
Metfone-071-7895740,Mobile,+8550717895740
Metfone-071-7895741,Mobile,+8550717895741
Metfone-071-7895742,Mobile,+8550717895742
Metfone-071-7895743,Mobile,+8550717895743
Metfone-071-7895744,Mobile,+8550717895744
Metfone-071-7895745,Mobile,+8550717895745
Metfone-071-7895746,Mobile,+8550717895746
Metfone-071-7895747,Mobile,+8550717895747
Metfone-071-7895748,Mobile,+8550717895748
Metfone-071-7895749,Mobile,+8550717895749
Metfone-071-7895750,Mobile,+8550717895750
Metfone-071-7895751,Mobile,+8550717895751
Metfone-071-7895752,Mobile,+8550717895752
Metfone-071-7895753,Mobile,+8550717895753
Metfone-071-7895754,Mobile,+8550717895754
Metfone-071-7895755,Mobile,+8550717895755
Metfone-071-7895756,Mobile,+8550717895756
Metfone-071-7895757,Mobile,+8550717895757
Metfone-071-7895758,Mobile,+8550717895758
Metfone-071-7895759,Mobile,+8550717895759
Metfone-071-7895760,Mobile,+8550717895760
Metfone-071-7895761,Mobile,+8550717895761
Metfone-071-7895762,Mobile,+8550717895762
Metfone-071-7895763,Mobile,+8550717895763
Metfone-071-7895764,Mobile,+8550717895764
Metfone-071-7895765,Mobile,+8550717895765
Metfone-071-7895766,Mobile,+8550717895766
Metfone-071-7895767,Mobile,+8550717895767
Metfone-071-7895768,Mobile,+8550717895768
Metfone-071-7895769,Mobile,+8550717895769
Metfone-071-7895770,Mobile,+8550717895770
Metfone-071-7895771,Mobile,+8550717895771
Metfone-071-7895772,Mobile,+8550717895772
Metfone-071-7895773,Mobile,+8550717895773
Metfone-071-7895774,Mobile,+8550717895774
Metfone-071-7895775,Mobile,+8550717895775
Metfone-071-7895776,Mobile,+8550717895776
Metfone-071-7895777,Mobile,+8550717895777
Metfone-071-7895778,Mobile,+8550717895778
Metfone-071-7895779,Mobile,+8550717895779
Metfone-071-7895780,Mobile,+8550717895780
Metfone-071-7895781,Mobile,+8550717895781
Metfone-071-7895782,Mobile,+8550717895782
Metfone-071-7895783,Mobile,+8550717895783
Metfone-071-7895784,Mobile,+8550717895784
Metfone-071-7895785,Mobile,+8550717895785
Metfone-071-7895786,Mobile,+8550717895786
Metfone-071-7895787,Mobile,+8550717895787
Metfone-071-7895788,Mobile,+8550717895788
Metfone-071-7895789,Mobile,+8550717895789
Metfone-071-7895790,Mobile,+8550717895790
Metfone-071-7895791,Mobile,+8550717895791
Metfone-071-7895792,Mobile,+8550717895792
Metfone-071-7895793,Mobile,+8550717895793
Metfone-071-7895794,Mobile,+8550717895794
Metfone-071-7895795,Mobile,+8550717895795
Metfone-071-7895796,Mobile,+8550717895796
Metfone-071-7895797,Mobile,+8550717895797
Metfone-071-7895798,Mobile,+8550717895798
Metfone-071-7895799,Mobile,+8550717895799
Metfone-071-7895800,Mobile,+8550717895800
Metfone-071-7895801,Mobile,+8550717895801
Metfone-071-7895802,Mobile,+8550717895802
Metfone-071-7895803,Mobile,+8550717895803
Metfone-071-7895804,Mobile,+8550717895804
Metfone-071-7895805,Mobile,+8550717895805
Metfone-071-7895806,Mobile,+8550717895806
Metfone-071-7895807,Mobile,+8550717895807
Metfone-071-7895808,Mobile,+8550717895808
Metfone-071-7895809,Mobile,+8550717895809
Metfone-071-7895810,Mobile,+8550717895810
Metfone-071-7895811,Mobile,+8550717895811
Metfone-071-7895812,Mobile,+8550717895812
Metfone-071-7895813,Mobile,+8550717895813
Metfone-071-7895814,Mobile,+8550717895814
Metfone-071-7895815,Mobile,+8550717895815
Metfone-071-7895816,Mobile,+8550717895816
Metfone-071-7895817,Mobile,+8550717895817
Metfone-071-7895818,Mobile,+8550717895818
Metfone-071-7895819,Mobile,+8550717895819
Metfone-071-7895820,Mobile,+8550717895820
Metfone-071-7895821,Mobile,+8550717895821
Metfone-071-7895822,Mobile,+8550717895822
Metfone-071-7895823,Mobile,+8550717895823
Metfone-071-7895824,Mobile,+8550717895824
Metfone-071-7895825,Mobile,+8550717895825
Metfone-071-7895826,Mobile,+8550717895826
Metfone-071-7895827,Mobile,+8550717895827
Metfone-071-7895828,Mobile,+8550717895828
Metfone-071-7895829,Mobile,+8550717895829
Metfone-071-7895830,Mobile,+8550717895830
Metfone-071-7895831,Mobile,+8550717895831
Metfone-071-7895832,Mobile,+8550717895832
Metfone-071-7895833,Mobile,+8550717895833
Metfone-071-7895834,Mobile,+8550717895834
Metfone-071-7895835,Mobile,+8550717895835
Metfone-071-7895836,Mobile,+8550717895836
Metfone-071-7895837,Mobile,+8550717895837
Metfone-071-7895838,Mobile,+8550717895838
Metfone-071-7895839,Mobile,+8550717895839
Metfone-071-7895840,Mobile,+8550717895840
Metfone-071-7895841,Mobile,+8550717895841
Metfone-071-7895842,Mobile,+8550717895842
Metfone-071-7895843,Mobile,+8550717895843
Metfone-071-7895844,Mobile,+8550717895844
Metfone-071-7895845,Mobile,+8550717895845
Metfone-071-7895846,Mobile,+8550717895846
Metfone-071-7895847,Mobile,+8550717895847
Metfone-071-7895848,Mobile,+8550717895848
Metfone-071-7895849,Mobile,+8550717895849
Metfone-071-7895850,Mobile,+8550717895850
Metfone-071-7895851,Mobile,+8550717895851
Metfone-071-7895852,Mobile,+8550717895852
Metfone-071-7895853,Mobile,+8550717895853
Metfone-071-7895854,Mobile,+8550717895854
Metfone-071-7895855,Mobile,+8550717895855
Metfone-071-7895856,Mobile,+8550717895856
Metfone-071-7895857,Mobile,+8550717895857
Metfone-071-7895858,Mobile,+8550717895858
Metfone-071-7895859,Mobile,+8550717895859
Metfone-071-7895860,Mobile,+8550717895860
Metfone-071-7895861,Mobile,+8550717895861
Metfone-071-7895862,Mobile,+8550717895862
Metfone-071-7895863,Mobile,+8550717895863
Metfone-071-7895864,Mobile,+8550717895864
Metfone-071-7895865,Mobile,+8550717895865
Metfone-071-7895866,Mobile,+8550717895866
Metfone-071-7895867,Mobile,+8550717895867
Metfone-071-7895868,Mobile,+8550717895868
Metfone-071-7895869,Mobile,+8550717895869
Metfone-071-7895870,Mobile,+8550717895870
Metfone-071-7895871,Mobile,+8550717895871
Metfone-071-7895872,Mobile,+8550717895872
Metfone-071-7895873,Mobile,+8550717895873
Metfone-071-7895874,Mobile,+8550717895874
Metfone-071-7895875,Mobile,+8550717895875
Metfone-071-7895876,Mobile,+8550717895876
Metfone-071-7895877,Mobile,+8550717895877
Metfone-071-7895878,Mobile,+8550717895878
Metfone-071-7895879,Mobile,+8550717895879
Metfone-071-7895880,Mobile,+8550717895880
Metfone-071-7895881,Mobile,+8550717895881
Metfone-071-7895882,Mobile,+8550717895882
Metfone-071-7895883,Mobile,+8550717895883
Metfone-071-7895884,Mobile,+8550717895884
Metfone-071-7895885,Mobile,+8550717895885
Metfone-071-7895886,Mobile,+8550717895886
Metfone-071-7895887,Mobile,+8550717895887
Metfone-071-7895888,Mobile,+8550717895888
Metfone-071-7895889,Mobile,+8550717895889
Metfone-071-7895890,Mobile,+8550717895890
Metfone-071-7895891,Mobile,+8550717895891
Metfone-071-7895892,Mobile,+8550717895892
Metfone-071-7895893,Mobile,+8550717895893
Metfone-071-7895894,Mobile,+8550717895894
Metfone-071-7895895,Mobile,+8550717895895
Metfone-071-7895896,Mobile,+8550717895896
Metfone-071-7895897,Mobile,+8550717895897
Metfone-071-7895898,Mobile,+8550717895898
Metfone-071-7895899,Mobile,+8550717895899
Metfone-071-7895900,Mobile,+8550717895900
Metfone-071-7895901,Mobile,+8550717895901
Metfone-071-7895902,Mobile,+8550717895902
Metfone-071-7895903,Mobile,+8550717895903
Metfone-071-7895904,Mobile,+8550717895904
Metfone-071-7895905,Mobile,+8550717895905
Metfone-071-7895906,Mobile,+8550717895906
Metfone-071-7895907,Mobile,+8550717895907
Metfone-071-7895908,Mobile,+8550717895908
Metfone-071-7895909,Mobile,+8550717895909
Metfone-071-7895910,Mobile,+8550717895910
Metfone-071-7895911,Mobile,+8550717895911
Metfone-071-7895912,Mobile,+8550717895912
Metfone-071-7895913,Mobile,+8550717895913
Metfone-071-7895914,Mobile,+8550717895914
Metfone-071-7895915,Mobile,+8550717895915
Metfone-071-7895916,Mobile,+8550717895916
Metfone-071-7895917,Mobile,+8550717895917
Metfone-071-7895918,Mobile,+8550717895918
Metfone-071-7895919,Mobile,+8550717895919
Metfone-071-7895920,Mobile,+8550717895920
Metfone-071-7895921,Mobile,+8550717895921
Metfone-071-7895922,Mobile,+8550717895922
Metfone-071-7895923,Mobile,+8550717895923
Metfone-071-7895924,Mobile,+8550717895924
Metfone-071-7895925,Mobile,+8550717895925
Metfone-071-7895926,Mobile,+8550717895926
Metfone-071-7895927,Mobile,+8550717895927
Metfone-071-7895928,Mobile,+8550717895928
Metfone-071-7895929,Mobile,+8550717895929
Metfone-071-7895930,Mobile,+8550717895930
Metfone-071-7895931,Mobile,+8550717895931
Metfone-071-7895932,Mobile,+8550717895932
Metfone-071-7895933,Mobile,+8550717895933
Metfone-071-7895934,Mobile,+8550717895934
Metfone-071-7895935,Mobile,+8550717895935
Metfone-071-7895936,Mobile,+8550717895936
Metfone-071-7895937,Mobile,+8550717895937
Metfone-071-7895938,Mobile,+8550717895938
Metfone-071-7895939,Mobile,+8550717895939
Metfone-071-7895940,Mobile,+8550717895940
Metfone-071-7895941,Mobile,+8550717895941
Metfone-071-7895942,Mobile,+8550717895942
Metfone-071-7895943,Mobile,+8550717895943
Metfone-071-7895944,Mobile,+8550717895944
Metfone-071-7895945,Mobile,+8550717895945
Metfone-071-7895946,Mobile,+8550717895946
Metfone-071-7895947,Mobile,+8550717895947
Metfone-071-7895948,Mobile,+8550717895948
Metfone-071-7895949,Mobile,+8550717895949
Metfone-071-7895950,Mobile,+8550717895950
Metfone-071-7895951,Mobile,+8550717895951
Metfone-071-7895952,Mobile,+8550717895952
Metfone-071-7895953,Mobile,+8550717895953
Metfone-071-7895954,Mobile,+8550717895954
Metfone-071-7895955,Mobile,+8550717895955
Metfone-071-7895956,Mobile,+8550717895956
Metfone-071-7895957,Mobile,+8550717895957
Metfone-071-7895958,Mobile,+8550717895958
Metfone-071-7895959,Mobile,+8550717895959
Metfone-071-7895960,Mobile,+8550717895960
Metfone-071-7895961,Mobile,+8550717895961
Metfone-071-7895962,Mobile,+8550717895962
Metfone-071-7895963,Mobile,+8550717895963
Metfone-071-7895964,Mobile,+8550717895964
Metfone-071-7895965,Mobile,+8550717895965
Metfone-071-7895966,Mobile,+8550717895966
Metfone-071-7895967,Mobile,+8550717895967
Metfone-071-7895968,Mobile,+8550717895968
Metfone-071-7895969,Mobile,+8550717895969
Metfone-071-7895970,Mobile,+8550717895970
Metfone-071-7895971,Mobile,+8550717895971
Metfone-071-7895972,Mobile,+8550717895972
Metfone-071-7895973,Mobile,+8550717895973
Metfone-071-7895974,Mobile,+8550717895974
Metfone-071-7895975,Mobile,+8550717895975
Metfone-071-7895976,Mobile,+8550717895976
Metfone-071-7895977,Mobile,+8550717895977
Metfone-071-7895978,Mobile,+8550717895978
Metfone-071-7895979,Mobile,+8550717895979
Metfone-071-7895980,Mobile,+8550717895980
Metfone-071-7895981,Mobile,+8550717895981
Metfone-071-7895982,Mobile,+8550717895982
Metfone-071-7895983,Mobile,+8550717895983
Metfone-071-7895984,Mobile,+8550717895984
Metfone-071-7895985,Mobile,+8550717895985
Metfone-071-7895986,Mobile,+8550717895986
Metfone-071-7895987,Mobile,+8550717895987
Metfone-071-7895988,Mobile,+8550717895988
Metfone-071-7895989,Mobile,+8550717895989
Metfone-071-7895990,Mobile,+8550717895990
Metfone-071-7895991,Mobile,+8550717895991
Metfone-071-7895992,Mobile,+8550717895992
Metfone-071-7895993,Mobile,+8550717895993
Metfone-071-7895994,Mobile,+8550717895994
Metfone-071-7895995,Mobile,+8550717895995
Metfone-071-7895996,Mobile,+8550717895996
Metfone-071-7895997,Mobile,+8550717895997
Metfone-071-7895998,Mobile,+8550717895998
Metfone-071-7895999,Mobile,+8550717895999
Metfone-071-7896000,Mobile,+8550717896000
Metfone-071-7896001,Mobile,+8550717896001
Metfone-071-7896002,Mobile,+8550717896002
Metfone-071-7896003,Mobile,+8550717896003
Metfone-071-7896004,Mobile,+8550717896004
Metfone-071-7896005,Mobile,+8550717896005
Metfone-071-7896006,Mobile,+8550717896006
Metfone-071-7896007,Mobile,+8550717896007
Metfone-071-7896008,Mobile,+8550717896008
Metfone-071-7896009,Mobile,+8550717896009
Metfone-071-7896010,Mobile,+8550717896010
Metfone-071-7896011,Mobile,+8550717896011
Metfone-071-7896012,Mobile,+8550717896012
Metfone-071-7896013,Mobile,+8550717896013
Metfone-071-7896014,Mobile,+8550717896014
Metfone-071-7896015,Mobile,+8550717896015
Metfone-071-7896016,Mobile,+8550717896016
Metfone-071-7896017,Mobile,+8550717896017
Metfone-071-7896018,Mobile,+8550717896018
Metfone-071-7896019,Mobile,+8550717896019
Metfone-071-7896020,Mobile,+8550717896020
Metfone-071-7896021,Mobile,+8550717896021
Metfone-071-7896022,Mobile,+8550717896022
Metfone-071-7896023,Mobile,+8550717896023
Metfone-071-7896024,Mobile,+8550717896024
Metfone-071-7896025,Mobile,+8550717896025
Metfone-071-7896026,Mobile,+8550717896026
Metfone-071-7896027,Mobile,+8550717896027
Metfone-071-7896028,Mobile,+8550717896028
Metfone-071-7896029,Mobile,+8550717896029
Metfone-071-7896030,Mobile,+8550717896030
Metfone-071-7896031,Mobile,+8550717896031
Metfone-071-7896032,Mobile,+8550717896032
Metfone-071-7896033,Mobile,+8550717896033
Metfone-071-7896034,Mobile,+8550717896034
Metfone-071-7896035,Mobile,+8550717896035
Metfone-071-7896036,Mobile,+8550717896036
Metfone-071-7896037,Mobile,+8550717896037
Metfone-071-7896038,Mobile,+8550717896038
Metfone-071-7896039,Mobile,+8550717896039
Metfone-071-7896040,Mobile,+8550717896040
Metfone-071-7896041,Mobile,+8550717896041
Metfone-071-7896042,Mobile,+8550717896042
Metfone-071-7896043,Mobile,+8550717896043
Metfone-071-7896044,Mobile,+8550717896044
Metfone-071-7896045,Mobile,+8550717896045
Metfone-071-7896046,Mobile,+8550717896046
Metfone-071-7896047,Mobile,+8550717896047
Metfone-071-7896048,Mobile,+8550717896048
Metfone-071-7896049,Mobile,+8550717896049
Metfone-071-7896050,Mobile,+8550717896050
Metfone-071-7896051,Mobile,+8550717896051
Metfone-071-7896052,Mobile,+8550717896052
Metfone-071-7896053,Mobile,+8550717896053
Metfone-071-7896054,Mobile,+8550717896054
Metfone-071-7896055,Mobile,+8550717896055
Metfone-071-7896056,Mobile,+8550717896056
Metfone-071-7896057,Mobile,+8550717896057
Metfone-071-7896058,Mobile,+8550717896058
Metfone-071-7896059,Mobile,+8550717896059
Metfone-071-7896060,Mobile,+8550717896060
Metfone-071-7896061,Mobile,+8550717896061
Metfone-071-7896062,Mobile,+8550717896062
Metfone-071-7896063,Mobile,+8550717896063
Metfone-071-7896064,Mobile,+8550717896064
Metfone-071-7896065,Mobile,+8550717896065
Metfone-071-7896066,Mobile,+8550717896066
Metfone-071-7896067,Mobile,+8550717896067
Metfone-071-7896068,Mobile,+8550717896068
Metfone-071-7896069,Mobile,+8550717896069
Metfone-071-7896070,Mobile,+8550717896070
Metfone-071-7896071,Mobile,+8550717896071
Metfone-071-7896072,Mobile,+8550717896072
Metfone-071-7896073,Mobile,+8550717896073
Metfone-071-7896074,Mobile,+8550717896074
Metfone-071-7896075,Mobile,+8550717896075
Metfone-071-7896076,Mobile,+8550717896076
Metfone-071-7896077,Mobile,+8550717896077
Metfone-071-7896078,Mobile,+8550717896078
Metfone-071-7896079,Mobile,+8550717896079
Metfone-071-7896080,Mobile,+8550717896080
Metfone-071-7896081,Mobile,+8550717896081
Metfone-071-7896082,Mobile,+8550717896082
Metfone-071-7896083,Mobile,+8550717896083
Metfone-071-7896084,Mobile,+8550717896084
Metfone-071-7896085,Mobile,+8550717896085
Metfone-071-7896086,Mobile,+8550717896086
Metfone-071-7896087,Mobile,+8550717896087
Metfone-071-7896088,Mobile,+8550717896088
Metfone-071-7896089,Mobile,+8550717896089
Metfone-071-7896090,Mobile,+8550717896090
Metfone-071-7896091,Mobile,+8550717896091
Metfone-071-7896092,Mobile,+8550717896092
Metfone-071-7896093,Mobile,+8550717896093
Metfone-071-7896094,Mobile,+8550717896094
Metfone-071-7896095,Mobile,+8550717896095
Metfone-071-7896096,Mobile,+8550717896096
Metfone-071-7896097,Mobile,+8550717896097
Metfone-071-7896098,Mobile,+8550717896098
Metfone-071-7896099,Mobile,+8550717896099
Metfone-071-7896100,Mobile,+8550717896100
Metfone-071-7896101,Mobile,+8550717896101
Metfone-071-7896102,Mobile,+8550717896102
Metfone-071-7896103,Mobile,+8550717896103
Metfone-071-7896104,Mobile,+8550717896104
Metfone-071-7896105,Mobile,+8550717896105
Metfone-071-7896106,Mobile,+8550717896106
Metfone-071-7896107,Mobile,+8550717896107
Metfone-071-7896108,Mobile,+8550717896108
Metfone-071-7896109,Mobile,+8550717896109
Metfone-071-7896110,Mobile,+8550717896110
Metfone-071-7896111,Mobile,+8550717896111
Metfone-071-7896112,Mobile,+8550717896112
Metfone-071-7896113,Mobile,+8550717896113
Metfone-071-7896114,Mobile,+8550717896114
Metfone-071-7896115,Mobile,+8550717896115
Metfone-071-7896116,Mobile,+8550717896116
Metfone-071-7896117,Mobile,+8550717896117
Metfone-071-7896118,Mobile,+8550717896118
Metfone-071-7896119,Mobile,+8550717896119
Metfone-071-7896120,Mobile,+8550717896120
Metfone-071-7896121,Mobile,+8550717896121
Metfone-071-7896122,Mobile,+8550717896122
Metfone-071-7896123,Mobile,+8550717896123
Metfone-071-7896124,Mobile,+8550717896124
Metfone-071-7896125,Mobile,+8550717896125
Metfone-071-7896126,Mobile,+8550717896126
Metfone-071-7896127,Mobile,+8550717896127
Metfone-071-7896128,Mobile,+8550717896128
Metfone-071-7896129,Mobile,+8550717896129
Metfone-071-7896130,Mobile,+8550717896130
Metfone-071-7896131,Mobile,+8550717896131
Metfone-071-7896132,Mobile,+8550717896132
Metfone-071-7896133,Mobile,+8550717896133
Metfone-071-7896134,Mobile,+8550717896134
Metfone-071-7896135,Mobile,+8550717896135
Metfone-071-7896136,Mobile,+8550717896136
Metfone-071-7896137,Mobile,+8550717896137
Metfone-071-7896138,Mobile,+8550717896138
Metfone-071-7896139,Mobile,+8550717896139
Metfone-071-7896140,Mobile,+8550717896140
Metfone-071-7896141,Mobile,+8550717896141
Metfone-071-7896142,Mobile,+8550717896142
Metfone-071-7896143,Mobile,+8550717896143
Metfone-071-7896144,Mobile,+8550717896144
Metfone-071-7896145,Mobile,+8550717896145
Metfone-071-7896146,Mobile,+8550717896146
Metfone-071-7896147,Mobile,+8550717896147
Metfone-071-7896148,Mobile,+8550717896148
Metfone-071-7896149,Mobile,+8550717896149
Metfone-071-7896150,Mobile,+8550717896150
Metfone-071-7896151,Mobile,+8550717896151
Metfone-071-7896152,Mobile,+8550717896152
Metfone-071-7896153,Mobile,+8550717896153
Metfone-071-7896154,Mobile,+8550717896154
Metfone-071-7896155,Mobile,+8550717896155
Metfone-071-7896156,Mobile,+8550717896156
Metfone-071-7896157,Mobile,+8550717896157
Metfone-071-7896158,Mobile,+8550717896158
Metfone-071-7896159,Mobile,+8550717896159
Metfone-071-7896160,Mobile,+8550717896160
Metfone-071-7896161,Mobile,+8550717896161
Metfone-071-7896162,Mobile,+8550717896162
Metfone-071-7896163,Mobile,+8550717896163
Metfone-071-7896164,Mobile,+8550717896164
Metfone-071-7896165,Mobile,+8550717896165
Metfone-071-7896166,Mobile,+8550717896166
Metfone-071-7896167,Mobile,+8550717896167
Metfone-071-7896168,Mobile,+8550717896168
Metfone-071-7896169,Mobile,+8550717896169
Metfone-071-7896170,Mobile,+8550717896170
Metfone-071-7896171,Mobile,+8550717896171
Metfone-071-7896172,Mobile,+8550717896172
Metfone-071-7896173,Mobile,+8550717896173
Metfone-071-7896174,Mobile,+8550717896174
Metfone-071-7896175,Mobile,+8550717896175
Metfone-071-7896176,Mobile,+8550717896176
Metfone-071-7896177,Mobile,+8550717896177
Metfone-071-7896178,Mobile,+8550717896178
Metfone-071-7896179,Mobile,+8550717896179
Metfone-071-7896180,Mobile,+8550717896180
Metfone-071-7896181,Mobile,+8550717896181
Metfone-071-7896182,Mobile,+8550717896182
Metfone-071-7896183,Mobile,+8550717896183
Metfone-071-7896184,Mobile,+8550717896184
Metfone-071-7896185,Mobile,+8550717896185
Metfone-071-7896186,Mobile,+8550717896186
Metfone-071-7896187,Mobile,+8550717896187
Metfone-071-7896188,Mobile,+8550717896188
Metfone-071-7896189,Mobile,+8550717896189
Metfone-071-7896190,Mobile,+8550717896190
Metfone-071-7896191,Mobile,+8550717896191
Metfone-071-7896192,Mobile,+8550717896192
Metfone-071-7896193,Mobile,+8550717896193
Metfone-071-7896194,Mobile,+8550717896194
Metfone-071-7896195,Mobile,+8550717896195
Metfone-071-7896196,Mobile,+8550717896196
Metfone-071-7896197,Mobile,+8550717896197
Metfone-071-7896198,Mobile,+8550717896198
Metfone-071-7896199,Mobile,+8550717896199
Metfone-071-7896200,Mobile,+8550717896200
Metfone-071-7896201,Mobile,+8550717896201
Metfone-071-7896202,Mobile,+8550717896202
Metfone-071-7896203,Mobile,+8550717896203
Metfone-071-7896204,Mobile,+8550717896204
Metfone-071-7896205,Mobile,+8550717896205
Metfone-071-7896206,Mobile,+8550717896206
Metfone-071-7896207,Mobile,+8550717896207
Metfone-071-7896208,Mobile,+8550717896208
Metfone-071-7896209,Mobile,+8550717896209
Metfone-071-7896210,Mobile,+8550717896210
Metfone-071-7896211,Mobile,+8550717896211
Metfone-071-7896212,Mobile,+8550717896212
Metfone-071-7896213,Mobile,+8550717896213
Metfone-071-7896214,Mobile,+8550717896214
Metfone-071-7896215,Mobile,+8550717896215
Metfone-071-7896216,Mobile,+8550717896216
Metfone-071-7896217,Mobile,+8550717896217
Metfone-071-7896218,Mobile,+8550717896218
Metfone-071-7896219,Mobile,+8550717896219
Metfone-071-7896220,Mobile,+8550717896220
Metfone-071-7896221,Mobile,+8550717896221
Metfone-071-7896222,Mobile,+8550717896222
Metfone-071-7896223,Mobile,+8550717896223
Metfone-071-7896224,Mobile,+8550717896224
Metfone-071-7896225,Mobile,+8550717896225
Metfone-071-7896226,Mobile,+8550717896226
Metfone-071-7896227,Mobile,+8550717896227
Metfone-071-7896228,Mobile,+8550717896228
Metfone-071-7896229,Mobile,+8550717896229
Metfone-071-7896230,Mobile,+8550717896230
Metfone-071-7896231,Mobile,+8550717896231
Metfone-071-7896232,Mobile,+8550717896232
Metfone-071-7896233,Mobile,+8550717896233
Metfone-071-7896234,Mobile,+8550717896234
Metfone-071-7896235,Mobile,+8550717896235
Metfone-071-7896236,Mobile,+8550717896236
Metfone-071-7896237,Mobile,+8550717896237
Metfone-071-7896238,Mobile,+8550717896238
Metfone-071-7896239,Mobile,+8550717896239
Metfone-071-7896240,Mobile,+8550717896240
Metfone-071-7896241,Mobile,+8550717896241
Metfone-071-7896242,Mobile,+8550717896242
Metfone-071-7896243,Mobile,+8550717896243
Metfone-071-7896244,Mobile,+8550717896244
Metfone-071-7896245,Mobile,+8550717896245
Metfone-071-7896246,Mobile,+8550717896246
Metfone-071-7896247,Mobile,+8550717896247
Metfone-071-7896248,Mobile,+8550717896248
Metfone-071-7896249,Mobile,+8550717896249
Metfone-071-7896250,Mobile,+8550717896250
Metfone-071-7896251,Mobile,+8550717896251
Metfone-071-7896252,Mobile,+8550717896252
Metfone-071-7896253,Mobile,+8550717896253
Metfone-071-7896254,Mobile,+8550717896254
Metfone-071-7896255,Mobile,+8550717896255
Metfone-071-7896256,Mobile,+8550717896256
Metfone-071-7896257,Mobile,+8550717896257
Metfone-071-7896258,Mobile,+8550717896258
Metfone-071-7896259,Mobile,+8550717896259
Metfone-071-7896260,Mobile,+8550717896260
Metfone-071-7896261,Mobile,+8550717896261
Metfone-071-7896262,Mobile,+8550717896262
Metfone-071-7896263,Mobile,+8550717896263
Metfone-071-7896264,Mobile,+8550717896264
Metfone-071-7896265,Mobile,+8550717896265
Metfone-071-7896266,Mobile,+8550717896266
Metfone-071-7896267,Mobile,+8550717896267
Metfone-071-7896268,Mobile,+8550717896268
Metfone-071-7896269,Mobile,+8550717896269
Metfone-071-7896270,Mobile,+8550717896270
Metfone-071-7896271,Mobile,+8550717896271
Metfone-071-7896272,Mobile,+8550717896272
Metfone-071-7896273,Mobile,+8550717896273
Metfone-071-7896274,Mobile,+8550717896274
Metfone-071-7896275,Mobile,+8550717896275
Metfone-071-7896276,Mobile,+8550717896276
Metfone-071-7896277,Mobile,+8550717896277
Metfone-071-7896278,Mobile,+8550717896278
Metfone-071-7896279,Mobile,+8550717896279
Metfone-071-7896280,Mobile,+8550717896280
Metfone-071-7896281,Mobile,+8550717896281
Metfone-071-7896282,Mobile,+8550717896282
Metfone-071-7896283,Mobile,+8550717896283
Metfone-071-7896284,Mobile,+8550717896284
Metfone-071-7896285,Mobile,+8550717896285
Metfone-071-7896286,Mobile,+8550717896286
Metfone-071-7896287,Mobile,+8550717896287
Metfone-071-7896288,Mobile,+8550717896288
Metfone-071-7896289,Mobile,+8550717896289
Metfone-071-7896290,Mobile,+8550717896290
Metfone-071-7896291,Mobile,+8550717896291
Metfone-071-7896292,Mobile,+8550717896292
Metfone-071-7896293,Mobile,+8550717896293
Metfone-071-7896294,Mobile,+8550717896294
Metfone-071-7896295,Mobile,+8550717896295
Metfone-071-7896296,Mobile,+8550717896296
Metfone-071-7896297,Mobile,+8550717896297
Metfone-071-7896298,Mobile,+8550717896298
Metfone-071-7896299,Mobile,+8550717896299
Metfone-071-7896300,Mobile,+8550717896300
Metfone-071-7896301,Mobile,+8550717896301
Metfone-071-7896302,Mobile,+8550717896302
Metfone-071-7896303,Mobile,+8550717896303
Metfone-071-7896304,Mobile,+8550717896304
Metfone-071-7896305,Mobile,+8550717896305
Metfone-071-7896306,Mobile,+8550717896306
Metfone-071-7896307,Mobile,+8550717896307
Metfone-071-7896308,Mobile,+8550717896308
Metfone-071-7896309,Mobile,+8550717896309
Metfone-071-7896310,Mobile,+8550717896310
Metfone-071-7896311,Mobile,+8550717896311
Metfone-071-7896312,Mobile,+8550717896312
Metfone-071-7896313,Mobile,+8550717896313
Metfone-071-7896314,Mobile,+8550717896314
Metfone-071-7896315,Mobile,+8550717896315
Metfone-071-7896316,Mobile,+8550717896316
Metfone-071-7896317,Mobile,+8550717896317
Metfone-071-7896318,Mobile,+8550717896318
Metfone-071-7896319,Mobile,+8550717896319
Metfone-071-7896320,Mobile,+8550717896320
Metfone-071-7896321,Mobile,+8550717896321
Metfone-071-7896322,Mobile,+8550717896322
Metfone-071-7896323,Mobile,+8550717896323
Metfone-071-7896324,Mobile,+8550717896324
Metfone-071-7896325,Mobile,+8550717896325
Metfone-071-7896326,Mobile,+8550717896326
Metfone-071-7896327,Mobile,+8550717896327
Metfone-071-7896328,Mobile,+8550717896328
Metfone-071-7896329,Mobile,+8550717896329
Metfone-071-7896330,Mobile,+8550717896330
Metfone-071-7896331,Mobile,+8550717896331
Metfone-071-7896332,Mobile,+8550717896332
Metfone-071-7896333,Mobile,+8550717896333
Metfone-071-7896334,Mobile,+8550717896334
Metfone-071-7896335,Mobile,+8550717896335
Metfone-071-7896336,Mobile,+8550717896336
Metfone-071-7896337,Mobile,+8550717896337
Metfone-071-7896338,Mobile,+8550717896338
Metfone-071-7896339,Mobile,+8550717896339
Metfone-071-7896340,Mobile,+8550717896340
Metfone-071-7896341,Mobile,+8550717896341
Metfone-071-7896342,Mobile,+8550717896342
Metfone-071-7896343,Mobile,+8550717896343
Metfone-071-7896344,Mobile,+8550717896344
Metfone-071-7896345,Mobile,+8550717896345
Metfone-071-7896346,Mobile,+8550717896346
Metfone-071-7896347,Mobile,+8550717896347
Metfone-071-7896348,Mobile,+8550717896348
Metfone-071-7896349,Mobile,+8550717896349
Metfone-071-7896350,Mobile,+8550717896350
Metfone-071-7896351,Mobile,+8550717896351
Metfone-071-7896352,Mobile,+8550717896352
Metfone-071-7896353,Mobile,+8550717896353
Metfone-071-7896354,Mobile,+8550717896354
Metfone-071-7896355,Mobile,+8550717896355
Metfone-071-7896356,Mobile,+8550717896356
Metfone-071-7896357,Mobile,+8550717896357
Metfone-071-7896358,Mobile,+8550717896358
Metfone-071-7896359,Mobile,+8550717896359
Metfone-071-7896360,Mobile,+8550717896360
Metfone-071-7896361,Mobile,+8550717896361
Metfone-071-7896362,Mobile,+8550717896362
Metfone-071-7896363,Mobile,+8550717896363
Metfone-071-7896364,Mobile,+8550717896364
Metfone-071-7896365,Mobile,+8550717896365
Metfone-071-7896366,Mobile,+8550717896366
Metfone-071-7896367,Mobile,+8550717896367
Metfone-071-7896368,Mobile,+8550717896368
Metfone-071-7896369,Mobile,+8550717896369
Metfone-071-7896370,Mobile,+8550717896370
Metfone-071-7896371,Mobile,+8550717896371
Metfone-071-7896372,Mobile,+8550717896372
Metfone-071-7896373,Mobile,+8550717896373
Metfone-071-7896374,Mobile,+8550717896374
Metfone-071-7896375,Mobile,+8550717896375
Metfone-071-7896376,Mobile,+8550717896376
Metfone-071-7896377,Mobile,+8550717896377
Metfone-071-7896378,Mobile,+8550717896378
Metfone-071-7896379,Mobile,+8550717896379
Metfone-071-7896380,Mobile,+8550717896380
Metfone-071-7896381,Mobile,+8550717896381
Metfone-071-7896382,Mobile,+8550717896382
Metfone-071-7896383,Mobile,+8550717896383
Metfone-071-7896384,Mobile,+8550717896384
Metfone-071-7896385,Mobile,+8550717896385
Metfone-071-7896386,Mobile,+8550717896386
Metfone-071-7896387,Mobile,+8550717896387
Metfone-071-7896388,Mobile,+8550717896388
Metfone-071-7896389,Mobile,+8550717896389
Metfone-071-7896390,Mobile,+8550717896390
Metfone-071-7896391,Mobile,+8550717896391
Metfone-071-7896392,Mobile,+8550717896392
Metfone-071-7896393,Mobile,+8550717896393
Metfone-071-7896394,Mobile,+8550717896394
Metfone-071-7896395,Mobile,+8550717896395
Metfone-071-7896396,Mobile,+8550717896396
Metfone-071-7896397,Mobile,+8550717896397
Metfone-071-7896398,Mobile,+8550717896398
Metfone-071-7896399,Mobile,+8550717896399
Metfone-071-7896400,Mobile,+8550717896400
Metfone-071-7896401,Mobile,+8550717896401
Metfone-071-7896402,Mobile,+8550717896402
Metfone-071-7896403,Mobile,+8550717896403
Metfone-071-7896404,Mobile,+8550717896404
Metfone-071-7896405,Mobile,+8550717896405
Metfone-071-7896406,Mobile,+8550717896406
Metfone-071-7896407,Mobile,+8550717896407
Metfone-071-7896408,Mobile,+8550717896408
Metfone-071-7896409,Mobile,+8550717896409
Metfone-071-7896410,Mobile,+8550717896410
Metfone-071-7896411,Mobile,+8550717896411
Metfone-071-7896412,Mobile,+8550717896412
Metfone-071-7896413,Mobile,+8550717896413
Metfone-071-7896414,Mobile,+8550717896414
Metfone-071-7896415,Mobile,+8550717896415
Metfone-071-7896416,Mobile,+8550717896416
Metfone-071-7896417,Mobile,+8550717896417
Metfone-071-7896418,Mobile,+8550717896418
Metfone-071-7896419,Mobile,+8550717896419
Metfone-071-7896420,Mobile,+8550717896420
Metfone-071-7896421,Mobile,+8550717896421
Metfone-071-7896422,Mobile,+8550717896422
Metfone-071-7896423,Mobile,+8550717896423
Metfone-071-7896424,Mobile,+8550717896424
Metfone-071-7896425,Mobile,+8550717896425
Metfone-071-7896426,Mobile,+8550717896426
Metfone-071-7896427,Mobile,+8550717896427
Metfone-071-7896428,Mobile,+8550717896428
Metfone-071-7896429,Mobile,+8550717896429
Metfone-071-7896430,Mobile,+8550717896430
Metfone-071-7896431,Mobile,+8550717896431
Metfone-071-7896432,Mobile,+8550717896432
Metfone-071-7896433,Mobile,+8550717896433
Metfone-071-7896434,Mobile,+8550717896434
Metfone-071-7896435,Mobile,+8550717896435
Metfone-071-7896436,Mobile,+8550717896436
Metfone-071-7896437,Mobile,+8550717896437
Metfone-071-7896438,Mobile,+8550717896438
Metfone-071-7896439,Mobile,+8550717896439
Metfone-071-7896440,Mobile,+8550717896440
Metfone-071-7896441,Mobile,+8550717896441
Metfone-071-7896442,Mobile,+8550717896442
Metfone-071-7896443,Mobile,+8550717896443
Metfone-071-7896444,Mobile,+8550717896444
Metfone-071-7896445,Mobile,+8550717896445
Metfone-071-7896446,Mobile,+8550717896446
Metfone-071-7896447,Mobile,+8550717896447
Metfone-071-7896448,Mobile,+8550717896448
Metfone-071-7896449,Mobile,+8550717896449
Metfone-071-7896450,Mobile,+8550717896450
Metfone-071-7896451,Mobile,+8550717896451
Metfone-071-7896452,Mobile,+8550717896452
Metfone-071-7896453,Mobile,+8550717896453
Metfone-071-7896454,Mobile,+8550717896454
Metfone-071-7896455,Mobile,+8550717896455
Metfone-071-7896456,Mobile,+8550717896456
Metfone-071-7896457,Mobile,+8550717896457
Metfone-071-7896458,Mobile,+8550717896458
Metfone-071-7896459,Mobile,+8550717896459
Metfone-071-7896460,Mobile,+8550717896460
Metfone-071-7896461,Mobile,+8550717896461
Metfone-071-7896462,Mobile,+8550717896462
Metfone-071-7896463,Mobile,+8550717896463
Metfone-071-7896464,Mobile,+8550717896464
Metfone-071-7896465,Mobile,+8550717896465
Metfone-071-7896466,Mobile,+8550717896466
Metfone-071-7896467,Mobile,+8550717896467
Metfone-071-7896468,Mobile,+8550717896468
Metfone-071-7896469,Mobile,+8550717896469
Metfone-071-7896470,Mobile,+8550717896470
Metfone-071-7896471,Mobile,+8550717896471
Metfone-071-7896472,Mobile,+8550717896472
Metfone-071-7896473,Mobile,+8550717896473
Metfone-071-7896474,Mobile,+8550717896474
Metfone-071-7896475,Mobile,+8550717896475
Metfone-071-7896476,Mobile,+8550717896476
Metfone-071-7896477,Mobile,+8550717896477
Metfone-071-7896478,Mobile,+8550717896478
Metfone-071-7896479,Mobile,+8550717896479
Metfone-071-7896480,Mobile,+8550717896480
Metfone-071-7896481,Mobile,+8550717896481
Metfone-071-7896482,Mobile,+8550717896482
Metfone-071-7896483,Mobile,+8550717896483
Metfone-071-7896484,Mobile,+8550717896484
Metfone-071-7896485,Mobile,+8550717896485
Metfone-071-7896486,Mobile,+8550717896486
Metfone-071-7896487,Mobile,+8550717896487
Metfone-071-7896488,Mobile,+8550717896488
Metfone-071-7896489,Mobile,+8550717896489
Metfone-071-7896490,Mobile,+8550717896490
Metfone-071-7896491,Mobile,+8550717896491
Metfone-071-7896492,Mobile,+8550717896492
Metfone-071-7896493,Mobile,+8550717896493
Metfone-071-7896494,Mobile,+8550717896494
Metfone-071-7896495,Mobile,+8550717896495
Metfone-071-7896496,Mobile,+8550717896496
Metfone-071-7896497,Mobile,+8550717896497
Metfone-071-7896498,Mobile,+8550717896498
Metfone-071-7896499,Mobile,+8550717896499
Metfone-071-7896500,Mobile,+8550717896500
Metfone-071-7896501,Mobile,+8550717896501
Metfone-071-7896502,Mobile,+8550717896502
Metfone-071-7896503,Mobile,+8550717896503
Metfone-071-7896504,Mobile,+8550717896504
Metfone-071-7896505,Mobile,+8550717896505
Metfone-071-7896506,Mobile,+8550717896506
Metfone-071-7896507,Mobile,+8550717896507
Metfone-071-7896508,Mobile,+8550717896508
Metfone-071-7896509,Mobile,+8550717896509
Metfone-071-7896510,Mobile,+8550717896510
Metfone-071-7896511,Mobile,+8550717896511
Metfone-071-7896512,Mobile,+8550717896512
Metfone-071-7896513,Mobile,+8550717896513
Metfone-071-7896514,Mobile,+8550717896514
Metfone-071-7896515,Mobile,+8550717896515
Metfone-071-7896516,Mobile,+8550717896516
Metfone-071-7896517,Mobile,+8550717896517
Metfone-071-7896518,Mobile,+8550717896518
Metfone-071-7896519,Mobile,+8550717896519
Metfone-071-7896520,Mobile,+8550717896520
Metfone-071-7896521,Mobile,+8550717896521
Metfone-071-7896522,Mobile,+8550717896522
Metfone-071-7896523,Mobile,+8550717896523
Metfone-071-7896524,Mobile,+8550717896524
Metfone-071-7896525,Mobile,+8550717896525
Metfone-071-7896526,Mobile,+8550717896526
Metfone-071-7896527,Mobile,+8550717896527
Metfone-071-7896528,Mobile,+8550717896528
Metfone-071-7896529,Mobile,+8550717896529
Metfone-071-7896530,Mobile,+8550717896530
Metfone-071-7896531,Mobile,+8550717896531
Metfone-071-7896532,Mobile,+8550717896532
Metfone-071-7896533,Mobile,+8550717896533
Metfone-071-7896534,Mobile,+8550717896534
Metfone-071-7896535,Mobile,+8550717896535
Metfone-071-7896536,Mobile,+8550717896536
Metfone-071-7896537,Mobile,+8550717896537
Metfone-071-7896538,Mobile,+8550717896538
Metfone-071-7896539,Mobile,+8550717896539
Metfone-071-7896540,Mobile,+8550717896540
Metfone-071-7896541,Mobile,+8550717896541
Metfone-071-7896542,Mobile,+8550717896542
Metfone-071-7896543,Mobile,+8550717896543
Metfone-071-7896544,Mobile,+8550717896544
Metfone-071-7896545,Mobile,+8550717896545
Metfone-071-7896546,Mobile,+8550717896546
Metfone-071-7896547,Mobile,+8550717896547
Metfone-071-7896548,Mobile,+8550717896548
Metfone-071-7896549,Mobile,+8550717896549
Metfone-071-7896550,Mobile,+8550717896550
Metfone-071-7896551,Mobile,+8550717896551
Metfone-071-7896552,Mobile,+8550717896552
Metfone-071-7896553,Mobile,+8550717896553
Metfone-071-7896554,Mobile,+8550717896554
Metfone-071-7896555,Mobile,+8550717896555
Metfone-071-7896556,Mobile,+8550717896556
Metfone-071-7896557,Mobile,+8550717896557
Metfone-071-7896558,Mobile,+8550717896558
Metfone-071-7896559,Mobile,+8550717896559
Metfone-071-7896560,Mobile,+8550717896560
Metfone-071-7896561,Mobile,+8550717896561
Metfone-071-7896562,Mobile,+8550717896562
Metfone-071-7896563,Mobile,+8550717896563
Metfone-071-7896564,Mobile,+8550717896564
Metfone-071-7896565,Mobile,+8550717896565
Metfone-071-7896566,Mobile,+8550717896566
Metfone-071-7896567,Mobile,+8550717896567
Metfone-071-7896568,Mobile,+8550717896568
Metfone-071-7896569,Mobile,+8550717896569
Metfone-071-7896570,Mobile,+8550717896570
Metfone-071-7896571,Mobile,+8550717896571
Metfone-071-7896572,Mobile,+8550717896572
Metfone-071-7896573,Mobile,+8550717896573
Metfone-071-7896574,Mobile,+8550717896574
Metfone-071-7896575,Mobile,+8550717896575
Metfone-071-7896576,Mobile,+8550717896576
Metfone-071-7896577,Mobile,+8550717896577
Metfone-071-7896578,Mobile,+8550717896578
Metfone-071-7896579,Mobile,+8550717896579
Metfone-071-7896580,Mobile,+8550717896580
Metfone-071-7896581,Mobile,+8550717896581
Metfone-071-7896582,Mobile,+8550717896582
Metfone-071-7896583,Mobile,+8550717896583
Metfone-071-7896584,Mobile,+8550717896584
Metfone-071-7896585,Mobile,+8550717896585
Metfone-071-7896586,Mobile,+8550717896586
Metfone-071-7896587,Mobile,+8550717896587
Metfone-071-7896588,Mobile,+8550717896588
Metfone-071-7896589,Mobile,+8550717896589
Metfone-071-7896590,Mobile,+8550717896590
Metfone-071-7896591,Mobile,+8550717896591
Metfone-071-7896592,Mobile,+8550717896592
Metfone-071-7896593,Mobile,+8550717896593
Metfone-071-7896594,Mobile,+8550717896594
Metfone-071-7896595,Mobile,+8550717896595
Metfone-071-7896596,Mobile,+8550717896596
Metfone-071-7896597,Mobile,+8550717896597
Metfone-071-7896598,Mobile,+8550717896598
Metfone-071-7896599,Mobile,+8550717896599
Metfone-071-7896600,Mobile,+8550717896600
Metfone-071-7896601,Mobile,+8550717896601
Metfone-071-7896602,Mobile,+8550717896602
Metfone-071-7896603,Mobile,+8550717896603
Metfone-071-7896604,Mobile,+8550717896604
Metfone-071-7896605,Mobile,+8550717896605
Metfone-071-7896606,Mobile,+8550717896606
Metfone-071-7896607,Mobile,+8550717896607
Metfone-071-7896608,Mobile,+8550717896608
Metfone-071-7896609,Mobile,+8550717896609
Metfone-071-7896610,Mobile,+8550717896610
Metfone-071-7896611,Mobile,+8550717896611
Metfone-071-7896612,Mobile,+8550717896612
Metfone-071-7896613,Mobile,+8550717896613
Metfone-071-7896614,Mobile,+8550717896614
Metfone-071-7896615,Mobile,+8550717896615
Metfone-071-7896616,Mobile,+8550717896616
Metfone-071-7896617,Mobile,+8550717896617
Metfone-071-7896618,Mobile,+8550717896618
Metfone-071-7896619,Mobile,+8550717896619
Metfone-071-7896620,Mobile,+8550717896620
Metfone-071-7896621,Mobile,+8550717896621
Metfone-071-7896622,Mobile,+8550717896622
Metfone-071-7896623,Mobile,+8550717896623
Metfone-071-7896624,Mobile,+8550717896624
Metfone-071-7896625,Mobile,+8550717896625
Metfone-071-7896626,Mobile,+8550717896626
Metfone-071-7896627,Mobile,+8550717896627
Metfone-071-7896628,Mobile,+8550717896628
Metfone-071-7896629,Mobile,+8550717896629
Metfone-071-7896630,Mobile,+8550717896630
Metfone-071-7896631,Mobile,+8550717896631
Metfone-071-7896632,Mobile,+8550717896632
Metfone-071-7896633,Mobile,+8550717896633
Metfone-071-7896634,Mobile,+8550717896634
Metfone-071-7896635,Mobile,+8550717896635
Metfone-071-7896636,Mobile,+8550717896636
Metfone-071-7896637,Mobile,+8550717896637
Metfone-071-7896638,Mobile,+8550717896638
Metfone-071-7896639,Mobile,+8550717896639
Metfone-071-7896640,Mobile,+8550717896640
Metfone-071-7896641,Mobile,+8550717896641
Metfone-071-7896642,Mobile,+8550717896642
Metfone-071-7896643,Mobile,+8550717896643
Metfone-071-7896644,Mobile,+8550717896644
Metfone-071-7896645,Mobile,+8550717896645
Metfone-071-7896646,Mobile,+8550717896646
Metfone-071-7896647,Mobile,+8550717896647
Metfone-071-7896648,Mobile,+8550717896648
Metfone-071-7896649,Mobile,+8550717896649
Metfone-071-7896650,Mobile,+8550717896650
Metfone-071-7896651,Mobile,+8550717896651
Metfone-071-7896652,Mobile,+8550717896652
Metfone-071-7896653,Mobile,+8550717896653
Metfone-071-7896654,Mobile,+8550717896654
Metfone-071-7896655,Mobile,+8550717896655
Metfone-071-7896656,Mobile,+8550717896656
Metfone-071-7896657,Mobile,+8550717896657
Metfone-071-7896658,Mobile,+8550717896658
Metfone-071-7896659,Mobile,+8550717896659
Metfone-071-7896660,Mobile,+8550717896660
Metfone-071-7896661,Mobile,+8550717896661
Metfone-071-7896662,Mobile,+8550717896662
Metfone-071-7896663,Mobile,+8550717896663
Metfone-071-7896664,Mobile,+8550717896664
Metfone-071-7896665,Mobile,+8550717896665
Metfone-071-7896666,Mobile,+8550717896666
Metfone-071-7896667,Mobile,+8550717896667
Metfone-071-7896668,Mobile,+8550717896668
Metfone-071-7896669,Mobile,+8550717896669
Metfone-071-7896670,Mobile,+8550717896670
Metfone-071-7896671,Mobile,+8550717896671
Metfone-071-7896672,Mobile,+8550717896672
Metfone-071-7896673,Mobile,+8550717896673
Metfone-071-7896674,Mobile,+8550717896674
Metfone-071-7896675,Mobile,+8550717896675
Metfone-071-7896676,Mobile,+8550717896676
Metfone-071-7896677,Mobile,+8550717896677
Metfone-071-7896678,Mobile,+8550717896678
Metfone-071-7896679,Mobile,+8550717896679
Metfone-071-7896680,Mobile,+8550717896680
Metfone-071-7896681,Mobile,+8550717896681
Metfone-071-7896682,Mobile,+8550717896682
Metfone-071-7896683,Mobile,+8550717896683
Metfone-071-7896684,Mobile,+8550717896684
Metfone-071-7896685,Mobile,+8550717896685
Metfone-071-7896686,Mobile,+8550717896686
Metfone-071-7896687,Mobile,+8550717896687
Metfone-071-7896688,Mobile,+8550717896688
Metfone-071-7896689,Mobile,+8550717896689
Metfone-071-7896690,Mobile,+8550717896690
Metfone-071-7896691,Mobile,+8550717896691
Metfone-071-7896692,Mobile,+8550717896692
Metfone-071-7896693,Mobile,+8550717896693
Metfone-071-7896694,Mobile,+8550717896694
Metfone-071-7896695,Mobile,+8550717896695
Metfone-071-7896696,Mobile,+8550717896696
Metfone-071-7896697,Mobile,+8550717896697
Metfone-071-7896698,Mobile,+8550717896698
Metfone-071-7896699,Mobile,+8550717896699
Metfone-071-7896700,Mobile,+8550717896700
Metfone-071-7896701,Mobile,+8550717896701
Metfone-071-7896702,Mobile,+8550717896702
Metfone-071-7896703,Mobile,+8550717896703
Metfone-071-7896704,Mobile,+8550717896704
Metfone-071-7896705,Mobile,+8550717896705
Metfone-071-7896706,Mobile,+8550717896706
Metfone-071-7896707,Mobile,+8550717896707
Metfone-071-7896708,Mobile,+8550717896708
Metfone-071-7896709,Mobile,+8550717896709
Metfone-071-7896710,Mobile,+8550717896710
Metfone-071-7896711,Mobile,+8550717896711
Metfone-071-7896712,Mobile,+8550717896712
Metfone-071-7896713,Mobile,+8550717896713
Metfone-071-7896714,Mobile,+8550717896714
Metfone-071-7896715,Mobile,+8550717896715
Metfone-071-7896716,Mobile,+8550717896716
Metfone-071-7896717,Mobile,+8550717896717
Metfone-071-7896718,Mobile,+8550717896718
Metfone-071-7896719,Mobile,+8550717896719
Metfone-071-7896720,Mobile,+8550717896720
Metfone-071-7896721,Mobile,+8550717896721
Metfone-071-7896722,Mobile,+8550717896722
Metfone-071-7896723,Mobile,+8550717896723
Metfone-071-7896724,Mobile,+8550717896724
Metfone-071-7896725,Mobile,+8550717896725
Metfone-071-7896726,Mobile,+8550717896726
Metfone-071-7896727,Mobile,+8550717896727
Metfone-071-7896728,Mobile,+8550717896728
Metfone-071-7896729,Mobile,+8550717896729
Metfone-071-7896730,Mobile,+8550717896730
Metfone-071-7896731,Mobile,+8550717896731
Metfone-071-7896732,Mobile,+8550717896732
Metfone-071-7896733,Mobile,+8550717896733
Metfone-071-7896734,Mobile,+8550717896734
Metfone-071-7896735,Mobile,+8550717896735
Metfone-071-7896736,Mobile,+8550717896736
Metfone-071-7896737,Mobile,+8550717896737
Metfone-071-7896738,Mobile,+8550717896738
Metfone-071-7896739,Mobile,+8550717896739
Metfone-071-7896740,Mobile,+8550717896740
Metfone-071-7896741,Mobile,+8550717896741
Metfone-071-7896742,Mobile,+8550717896742
Metfone-071-7896743,Mobile,+8550717896743
Metfone-071-7896744,Mobile,+8550717896744
Metfone-071-7896745,Mobile,+8550717896745
Metfone-071-7896746,Mobile,+8550717896746
Metfone-071-7896747,Mobile,+8550717896747
Metfone-071-7896748,Mobile,+8550717896748
Metfone-071-7896749,Mobile,+8550717896749
Metfone-071-7896750,Mobile,+8550717896750
Metfone-071-7896751,Mobile,+8550717896751
Metfone-071-7896752,Mobile,+8550717896752
Metfone-071-7896753,Mobile,+8550717896753
Metfone-071-7896754,Mobile,+8550717896754
Metfone-071-7896755,Mobile,+8550717896755
Metfone-071-7896756,Mobile,+8550717896756
Metfone-071-7896757,Mobile,+8550717896757
Metfone-071-7896758,Mobile,+8550717896758
Metfone-071-7896759,Mobile,+8550717896759
Metfone-071-7896760,Mobile,+8550717896760
Metfone-071-7896761,Mobile,+8550717896761
Metfone-071-7896762,Mobile,+8550717896762
Metfone-071-7896763,Mobile,+8550717896763
Metfone-071-7896764,Mobile,+8550717896764
Metfone-071-7896765,Mobile,+8550717896765
Metfone-071-7896766,Mobile,+8550717896766
Metfone-071-7896767,Mobile,+8550717896767
Metfone-071-7896768,Mobile,+8550717896768
Metfone-071-7896769,Mobile,+8550717896769
Metfone-071-7896770,Mobile,+8550717896770
Metfone-071-7896771,Mobile,+8550717896771
Metfone-071-7896772,Mobile,+8550717896772
Metfone-071-7896773,Mobile,+8550717896773
Metfone-071-7896774,Mobile,+8550717896774
Metfone-071-7896775,Mobile,+8550717896775
Metfone-071-7896776,Mobile,+8550717896776
Metfone-071-7896777,Mobile,+8550717896777
Metfone-071-7896778,Mobile,+8550717896778
Metfone-071-7896779,Mobile,+8550717896779
Metfone-071-7896780,Mobile,+8550717896780
Metfone-071-7896781,Mobile,+8550717896781
Metfone-071-7896782,Mobile,+8550717896782
Metfone-071-7896783,Mobile,+8550717896783
Metfone-071-7896784,Mobile,+8550717896784
Metfone-071-7896785,Mobile,+8550717896785
Metfone-071-7896786,Mobile,+8550717896786
Metfone-071-7896787,Mobile,+8550717896787
Metfone-071-7896788,Mobile,+8550717896788
Metfone-071-7896789,Mobile,+8550717896789
Metfone-071-7896790,Mobile,+8550717896790
Metfone-071-7896791,Mobile,+8550717896791
Metfone-071-7896792,Mobile,+8550717896792
Metfone-071-7896793,Mobile,+8550717896793
Metfone-071-7896794,Mobile,+8550717896794
Metfone-071-7896795,Mobile,+8550717896795
Metfone-071-7896796,Mobile,+8550717896796
Metfone-071-7896797,Mobile,+8550717896797
Metfone-071-7896798,Mobile,+8550717896798
Metfone-071-7896799,Mobile,+8550717896799
Metfone-071-7896800,Mobile,+8550717896800
Metfone-071-7896801,Mobile,+8550717896801
Metfone-071-7896802,Mobile,+8550717896802
Metfone-071-7896803,Mobile,+8550717896803
Metfone-071-7896804,Mobile,+8550717896804
Metfone-071-7896805,Mobile,+8550717896805
Metfone-071-7896806,Mobile,+8550717896806
Metfone-071-7896807,Mobile,+8550717896807
Metfone-071-7896808,Mobile,+8550717896808
Metfone-071-7896809,Mobile,+8550717896809
Metfone-071-7896810,Mobile,+8550717896810
Metfone-071-7896811,Mobile,+8550717896811
Metfone-071-7896812,Mobile,+8550717896812
Metfone-071-7896813,Mobile,+8550717896813
Metfone-071-7896814,Mobile,+8550717896814
Metfone-071-7896815,Mobile,+8550717896815
Metfone-071-7896816,Mobile,+8550717896816
Metfone-071-7896817,Mobile,+8550717896817
Metfone-071-7896818,Mobile,+8550717896818
Metfone-071-7896819,Mobile,+8550717896819
Metfone-071-7896820,Mobile,+8550717896820
Metfone-071-7896821,Mobile,+8550717896821
Metfone-071-7896822,Mobile,+8550717896822
Metfone-071-7896823,Mobile,+8550717896823
Metfone-071-7896824,Mobile,+8550717896824
Metfone-071-7896825,Mobile,+8550717896825
Metfone-071-7896826,Mobile,+8550717896826
Metfone-071-7896827,Mobile,+8550717896827
Metfone-071-7896828,Mobile,+8550717896828
Metfone-071-7896829,Mobile,+8550717896829
Metfone-071-7896830,Mobile,+8550717896830
Metfone-071-7896831,Mobile,+8550717896831
Metfone-071-7896832,Mobile,+8550717896832
Metfone-071-7896833,Mobile,+8550717896833
Metfone-071-7896834,Mobile,+8550717896834
Metfone-071-7896835,Mobile,+8550717896835
Metfone-071-7896836,Mobile,+8550717896836
Metfone-071-7896837,Mobile,+8550717896837
Metfone-071-7896838,Mobile,+8550717896838
Metfone-071-7896839,Mobile,+8550717896839
Metfone-071-7896840,Mobile,+8550717896840
Metfone-071-7896841,Mobile,+8550717896841
Metfone-071-7896842,Mobile,+8550717896842
Metfone-071-7896843,Mobile,+8550717896843
Metfone-071-7896844,Mobile,+8550717896844
Metfone-071-7896845,Mobile,+8550717896845
Metfone-071-7896846,Mobile,+8550717896846
Metfone-071-7896847,Mobile,+8550717896847
Metfone-071-7896848,Mobile,+8550717896848
Metfone-071-7896849,Mobile,+8550717896849
Metfone-071-7896850,Mobile,+8550717896850
Metfone-071-7896851,Mobile,+8550717896851
Metfone-071-7896852,Mobile,+8550717896852
Metfone-071-7896853,Mobile,+8550717896853
Metfone-071-7896854,Mobile,+8550717896854
Metfone-071-7896855,Mobile,+8550717896855
Metfone-071-7896856,Mobile,+8550717896856
Metfone-071-7896857,Mobile,+8550717896857
Metfone-071-7896858,Mobile,+8550717896858
Metfone-071-7896859,Mobile,+8550717896859
Metfone-071-7896860,Mobile,+8550717896860
Metfone-071-7896861,Mobile,+8550717896861
Metfone-071-7896862,Mobile,+8550717896862
Metfone-071-7896863,Mobile,+8550717896863
Metfone-071-7896864,Mobile,+8550717896864
Metfone-071-7896865,Mobile,+8550717896865
Metfone-071-7896866,Mobile,+8550717896866
Metfone-071-7896867,Mobile,+8550717896867
Metfone-071-7896868,Mobile,+8550717896868
Metfone-071-7896869,Mobile,+8550717896869
Metfone-071-7896870,Mobile,+8550717896870
Metfone-071-7896871,Mobile,+8550717896871
Metfone-071-7896872,Mobile,+8550717896872
Metfone-071-7896873,Mobile,+8550717896873
Metfone-071-7896874,Mobile,+8550717896874
Metfone-071-7896875,Mobile,+8550717896875
Metfone-071-7896876,Mobile,+8550717896876
Metfone-071-7896877,Mobile,+8550717896877
Metfone-071-7896878,Mobile,+8550717896878
Metfone-071-7896879,Mobile,+8550717896879
Metfone-071-7896880,Mobile,+8550717896880
Metfone-071-7896881,Mobile,+8550717896881
Metfone-071-7896882,Mobile,+8550717896882
Metfone-071-7896883,Mobile,+8550717896883
Metfone-071-7896884,Mobile,+8550717896884
Metfone-071-7896885,Mobile,+8550717896885
Metfone-071-7896886,Mobile,+8550717896886
Metfone-071-7896887,Mobile,+8550717896887
Metfone-071-7896888,Mobile,+8550717896888
Metfone-071-7896889,Mobile,+8550717896889
Metfone-071-7896890,Mobile,+8550717896890
Metfone-071-7896891,Mobile,+8550717896891
Metfone-071-7896892,Mobile,+8550717896892
Metfone-071-7896893,Mobile,+8550717896893
Metfone-071-7896894,Mobile,+8550717896894
Metfone-071-7896895,Mobile,+8550717896895
Metfone-071-7896896,Mobile,+8550717896896
Metfone-071-7896897,Mobile,+8550717896897
Metfone-071-7896898,Mobile,+8550717896898
Metfone-071-7896899,Mobile,+8550717896899
Metfone-071-7896900,Mobile,+8550717896900
Metfone-071-7896901,Mobile,+8550717896901
Metfone-071-7896902,Mobile,+8550717896902
Metfone-071-7896903,Mobile,+8550717896903
Metfone-071-7896904,Mobile,+8550717896904
Metfone-071-7896905,Mobile,+8550717896905
Metfone-071-7896906,Mobile,+8550717896906
Metfone-071-7896907,Mobile,+8550717896907
Metfone-071-7896908,Mobile,+8550717896908
Metfone-071-7896909,Mobile,+8550717896909
Metfone-071-7896910,Mobile,+8550717896910
Metfone-071-7896911,Mobile,+8550717896911
Metfone-071-7896912,Mobile,+8550717896912
Metfone-071-7896913,Mobile,+8550717896913
Metfone-071-7896914,Mobile,+8550717896914
Metfone-071-7896915,Mobile,+8550717896915
Metfone-071-7896916,Mobile,+8550717896916
Metfone-071-7896917,Mobile,+8550717896917
Metfone-071-7896918,Mobile,+8550717896918
Metfone-071-7896919,Mobile,+8550717896919
Metfone-071-7896920,Mobile,+8550717896920
Metfone-071-7896921,Mobile,+8550717896921
Metfone-071-7896922,Mobile,+8550717896922
Metfone-071-7896923,Mobile,+8550717896923
Metfone-071-7896924,Mobile,+8550717896924
Metfone-071-7896925,Mobile,+8550717896925
Metfone-071-7896926,Mobile,+8550717896926
Metfone-071-7896927,Mobile,+8550717896927
Metfone-071-7896928,Mobile,+8550717896928
Metfone-071-7896929,Mobile,+8550717896929
Metfone-071-7896930,Mobile,+8550717896930
Metfone-071-7896931,Mobile,+8550717896931
Metfone-071-7896932,Mobile,+8550717896932
Metfone-071-7896933,Mobile,+8550717896933
Metfone-071-7896934,Mobile,+8550717896934
Metfone-071-7896935,Mobile,+8550717896935
Metfone-071-7896936,Mobile,+8550717896936
Metfone-071-7896937,Mobile,+8550717896937
Metfone-071-7896938,Mobile,+8550717896938
Metfone-071-7896939,Mobile,+8550717896939
Metfone-071-7896940,Mobile,+8550717896940
Metfone-071-7896941,Mobile,+8550717896941
Metfone-071-7896942,Mobile,+8550717896942
Metfone-071-7896943,Mobile,+8550717896943
Metfone-071-7896944,Mobile,+8550717896944
Metfone-071-7896945,Mobile,+8550717896945
Metfone-071-7896946,Mobile,+8550717896946
Metfone-071-7896947,Mobile,+8550717896947
Metfone-071-7896948,Mobile,+8550717896948
Metfone-071-7896949,Mobile,+8550717896949
Metfone-071-7896950,Mobile,+8550717896950
Metfone-071-7896951,Mobile,+8550717896951
Metfone-071-7896952,Mobile,+8550717896952
Metfone-071-7896953,Mobile,+8550717896953
Metfone-071-7896954,Mobile,+8550717896954
Metfone-071-7896955,Mobile,+8550717896955
Metfone-071-7896956,Mobile,+8550717896956
Metfone-071-7896957,Mobile,+8550717896957
Metfone-071-7896958,Mobile,+8550717896958
Metfone-071-7896959,Mobile,+8550717896959
Metfone-071-7896960,Mobile,+8550717896960
Metfone-071-7896961,Mobile,+8550717896961
Metfone-071-7896962,Mobile,+8550717896962
Metfone-071-7896963,Mobile,+8550717896963
Metfone-071-7896964,Mobile,+8550717896964
Metfone-071-7896965,Mobile,+8550717896965
Metfone-071-7896966,Mobile,+8550717896966
Metfone-071-7896967,Mobile,+8550717896967
Metfone-071-7896968,Mobile,+8550717896968
Metfone-071-7896969,Mobile,+8550717896969
Metfone-071-7896970,Mobile,+8550717896970
Metfone-071-7896971,Mobile,+8550717896971
Metfone-071-7896972,Mobile,+8550717896972
Metfone-071-7896973,Mobile,+8550717896973
Metfone-071-7896974,Mobile,+8550717896974
Metfone-071-7896975,Mobile,+8550717896975
Metfone-071-7896976,Mobile,+8550717896976
Metfone-071-7896977,Mobile,+8550717896977
Metfone-071-7896978,Mobile,+8550717896978
Metfone-071-7896979,Mobile,+8550717896979
Metfone-071-7896980,Mobile,+8550717896980
Metfone-071-7896981,Mobile,+8550717896981
Metfone-071-7896982,Mobile,+8550717896982
Metfone-071-7896983,Mobile,+8550717896983
Metfone-071-7896984,Mobile,+8550717896984
Metfone-071-7896985,Mobile,+8550717896985
Metfone-071-7896986,Mobile,+8550717896986
Metfone-071-7896987,Mobile,+8550717896987
Metfone-071-7896988,Mobile,+8550717896988
Metfone-071-7896989,Mobile,+8550717896989
Metfone-071-7896990,Mobile,+8550717896990
Metfone-071-7896991,Mobile,+8550717896991
Metfone-071-7896992,Mobile,+8550717896992
Metfone-071-7896993,Mobile,+8550717896993
Metfone-071-7896994,Mobile,+8550717896994
Metfone-071-7896995,Mobile,+8550717896995
Metfone-071-7896996,Mobile,+8550717896996
Metfone-071-7896997,Mobile,+8550717896997
Metfone-071-7896998,Mobile,+8550717896998
Metfone-071-7896999,Mobile,+8550717896999
Metfone-071-7897000,Mobile,+8550717897000
Metfone-071-7897001,Mobile,+8550717897001
Metfone-071-7897002,Mobile,+8550717897002
Metfone-071-7897003,Mobile,+8550717897003
Metfone-071-7897004,Mobile,+8550717897004
Metfone-071-7897005,Mobile,+8550717897005
Metfone-071-7897006,Mobile,+8550717897006
Metfone-071-7897007,Mobile,+8550717897007
Metfone-071-7897008,Mobile,+8550717897008
Metfone-071-7897009,Mobile,+8550717897009
Metfone-071-7897010,Mobile,+8550717897010
Metfone-071-7897011,Mobile,+8550717897011
Metfone-071-7897012,Mobile,+8550717897012
Metfone-071-7897013,Mobile,+8550717897013
Metfone-071-7897014,Mobile,+8550717897014
Metfone-071-7897015,Mobile,+8550717897015
Metfone-071-7897016,Mobile,+8550717897016
Metfone-071-7897017,Mobile,+8550717897017
Metfone-071-7897018,Mobile,+8550717897018
Metfone-071-7897019,Mobile,+8550717897019
Metfone-071-7897020,Mobile,+8550717897020
Metfone-071-7897021,Mobile,+8550717897021
Metfone-071-7897022,Mobile,+8550717897022
Metfone-071-7897023,Mobile,+8550717897023
Metfone-071-7897024,Mobile,+8550717897024
Metfone-071-7897025,Mobile,+8550717897025
Metfone-071-7897026,Mobile,+8550717897026
Metfone-071-7897027,Mobile,+8550717897027
Metfone-071-7897028,Mobile,+8550717897028
Metfone-071-7897029,Mobile,+8550717897029
Metfone-071-7897030,Mobile,+8550717897030
Metfone-071-7897031,Mobile,+8550717897031
Metfone-071-7897032,Mobile,+8550717897032
Metfone-071-7897033,Mobile,+8550717897033
Metfone-071-7897034,Mobile,+8550717897034
Metfone-071-7897035,Mobile,+8550717897035
Metfone-071-7897036,Mobile,+8550717897036
Metfone-071-7897037,Mobile,+8550717897037
Metfone-071-7897038,Mobile,+8550717897038
Metfone-071-7897039,Mobile,+8550717897039
Metfone-071-7897040,Mobile,+8550717897040
Metfone-071-7897041,Mobile,+8550717897041
Metfone-071-7897042,Mobile,+8550717897042
Metfone-071-7897043,Mobile,+8550717897043
Metfone-071-7897044,Mobile,+8550717897044
Metfone-071-7897045,Mobile,+8550717897045
Metfone-071-7897046,Mobile,+8550717897046
Metfone-071-7897047,Mobile,+8550717897047
Metfone-071-7897048,Mobile,+8550717897048
Metfone-071-7897049,Mobile,+8550717897049
Metfone-071-7897050,Mobile,+8550717897050
Metfone-071-7897051,Mobile,+8550717897051
Metfone-071-7897052,Mobile,+8550717897052
Metfone-071-7897053,Mobile,+8550717897053
Metfone-071-7897054,Mobile,+8550717897054
Metfone-071-7897055,Mobile,+8550717897055
Metfone-071-7897056,Mobile,+8550717897056
Metfone-071-7897057,Mobile,+8550717897057
Metfone-071-7897058,Mobile,+8550717897058
Metfone-071-7897059,Mobile,+8550717897059
Metfone-071-7897060,Mobile,+8550717897060
Metfone-071-7897061,Mobile,+8550717897061
Metfone-071-7897062,Mobile,+8550717897062
Metfone-071-7897063,Mobile,+8550717897063
Metfone-071-7897064,Mobile,+8550717897064
Metfone-071-7897065,Mobile,+8550717897065
Metfone-071-7897066,Mobile,+8550717897066
Metfone-071-7897067,Mobile,+8550717897067
Metfone-071-7897068,Mobile,+8550717897068
Metfone-071-7897069,Mobile,+8550717897069
Metfone-071-7897070,Mobile,+8550717897070
Metfone-071-7897071,Mobile,+8550717897071
Metfone-071-7897072,Mobile,+8550717897072
Metfone-071-7897073,Mobile,+8550717897073
Metfone-071-7897074,Mobile,+8550717897074
Metfone-071-7897075,Mobile,+8550717897075
Metfone-071-7897076,Mobile,+8550717897076
Metfone-071-7897077,Mobile,+8550717897077
Metfone-071-7897078,Mobile,+8550717897078
Metfone-071-7897079,Mobile,+8550717897079
Metfone-071-7897080,Mobile,+8550717897080
Metfone-071-7897081,Mobile,+8550717897081
Metfone-071-7897082,Mobile,+8550717897082
Metfone-071-7897083,Mobile,+8550717897083
Metfone-071-7897084,Mobile,+8550717897084
Metfone-071-7897085,Mobile,+8550717897085
Metfone-071-7897086,Mobile,+8550717897086
Metfone-071-7897087,Mobile,+8550717897087
Metfone-071-7897088,Mobile,+8550717897088
Metfone-071-7897089,Mobile,+8550717897089
Metfone-071-7897090,Mobile,+8550717897090
Metfone-071-7897091,Mobile,+8550717897091
Metfone-071-7897092,Mobile,+8550717897092
Metfone-071-7897093,Mobile,+8550717897093
Metfone-071-7897094,Mobile,+8550717897094
Metfone-071-7897095,Mobile,+8550717897095
Metfone-071-7897096,Mobile,+8550717897096
Metfone-071-7897097,Mobile,+8550717897097
Metfone-071-7897098,Mobile,+8550717897098
Metfone-071-7897099,Mobile,+8550717897099
Metfone-071-7897100,Mobile,+8550717897100
Metfone-071-7897101,Mobile,+8550717897101
Metfone-071-7897102,Mobile,+8550717897102
Metfone-071-7897103,Mobile,+8550717897103
Metfone-071-7897104,Mobile,+8550717897104
Metfone-071-7897105,Mobile,+8550717897105
Metfone-071-7897106,Mobile,+8550717897106
Metfone-071-7897107,Mobile,+8550717897107
Metfone-071-7897108,Mobile,+8550717897108
Metfone-071-7897109,Mobile,+8550717897109
Metfone-071-7897110,Mobile,+8550717897110
Metfone-071-7897111,Mobile,+8550717897111
Metfone-071-7897112,Mobile,+8550717897112
Metfone-071-7897113,Mobile,+8550717897113
Metfone-071-7897114,Mobile,+8550717897114
Metfone-071-7897115,Mobile,+8550717897115
Metfone-071-7897116,Mobile,+8550717897116
Metfone-071-7897117,Mobile,+8550717897117
Metfone-071-7897118,Mobile,+8550717897118
Metfone-071-7897119,Mobile,+8550717897119
Metfone-071-7897120,Mobile,+8550717897120
Metfone-071-7897121,Mobile,+8550717897121
Metfone-071-7897122,Mobile,+8550717897122
Metfone-071-7897123,Mobile,+8550717897123
Metfone-071-7897124,Mobile,+8550717897124
Metfone-071-7897125,Mobile,+8550717897125
Metfone-071-7897126,Mobile,+8550717897126
Metfone-071-7897127,Mobile,+8550717897127
Metfone-071-7897128,Mobile,+8550717897128
Metfone-071-7897129,Mobile,+8550717897129
Metfone-071-7897130,Mobile,+8550717897130
Metfone-071-7897131,Mobile,+8550717897131
Metfone-071-7897132,Mobile,+8550717897132
Metfone-071-7897133,Mobile,+8550717897133
Metfone-071-7897134,Mobile,+8550717897134
Metfone-071-7897135,Mobile,+8550717897135
Metfone-071-7897136,Mobile,+8550717897136
Metfone-071-7897137,Mobile,+8550717897137
Metfone-071-7897138,Mobile,+8550717897138
Metfone-071-7897139,Mobile,+8550717897139
Metfone-071-7897140,Mobile,+8550717897140
Metfone-071-7897141,Mobile,+8550717897141
Metfone-071-7897142,Mobile,+8550717897142
Metfone-071-7897143,Mobile,+8550717897143
Metfone-071-7897144,Mobile,+8550717897144
Metfone-071-7897145,Mobile,+8550717897145
Metfone-071-7897146,Mobile,+8550717897146
Metfone-071-7897147,Mobile,+8550717897147
Metfone-071-7897148,Mobile,+8550717897148
Metfone-071-7897149,Mobile,+8550717897149
Metfone-071-7897150,Mobile,+8550717897150
Metfone-071-7897151,Mobile,+8550717897151
Metfone-071-7897152,Mobile,+8550717897152
Metfone-071-7897153,Mobile,+8550717897153
Metfone-071-7897154,Mobile,+8550717897154
Metfone-071-7897155,Mobile,+8550717897155
Metfone-071-7897156,Mobile,+8550717897156
Metfone-071-7897157,Mobile,+8550717897157
Metfone-071-7897158,Mobile,+8550717897158
Metfone-071-7897159,Mobile,+8550717897159
Metfone-071-7897160,Mobile,+8550717897160
Metfone-071-7897161,Mobile,+8550717897161
Metfone-071-7897162,Mobile,+8550717897162
Metfone-071-7897163,Mobile,+8550717897163
Metfone-071-7897164,Mobile,+8550717897164
Metfone-071-7897165,Mobile,+8550717897165
Metfone-071-7897166,Mobile,+8550717897166
Metfone-071-7897167,Mobile,+8550717897167
Metfone-071-7897168,Mobile,+8550717897168
Metfone-071-7897169,Mobile,+8550717897169
Metfone-071-7897170,Mobile,+8550717897170
Metfone-071-7897171,Mobile,+8550717897171
Metfone-071-7897172,Mobile,+8550717897172
Metfone-071-7897173,Mobile,+8550717897173
Metfone-071-7897174,Mobile,+8550717897174
Metfone-071-7897175,Mobile,+8550717897175
Metfone-071-7897176,Mobile,+8550717897176
Metfone-071-7897177,Mobile,+8550717897177
Metfone-071-7897178,Mobile,+8550717897178
Metfone-071-7897179,Mobile,+8550717897179
Metfone-071-7897180,Mobile,+8550717897180
Metfone-071-7897181,Mobile,+8550717897181
Metfone-071-7897182,Mobile,+8550717897182
Metfone-071-7897183,Mobile,+8550717897183
Metfone-071-7897184,Mobile,+8550717897184
Metfone-071-7897185,Mobile,+8550717897185
Metfone-071-7897186,Mobile,+8550717897186
Metfone-071-7897187,Mobile,+8550717897187
Metfone-071-7897188,Mobile,+8550717897188
Metfone-071-7897189,Mobile,+8550717897189
Metfone-071-7897190,Mobile,+8550717897190
Metfone-071-7897191,Mobile,+8550717897191
Metfone-071-7897192,Mobile,+8550717897192
Metfone-071-7897193,Mobile,+8550717897193
Metfone-071-7897194,Mobile,+8550717897194
Metfone-071-7897195,Mobile,+8550717897195
Metfone-071-7897196,Mobile,+8550717897196
Metfone-071-7897197,Mobile,+8550717897197
Metfone-071-7897198,Mobile,+8550717897198
Metfone-071-7897199,Mobile,+8550717897199
Metfone-071-7897200,Mobile,+8550717897200
Metfone-071-7897201,Mobile,+8550717897201
Metfone-071-7897202,Mobile,+8550717897202
Metfone-071-7897203,Mobile,+8550717897203
Metfone-071-7897204,Mobile,+8550717897204
Metfone-071-7897205,Mobile,+8550717897205
Metfone-071-7897206,Mobile,+8550717897206
Metfone-071-7897207,Mobile,+8550717897207
Metfone-071-7897208,Mobile,+8550717897208
Metfone-071-7897209,Mobile,+8550717897209
Metfone-071-7897210,Mobile,+8550717897210
Metfone-071-7897211,Mobile,+8550717897211
Metfone-071-7897212,Mobile,+8550717897212
Metfone-071-7897213,Mobile,+8550717897213
Metfone-071-7897214,Mobile,+8550717897214
Metfone-071-7897215,Mobile,+8550717897215
Metfone-071-7897216,Mobile,+8550717897216
Metfone-071-7897217,Mobile,+8550717897217
Metfone-071-7897218,Mobile,+8550717897218
Metfone-071-7897219,Mobile,+8550717897219
Metfone-071-7897220,Mobile,+8550717897220
Metfone-071-7897221,Mobile,+8550717897221
Metfone-071-7897222,Mobile,+8550717897222
Metfone-071-7897223,Mobile,+8550717897223
Metfone-071-7897224,Mobile,+8550717897224
Metfone-071-7897225,Mobile,+8550717897225
Metfone-071-7897226,Mobile,+8550717897226
Metfone-071-7897227,Mobile,+8550717897227
Metfone-071-7897228,Mobile,+8550717897228
Metfone-071-7897229,Mobile,+8550717897229
Metfone-071-7897230,Mobile,+8550717897230
Metfone-071-7897231,Mobile,+8550717897231
Metfone-071-7897232,Mobile,+8550717897232
Metfone-071-7897233,Mobile,+8550717897233
Metfone-071-7897234,Mobile,+8550717897234
Metfone-071-7897235,Mobile,+8550717897235
Metfone-071-7897236,Mobile,+8550717897236
Metfone-071-7897237,Mobile,+8550717897237
Metfone-071-7897238,Mobile,+8550717897238
Metfone-071-7897239,Mobile,+8550717897239
Metfone-071-7897240,Mobile,+8550717897240
Metfone-071-7897241,Mobile,+8550717897241
Metfone-071-7897242,Mobile,+8550717897242
Metfone-071-7897243,Mobile,+8550717897243
Metfone-071-7897244,Mobile,+8550717897244
Metfone-071-7897245,Mobile,+8550717897245
Metfone-071-7897246,Mobile,+8550717897246
Metfone-071-7897247,Mobile,+8550717897247
Metfone-071-7897248,Mobile,+8550717897248
Metfone-071-7897249,Mobile,+8550717897249
Metfone-071-7897250,Mobile,+8550717897250
Metfone-071-7897251,Mobile,+8550717897251
Metfone-071-7897252,Mobile,+8550717897252
Metfone-071-7897253,Mobile,+8550717897253
Metfone-071-7897254,Mobile,+8550717897254
Metfone-071-7897255,Mobile,+8550717897255
Metfone-071-7897256,Mobile,+8550717897256
Metfone-071-7897257,Mobile,+8550717897257
Metfone-071-7897258,Mobile,+8550717897258
Metfone-071-7897259,Mobile,+8550717897259
Metfone-071-7897260,Mobile,+8550717897260
Metfone-071-7897261,Mobile,+8550717897261
Metfone-071-7897262,Mobile,+8550717897262
Metfone-071-7897263,Mobile,+8550717897263
Metfone-071-7897264,Mobile,+8550717897264
Metfone-071-7897265,Mobile,+8550717897265
Metfone-071-7897266,Mobile,+8550717897266
Metfone-071-7897267,Mobile,+8550717897267
Metfone-071-7897268,Mobile,+8550717897268
Metfone-071-7897269,Mobile,+8550717897269
Metfone-071-7897270,Mobile,+8550717897270
Metfone-071-7897271,Mobile,+8550717897271
Metfone-071-7897272,Mobile,+8550717897272
Metfone-071-7897273,Mobile,+8550717897273
Metfone-071-7897274,Mobile,+8550717897274
Metfone-071-7897275,Mobile,+8550717897275
Metfone-071-7897276,Mobile,+8550717897276
Metfone-071-7897277,Mobile,+8550717897277
Metfone-071-7897278,Mobile,+8550717897278
Metfone-071-7897279,Mobile,+8550717897279
