Name,Phone 1 - Type,Phone 1 - Value
Smart-069-442550,Mobile,+855069442550
Smart-069-442551,Mobile,+855069442551
Smart-069-442552,Mobile,+855069442552
Smart-069-442553,Mobile,+855069442553
Smart-069-442554,Mobile,+855069442554
Smart-069-442555,Mobile,+855069442555
Smart-069-442556,Mobile,+855069442556
Smart-069-442557,Mobile,+855069442557
Smart-069-442558,Mobile,+855069442558
Smart-069-442559,Mobile,+855069442559
Smart-069-442560,Mobile,+855069442560
Smart-069-442561,Mobile,+855069442561
Smart-069-442562,Mobile,+855069442562
Smart-069-442563,Mobile,+855069442563
Smart-069-442564,Mobile,+855069442564
Smart-069-442565,Mobile,+855069442565
Smart-069-442566,Mobile,+855069442566
Smart-069-442567,Mobile,+855069442567
Smart-069-442568,Mobile,+855069442568
Smart-069-442569,Mobile,+855069442569
Smart-069-442570,Mobile,+855069442570
Smart-069-442571,Mobile,+855069442571
Smart-069-442572,Mobile,+855069442572
Smart-069-442573,Mobile,+855069442573
Smart-069-442574,Mobile,+855069442574
Smart-069-442575,Mobile,+855069442575
Smart-069-442576,Mobile,+855069442576
Smart-069-442577,Mobile,+855069442577
Smart-069-442578,Mobile,+855069442578
Smart-069-442579,Mobile,+855069442579
Smart-069-442580,Mobile,+855069442580
Smart-069-442581,Mobile,+855069442581
Smart-069-442582,Mobile,+855069442582
Smart-069-442583,Mobile,+855069442583
Smart-069-442584,Mobile,+855069442584
Smart-069-442585,Mobile,+855069442585
Smart-069-442586,Mobile,+855069442586
Smart-069-442587,Mobile,+855069442587
Smart-069-442588,Mobile,+855069442588
Smart-069-442589,Mobile,+855069442589
Smart-069-442590,Mobile,+855069442590
Smart-069-442591,Mobile,+855069442591
Smart-069-442592,Mobile,+855069442592
Smart-069-442593,Mobile,+855069442593
Smart-069-442594,Mobile,+855069442594
Smart-069-442595,Mobile,+855069442595
Smart-069-442596,Mobile,+855069442596
Smart-069-442597,Mobile,+855069442597
Smart-069-442598,Mobile,+855069442598
Smart-069-442599,Mobile,+855069442599
Smart-069-442600,Mobile,+855069442600
Smart-069-442601,Mobile,+855069442601
Smart-069-442602,Mobile,+855069442602
Smart-069-442603,Mobile,+855069442603
Smart-069-442604,Mobile,+855069442604
Smart-069-442605,Mobile,+855069442605
Smart-069-442606,Mobile,+855069442606
Smart-069-442607,Mobile,+855069442607
Smart-069-442608,Mobile,+855069442608
Smart-069-442609,Mobile,+855069442609
Smart-069-442610,Mobile,+855069442610
Smart-069-442611,Mobile,+855069442611
Smart-069-442612,Mobile,+855069442612
Smart-069-442613,Mobile,+855069442613
Smart-069-442614,Mobile,+855069442614
Smart-069-442615,Mobile,+855069442615
Smart-069-442616,Mobile,+855069442616
Smart-069-442617,Mobile,+855069442617
Smart-069-442618,Mobile,+855069442618
Smart-069-442619,Mobile,+855069442619
Smart-069-442620,Mobile,+855069442620
Smart-069-442621,Mobile,+855069442621
Smart-069-442622,Mobile,+855069442622
Smart-069-442623,Mobile,+855069442623
Smart-069-442624,Mobile,+855069442624
Smart-069-442625,Mobile,+855069442625
Smart-069-442626,Mobile,+855069442626
Smart-069-442627,Mobile,+855069442627
Smart-069-442628,Mobile,+855069442628
Smart-069-442629,Mobile,+855069442629
Smart-069-442630,Mobile,+855069442630
Smart-069-442631,Mobile,+855069442631
Smart-069-442632,Mobile,+855069442632
Smart-069-442633,Mobile,+855069442633
Smart-069-442634,Mobile,+855069442634
Smart-069-442635,Mobile,+855069442635
Smart-069-442636,Mobile,+855069442636
Smart-069-442637,Mobile,+855069442637
Smart-069-442638,Mobile,+855069442638
Smart-069-442639,Mobile,+855069442639
Smart-069-442640,Mobile,+855069442640
Smart-069-442641,Mobile,+855069442641
Smart-069-442642,Mobile,+855069442642
Smart-069-442643,Mobile,+855069442643
Smart-069-442644,Mobile,+855069442644
Smart-069-442645,Mobile,+855069442645
Smart-069-442646,Mobile,+855069442646
Smart-069-442647,Mobile,+855069442647
Smart-069-442648,Mobile,+855069442648
Smart-069-442649,Mobile,+855069442649
Smart-069-442650,Mobile,+855069442650
Smart-069-442651,Mobile,+855069442651
Smart-069-442652,Mobile,+855069442652
Smart-069-442653,Mobile,+855069442653
Smart-069-442654,Mobile,+855069442654
Smart-069-442655,Mobile,+855069442655
Smart-069-442656,Mobile,+855069442656
Smart-069-442657,Mobile,+855069442657
Smart-069-442658,Mobile,+855069442658
Smart-069-442659,Mobile,+855069442659
Smart-069-442660,Mobile,+855069442660
Smart-069-442661,Mobile,+855069442661
Smart-069-442662,Mobile,+855069442662
Smart-069-442663,Mobile,+855069442663
Smart-069-442664,Mobile,+855069442664
Smart-069-442665,Mobile,+855069442665
Smart-069-442666,Mobile,+855069442666
Smart-069-442667,Mobile,+855069442667
Smart-069-442668,Mobile,+855069442668
Smart-069-442669,Mobile,+855069442669
Smart-069-442670,Mobile,+855069442670
Smart-069-442671,Mobile,+855069442671
Smart-069-442672,Mobile,+855069442672
Smart-069-442673,Mobile,+855069442673
Smart-069-442674,Mobile,+855069442674
Smart-069-442675,Mobile,+855069442675
Smart-069-442676,Mobile,+855069442676
Smart-069-442677,Mobile,+855069442677
Smart-069-442678,Mobile,+855069442678
Smart-069-442679,Mobile,+855069442679
Smart-069-442680,Mobile,+855069442680
Smart-069-442681,Mobile,+855069442681
Smart-069-442682,Mobile,+855069442682
Smart-069-442683,Mobile,+855069442683
Smart-069-442684,Mobile,+855069442684
Smart-069-442685,Mobile,+855069442685
Smart-069-442686,Mobile,+855069442686
Smart-069-442687,Mobile,+855069442687
Smart-069-442688,Mobile,+855069442688
Smart-069-442689,Mobile,+855069442689
Smart-069-442690,Mobile,+855069442690
Smart-069-442691,Mobile,+855069442691
Smart-069-442692,Mobile,+855069442692
Smart-069-442693,Mobile,+855069442693
Smart-069-442694,Mobile,+855069442694
Smart-069-442695,Mobile,+855069442695
Smart-069-442696,Mobile,+855069442696
Smart-069-442697,Mobile,+855069442697
Smart-069-442698,Mobile,+855069442698
Smart-069-442699,Mobile,+855069442699
Smart-069-442700,Mobile,+855069442700
Smart-069-442701,Mobile,+855069442701
Smart-069-442702,Mobile,+855069442702
Smart-069-442703,Mobile,+855069442703
Smart-069-442704,Mobile,+855069442704
Smart-069-442705,Mobile,+855069442705
Smart-069-442706,Mobile,+855069442706
Smart-069-442707,Mobile,+855069442707
Smart-069-442708,Mobile,+855069442708
Smart-069-442709,Mobile,+855069442709
Smart-069-442710,Mobile,+855069442710
Smart-069-442711,Mobile,+855069442711
Smart-069-442712,Mobile,+855069442712
Smart-069-442713,Mobile,+855069442713
Smart-069-442714,Mobile,+855069442714
Smart-069-442715,Mobile,+855069442715
Smart-069-442716,Mobile,+855069442716
Smart-069-442717,Mobile,+855069442717
Smart-069-442718,Mobile,+855069442718
Smart-069-442719,Mobile,+855069442719
Smart-069-442720,Mobile,+855069442720
Smart-069-442721,Mobile,+855069442721
Smart-069-442722,Mobile,+855069442722
Smart-069-442723,Mobile,+855069442723
Smart-069-442724,Mobile,+855069442724
Smart-069-442725,Mobile,+855069442725
Smart-069-442726,Mobile,+855069442726
Smart-069-442727,Mobile,+855069442727
Smart-069-442728,Mobile,+855069442728
Smart-069-442729,Mobile,+855069442729
Smart-069-442730,Mobile,+855069442730
Smart-069-442731,Mobile,+855069442731
Smart-069-442732,Mobile,+855069442732
Smart-069-442733,Mobile,+855069442733
Smart-069-442734,Mobile,+855069442734
Smart-069-442735,Mobile,+855069442735
Smart-069-442736,Mobile,+855069442736
Smart-069-442737,Mobile,+855069442737
Smart-069-442738,Mobile,+855069442738
Smart-069-442739,Mobile,+855069442739
Smart-069-442740,Mobile,+855069442740
Smart-069-442741,Mobile,+855069442741
Smart-069-442742,Mobile,+855069442742
Smart-069-442743,Mobile,+855069442743
Smart-069-442744,Mobile,+855069442744
Smart-069-442745,Mobile,+855069442745
Smart-069-442746,Mobile,+855069442746
Smart-069-442747,Mobile,+855069442747
Smart-069-442748,Mobile,+855069442748
Smart-069-442749,Mobile,+855069442749
Smart-069-442750,Mobile,+855069442750
Smart-069-442751,Mobile,+855069442751
Smart-069-442752,Mobile,+855069442752
Smart-069-442753,Mobile,+855069442753
Smart-069-442754,Mobile,+855069442754
Smart-069-442755,Mobile,+855069442755
Smart-069-442756,Mobile,+855069442756
Smart-069-442757,Mobile,+855069442757
Smart-069-442758,Mobile,+855069442758
Smart-069-442759,Mobile,+855069442759
Smart-069-442760,Mobile,+855069442760
Smart-069-442761,Mobile,+855069442761
Smart-069-442762,Mobile,+855069442762
Smart-069-442763,Mobile,+855069442763
Smart-069-442764,Mobile,+855069442764
Smart-069-442765,Mobile,+855069442765
Smart-069-442766,Mobile,+855069442766
Smart-069-442767,Mobile,+855069442767
Smart-069-442768,Mobile,+855069442768
Smart-069-442769,Mobile,+855069442769
Smart-069-442770,Mobile,+855069442770
Smart-069-442771,Mobile,+855069442771
Smart-069-442772,Mobile,+855069442772
Smart-069-442773,Mobile,+855069442773
Smart-069-442774,Mobile,+855069442774
Smart-069-442775,Mobile,+855069442775
Smart-069-442776,Mobile,+855069442776
Smart-069-442777,Mobile,+855069442777
Smart-069-442778,Mobile,+855069442778
Smart-069-442779,Mobile,+855069442779
Smart-069-442780,Mobile,+855069442780
Smart-069-442781,Mobile,+855069442781
Smart-069-442782,Mobile,+855069442782
Smart-069-442783,Mobile,+855069442783
Smart-069-442784,Mobile,+855069442784
Smart-069-442785,Mobile,+855069442785
Smart-069-442786,Mobile,+855069442786
Smart-069-442787,Mobile,+855069442787
Smart-069-442788,Mobile,+855069442788
Smart-069-442789,Mobile,+855069442789
Smart-069-442790,Mobile,+855069442790
Smart-069-442791,Mobile,+855069442791
Smart-069-442792,Mobile,+855069442792
Smart-069-442793,Mobile,+855069442793
Smart-069-442794,Mobile,+855069442794
Smart-069-442795,Mobile,+855069442795
Smart-069-442796,Mobile,+855069442796
Smart-069-442797,Mobile,+855069442797
Smart-069-442798,Mobile,+855069442798
Smart-069-442799,Mobile,+855069442799
Smart-069-442800,Mobile,+855069442800
Smart-069-442801,Mobile,+855069442801
Smart-069-442802,Mobile,+855069442802
Smart-069-442803,Mobile,+855069442803
Smart-069-442804,Mobile,+855069442804
Smart-069-442805,Mobile,+855069442805
Smart-069-442806,Mobile,+855069442806
Smart-069-442807,Mobile,+855069442807
Smart-069-442808,Mobile,+855069442808
Smart-069-442809,Mobile,+855069442809
Smart-069-442810,Mobile,+855069442810
Smart-069-442811,Mobile,+855069442811
Smart-069-442812,Mobile,+855069442812
Smart-069-442813,Mobile,+855069442813
Smart-069-442814,Mobile,+855069442814
Smart-069-442815,Mobile,+855069442815
Smart-069-442816,Mobile,+855069442816
Smart-069-442817,Mobile,+855069442817
Smart-069-442818,Mobile,+855069442818
Smart-069-442819,Mobile,+855069442819
Smart-069-442820,Mobile,+855069442820
Smart-069-442821,Mobile,+855069442821
Smart-069-442822,Mobile,+855069442822
Smart-069-442823,Mobile,+855069442823
Smart-069-442824,Mobile,+855069442824
Smart-069-442825,Mobile,+855069442825
Smart-069-442826,Mobile,+855069442826
Smart-069-442827,Mobile,+855069442827
Smart-069-442828,Mobile,+855069442828
Smart-069-442829,Mobile,+855069442829
Smart-069-442830,Mobile,+855069442830
Smart-069-442831,Mobile,+855069442831
Smart-069-442832,Mobile,+855069442832
Smart-069-442833,Mobile,+855069442833
Smart-069-442834,Mobile,+855069442834
Smart-069-442835,Mobile,+855069442835
Smart-069-442836,Mobile,+855069442836
Smart-069-442837,Mobile,+855069442837
Smart-069-442838,Mobile,+855069442838
Smart-069-442839,Mobile,+855069442839
Smart-069-442840,Mobile,+855069442840
Smart-069-442841,Mobile,+855069442841
Smart-069-442842,Mobile,+855069442842
Smart-069-442843,Mobile,+855069442843
Smart-069-442844,Mobile,+855069442844
Smart-069-442845,Mobile,+855069442845
Smart-069-442846,Mobile,+855069442846
Smart-069-442847,Mobile,+855069442847
Smart-069-442848,Mobile,+855069442848
Smart-069-442849,Mobile,+855069442849
Smart-069-442850,Mobile,+855069442850
Smart-069-442851,Mobile,+855069442851
Smart-069-442852,Mobile,+855069442852
Smart-069-442853,Mobile,+855069442853
Smart-069-442854,Mobile,+855069442854
Smart-069-442855,Mobile,+855069442855
Smart-069-442856,Mobile,+855069442856
Smart-069-442857,Mobile,+855069442857
Smart-069-442858,Mobile,+855069442858
Smart-069-442859,Mobile,+855069442859
Smart-069-442860,Mobile,+855069442860
Smart-069-442861,Mobile,+855069442861
Smart-069-442862,Mobile,+855069442862
Smart-069-442863,Mobile,+855069442863
Smart-069-442864,Mobile,+855069442864
Smart-069-442865,Mobile,+855069442865
Smart-069-442866,Mobile,+855069442866
Smart-069-442867,Mobile,+855069442867
Smart-069-442868,Mobile,+855069442868
Smart-069-442869,Mobile,+855069442869
Smart-069-442870,Mobile,+855069442870
Smart-069-442871,Mobile,+855069442871
Smart-069-442872,Mobile,+855069442872
Smart-069-442873,Mobile,+855069442873
Smart-069-442874,Mobile,+855069442874
Smart-069-442875,Mobile,+855069442875
Smart-069-442876,Mobile,+855069442876
Smart-069-442877,Mobile,+855069442877
Smart-069-442878,Mobile,+855069442878
Smart-069-442879,Mobile,+855069442879
Smart-069-442880,Mobile,+855069442880
Smart-069-442881,Mobile,+855069442881
Smart-069-442882,Mobile,+855069442882
Smart-069-442883,Mobile,+855069442883
Smart-069-442884,Mobile,+855069442884
Smart-069-442885,Mobile,+855069442885
Smart-069-442886,Mobile,+855069442886
Smart-069-442887,Mobile,+855069442887
Smart-069-442888,Mobile,+855069442888
Smart-069-442889,Mobile,+855069442889
Smart-069-442890,Mobile,+855069442890
Smart-069-442891,Mobile,+855069442891
Smart-069-442892,Mobile,+855069442892
Smart-069-442893,Mobile,+855069442893
Smart-069-442894,Mobile,+855069442894
Smart-069-442895,Mobile,+855069442895
Smart-069-442896,Mobile,+855069442896
Smart-069-442897,Mobile,+855069442897
Smart-069-442898,Mobile,+855069442898
Smart-069-442899,Mobile,+855069442899
Smart-069-442900,Mobile,+855069442900
Smart-069-442901,Mobile,+855069442901
Smart-069-442902,Mobile,+855069442902
Smart-069-442903,Mobile,+855069442903
Smart-069-442904,Mobile,+855069442904
Smart-069-442905,Mobile,+855069442905
Smart-069-442906,Mobile,+855069442906
Smart-069-442907,Mobile,+855069442907
Smart-069-442908,Mobile,+855069442908
Smart-069-442909,Mobile,+855069442909
Smart-069-442910,Mobile,+855069442910
Smart-069-442911,Mobile,+855069442911
Smart-069-442912,Mobile,+855069442912
Smart-069-442913,Mobile,+855069442913
Smart-069-442914,Mobile,+855069442914
Smart-069-442915,Mobile,+855069442915
Smart-069-442916,Mobile,+855069442916
Smart-069-442917,Mobile,+855069442917
Smart-069-442918,Mobile,+855069442918
Smart-069-442919,Mobile,+855069442919
Smart-069-442920,Mobile,+855069442920
Smart-069-442921,Mobile,+855069442921
Smart-069-442922,Mobile,+855069442922
Smart-069-442923,Mobile,+855069442923
Smart-069-442924,Mobile,+855069442924
Smart-069-442925,Mobile,+855069442925
Smart-069-442926,Mobile,+855069442926
Smart-069-442927,Mobile,+855069442927
Smart-069-442928,Mobile,+855069442928
Smart-069-442929,Mobile,+855069442929
Smart-069-442930,Mobile,+855069442930
Smart-069-442931,Mobile,+855069442931
Smart-069-442932,Mobile,+855069442932
Smart-069-442933,Mobile,+855069442933
Smart-069-442934,Mobile,+855069442934
Smart-069-442935,Mobile,+855069442935
Smart-069-442936,Mobile,+855069442936
Smart-069-442937,Mobile,+855069442937
Smart-069-442938,Mobile,+855069442938
Smart-069-442939,Mobile,+855069442939
Smart-069-442940,Mobile,+855069442940
Smart-069-442941,Mobile,+855069442941
Smart-069-442942,Mobile,+855069442942
Smart-069-442943,Mobile,+855069442943
Smart-069-442944,Mobile,+855069442944
Smart-069-442945,Mobile,+855069442945
Smart-069-442946,Mobile,+855069442946
Smart-069-442947,Mobile,+855069442947
Smart-069-442948,Mobile,+855069442948
Smart-069-442949,Mobile,+855069442949
Smart-069-442950,Mobile,+855069442950
Smart-069-442951,Mobile,+855069442951
Smart-069-442952,Mobile,+855069442952
Smart-069-442953,Mobile,+855069442953
Smart-069-442954,Mobile,+855069442954
Smart-069-442955,Mobile,+855069442955
Smart-069-442956,Mobile,+855069442956
Smart-069-442957,Mobile,+855069442957
Smart-069-442958,Mobile,+855069442958
Smart-069-442959,Mobile,+855069442959
Smart-069-442960,Mobile,+855069442960
Smart-069-442961,Mobile,+855069442961
Smart-069-442962,Mobile,+855069442962
Smart-069-442963,Mobile,+855069442963
Smart-069-442964,Mobile,+855069442964
Smart-069-442965,Mobile,+855069442965
Smart-069-442966,Mobile,+855069442966
Smart-069-442967,Mobile,+855069442967
Smart-069-442968,Mobile,+855069442968
Smart-069-442969,Mobile,+855069442969
Smart-069-442970,Mobile,+855069442970
Smart-069-442971,Mobile,+855069442971
Smart-069-442972,Mobile,+855069442972
Smart-069-442973,Mobile,+855069442973
Smart-069-442974,Mobile,+855069442974
Smart-069-442975,Mobile,+855069442975
Smart-069-442976,Mobile,+855069442976
Smart-069-442977,Mobile,+855069442977
Smart-069-442978,Mobile,+855069442978
Smart-069-442979,Mobile,+855069442979
Smart-069-442980,Mobile,+855069442980
Smart-069-442981,Mobile,+855069442981
Smart-069-442982,Mobile,+855069442982
Smart-069-442983,Mobile,+855069442983
Smart-069-442984,Mobile,+855069442984
Smart-069-442985,Mobile,+855069442985
Smart-069-442986,Mobile,+855069442986
Smart-069-442987,Mobile,+855069442987
Smart-069-442988,Mobile,+855069442988
Smart-069-442989,Mobile,+855069442989
Smart-069-442990,Mobile,+855069442990
Smart-069-442991,Mobile,+855069442991
Smart-069-442992,Mobile,+855069442992
Smart-069-442993,Mobile,+855069442993
Smart-069-442994,Mobile,+855069442994
Smart-069-442995,Mobile,+855069442995
Smart-069-442996,Mobile,+855069442996
Smart-069-442997,Mobile,+855069442997
Smart-069-442998,Mobile,+855069442998
Smart-069-442999,Mobile,+855069442999
Smart-069-443000,Mobile,+855069443000
Smart-069-443001,Mobile,+855069443001
Smart-069-443002,Mobile,+855069443002
Smart-069-443003,Mobile,+855069443003
Smart-069-443004,Mobile,+855069443004
Smart-069-443005,Mobile,+855069443005
Smart-069-443006,Mobile,+855069443006
Smart-069-443007,Mobile,+855069443007
Smart-069-443008,Mobile,+855069443008
Smart-069-443009,Mobile,+855069443009
Smart-069-443010,Mobile,+855069443010
Smart-069-443011,Mobile,+855069443011
Smart-069-443012,Mobile,+855069443012
Smart-069-443013,Mobile,+855069443013
Smart-069-443014,Mobile,+855069443014
Smart-069-443015,Mobile,+855069443015
Smart-069-443016,Mobile,+855069443016
Smart-069-443017,Mobile,+855069443017
Smart-069-443018,Mobile,+855069443018
Smart-069-443019,Mobile,+855069443019
Smart-069-443020,Mobile,+855069443020
Smart-069-443021,Mobile,+855069443021
Smart-069-443022,Mobile,+855069443022
Smart-069-443023,Mobile,+855069443023
Smart-069-443024,Mobile,+855069443024
Smart-069-443025,Mobile,+855069443025
Smart-069-443026,Mobile,+855069443026
Smart-069-443027,Mobile,+855069443027
Smart-069-443028,Mobile,+855069443028
Smart-069-443029,Mobile,+855069443029
Smart-069-443030,Mobile,+855069443030
Smart-069-443031,Mobile,+855069443031
Smart-069-443032,Mobile,+855069443032
Smart-069-443033,Mobile,+855069443033
Smart-069-443034,Mobile,+855069443034
Smart-069-443035,Mobile,+855069443035
Smart-069-443036,Mobile,+855069443036
Smart-069-443037,Mobile,+855069443037
Smart-069-443038,Mobile,+855069443038
Smart-069-443039,Mobile,+855069443039
Smart-069-443040,Mobile,+855069443040
Smart-069-443041,Mobile,+855069443041
Smart-069-443042,Mobile,+855069443042
Smart-069-443043,Mobile,+855069443043
Smart-069-443044,Mobile,+855069443044
Smart-069-443045,Mobile,+855069443045
Smart-069-443046,Mobile,+855069443046
Smart-069-443047,Mobile,+855069443047
Smart-069-443048,Mobile,+855069443048
Smart-069-443049,Mobile,+855069443049
Smart-069-443050,Mobile,+855069443050
Smart-069-443051,Mobile,+855069443051
Smart-069-443052,Mobile,+855069443052
Smart-069-443053,Mobile,+855069443053
Smart-069-443054,Mobile,+855069443054
Smart-069-443055,Mobile,+855069443055
Smart-069-443056,Mobile,+855069443056
Smart-069-443057,Mobile,+855069443057
Smart-069-443058,Mobile,+855069443058
Smart-069-443059,Mobile,+855069443059
Smart-069-443060,Mobile,+855069443060
Smart-069-443061,Mobile,+855069443061
Smart-069-443062,Mobile,+855069443062
Smart-069-443063,Mobile,+855069443063
Smart-069-443064,Mobile,+855069443064
Smart-069-443065,Mobile,+855069443065
Smart-069-443066,Mobile,+855069443066
Smart-069-443067,Mobile,+855069443067
Smart-069-443068,Mobile,+855069443068
Smart-069-443069,Mobile,+855069443069
Smart-069-443070,Mobile,+855069443070
Smart-069-443071,Mobile,+855069443071
Smart-069-443072,Mobile,+855069443072
Smart-069-443073,Mobile,+855069443073
Smart-069-443074,Mobile,+855069443074
Smart-069-443075,Mobile,+855069443075
Smart-069-443076,Mobile,+855069443076
Smart-069-443077,Mobile,+855069443077
Smart-069-443078,Mobile,+855069443078
Smart-069-443079,Mobile,+855069443079
Smart-069-443080,Mobile,+855069443080
Smart-069-443081,Mobile,+855069443081
Smart-069-443082,Mobile,+855069443082
Smart-069-443083,Mobile,+855069443083
Smart-069-443084,Mobile,+855069443084
Smart-069-443085,Mobile,+855069443085
Smart-069-443086,Mobile,+855069443086
Smart-069-443087,Mobile,+855069443087
Smart-069-443088,Mobile,+855069443088
Smart-069-443089,Mobile,+855069443089
Smart-069-443090,Mobile,+855069443090
Smart-069-443091,Mobile,+855069443091
Smart-069-443092,Mobile,+855069443092
Smart-069-443093,Mobile,+855069443093
Smart-069-443094,Mobile,+855069443094
Smart-069-443095,Mobile,+855069443095
Smart-069-443096,Mobile,+855069443096
Smart-069-443097,Mobile,+855069443097
Smart-069-443098,Mobile,+855069443098
Smart-069-443099,Mobile,+855069443099
Smart-069-443100,Mobile,+855069443100
Smart-069-443101,Mobile,+855069443101
Smart-069-443102,Mobile,+855069443102
Smart-069-443103,Mobile,+855069443103
Smart-069-443104,Mobile,+855069443104
Smart-069-443105,Mobile,+855069443105
Smart-069-443106,Mobile,+855069443106
Smart-069-443107,Mobile,+855069443107
Smart-069-443108,Mobile,+855069443108
Smart-069-443109,Mobile,+855069443109
Smart-069-443110,Mobile,+855069443110
Smart-069-443111,Mobile,+855069443111
Smart-069-443112,Mobile,+855069443112
Smart-069-443113,Mobile,+855069443113
Smart-069-443114,Mobile,+855069443114
Smart-069-443115,Mobile,+855069443115
Smart-069-443116,Mobile,+855069443116
Smart-069-443117,Mobile,+855069443117
Smart-069-443118,Mobile,+855069443118
Smart-069-443119,Mobile,+855069443119
Smart-069-443120,Mobile,+855069443120
Smart-069-443121,Mobile,+855069443121
Smart-069-443122,Mobile,+855069443122
Smart-069-443123,Mobile,+855069443123
Smart-069-443124,Mobile,+855069443124
Smart-069-443125,Mobile,+855069443125
Smart-069-443126,Mobile,+855069443126
Smart-069-443127,Mobile,+855069443127
Smart-069-443128,Mobile,+855069443128
Smart-069-443129,Mobile,+855069443129
Smart-069-443130,Mobile,+855069443130
Smart-069-443131,Mobile,+855069443131
Smart-069-443132,Mobile,+855069443132
Smart-069-443133,Mobile,+855069443133
Smart-069-443134,Mobile,+855069443134
Smart-069-443135,Mobile,+855069443135
Smart-069-443136,Mobile,+855069443136
Smart-069-443137,Mobile,+855069443137
Smart-069-443138,Mobile,+855069443138
Smart-069-443139,Mobile,+855069443139
Smart-069-443140,Mobile,+855069443140
Smart-069-443141,Mobile,+855069443141
Smart-069-443142,Mobile,+855069443142
Smart-069-443143,Mobile,+855069443143
Smart-069-443144,Mobile,+855069443144
Smart-069-443145,Mobile,+855069443145
Smart-069-443146,Mobile,+855069443146
Smart-069-443147,Mobile,+855069443147
Smart-069-443148,Mobile,+855069443148
Smart-069-443149,Mobile,+855069443149
Smart-069-443150,Mobile,+855069443150
Smart-069-443151,Mobile,+855069443151
Smart-069-443152,Mobile,+855069443152
Smart-069-443153,Mobile,+855069443153
Smart-069-443154,Mobile,+855069443154
Smart-069-443155,Mobile,+855069443155
Smart-069-443156,Mobile,+855069443156
Smart-069-443157,Mobile,+855069443157
Smart-069-443158,Mobile,+855069443158
Smart-069-443159,Mobile,+855069443159
Smart-069-443160,Mobile,+855069443160
Smart-069-443161,Mobile,+855069443161
Smart-069-443162,Mobile,+855069443162
Smart-069-443163,Mobile,+855069443163
Smart-069-443164,Mobile,+855069443164
Smart-069-443165,Mobile,+855069443165
Smart-069-443166,Mobile,+855069443166
Smart-069-443167,Mobile,+855069443167
Smart-069-443168,Mobile,+855069443168
Smart-069-443169,Mobile,+855069443169
Smart-069-443170,Mobile,+855069443170
Smart-069-443171,Mobile,+855069443171
Smart-069-443172,Mobile,+855069443172
Smart-069-443173,Mobile,+855069443173
Smart-069-443174,Mobile,+855069443174
Smart-069-443175,Mobile,+855069443175
Smart-069-443176,Mobile,+855069443176
Smart-069-443177,Mobile,+855069443177
Smart-069-443178,Mobile,+855069443178
Smart-069-443179,Mobile,+855069443179
Smart-069-443180,Mobile,+855069443180
Smart-069-443181,Mobile,+855069443181
Smart-069-443182,Mobile,+855069443182
Smart-069-443183,Mobile,+855069443183
Smart-069-443184,Mobile,+855069443184
Smart-069-443185,Mobile,+855069443185
Smart-069-443186,Mobile,+855069443186
Smart-069-443187,Mobile,+855069443187
Smart-069-443188,Mobile,+855069443188
Smart-069-443189,Mobile,+855069443189
Smart-069-443190,Mobile,+855069443190
Smart-069-443191,Mobile,+855069443191
Smart-069-443192,Mobile,+855069443192
Smart-069-443193,Mobile,+855069443193
Smart-069-443194,Mobile,+855069443194
Smart-069-443195,Mobile,+855069443195
Smart-069-443196,Mobile,+855069443196
Smart-069-443197,Mobile,+855069443197
Smart-069-443198,Mobile,+855069443198
Smart-069-443199,Mobile,+855069443199
Smart-069-443200,Mobile,+855069443200
Smart-069-443201,Mobile,+855069443201
Smart-069-443202,Mobile,+855069443202
Smart-069-443203,Mobile,+855069443203
Smart-069-443204,Mobile,+855069443204
Smart-069-443205,Mobile,+855069443205
Smart-069-443206,Mobile,+855069443206
Smart-069-443207,Mobile,+855069443207
Smart-069-443208,Mobile,+855069443208
Smart-069-443209,Mobile,+855069443209
Smart-069-443210,Mobile,+855069443210
Smart-069-443211,Mobile,+855069443211
Smart-069-443212,Mobile,+855069443212
Smart-069-443213,Mobile,+855069443213
Smart-069-443214,Mobile,+855069443214
Smart-069-443215,Mobile,+855069443215
Smart-069-443216,Mobile,+855069443216
Smart-069-443217,Mobile,+855069443217
Smart-069-443218,Mobile,+855069443218
Smart-069-443219,Mobile,+855069443219
Smart-069-443220,Mobile,+855069443220
Smart-069-443221,Mobile,+855069443221
Smart-069-443222,Mobile,+855069443222
Smart-069-443223,Mobile,+855069443223
Smart-069-443224,Mobile,+855069443224
Smart-069-443225,Mobile,+855069443225
Smart-069-443226,Mobile,+855069443226
Smart-069-443227,Mobile,+855069443227
Smart-069-443228,Mobile,+855069443228
Smart-069-443229,Mobile,+855069443229
Smart-069-443230,Mobile,+855069443230
Smart-069-443231,Mobile,+855069443231
Smart-069-443232,Mobile,+855069443232
Smart-069-443233,Mobile,+855069443233
Smart-069-443234,Mobile,+855069443234
Smart-069-443235,Mobile,+855069443235
Smart-069-443236,Mobile,+855069443236
Smart-069-443237,Mobile,+855069443237
Smart-069-443238,Mobile,+855069443238
Smart-069-443239,Mobile,+855069443239
Smart-069-443240,Mobile,+855069443240
Smart-069-443241,Mobile,+855069443241
Smart-069-443242,Mobile,+855069443242
Smart-069-443243,Mobile,+855069443243
Smart-069-443244,Mobile,+855069443244
Smart-069-443245,Mobile,+855069443245
Smart-069-443246,Mobile,+855069443246
Smart-069-443247,Mobile,+855069443247
Smart-069-443248,Mobile,+855069443248
Smart-069-443249,Mobile,+855069443249
Smart-069-443250,Mobile,+855069443250
Smart-069-443251,Mobile,+855069443251
Smart-069-443252,Mobile,+855069443252
Smart-069-443253,Mobile,+855069443253
Smart-069-443254,Mobile,+855069443254
Smart-069-443255,Mobile,+855069443255
Smart-069-443256,Mobile,+855069443256
Smart-069-443257,Mobile,+855069443257
Smart-069-443258,Mobile,+855069443258
Smart-069-443259,Mobile,+855069443259
Smart-069-443260,Mobile,+855069443260
Smart-069-443261,Mobile,+855069443261
Smart-069-443262,Mobile,+855069443262
Smart-069-443263,Mobile,+855069443263
Smart-069-443264,Mobile,+855069443264
Smart-069-443265,Mobile,+855069443265
Smart-069-443266,Mobile,+855069443266
Smart-069-443267,Mobile,+855069443267
Smart-069-443268,Mobile,+855069443268
Smart-069-443269,Mobile,+855069443269
Smart-069-443270,Mobile,+855069443270
Smart-069-443271,Mobile,+855069443271
Smart-069-443272,Mobile,+855069443272
Smart-069-443273,Mobile,+855069443273
Smart-069-443274,Mobile,+855069443274
Smart-069-443275,Mobile,+855069443275
Smart-069-443276,Mobile,+855069443276
Smart-069-443277,Mobile,+855069443277
Smart-069-443278,Mobile,+855069443278
Smart-069-443279,Mobile,+855069443279
Smart-069-443280,Mobile,+855069443280
Smart-069-443281,Mobile,+855069443281
Smart-069-443282,Mobile,+855069443282
Smart-069-443283,Mobile,+855069443283
Smart-069-443284,Mobile,+855069443284
Smart-069-443285,Mobile,+855069443285
Smart-069-443286,Mobile,+855069443286
Smart-069-443287,Mobile,+855069443287
Smart-069-443288,Mobile,+855069443288
Smart-069-443289,Mobile,+855069443289
Smart-069-443290,Mobile,+855069443290
Smart-069-443291,Mobile,+855069443291
Smart-069-443292,Mobile,+855069443292
Smart-069-443293,Mobile,+855069443293
Smart-069-443294,Mobile,+855069443294
Smart-069-443295,Mobile,+855069443295
Smart-069-443296,Mobile,+855069443296
Smart-069-443297,Mobile,+855069443297
Smart-069-443298,Mobile,+855069443298
Smart-069-443299,Mobile,+855069443299
Smart-069-443300,Mobile,+855069443300
Smart-069-443301,Mobile,+855069443301
Smart-069-443302,Mobile,+855069443302
Smart-069-443303,Mobile,+855069443303
Smart-069-443304,Mobile,+855069443304
Smart-069-443305,Mobile,+855069443305
Smart-069-443306,Mobile,+855069443306
Smart-069-443307,Mobile,+855069443307
Smart-069-443308,Mobile,+855069443308
Smart-069-443309,Mobile,+855069443309
Smart-069-443310,Mobile,+855069443310
Smart-069-443311,Mobile,+855069443311
Smart-069-443312,Mobile,+855069443312
Smart-069-443313,Mobile,+855069443313
Smart-069-443314,Mobile,+855069443314
Smart-069-443315,Mobile,+855069443315
Smart-069-443316,Mobile,+855069443316
Smart-069-443317,Mobile,+855069443317
Smart-069-443318,Mobile,+855069443318
Smart-069-443319,Mobile,+855069443319
Smart-069-443320,Mobile,+855069443320
Smart-069-443321,Mobile,+855069443321
Smart-069-443322,Mobile,+855069443322
Smart-069-443323,Mobile,+855069443323
Smart-069-443324,Mobile,+855069443324
Smart-069-443325,Mobile,+855069443325
Smart-069-443326,Mobile,+855069443326
Smart-069-443327,Mobile,+855069443327
Smart-069-443328,Mobile,+855069443328
Smart-069-443329,Mobile,+855069443329
Smart-069-443330,Mobile,+855069443330
Smart-069-443331,Mobile,+855069443331
Smart-069-443332,Mobile,+855069443332
Smart-069-443333,Mobile,+855069443333
Smart-069-443334,Mobile,+855069443334
Smart-069-443335,Mobile,+855069443335
Smart-069-443336,Mobile,+855069443336
Smart-069-443337,Mobile,+855069443337
Smart-069-443338,Mobile,+855069443338
Smart-069-443339,Mobile,+855069443339
Smart-069-443340,Mobile,+855069443340
Smart-069-443341,Mobile,+855069443341
Smart-069-443342,Mobile,+855069443342
Smart-069-443343,Mobile,+855069443343
Smart-069-443344,Mobile,+855069443344
Smart-069-443345,Mobile,+855069443345
Smart-069-443346,Mobile,+855069443346
Smart-069-443347,Mobile,+855069443347
Smart-069-443348,Mobile,+855069443348
Smart-069-443349,Mobile,+855069443349
Smart-069-443350,Mobile,+855069443350
Smart-069-443351,Mobile,+855069443351
Smart-069-443352,Mobile,+855069443352
Smart-069-443353,Mobile,+855069443353
Smart-069-443354,Mobile,+855069443354
Smart-069-443355,Mobile,+855069443355
Smart-069-443356,Mobile,+855069443356
Smart-069-443357,Mobile,+855069443357
Smart-069-443358,Mobile,+855069443358
Smart-069-443359,Mobile,+855069443359
Smart-069-443360,Mobile,+855069443360
Smart-069-443361,Mobile,+855069443361
Smart-069-443362,Mobile,+855069443362
Smart-069-443363,Mobile,+855069443363
Smart-069-443364,Mobile,+855069443364
Smart-069-443365,Mobile,+855069443365
Smart-069-443366,Mobile,+855069443366
Smart-069-443367,Mobile,+855069443367
Smart-069-443368,Mobile,+855069443368
Smart-069-443369,Mobile,+855069443369
Smart-069-443370,Mobile,+855069443370
Smart-069-443371,Mobile,+855069443371
Smart-069-443372,Mobile,+855069443372
Smart-069-443373,Mobile,+855069443373
Smart-069-443374,Mobile,+855069443374
Smart-069-443375,Mobile,+855069443375
Smart-069-443376,Mobile,+855069443376
Smart-069-443377,Mobile,+855069443377
Smart-069-443378,Mobile,+855069443378
Smart-069-443379,Mobile,+855069443379
Smart-069-443380,Mobile,+855069443380
Smart-069-443381,Mobile,+855069443381
Smart-069-443382,Mobile,+855069443382
Smart-069-443383,Mobile,+855069443383
Smart-069-443384,Mobile,+855069443384
Smart-069-443385,Mobile,+855069443385
Smart-069-443386,Mobile,+855069443386
Smart-069-443387,Mobile,+855069443387
Smart-069-443388,Mobile,+855069443388
Smart-069-443389,Mobile,+855069443389
Smart-069-443390,Mobile,+855069443390
Smart-069-443391,Mobile,+855069443391
Smart-069-443392,Mobile,+855069443392
Smart-069-443393,Mobile,+855069443393
Smart-069-443394,Mobile,+855069443394
Smart-069-443395,Mobile,+855069443395
Smart-069-443396,Mobile,+855069443396
Smart-069-443397,Mobile,+855069443397
Smart-069-443398,Mobile,+855069443398
Smart-069-443399,Mobile,+855069443399
Smart-069-443400,Mobile,+855069443400
Smart-069-443401,Mobile,+855069443401
Smart-069-443402,Mobile,+855069443402
Smart-069-443403,Mobile,+855069443403
Smart-069-443404,Mobile,+855069443404
Smart-069-443405,Mobile,+855069443405
Smart-069-443406,Mobile,+855069443406
Smart-069-443407,Mobile,+855069443407
Smart-069-443408,Mobile,+855069443408
Smart-069-443409,Mobile,+855069443409
Smart-069-443410,Mobile,+855069443410
Smart-069-443411,Mobile,+855069443411
Smart-069-443412,Mobile,+855069443412
Smart-069-443413,Mobile,+855069443413
Smart-069-443414,Mobile,+855069443414
Smart-069-443415,Mobile,+855069443415
Smart-069-443416,Mobile,+855069443416
Smart-069-443417,Mobile,+855069443417
Smart-069-443418,Mobile,+855069443418
Smart-069-443419,Mobile,+855069443419
Smart-069-443420,Mobile,+855069443420
Smart-069-443421,Mobile,+855069443421
Smart-069-443422,Mobile,+855069443422
Smart-069-443423,Mobile,+855069443423
Smart-069-443424,Mobile,+855069443424
Smart-069-443425,Mobile,+855069443425
Smart-069-443426,Mobile,+855069443426
Smart-069-443427,Mobile,+855069443427
Smart-069-443428,Mobile,+855069443428
Smart-069-443429,Mobile,+855069443429
Smart-069-443430,Mobile,+855069443430
Smart-069-443431,Mobile,+855069443431
Smart-069-443432,Mobile,+855069443432
Smart-069-443433,Mobile,+855069443433
Smart-069-443434,Mobile,+855069443434
Smart-069-443435,Mobile,+855069443435
Smart-069-443436,Mobile,+855069443436
Smart-069-443437,Mobile,+855069443437
Smart-069-443438,Mobile,+855069443438
Smart-069-443439,Mobile,+855069443439
Smart-069-443440,Mobile,+855069443440
Smart-069-443441,Mobile,+855069443441
Smart-069-443442,Mobile,+855069443442
Smart-069-443443,Mobile,+855069443443
Smart-069-443444,Mobile,+855069443444
Smart-069-443445,Mobile,+855069443445
Smart-069-443446,Mobile,+855069443446
Smart-069-443447,Mobile,+855069443447
Smart-069-443448,Mobile,+855069443448
Smart-069-443449,Mobile,+855069443449
Smart-069-443450,Mobile,+855069443450
Smart-069-443451,Mobile,+855069443451
Smart-069-443452,Mobile,+855069443452
Smart-069-443453,Mobile,+855069443453
Smart-069-443454,Mobile,+855069443454
Smart-069-443455,Mobile,+855069443455
Smart-069-443456,Mobile,+855069443456
Smart-069-443457,Mobile,+855069443457
Smart-069-443458,Mobile,+855069443458
Smart-069-443459,Mobile,+855069443459
Smart-069-443460,Mobile,+855069443460
Smart-069-443461,Mobile,+855069443461
Smart-069-443462,Mobile,+855069443462
Smart-069-443463,Mobile,+855069443463
Smart-069-443464,Mobile,+855069443464
Smart-069-443465,Mobile,+855069443465
Smart-069-443466,Mobile,+855069443466
Smart-069-443467,Mobile,+855069443467
Smart-069-443468,Mobile,+855069443468
Smart-069-443469,Mobile,+855069443469
Smart-069-443470,Mobile,+855069443470
Smart-069-443471,Mobile,+855069443471
Smart-069-443472,Mobile,+855069443472
Smart-069-443473,Mobile,+855069443473
Smart-069-443474,Mobile,+855069443474
Smart-069-443475,Mobile,+855069443475
Smart-069-443476,Mobile,+855069443476
Smart-069-443477,Mobile,+855069443477
Smart-069-443478,Mobile,+855069443478
Smart-069-443479,Mobile,+855069443479
Smart-069-443480,Mobile,+855069443480
Smart-069-443481,Mobile,+855069443481
Smart-069-443482,Mobile,+855069443482
Smart-069-443483,Mobile,+855069443483
Smart-069-443484,Mobile,+855069443484
Smart-069-443485,Mobile,+855069443485
Smart-069-443486,Mobile,+855069443486
Smart-069-443487,Mobile,+855069443487
Smart-069-443488,Mobile,+855069443488
Smart-069-443489,Mobile,+855069443489
Smart-069-443490,Mobile,+855069443490
Smart-069-443491,Mobile,+855069443491
Smart-069-443492,Mobile,+855069443492
Smart-069-443493,Mobile,+855069443493
Smart-069-443494,Mobile,+855069443494
Smart-069-443495,Mobile,+855069443495
Smart-069-443496,Mobile,+855069443496
Smart-069-443497,Mobile,+855069443497
Smart-069-443498,Mobile,+855069443498
Smart-069-443499,Mobile,+855069443499
Smart-069-443500,Mobile,+855069443500
Smart-069-443501,Mobile,+855069443501
Smart-069-443502,Mobile,+855069443502
Smart-069-443503,Mobile,+855069443503
Smart-069-443504,Mobile,+855069443504
Smart-069-443505,Mobile,+855069443505
Smart-069-443506,Mobile,+855069443506
Smart-069-443507,Mobile,+855069443507
Smart-069-443508,Mobile,+855069443508
Smart-069-443509,Mobile,+855069443509
Smart-069-443510,Mobile,+855069443510
Smart-069-443511,Mobile,+855069443511
Smart-069-443512,Mobile,+855069443512
Smart-069-443513,Mobile,+855069443513
Smart-069-443514,Mobile,+855069443514
Smart-069-443515,Mobile,+855069443515
Smart-069-443516,Mobile,+855069443516
Smart-069-443517,Mobile,+855069443517
Smart-069-443518,Mobile,+855069443518
Smart-069-443519,Mobile,+855069443519
Smart-069-443520,Mobile,+855069443520
Smart-069-443521,Mobile,+855069443521
Smart-069-443522,Mobile,+855069443522
Smart-069-443523,Mobile,+855069443523
Smart-069-443524,Mobile,+855069443524
Smart-069-443525,Mobile,+855069443525
Smart-069-443526,Mobile,+855069443526
Smart-069-443527,Mobile,+855069443527
Smart-069-443528,Mobile,+855069443528
Smart-069-443529,Mobile,+855069443529
Smart-069-443530,Mobile,+855069443530
Smart-069-443531,Mobile,+855069443531
Smart-069-443532,Mobile,+855069443532
Smart-069-443533,Mobile,+855069443533
Smart-069-443534,Mobile,+855069443534
Smart-069-443535,Mobile,+855069443535
Smart-069-443536,Mobile,+855069443536
Smart-069-443537,Mobile,+855069443537
Smart-069-443538,Mobile,+855069443538
Smart-069-443539,Mobile,+855069443539
Smart-069-443540,Mobile,+855069443540
Smart-069-443541,Mobile,+855069443541
Smart-069-443542,Mobile,+855069443542
Smart-069-443543,Mobile,+855069443543
Smart-069-443544,Mobile,+855069443544
Smart-069-443545,Mobile,+855069443545
Smart-069-443546,Mobile,+855069443546
Smart-069-443547,Mobile,+855069443547
Smart-069-443548,Mobile,+855069443548
Smart-069-443549,Mobile,+855069443549
Smart-069-443550,Mobile,+855069443550
Smart-069-443551,Mobile,+855069443551
Smart-069-443552,Mobile,+855069443552
Smart-069-443553,Mobile,+855069443553
Smart-069-443554,Mobile,+855069443554
Smart-069-443555,Mobile,+855069443555
Smart-069-443556,Mobile,+855069443556
Smart-069-443557,Mobile,+855069443557
Smart-069-443558,Mobile,+855069443558
Smart-069-443559,Mobile,+855069443559
Smart-069-443560,Mobile,+855069443560
Smart-069-443561,Mobile,+855069443561
Smart-069-443562,Mobile,+855069443562
Smart-069-443563,Mobile,+855069443563
Smart-069-443564,Mobile,+855069443564
Smart-069-443565,Mobile,+855069443565
Smart-069-443566,Mobile,+855069443566
Smart-069-443567,Mobile,+855069443567
Smart-069-443568,Mobile,+855069443568
Smart-069-443569,Mobile,+855069443569
Smart-069-443570,Mobile,+855069443570
Smart-069-443571,Mobile,+855069443571
Smart-069-443572,Mobile,+855069443572
Smart-069-443573,Mobile,+855069443573
Smart-069-443574,Mobile,+855069443574
Smart-069-443575,Mobile,+855069443575
Smart-069-443576,Mobile,+855069443576
Smart-069-443577,Mobile,+855069443577
Smart-069-443578,Mobile,+855069443578
Smart-069-443579,Mobile,+855069443579
Smart-069-443580,Mobile,+855069443580
Smart-069-443581,Mobile,+855069443581
Smart-069-443582,Mobile,+855069443582
Smart-069-443583,Mobile,+855069443583
Smart-069-443584,Mobile,+855069443584
Smart-069-443585,Mobile,+855069443585
Smart-069-443586,Mobile,+855069443586
Smart-069-443587,Mobile,+855069443587
Smart-069-443588,Mobile,+855069443588
Smart-069-443589,Mobile,+855069443589
Smart-069-443590,Mobile,+855069443590
Smart-069-443591,Mobile,+855069443591
Smart-069-443592,Mobile,+855069443592
Smart-069-443593,Mobile,+855069443593
Smart-069-443594,Mobile,+855069443594
Smart-069-443595,Mobile,+855069443595
Smart-069-443596,Mobile,+855069443596
Smart-069-443597,Mobile,+855069443597
Smart-069-443598,Mobile,+855069443598
Smart-069-443599,Mobile,+855069443599
Smart-069-443600,Mobile,+855069443600
Smart-069-443601,Mobile,+855069443601
Smart-069-443602,Mobile,+855069443602
Smart-069-443603,Mobile,+855069443603
Smart-069-443604,Mobile,+855069443604
Smart-069-443605,Mobile,+855069443605
Smart-069-443606,Mobile,+855069443606
Smart-069-443607,Mobile,+855069443607
Smart-069-443608,Mobile,+855069443608
Smart-069-443609,Mobile,+855069443609
Smart-069-443610,Mobile,+855069443610
Smart-069-443611,Mobile,+855069443611
Smart-069-443612,Mobile,+855069443612
Smart-069-443613,Mobile,+855069443613
Smart-069-443614,Mobile,+855069443614
Smart-069-443615,Mobile,+855069443615
Smart-069-443616,Mobile,+855069443616
Smart-069-443617,Mobile,+855069443617
Smart-069-443618,Mobile,+855069443618
Smart-069-443619,Mobile,+855069443619
Smart-069-443620,Mobile,+855069443620
Smart-069-443621,Mobile,+855069443621
Smart-069-443622,Mobile,+855069443622
Smart-069-443623,Mobile,+855069443623
Smart-069-443624,Mobile,+855069443624
Smart-069-443625,Mobile,+855069443625
Smart-069-443626,Mobile,+855069443626
Smart-069-443627,Mobile,+855069443627
Smart-069-443628,Mobile,+855069443628
Smart-069-443629,Mobile,+855069443629
Smart-069-443630,Mobile,+855069443630
Smart-069-443631,Mobile,+855069443631
Smart-069-443632,Mobile,+855069443632
Smart-069-443633,Mobile,+855069443633
Smart-069-443634,Mobile,+855069443634
Smart-069-443635,Mobile,+855069443635
Smart-069-443636,Mobile,+855069443636
Smart-069-443637,Mobile,+855069443637
Smart-069-443638,Mobile,+855069443638
Smart-069-443639,Mobile,+855069443639
Smart-069-443640,Mobile,+855069443640
Smart-069-443641,Mobile,+855069443641
Smart-069-443642,Mobile,+855069443642
Smart-069-443643,Mobile,+855069443643
Smart-069-443644,Mobile,+855069443644
Smart-069-443645,Mobile,+855069443645
Smart-069-443646,Mobile,+855069443646
Smart-069-443647,Mobile,+855069443647
Smart-069-443648,Mobile,+855069443648
Smart-069-443649,Mobile,+855069443649
Smart-069-443650,Mobile,+855069443650
Smart-069-443651,Mobile,+855069443651
Smart-069-443652,Mobile,+855069443652
Smart-069-443653,Mobile,+855069443653
Smart-069-443654,Mobile,+855069443654
Smart-069-443655,Mobile,+855069443655
Smart-069-443656,Mobile,+855069443656
Smart-069-443657,Mobile,+855069443657
Smart-069-443658,Mobile,+855069443658
Smart-069-443659,Mobile,+855069443659
Smart-069-443660,Mobile,+855069443660
Smart-069-443661,Mobile,+855069443661
Smart-069-443662,Mobile,+855069443662
Smart-069-443663,Mobile,+855069443663
Smart-069-443664,Mobile,+855069443664
Smart-069-443665,Mobile,+855069443665
Smart-069-443666,Mobile,+855069443666
Smart-069-443667,Mobile,+855069443667
Smart-069-443668,Mobile,+855069443668
Smart-069-443669,Mobile,+855069443669
Smart-069-443670,Mobile,+855069443670
Smart-069-443671,Mobile,+855069443671
Smart-069-443672,Mobile,+855069443672
Smart-069-443673,Mobile,+855069443673
Smart-069-443674,Mobile,+855069443674
Smart-069-443675,Mobile,+855069443675
Smart-069-443676,Mobile,+855069443676
Smart-069-443677,Mobile,+855069443677
Smart-069-443678,Mobile,+855069443678
Smart-069-443679,Mobile,+855069443679
Smart-069-443680,Mobile,+855069443680
Smart-069-443681,Mobile,+855069443681
Smart-069-443682,Mobile,+855069443682
Smart-069-443683,Mobile,+855069443683
Smart-069-443684,Mobile,+855069443684
Smart-069-443685,Mobile,+855069443685
Smart-069-443686,Mobile,+855069443686
Smart-069-443687,Mobile,+855069443687
Smart-069-443688,Mobile,+855069443688
Smart-069-443689,Mobile,+855069443689
Smart-069-443690,Mobile,+855069443690
Smart-069-443691,Mobile,+855069443691
Smart-069-443692,Mobile,+855069443692
Smart-069-443693,Mobile,+855069443693
Smart-069-443694,Mobile,+855069443694
Smart-069-443695,Mobile,+855069443695
Smart-069-443696,Mobile,+855069443696
Smart-069-443697,Mobile,+855069443697
Smart-069-443698,Mobile,+855069443698
Smart-069-443699,Mobile,+855069443699
Smart-069-443700,Mobile,+855069443700
Smart-069-443701,Mobile,+855069443701
Smart-069-443702,Mobile,+855069443702
Smart-069-443703,Mobile,+855069443703
Smart-069-443704,Mobile,+855069443704
Smart-069-443705,Mobile,+855069443705
Smart-069-443706,Mobile,+855069443706
Smart-069-443707,Mobile,+855069443707
Smart-069-443708,Mobile,+855069443708
Smart-069-443709,Mobile,+855069443709
Smart-069-443710,Mobile,+855069443710
Smart-069-443711,Mobile,+855069443711
Smart-069-443712,Mobile,+855069443712
Smart-069-443713,Mobile,+855069443713
Smart-069-443714,Mobile,+855069443714
Smart-069-443715,Mobile,+855069443715
Smart-069-443716,Mobile,+855069443716
Smart-069-443717,Mobile,+855069443717
Smart-069-443718,Mobile,+855069443718
Smart-069-443719,Mobile,+855069443719
Smart-069-443720,Mobile,+855069443720
Smart-069-443721,Mobile,+855069443721
Smart-069-443722,Mobile,+855069443722
Smart-069-443723,Mobile,+855069443723
Smart-069-443724,Mobile,+855069443724
Smart-069-443725,Mobile,+855069443725
Smart-069-443726,Mobile,+855069443726
Smart-069-443727,Mobile,+855069443727
Smart-069-443728,Mobile,+855069443728
Smart-069-443729,Mobile,+855069443729
Smart-069-443730,Mobile,+855069443730
Smart-069-443731,Mobile,+855069443731
Smart-069-443732,Mobile,+855069443732
Smart-069-443733,Mobile,+855069443733
Smart-069-443734,Mobile,+855069443734
Smart-069-443735,Mobile,+855069443735
Smart-069-443736,Mobile,+855069443736
Smart-069-443737,Mobile,+855069443737
Smart-069-443738,Mobile,+855069443738
Smart-069-443739,Mobile,+855069443739
Smart-069-443740,Mobile,+855069443740
Smart-069-443741,Mobile,+855069443741
Smart-069-443742,Mobile,+855069443742
Smart-069-443743,Mobile,+855069443743
Smart-069-443744,Mobile,+855069443744
Smart-069-443745,Mobile,+855069443745
Smart-069-443746,Mobile,+855069443746
Smart-069-443747,Mobile,+855069443747
Smart-069-443748,Mobile,+855069443748
Smart-069-443749,Mobile,+855069443749
Smart-069-443750,Mobile,+855069443750
Smart-069-443751,Mobile,+855069443751
Smart-069-443752,Mobile,+855069443752
Smart-069-443753,Mobile,+855069443753
Smart-069-443754,Mobile,+855069443754
Smart-069-443755,Mobile,+855069443755
Smart-069-443756,Mobile,+855069443756
Smart-069-443757,Mobile,+855069443757
Smart-069-443758,Mobile,+855069443758
Smart-069-443759,Mobile,+855069443759
Smart-069-443760,Mobile,+855069443760
Smart-069-443761,Mobile,+855069443761
Smart-069-443762,Mobile,+855069443762
Smart-069-443763,Mobile,+855069443763
Smart-069-443764,Mobile,+855069443764
Smart-069-443765,Mobile,+855069443765
Smart-069-443766,Mobile,+855069443766
Smart-069-443767,Mobile,+855069443767
Smart-069-443768,Mobile,+855069443768
Smart-069-443769,Mobile,+855069443769
Smart-069-443770,Mobile,+855069443770
Smart-069-443771,Mobile,+855069443771
Smart-069-443772,Mobile,+855069443772
Smart-069-443773,Mobile,+855069443773
Smart-069-443774,Mobile,+855069443774
Smart-069-443775,Mobile,+855069443775
Smart-069-443776,Mobile,+855069443776
Smart-069-443777,Mobile,+855069443777
Smart-069-443778,Mobile,+855069443778
Smart-069-443779,Mobile,+855069443779
Smart-069-443780,Mobile,+855069443780
Smart-069-443781,Mobile,+855069443781
Smart-069-443782,Mobile,+855069443782
Smart-069-443783,Mobile,+855069443783
Smart-069-443784,Mobile,+855069443784
Smart-069-443785,Mobile,+855069443785
Smart-069-443786,Mobile,+855069443786
Smart-069-443787,Mobile,+855069443787
Smart-069-443788,Mobile,+855069443788
Smart-069-443789,Mobile,+855069443789
Smart-069-443790,Mobile,+855069443790
Smart-069-443791,Mobile,+855069443791
Smart-069-443792,Mobile,+855069443792
Smart-069-443793,Mobile,+855069443793
Smart-069-443794,Mobile,+855069443794
Smart-069-443795,Mobile,+855069443795
Smart-069-443796,Mobile,+855069443796
Smart-069-443797,Mobile,+855069443797
Smart-069-443798,Mobile,+855069443798
Smart-069-443799,Mobile,+855069443799
Smart-069-443800,Mobile,+855069443800
Smart-069-443801,Mobile,+855069443801
Smart-069-443802,Mobile,+855069443802
Smart-069-443803,Mobile,+855069443803
Smart-069-443804,Mobile,+855069443804
Smart-069-443805,Mobile,+855069443805
Smart-069-443806,Mobile,+855069443806
Smart-069-443807,Mobile,+855069443807
Smart-069-443808,Mobile,+855069443808
Smart-069-443809,Mobile,+855069443809
Smart-069-443810,Mobile,+855069443810
Smart-069-443811,Mobile,+855069443811
Smart-069-443812,Mobile,+855069443812
Smart-069-443813,Mobile,+855069443813
Smart-069-443814,Mobile,+855069443814
Smart-069-443815,Mobile,+855069443815
Smart-069-443816,Mobile,+855069443816
Smart-069-443817,Mobile,+855069443817
Smart-069-443818,Mobile,+855069443818
Smart-069-443819,Mobile,+855069443819
Smart-069-443820,Mobile,+855069443820
Smart-069-443821,Mobile,+855069443821
Smart-069-443822,Mobile,+855069443822
Smart-069-443823,Mobile,+855069443823
Smart-069-443824,Mobile,+855069443824
Smart-069-443825,Mobile,+855069443825
Smart-069-443826,Mobile,+855069443826
Smart-069-443827,Mobile,+855069443827
Smart-069-443828,Mobile,+855069443828
Smart-069-443829,Mobile,+855069443829
Smart-069-443830,Mobile,+855069443830
Smart-069-443831,Mobile,+855069443831
Smart-069-443832,Mobile,+855069443832
Smart-069-443833,Mobile,+855069443833
Smart-069-443834,Mobile,+855069443834
Smart-069-443835,Mobile,+855069443835
Smart-069-443836,Mobile,+855069443836
Smart-069-443837,Mobile,+855069443837
Smart-069-443838,Mobile,+855069443838
Smart-069-443839,Mobile,+855069443839
Smart-069-443840,Mobile,+855069443840
Smart-069-443841,Mobile,+855069443841
Smart-069-443842,Mobile,+855069443842
Smart-069-443843,Mobile,+855069443843
Smart-069-443844,Mobile,+855069443844
Smart-069-443845,Mobile,+855069443845
Smart-069-443846,Mobile,+855069443846
Smart-069-443847,Mobile,+855069443847
Smart-069-443848,Mobile,+855069443848
Smart-069-443849,Mobile,+855069443849
Smart-069-443850,Mobile,+855069443850
Smart-069-443851,Mobile,+855069443851
Smart-069-443852,Mobile,+855069443852
Smart-069-443853,Mobile,+855069443853
Smart-069-443854,Mobile,+855069443854
Smart-069-443855,Mobile,+855069443855
Smart-069-443856,Mobile,+855069443856
Smart-069-443857,Mobile,+855069443857
Smart-069-443858,Mobile,+855069443858
Smart-069-443859,Mobile,+855069443859
Smart-069-443860,Mobile,+855069443860
Smart-069-443861,Mobile,+855069443861
Smart-069-443862,Mobile,+855069443862
Smart-069-443863,Mobile,+855069443863
Smart-069-443864,Mobile,+855069443864
Smart-069-443865,Mobile,+855069443865
Smart-069-443866,Mobile,+855069443866
Smart-069-443867,Mobile,+855069443867
Smart-069-443868,Mobile,+855069443868
Smart-069-443869,Mobile,+855069443869
Smart-069-443870,Mobile,+855069443870
Smart-069-443871,Mobile,+855069443871
Smart-069-443872,Mobile,+855069443872
Smart-069-443873,Mobile,+855069443873
Smart-069-443874,Mobile,+855069443874
Smart-069-443875,Mobile,+855069443875
Smart-069-443876,Mobile,+855069443876
Smart-069-443877,Mobile,+855069443877
Smart-069-443878,Mobile,+855069443878
Smart-069-443879,Mobile,+855069443879
Smart-069-443880,Mobile,+855069443880
Smart-069-443881,Mobile,+855069443881
Smart-069-443882,Mobile,+855069443882
Smart-069-443883,Mobile,+855069443883
Smart-069-443884,Mobile,+855069443884
Smart-069-443885,Mobile,+855069443885
Smart-069-443886,Mobile,+855069443886
Smart-069-443887,Mobile,+855069443887
Smart-069-443888,Mobile,+855069443888
Smart-069-443889,Mobile,+855069443889
Smart-069-443890,Mobile,+855069443890
Smart-069-443891,Mobile,+855069443891
Smart-069-443892,Mobile,+855069443892
Smart-069-443893,Mobile,+855069443893
Smart-069-443894,Mobile,+855069443894
Smart-069-443895,Mobile,+855069443895
Smart-069-443896,Mobile,+855069443896
Smart-069-443897,Mobile,+855069443897
Smart-069-443898,Mobile,+855069443898
Smart-069-443899,Mobile,+855069443899
Smart-069-443900,Mobile,+855069443900
Smart-069-443901,Mobile,+855069443901
Smart-069-443902,Mobile,+855069443902
Smart-069-443903,Mobile,+855069443903
Smart-069-443904,Mobile,+855069443904
Smart-069-443905,Mobile,+855069443905
Smart-069-443906,Mobile,+855069443906
Smart-069-443907,Mobile,+855069443907
Smart-069-443908,Mobile,+855069443908
Smart-069-443909,Mobile,+855069443909
Smart-069-443910,Mobile,+855069443910
Smart-069-443911,Mobile,+855069443911
Smart-069-443912,Mobile,+855069443912
Smart-069-443913,Mobile,+855069443913
Smart-069-443914,Mobile,+855069443914
Smart-069-443915,Mobile,+855069443915
Smart-069-443916,Mobile,+855069443916
Smart-069-443917,Mobile,+855069443917
Smart-069-443918,Mobile,+855069443918
Smart-069-443919,Mobile,+855069443919
Smart-069-443920,Mobile,+855069443920
Smart-069-443921,Mobile,+855069443921
Smart-069-443922,Mobile,+855069443922
Smart-069-443923,Mobile,+855069443923
Smart-069-443924,Mobile,+855069443924
Smart-069-443925,Mobile,+855069443925
Smart-069-443926,Mobile,+855069443926
Smart-069-443927,Mobile,+855069443927
Smart-069-443928,Mobile,+855069443928
Smart-069-443929,Mobile,+855069443929
Smart-069-443930,Mobile,+855069443930
Smart-069-443931,Mobile,+855069443931
Smart-069-443932,Mobile,+855069443932
Smart-069-443933,Mobile,+855069443933
Smart-069-443934,Mobile,+855069443934
Smart-069-443935,Mobile,+855069443935
Smart-069-443936,Mobile,+855069443936
Smart-069-443937,Mobile,+855069443937
Smart-069-443938,Mobile,+855069443938
Smart-069-443939,Mobile,+855069443939
Smart-069-443940,Mobile,+855069443940
Smart-069-443941,Mobile,+855069443941
Smart-069-443942,Mobile,+855069443942
Smart-069-443943,Mobile,+855069443943
Smart-069-443944,Mobile,+855069443944
Smart-069-443945,Mobile,+855069443945
Smart-069-443946,Mobile,+855069443946
Smart-069-443947,Mobile,+855069443947
Smart-069-443948,Mobile,+855069443948
Smart-069-443949,Mobile,+855069443949
Smart-069-443950,Mobile,+855069443950
Smart-069-443951,Mobile,+855069443951
Smart-069-443952,Mobile,+855069443952
Smart-069-443953,Mobile,+855069443953
Smart-069-443954,Mobile,+855069443954
Smart-069-443955,Mobile,+855069443955
Smart-069-443956,Mobile,+855069443956
Smart-069-443957,Mobile,+855069443957
Smart-069-443958,Mobile,+855069443958
Smart-069-443959,Mobile,+855069443959
Smart-069-443960,Mobile,+855069443960
Smart-069-443961,Mobile,+855069443961
Smart-069-443962,Mobile,+855069443962
Smart-069-443963,Mobile,+855069443963
Smart-069-443964,Mobile,+855069443964
Smart-069-443965,Mobile,+855069443965
Smart-069-443966,Mobile,+855069443966
Smart-069-443967,Mobile,+855069443967
Smart-069-443968,Mobile,+855069443968
Smart-069-443969,Mobile,+855069443969
Smart-069-443970,Mobile,+855069443970
Smart-069-443971,Mobile,+855069443971
Smart-069-443972,Mobile,+855069443972
Smart-069-443973,Mobile,+855069443973
Smart-069-443974,Mobile,+855069443974
Smart-069-443975,Mobile,+855069443975
Smart-069-443976,Mobile,+855069443976
Smart-069-443977,Mobile,+855069443977
Smart-069-443978,Mobile,+855069443978
Smart-069-443979,Mobile,+855069443979
Smart-069-443980,Mobile,+855069443980
Smart-069-443981,Mobile,+855069443981
Smart-069-443982,Mobile,+855069443982
Smart-069-443983,Mobile,+855069443983
Smart-069-443984,Mobile,+855069443984
Smart-069-443985,Mobile,+855069443985
Smart-069-443986,Mobile,+855069443986
Smart-069-443987,Mobile,+855069443987
Smart-069-443988,Mobile,+855069443988
Smart-069-443989,Mobile,+855069443989
Smart-069-443990,Mobile,+855069443990
Smart-069-443991,Mobile,+855069443991
Smart-069-443992,Mobile,+855069443992
Smart-069-443993,Mobile,+855069443993
Smart-069-443994,Mobile,+855069443994
Smart-069-443995,Mobile,+855069443995
Smart-069-443996,Mobile,+855069443996
Smart-069-443997,Mobile,+855069443997
Smart-069-443998,Mobile,+855069443998
Smart-069-443999,Mobile,+855069443999
Smart-069-444000,Mobile,+855069444000
Smart-069-444001,Mobile,+855069444001
Smart-069-444002,Mobile,+855069444002
Smart-069-444003,Mobile,+855069444003
Smart-069-444004,Mobile,+855069444004
Smart-069-444005,Mobile,+855069444005
Smart-069-444006,Mobile,+855069444006
Smart-069-444007,Mobile,+855069444007
Smart-069-444008,Mobile,+855069444008
Smart-069-444009,Mobile,+855069444009
Smart-069-444010,Mobile,+855069444010
Smart-069-444011,Mobile,+855069444011
Smart-069-444012,Mobile,+855069444012
Smart-069-444013,Mobile,+855069444013
Smart-069-444014,Mobile,+855069444014
Smart-069-444015,Mobile,+855069444015
Smart-069-444016,Mobile,+855069444016
Smart-069-444017,Mobile,+855069444017
Smart-069-444018,Mobile,+855069444018
Smart-069-444019,Mobile,+855069444019
Smart-069-444020,Mobile,+855069444020
Smart-069-444021,Mobile,+855069444021
Smart-069-444022,Mobile,+855069444022
Smart-069-444023,Mobile,+855069444023
Smart-069-444024,Mobile,+855069444024
Smart-069-444025,Mobile,+855069444025
Smart-069-444026,Mobile,+855069444026
Smart-069-444027,Mobile,+855069444027
Smart-069-444028,Mobile,+855069444028
Smart-069-444029,Mobile,+855069444029
Smart-069-444030,Mobile,+855069444030
Smart-069-444031,Mobile,+855069444031
Smart-069-444032,Mobile,+855069444032
Smart-069-444033,Mobile,+855069444033
Smart-069-444034,Mobile,+855069444034
Smart-069-444035,Mobile,+855069444035
Smart-069-444036,Mobile,+855069444036
Smart-069-444037,Mobile,+855069444037
Smart-069-444038,Mobile,+855069444038
Smart-069-444039,Mobile,+855069444039
Smart-069-444040,Mobile,+855069444040
Smart-069-444041,Mobile,+855069444041
Smart-069-444042,Mobile,+855069444042
Smart-069-444043,Mobile,+855069444043
Smart-069-444044,Mobile,+855069444044
Smart-069-444045,Mobile,+855069444045
Smart-069-444046,Mobile,+855069444046
Smart-069-444047,Mobile,+855069444047
Smart-069-444048,Mobile,+855069444048
Smart-069-444049,Mobile,+855069444049
Smart-069-444050,Mobile,+855069444050
Smart-069-444051,Mobile,+855069444051
Smart-069-444052,Mobile,+855069444052
Smart-069-444053,Mobile,+855069444053
Smart-069-444054,Mobile,+855069444054
Smart-069-444055,Mobile,+855069444055
Smart-069-444056,Mobile,+855069444056
Smart-069-444057,Mobile,+855069444057
Smart-069-444058,Mobile,+855069444058
Smart-069-444059,Mobile,+855069444059
Smart-069-444060,Mobile,+855069444060
Smart-069-444061,Mobile,+855069444061
Smart-069-444062,Mobile,+855069444062
Smart-069-444063,Mobile,+855069444063
Smart-069-444064,Mobile,+855069444064
Smart-069-444065,Mobile,+855069444065
Smart-069-444066,Mobile,+855069444066
Smart-069-444067,Mobile,+855069444067
Smart-069-444068,Mobile,+855069444068
Smart-069-444069,Mobile,+855069444069
Smart-069-444070,Mobile,+855069444070
Smart-069-444071,Mobile,+855069444071
Smart-069-444072,Mobile,+855069444072
Smart-069-444073,Mobile,+855069444073
Smart-069-444074,Mobile,+855069444074
Smart-069-444075,Mobile,+855069444075
Smart-069-444076,Mobile,+855069444076
Smart-069-444077,Mobile,+855069444077
Smart-069-444078,Mobile,+855069444078
Smart-069-444079,Mobile,+855069444079
Smart-069-444080,Mobile,+855069444080
Smart-069-444081,Mobile,+855069444081
Smart-069-444082,Mobile,+855069444082
Smart-069-444083,Mobile,+855069444083
Smart-069-444084,Mobile,+855069444084
Smart-069-444085,Mobile,+855069444085
Smart-069-444086,Mobile,+855069444086
Smart-069-444087,Mobile,+855069444087
Smart-069-444088,Mobile,+855069444088
Smart-069-444089,Mobile,+855069444089
Smart-069-444090,Mobile,+855069444090
Smart-069-444091,Mobile,+855069444091
Smart-069-444092,Mobile,+855069444092
Smart-069-444093,Mobile,+855069444093
Smart-069-444094,Mobile,+855069444094
Smart-069-444095,Mobile,+855069444095
Smart-069-444096,Mobile,+855069444096
Smart-069-444097,Mobile,+855069444097
Smart-069-444098,Mobile,+855069444098
Smart-069-444099,Mobile,+855069444099
Smart-069-444100,Mobile,+855069444100
Smart-069-444101,Mobile,+855069444101
Smart-069-444102,Mobile,+855069444102
Smart-069-444103,Mobile,+855069444103
Smart-069-444104,Mobile,+855069444104
Smart-069-444105,Mobile,+855069444105
Smart-069-444106,Mobile,+855069444106
Smart-069-444107,Mobile,+855069444107
Smart-069-444108,Mobile,+855069444108
Smart-069-444109,Mobile,+855069444109
Smart-069-444110,Mobile,+855069444110
Smart-069-444111,Mobile,+855069444111
Smart-069-444112,Mobile,+855069444112
Smart-069-444113,Mobile,+855069444113
Smart-069-444114,Mobile,+855069444114
Smart-069-444115,Mobile,+855069444115
Smart-069-444116,Mobile,+855069444116
Smart-069-444117,Mobile,+855069444117
Smart-069-444118,Mobile,+855069444118
Smart-069-444119,Mobile,+855069444119
Smart-069-444120,Mobile,+855069444120
Smart-069-444121,Mobile,+855069444121
Smart-069-444122,Mobile,+855069444122
Smart-069-444123,Mobile,+855069444123
Smart-069-444124,Mobile,+855069444124
Smart-069-444125,Mobile,+855069444125
Smart-069-444126,Mobile,+855069444126
Smart-069-444127,Mobile,+855069444127
Smart-069-444128,Mobile,+855069444128
Smart-069-444129,Mobile,+855069444129
Smart-069-444130,Mobile,+855069444130
Smart-069-444131,Mobile,+855069444131
Smart-069-444132,Mobile,+855069444132
Smart-069-444133,Mobile,+855069444133
Smart-069-444134,Mobile,+855069444134
Smart-069-444135,Mobile,+855069444135
Smart-069-444136,Mobile,+855069444136
Smart-069-444137,Mobile,+855069444137
Smart-069-444138,Mobile,+855069444138
Smart-069-444139,Mobile,+855069444139
Smart-069-444140,Mobile,+855069444140
Smart-069-444141,Mobile,+855069444141
Smart-069-444142,Mobile,+855069444142
Smart-069-444143,Mobile,+855069444143
Smart-069-444144,Mobile,+855069444144
Smart-069-444145,Mobile,+855069444145
Smart-069-444146,Mobile,+855069444146
Smart-069-444147,Mobile,+855069444147
Smart-069-444148,Mobile,+855069444148
Smart-069-444149,Mobile,+855069444149
Smart-069-444150,Mobile,+855069444150
Smart-069-444151,Mobile,+855069444151
Smart-069-444152,Mobile,+855069444152
Smart-069-444153,Mobile,+855069444153
Smart-069-444154,Mobile,+855069444154
Smart-069-444155,Mobile,+855069444155
Smart-069-444156,Mobile,+855069444156
Smart-069-444157,Mobile,+855069444157
Smart-069-444158,Mobile,+855069444158
Smart-069-444159,Mobile,+855069444159
Smart-069-444160,Mobile,+855069444160
Smart-069-444161,Mobile,+855069444161
Smart-069-444162,Mobile,+855069444162
Smart-069-444163,Mobile,+855069444163
Smart-069-444164,Mobile,+855069444164
Smart-069-444165,Mobile,+855069444165
Smart-069-444166,Mobile,+855069444166
Smart-069-444167,Mobile,+855069444167
Smart-069-444168,Mobile,+855069444168
Smart-069-444169,Mobile,+855069444169
Smart-069-444170,Mobile,+855069444170
Smart-069-444171,Mobile,+855069444171
Smart-069-444172,Mobile,+855069444172
Smart-069-444173,Mobile,+855069444173
Smart-069-444174,Mobile,+855069444174
Smart-069-444175,Mobile,+855069444175
Smart-069-444176,Mobile,+855069444176
Smart-069-444177,Mobile,+855069444177
Smart-069-444178,Mobile,+855069444178
Smart-069-444179,Mobile,+855069444179
Smart-069-444180,Mobile,+855069444180
Smart-069-444181,Mobile,+855069444181
Smart-069-444182,Mobile,+855069444182
Smart-069-444183,Mobile,+855069444183
Smart-069-444184,Mobile,+855069444184
Smart-069-444185,Mobile,+855069444185
Smart-069-444186,Mobile,+855069444186
Smart-069-444187,Mobile,+855069444187
Smart-069-444188,Mobile,+855069444188
Smart-069-444189,Mobile,+855069444189
Smart-069-444190,Mobile,+855069444190
Smart-069-444191,Mobile,+855069444191
Smart-069-444192,Mobile,+855069444192
Smart-069-444193,Mobile,+855069444193
Smart-069-444194,Mobile,+855069444194
Smart-069-444195,Mobile,+855069444195
Smart-069-444196,Mobile,+855069444196
Smart-069-444197,Mobile,+855069444197
Smart-069-444198,Mobile,+855069444198
Smart-069-444199,Mobile,+855069444199
Smart-069-444200,Mobile,+855069444200
Smart-069-444201,Mobile,+855069444201
Smart-069-444202,Mobile,+855069444202
Smart-069-444203,Mobile,+855069444203
Smart-069-444204,Mobile,+855069444204
Smart-069-444205,Mobile,+855069444205
Smart-069-444206,Mobile,+855069444206
Smart-069-444207,Mobile,+855069444207
Smart-069-444208,Mobile,+855069444208
Smart-069-444209,Mobile,+855069444209
Smart-069-444210,Mobile,+855069444210
Smart-069-444211,Mobile,+855069444211
Smart-069-444212,Mobile,+855069444212
Smart-069-444213,Mobile,+855069444213
Smart-069-444214,Mobile,+855069444214
Smart-069-444215,Mobile,+855069444215
Smart-069-444216,Mobile,+855069444216
Smart-069-444217,Mobile,+855069444217
Smart-069-444218,Mobile,+855069444218
Smart-069-444219,Mobile,+855069444219
Smart-069-444220,Mobile,+855069444220
Smart-069-444221,Mobile,+855069444221
Smart-069-444222,Mobile,+855069444222
Smart-069-444223,Mobile,+855069444223
Smart-069-444224,Mobile,+855069444224
Smart-069-444225,Mobile,+855069444225
Smart-069-444226,Mobile,+855069444226
Smart-069-444227,Mobile,+855069444227
Smart-069-444228,Mobile,+855069444228
Smart-069-444229,Mobile,+855069444229
Smart-069-444230,Mobile,+855069444230
Smart-069-444231,Mobile,+855069444231
Smart-069-444232,Mobile,+855069444232
Smart-069-444233,Mobile,+855069444233
Smart-069-444234,Mobile,+855069444234
Smart-069-444235,Mobile,+855069444235
Smart-069-444236,Mobile,+855069444236
Smart-069-444237,Mobile,+855069444237
Smart-069-444238,Mobile,+855069444238
Smart-069-444239,Mobile,+855069444239
Smart-069-444240,Mobile,+855069444240
Smart-069-444241,Mobile,+855069444241
Smart-069-444242,Mobile,+855069444242
Smart-069-444243,Mobile,+855069444243
Smart-069-444244,Mobile,+855069444244
Smart-069-444245,Mobile,+855069444245
Smart-069-444246,Mobile,+855069444246
Smart-069-444247,Mobile,+855069444247
Smart-069-444248,Mobile,+855069444248
Smart-069-444249,Mobile,+855069444249
Smart-069-444250,Mobile,+855069444250
Smart-069-444251,Mobile,+855069444251
Smart-069-444252,Mobile,+855069444252
Smart-069-444253,Mobile,+855069444253
Smart-069-444254,Mobile,+855069444254
Smart-069-444255,Mobile,+855069444255
Smart-069-444256,Mobile,+855069444256
Smart-069-444257,Mobile,+855069444257
Smart-069-444258,Mobile,+855069444258
Smart-069-444259,Mobile,+855069444259
Smart-069-444260,Mobile,+855069444260
Smart-069-444261,Mobile,+855069444261
Smart-069-444262,Mobile,+855069444262
Smart-069-444263,Mobile,+855069444263
Smart-069-444264,Mobile,+855069444264
Smart-069-444265,Mobile,+855069444265
Smart-069-444266,Mobile,+855069444266
Smart-069-444267,Mobile,+855069444267
Smart-069-444268,Mobile,+855069444268
Smart-069-444269,Mobile,+855069444269
Smart-069-444270,Mobile,+855069444270
Smart-069-444271,Mobile,+855069444271
Smart-069-444272,Mobile,+855069444272
Smart-069-444273,Mobile,+855069444273
Smart-069-444274,Mobile,+855069444274
Smart-069-444275,Mobile,+855069444275
Smart-069-444276,Mobile,+855069444276
Smart-069-444277,Mobile,+855069444277
Smart-069-444278,Mobile,+855069444278
Smart-069-444279,Mobile,+855069444279
Smart-069-444280,Mobile,+855069444280
Smart-069-444281,Mobile,+855069444281
Smart-069-444282,Mobile,+855069444282
Smart-069-444283,Mobile,+855069444283
Smart-069-444284,Mobile,+855069444284
Smart-069-444285,Mobile,+855069444285
Smart-069-444286,Mobile,+855069444286
Smart-069-444287,Mobile,+855069444287
Smart-069-444288,Mobile,+855069444288
Smart-069-444289,Mobile,+855069444289
Smart-069-444290,Mobile,+855069444290
Smart-069-444291,Mobile,+855069444291
Smart-069-444292,Mobile,+855069444292
Smart-069-444293,Mobile,+855069444293
Smart-069-444294,Mobile,+855069444294
Smart-069-444295,Mobile,+855069444295
Smart-069-444296,Mobile,+855069444296
Smart-069-444297,Mobile,+855069444297
Smart-069-444298,Mobile,+855069444298
Smart-069-444299,Mobile,+855069444299
Smart-069-444300,Mobile,+855069444300
Smart-069-444301,Mobile,+855069444301
Smart-069-444302,Mobile,+855069444302
Smart-069-444303,Mobile,+855069444303
Smart-069-444304,Mobile,+855069444304
Smart-069-444305,Mobile,+855069444305
Smart-069-444306,Mobile,+855069444306
Smart-069-444307,Mobile,+855069444307
Smart-069-444308,Mobile,+855069444308
Smart-069-444309,Mobile,+855069444309
Smart-069-444310,Mobile,+855069444310
Smart-069-444311,Mobile,+855069444311
Smart-069-444312,Mobile,+855069444312
Smart-069-444313,Mobile,+855069444313
Smart-069-444314,Mobile,+855069444314
Smart-069-444315,Mobile,+855069444315
Smart-069-444316,Mobile,+855069444316
Smart-069-444317,Mobile,+855069444317
Smart-069-444318,Mobile,+855069444318
Smart-069-444319,Mobile,+855069444319
Smart-069-444320,Mobile,+855069444320
Smart-069-444321,Mobile,+855069444321
Smart-069-444322,Mobile,+855069444322
Smart-069-444323,Mobile,+855069444323
Smart-069-444324,Mobile,+855069444324
Smart-069-444325,Mobile,+855069444325
Smart-069-444326,Mobile,+855069444326
Smart-069-444327,Mobile,+855069444327
Smart-069-444328,Mobile,+855069444328
Smart-069-444329,Mobile,+855069444329
Smart-069-444330,Mobile,+855069444330
Smart-069-444331,Mobile,+855069444331
Smart-069-444332,Mobile,+855069444332
Smart-069-444333,Mobile,+855069444333
Smart-069-444334,Mobile,+855069444334
Smart-069-444335,Mobile,+855069444335
Smart-069-444336,Mobile,+855069444336
Smart-069-444337,Mobile,+855069444337
Smart-069-444338,Mobile,+855069444338
Smart-069-444339,Mobile,+855069444339
Smart-069-444340,Mobile,+855069444340
Smart-069-444341,Mobile,+855069444341
Smart-069-444342,Mobile,+855069444342
Smart-069-444343,Mobile,+855069444343
Smart-069-444344,Mobile,+855069444344
Smart-069-444345,Mobile,+855069444345
Smart-069-444346,Mobile,+855069444346
Smart-069-444347,Mobile,+855069444347
Smart-069-444348,Mobile,+855069444348
Smart-069-444349,Mobile,+855069444349
Smart-069-444350,Mobile,+855069444350
Smart-069-444351,Mobile,+855069444351
Smart-069-444352,Mobile,+855069444352
Smart-069-444353,Mobile,+855069444353
Smart-069-444354,Mobile,+855069444354
Smart-069-444355,Mobile,+855069444355
Smart-069-444356,Mobile,+855069444356
Smart-069-444357,Mobile,+855069444357
Smart-069-444358,Mobile,+855069444358
Smart-069-444359,Mobile,+855069444359
Smart-069-444360,Mobile,+855069444360
Smart-069-444361,Mobile,+855069444361
Smart-069-444362,Mobile,+855069444362
Smart-069-444363,Mobile,+855069444363
Smart-069-444364,Mobile,+855069444364
Smart-069-444365,Mobile,+855069444365
Smart-069-444366,Mobile,+855069444366
Smart-069-444367,Mobile,+855069444367
Smart-069-444368,Mobile,+855069444368
Smart-069-444369,Mobile,+855069444369
Smart-069-444370,Mobile,+855069444370
Smart-069-444371,Mobile,+855069444371
Smart-069-444372,Mobile,+855069444372
Smart-069-444373,Mobile,+855069444373
Smart-069-444374,Mobile,+855069444374
Smart-069-444375,Mobile,+855069444375
Smart-069-444376,Mobile,+855069444376
Smart-069-444377,Mobile,+855069444377
Smart-069-444378,Mobile,+855069444378
Smart-069-444379,Mobile,+855069444379
Smart-069-444380,Mobile,+855069444380
Smart-069-444381,Mobile,+855069444381
Smart-069-444382,Mobile,+855069444382
Smart-069-444383,Mobile,+855069444383
Smart-069-444384,Mobile,+855069444384
Smart-069-444385,Mobile,+855069444385
Smart-069-444386,Mobile,+855069444386
Smart-069-444387,Mobile,+855069444387
Smart-069-444388,Mobile,+855069444388
Smart-069-444389,Mobile,+855069444389
Smart-069-444390,Mobile,+855069444390
Smart-069-444391,Mobile,+855069444391
Smart-069-444392,Mobile,+855069444392
Smart-069-444393,Mobile,+855069444393
Smart-069-444394,Mobile,+855069444394
Smart-069-444395,Mobile,+855069444395
Smart-069-444396,Mobile,+855069444396
Smart-069-444397,Mobile,+855069444397
Smart-069-444398,Mobile,+855069444398
Smart-069-444399,Mobile,+855069444399
Smart-069-444400,Mobile,+855069444400
Smart-069-444401,Mobile,+855069444401
Smart-069-444402,Mobile,+855069444402
Smart-069-444403,Mobile,+855069444403
Smart-069-444404,Mobile,+855069444404
Smart-069-444405,Mobile,+855069444405
Smart-069-444406,Mobile,+855069444406
Smart-069-444407,Mobile,+855069444407
Smart-069-444408,Mobile,+855069444408
Smart-069-444409,Mobile,+855069444409
Smart-069-444410,Mobile,+855069444410
Smart-069-444411,Mobile,+855069444411
Smart-069-444412,Mobile,+855069444412
Smart-069-444413,Mobile,+855069444413
Smart-069-444414,Mobile,+855069444414
Smart-069-444415,Mobile,+855069444415
Smart-069-444416,Mobile,+855069444416
Smart-069-444417,Mobile,+855069444417
Smart-069-444418,Mobile,+855069444418
Smart-069-444419,Mobile,+855069444419
Smart-069-444420,Mobile,+855069444420
Smart-069-444421,Mobile,+855069444421
Smart-069-444422,Mobile,+855069444422
Smart-069-444423,Mobile,+855069444423
Smart-069-444424,Mobile,+855069444424
Smart-069-444425,Mobile,+855069444425
Smart-069-444426,Mobile,+855069444426
Smart-069-444427,Mobile,+855069444427
Smart-069-444428,Mobile,+855069444428
Smart-069-444429,Mobile,+855069444429
Smart-069-444430,Mobile,+855069444430
Smart-069-444431,Mobile,+855069444431
Smart-069-444432,Mobile,+855069444432
Smart-069-444433,Mobile,+855069444433
Smart-069-444434,Mobile,+855069444434
Smart-069-444435,Mobile,+855069444435
Smart-069-444436,Mobile,+855069444436
Smart-069-444437,Mobile,+855069444437
Smart-069-444438,Mobile,+855069444438
Smart-069-444439,Mobile,+855069444439
Smart-069-444440,Mobile,+855069444440
Smart-069-444441,Mobile,+855069444441
Smart-069-444442,Mobile,+855069444442
Smart-069-444443,Mobile,+855069444443
Smart-069-444444,Mobile,+855069444444
Smart-069-444445,Mobile,+855069444445
Smart-069-444446,Mobile,+855069444446
Smart-069-444447,Mobile,+855069444447
Smart-069-444448,Mobile,+855069444448
Smart-069-444449,Mobile,+855069444449
Smart-069-444450,Mobile,+855069444450
Smart-069-444451,Mobile,+855069444451
Smart-069-444452,Mobile,+855069444452
Smart-069-444453,Mobile,+855069444453
Smart-069-444454,Mobile,+855069444454
Smart-069-444455,Mobile,+855069444455
Smart-069-444456,Mobile,+855069444456
Smart-069-444457,Mobile,+855069444457
Smart-069-444458,Mobile,+855069444458
Smart-069-444459,Mobile,+855069444459
Smart-069-444460,Mobile,+855069444460
Smart-069-444461,Mobile,+855069444461
Smart-069-444462,Mobile,+855069444462
Smart-069-444463,Mobile,+855069444463
Smart-069-444464,Mobile,+855069444464
Smart-069-444465,Mobile,+855069444465
Smart-069-444466,Mobile,+855069444466
Smart-069-444467,Mobile,+855069444467
Smart-069-444468,Mobile,+855069444468
Smart-069-444469,Mobile,+855069444469
Smart-069-444470,Mobile,+855069444470
Smart-069-444471,Mobile,+855069444471
Smart-069-444472,Mobile,+855069444472
Smart-069-444473,Mobile,+855069444473
Smart-069-444474,Mobile,+855069444474
Smart-069-444475,Mobile,+855069444475
Smart-069-444476,Mobile,+855069444476
Smart-069-444477,Mobile,+855069444477
Smart-069-444478,Mobile,+855069444478
Smart-069-444479,Mobile,+855069444479
Smart-069-444480,Mobile,+855069444480
Smart-069-444481,Mobile,+855069444481
Smart-069-444482,Mobile,+855069444482
Smart-069-444483,Mobile,+855069444483
Smart-069-444484,Mobile,+855069444484
Smart-069-444485,Mobile,+855069444485
Smart-069-444486,Mobile,+855069444486
Smart-069-444487,Mobile,+855069444487
Smart-069-444488,Mobile,+855069444488
Smart-069-444489,Mobile,+855069444489
Smart-069-444490,Mobile,+855069444490
Smart-069-444491,Mobile,+855069444491
Smart-069-444492,Mobile,+855069444492
Smart-069-444493,Mobile,+855069444493
Smart-069-444494,Mobile,+855069444494
Smart-069-444495,Mobile,+855069444495
Smart-069-444496,Mobile,+855069444496
Smart-069-444497,Mobile,+855069444497
Smart-069-444498,Mobile,+855069444498
Smart-069-444499,Mobile,+855069444499
Smart-069-444500,Mobile,+855069444500
Smart-069-444501,Mobile,+855069444501
Smart-069-444502,Mobile,+855069444502
Smart-069-444503,Mobile,+855069444503
Smart-069-444504,Mobile,+855069444504
Smart-069-444505,Mobile,+855069444505
Smart-069-444506,Mobile,+855069444506
Smart-069-444507,Mobile,+855069444507
Smart-069-444508,Mobile,+855069444508
Smart-069-444509,Mobile,+855069444509
Smart-069-444510,Mobile,+855069444510
Smart-069-444511,Mobile,+855069444511
Smart-069-444512,Mobile,+855069444512
Smart-069-444513,Mobile,+855069444513
Smart-069-444514,Mobile,+855069444514
Smart-069-444515,Mobile,+855069444515
Smart-069-444516,Mobile,+855069444516
Smart-069-444517,Mobile,+855069444517
Smart-069-444518,Mobile,+855069444518
Smart-069-444519,Mobile,+855069444519
Smart-069-444520,Mobile,+855069444520
Smart-069-444521,Mobile,+855069444521
Smart-069-444522,Mobile,+855069444522
Smart-069-444523,Mobile,+855069444523
Smart-069-444524,Mobile,+855069444524
Smart-069-444525,Mobile,+855069444525
Smart-069-444526,Mobile,+855069444526
Smart-069-444527,Mobile,+855069444527
Smart-069-444528,Mobile,+855069444528
Smart-069-444529,Mobile,+855069444529
Smart-069-444530,Mobile,+855069444530
Smart-069-444531,Mobile,+855069444531
Smart-069-444532,Mobile,+855069444532
Smart-069-444533,Mobile,+855069444533
Smart-069-444534,Mobile,+855069444534
Smart-069-444535,Mobile,+855069444535
Smart-069-444536,Mobile,+855069444536
Smart-069-444537,Mobile,+855069444537
Smart-069-444538,Mobile,+855069444538
Smart-069-444539,Mobile,+855069444539
Smart-069-444540,Mobile,+855069444540
Smart-069-444541,Mobile,+855069444541
Smart-069-444542,Mobile,+855069444542
Smart-069-444543,Mobile,+855069444543
Smart-069-444544,Mobile,+855069444544
Smart-069-444545,Mobile,+855069444545
Smart-069-444546,Mobile,+855069444546
Smart-069-444547,Mobile,+855069444547
Smart-069-444548,Mobile,+855069444548
Smart-069-444549,Mobile,+855069444549
Smart-069-444550,Mobile,+855069444550
Smart-069-444551,Mobile,+855069444551
Smart-069-444552,Mobile,+855069444552
Smart-069-444553,Mobile,+855069444553
Smart-069-444554,Mobile,+855069444554
Smart-069-444555,Mobile,+855069444555
Smart-069-444556,Mobile,+855069444556
Smart-069-444557,Mobile,+855069444557
Smart-069-444558,Mobile,+855069444558
Smart-069-444559,Mobile,+855069444559
Smart-069-444560,Mobile,+855069444560
Smart-069-444561,Mobile,+855069444561
Smart-069-444562,Mobile,+855069444562
Smart-069-444563,Mobile,+855069444563
Smart-069-444564,Mobile,+855069444564
Smart-069-444565,Mobile,+855069444565
Smart-069-444566,Mobile,+855069444566
Smart-069-444567,Mobile,+855069444567
Smart-069-444568,Mobile,+855069444568
Smart-069-444569,Mobile,+855069444569
Smart-069-444570,Mobile,+855069444570
Smart-069-444571,Mobile,+855069444571
Smart-069-444572,Mobile,+855069444572
Smart-069-444573,Mobile,+855069444573
Smart-069-444574,Mobile,+855069444574
Smart-069-444575,Mobile,+855069444575
Smart-069-444576,Mobile,+855069444576
Smart-069-444577,Mobile,+855069444577
Smart-069-444578,Mobile,+855069444578
Smart-069-444579,Mobile,+855069444579
Smart-069-444580,Mobile,+855069444580
Smart-069-444581,Mobile,+855069444581
Smart-069-444582,Mobile,+855069444582
Smart-069-444583,Mobile,+855069444583
Smart-069-444584,Mobile,+855069444584
Smart-069-444585,Mobile,+855069444585
Smart-069-444586,Mobile,+855069444586
Smart-069-444587,Mobile,+855069444587
Smart-069-444588,Mobile,+855069444588
Smart-069-444589,Mobile,+855069444589
Smart-069-444590,Mobile,+855069444590
Smart-069-444591,Mobile,+855069444591
Smart-069-444592,Mobile,+855069444592
Smart-069-444593,Mobile,+855069444593
Smart-069-444594,Mobile,+855069444594
Smart-069-444595,Mobile,+855069444595
Smart-069-444596,Mobile,+855069444596
Smart-069-444597,Mobile,+855069444597
Smart-069-444598,Mobile,+855069444598
Smart-069-444599,Mobile,+855069444599
Smart-069-444600,Mobile,+855069444600
Smart-069-444601,Mobile,+855069444601
Smart-069-444602,Mobile,+855069444602
Smart-069-444603,Mobile,+855069444603
Smart-069-444604,Mobile,+855069444604
Smart-069-444605,Mobile,+855069444605
Smart-069-444606,Mobile,+855069444606
Smart-069-444607,Mobile,+855069444607
Smart-069-444608,Mobile,+855069444608
Smart-069-444609,Mobile,+855069444609
Smart-069-444610,Mobile,+855069444610
Smart-069-444611,Mobile,+855069444611
Smart-069-444612,Mobile,+855069444612
Smart-069-444613,Mobile,+855069444613
Smart-069-444614,Mobile,+855069444614
Smart-069-444615,Mobile,+855069444615
Smart-069-444616,Mobile,+855069444616
Smart-069-444617,Mobile,+855069444617
Smart-069-444618,Mobile,+855069444618
Smart-069-444619,Mobile,+855069444619
Smart-069-444620,Mobile,+855069444620
Smart-069-444621,Mobile,+855069444621
Smart-069-444622,Mobile,+855069444622
Smart-069-444623,Mobile,+855069444623
Smart-069-444624,Mobile,+855069444624
Smart-069-444625,Mobile,+855069444625
Smart-069-444626,Mobile,+855069444626
Smart-069-444627,Mobile,+855069444627
Smart-069-444628,Mobile,+855069444628
Smart-069-444629,Mobile,+855069444629
Smart-069-444630,Mobile,+855069444630
Smart-069-444631,Mobile,+855069444631
Smart-069-444632,Mobile,+855069444632
Smart-069-444633,Mobile,+855069444633
Smart-069-444634,Mobile,+855069444634
Smart-069-444635,Mobile,+855069444635
Smart-069-444636,Mobile,+855069444636
Smart-069-444637,Mobile,+855069444637
Smart-069-444638,Mobile,+855069444638
Smart-069-444639,Mobile,+855069444639
Smart-069-444640,Mobile,+855069444640
Smart-069-444641,Mobile,+855069444641
Smart-069-444642,Mobile,+855069444642
Smart-069-444643,Mobile,+855069444643
Smart-069-444644,Mobile,+855069444644
Smart-069-444645,Mobile,+855069444645
Smart-069-444646,Mobile,+855069444646
Smart-069-444647,Mobile,+855069444647
Smart-069-444648,Mobile,+855069444648
Smart-069-444649,Mobile,+855069444649
Smart-069-444650,Mobile,+855069444650
Smart-069-444651,Mobile,+855069444651
Smart-069-444652,Mobile,+855069444652
Smart-069-444653,Mobile,+855069444653
Smart-069-444654,Mobile,+855069444654
Smart-069-444655,Mobile,+855069444655
Smart-069-444656,Mobile,+855069444656
Smart-069-444657,Mobile,+855069444657
Smart-069-444658,Mobile,+855069444658
Smart-069-444659,Mobile,+855069444659
Smart-069-444660,Mobile,+855069444660
Smart-069-444661,Mobile,+855069444661
Smart-069-444662,Mobile,+855069444662
Smart-069-444663,Mobile,+855069444663
Smart-069-444664,Mobile,+855069444664
Smart-069-444665,Mobile,+855069444665
Smart-069-444666,Mobile,+855069444666
Smart-069-444667,Mobile,+855069444667
Smart-069-444668,Mobile,+855069444668
Smart-069-444669,Mobile,+855069444669
Smart-069-444670,Mobile,+855069444670
Smart-069-444671,Mobile,+855069444671
Smart-069-444672,Mobile,+855069444672
Smart-069-444673,Mobile,+855069444673
Smart-069-444674,Mobile,+855069444674
Smart-069-444675,Mobile,+855069444675
Smart-069-444676,Mobile,+855069444676
Smart-069-444677,Mobile,+855069444677
Smart-069-444678,Mobile,+855069444678
Smart-069-444679,Mobile,+855069444679
Smart-069-444680,Mobile,+855069444680
Smart-069-444681,Mobile,+855069444681
Smart-069-444682,Mobile,+855069444682
Smart-069-444683,Mobile,+855069444683
Smart-069-444684,Mobile,+855069444684
Smart-069-444685,Mobile,+855069444685
Smart-069-444686,Mobile,+855069444686
Smart-069-444687,Mobile,+855069444687
Smart-069-444688,Mobile,+855069444688
Smart-069-444689,Mobile,+855069444689
Smart-069-444690,Mobile,+855069444690
Smart-069-444691,Mobile,+855069444691
Smart-069-444692,Mobile,+855069444692
Smart-069-444693,Mobile,+855069444693
Smart-069-444694,Mobile,+855069444694
Smart-069-444695,Mobile,+855069444695
Smart-069-444696,Mobile,+855069444696
Smart-069-444697,Mobile,+855069444697
Smart-069-444698,Mobile,+855069444698
Smart-069-444699,Mobile,+855069444699
Smart-069-444700,Mobile,+855069444700
Smart-069-444701,Mobile,+855069444701
Smart-069-444702,Mobile,+855069444702
Smart-069-444703,Mobile,+855069444703
Smart-069-444704,Mobile,+855069444704
Smart-069-444705,Mobile,+855069444705
Smart-069-444706,Mobile,+855069444706
Smart-069-444707,Mobile,+855069444707
Smart-069-444708,Mobile,+855069444708
Smart-069-444709,Mobile,+855069444709
Smart-069-444710,Mobile,+855069444710
Smart-069-444711,Mobile,+855069444711
Smart-069-444712,Mobile,+855069444712
Smart-069-444713,Mobile,+855069444713
Smart-069-444714,Mobile,+855069444714
Smart-069-444715,Mobile,+855069444715
Smart-069-444716,Mobile,+855069444716
Smart-069-444717,Mobile,+855069444717
Smart-069-444718,Mobile,+855069444718
Smart-069-444719,Mobile,+855069444719
Smart-069-444720,Mobile,+855069444720
Smart-069-444721,Mobile,+855069444721
Smart-069-444722,Mobile,+855069444722
Smart-069-444723,Mobile,+855069444723
Smart-069-444724,Mobile,+855069444724
Smart-069-444725,Mobile,+855069444725
Smart-069-444726,Mobile,+855069444726
Smart-069-444727,Mobile,+855069444727
Smart-069-444728,Mobile,+855069444728
Smart-069-444729,Mobile,+855069444729
Smart-069-444730,Mobile,+855069444730
Smart-069-444731,Mobile,+855069444731
Smart-069-444732,Mobile,+855069444732
Smart-069-444733,Mobile,+855069444733
Smart-069-444734,Mobile,+855069444734
Smart-069-444735,Mobile,+855069444735
Smart-069-444736,Mobile,+855069444736
Smart-069-444737,Mobile,+855069444737
Smart-069-444738,Mobile,+855069444738
Smart-069-444739,Mobile,+855069444739
Smart-069-444740,Mobile,+855069444740
Smart-069-444741,Mobile,+855069444741
Smart-069-444742,Mobile,+855069444742
Smart-069-444743,Mobile,+855069444743
Smart-069-444744,Mobile,+855069444744
Smart-069-444745,Mobile,+855069444745
Smart-069-444746,Mobile,+855069444746
Smart-069-444747,Mobile,+855069444747
Smart-069-444748,Mobile,+855069444748
Smart-069-444749,Mobile,+855069444749
Smart-069-444750,Mobile,+855069444750
Smart-069-444751,Mobile,+855069444751
Smart-069-444752,Mobile,+855069444752
Smart-069-444753,Mobile,+855069444753
Smart-069-444754,Mobile,+855069444754
Smart-069-444755,Mobile,+855069444755
Smart-069-444756,Mobile,+855069444756
Smart-069-444757,Mobile,+855069444757
Smart-069-444758,Mobile,+855069444758
Smart-069-444759,Mobile,+855069444759
Smart-069-444760,Mobile,+855069444760
Smart-069-444761,Mobile,+855069444761
Smart-069-444762,Mobile,+855069444762
Smart-069-444763,Mobile,+855069444763
Smart-069-444764,Mobile,+855069444764
Smart-069-444765,Mobile,+855069444765
Smart-069-444766,Mobile,+855069444766
Smart-069-444767,Mobile,+855069444767
Smart-069-444768,Mobile,+855069444768
Smart-069-444769,Mobile,+855069444769
Smart-069-444770,Mobile,+855069444770
Smart-069-444771,Mobile,+855069444771
Smart-069-444772,Mobile,+855069444772
Smart-069-444773,Mobile,+855069444773
Smart-069-444774,Mobile,+855069444774
Smart-069-444775,Mobile,+855069444775
Smart-069-444776,Mobile,+855069444776
Smart-069-444777,Mobile,+855069444777
Smart-069-444778,Mobile,+855069444778
Smart-069-444779,Mobile,+855069444779
Smart-069-444780,Mobile,+855069444780
Smart-069-444781,Mobile,+855069444781
Smart-069-444782,Mobile,+855069444782
Smart-069-444783,Mobile,+855069444783
Smart-069-444784,Mobile,+855069444784
Smart-069-444785,Mobile,+855069444785
Smart-069-444786,Mobile,+855069444786
Smart-069-444787,Mobile,+855069444787
Smart-069-444788,Mobile,+855069444788
Smart-069-444789,Mobile,+855069444789
Smart-069-444790,Mobile,+855069444790
Smart-069-444791,Mobile,+855069444791
Smart-069-444792,Mobile,+855069444792
Smart-069-444793,Mobile,+855069444793
Smart-069-444794,Mobile,+855069444794
Smart-069-444795,Mobile,+855069444795
Smart-069-444796,Mobile,+855069444796
Smart-069-444797,Mobile,+855069444797
Smart-069-444798,Mobile,+855069444798
Smart-069-444799,Mobile,+855069444799
Smart-069-444800,Mobile,+855069444800
Smart-069-444801,Mobile,+855069444801
Smart-069-444802,Mobile,+855069444802
Smart-069-444803,Mobile,+855069444803
Smart-069-444804,Mobile,+855069444804
Smart-069-444805,Mobile,+855069444805
Smart-069-444806,Mobile,+855069444806
Smart-069-444807,Mobile,+855069444807
Smart-069-444808,Mobile,+855069444808
Smart-069-444809,Mobile,+855069444809
Smart-069-444810,Mobile,+855069444810
Smart-069-444811,Mobile,+855069444811
Smart-069-444812,Mobile,+855069444812
Smart-069-444813,Mobile,+855069444813
Smart-069-444814,Mobile,+855069444814
Smart-069-444815,Mobile,+855069444815
Smart-069-444816,Mobile,+855069444816
Smart-069-444817,Mobile,+855069444817
Smart-069-444818,Mobile,+855069444818
Smart-069-444819,Mobile,+855069444819
Smart-069-444820,Mobile,+855069444820
Smart-069-444821,Mobile,+855069444821
Smart-069-444822,Mobile,+855069444822
Smart-069-444823,Mobile,+855069444823
Smart-069-444824,Mobile,+855069444824
Smart-069-444825,Mobile,+855069444825
Smart-069-444826,Mobile,+855069444826
Smart-069-444827,Mobile,+855069444827
Smart-069-444828,Mobile,+855069444828
Smart-069-444829,Mobile,+855069444829
Smart-069-444830,Mobile,+855069444830
Smart-069-444831,Mobile,+855069444831
Smart-069-444832,Mobile,+855069444832
Smart-069-444833,Mobile,+855069444833
Smart-069-444834,Mobile,+855069444834
Smart-069-444835,Mobile,+855069444835
Smart-069-444836,Mobile,+855069444836
Smart-069-444837,Mobile,+855069444837
Smart-069-444838,Mobile,+855069444838
Smart-069-444839,Mobile,+855069444839
Smart-069-444840,Mobile,+855069444840
Smart-069-444841,Mobile,+855069444841
Smart-069-444842,Mobile,+855069444842
Smart-069-444843,Mobile,+855069444843
Smart-069-444844,Mobile,+855069444844
Smart-069-444845,Mobile,+855069444845
Smart-069-444846,Mobile,+855069444846
Smart-069-444847,Mobile,+855069444847
Smart-069-444848,Mobile,+855069444848
Smart-069-444849,Mobile,+855069444849
Smart-069-444850,Mobile,+855069444850
Smart-069-444851,Mobile,+855069444851
Smart-069-444852,Mobile,+855069444852
Smart-069-444853,Mobile,+855069444853
Smart-069-444854,Mobile,+855069444854
Smart-069-444855,Mobile,+855069444855
Smart-069-444856,Mobile,+855069444856
Smart-069-444857,Mobile,+855069444857
Smart-069-444858,Mobile,+855069444858
Smart-069-444859,Mobile,+855069444859
Smart-069-444860,Mobile,+855069444860
Smart-069-444861,Mobile,+855069444861
Smart-069-444862,Mobile,+855069444862
Smart-069-444863,Mobile,+855069444863
Smart-069-444864,Mobile,+855069444864
Smart-069-444865,Mobile,+855069444865
Smart-069-444866,Mobile,+855069444866
Smart-069-444867,Mobile,+855069444867
Smart-069-444868,Mobile,+855069444868
Smart-069-444869,Mobile,+855069444869
Smart-069-444870,Mobile,+855069444870
Smart-069-444871,Mobile,+855069444871
Smart-069-444872,Mobile,+855069444872
Smart-069-444873,Mobile,+855069444873
Smart-069-444874,Mobile,+855069444874
Smart-069-444875,Mobile,+855069444875
Smart-069-444876,Mobile,+855069444876
Smart-069-444877,Mobile,+855069444877
Smart-069-444878,Mobile,+855069444878
Smart-069-444879,Mobile,+855069444879
Smart-069-444880,Mobile,+855069444880
Smart-069-444881,Mobile,+855069444881
Smart-069-444882,Mobile,+855069444882
Smart-069-444883,Mobile,+855069444883
Smart-069-444884,Mobile,+855069444884
Smart-069-444885,Mobile,+855069444885
Smart-069-444886,Mobile,+855069444886
Smart-069-444887,Mobile,+855069444887
Smart-069-444888,Mobile,+855069444888
Smart-069-444889,Mobile,+855069444889
Smart-069-444890,Mobile,+855069444890
Smart-069-444891,Mobile,+855069444891
Smart-069-444892,Mobile,+855069444892
Smart-069-444893,Mobile,+855069444893
Smart-069-444894,Mobile,+855069444894
Smart-069-444895,Mobile,+855069444895
Smart-069-444896,Mobile,+855069444896
Smart-069-444897,Mobile,+855069444897
Smart-069-444898,Mobile,+855069444898
Smart-069-444899,Mobile,+855069444899
Smart-069-444900,Mobile,+855069444900
Smart-069-444901,Mobile,+855069444901
Smart-069-444902,Mobile,+855069444902
Smart-069-444903,Mobile,+855069444903
Smart-069-444904,Mobile,+855069444904
Smart-069-444905,Mobile,+855069444905
Smart-069-444906,Mobile,+855069444906
Smart-069-444907,Mobile,+855069444907
Smart-069-444908,Mobile,+855069444908
Smart-069-444909,Mobile,+855069444909
Smart-069-444910,Mobile,+855069444910
Smart-069-444911,Mobile,+855069444911
Smart-069-444912,Mobile,+855069444912
Smart-069-444913,Mobile,+855069444913
Smart-069-444914,Mobile,+855069444914
Smart-069-444915,Mobile,+855069444915
Smart-069-444916,Mobile,+855069444916
Smart-069-444917,Mobile,+855069444917
Smart-069-444918,Mobile,+855069444918
Smart-069-444919,Mobile,+855069444919
Smart-069-444920,Mobile,+855069444920
Smart-069-444921,Mobile,+855069444921
Smart-069-444922,Mobile,+855069444922
Smart-069-444923,Mobile,+855069444923
Smart-069-444924,Mobile,+855069444924
Smart-069-444925,Mobile,+855069444925
Smart-069-444926,Mobile,+855069444926
Smart-069-444927,Mobile,+855069444927
Smart-069-444928,Mobile,+855069444928
Smart-069-444929,Mobile,+855069444929
Smart-069-444930,Mobile,+855069444930
Smart-069-444931,Mobile,+855069444931
Smart-069-444932,Mobile,+855069444932
Smart-069-444933,Mobile,+855069444933
Smart-069-444934,Mobile,+855069444934
Smart-069-444935,Mobile,+855069444935
Smart-069-444936,Mobile,+855069444936
Smart-069-444937,Mobile,+855069444937
Smart-069-444938,Mobile,+855069444938
Smart-069-444939,Mobile,+855069444939
Smart-069-444940,Mobile,+855069444940
Smart-069-444941,Mobile,+855069444941
Smart-069-444942,Mobile,+855069444942
Smart-069-444943,Mobile,+855069444943
Smart-069-444944,Mobile,+855069444944
Smart-069-444945,Mobile,+855069444945
Smart-069-444946,Mobile,+855069444946
Smart-069-444947,Mobile,+855069444947
Smart-069-444948,Mobile,+855069444948
Smart-069-444949,Mobile,+855069444949
Smart-069-444950,Mobile,+855069444950
Smart-069-444951,Mobile,+855069444951
Smart-069-444952,Mobile,+855069444952
Smart-069-444953,Mobile,+855069444953
Smart-069-444954,Mobile,+855069444954
Smart-069-444955,Mobile,+855069444955
Smart-069-444956,Mobile,+855069444956
Smart-069-444957,Mobile,+855069444957
Smart-069-444958,Mobile,+855069444958
Smart-069-444959,Mobile,+855069444959
Smart-069-444960,Mobile,+855069444960
Smart-069-444961,Mobile,+855069444961
Smart-069-444962,Mobile,+855069444962
Smart-069-444963,Mobile,+855069444963
Smart-069-444964,Mobile,+855069444964
Smart-069-444965,Mobile,+855069444965
Smart-069-444966,Mobile,+855069444966
Smart-069-444967,Mobile,+855069444967
Smart-069-444968,Mobile,+855069444968
Smart-069-444969,Mobile,+855069444969
Smart-069-444970,Mobile,+855069444970
Smart-069-444971,Mobile,+855069444971
Smart-069-444972,Mobile,+855069444972
Smart-069-444973,Mobile,+855069444973
Smart-069-444974,Mobile,+855069444974
Smart-069-444975,Mobile,+855069444975
Smart-069-444976,Mobile,+855069444976
Smart-069-444977,Mobile,+855069444977
Smart-069-444978,Mobile,+855069444978
Smart-069-444979,Mobile,+855069444979
Smart-069-444980,Mobile,+855069444980
Smart-069-444981,Mobile,+855069444981
Smart-069-444982,Mobile,+855069444982
Smart-069-444983,Mobile,+855069444983
Smart-069-444984,Mobile,+855069444984
Smart-069-444985,Mobile,+855069444985
Smart-069-444986,Mobile,+855069444986
Smart-069-444987,Mobile,+855069444987
Smart-069-444988,Mobile,+855069444988
Smart-069-444989,Mobile,+855069444989
Smart-069-444990,Mobile,+855069444990
Smart-069-444991,Mobile,+855069444991
Smart-069-444992,Mobile,+855069444992
Smart-069-444993,Mobile,+855069444993
Smart-069-444994,Mobile,+855069444994
Smart-069-444995,Mobile,+855069444995
Smart-069-444996,Mobile,+855069444996
Smart-069-444997,Mobile,+855069444997
Smart-069-444998,Mobile,+855069444998
Smart-069-444999,Mobile,+855069444999
Smart-069-445000,Mobile,+855069445000
Smart-069-445001,Mobile,+855069445001
Smart-069-445002,Mobile,+855069445002
Smart-069-445003,Mobile,+855069445003
Smart-069-445004,Mobile,+855069445004
Smart-069-445005,Mobile,+855069445005
Smart-069-445006,Mobile,+855069445006
Smart-069-445007,Mobile,+855069445007
Smart-069-445008,Mobile,+855069445008
Smart-069-445009,Mobile,+855069445009
Smart-069-445010,Mobile,+855069445010
Smart-069-445011,Mobile,+855069445011
Smart-069-445012,Mobile,+855069445012
Smart-069-445013,Mobile,+855069445013
Smart-069-445014,Mobile,+855069445014
Smart-069-445015,Mobile,+855069445015
Smart-069-445016,Mobile,+855069445016
Smart-069-445017,Mobile,+855069445017
Smart-069-445018,Mobile,+855069445018
Smart-069-445019,Mobile,+855069445019
Smart-069-445020,Mobile,+855069445020
Smart-069-445021,Mobile,+855069445021
Smart-069-445022,Mobile,+855069445022
Smart-069-445023,Mobile,+855069445023
Smart-069-445024,Mobile,+855069445024
Smart-069-445025,Mobile,+855069445025
Smart-069-445026,Mobile,+855069445026
Smart-069-445027,Mobile,+855069445027
Smart-069-445028,Mobile,+855069445028
Smart-069-445029,Mobile,+855069445029
Smart-069-445030,Mobile,+855069445030
Smart-069-445031,Mobile,+855069445031
Smart-069-445032,Mobile,+855069445032
Smart-069-445033,Mobile,+855069445033
Smart-069-445034,Mobile,+855069445034
Smart-069-445035,Mobile,+855069445035
Smart-069-445036,Mobile,+855069445036
Smart-069-445037,Mobile,+855069445037
Smart-069-445038,Mobile,+855069445038
Smart-069-445039,Mobile,+855069445039
Smart-069-445040,Mobile,+855069445040
Smart-069-445041,Mobile,+855069445041
Smart-069-445042,Mobile,+855069445042
Smart-069-445043,Mobile,+855069445043
Smart-069-445044,Mobile,+855069445044
Smart-069-445045,Mobile,+855069445045
Smart-069-445046,Mobile,+855069445046
Smart-069-445047,Mobile,+855069445047
Smart-069-445048,Mobile,+855069445048
Smart-069-445049,Mobile,+855069445049
Smart-069-445050,Mobile,+855069445050
Smart-069-445051,Mobile,+855069445051
Smart-069-445052,Mobile,+855069445052
Smart-069-445053,Mobile,+855069445053
Smart-069-445054,Mobile,+855069445054
Smart-069-445055,Mobile,+855069445055
Smart-069-445056,Mobile,+855069445056
Smart-069-445057,Mobile,+855069445057
Smart-069-445058,Mobile,+855069445058
Smart-069-445059,Mobile,+855069445059
Smart-069-445060,Mobile,+855069445060
Smart-069-445061,Mobile,+855069445061
Smart-069-445062,Mobile,+855069445062
Smart-069-445063,Mobile,+855069445063
Smart-069-445064,Mobile,+855069445064
Smart-069-445065,Mobile,+855069445065
Smart-069-445066,Mobile,+855069445066
Smart-069-445067,Mobile,+855069445067
Smart-069-445068,Mobile,+855069445068
Smart-069-445069,Mobile,+855069445069
Smart-069-445070,Mobile,+855069445070
Smart-069-445071,Mobile,+855069445071
Smart-069-445072,Mobile,+855069445072
Smart-069-445073,Mobile,+855069445073
Smart-069-445074,Mobile,+855069445074
Smart-069-445075,Mobile,+855069445075
Smart-069-445076,Mobile,+855069445076
Smart-069-445077,Mobile,+855069445077
Smart-069-445078,Mobile,+855069445078
Smart-069-445079,Mobile,+855069445079
Smart-069-445080,Mobile,+855069445080
Smart-069-445081,Mobile,+855069445081
Smart-069-445082,Mobile,+855069445082
Smart-069-445083,Mobile,+855069445083
Smart-069-445084,Mobile,+855069445084
Smart-069-445085,Mobile,+855069445085
Smart-069-445086,Mobile,+855069445086
Smart-069-445087,Mobile,+855069445087
Smart-069-445088,Mobile,+855069445088
Smart-069-445089,Mobile,+855069445089
Smart-069-445090,Mobile,+855069445090
Smart-069-445091,Mobile,+855069445091
Smart-069-445092,Mobile,+855069445092
Smart-069-445093,Mobile,+855069445093
Smart-069-445094,Mobile,+855069445094
Smart-069-445095,Mobile,+855069445095
Smart-069-445096,Mobile,+855069445096
Smart-069-445097,Mobile,+855069445097
Smart-069-445098,Mobile,+855069445098
Smart-069-445099,Mobile,+855069445099
Smart-069-445100,Mobile,+855069445100
Smart-069-445101,Mobile,+855069445101
Smart-069-445102,Mobile,+855069445102
Smart-069-445103,Mobile,+855069445103
Smart-069-445104,Mobile,+855069445104
Smart-069-445105,Mobile,+855069445105
Smart-069-445106,Mobile,+855069445106
Smart-069-445107,Mobile,+855069445107
Smart-069-445108,Mobile,+855069445108
Smart-069-445109,Mobile,+855069445109
Smart-069-445110,Mobile,+855069445110
Smart-069-445111,Mobile,+855069445111
Smart-069-445112,Mobile,+855069445112
Smart-069-445113,Mobile,+855069445113
Smart-069-445114,Mobile,+855069445114
Smart-069-445115,Mobile,+855069445115
Smart-069-445116,Mobile,+855069445116
Smart-069-445117,Mobile,+855069445117
Smart-069-445118,Mobile,+855069445118
Smart-069-445119,Mobile,+855069445119
Smart-069-445120,Mobile,+855069445120
Smart-069-445121,Mobile,+855069445121
Smart-069-445122,Mobile,+855069445122
Smart-069-445123,Mobile,+855069445123
Smart-069-445124,Mobile,+855069445124
Smart-069-445125,Mobile,+855069445125
Smart-069-445126,Mobile,+855069445126
Smart-069-445127,Mobile,+855069445127
Smart-069-445128,Mobile,+855069445128
Smart-069-445129,Mobile,+855069445129
Smart-069-445130,Mobile,+855069445130
Smart-069-445131,Mobile,+855069445131
Smart-069-445132,Mobile,+855069445132
Smart-069-445133,Mobile,+855069445133
Smart-069-445134,Mobile,+855069445134
Smart-069-445135,Mobile,+855069445135
Smart-069-445136,Mobile,+855069445136
Smart-069-445137,Mobile,+855069445137
Smart-069-445138,Mobile,+855069445138
Smart-069-445139,Mobile,+855069445139
Smart-069-445140,Mobile,+855069445140
Smart-069-445141,Mobile,+855069445141
Smart-069-445142,Mobile,+855069445142
Smart-069-445143,Mobile,+855069445143
Smart-069-445144,Mobile,+855069445144
Smart-069-445145,Mobile,+855069445145
Smart-069-445146,Mobile,+855069445146
Smart-069-445147,Mobile,+855069445147
Smart-069-445148,Mobile,+855069445148
Smart-069-445149,Mobile,+855069445149
Smart-069-445150,Mobile,+855069445150
Smart-069-445151,Mobile,+855069445151
Smart-069-445152,Mobile,+855069445152
Smart-069-445153,Mobile,+855069445153
Smart-069-445154,Mobile,+855069445154
Smart-069-445155,Mobile,+855069445155
Smart-069-445156,Mobile,+855069445156
Smart-069-445157,Mobile,+855069445157
Smart-069-445158,Mobile,+855069445158
Smart-069-445159,Mobile,+855069445159
Smart-069-445160,Mobile,+855069445160
Smart-069-445161,Mobile,+855069445161
Smart-069-445162,Mobile,+855069445162
Smart-069-445163,Mobile,+855069445163
Smart-069-445164,Mobile,+855069445164
Smart-069-445165,Mobile,+855069445165
Smart-069-445166,Mobile,+855069445166
Smart-069-445167,Mobile,+855069445167
Smart-069-445168,Mobile,+855069445168
Smart-069-445169,Mobile,+855069445169
Smart-069-445170,Mobile,+855069445170
Smart-069-445171,Mobile,+855069445171
Smart-069-445172,Mobile,+855069445172
Smart-069-445173,Mobile,+855069445173
Smart-069-445174,Mobile,+855069445174
Smart-069-445175,Mobile,+855069445175
Smart-069-445176,Mobile,+855069445176
Smart-069-445177,Mobile,+855069445177
Smart-069-445178,Mobile,+855069445178
Smart-069-445179,Mobile,+855069445179
Smart-069-445180,Mobile,+855069445180
Smart-069-445181,Mobile,+855069445181
Smart-069-445182,Mobile,+855069445182
Smart-069-445183,Mobile,+855069445183
Smart-069-445184,Mobile,+855069445184
Smart-069-445185,Mobile,+855069445185
Smart-069-445186,Mobile,+855069445186
Smart-069-445187,Mobile,+855069445187
Smart-069-445188,Mobile,+855069445188
Smart-069-445189,Mobile,+855069445189
Smart-069-445190,Mobile,+855069445190
Smart-069-445191,Mobile,+855069445191
Smart-069-445192,Mobile,+855069445192
Smart-069-445193,Mobile,+855069445193
Smart-069-445194,Mobile,+855069445194
Smart-069-445195,Mobile,+855069445195
Smart-069-445196,Mobile,+855069445196
Smart-069-445197,Mobile,+855069445197
Smart-069-445198,Mobile,+855069445198
Smart-069-445199,Mobile,+855069445199
Smart-069-445200,Mobile,+855069445200
Smart-069-445201,Mobile,+855069445201
Smart-069-445202,Mobile,+855069445202
Smart-069-445203,Mobile,+855069445203
Smart-069-445204,Mobile,+855069445204
Smart-069-445205,Mobile,+855069445205
Smart-069-445206,Mobile,+855069445206
Smart-069-445207,Mobile,+855069445207
Smart-069-445208,Mobile,+855069445208
Smart-069-445209,Mobile,+855069445209
Smart-069-445210,Mobile,+855069445210
Smart-069-445211,Mobile,+855069445211
Smart-069-445212,Mobile,+855069445212
Smart-069-445213,Mobile,+855069445213
Smart-069-445214,Mobile,+855069445214
Smart-069-445215,Mobile,+855069445215
Smart-069-445216,Mobile,+855069445216
Smart-069-445217,Mobile,+855069445217
Smart-069-445218,Mobile,+855069445218
Smart-069-445219,Mobile,+855069445219
Smart-069-445220,Mobile,+855069445220
Smart-069-445221,Mobile,+855069445221
Smart-069-445222,Mobile,+855069445222
Smart-069-445223,Mobile,+855069445223
Smart-069-445224,Mobile,+855069445224
Smart-069-445225,Mobile,+855069445225
Smart-069-445226,Mobile,+855069445226
Smart-069-445227,Mobile,+855069445227
Smart-069-445228,Mobile,+855069445228
Smart-069-445229,Mobile,+855069445229
Smart-069-445230,Mobile,+855069445230
Smart-069-445231,Mobile,+855069445231
Smart-069-445232,Mobile,+855069445232
Smart-069-445233,Mobile,+855069445233
Smart-069-445234,Mobile,+855069445234
Smart-069-445235,Mobile,+855069445235
Smart-069-445236,Mobile,+855069445236
Smart-069-445237,Mobile,+855069445237
Smart-069-445238,Mobile,+855069445238
Smart-069-445239,Mobile,+855069445239
Smart-069-445240,Mobile,+855069445240
Smart-069-445241,Mobile,+855069445241
Smart-069-445242,Mobile,+855069445242
Smart-069-445243,Mobile,+855069445243
Smart-069-445244,Mobile,+855069445244
Smart-069-445245,Mobile,+855069445245
Smart-069-445246,Mobile,+855069445246
Smart-069-445247,Mobile,+855069445247
Smart-069-445248,Mobile,+855069445248
Smart-069-445249,Mobile,+855069445249
Smart-069-445250,Mobile,+855069445250
Smart-069-445251,Mobile,+855069445251
Smart-069-445252,Mobile,+855069445252
Smart-069-445253,Mobile,+855069445253
Smart-069-445254,Mobile,+855069445254
Smart-069-445255,Mobile,+855069445255
Smart-069-445256,Mobile,+855069445256
Smart-069-445257,Mobile,+855069445257
Smart-069-445258,Mobile,+855069445258
Smart-069-445259,Mobile,+855069445259
Smart-069-445260,Mobile,+855069445260
Smart-069-445261,Mobile,+855069445261
Smart-069-445262,Mobile,+855069445262
Smart-069-445263,Mobile,+855069445263
Smart-069-445264,Mobile,+855069445264
Smart-069-445265,Mobile,+855069445265
Smart-069-445266,Mobile,+855069445266
Smart-069-445267,Mobile,+855069445267
Smart-069-445268,Mobile,+855069445268
Smart-069-445269,Mobile,+855069445269
Smart-069-445270,Mobile,+855069445270
Smart-069-445271,Mobile,+855069445271
Smart-069-445272,Mobile,+855069445272
Smart-069-445273,Mobile,+855069445273
Smart-069-445274,Mobile,+855069445274
Smart-069-445275,Mobile,+855069445275
Smart-069-445276,Mobile,+855069445276
Smart-069-445277,Mobile,+855069445277
Smart-069-445278,Mobile,+855069445278
Smart-069-445279,Mobile,+855069445279
Smart-069-445280,Mobile,+855069445280
Smart-069-445281,Mobile,+855069445281
Smart-069-445282,Mobile,+855069445282
Smart-069-445283,Mobile,+855069445283
Smart-069-445284,Mobile,+855069445284
Smart-069-445285,Mobile,+855069445285
Smart-069-445286,Mobile,+855069445286
Smart-069-445287,Mobile,+855069445287
Smart-069-445288,Mobile,+855069445288
Smart-069-445289,Mobile,+855069445289
Smart-069-445290,Mobile,+855069445290
Smart-069-445291,Mobile,+855069445291
Smart-069-445292,Mobile,+855069445292
Smart-069-445293,Mobile,+855069445293
Smart-069-445294,Mobile,+855069445294
Smart-069-445295,Mobile,+855069445295
Smart-069-445296,Mobile,+855069445296
Smart-069-445297,Mobile,+855069445297
Smart-069-445298,Mobile,+855069445298
Smart-069-445299,Mobile,+855069445299
Smart-069-445300,Mobile,+855069445300
Smart-069-445301,Mobile,+855069445301
Smart-069-445302,Mobile,+855069445302
Smart-069-445303,Mobile,+855069445303
Smart-069-445304,Mobile,+855069445304
Smart-069-445305,Mobile,+855069445305
Smart-069-445306,Mobile,+855069445306
Smart-069-445307,Mobile,+855069445307
Smart-069-445308,Mobile,+855069445308
Smart-069-445309,Mobile,+855069445309
Smart-069-445310,Mobile,+855069445310
Smart-069-445311,Mobile,+855069445311
Smart-069-445312,Mobile,+855069445312
Smart-069-445313,Mobile,+855069445313
Smart-069-445314,Mobile,+855069445314
Smart-069-445315,Mobile,+855069445315
Smart-069-445316,Mobile,+855069445316
Smart-069-445317,Mobile,+855069445317
Smart-069-445318,Mobile,+855069445318
Smart-069-445319,Mobile,+855069445319
Smart-069-445320,Mobile,+855069445320
Smart-069-445321,Mobile,+855069445321
Smart-069-445322,Mobile,+855069445322
Smart-069-445323,Mobile,+855069445323
Smart-069-445324,Mobile,+855069445324
Smart-069-445325,Mobile,+855069445325
Smart-069-445326,Mobile,+855069445326
Smart-069-445327,Mobile,+855069445327
Smart-069-445328,Mobile,+855069445328
Smart-069-445329,Mobile,+855069445329
Smart-069-445330,Mobile,+855069445330
Smart-069-445331,Mobile,+855069445331
Smart-069-445332,Mobile,+855069445332
Smart-069-445333,Mobile,+855069445333
Smart-069-445334,Mobile,+855069445334
Smart-069-445335,Mobile,+855069445335
Smart-069-445336,Mobile,+855069445336
Smart-069-445337,Mobile,+855069445337
Smart-069-445338,Mobile,+855069445338
Smart-069-445339,Mobile,+855069445339
Smart-069-445340,Mobile,+855069445340
Smart-069-445341,Mobile,+855069445341
Smart-069-445342,Mobile,+855069445342
Smart-069-445343,Mobile,+855069445343
Smart-069-445344,Mobile,+855069445344
Smart-069-445345,Mobile,+855069445345
Smart-069-445346,Mobile,+855069445346
Smart-069-445347,Mobile,+855069445347
Smart-069-445348,Mobile,+855069445348
Smart-069-445349,Mobile,+855069445349
Smart-069-445350,Mobile,+855069445350
Smart-069-445351,Mobile,+855069445351
Smart-069-445352,Mobile,+855069445352
Smart-069-445353,Mobile,+855069445353
Smart-069-445354,Mobile,+855069445354
Smart-069-445355,Mobile,+855069445355
Smart-069-445356,Mobile,+855069445356
Smart-069-445357,Mobile,+855069445357
Smart-069-445358,Mobile,+855069445358
Smart-069-445359,Mobile,+855069445359
Smart-069-445360,Mobile,+855069445360
Smart-069-445361,Mobile,+855069445361
Smart-069-445362,Mobile,+855069445362
Smart-069-445363,Mobile,+855069445363
Smart-069-445364,Mobile,+855069445364
Smart-069-445365,Mobile,+855069445365
Smart-069-445366,Mobile,+855069445366
Smart-069-445367,Mobile,+855069445367
Smart-069-445368,Mobile,+855069445368
Smart-069-445369,Mobile,+855069445369
Smart-069-445370,Mobile,+855069445370
Smart-069-445371,Mobile,+855069445371
Smart-069-445372,Mobile,+855069445372
Smart-069-445373,Mobile,+855069445373
Smart-069-445374,Mobile,+855069445374
Smart-069-445375,Mobile,+855069445375
Smart-069-445376,Mobile,+855069445376
Smart-069-445377,Mobile,+855069445377
Smart-069-445378,Mobile,+855069445378
Smart-069-445379,Mobile,+855069445379
Smart-069-445380,Mobile,+855069445380
Smart-069-445381,Mobile,+855069445381
Smart-069-445382,Mobile,+855069445382
Smart-069-445383,Mobile,+855069445383
Smart-069-445384,Mobile,+855069445384
Smart-069-445385,Mobile,+855069445385
Smart-069-445386,Mobile,+855069445386
Smart-069-445387,Mobile,+855069445387
Smart-069-445388,Mobile,+855069445388
Smart-069-445389,Mobile,+855069445389
Smart-069-445390,Mobile,+855069445390
Smart-069-445391,Mobile,+855069445391
Smart-069-445392,Mobile,+855069445392
Smart-069-445393,Mobile,+855069445393
Smart-069-445394,Mobile,+855069445394
Smart-069-445395,Mobile,+855069445395
Smart-069-445396,Mobile,+855069445396
Smart-069-445397,Mobile,+855069445397
Smart-069-445398,Mobile,+855069445398
Smart-069-445399,Mobile,+855069445399
Smart-069-445400,Mobile,+855069445400
Smart-069-445401,Mobile,+855069445401
Smart-069-445402,Mobile,+855069445402
Smart-069-445403,Mobile,+855069445403
Smart-069-445404,Mobile,+855069445404
Smart-069-445405,Mobile,+855069445405
Smart-069-445406,Mobile,+855069445406
Smart-069-445407,Mobile,+855069445407
Smart-069-445408,Mobile,+855069445408
Smart-069-445409,Mobile,+855069445409
Smart-069-445410,Mobile,+855069445410
Smart-069-445411,Mobile,+855069445411
Smart-069-445412,Mobile,+855069445412
Smart-069-445413,Mobile,+855069445413
Smart-069-445414,Mobile,+855069445414
Smart-069-445415,Mobile,+855069445415
Smart-069-445416,Mobile,+855069445416
Smart-069-445417,Mobile,+855069445417
Smart-069-445418,Mobile,+855069445418
Smart-069-445419,Mobile,+855069445419
Smart-069-445420,Mobile,+855069445420
Smart-069-445421,Mobile,+855069445421
Smart-069-445422,Mobile,+855069445422
Smart-069-445423,Mobile,+855069445423
Smart-069-445424,Mobile,+855069445424
Smart-069-445425,Mobile,+855069445425
Smart-069-445426,Mobile,+855069445426
Smart-069-445427,Mobile,+855069445427
Smart-069-445428,Mobile,+855069445428
Smart-069-445429,Mobile,+855069445429
Smart-069-445430,Mobile,+855069445430
Smart-069-445431,Mobile,+855069445431
Smart-069-445432,Mobile,+855069445432
Smart-069-445433,Mobile,+855069445433
Smart-069-445434,Mobile,+855069445434
Smart-069-445435,Mobile,+855069445435
Smart-069-445436,Mobile,+855069445436
Smart-069-445437,Mobile,+855069445437
Smart-069-445438,Mobile,+855069445438
Smart-069-445439,Mobile,+855069445439
Smart-069-445440,Mobile,+855069445440
Smart-069-445441,Mobile,+855069445441
Smart-069-445442,Mobile,+855069445442
Smart-069-445443,Mobile,+855069445443
Smart-069-445444,Mobile,+855069445444
Smart-069-445445,Mobile,+855069445445
Smart-069-445446,Mobile,+855069445446
Smart-069-445447,Mobile,+855069445447
Smart-069-445448,Mobile,+855069445448
Smart-069-445449,Mobile,+855069445449
Smart-069-445450,Mobile,+855069445450
Smart-069-445451,Mobile,+855069445451
Smart-069-445452,Mobile,+855069445452
Smart-069-445453,Mobile,+855069445453
Smart-069-445454,Mobile,+855069445454
Smart-069-445455,Mobile,+855069445455
Smart-069-445456,Mobile,+855069445456
Smart-069-445457,Mobile,+855069445457
Smart-069-445458,Mobile,+855069445458
Smart-069-445459,Mobile,+855069445459
Smart-069-445460,Mobile,+855069445460
Smart-069-445461,Mobile,+855069445461
Smart-069-445462,Mobile,+855069445462
Smart-069-445463,Mobile,+855069445463
Smart-069-445464,Mobile,+855069445464
Smart-069-445465,Mobile,+855069445465
Smart-069-445466,Mobile,+855069445466
Smart-069-445467,Mobile,+855069445467
Smart-069-445468,Mobile,+855069445468
Smart-069-445469,Mobile,+855069445469
Smart-069-445470,Mobile,+855069445470
Smart-069-445471,Mobile,+855069445471
Smart-069-445472,Mobile,+855069445472
Smart-069-445473,Mobile,+855069445473
Smart-069-445474,Mobile,+855069445474
Smart-069-445475,Mobile,+855069445475
Smart-069-445476,Mobile,+855069445476
Smart-069-445477,Mobile,+855069445477
Smart-069-445478,Mobile,+855069445478
Smart-069-445479,Mobile,+855069445479
Smart-069-445480,Mobile,+855069445480
Smart-069-445481,Mobile,+855069445481
Smart-069-445482,Mobile,+855069445482
Smart-069-445483,Mobile,+855069445483
Smart-069-445484,Mobile,+855069445484
Smart-069-445485,Mobile,+855069445485
Smart-069-445486,Mobile,+855069445486
Smart-069-445487,Mobile,+855069445487
Smart-069-445488,Mobile,+855069445488
Smart-069-445489,Mobile,+855069445489
Smart-069-445490,Mobile,+855069445490
Smart-069-445491,Mobile,+855069445491
Smart-069-445492,Mobile,+855069445492
Smart-069-445493,Mobile,+855069445493
Smart-069-445494,Mobile,+855069445494
Smart-069-445495,Mobile,+855069445495
Smart-069-445496,Mobile,+855069445496
Smart-069-445497,Mobile,+855069445497
Smart-069-445498,Mobile,+855069445498
Smart-069-445499,Mobile,+855069445499
Smart-069-445500,Mobile,+855069445500
Smart-069-445501,Mobile,+855069445501
Smart-069-445502,Mobile,+855069445502
Smart-069-445503,Mobile,+855069445503
Smart-069-445504,Mobile,+855069445504
Smart-069-445505,Mobile,+855069445505
Smart-069-445506,Mobile,+855069445506
Smart-069-445507,Mobile,+855069445507
Smart-069-445508,Mobile,+855069445508
Smart-069-445509,Mobile,+855069445509
Smart-069-445510,Mobile,+855069445510
Smart-069-445511,Mobile,+855069445511
Smart-069-445512,Mobile,+855069445512
Smart-069-445513,Mobile,+855069445513
Smart-069-445514,Mobile,+855069445514
Smart-069-445515,Mobile,+855069445515
Smart-069-445516,Mobile,+855069445516
Smart-069-445517,Mobile,+855069445517
Smart-069-445518,Mobile,+855069445518
Smart-069-445519,Mobile,+855069445519
Smart-069-445520,Mobile,+855069445520
Smart-069-445521,Mobile,+855069445521
Smart-069-445522,Mobile,+855069445522
Smart-069-445523,Mobile,+855069445523
Smart-069-445524,Mobile,+855069445524
Smart-069-445525,Mobile,+855069445525
Smart-069-445526,Mobile,+855069445526
Smart-069-445527,Mobile,+855069445527
Smart-069-445528,Mobile,+855069445528
Smart-069-445529,Mobile,+855069445529
Smart-069-445530,Mobile,+855069445530
Smart-069-445531,Mobile,+855069445531
Smart-069-445532,Mobile,+855069445532
Smart-069-445533,Mobile,+855069445533
Smart-069-445534,Mobile,+855069445534
Smart-069-445535,Mobile,+855069445535
Smart-069-445536,Mobile,+855069445536
Smart-069-445537,Mobile,+855069445537
Smart-069-445538,Mobile,+855069445538
Smart-069-445539,Mobile,+855069445539
Smart-069-445540,Mobile,+855069445540
Smart-069-445541,Mobile,+855069445541
Smart-069-445542,Mobile,+855069445542
Smart-069-445543,Mobile,+855069445543
Smart-069-445544,Mobile,+855069445544
Smart-069-445545,Mobile,+855069445545
Smart-069-445546,Mobile,+855069445546
Smart-069-445547,Mobile,+855069445547
Smart-069-445548,Mobile,+855069445548
Smart-069-445549,Mobile,+855069445549
Smart-069-445550,Mobile,+855069445550
Smart-069-445551,Mobile,+855069445551
Smart-069-445552,Mobile,+855069445552
Smart-069-445553,Mobile,+855069445553
Smart-069-445554,Mobile,+855069445554
Smart-069-445555,Mobile,+855069445555
Smart-069-445556,Mobile,+855069445556
Smart-069-445557,Mobile,+855069445557
Smart-069-445558,Mobile,+855069445558
Smart-069-445559,Mobile,+855069445559
Smart-069-445560,Mobile,+855069445560
Smart-069-445561,Mobile,+855069445561
Smart-069-445562,Mobile,+855069445562
Smart-069-445563,Mobile,+855069445563
Smart-069-445564,Mobile,+855069445564
Smart-069-445565,Mobile,+855069445565
Smart-069-445566,Mobile,+855069445566
Smart-069-445567,Mobile,+855069445567
Smart-069-445568,Mobile,+855069445568
Smart-069-445569,Mobile,+855069445569
Smart-069-445570,Mobile,+855069445570
Smart-069-445571,Mobile,+855069445571
Smart-069-445572,Mobile,+855069445572
Smart-069-445573,Mobile,+855069445573
Smart-069-445574,Mobile,+855069445574
Smart-069-445575,Mobile,+855069445575
Smart-069-445576,Mobile,+855069445576
Smart-069-445577,Mobile,+855069445577
Smart-069-445578,Mobile,+855069445578
Smart-069-445579,Mobile,+855069445579
Smart-069-445580,Mobile,+855069445580
Smart-069-445581,Mobile,+855069445581
Smart-069-445582,Mobile,+855069445582
Smart-069-445583,Mobile,+855069445583
Smart-069-445584,Mobile,+855069445584
Smart-069-445585,Mobile,+855069445585
Smart-069-445586,Mobile,+855069445586
Smart-069-445587,Mobile,+855069445587
Smart-069-445588,Mobile,+855069445588
Smart-069-445589,Mobile,+855069445589
Smart-069-445590,Mobile,+855069445590
Smart-069-445591,Mobile,+855069445591
Smart-069-445592,Mobile,+855069445592
Smart-069-445593,Mobile,+855069445593
Smart-069-445594,Mobile,+855069445594
Smart-069-445595,Mobile,+855069445595
Smart-069-445596,Mobile,+855069445596
Smart-069-445597,Mobile,+855069445597
Smart-069-445598,Mobile,+855069445598
Smart-069-445599,Mobile,+855069445599
Smart-069-445600,Mobile,+855069445600
Smart-069-445601,Mobile,+855069445601
Smart-069-445602,Mobile,+855069445602
Smart-069-445603,Mobile,+855069445603
Smart-069-445604,Mobile,+855069445604
Smart-069-445605,Mobile,+855069445605
Smart-069-445606,Mobile,+855069445606
Smart-069-445607,Mobile,+855069445607
Smart-069-445608,Mobile,+855069445608
Smart-069-445609,Mobile,+855069445609
Smart-069-445610,Mobile,+855069445610
Smart-069-445611,Mobile,+855069445611
Smart-069-445612,Mobile,+855069445612
Smart-069-445613,Mobile,+855069445613
Smart-069-445614,Mobile,+855069445614
Smart-069-445615,Mobile,+855069445615
Smart-069-445616,Mobile,+855069445616
Smart-069-445617,Mobile,+855069445617
Smart-069-445618,Mobile,+855069445618
Smart-069-445619,Mobile,+855069445619
Smart-069-445620,Mobile,+855069445620
Smart-069-445621,Mobile,+855069445621
Smart-069-445622,Mobile,+855069445622
Smart-069-445623,Mobile,+855069445623
Smart-069-445624,Mobile,+855069445624
Smart-069-445625,Mobile,+855069445625
Smart-069-445626,Mobile,+855069445626
Smart-069-445627,Mobile,+855069445627
Smart-069-445628,Mobile,+855069445628
Smart-069-445629,Mobile,+855069445629
Smart-069-445630,Mobile,+855069445630
Smart-069-445631,Mobile,+855069445631
Smart-069-445632,Mobile,+855069445632
Smart-069-445633,Mobile,+855069445633
Smart-069-445634,Mobile,+855069445634
Smart-069-445635,Mobile,+855069445635
Smart-069-445636,Mobile,+855069445636
Smart-069-445637,Mobile,+855069445637
Smart-069-445638,Mobile,+855069445638
Smart-069-445639,Mobile,+855069445639
Smart-069-445640,Mobile,+855069445640
Smart-069-445641,Mobile,+855069445641
Smart-069-445642,Mobile,+855069445642
Smart-069-445643,Mobile,+855069445643
Smart-069-445644,Mobile,+855069445644
Smart-069-445645,Mobile,+855069445645
Smart-069-445646,Mobile,+855069445646
Smart-069-445647,Mobile,+855069445647
Smart-069-445648,Mobile,+855069445648
Smart-069-445649,Mobile,+855069445649
Smart-069-445650,Mobile,+855069445650
Smart-069-445651,Mobile,+855069445651
Smart-069-445652,Mobile,+855069445652
Smart-069-445653,Mobile,+855069445653
Smart-069-445654,Mobile,+855069445654
Smart-069-445655,Mobile,+855069445655
Smart-069-445656,Mobile,+855069445656
Smart-069-445657,Mobile,+855069445657
Smart-069-445658,Mobile,+855069445658
Smart-069-445659,Mobile,+855069445659
Smart-069-445660,Mobile,+855069445660
Smart-069-445661,Mobile,+855069445661
Smart-069-445662,Mobile,+855069445662
Smart-069-445663,Mobile,+855069445663
Smart-069-445664,Mobile,+855069445664
Smart-069-445665,Mobile,+855069445665
Smart-069-445666,Mobile,+855069445666
Smart-069-445667,Mobile,+855069445667
Smart-069-445668,Mobile,+855069445668
Smart-069-445669,Mobile,+855069445669
Smart-069-445670,Mobile,+855069445670
Smart-069-445671,Mobile,+855069445671
Smart-069-445672,Mobile,+855069445672
Smart-069-445673,Mobile,+855069445673
Smart-069-445674,Mobile,+855069445674
Smart-069-445675,Mobile,+855069445675
Smart-069-445676,Mobile,+855069445676
Smart-069-445677,Mobile,+855069445677
Smart-069-445678,Mobile,+855069445678
Smart-069-445679,Mobile,+855069445679
Smart-069-445680,Mobile,+855069445680
Smart-069-445681,Mobile,+855069445681
Smart-069-445682,Mobile,+855069445682
Smart-069-445683,Mobile,+855069445683
Smart-069-445684,Mobile,+855069445684
Smart-069-445685,Mobile,+855069445685
Smart-069-445686,Mobile,+855069445686
Smart-069-445687,Mobile,+855069445687
Smart-069-445688,Mobile,+855069445688
Smart-069-445689,Mobile,+855069445689
Smart-069-445690,Mobile,+855069445690
Smart-069-445691,Mobile,+855069445691
Smart-069-445692,Mobile,+855069445692
Smart-069-445693,Mobile,+855069445693
Smart-069-445694,Mobile,+855069445694
Smart-069-445695,Mobile,+855069445695
Smart-069-445696,Mobile,+855069445696
Smart-069-445697,Mobile,+855069445697
Smart-069-445698,Mobile,+855069445698
Smart-069-445699,Mobile,+855069445699
Smart-069-445700,Mobile,+855069445700
Smart-069-445701,Mobile,+855069445701
Smart-069-445702,Mobile,+855069445702
Smart-069-445703,Mobile,+855069445703
Smart-069-445704,Mobile,+855069445704
Smart-069-445705,Mobile,+855069445705
Smart-069-445706,Mobile,+855069445706
Smart-069-445707,Mobile,+855069445707
Smart-069-445708,Mobile,+855069445708
Smart-069-445709,Mobile,+855069445709
Smart-069-445710,Mobile,+855069445710
Smart-069-445711,Mobile,+855069445711
Smart-069-445712,Mobile,+855069445712
Smart-069-445713,Mobile,+855069445713
Smart-069-445714,Mobile,+855069445714
Smart-069-445715,Mobile,+855069445715
Smart-069-445716,Mobile,+855069445716
Smart-069-445717,Mobile,+855069445717
Smart-069-445718,Mobile,+855069445718
Smart-069-445719,Mobile,+855069445719
Smart-069-445720,Mobile,+855069445720
Smart-069-445721,Mobile,+855069445721
Smart-069-445722,Mobile,+855069445722
Smart-069-445723,Mobile,+855069445723
Smart-069-445724,Mobile,+855069445724
Smart-069-445725,Mobile,+855069445725
Smart-069-445726,Mobile,+855069445726
Smart-069-445727,Mobile,+855069445727
Smart-069-445728,Mobile,+855069445728
Smart-069-445729,Mobile,+855069445729
Smart-069-445730,Mobile,+855069445730
Smart-069-445731,Mobile,+855069445731
Smart-069-445732,Mobile,+855069445732
Smart-069-445733,Mobile,+855069445733
Smart-069-445734,Mobile,+855069445734
Smart-069-445735,Mobile,+855069445735
Smart-069-445736,Mobile,+855069445736
Smart-069-445737,Mobile,+855069445737
Smart-069-445738,Mobile,+855069445738
Smart-069-445739,Mobile,+855069445739
Smart-069-445740,Mobile,+855069445740
Smart-069-445741,Mobile,+855069445741
Smart-069-445742,Mobile,+855069445742
Smart-069-445743,Mobile,+855069445743
Smart-069-445744,Mobile,+855069445744
Smart-069-445745,Mobile,+855069445745
Smart-069-445746,Mobile,+855069445746
Smart-069-445747,Mobile,+855069445747
Smart-069-445748,Mobile,+855069445748
Smart-069-445749,Mobile,+855069445749
Smart-069-445750,Mobile,+855069445750
Smart-069-445751,Mobile,+855069445751
Smart-069-445752,Mobile,+855069445752
Smart-069-445753,Mobile,+855069445753
Smart-069-445754,Mobile,+855069445754
Smart-069-445755,Mobile,+855069445755
Smart-069-445756,Mobile,+855069445756
Smart-069-445757,Mobile,+855069445757
Smart-069-445758,Mobile,+855069445758
Smart-069-445759,Mobile,+855069445759
Smart-069-445760,Mobile,+855069445760
Smart-069-445761,Mobile,+855069445761
Smart-069-445762,Mobile,+855069445762
Smart-069-445763,Mobile,+855069445763
Smart-069-445764,Mobile,+855069445764
Smart-069-445765,Mobile,+855069445765
Smart-069-445766,Mobile,+855069445766
Smart-069-445767,Mobile,+855069445767
Smart-069-445768,Mobile,+855069445768
Smart-069-445769,Mobile,+855069445769
Smart-069-445770,Mobile,+855069445770
Smart-069-445771,Mobile,+855069445771
Smart-069-445772,Mobile,+855069445772
Smart-069-445773,Mobile,+855069445773
Smart-069-445774,Mobile,+855069445774
Smart-069-445775,Mobile,+855069445775
Smart-069-445776,Mobile,+855069445776
Smart-069-445777,Mobile,+855069445777
Smart-069-445778,Mobile,+855069445778
Smart-069-445779,Mobile,+855069445779
Smart-069-445780,Mobile,+855069445780
Smart-069-445781,Mobile,+855069445781
Smart-069-445782,Mobile,+855069445782
Smart-069-445783,Mobile,+855069445783
Smart-069-445784,Mobile,+855069445784
Smart-069-445785,Mobile,+855069445785
Smart-069-445786,Mobile,+855069445786
Smart-069-445787,Mobile,+855069445787
Smart-069-445788,Mobile,+855069445788
Smart-069-445789,Mobile,+855069445789
Smart-069-445790,Mobile,+855069445790
Smart-069-445791,Mobile,+855069445791
Smart-069-445792,Mobile,+855069445792
Smart-069-445793,Mobile,+855069445793
Smart-069-445794,Mobile,+855069445794
Smart-069-445795,Mobile,+855069445795
Smart-069-445796,Mobile,+855069445796
Smart-069-445797,Mobile,+855069445797
Smart-069-445798,Mobile,+855069445798
Smart-069-445799,Mobile,+855069445799
Smart-069-445800,Mobile,+855069445800
Smart-069-445801,Mobile,+855069445801
Smart-069-445802,Mobile,+855069445802
Smart-069-445803,Mobile,+855069445803
Smart-069-445804,Mobile,+855069445804
Smart-069-445805,Mobile,+855069445805
Smart-069-445806,Mobile,+855069445806
Smart-069-445807,Mobile,+855069445807
Smart-069-445808,Mobile,+855069445808
Smart-069-445809,Mobile,+855069445809
Smart-069-445810,Mobile,+855069445810
Smart-069-445811,Mobile,+855069445811
Smart-069-445812,Mobile,+855069445812
Smart-069-445813,Mobile,+855069445813
Smart-069-445814,Mobile,+855069445814
Smart-069-445815,Mobile,+855069445815
Smart-069-445816,Mobile,+855069445816
Smart-069-445817,Mobile,+855069445817
Smart-069-445818,Mobile,+855069445818
Smart-069-445819,Mobile,+855069445819
Smart-069-445820,Mobile,+855069445820
Smart-069-445821,Mobile,+855069445821
Smart-069-445822,Mobile,+855069445822
Smart-069-445823,Mobile,+855069445823
Smart-069-445824,Mobile,+855069445824
Smart-069-445825,Mobile,+855069445825
Smart-069-445826,Mobile,+855069445826
Smart-069-445827,Mobile,+855069445827
Smart-069-445828,Mobile,+855069445828
Smart-069-445829,Mobile,+855069445829
Smart-069-445830,Mobile,+855069445830
Smart-069-445831,Mobile,+855069445831
Smart-069-445832,Mobile,+855069445832
Smart-069-445833,Mobile,+855069445833
Smart-069-445834,Mobile,+855069445834
Smart-069-445835,Mobile,+855069445835
Smart-069-445836,Mobile,+855069445836
Smart-069-445837,Mobile,+855069445837
Smart-069-445838,Mobile,+855069445838
Smart-069-445839,Mobile,+855069445839
Smart-069-445840,Mobile,+855069445840
Smart-069-445841,Mobile,+855069445841
Smart-069-445842,Mobile,+855069445842
Smart-069-445843,Mobile,+855069445843
Smart-069-445844,Mobile,+855069445844
Smart-069-445845,Mobile,+855069445845
Smart-069-445846,Mobile,+855069445846
Smart-069-445847,Mobile,+855069445847
Smart-069-445848,Mobile,+855069445848
Smart-069-445849,Mobile,+855069445849
Smart-069-445850,Mobile,+855069445850
Smart-069-445851,Mobile,+855069445851
Smart-069-445852,Mobile,+855069445852
Smart-069-445853,Mobile,+855069445853
Smart-069-445854,Mobile,+855069445854
Smart-069-445855,Mobile,+855069445855
Smart-069-445856,Mobile,+855069445856
Smart-069-445857,Mobile,+855069445857
Smart-069-445858,Mobile,+855069445858
Smart-069-445859,Mobile,+855069445859
Smart-069-445860,Mobile,+855069445860
Smart-069-445861,Mobile,+855069445861
Smart-069-445862,Mobile,+855069445862
Smart-069-445863,Mobile,+855069445863
Smart-069-445864,Mobile,+855069445864
Smart-069-445865,Mobile,+855069445865
Smart-069-445866,Mobile,+855069445866
Smart-069-445867,Mobile,+855069445867
Smart-069-445868,Mobile,+855069445868
Smart-069-445869,Mobile,+855069445869
Smart-069-445870,Mobile,+855069445870
Smart-069-445871,Mobile,+855069445871
Smart-069-445872,Mobile,+855069445872
Smart-069-445873,Mobile,+855069445873
Smart-069-445874,Mobile,+855069445874
Smart-069-445875,Mobile,+855069445875
Smart-069-445876,Mobile,+855069445876
Smart-069-445877,Mobile,+855069445877
Smart-069-445878,Mobile,+855069445878
Smart-069-445879,Mobile,+855069445879
Smart-069-445880,Mobile,+855069445880
Smart-069-445881,Mobile,+855069445881
Smart-069-445882,Mobile,+855069445882
Smart-069-445883,Mobile,+855069445883
Smart-069-445884,Mobile,+855069445884
Smart-069-445885,Mobile,+855069445885
Smart-069-445886,Mobile,+855069445886
Smart-069-445887,Mobile,+855069445887
Smart-069-445888,Mobile,+855069445888
Smart-069-445889,Mobile,+855069445889
Smart-069-445890,Mobile,+855069445890
Smart-069-445891,Mobile,+855069445891
Smart-069-445892,Mobile,+855069445892
Smart-069-445893,Mobile,+855069445893
Smart-069-445894,Mobile,+855069445894
Smart-069-445895,Mobile,+855069445895
Smart-069-445896,Mobile,+855069445896
Smart-069-445897,Mobile,+855069445897
Smart-069-445898,Mobile,+855069445898
Smart-069-445899,Mobile,+855069445899
Smart-069-445900,Mobile,+855069445900
Smart-069-445901,Mobile,+855069445901
Smart-069-445902,Mobile,+855069445902
Smart-069-445903,Mobile,+855069445903
Smart-069-445904,Mobile,+855069445904
Smart-069-445905,Mobile,+855069445905
Smart-069-445906,Mobile,+855069445906
Smart-069-445907,Mobile,+855069445907
Smart-069-445908,Mobile,+855069445908
Smart-069-445909,Mobile,+855069445909
Smart-069-445910,Mobile,+855069445910
Smart-069-445911,Mobile,+855069445911
Smart-069-445912,Mobile,+855069445912
Smart-069-445913,Mobile,+855069445913
Smart-069-445914,Mobile,+855069445914
Smart-069-445915,Mobile,+855069445915
Smart-069-445916,Mobile,+855069445916
Smart-069-445917,Mobile,+855069445917
Smart-069-445918,Mobile,+855069445918
Smart-069-445919,Mobile,+855069445919
Smart-069-445920,Mobile,+855069445920
Smart-069-445921,Mobile,+855069445921
Smart-069-445922,Mobile,+855069445922
Smart-069-445923,Mobile,+855069445923
Smart-069-445924,Mobile,+855069445924
Smart-069-445925,Mobile,+855069445925
Smart-069-445926,Mobile,+855069445926
Smart-069-445927,Mobile,+855069445927
Smart-069-445928,Mobile,+855069445928
Smart-069-445929,Mobile,+855069445929
Smart-069-445930,Mobile,+855069445930
Smart-069-445931,Mobile,+855069445931
Smart-069-445932,Mobile,+855069445932
Smart-069-445933,Mobile,+855069445933
Smart-069-445934,Mobile,+855069445934
Smart-069-445935,Mobile,+855069445935
Smart-069-445936,Mobile,+855069445936
Smart-069-445937,Mobile,+855069445937
Smart-069-445938,Mobile,+855069445938
Smart-069-445939,Mobile,+855069445939
Smart-069-445940,Mobile,+855069445940
Smart-069-445941,Mobile,+855069445941
Smart-069-445942,Mobile,+855069445942
Smart-069-445943,Mobile,+855069445943
Smart-069-445944,Mobile,+855069445944
Smart-069-445945,Mobile,+855069445945
Smart-069-445946,Mobile,+855069445946
Smart-069-445947,Mobile,+855069445947
Smart-069-445948,Mobile,+855069445948
Smart-069-445949,Mobile,+855069445949
Smart-069-445950,Mobile,+855069445950
Smart-069-445951,Mobile,+855069445951
Smart-069-445952,Mobile,+855069445952
Smart-069-445953,Mobile,+855069445953
Smart-069-445954,Mobile,+855069445954
Smart-069-445955,Mobile,+855069445955
Smart-069-445956,Mobile,+855069445956
Smart-069-445957,Mobile,+855069445957
Smart-069-445958,Mobile,+855069445958
Smart-069-445959,Mobile,+855069445959
Smart-069-445960,Mobile,+855069445960
Smart-069-445961,Mobile,+855069445961
Smart-069-445962,Mobile,+855069445962
Smart-069-445963,Mobile,+855069445963
Smart-069-445964,Mobile,+855069445964
Smart-069-445965,Mobile,+855069445965
Smart-069-445966,Mobile,+855069445966
Smart-069-445967,Mobile,+855069445967
Smart-069-445968,Mobile,+855069445968
Smart-069-445969,Mobile,+855069445969
Smart-069-445970,Mobile,+855069445970
Smart-069-445971,Mobile,+855069445971
Smart-069-445972,Mobile,+855069445972
Smart-069-445973,Mobile,+855069445973
Smart-069-445974,Mobile,+855069445974
Smart-069-445975,Mobile,+855069445975
Smart-069-445976,Mobile,+855069445976
Smart-069-445977,Mobile,+855069445977
Smart-069-445978,Mobile,+855069445978
Smart-069-445979,Mobile,+855069445979
Smart-069-445980,Mobile,+855069445980
Smart-069-445981,Mobile,+855069445981
Smart-069-445982,Mobile,+855069445982
Smart-069-445983,Mobile,+855069445983
Smart-069-445984,Mobile,+855069445984
Smart-069-445985,Mobile,+855069445985
Smart-069-445986,Mobile,+855069445986
Smart-069-445987,Mobile,+855069445987
Smart-069-445988,Mobile,+855069445988
Smart-069-445989,Mobile,+855069445989
Smart-069-445990,Mobile,+855069445990
Smart-069-445991,Mobile,+855069445991
Smart-069-445992,Mobile,+855069445992
Smart-069-445993,Mobile,+855069445993
Smart-069-445994,Mobile,+855069445994
Smart-069-445995,Mobile,+855069445995
Smart-069-445996,Mobile,+855069445996
Smart-069-445997,Mobile,+855069445997
Smart-069-445998,Mobile,+855069445998
Smart-069-445999,Mobile,+855069445999
Smart-069-446000,Mobile,+855069446000
Smart-069-446001,Mobile,+855069446001
Smart-069-446002,Mobile,+855069446002
Smart-069-446003,Mobile,+855069446003
Smart-069-446004,Mobile,+855069446004
Smart-069-446005,Mobile,+855069446005
Smart-069-446006,Mobile,+855069446006
Smart-069-446007,Mobile,+855069446007
Smart-069-446008,Mobile,+855069446008
Smart-069-446009,Mobile,+855069446009
Smart-069-446010,Mobile,+855069446010
Smart-069-446011,Mobile,+855069446011
Smart-069-446012,Mobile,+855069446012
Smart-069-446013,Mobile,+855069446013
Smart-069-446014,Mobile,+855069446014
Smart-069-446015,Mobile,+855069446015
Smart-069-446016,Mobile,+855069446016
Smart-069-446017,Mobile,+855069446017
Smart-069-446018,Mobile,+855069446018
Smart-069-446019,Mobile,+855069446019
Smart-069-446020,Mobile,+855069446020
Smart-069-446021,Mobile,+855069446021
Smart-069-446022,Mobile,+855069446022
Smart-069-446023,Mobile,+855069446023
Smart-069-446024,Mobile,+855069446024
Smart-069-446025,Mobile,+855069446025
Smart-069-446026,Mobile,+855069446026
Smart-069-446027,Mobile,+855069446027
Smart-069-446028,Mobile,+855069446028
Smart-069-446029,Mobile,+855069446029
Smart-069-446030,Mobile,+855069446030
Smart-069-446031,Mobile,+855069446031
Smart-069-446032,Mobile,+855069446032
Smart-069-446033,Mobile,+855069446033
Smart-069-446034,Mobile,+855069446034
Smart-069-446035,Mobile,+855069446035
Smart-069-446036,Mobile,+855069446036
Smart-069-446037,Mobile,+855069446037
Smart-069-446038,Mobile,+855069446038
Smart-069-446039,Mobile,+855069446039
Smart-069-446040,Mobile,+855069446040
Smart-069-446041,Mobile,+855069446041
Smart-069-446042,Mobile,+855069446042
Smart-069-446043,Mobile,+855069446043
Smart-069-446044,Mobile,+855069446044
Smart-069-446045,Mobile,+855069446045
Smart-069-446046,Mobile,+855069446046
Smart-069-446047,Mobile,+855069446047
Smart-069-446048,Mobile,+855069446048
Smart-069-446049,Mobile,+855069446049
Smart-069-446050,Mobile,+855069446050
Smart-069-446051,Mobile,+855069446051
Smart-069-446052,Mobile,+855069446052
Smart-069-446053,Mobile,+855069446053
Smart-069-446054,Mobile,+855069446054
Smart-069-446055,Mobile,+855069446055
Smart-069-446056,Mobile,+855069446056
Smart-069-446057,Mobile,+855069446057
Smart-069-446058,Mobile,+855069446058
Smart-069-446059,Mobile,+855069446059
Smart-069-446060,Mobile,+855069446060
Smart-069-446061,Mobile,+855069446061
Smart-069-446062,Mobile,+855069446062
Smart-069-446063,Mobile,+855069446063
Smart-069-446064,Mobile,+855069446064
Smart-069-446065,Mobile,+855069446065
Smart-069-446066,Mobile,+855069446066
Smart-069-446067,Mobile,+855069446067
Smart-069-446068,Mobile,+855069446068
Smart-069-446069,Mobile,+855069446069
Smart-069-446070,Mobile,+855069446070
Smart-069-446071,Mobile,+855069446071
Smart-069-446072,Mobile,+855069446072
Smart-069-446073,Mobile,+855069446073
Smart-069-446074,Mobile,+855069446074
Smart-069-446075,Mobile,+855069446075
Smart-069-446076,Mobile,+855069446076
Smart-069-446077,Mobile,+855069446077
Smart-069-446078,Mobile,+855069446078
Smart-069-446079,Mobile,+855069446079
Smart-069-446080,Mobile,+855069446080
Smart-069-446081,Mobile,+855069446081
Smart-069-446082,Mobile,+855069446082
Smart-069-446083,Mobile,+855069446083
Smart-069-446084,Mobile,+855069446084
Smart-069-446085,Mobile,+855069446085
Smart-069-446086,Mobile,+855069446086
Smart-069-446087,Mobile,+855069446087
Smart-069-446088,Mobile,+855069446088
Smart-069-446089,Mobile,+855069446089
Smart-069-446090,Mobile,+855069446090
Smart-069-446091,Mobile,+855069446091
Smart-069-446092,Mobile,+855069446092
Smart-069-446093,Mobile,+855069446093
Smart-069-446094,Mobile,+855069446094
Smart-069-446095,Mobile,+855069446095
Smart-069-446096,Mobile,+855069446096
Smart-069-446097,Mobile,+855069446097
Smart-069-446098,Mobile,+855069446098
Smart-069-446099,Mobile,+855069446099
Smart-069-446100,Mobile,+855069446100
Smart-069-446101,Mobile,+855069446101
Smart-069-446102,Mobile,+855069446102
Smart-069-446103,Mobile,+855069446103
Smart-069-446104,Mobile,+855069446104
Smart-069-446105,Mobile,+855069446105
Smart-069-446106,Mobile,+855069446106
Smart-069-446107,Mobile,+855069446107
Smart-069-446108,Mobile,+855069446108
Smart-069-446109,Mobile,+855069446109
Smart-069-446110,Mobile,+855069446110
Smart-069-446111,Mobile,+855069446111
Smart-069-446112,Mobile,+855069446112
Smart-069-446113,Mobile,+855069446113
Smart-069-446114,Mobile,+855069446114
Smart-069-446115,Mobile,+855069446115
Smart-069-446116,Mobile,+855069446116
Smart-069-446117,Mobile,+855069446117
Smart-069-446118,Mobile,+855069446118
Smart-069-446119,Mobile,+855069446119
Smart-069-446120,Mobile,+855069446120
Smart-069-446121,Mobile,+855069446121
Smart-069-446122,Mobile,+855069446122
Smart-069-446123,Mobile,+855069446123
Smart-069-446124,Mobile,+855069446124
Smart-069-446125,Mobile,+855069446125
Smart-069-446126,Mobile,+855069446126
Smart-069-446127,Mobile,+855069446127
Smart-069-446128,Mobile,+855069446128
Smart-069-446129,Mobile,+855069446129
Smart-069-446130,Mobile,+855069446130
Smart-069-446131,Mobile,+855069446131
Smart-069-446132,Mobile,+855069446132
Smart-069-446133,Mobile,+855069446133
Smart-069-446134,Mobile,+855069446134
Smart-069-446135,Mobile,+855069446135
Smart-069-446136,Mobile,+855069446136
Smart-069-446137,Mobile,+855069446137
Smart-069-446138,Mobile,+855069446138
Smart-069-446139,Mobile,+855069446139
Smart-069-446140,Mobile,+855069446140
Smart-069-446141,Mobile,+855069446141
Smart-069-446142,Mobile,+855069446142
Smart-069-446143,Mobile,+855069446143
Smart-069-446144,Mobile,+855069446144
Smart-069-446145,Mobile,+855069446145
Smart-069-446146,Mobile,+855069446146
Smart-069-446147,Mobile,+855069446147
Smart-069-446148,Mobile,+855069446148
Smart-069-446149,Mobile,+855069446149
Smart-069-446150,Mobile,+855069446150
Smart-069-446151,Mobile,+855069446151
Smart-069-446152,Mobile,+855069446152
Smart-069-446153,Mobile,+855069446153
Smart-069-446154,Mobile,+855069446154
Smart-069-446155,Mobile,+855069446155
Smart-069-446156,Mobile,+855069446156
Smart-069-446157,Mobile,+855069446157
Smart-069-446158,Mobile,+855069446158
Smart-069-446159,Mobile,+855069446159
Smart-069-446160,Mobile,+855069446160
Smart-069-446161,Mobile,+855069446161
Smart-069-446162,Mobile,+855069446162
Smart-069-446163,Mobile,+855069446163
Smart-069-446164,Mobile,+855069446164
Smart-069-446165,Mobile,+855069446165
Smart-069-446166,Mobile,+855069446166
Smart-069-446167,Mobile,+855069446167
Smart-069-446168,Mobile,+855069446168
Smart-069-446169,Mobile,+855069446169
Smart-069-446170,Mobile,+855069446170
Smart-069-446171,Mobile,+855069446171
Smart-069-446172,Mobile,+855069446172
Smart-069-446173,Mobile,+855069446173
Smart-069-446174,Mobile,+855069446174
Smart-069-446175,Mobile,+855069446175
Smart-069-446176,Mobile,+855069446176
Smart-069-446177,Mobile,+855069446177
Smart-069-446178,Mobile,+855069446178
Smart-069-446179,Mobile,+855069446179
Smart-069-446180,Mobile,+855069446180
Smart-069-446181,Mobile,+855069446181
Smart-069-446182,Mobile,+855069446182
Smart-069-446183,Mobile,+855069446183
Smart-069-446184,Mobile,+855069446184
Smart-069-446185,Mobile,+855069446185
Smart-069-446186,Mobile,+855069446186
Smart-069-446187,Mobile,+855069446187
Smart-069-446188,Mobile,+855069446188
Smart-069-446189,Mobile,+855069446189
Smart-069-446190,Mobile,+855069446190
Smart-069-446191,Mobile,+855069446191
Smart-069-446192,Mobile,+855069446192
Smart-069-446193,Mobile,+855069446193
Smart-069-446194,Mobile,+855069446194
Smart-069-446195,Mobile,+855069446195
Smart-069-446196,Mobile,+855069446196
Smart-069-446197,Mobile,+855069446197
Smart-069-446198,Mobile,+855069446198
Smart-069-446199,Mobile,+855069446199
Smart-069-446200,Mobile,+855069446200
Smart-069-446201,Mobile,+855069446201
Smart-069-446202,Mobile,+855069446202
Smart-069-446203,Mobile,+855069446203
Smart-069-446204,Mobile,+855069446204
Smart-069-446205,Mobile,+855069446205
Smart-069-446206,Mobile,+855069446206
Smart-069-446207,Mobile,+855069446207
Smart-069-446208,Mobile,+855069446208
Smart-069-446209,Mobile,+855069446209
Smart-069-446210,Mobile,+855069446210
Smart-069-446211,Mobile,+855069446211
Smart-069-446212,Mobile,+855069446212
Smart-069-446213,Mobile,+855069446213
Smart-069-446214,Mobile,+855069446214
Smart-069-446215,Mobile,+855069446215
Smart-069-446216,Mobile,+855069446216
Smart-069-446217,Mobile,+855069446217
Smart-069-446218,Mobile,+855069446218
Smart-069-446219,Mobile,+855069446219
Smart-069-446220,Mobile,+855069446220
Smart-069-446221,Mobile,+855069446221
Smart-069-446222,Mobile,+855069446222
Smart-069-446223,Mobile,+855069446223
Smart-069-446224,Mobile,+855069446224
Smart-069-446225,Mobile,+855069446225
Smart-069-446226,Mobile,+855069446226
Smart-069-446227,Mobile,+855069446227
Smart-069-446228,Mobile,+855069446228
Smart-069-446229,Mobile,+855069446229
Smart-069-446230,Mobile,+855069446230
Smart-069-446231,Mobile,+855069446231
Smart-069-446232,Mobile,+855069446232
Smart-069-446233,Mobile,+855069446233
Smart-069-446234,Mobile,+855069446234
Smart-069-446235,Mobile,+855069446235
Smart-069-446236,Mobile,+855069446236
Smart-069-446237,Mobile,+855069446237
Smart-069-446238,Mobile,+855069446238
Smart-069-446239,Mobile,+855069446239
Smart-069-446240,Mobile,+855069446240
Smart-069-446241,Mobile,+855069446241
Smart-069-446242,Mobile,+855069446242
Smart-069-446243,Mobile,+855069446243
Smart-069-446244,Mobile,+855069446244
Smart-069-446245,Mobile,+855069446245
Smart-069-446246,Mobile,+855069446246
Smart-069-446247,Mobile,+855069446247
Smart-069-446248,Mobile,+855069446248
Smart-069-446249,Mobile,+855069446249
Smart-069-446250,Mobile,+855069446250
Smart-069-446251,Mobile,+855069446251
Smart-069-446252,Mobile,+855069446252
Smart-069-446253,Mobile,+855069446253
Smart-069-446254,Mobile,+855069446254
Smart-069-446255,Mobile,+855069446255
Smart-069-446256,Mobile,+855069446256
Smart-069-446257,Mobile,+855069446257
Smart-069-446258,Mobile,+855069446258
Smart-069-446259,Mobile,+855069446259
Smart-069-446260,Mobile,+855069446260
Smart-069-446261,Mobile,+855069446261
Smart-069-446262,Mobile,+855069446262
Smart-069-446263,Mobile,+855069446263
Smart-069-446264,Mobile,+855069446264
Smart-069-446265,Mobile,+855069446265
Smart-069-446266,Mobile,+855069446266
Smart-069-446267,Mobile,+855069446267
Smart-069-446268,Mobile,+855069446268
Smart-069-446269,Mobile,+855069446269
Smart-069-446270,Mobile,+855069446270
Smart-069-446271,Mobile,+855069446271
Smart-069-446272,Mobile,+855069446272
Smart-069-446273,Mobile,+855069446273
Smart-069-446274,Mobile,+855069446274
Smart-069-446275,Mobile,+855069446275
Smart-069-446276,Mobile,+855069446276
Smart-069-446277,Mobile,+855069446277
Smart-069-446278,Mobile,+855069446278
Smart-069-446279,Mobile,+855069446279
Smart-069-446280,Mobile,+855069446280
Smart-069-446281,Mobile,+855069446281
Smart-069-446282,Mobile,+855069446282
Smart-069-446283,Mobile,+855069446283
Smart-069-446284,Mobile,+855069446284
Smart-069-446285,Mobile,+855069446285
Smart-069-446286,Mobile,+855069446286
Smart-069-446287,Mobile,+855069446287
Smart-069-446288,Mobile,+855069446288
Smart-069-446289,Mobile,+855069446289
Smart-069-446290,Mobile,+855069446290
Smart-069-446291,Mobile,+855069446291
Smart-069-446292,Mobile,+855069446292
Smart-069-446293,Mobile,+855069446293
Smart-069-446294,Mobile,+855069446294
Smart-069-446295,Mobile,+855069446295
Smart-069-446296,Mobile,+855069446296
Smart-069-446297,Mobile,+855069446297
Smart-069-446298,Mobile,+855069446298
Smart-069-446299,Mobile,+855069446299
Smart-069-446300,Mobile,+855069446300
Smart-069-446301,Mobile,+855069446301
Smart-069-446302,Mobile,+855069446302
Smart-069-446303,Mobile,+855069446303
Smart-069-446304,Mobile,+855069446304
Smart-069-446305,Mobile,+855069446305
Smart-069-446306,Mobile,+855069446306
Smart-069-446307,Mobile,+855069446307
Smart-069-446308,Mobile,+855069446308
Smart-069-446309,Mobile,+855069446309
Smart-069-446310,Mobile,+855069446310
Smart-069-446311,Mobile,+855069446311
Smart-069-446312,Mobile,+855069446312
Smart-069-446313,Mobile,+855069446313
Smart-069-446314,Mobile,+855069446314
Smart-069-446315,Mobile,+855069446315
Smart-069-446316,Mobile,+855069446316
Smart-069-446317,Mobile,+855069446317
Smart-069-446318,Mobile,+855069446318
Smart-069-446319,Mobile,+855069446319
Smart-069-446320,Mobile,+855069446320
Smart-069-446321,Mobile,+855069446321
Smart-069-446322,Mobile,+855069446322
Smart-069-446323,Mobile,+855069446323
Smart-069-446324,Mobile,+855069446324
Smart-069-446325,Mobile,+855069446325
Smart-069-446326,Mobile,+855069446326
Smart-069-446327,Mobile,+855069446327
Smart-069-446328,Mobile,+855069446328
Smart-069-446329,Mobile,+855069446329
Smart-069-446330,Mobile,+855069446330
Smart-069-446331,Mobile,+855069446331
Smart-069-446332,Mobile,+855069446332
Smart-069-446333,Mobile,+855069446333
Smart-069-446334,Mobile,+855069446334
Smart-069-446335,Mobile,+855069446335
Smart-069-446336,Mobile,+855069446336
Smart-069-446337,Mobile,+855069446337
Smart-069-446338,Mobile,+855069446338
Smart-069-446339,Mobile,+855069446339
Smart-069-446340,Mobile,+855069446340
Smart-069-446341,Mobile,+855069446341
Smart-069-446342,Mobile,+855069446342
Smart-069-446343,Mobile,+855069446343
Smart-069-446344,Mobile,+855069446344
Smart-069-446345,Mobile,+855069446345
Smart-069-446346,Mobile,+855069446346
Smart-069-446347,Mobile,+855069446347
Smart-069-446348,Mobile,+855069446348
Smart-069-446349,Mobile,+855069446349
Smart-069-446350,Mobile,+855069446350
Smart-069-446351,Mobile,+855069446351
Smart-069-446352,Mobile,+855069446352
Smart-069-446353,Mobile,+855069446353
Smart-069-446354,Mobile,+855069446354
Smart-069-446355,Mobile,+855069446355
Smart-069-446356,Mobile,+855069446356
Smart-069-446357,Mobile,+855069446357
Smart-069-446358,Mobile,+855069446358
Smart-069-446359,Mobile,+855069446359
Smart-069-446360,Mobile,+855069446360
Smart-069-446361,Mobile,+855069446361
Smart-069-446362,Mobile,+855069446362
Smart-069-446363,Mobile,+855069446363
Smart-069-446364,Mobile,+855069446364
Smart-069-446365,Mobile,+855069446365
Smart-069-446366,Mobile,+855069446366
Smart-069-446367,Mobile,+855069446367
Smart-069-446368,Mobile,+855069446368
Smart-069-446369,Mobile,+855069446369
Smart-069-446370,Mobile,+855069446370
Smart-069-446371,Mobile,+855069446371
Smart-069-446372,Mobile,+855069446372
Smart-069-446373,Mobile,+855069446373
Smart-069-446374,Mobile,+855069446374
Smart-069-446375,Mobile,+855069446375
Smart-069-446376,Mobile,+855069446376
Smart-069-446377,Mobile,+855069446377
Smart-069-446378,Mobile,+855069446378
Smart-069-446379,Mobile,+855069446379
Smart-069-446380,Mobile,+855069446380
Smart-069-446381,Mobile,+855069446381
Smart-069-446382,Mobile,+855069446382
Smart-069-446383,Mobile,+855069446383
Smart-069-446384,Mobile,+855069446384
Smart-069-446385,Mobile,+855069446385
Smart-069-446386,Mobile,+855069446386
Smart-069-446387,Mobile,+855069446387
Smart-069-446388,Mobile,+855069446388
Smart-069-446389,Mobile,+855069446389
Smart-069-446390,Mobile,+855069446390
Smart-069-446391,Mobile,+855069446391
Smart-069-446392,Mobile,+855069446392
Smart-069-446393,Mobile,+855069446393
Smart-069-446394,Mobile,+855069446394
Smart-069-446395,Mobile,+855069446395
Smart-069-446396,Mobile,+855069446396
Smart-069-446397,Mobile,+855069446397
Smart-069-446398,Mobile,+855069446398
Smart-069-446399,Mobile,+855069446399
Smart-069-446400,Mobile,+855069446400
Smart-069-446401,Mobile,+855069446401
Smart-069-446402,Mobile,+855069446402
Smart-069-446403,Mobile,+855069446403
Smart-069-446404,Mobile,+855069446404
Smart-069-446405,Mobile,+855069446405
Smart-069-446406,Mobile,+855069446406
Smart-069-446407,Mobile,+855069446407
Smart-069-446408,Mobile,+855069446408
Smart-069-446409,Mobile,+855069446409
Smart-069-446410,Mobile,+855069446410
Smart-069-446411,Mobile,+855069446411
Smart-069-446412,Mobile,+855069446412
Smart-069-446413,Mobile,+855069446413
Smart-069-446414,Mobile,+855069446414
Smart-069-446415,Mobile,+855069446415
Smart-069-446416,Mobile,+855069446416
Smart-069-446417,Mobile,+855069446417
Smart-069-446418,Mobile,+855069446418
Smart-069-446419,Mobile,+855069446419
Smart-069-446420,Mobile,+855069446420
Smart-069-446421,Mobile,+855069446421
Smart-069-446422,Mobile,+855069446422
Smart-069-446423,Mobile,+855069446423
Smart-069-446424,Mobile,+855069446424
Smart-069-446425,Mobile,+855069446425
Smart-069-446426,Mobile,+855069446426
Smart-069-446427,Mobile,+855069446427
Smart-069-446428,Mobile,+855069446428
Smart-069-446429,Mobile,+855069446429
Smart-069-446430,Mobile,+855069446430
Smart-069-446431,Mobile,+855069446431
Smart-069-446432,Mobile,+855069446432
Smart-069-446433,Mobile,+855069446433
Smart-069-446434,Mobile,+855069446434
Smart-069-446435,Mobile,+855069446435
Smart-069-446436,Mobile,+855069446436
Smart-069-446437,Mobile,+855069446437
Smart-069-446438,Mobile,+855069446438
Smart-069-446439,Mobile,+855069446439
Smart-069-446440,Mobile,+855069446440
Smart-069-446441,Mobile,+855069446441
Smart-069-446442,Mobile,+855069446442
Smart-069-446443,Mobile,+855069446443
Smart-069-446444,Mobile,+855069446444
Smart-069-446445,Mobile,+855069446445
Smart-069-446446,Mobile,+855069446446
Smart-069-446447,Mobile,+855069446447
Smart-069-446448,Mobile,+855069446448
Smart-069-446449,Mobile,+855069446449
Smart-069-446450,Mobile,+855069446450
Smart-069-446451,Mobile,+855069446451
Smart-069-446452,Mobile,+855069446452
Smart-069-446453,Mobile,+855069446453
Smart-069-446454,Mobile,+855069446454
Smart-069-446455,Mobile,+855069446455
Smart-069-446456,Mobile,+855069446456
Smart-069-446457,Mobile,+855069446457
Smart-069-446458,Mobile,+855069446458
Smart-069-446459,Mobile,+855069446459
Smart-069-446460,Mobile,+855069446460
Smart-069-446461,Mobile,+855069446461
Smart-069-446462,Mobile,+855069446462
Smart-069-446463,Mobile,+855069446463
Smart-069-446464,Mobile,+855069446464
Smart-069-446465,Mobile,+855069446465
Smart-069-446466,Mobile,+855069446466
Smart-069-446467,Mobile,+855069446467
Smart-069-446468,Mobile,+855069446468
Smart-069-446469,Mobile,+855069446469
Smart-069-446470,Mobile,+855069446470
Smart-069-446471,Mobile,+855069446471
Smart-069-446472,Mobile,+855069446472
Smart-069-446473,Mobile,+855069446473
Smart-069-446474,Mobile,+855069446474
Smart-069-446475,Mobile,+855069446475
Smart-069-446476,Mobile,+855069446476
Smart-069-446477,Mobile,+855069446477
Smart-069-446478,Mobile,+855069446478
Smart-069-446479,Mobile,+855069446479
Smart-069-446480,Mobile,+855069446480
Smart-069-446481,Mobile,+855069446481
Smart-069-446482,Mobile,+855069446482
Smart-069-446483,Mobile,+855069446483
Smart-069-446484,Mobile,+855069446484
Smart-069-446485,Mobile,+855069446485
Smart-069-446486,Mobile,+855069446486
Smart-069-446487,Mobile,+855069446487
Smart-069-446488,Mobile,+855069446488
Smart-069-446489,Mobile,+855069446489
Smart-069-446490,Mobile,+855069446490
Smart-069-446491,Mobile,+855069446491
Smart-069-446492,Mobile,+855069446492
Smart-069-446493,Mobile,+855069446493
Smart-069-446494,Mobile,+855069446494
Smart-069-446495,Mobile,+855069446495
Smart-069-446496,Mobile,+855069446496
Smart-069-446497,Mobile,+855069446497
Smart-069-446498,Mobile,+855069446498
Smart-069-446499,Mobile,+855069446499
Smart-069-446500,Mobile,+855069446500
Smart-069-446501,Mobile,+855069446501
Smart-069-446502,Mobile,+855069446502
Smart-069-446503,Mobile,+855069446503
Smart-069-446504,Mobile,+855069446504
Smart-069-446505,Mobile,+855069446505
Smart-069-446506,Mobile,+855069446506
Smart-069-446507,Mobile,+855069446507
Smart-069-446508,Mobile,+855069446508
Smart-069-446509,Mobile,+855069446509
Smart-069-446510,Mobile,+855069446510
Smart-069-446511,Mobile,+855069446511
Smart-069-446512,Mobile,+855069446512
Smart-069-446513,Mobile,+855069446513
Smart-069-446514,Mobile,+855069446514
Smart-069-446515,Mobile,+855069446515
Smart-069-446516,Mobile,+855069446516
Smart-069-446517,Mobile,+855069446517
Smart-069-446518,Mobile,+855069446518
Smart-069-446519,Mobile,+855069446519
Smart-069-446520,Mobile,+855069446520
Smart-069-446521,Mobile,+855069446521
Smart-069-446522,Mobile,+855069446522
Smart-069-446523,Mobile,+855069446523
Smart-069-446524,Mobile,+855069446524
Smart-069-446525,Mobile,+855069446525
Smart-069-446526,Mobile,+855069446526
Smart-069-446527,Mobile,+855069446527
Smart-069-446528,Mobile,+855069446528
Smart-069-446529,Mobile,+855069446529
Smart-069-446530,Mobile,+855069446530
Smart-069-446531,Mobile,+855069446531
Smart-069-446532,Mobile,+855069446532
Smart-069-446533,Mobile,+855069446533
Smart-069-446534,Mobile,+855069446534
Smart-069-446535,Mobile,+855069446535
Smart-069-446536,Mobile,+855069446536
Smart-069-446537,Mobile,+855069446537
Smart-069-446538,Mobile,+855069446538
Smart-069-446539,Mobile,+855069446539
Smart-069-446540,Mobile,+855069446540
Smart-069-446541,Mobile,+855069446541
Smart-069-446542,Mobile,+855069446542
Smart-069-446543,Mobile,+855069446543
Smart-069-446544,Mobile,+855069446544
Smart-069-446545,Mobile,+855069446545
Smart-069-446546,Mobile,+855069446546
Smart-069-446547,Mobile,+855069446547
Smart-069-446548,Mobile,+855069446548
Smart-069-446549,Mobile,+855069446549
Smart-069-446550,Mobile,+855069446550
Smart-069-446551,Mobile,+855069446551
Smart-069-446552,Mobile,+855069446552
Smart-069-446553,Mobile,+855069446553
Smart-069-446554,Mobile,+855069446554
Smart-069-446555,Mobile,+855069446555
Smart-069-446556,Mobile,+855069446556
Smart-069-446557,Mobile,+855069446557
Smart-069-446558,Mobile,+855069446558
Smart-069-446559,Mobile,+855069446559
Smart-069-446560,Mobile,+855069446560
Smart-069-446561,Mobile,+855069446561
Smart-069-446562,Mobile,+855069446562
Smart-069-446563,Mobile,+855069446563
Smart-069-446564,Mobile,+855069446564
Smart-069-446565,Mobile,+855069446565
Smart-069-446566,Mobile,+855069446566
Smart-069-446567,Mobile,+855069446567
Smart-069-446568,Mobile,+855069446568
Smart-069-446569,Mobile,+855069446569
Smart-069-446570,Mobile,+855069446570
Smart-069-446571,Mobile,+855069446571
Smart-069-446572,Mobile,+855069446572
Smart-069-446573,Mobile,+855069446573
Smart-069-446574,Mobile,+855069446574
Smart-069-446575,Mobile,+855069446575
Smart-069-446576,Mobile,+855069446576
Smart-069-446577,Mobile,+855069446577
Smart-069-446578,Mobile,+855069446578
Smart-069-446579,Mobile,+855069446579
Smart-069-446580,Mobile,+855069446580
Smart-069-446581,Mobile,+855069446581
Smart-069-446582,Mobile,+855069446582
Smart-069-446583,Mobile,+855069446583
Smart-069-446584,Mobile,+855069446584
Smart-069-446585,Mobile,+855069446585
Smart-069-446586,Mobile,+855069446586
Smart-069-446587,Mobile,+855069446587
Smart-069-446588,Mobile,+855069446588
Smart-069-446589,Mobile,+855069446589
Smart-069-446590,Mobile,+855069446590
Smart-069-446591,Mobile,+855069446591
Smart-069-446592,Mobile,+855069446592
Smart-069-446593,Mobile,+855069446593
Smart-069-446594,Mobile,+855069446594
Smart-069-446595,Mobile,+855069446595
Smart-069-446596,Mobile,+855069446596
Smart-069-446597,Mobile,+855069446597
Smart-069-446598,Mobile,+855069446598
Smart-069-446599,Mobile,+855069446599
Smart-069-446600,Mobile,+855069446600
Smart-069-446601,Mobile,+855069446601
Smart-069-446602,Mobile,+855069446602
Smart-069-446603,Mobile,+855069446603
Smart-069-446604,Mobile,+855069446604
Smart-069-446605,Mobile,+855069446605
Smart-069-446606,Mobile,+855069446606
Smart-069-446607,Mobile,+855069446607
Smart-069-446608,Mobile,+855069446608
Smart-069-446609,Mobile,+855069446609
Smart-069-446610,Mobile,+855069446610
Smart-069-446611,Mobile,+855069446611
Smart-069-446612,Mobile,+855069446612
Smart-069-446613,Mobile,+855069446613
Smart-069-446614,Mobile,+855069446614
Smart-069-446615,Mobile,+855069446615
Smart-069-446616,Mobile,+855069446616
Smart-069-446617,Mobile,+855069446617
Smart-069-446618,Mobile,+855069446618
Smart-069-446619,Mobile,+855069446619
Smart-069-446620,Mobile,+855069446620
Smart-069-446621,Mobile,+855069446621
Smart-069-446622,Mobile,+855069446622
Smart-069-446623,Mobile,+855069446623
Smart-069-446624,Mobile,+855069446624
Smart-069-446625,Mobile,+855069446625
Smart-069-446626,Mobile,+855069446626
Smart-069-446627,Mobile,+855069446627
Smart-069-446628,Mobile,+855069446628
Smart-069-446629,Mobile,+855069446629
Smart-069-446630,Mobile,+855069446630
Smart-069-446631,Mobile,+855069446631
Smart-069-446632,Mobile,+855069446632
Smart-069-446633,Mobile,+855069446633
Smart-069-446634,Mobile,+855069446634
Smart-069-446635,Mobile,+855069446635
Smart-069-446636,Mobile,+855069446636
Smart-069-446637,Mobile,+855069446637
Smart-069-446638,Mobile,+855069446638
Smart-069-446639,Mobile,+855069446639
Smart-069-446640,Mobile,+855069446640
Smart-069-446641,Mobile,+855069446641
Smart-069-446642,Mobile,+855069446642
Smart-069-446643,Mobile,+855069446643
Smart-069-446644,Mobile,+855069446644
Smart-069-446645,Mobile,+855069446645
Smart-069-446646,Mobile,+855069446646
Smart-069-446647,Mobile,+855069446647
Smart-069-446648,Mobile,+855069446648
Smart-069-446649,Mobile,+855069446649
Smart-069-446650,Mobile,+855069446650
Smart-069-446651,Mobile,+855069446651
Smart-069-446652,Mobile,+855069446652
Smart-069-446653,Mobile,+855069446653
Smart-069-446654,Mobile,+855069446654
Smart-069-446655,Mobile,+855069446655
Smart-069-446656,Mobile,+855069446656
Smart-069-446657,Mobile,+855069446657
Smart-069-446658,Mobile,+855069446658
Smart-069-446659,Mobile,+855069446659
Smart-069-446660,Mobile,+855069446660
Smart-069-446661,Mobile,+855069446661
Smart-069-446662,Mobile,+855069446662
Smart-069-446663,Mobile,+855069446663
Smart-069-446664,Mobile,+855069446664
Smart-069-446665,Mobile,+855069446665
Smart-069-446666,Mobile,+855069446666
Smart-069-446667,Mobile,+855069446667
Smart-069-446668,Mobile,+855069446668
Smart-069-446669,Mobile,+855069446669
Smart-069-446670,Mobile,+855069446670
Smart-069-446671,Mobile,+855069446671
Smart-069-446672,Mobile,+855069446672
Smart-069-446673,Mobile,+855069446673
Smart-069-446674,Mobile,+855069446674
Smart-069-446675,Mobile,+855069446675
Smart-069-446676,Mobile,+855069446676
Smart-069-446677,Mobile,+855069446677
Smart-069-446678,Mobile,+855069446678
Smart-069-446679,Mobile,+855069446679
Smart-069-446680,Mobile,+855069446680
Smart-069-446681,Mobile,+855069446681
Smart-069-446682,Mobile,+855069446682
Smart-069-446683,Mobile,+855069446683
Smart-069-446684,Mobile,+855069446684
Smart-069-446685,Mobile,+855069446685
Smart-069-446686,Mobile,+855069446686
Smart-069-446687,Mobile,+855069446687
Smart-069-446688,Mobile,+855069446688
Smart-069-446689,Mobile,+855069446689
Smart-069-446690,Mobile,+855069446690
Smart-069-446691,Mobile,+855069446691
Smart-069-446692,Mobile,+855069446692
Smart-069-446693,Mobile,+855069446693
Smart-069-446694,Mobile,+855069446694
Smart-069-446695,Mobile,+855069446695
Smart-069-446696,Mobile,+855069446696
Smart-069-446697,Mobile,+855069446697
Smart-069-446698,Mobile,+855069446698
Smart-069-446699,Mobile,+855069446699
Smart-069-446700,Mobile,+855069446700
Smart-069-446701,Mobile,+855069446701
Smart-069-446702,Mobile,+855069446702
Smart-069-446703,Mobile,+855069446703
Smart-069-446704,Mobile,+855069446704
Smart-069-446705,Mobile,+855069446705
Smart-069-446706,Mobile,+855069446706
Smart-069-446707,Mobile,+855069446707
Smart-069-446708,Mobile,+855069446708
Smart-069-446709,Mobile,+855069446709
Smart-069-446710,Mobile,+855069446710
Smart-069-446711,Mobile,+855069446711
Smart-069-446712,Mobile,+855069446712
Smart-069-446713,Mobile,+855069446713
Smart-069-446714,Mobile,+855069446714
Smart-069-446715,Mobile,+855069446715
Smart-069-446716,Mobile,+855069446716
Smart-069-446717,Mobile,+855069446717
Smart-069-446718,Mobile,+855069446718
Smart-069-446719,Mobile,+855069446719
Smart-069-446720,Mobile,+855069446720
Smart-069-446721,Mobile,+855069446721
Smart-069-446722,Mobile,+855069446722
Smart-069-446723,Mobile,+855069446723
Smart-069-446724,Mobile,+855069446724
Smart-069-446725,Mobile,+855069446725
Smart-069-446726,Mobile,+855069446726
Smart-069-446727,Mobile,+855069446727
Smart-069-446728,Mobile,+855069446728
Smart-069-446729,Mobile,+855069446729
Smart-069-446730,Mobile,+855069446730
Smart-069-446731,Mobile,+855069446731
Smart-069-446732,Mobile,+855069446732
Smart-069-446733,Mobile,+855069446733
Smart-069-446734,Mobile,+855069446734
Smart-069-446735,Mobile,+855069446735
Smart-069-446736,Mobile,+855069446736
Smart-069-446737,Mobile,+855069446737
Smart-069-446738,Mobile,+855069446738
Smart-069-446739,Mobile,+855069446739
Smart-069-446740,Mobile,+855069446740
Smart-069-446741,Mobile,+855069446741
Smart-069-446742,Mobile,+855069446742
Smart-069-446743,Mobile,+855069446743
Smart-069-446744,Mobile,+855069446744
Smart-069-446745,Mobile,+855069446745
Smart-069-446746,Mobile,+855069446746
Smart-069-446747,Mobile,+855069446747
Smart-069-446748,Mobile,+855069446748
Smart-069-446749,Mobile,+855069446749
Smart-069-446750,Mobile,+855069446750
Smart-069-446751,Mobile,+855069446751
Smart-069-446752,Mobile,+855069446752
Smart-069-446753,Mobile,+855069446753
Smart-069-446754,Mobile,+855069446754
Smart-069-446755,Mobile,+855069446755
Smart-069-446756,Mobile,+855069446756
Smart-069-446757,Mobile,+855069446757
Smart-069-446758,Mobile,+855069446758
Smart-069-446759,Mobile,+855069446759
Smart-069-446760,Mobile,+855069446760
Smart-069-446761,Mobile,+855069446761
Smart-069-446762,Mobile,+855069446762
Smart-069-446763,Mobile,+855069446763
Smart-069-446764,Mobile,+855069446764
Smart-069-446765,Mobile,+855069446765
Smart-069-446766,Mobile,+855069446766
Smart-069-446767,Mobile,+855069446767
Smart-069-446768,Mobile,+855069446768
Smart-069-446769,Mobile,+855069446769
Smart-069-446770,Mobile,+855069446770
Smart-069-446771,Mobile,+855069446771
Smart-069-446772,Mobile,+855069446772
Smart-069-446773,Mobile,+855069446773
Smart-069-446774,Mobile,+855069446774
Smart-069-446775,Mobile,+855069446775
Smart-069-446776,Mobile,+855069446776
Smart-069-446777,Mobile,+855069446777
Smart-069-446778,Mobile,+855069446778
Smart-069-446779,Mobile,+855069446779
Smart-069-446780,Mobile,+855069446780
Smart-069-446781,Mobile,+855069446781
Smart-069-446782,Mobile,+855069446782
Smart-069-446783,Mobile,+855069446783
Smart-069-446784,Mobile,+855069446784
Smart-069-446785,Mobile,+855069446785
Smart-069-446786,Mobile,+855069446786
Smart-069-446787,Mobile,+855069446787
Smart-069-446788,Mobile,+855069446788
Smart-069-446789,Mobile,+855069446789
Smart-069-446790,Mobile,+855069446790
Smart-069-446791,Mobile,+855069446791
Smart-069-446792,Mobile,+855069446792
Smart-069-446793,Mobile,+855069446793
Smart-069-446794,Mobile,+855069446794
Smart-069-446795,Mobile,+855069446795
Smart-069-446796,Mobile,+855069446796
Smart-069-446797,Mobile,+855069446797
Smart-069-446798,Mobile,+855069446798
Smart-069-446799,Mobile,+855069446799
Smart-069-446800,Mobile,+855069446800
Smart-069-446801,Mobile,+855069446801
Smart-069-446802,Mobile,+855069446802
Smart-069-446803,Mobile,+855069446803
Smart-069-446804,Mobile,+855069446804
Smart-069-446805,Mobile,+855069446805
Smart-069-446806,Mobile,+855069446806
Smart-069-446807,Mobile,+855069446807
Smart-069-446808,Mobile,+855069446808
Smart-069-446809,Mobile,+855069446809
Smart-069-446810,Mobile,+855069446810
Smart-069-446811,Mobile,+855069446811
Smart-069-446812,Mobile,+855069446812
Smart-069-446813,Mobile,+855069446813
Smart-069-446814,Mobile,+855069446814
Smart-069-446815,Mobile,+855069446815
Smart-069-446816,Mobile,+855069446816
Smart-069-446817,Mobile,+855069446817
Smart-069-446818,Mobile,+855069446818
Smart-069-446819,Mobile,+855069446819
Smart-069-446820,Mobile,+855069446820
Smart-069-446821,Mobile,+855069446821
Smart-069-446822,Mobile,+855069446822
Smart-069-446823,Mobile,+855069446823
Smart-069-446824,Mobile,+855069446824
Smart-069-446825,Mobile,+855069446825
Smart-069-446826,Mobile,+855069446826
Smart-069-446827,Mobile,+855069446827
Smart-069-446828,Mobile,+855069446828
Smart-069-446829,Mobile,+855069446829
Smart-069-446830,Mobile,+855069446830
Smart-069-446831,Mobile,+855069446831
Smart-069-446832,Mobile,+855069446832
Smart-069-446833,Mobile,+855069446833
Smart-069-446834,Mobile,+855069446834
Smart-069-446835,Mobile,+855069446835
Smart-069-446836,Mobile,+855069446836
Smart-069-446837,Mobile,+855069446837
Smart-069-446838,Mobile,+855069446838
Smart-069-446839,Mobile,+855069446839
Smart-069-446840,Mobile,+855069446840
Smart-069-446841,Mobile,+855069446841
Smart-069-446842,Mobile,+855069446842
Smart-069-446843,Mobile,+855069446843
Smart-069-446844,Mobile,+855069446844
Smart-069-446845,Mobile,+855069446845
Smart-069-446846,Mobile,+855069446846
Smart-069-446847,Mobile,+855069446847
Smart-069-446848,Mobile,+855069446848
Smart-069-446849,Mobile,+855069446849
Smart-069-446850,Mobile,+855069446850
Smart-069-446851,Mobile,+855069446851
Smart-069-446852,Mobile,+855069446852
Smart-069-446853,Mobile,+855069446853
Smart-069-446854,Mobile,+855069446854
Smart-069-446855,Mobile,+855069446855
Smart-069-446856,Mobile,+855069446856
Smart-069-446857,Mobile,+855069446857
Smart-069-446858,Mobile,+855069446858
Smart-069-446859,Mobile,+855069446859
Smart-069-446860,Mobile,+855069446860
Smart-069-446861,Mobile,+855069446861
Smart-069-446862,Mobile,+855069446862
Smart-069-446863,Mobile,+855069446863
Smart-069-446864,Mobile,+855069446864
Smart-069-446865,Mobile,+855069446865
Smart-069-446866,Mobile,+855069446866
Smart-069-446867,Mobile,+855069446867
Smart-069-446868,Mobile,+855069446868
Smart-069-446869,Mobile,+855069446869
Smart-069-446870,Mobile,+855069446870
Smart-069-446871,Mobile,+855069446871
Smart-069-446872,Mobile,+855069446872
Smart-069-446873,Mobile,+855069446873
Smart-069-446874,Mobile,+855069446874
Smart-069-446875,Mobile,+855069446875
Smart-069-446876,Mobile,+855069446876
Smart-069-446877,Mobile,+855069446877
Smart-069-446878,Mobile,+855069446878
Smart-069-446879,Mobile,+855069446879
Smart-069-446880,Mobile,+855069446880
Smart-069-446881,Mobile,+855069446881
Smart-069-446882,Mobile,+855069446882
Smart-069-446883,Mobile,+855069446883
Smart-069-446884,Mobile,+855069446884
Smart-069-446885,Mobile,+855069446885
Smart-069-446886,Mobile,+855069446886
Smart-069-446887,Mobile,+855069446887
Smart-069-446888,Mobile,+855069446888
Smart-069-446889,Mobile,+855069446889
Smart-069-446890,Mobile,+855069446890
Smart-069-446891,Mobile,+855069446891
Smart-069-446892,Mobile,+855069446892
Smart-069-446893,Mobile,+855069446893
Smart-069-446894,Mobile,+855069446894
Smart-069-446895,Mobile,+855069446895
Smart-069-446896,Mobile,+855069446896
Smart-069-446897,Mobile,+855069446897
Smart-069-446898,Mobile,+855069446898
Smart-069-446899,Mobile,+855069446899
Smart-069-446900,Mobile,+855069446900
Smart-069-446901,Mobile,+855069446901
Smart-069-446902,Mobile,+855069446902
Smart-069-446903,Mobile,+855069446903
Smart-069-446904,Mobile,+855069446904
Smart-069-446905,Mobile,+855069446905
Smart-069-446906,Mobile,+855069446906
Smart-069-446907,Mobile,+855069446907
Smart-069-446908,Mobile,+855069446908
Smart-069-446909,Mobile,+855069446909
Smart-069-446910,Mobile,+855069446910
Smart-069-446911,Mobile,+855069446911
Smart-069-446912,Mobile,+855069446912
Smart-069-446913,Mobile,+855069446913
Smart-069-446914,Mobile,+855069446914
Smart-069-446915,Mobile,+855069446915
Smart-069-446916,Mobile,+855069446916
Smart-069-446917,Mobile,+855069446917
Smart-069-446918,Mobile,+855069446918
Smart-069-446919,Mobile,+855069446919
Smart-069-446920,Mobile,+855069446920
Smart-069-446921,Mobile,+855069446921
Smart-069-446922,Mobile,+855069446922
Smart-069-446923,Mobile,+855069446923
Smart-069-446924,Mobile,+855069446924
Smart-069-446925,Mobile,+855069446925
Smart-069-446926,Mobile,+855069446926
Smart-069-446927,Mobile,+855069446927
Smart-069-446928,Mobile,+855069446928
Smart-069-446929,Mobile,+855069446929
Smart-069-446930,Mobile,+855069446930
Smart-069-446931,Mobile,+855069446931
Smart-069-446932,Mobile,+855069446932
Smart-069-446933,Mobile,+855069446933
Smart-069-446934,Mobile,+855069446934
Smart-069-446935,Mobile,+855069446935
Smart-069-446936,Mobile,+855069446936
Smart-069-446937,Mobile,+855069446937
Smart-069-446938,Mobile,+855069446938
Smart-069-446939,Mobile,+855069446939
Smart-069-446940,Mobile,+855069446940
Smart-069-446941,Mobile,+855069446941
Smart-069-446942,Mobile,+855069446942
Smart-069-446943,Mobile,+855069446943
Smart-069-446944,Mobile,+855069446944
Smart-069-446945,Mobile,+855069446945
Smart-069-446946,Mobile,+855069446946
Smart-069-446947,Mobile,+855069446947
Smart-069-446948,Mobile,+855069446948
Smart-069-446949,Mobile,+855069446949
Smart-069-446950,Mobile,+855069446950
Smart-069-446951,Mobile,+855069446951
Smart-069-446952,Mobile,+855069446952
Smart-069-446953,Mobile,+855069446953
Smart-069-446954,Mobile,+855069446954
Smart-069-446955,Mobile,+855069446955
Smart-069-446956,Mobile,+855069446956
Smart-069-446957,Mobile,+855069446957
Smart-069-446958,Mobile,+855069446958
Smart-069-446959,Mobile,+855069446959
Smart-069-446960,Mobile,+855069446960
Smart-069-446961,Mobile,+855069446961
Smart-069-446962,Mobile,+855069446962
Smart-069-446963,Mobile,+855069446963
Smart-069-446964,Mobile,+855069446964
Smart-069-446965,Mobile,+855069446965
Smart-069-446966,Mobile,+855069446966
Smart-069-446967,Mobile,+855069446967
Smart-069-446968,Mobile,+855069446968
Smart-069-446969,Mobile,+855069446969
Smart-069-446970,Mobile,+855069446970
Smart-069-446971,Mobile,+855069446971
Smart-069-446972,Mobile,+855069446972
Smart-069-446973,Mobile,+855069446973
Smart-069-446974,Mobile,+855069446974
Smart-069-446975,Mobile,+855069446975
Smart-069-446976,Mobile,+855069446976
Smart-069-446977,Mobile,+855069446977
Smart-069-446978,Mobile,+855069446978
Smart-069-446979,Mobile,+855069446979
Smart-069-446980,Mobile,+855069446980
Smart-069-446981,Mobile,+855069446981
Smart-069-446982,Mobile,+855069446982
Smart-069-446983,Mobile,+855069446983
Smart-069-446984,Mobile,+855069446984
Smart-069-446985,Mobile,+855069446985
Smart-069-446986,Mobile,+855069446986
Smart-069-446987,Mobile,+855069446987
Smart-069-446988,Mobile,+855069446988
Smart-069-446989,Mobile,+855069446989
Smart-069-446990,Mobile,+855069446990
Smart-069-446991,Mobile,+855069446991
Smart-069-446992,Mobile,+855069446992
Smart-069-446993,Mobile,+855069446993
Smart-069-446994,Mobile,+855069446994
Smart-069-446995,Mobile,+855069446995
Smart-069-446996,Mobile,+855069446996
Smart-069-446997,Mobile,+855069446997
Smart-069-446998,Mobile,+855069446998
Smart-069-446999,Mobile,+855069446999
Smart-069-447000,Mobile,+855069447000
Smart-069-447001,Mobile,+855069447001
Smart-069-447002,Mobile,+855069447002
Smart-069-447003,Mobile,+855069447003
Smart-069-447004,Mobile,+855069447004
Smart-069-447005,Mobile,+855069447005
Smart-069-447006,Mobile,+855069447006
Smart-069-447007,Mobile,+855069447007
Smart-069-447008,Mobile,+855069447008
Smart-069-447009,Mobile,+855069447009
Smart-069-447010,Mobile,+855069447010
Smart-069-447011,Mobile,+855069447011
Smart-069-447012,Mobile,+855069447012
Smart-069-447013,Mobile,+855069447013
Smart-069-447014,Mobile,+855069447014
Smart-069-447015,Mobile,+855069447015
Smart-069-447016,Mobile,+855069447016
Smart-069-447017,Mobile,+855069447017
Smart-069-447018,Mobile,+855069447018
Smart-069-447019,Mobile,+855069447019
Smart-069-447020,Mobile,+855069447020
Smart-069-447021,Mobile,+855069447021
Smart-069-447022,Mobile,+855069447022
Smart-069-447023,Mobile,+855069447023
Smart-069-447024,Mobile,+855069447024
Smart-069-447025,Mobile,+855069447025
Smart-069-447026,Mobile,+855069447026
Smart-069-447027,Mobile,+855069447027
Smart-069-447028,Mobile,+855069447028
Smart-069-447029,Mobile,+855069447029
Smart-069-447030,Mobile,+855069447030
Smart-069-447031,Mobile,+855069447031
Smart-069-447032,Mobile,+855069447032
Smart-069-447033,Mobile,+855069447033
Smart-069-447034,Mobile,+855069447034
Smart-069-447035,Mobile,+855069447035
Smart-069-447036,Mobile,+855069447036
Smart-069-447037,Mobile,+855069447037
Smart-069-447038,Mobile,+855069447038
Smart-069-447039,Mobile,+855069447039
Smart-069-447040,Mobile,+855069447040
Smart-069-447041,Mobile,+855069447041
Smart-069-447042,Mobile,+855069447042
Smart-069-447043,Mobile,+855069447043
Smart-069-447044,Mobile,+855069447044
Smart-069-447045,Mobile,+855069447045
Smart-069-447046,Mobile,+855069447046
Smart-069-447047,Mobile,+855069447047
Smart-069-447048,Mobile,+855069447048
Smart-069-447049,Mobile,+855069447049
Smart-069-447050,Mobile,+855069447050
Smart-069-447051,Mobile,+855069447051
Smart-069-447052,Mobile,+855069447052
Smart-069-447053,Mobile,+855069447053
Smart-069-447054,Mobile,+855069447054
Smart-069-447055,Mobile,+855069447055
Smart-069-447056,Mobile,+855069447056
Smart-069-447057,Mobile,+855069447057
Smart-069-447058,Mobile,+855069447058
Smart-069-447059,Mobile,+855069447059
Smart-069-447060,Mobile,+855069447060
Smart-069-447061,Mobile,+855069447061
Smart-069-447062,Mobile,+855069447062
Smart-069-447063,Mobile,+855069447063
Smart-069-447064,Mobile,+855069447064
Smart-069-447065,Mobile,+855069447065
Smart-069-447066,Mobile,+855069447066
Smart-069-447067,Mobile,+855069447067
Smart-069-447068,Mobile,+855069447068
Smart-069-447069,Mobile,+855069447069
Smart-069-447070,Mobile,+855069447070
Smart-069-447071,Mobile,+855069447071
Smart-069-447072,Mobile,+855069447072
Smart-069-447073,Mobile,+855069447073
Smart-069-447074,Mobile,+855069447074
Smart-069-447075,Mobile,+855069447075
Smart-069-447076,Mobile,+855069447076
Smart-069-447077,Mobile,+855069447077
Smart-069-447078,Mobile,+855069447078
Smart-069-447079,Mobile,+855069447079
Smart-069-447080,Mobile,+855069447080
Smart-069-447081,Mobile,+855069447081
Smart-069-447082,Mobile,+855069447082
Smart-069-447083,Mobile,+855069447083
Smart-069-447084,Mobile,+855069447084
Smart-069-447085,Mobile,+855069447085
Smart-069-447086,Mobile,+855069447086
Smart-069-447087,Mobile,+855069447087
Smart-069-447088,Mobile,+855069447088
Smart-069-447089,Mobile,+855069447089
Smart-069-447090,Mobile,+855069447090
Smart-069-447091,Mobile,+855069447091
Smart-069-447092,Mobile,+855069447092
Smart-069-447093,Mobile,+855069447093
Smart-069-447094,Mobile,+855069447094
Smart-069-447095,Mobile,+855069447095
Smart-069-447096,Mobile,+855069447096
Smart-069-447097,Mobile,+855069447097
Smart-069-447098,Mobile,+855069447098
Smart-069-447099,Mobile,+855069447099
Smart-069-447100,Mobile,+855069447100
Smart-069-447101,Mobile,+855069447101
Smart-069-447102,Mobile,+855069447102
Smart-069-447103,Mobile,+855069447103
Smart-069-447104,Mobile,+855069447104
Smart-069-447105,Mobile,+855069447105
Smart-069-447106,Mobile,+855069447106
Smart-069-447107,Mobile,+855069447107
Smart-069-447108,Mobile,+855069447108
Smart-069-447109,Mobile,+855069447109
Smart-069-447110,Mobile,+855069447110
Smart-069-447111,Mobile,+855069447111
Smart-069-447112,Mobile,+855069447112
Smart-069-447113,Mobile,+855069447113
Smart-069-447114,Mobile,+855069447114
Smart-069-447115,Mobile,+855069447115
Smart-069-447116,Mobile,+855069447116
Smart-069-447117,Mobile,+855069447117
Smart-069-447118,Mobile,+855069447118
Smart-069-447119,Mobile,+855069447119
Smart-069-447120,Mobile,+855069447120
Smart-069-447121,Mobile,+855069447121
Smart-069-447122,Mobile,+855069447122
Smart-069-447123,Mobile,+855069447123
Smart-069-447124,Mobile,+855069447124
Smart-069-447125,Mobile,+855069447125
Smart-069-447126,Mobile,+855069447126
Smart-069-447127,Mobile,+855069447127
Smart-069-447128,Mobile,+855069447128
Smart-069-447129,Mobile,+855069447129
Smart-069-447130,Mobile,+855069447130
Smart-069-447131,Mobile,+855069447131
Smart-069-447132,Mobile,+855069447132
Smart-069-447133,Mobile,+855069447133
Smart-069-447134,Mobile,+855069447134
Smart-069-447135,Mobile,+855069447135
Smart-069-447136,Mobile,+855069447136
Smart-069-447137,Mobile,+855069447137
Smart-069-447138,Mobile,+855069447138
Smart-069-447139,Mobile,+855069447139
Smart-069-447140,Mobile,+855069447140
Smart-069-447141,Mobile,+855069447141
Smart-069-447142,Mobile,+855069447142
Smart-069-447143,Mobile,+855069447143
Smart-069-447144,Mobile,+855069447144
Smart-069-447145,Mobile,+855069447145
Smart-069-447146,Mobile,+855069447146
Smart-069-447147,Mobile,+855069447147
Smart-069-447148,Mobile,+855069447148
Smart-069-447149,Mobile,+855069447149
Smart-069-447150,Mobile,+855069447150
Smart-069-447151,Mobile,+855069447151
Smart-069-447152,Mobile,+855069447152
Smart-069-447153,Mobile,+855069447153
Smart-069-447154,Mobile,+855069447154
Smart-069-447155,Mobile,+855069447155
Smart-069-447156,Mobile,+855069447156
Smart-069-447157,Mobile,+855069447157
Smart-069-447158,Mobile,+855069447158
Smart-069-447159,Mobile,+855069447159
Smart-069-447160,Mobile,+855069447160
Smart-069-447161,Mobile,+855069447161
Smart-069-447162,Mobile,+855069447162
Smart-069-447163,Mobile,+855069447163
Smart-069-447164,Mobile,+855069447164
Smart-069-447165,Mobile,+855069447165
Smart-069-447166,Mobile,+855069447166
Smart-069-447167,Mobile,+855069447167
Smart-069-447168,Mobile,+855069447168
Smart-069-447169,Mobile,+855069447169
Smart-069-447170,Mobile,+855069447170
Smart-069-447171,Mobile,+855069447171
Smart-069-447172,Mobile,+855069447172
Smart-069-447173,Mobile,+855069447173
Smart-069-447174,Mobile,+855069447174
Smart-069-447175,Mobile,+855069447175
Smart-069-447176,Mobile,+855069447176
Smart-069-447177,Mobile,+855069447177
Smart-069-447178,Mobile,+855069447178
Smart-069-447179,Mobile,+855069447179
Smart-069-447180,Mobile,+855069447180
Smart-069-447181,Mobile,+855069447181
Smart-069-447182,Mobile,+855069447182
Smart-069-447183,Mobile,+855069447183
Smart-069-447184,Mobile,+855069447184
Smart-069-447185,Mobile,+855069447185
Smart-069-447186,Mobile,+855069447186
Smart-069-447187,Mobile,+855069447187
Smart-069-447188,Mobile,+855069447188
Smart-069-447189,Mobile,+855069447189
Smart-069-447190,Mobile,+855069447190
Smart-069-447191,Mobile,+855069447191
Smart-069-447192,Mobile,+855069447192
Smart-069-447193,Mobile,+855069447193
Smart-069-447194,Mobile,+855069447194
Smart-069-447195,Mobile,+855069447195
Smart-069-447196,Mobile,+855069447196
Smart-069-447197,Mobile,+855069447197
Smart-069-447198,Mobile,+855069447198
Smart-069-447199,Mobile,+855069447199
Smart-069-447200,Mobile,+855069447200
Smart-069-447201,Mobile,+855069447201
Smart-069-447202,Mobile,+855069447202
Smart-069-447203,Mobile,+855069447203
Smart-069-447204,Mobile,+855069447204
Smart-069-447205,Mobile,+855069447205
Smart-069-447206,Mobile,+855069447206
Smart-069-447207,Mobile,+855069447207
Smart-069-447208,Mobile,+855069447208
Smart-069-447209,Mobile,+855069447209
Smart-069-447210,Mobile,+855069447210
Smart-069-447211,Mobile,+855069447211
Smart-069-447212,Mobile,+855069447212
Smart-069-447213,Mobile,+855069447213
Smart-069-447214,Mobile,+855069447214
Smart-069-447215,Mobile,+855069447215
Smart-069-447216,Mobile,+855069447216
Smart-069-447217,Mobile,+855069447217
Smart-069-447218,Mobile,+855069447218
Smart-069-447219,Mobile,+855069447219
Smart-069-447220,Mobile,+855069447220
Smart-069-447221,Mobile,+855069447221
Smart-069-447222,Mobile,+855069447222
Smart-069-447223,Mobile,+855069447223
Smart-069-447224,Mobile,+855069447224
Smart-069-447225,Mobile,+855069447225
Smart-069-447226,Mobile,+855069447226
Smart-069-447227,Mobile,+855069447227
Smart-069-447228,Mobile,+855069447228
Smart-069-447229,Mobile,+855069447229
Smart-069-447230,Mobile,+855069447230
Smart-069-447231,Mobile,+855069447231
Smart-069-447232,Mobile,+855069447232
Smart-069-447233,Mobile,+855069447233
Smart-069-447234,Mobile,+855069447234
Smart-069-447235,Mobile,+855069447235
Smart-069-447236,Mobile,+855069447236
Smart-069-447237,Mobile,+855069447237
Smart-069-447238,Mobile,+855069447238
Smart-069-447239,Mobile,+855069447239
Smart-069-447240,Mobile,+855069447240
Smart-069-447241,Mobile,+855069447241
Smart-069-447242,Mobile,+855069447242
Smart-069-447243,Mobile,+855069447243
Smart-069-447244,Mobile,+855069447244
Smart-069-447245,Mobile,+855069447245
Smart-069-447246,Mobile,+855069447246
Smart-069-447247,Mobile,+855069447247
Smart-069-447248,Mobile,+855069447248
Smart-069-447249,Mobile,+855069447249
Smart-069-447250,Mobile,+855069447250
Smart-069-447251,Mobile,+855069447251
Smart-069-447252,Mobile,+855069447252
Smart-069-447253,Mobile,+855069447253
Smart-069-447254,Mobile,+855069447254
Smart-069-447255,Mobile,+855069447255
Smart-069-447256,Mobile,+855069447256
Smart-069-447257,Mobile,+855069447257
Smart-069-447258,Mobile,+855069447258
Smart-069-447259,Mobile,+855069447259
Smart-069-447260,Mobile,+855069447260
Smart-069-447261,Mobile,+855069447261
Smart-069-447262,Mobile,+855069447262
Smart-069-447263,Mobile,+855069447263
Smart-069-447264,Mobile,+855069447264
Smart-069-447265,Mobile,+855069447265
Smart-069-447266,Mobile,+855069447266
Smart-069-447267,Mobile,+855069447267
Smart-069-447268,Mobile,+855069447268
Smart-069-447269,Mobile,+855069447269
Smart-069-447270,Mobile,+855069447270
Smart-069-447271,Mobile,+855069447271
Smart-069-447272,Mobile,+855069447272
Smart-069-447273,Mobile,+855069447273
Smart-069-447274,Mobile,+855069447274
Smart-069-447275,Mobile,+855069447275
Smart-069-447276,Mobile,+855069447276
Smart-069-447277,Mobile,+855069447277
Smart-069-447278,Mobile,+855069447278
Smart-069-447279,Mobile,+855069447279
Smart-069-447280,Mobile,+855069447280
Smart-069-447281,Mobile,+855069447281
Smart-069-447282,Mobile,+855069447282
Smart-069-447283,Mobile,+855069447283
Smart-069-447284,Mobile,+855069447284
Smart-069-447285,Mobile,+855069447285
Smart-069-447286,Mobile,+855069447286
Smart-069-447287,Mobile,+855069447287
Smart-069-447288,Mobile,+855069447288
Smart-069-447289,Mobile,+855069447289
Smart-069-447290,Mobile,+855069447290
Smart-069-447291,Mobile,+855069447291
Smart-069-447292,Mobile,+855069447292
Smart-069-447293,Mobile,+855069447293
Smart-069-447294,Mobile,+855069447294
Smart-069-447295,Mobile,+855069447295
Smart-069-447296,Mobile,+855069447296
Smart-069-447297,Mobile,+855069447297
Smart-069-447298,Mobile,+855069447298
Smart-069-447299,Mobile,+855069447299
Smart-069-447300,Mobile,+855069447300
Smart-069-447301,Mobile,+855069447301
Smart-069-447302,Mobile,+855069447302
Smart-069-447303,Mobile,+855069447303
Smart-069-447304,Mobile,+855069447304
Smart-069-447305,Mobile,+855069447305
Smart-069-447306,Mobile,+855069447306
Smart-069-447307,Mobile,+855069447307
Smart-069-447308,Mobile,+855069447308
Smart-069-447309,Mobile,+855069447309
Smart-069-447310,Mobile,+855069447310
Smart-069-447311,Mobile,+855069447311
Smart-069-447312,Mobile,+855069447312
Smart-069-447313,Mobile,+855069447313
Smart-069-447314,Mobile,+855069447314
Smart-069-447315,Mobile,+855069447315
Smart-069-447316,Mobile,+855069447316
Smart-069-447317,Mobile,+855069447317
Smart-069-447318,Mobile,+855069447318
Smart-069-447319,Mobile,+855069447319
Smart-069-447320,Mobile,+855069447320
Smart-069-447321,Mobile,+855069447321
Smart-069-447322,Mobile,+855069447322
Smart-069-447323,Mobile,+855069447323
Smart-069-447324,Mobile,+855069447324
Smart-069-447325,Mobile,+855069447325
Smart-069-447326,Mobile,+855069447326
Smart-069-447327,Mobile,+855069447327
Smart-069-447328,Mobile,+855069447328
Smart-069-447329,Mobile,+855069447329
Smart-069-447330,Mobile,+855069447330
Smart-069-447331,Mobile,+855069447331
Smart-069-447332,Mobile,+855069447332
Smart-069-447333,Mobile,+855069447333
Smart-069-447334,Mobile,+855069447334
Smart-069-447335,Mobile,+855069447335
Smart-069-447336,Mobile,+855069447336
Smart-069-447337,Mobile,+855069447337
Smart-069-447338,Mobile,+855069447338
Smart-069-447339,Mobile,+855069447339
Smart-069-447340,Mobile,+855069447340
Smart-069-447341,Mobile,+855069447341
Smart-069-447342,Mobile,+855069447342
Smart-069-447343,Mobile,+855069447343
Smart-069-447344,Mobile,+855069447344
Smart-069-447345,Mobile,+855069447345
Smart-069-447346,Mobile,+855069447346
Smart-069-447347,Mobile,+855069447347
Smart-069-447348,Mobile,+855069447348
Smart-069-447349,Mobile,+855069447349
Smart-069-447350,Mobile,+855069447350
Smart-069-447351,Mobile,+855069447351
Smart-069-447352,Mobile,+855069447352
Smart-069-447353,Mobile,+855069447353
Smart-069-447354,Mobile,+855069447354
Smart-069-447355,Mobile,+855069447355
Smart-069-447356,Mobile,+855069447356
Smart-069-447357,Mobile,+855069447357
Smart-069-447358,Mobile,+855069447358
Smart-069-447359,Mobile,+855069447359
Smart-069-447360,Mobile,+855069447360
Smart-069-447361,Mobile,+855069447361
Smart-069-447362,Mobile,+855069447362
Smart-069-447363,Mobile,+855069447363
Smart-069-447364,Mobile,+855069447364
Smart-069-447365,Mobile,+855069447365
Smart-069-447366,Mobile,+855069447366
Smart-069-447367,Mobile,+855069447367
Smart-069-447368,Mobile,+855069447368
Smart-069-447369,Mobile,+855069447369
Smart-069-447370,Mobile,+855069447370
Smart-069-447371,Mobile,+855069447371
Smart-069-447372,Mobile,+855069447372
Smart-069-447373,Mobile,+855069447373
Smart-069-447374,Mobile,+855069447374
Smart-069-447375,Mobile,+855069447375
Smart-069-447376,Mobile,+855069447376
Smart-069-447377,Mobile,+855069447377
Smart-069-447378,Mobile,+855069447378
Smart-069-447379,Mobile,+855069447379
Smart-069-447380,Mobile,+855069447380
Smart-069-447381,Mobile,+855069447381
Smart-069-447382,Mobile,+855069447382
Smart-069-447383,Mobile,+855069447383
Smart-069-447384,Mobile,+855069447384
Smart-069-447385,Mobile,+855069447385
Smart-069-447386,Mobile,+855069447386
Smart-069-447387,Mobile,+855069447387
Smart-069-447388,Mobile,+855069447388
Smart-069-447389,Mobile,+855069447389
Smart-069-447390,Mobile,+855069447390
Smart-069-447391,Mobile,+855069447391
Smart-069-447392,Mobile,+855069447392
Smart-069-447393,Mobile,+855069447393
Smart-069-447394,Mobile,+855069447394
Smart-069-447395,Mobile,+855069447395
Smart-069-447396,Mobile,+855069447396
Smart-069-447397,Mobile,+855069447397
Smart-069-447398,Mobile,+855069447398
Smart-069-447399,Mobile,+855069447399
Smart-069-447400,Mobile,+855069447400
Smart-069-447401,Mobile,+855069447401
Smart-069-447402,Mobile,+855069447402
Smart-069-447403,Mobile,+855069447403
Smart-069-447404,Mobile,+855069447404
Smart-069-447405,Mobile,+855069447405
Smart-069-447406,Mobile,+855069447406
Smart-069-447407,Mobile,+855069447407
Smart-069-447408,Mobile,+855069447408
Smart-069-447409,Mobile,+855069447409
Smart-069-447410,Mobile,+855069447410
Smart-069-447411,Mobile,+855069447411
Smart-069-447412,Mobile,+855069447412
Smart-069-447413,Mobile,+855069447413
Smart-069-447414,Mobile,+855069447414
Smart-069-447415,Mobile,+855069447415
Smart-069-447416,Mobile,+855069447416
Smart-069-447417,Mobile,+855069447417
Smart-069-447418,Mobile,+855069447418
Smart-069-447419,Mobile,+855069447419
Smart-069-447420,Mobile,+855069447420
Smart-069-447421,Mobile,+855069447421
Smart-069-447422,Mobile,+855069447422
Smart-069-447423,Mobile,+855069447423
Smart-069-447424,Mobile,+855069447424
Smart-069-447425,Mobile,+855069447425
Smart-069-447426,Mobile,+855069447426
Smart-069-447427,Mobile,+855069447427
Smart-069-447428,Mobile,+855069447428
Smart-069-447429,Mobile,+855069447429
Smart-069-447430,Mobile,+855069447430
Smart-069-447431,Mobile,+855069447431
Smart-069-447432,Mobile,+855069447432
Smart-069-447433,Mobile,+855069447433
Smart-069-447434,Mobile,+855069447434
Smart-069-447435,Mobile,+855069447435
Smart-069-447436,Mobile,+855069447436
Smart-069-447437,Mobile,+855069447437
Smart-069-447438,Mobile,+855069447438
Smart-069-447439,Mobile,+855069447439
Smart-069-447440,Mobile,+855069447440
Smart-069-447441,Mobile,+855069447441
Smart-069-447442,Mobile,+855069447442
Smart-069-447443,Mobile,+855069447443
Smart-069-447444,Mobile,+855069447444
Smart-069-447445,Mobile,+855069447445
Smart-069-447446,Mobile,+855069447446
Smart-069-447447,Mobile,+855069447447
Smart-069-447448,Mobile,+855069447448
Smart-069-447449,Mobile,+855069447449
Smart-069-447450,Mobile,+855069447450
Smart-069-447451,Mobile,+855069447451
Smart-069-447452,Mobile,+855069447452
Smart-069-447453,Mobile,+855069447453
Smart-069-447454,Mobile,+855069447454
Smart-069-447455,Mobile,+855069447455
Smart-069-447456,Mobile,+855069447456
Smart-069-447457,Mobile,+855069447457
Smart-069-447458,Mobile,+855069447458
Smart-069-447459,Mobile,+855069447459
Smart-069-447460,Mobile,+855069447460
Smart-069-447461,Mobile,+855069447461
Smart-069-447462,Mobile,+855069447462
Smart-069-447463,Mobile,+855069447463
Smart-069-447464,Mobile,+855069447464
Smart-069-447465,Mobile,+855069447465
Smart-069-447466,Mobile,+855069447466
Smart-069-447467,Mobile,+855069447467
Smart-069-447468,Mobile,+855069447468
Smart-069-447469,Mobile,+855069447469
Smart-069-447470,Mobile,+855069447470
Smart-069-447471,Mobile,+855069447471
Smart-069-447472,Mobile,+855069447472
Smart-069-447473,Mobile,+855069447473
Smart-069-447474,Mobile,+855069447474
Smart-069-447475,Mobile,+855069447475
Smart-069-447476,Mobile,+855069447476
Smart-069-447477,Mobile,+855069447477
Smart-069-447478,Mobile,+855069447478
Smart-069-447479,Mobile,+855069447479
Smart-069-447480,Mobile,+855069447480
Smart-069-447481,Mobile,+855069447481
Smart-069-447482,Mobile,+855069447482
Smart-069-447483,Mobile,+855069447483
Smart-069-447484,Mobile,+855069447484
Smart-069-447485,Mobile,+855069447485
Smart-069-447486,Mobile,+855069447486
Smart-069-447487,Mobile,+855069447487
Smart-069-447488,Mobile,+855069447488
Smart-069-447489,Mobile,+855069447489
Smart-069-447490,Mobile,+855069447490
Smart-069-447491,Mobile,+855069447491
Smart-069-447492,Mobile,+855069447492
Smart-069-447493,Mobile,+855069447493
Smart-069-447494,Mobile,+855069447494
Smart-069-447495,Mobile,+855069447495
Smart-069-447496,Mobile,+855069447496
Smart-069-447497,Mobile,+855069447497
Smart-069-447498,Mobile,+855069447498
Smart-069-447499,Mobile,+855069447499
Smart-069-447500,Mobile,+855069447500
Smart-069-447501,Mobile,+855069447501
Smart-069-447502,Mobile,+855069447502
Smart-069-447503,Mobile,+855069447503
Smart-069-447504,Mobile,+855069447504
Smart-069-447505,Mobile,+855069447505
Smart-069-447506,Mobile,+855069447506
Smart-069-447507,Mobile,+855069447507
Smart-069-447508,Mobile,+855069447508
Smart-069-447509,Mobile,+855069447509
Smart-069-447510,Mobile,+855069447510
Smart-069-447511,Mobile,+855069447511
Smart-069-447512,Mobile,+855069447512
Smart-069-447513,Mobile,+855069447513
Smart-069-447514,Mobile,+855069447514
Smart-069-447515,Mobile,+855069447515
Smart-069-447516,Mobile,+855069447516
Smart-069-447517,Mobile,+855069447517
Smart-069-447518,Mobile,+855069447518
Smart-069-447519,Mobile,+855069447519
Smart-069-447520,Mobile,+855069447520
Smart-069-447521,Mobile,+855069447521
Smart-069-447522,Mobile,+855069447522
Smart-069-447523,Mobile,+855069447523
Smart-069-447524,Mobile,+855069447524
Smart-069-447525,Mobile,+855069447525
Smart-069-447526,Mobile,+855069447526
Smart-069-447527,Mobile,+855069447527
Smart-069-447528,Mobile,+855069447528
Smart-069-447529,Mobile,+855069447529
Smart-069-447530,Mobile,+855069447530
Smart-069-447531,Mobile,+855069447531
Smart-069-447532,Mobile,+855069447532
Smart-069-447533,Mobile,+855069447533
Smart-069-447534,Mobile,+855069447534
Smart-069-447535,Mobile,+855069447535
Smart-069-447536,Mobile,+855069447536
Smart-069-447537,Mobile,+855069447537
Smart-069-447538,Mobile,+855069447538
Smart-069-447539,Mobile,+855069447539
Smart-069-447540,Mobile,+855069447540
Smart-069-447541,Mobile,+855069447541
Smart-069-447542,Mobile,+855069447542
Smart-069-447543,Mobile,+855069447543
Smart-069-447544,Mobile,+855069447544
Smart-069-447545,Mobile,+855069447545
Smart-069-447546,Mobile,+855069447546
Smart-069-447547,Mobile,+855069447547
Smart-069-447548,Mobile,+855069447548
Smart-069-447549,Mobile,+855069447549
Smart-069-447550,Mobile,+855069447550
Smart-069-447551,Mobile,+855069447551
Smart-069-447552,Mobile,+855069447552
Smart-069-447553,Mobile,+855069447553
Smart-069-447554,Mobile,+855069447554
Smart-069-447555,Mobile,+855069447555
Smart-069-447556,Mobile,+855069447556
Smart-069-447557,Mobile,+855069447557
Smart-069-447558,Mobile,+855069447558
Smart-069-447559,Mobile,+855069447559
Smart-069-447560,Mobile,+855069447560
Smart-069-447561,Mobile,+855069447561
Smart-069-447562,Mobile,+855069447562
Smart-069-447563,Mobile,+855069447563
Smart-069-447564,Mobile,+855069447564
Smart-069-447565,Mobile,+855069447565
Smart-069-447566,Mobile,+855069447566
Smart-069-447567,Mobile,+855069447567
Smart-069-447568,Mobile,+855069447568
Smart-069-447569,Mobile,+855069447569
Smart-069-447570,Mobile,+855069447570
Smart-069-447571,Mobile,+855069447571
Smart-069-447572,Mobile,+855069447572
Smart-069-447573,Mobile,+855069447573
Smart-069-447574,Mobile,+855069447574
Smart-069-447575,Mobile,+855069447575
Smart-069-447576,Mobile,+855069447576
Smart-069-447577,Mobile,+855069447577
Smart-069-447578,Mobile,+855069447578
Smart-069-447579,Mobile,+855069447579
Smart-069-447580,Mobile,+855069447580
Smart-069-447581,Mobile,+855069447581
Smart-069-447582,Mobile,+855069447582
Smart-069-447583,Mobile,+855069447583
Smart-069-447584,Mobile,+855069447584
Smart-069-447585,Mobile,+855069447585
Smart-069-447586,Mobile,+855069447586
Smart-069-447587,Mobile,+855069447587
Smart-069-447588,Mobile,+855069447588
Smart-069-447589,Mobile,+855069447589
Smart-069-447590,Mobile,+855069447590
Smart-069-447591,Mobile,+855069447591
Smart-069-447592,Mobile,+855069447592
Smart-069-447593,Mobile,+855069447593
Smart-069-447594,Mobile,+855069447594
Smart-069-447595,Mobile,+855069447595
Smart-069-447596,Mobile,+855069447596
Smart-069-447597,Mobile,+855069447597
Smart-069-447598,Mobile,+855069447598
Smart-069-447599,Mobile,+855069447599
Smart-069-447600,Mobile,+855069447600
Smart-069-447601,Mobile,+855069447601
Smart-069-447602,Mobile,+855069447602
Smart-069-447603,Mobile,+855069447603
Smart-069-447604,Mobile,+855069447604
Smart-069-447605,Mobile,+855069447605
Smart-069-447606,Mobile,+855069447606
Smart-069-447607,Mobile,+855069447607
Smart-069-447608,Mobile,+855069447608
Smart-069-447609,Mobile,+855069447609
Smart-069-447610,Mobile,+855069447610
Smart-069-447611,Mobile,+855069447611
Smart-069-447612,Mobile,+855069447612
Smart-069-447613,Mobile,+855069447613
Smart-069-447614,Mobile,+855069447614
Smart-069-447615,Mobile,+855069447615
Smart-069-447616,Mobile,+855069447616
Smart-069-447617,Mobile,+855069447617
Smart-069-447618,Mobile,+855069447618
Smart-069-447619,Mobile,+855069447619
Smart-069-447620,Mobile,+855069447620
Smart-069-447621,Mobile,+855069447621
Smart-069-447622,Mobile,+855069447622
Smart-069-447623,Mobile,+855069447623
Smart-069-447624,Mobile,+855069447624
Smart-069-447625,Mobile,+855069447625
Smart-069-447626,Mobile,+855069447626
Smart-069-447627,Mobile,+855069447627
Smart-069-447628,Mobile,+855069447628
Smart-069-447629,Mobile,+855069447629
Smart-069-447630,Mobile,+855069447630
Smart-069-447631,Mobile,+855069447631
Smart-069-447632,Mobile,+855069447632
Smart-069-447633,Mobile,+855069447633
Smart-069-447634,Mobile,+855069447634
Smart-069-447635,Mobile,+855069447635
Smart-069-447636,Mobile,+855069447636
Smart-069-447637,Mobile,+855069447637
Smart-069-447638,Mobile,+855069447638
Smart-069-447639,Mobile,+855069447639
Smart-069-447640,Mobile,+855069447640
Smart-069-447641,Mobile,+855069447641
Smart-069-447642,Mobile,+855069447642
Smart-069-447643,Mobile,+855069447643
Smart-069-447644,Mobile,+855069447644
Smart-069-447645,Mobile,+855069447645
Smart-069-447646,Mobile,+855069447646
Smart-069-447647,Mobile,+855069447647
Smart-069-447648,Mobile,+855069447648
Smart-069-447649,Mobile,+855069447649
Smart-069-447650,Mobile,+855069447650
Smart-069-447651,Mobile,+855069447651
Smart-069-447652,Mobile,+855069447652
Smart-069-447653,Mobile,+855069447653
Smart-069-447654,Mobile,+855069447654
Smart-069-447655,Mobile,+855069447655
Smart-069-447656,Mobile,+855069447656
Smart-069-447657,Mobile,+855069447657
Smart-069-447658,Mobile,+855069447658
Smart-069-447659,Mobile,+855069447659
Smart-069-447660,Mobile,+855069447660
Smart-069-447661,Mobile,+855069447661
Smart-069-447662,Mobile,+855069447662
Smart-069-447663,Mobile,+855069447663
Smart-069-447664,Mobile,+855069447664
Smart-069-447665,Mobile,+855069447665
Smart-069-447666,Mobile,+855069447666
Smart-069-447667,Mobile,+855069447667
Smart-069-447668,Mobile,+855069447668
Smart-069-447669,Mobile,+855069447669
Smart-069-447670,Mobile,+855069447670
Smart-069-447671,Mobile,+855069447671
Smart-069-447672,Mobile,+855069447672
Smart-069-447673,Mobile,+855069447673
Smart-069-447674,Mobile,+855069447674
Smart-069-447675,Mobile,+855069447675
Smart-069-447676,Mobile,+855069447676
Smart-069-447677,Mobile,+855069447677
Smart-069-447678,Mobile,+855069447678
Smart-069-447679,Mobile,+855069447679
Smart-069-447680,Mobile,+855069447680
Smart-069-447681,Mobile,+855069447681
Smart-069-447682,Mobile,+855069447682
Smart-069-447683,Mobile,+855069447683
Smart-069-447684,Mobile,+855069447684
Smart-069-447685,Mobile,+855069447685
Smart-069-447686,Mobile,+855069447686
Smart-069-447687,Mobile,+855069447687
Smart-069-447688,Mobile,+855069447688
Smart-069-447689,Mobile,+855069447689
Smart-069-447690,Mobile,+855069447690
Smart-069-447691,Mobile,+855069447691
Smart-069-447692,Mobile,+855069447692
Smart-069-447693,Mobile,+855069447693
Smart-069-447694,Mobile,+855069447694
Smart-069-447695,Mobile,+855069447695
Smart-069-447696,Mobile,+855069447696
Smart-069-447697,Mobile,+855069447697
Smart-069-447698,Mobile,+855069447698
Smart-069-447699,Mobile,+855069447699
Smart-069-447700,Mobile,+855069447700
Smart-069-447701,Mobile,+855069447701
Smart-069-447702,Mobile,+855069447702
Smart-069-447703,Mobile,+855069447703
Smart-069-447704,Mobile,+855069447704
Smart-069-447705,Mobile,+855069447705
Smart-069-447706,Mobile,+855069447706
Smart-069-447707,Mobile,+855069447707
Smart-069-447708,Mobile,+855069447708
Smart-069-447709,Mobile,+855069447709
Smart-069-447710,Mobile,+855069447710
Smart-069-447711,Mobile,+855069447711
Smart-069-447712,Mobile,+855069447712
Smart-069-447713,Mobile,+855069447713
Smart-069-447714,Mobile,+855069447714
Smart-069-447715,Mobile,+855069447715
Smart-069-447716,Mobile,+855069447716
Smart-069-447717,Mobile,+855069447717
Smart-069-447718,Mobile,+855069447718
Smart-069-447719,Mobile,+855069447719
Smart-069-447720,Mobile,+855069447720
Smart-069-447721,Mobile,+855069447721
Smart-069-447722,Mobile,+855069447722
Smart-069-447723,Mobile,+855069447723
Smart-069-447724,Mobile,+855069447724
Smart-069-447725,Mobile,+855069447725
Smart-069-447726,Mobile,+855069447726
Smart-069-447727,Mobile,+855069447727
Smart-069-447728,Mobile,+855069447728
Smart-069-447729,Mobile,+855069447729
Smart-069-447730,Mobile,+855069447730
Smart-069-447731,Mobile,+855069447731
Smart-069-447732,Mobile,+855069447732
Smart-069-447733,Mobile,+855069447733
Smart-069-447734,Mobile,+855069447734
Smart-069-447735,Mobile,+855069447735
Smart-069-447736,Mobile,+855069447736
Smart-069-447737,Mobile,+855069447737
Smart-069-447738,Mobile,+855069447738
Smart-069-447739,Mobile,+855069447739
Smart-069-447740,Mobile,+855069447740
Smart-069-447741,Mobile,+855069447741
Smart-069-447742,Mobile,+855069447742
Smart-069-447743,Mobile,+855069447743
Smart-069-447744,Mobile,+855069447744
Smart-069-447745,Mobile,+855069447745
Smart-069-447746,Mobile,+855069447746
Smart-069-447747,Mobile,+855069447747
Smart-069-447748,Mobile,+855069447748
Smart-069-447749,Mobile,+855069447749
Smart-069-447750,Mobile,+855069447750
Smart-069-447751,Mobile,+855069447751
Smart-069-447752,Mobile,+855069447752
Smart-069-447753,Mobile,+855069447753
Smart-069-447754,Mobile,+855069447754
Smart-069-447755,Mobile,+855069447755
Smart-069-447756,Mobile,+855069447756
Smart-069-447757,Mobile,+855069447757
Smart-069-447758,Mobile,+855069447758
Smart-069-447759,Mobile,+855069447759
Smart-069-447760,Mobile,+855069447760
Smart-069-447761,Mobile,+855069447761
Smart-069-447762,Mobile,+855069447762
Smart-069-447763,Mobile,+855069447763
Smart-069-447764,Mobile,+855069447764
Smart-069-447765,Mobile,+855069447765
Smart-069-447766,Mobile,+855069447766
Smart-069-447767,Mobile,+855069447767
Smart-069-447768,Mobile,+855069447768
Smart-069-447769,Mobile,+855069447769
Smart-069-447770,Mobile,+855069447770
Smart-069-447771,Mobile,+855069447771
Smart-069-447772,Mobile,+855069447772
Smart-069-447773,Mobile,+855069447773
Smart-069-447774,Mobile,+855069447774
Smart-069-447775,Mobile,+855069447775
Smart-069-447776,Mobile,+855069447776
Smart-069-447777,Mobile,+855069447777
Smart-069-447778,Mobile,+855069447778
Smart-069-447779,Mobile,+855069447779
Smart-069-447780,Mobile,+855069447780
Smart-069-447781,Mobile,+855069447781
Smart-069-447782,Mobile,+855069447782
Smart-069-447783,Mobile,+855069447783
Smart-069-447784,Mobile,+855069447784
Smart-069-447785,Mobile,+855069447785
Smart-069-447786,Mobile,+855069447786
Smart-069-447787,Mobile,+855069447787
Smart-069-447788,Mobile,+855069447788
Smart-069-447789,Mobile,+855069447789
Smart-069-447790,Mobile,+855069447790
Smart-069-447791,Mobile,+855069447791
Smart-069-447792,Mobile,+855069447792
Smart-069-447793,Mobile,+855069447793
Smart-069-447794,Mobile,+855069447794
Smart-069-447795,Mobile,+855069447795
Smart-069-447796,Mobile,+855069447796
Smart-069-447797,Mobile,+855069447797
Smart-069-447798,Mobile,+855069447798
Smart-069-447799,Mobile,+855069447799
Smart-069-447800,Mobile,+855069447800
Smart-069-447801,Mobile,+855069447801
Smart-069-447802,Mobile,+855069447802
Smart-069-447803,Mobile,+855069447803
Smart-069-447804,Mobile,+855069447804
Smart-069-447805,Mobile,+855069447805
Smart-069-447806,Mobile,+855069447806
Smart-069-447807,Mobile,+855069447807
Smart-069-447808,Mobile,+855069447808
Smart-069-447809,Mobile,+855069447809
Smart-069-447810,Mobile,+855069447810
Smart-069-447811,Mobile,+855069447811
Smart-069-447812,Mobile,+855069447812
Smart-069-447813,Mobile,+855069447813
Smart-069-447814,Mobile,+855069447814
Smart-069-447815,Mobile,+855069447815
Smart-069-447816,Mobile,+855069447816
Smart-069-447817,Mobile,+855069447817
Smart-069-447818,Mobile,+855069447818
Smart-069-447819,Mobile,+855069447819
Smart-069-447820,Mobile,+855069447820
Smart-069-447821,Mobile,+855069447821
Smart-069-447822,Mobile,+855069447822
Smart-069-447823,Mobile,+855069447823
Smart-069-447824,Mobile,+855069447824
Smart-069-447825,Mobile,+855069447825
Smart-069-447826,Mobile,+855069447826
Smart-069-447827,Mobile,+855069447827
Smart-069-447828,Mobile,+855069447828
Smart-069-447829,Mobile,+855069447829
Smart-069-447830,Mobile,+855069447830
Smart-069-447831,Mobile,+855069447831
Smart-069-447832,Mobile,+855069447832
Smart-069-447833,Mobile,+855069447833
Smart-069-447834,Mobile,+855069447834
Smart-069-447835,Mobile,+855069447835
Smart-069-447836,Mobile,+855069447836
Smart-069-447837,Mobile,+855069447837
Smart-069-447838,Mobile,+855069447838
Smart-069-447839,Mobile,+855069447839
Smart-069-447840,Mobile,+855069447840
Smart-069-447841,Mobile,+855069447841
Smart-069-447842,Mobile,+855069447842
Smart-069-447843,Mobile,+855069447843
Smart-069-447844,Mobile,+855069447844
Smart-069-447845,Mobile,+855069447845
Smart-069-447846,Mobile,+855069447846
Smart-069-447847,Mobile,+855069447847
Smart-069-447848,Mobile,+855069447848
Smart-069-447849,Mobile,+855069447849
Smart-069-447850,Mobile,+855069447850
Smart-069-447851,Mobile,+855069447851
Smart-069-447852,Mobile,+855069447852
Smart-069-447853,Mobile,+855069447853
Smart-069-447854,Mobile,+855069447854
Smart-069-447855,Mobile,+855069447855
Smart-069-447856,Mobile,+855069447856
Smart-069-447857,Mobile,+855069447857
Smart-069-447858,Mobile,+855069447858
Smart-069-447859,Mobile,+855069447859
Smart-069-447860,Mobile,+855069447860
Smart-069-447861,Mobile,+855069447861
Smart-069-447862,Mobile,+855069447862
Smart-069-447863,Mobile,+855069447863
Smart-069-447864,Mobile,+855069447864
Smart-069-447865,Mobile,+855069447865
Smart-069-447866,Mobile,+855069447866
Smart-069-447867,Mobile,+855069447867
Smart-069-447868,Mobile,+855069447868
Smart-069-447869,Mobile,+855069447869
Smart-069-447870,Mobile,+855069447870
Smart-069-447871,Mobile,+855069447871
Smart-069-447872,Mobile,+855069447872
Smart-069-447873,Mobile,+855069447873
Smart-069-447874,Mobile,+855069447874
Smart-069-447875,Mobile,+855069447875
Smart-069-447876,Mobile,+855069447876
Smart-069-447877,Mobile,+855069447877
Smart-069-447878,Mobile,+855069447878
Smart-069-447879,Mobile,+855069447879
Smart-069-447880,Mobile,+855069447880
Smart-069-447881,Mobile,+855069447881
Smart-069-447882,Mobile,+855069447882
Smart-069-447883,Mobile,+855069447883
Smart-069-447884,Mobile,+855069447884
Smart-069-447885,Mobile,+855069447885
Smart-069-447886,Mobile,+855069447886
Smart-069-447887,Mobile,+855069447887
Smart-069-447888,Mobile,+855069447888
Smart-069-447889,Mobile,+855069447889
Smart-069-447890,Mobile,+855069447890
Smart-069-447891,Mobile,+855069447891
Smart-069-447892,Mobile,+855069447892
Smart-069-447893,Mobile,+855069447893
Smart-069-447894,Mobile,+855069447894
Smart-069-447895,Mobile,+855069447895
Smart-069-447896,Mobile,+855069447896
Smart-069-447897,Mobile,+855069447897
Smart-069-447898,Mobile,+855069447898
Smart-069-447899,Mobile,+855069447899
Smart-069-447900,Mobile,+855069447900
Smart-069-447901,Mobile,+855069447901
Smart-069-447902,Mobile,+855069447902
Smart-069-447903,Mobile,+855069447903
Smart-069-447904,Mobile,+855069447904
Smart-069-447905,Mobile,+855069447905
Smart-069-447906,Mobile,+855069447906
Smart-069-447907,Mobile,+855069447907
Smart-069-447908,Mobile,+855069447908
Smart-069-447909,Mobile,+855069447909
Smart-069-447910,Mobile,+855069447910
Smart-069-447911,Mobile,+855069447911
Smart-069-447912,Mobile,+855069447912
Smart-069-447913,Mobile,+855069447913
Smart-069-447914,Mobile,+855069447914
Smart-069-447915,Mobile,+855069447915
Smart-069-447916,Mobile,+855069447916
Smart-069-447917,Mobile,+855069447917
Smart-069-447918,Mobile,+855069447918
Smart-069-447919,Mobile,+855069447919
Smart-069-447920,Mobile,+855069447920
Smart-069-447921,Mobile,+855069447921
Smart-069-447922,Mobile,+855069447922
Smart-069-447923,Mobile,+855069447923
Smart-069-447924,Mobile,+855069447924
Smart-069-447925,Mobile,+855069447925
Smart-069-447926,Mobile,+855069447926
Smart-069-447927,Mobile,+855069447927
Smart-069-447928,Mobile,+855069447928
Smart-069-447929,Mobile,+855069447929
Smart-069-447930,Mobile,+855069447930
Smart-069-447931,Mobile,+855069447931
Smart-069-447932,Mobile,+855069447932
Smart-069-447933,Mobile,+855069447933
Smart-069-447934,Mobile,+855069447934
Smart-069-447935,Mobile,+855069447935
Smart-069-447936,Mobile,+855069447936
Smart-069-447937,Mobile,+855069447937
Smart-069-447938,Mobile,+855069447938
Smart-069-447939,Mobile,+855069447939
Smart-069-447940,Mobile,+855069447940
Smart-069-447941,Mobile,+855069447941
Smart-069-447942,Mobile,+855069447942
Smart-069-447943,Mobile,+855069447943
Smart-069-447944,Mobile,+855069447944
Smart-069-447945,Mobile,+855069447945
Smart-069-447946,Mobile,+855069447946
Smart-069-447947,Mobile,+855069447947
Smart-069-447948,Mobile,+855069447948
Smart-069-447949,Mobile,+855069447949
Smart-069-447950,Mobile,+855069447950
Smart-069-447951,Mobile,+855069447951
Smart-069-447952,Mobile,+855069447952
Smart-069-447953,Mobile,+855069447953
Smart-069-447954,Mobile,+855069447954
Smart-069-447955,Mobile,+855069447955
Smart-069-447956,Mobile,+855069447956
Smart-069-447957,Mobile,+855069447957
Smart-069-447958,Mobile,+855069447958
Smart-069-447959,Mobile,+855069447959
Smart-069-447960,Mobile,+855069447960
Smart-069-447961,Mobile,+855069447961
Smart-069-447962,Mobile,+855069447962
Smart-069-447963,Mobile,+855069447963
Smart-069-447964,Mobile,+855069447964
Smart-069-447965,Mobile,+855069447965
Smart-069-447966,Mobile,+855069447966
Smart-069-447967,Mobile,+855069447967
Smart-069-447968,Mobile,+855069447968
Smart-069-447969,Mobile,+855069447969
Smart-069-447970,Mobile,+855069447970
Smart-069-447971,Mobile,+855069447971
Smart-069-447972,Mobile,+855069447972
Smart-069-447973,Mobile,+855069447973
Smart-069-447974,Mobile,+855069447974
Smart-069-447975,Mobile,+855069447975
Smart-069-447976,Mobile,+855069447976
Smart-069-447977,Mobile,+855069447977
Smart-069-447978,Mobile,+855069447978
Smart-069-447979,Mobile,+855069447979
Smart-069-447980,Mobile,+855069447980
Smart-069-447981,Mobile,+855069447981
Smart-069-447982,Mobile,+855069447982
Smart-069-447983,Mobile,+855069447983
Smart-069-447984,Mobile,+855069447984
Smart-069-447985,Mobile,+855069447985
Smart-069-447986,Mobile,+855069447986
Smart-069-447987,Mobile,+855069447987
Smart-069-447988,Mobile,+855069447988
Smart-069-447989,Mobile,+855069447989
Smart-069-447990,Mobile,+855069447990
Smart-069-447991,Mobile,+855069447991
Smart-069-447992,Mobile,+855069447992
Smart-069-447993,Mobile,+855069447993
Smart-069-447994,Mobile,+855069447994
Smart-069-447995,Mobile,+855069447995
Smart-069-447996,Mobile,+855069447996
Smart-069-447997,Mobile,+855069447997
Smart-069-447998,Mobile,+855069447998
Smart-069-447999,Mobile,+855069447999
Smart-069-448000,Mobile,+855069448000
Smart-069-448001,Mobile,+855069448001
Smart-069-448002,Mobile,+855069448002
Smart-069-448003,Mobile,+855069448003
Smart-069-448004,Mobile,+855069448004
Smart-069-448005,Mobile,+855069448005
Smart-069-448006,Mobile,+855069448006
Smart-069-448007,Mobile,+855069448007
Smart-069-448008,Mobile,+855069448008
Smart-069-448009,Mobile,+855069448009
Smart-069-448010,Mobile,+855069448010
Smart-069-448011,Mobile,+855069448011
Smart-069-448012,Mobile,+855069448012
Smart-069-448013,Mobile,+855069448013
Smart-069-448014,Mobile,+855069448014
Smart-069-448015,Mobile,+855069448015
Smart-069-448016,Mobile,+855069448016
Smart-069-448017,Mobile,+855069448017
Smart-069-448018,Mobile,+855069448018
Smart-069-448019,Mobile,+855069448019
Smart-069-448020,Mobile,+855069448020
Smart-069-448021,Mobile,+855069448021
Smart-069-448022,Mobile,+855069448022
Smart-069-448023,Mobile,+855069448023
Smart-069-448024,Mobile,+855069448024
Smart-069-448025,Mobile,+855069448025
Smart-069-448026,Mobile,+855069448026
Smart-069-448027,Mobile,+855069448027
Smart-069-448028,Mobile,+855069448028
Smart-069-448029,Mobile,+855069448029
Smart-069-448030,Mobile,+855069448030
Smart-069-448031,Mobile,+855069448031
Smart-069-448032,Mobile,+855069448032
Smart-069-448033,Mobile,+855069448033
Smart-069-448034,Mobile,+855069448034
Smart-069-448035,Mobile,+855069448035
Smart-069-448036,Mobile,+855069448036
Smart-069-448037,Mobile,+855069448037
Smart-069-448038,Mobile,+855069448038
Smart-069-448039,Mobile,+855069448039
Smart-069-448040,Mobile,+855069448040
Smart-069-448041,Mobile,+855069448041
Smart-069-448042,Mobile,+855069448042
Smart-069-448043,Mobile,+855069448043
Smart-069-448044,Mobile,+855069448044
Smart-069-448045,Mobile,+855069448045
Smart-069-448046,Mobile,+855069448046
Smart-069-448047,Mobile,+855069448047
Smart-069-448048,Mobile,+855069448048
Smart-069-448049,Mobile,+855069448049
Smart-069-448050,Mobile,+855069448050
Smart-069-448051,Mobile,+855069448051
Smart-069-448052,Mobile,+855069448052
Smart-069-448053,Mobile,+855069448053
Smart-069-448054,Mobile,+855069448054
Smart-069-448055,Mobile,+855069448055
Smart-069-448056,Mobile,+855069448056
Smart-069-448057,Mobile,+855069448057
Smart-069-448058,Mobile,+855069448058
Smart-069-448059,Mobile,+855069448059
Smart-069-448060,Mobile,+855069448060
Smart-069-448061,Mobile,+855069448061
Smart-069-448062,Mobile,+855069448062
Smart-069-448063,Mobile,+855069448063
Smart-069-448064,Mobile,+855069448064
Smart-069-448065,Mobile,+855069448065
Smart-069-448066,Mobile,+855069448066
Smart-069-448067,Mobile,+855069448067
Smart-069-448068,Mobile,+855069448068
Smart-069-448069,Mobile,+855069448069
Smart-069-448070,Mobile,+855069448070
Smart-069-448071,Mobile,+855069448071
Smart-069-448072,Mobile,+855069448072
Smart-069-448073,Mobile,+855069448073
Smart-069-448074,Mobile,+855069448074
Smart-069-448075,Mobile,+855069448075
Smart-069-448076,Mobile,+855069448076
Smart-069-448077,Mobile,+855069448077
Smart-069-448078,Mobile,+855069448078
Smart-069-448079,Mobile,+855069448079
Smart-069-448080,Mobile,+855069448080
Smart-069-448081,Mobile,+855069448081
Smart-069-448082,Mobile,+855069448082
Smart-069-448083,Mobile,+855069448083
Smart-069-448084,Mobile,+855069448084
Smart-069-448085,Mobile,+855069448085
Smart-069-448086,Mobile,+855069448086
Smart-069-448087,Mobile,+855069448087
Smart-069-448088,Mobile,+855069448088
Smart-069-448089,Mobile,+855069448089
Smart-069-448090,Mobile,+855069448090
Smart-069-448091,Mobile,+855069448091
Smart-069-448092,Mobile,+855069448092
Smart-069-448093,Mobile,+855069448093
Smart-069-448094,Mobile,+855069448094
Smart-069-448095,Mobile,+855069448095
Smart-069-448096,Mobile,+855069448096
Smart-069-448097,Mobile,+855069448097
Smart-069-448098,Mobile,+855069448098
Smart-069-448099,Mobile,+855069448099
Smart-069-448100,Mobile,+855069448100
Smart-069-448101,Mobile,+855069448101
Smart-069-448102,Mobile,+855069448102
Smart-069-448103,Mobile,+855069448103
Smart-069-448104,Mobile,+855069448104
Smart-069-448105,Mobile,+855069448105
Smart-069-448106,Mobile,+855069448106
Smart-069-448107,Mobile,+855069448107
Smart-069-448108,Mobile,+855069448108
Smart-069-448109,Mobile,+855069448109
Smart-069-448110,Mobile,+855069448110
Smart-069-448111,Mobile,+855069448111
Smart-069-448112,Mobile,+855069448112
Smart-069-448113,Mobile,+855069448113
Smart-069-448114,Mobile,+855069448114
Smart-069-448115,Mobile,+855069448115
Smart-069-448116,Mobile,+855069448116
Smart-069-448117,Mobile,+855069448117
Smart-069-448118,Mobile,+855069448118
Smart-069-448119,Mobile,+855069448119
Smart-069-448120,Mobile,+855069448120
Smart-069-448121,Mobile,+855069448121
Smart-069-448122,Mobile,+855069448122
Smart-069-448123,Mobile,+855069448123
Smart-069-448124,Mobile,+855069448124
Smart-069-448125,Mobile,+855069448125
Smart-069-448126,Mobile,+855069448126
Smart-069-448127,Mobile,+855069448127
Smart-069-448128,Mobile,+855069448128
Smart-069-448129,Mobile,+855069448129
Smart-069-448130,Mobile,+855069448130
Smart-069-448131,Mobile,+855069448131
Smart-069-448132,Mobile,+855069448132
Smart-069-448133,Mobile,+855069448133
Smart-069-448134,Mobile,+855069448134
Smart-069-448135,Mobile,+855069448135
Smart-069-448136,Mobile,+855069448136
Smart-069-448137,Mobile,+855069448137
Smart-069-448138,Mobile,+855069448138
Smart-069-448139,Mobile,+855069448139
Smart-069-448140,Mobile,+855069448140
Smart-069-448141,Mobile,+855069448141
Smart-069-448142,Mobile,+855069448142
Smart-069-448143,Mobile,+855069448143
Smart-069-448144,Mobile,+855069448144
Smart-069-448145,Mobile,+855069448145
Smart-069-448146,Mobile,+855069448146
Smart-069-448147,Mobile,+855069448147
Smart-069-448148,Mobile,+855069448148
Smart-069-448149,Mobile,+855069448149
Smart-069-448150,Mobile,+855069448150
Smart-069-448151,Mobile,+855069448151
Smart-069-448152,Mobile,+855069448152
Smart-069-448153,Mobile,+855069448153
Smart-069-448154,Mobile,+855069448154
Smart-069-448155,Mobile,+855069448155
Smart-069-448156,Mobile,+855069448156
Smart-069-448157,Mobile,+855069448157
Smart-069-448158,Mobile,+855069448158
Smart-069-448159,Mobile,+855069448159
Smart-069-448160,Mobile,+855069448160
Smart-069-448161,Mobile,+855069448161
Smart-069-448162,Mobile,+855069448162
Smart-069-448163,Mobile,+855069448163
Smart-069-448164,Mobile,+855069448164
Smart-069-448165,Mobile,+855069448165
Smart-069-448166,Mobile,+855069448166
Smart-069-448167,Mobile,+855069448167
Smart-069-448168,Mobile,+855069448168
Smart-069-448169,Mobile,+855069448169
Smart-069-448170,Mobile,+855069448170
Smart-069-448171,Mobile,+855069448171
Smart-069-448172,Mobile,+855069448172
Smart-069-448173,Mobile,+855069448173
Smart-069-448174,Mobile,+855069448174
Smart-069-448175,Mobile,+855069448175
Smart-069-448176,Mobile,+855069448176
Smart-069-448177,Mobile,+855069448177
Smart-069-448178,Mobile,+855069448178
Smart-069-448179,Mobile,+855069448179
Smart-069-448180,Mobile,+855069448180
Smart-069-448181,Mobile,+855069448181
Smart-069-448182,Mobile,+855069448182
Smart-069-448183,Mobile,+855069448183
Smart-069-448184,Mobile,+855069448184
Smart-069-448185,Mobile,+855069448185
Smart-069-448186,Mobile,+855069448186
Smart-069-448187,Mobile,+855069448187
Smart-069-448188,Mobile,+855069448188
Smart-069-448189,Mobile,+855069448189
Smart-069-448190,Mobile,+855069448190
Smart-069-448191,Mobile,+855069448191
Smart-069-448192,Mobile,+855069448192
Smart-069-448193,Mobile,+855069448193
Smart-069-448194,Mobile,+855069448194
Smart-069-448195,Mobile,+855069448195
Smart-069-448196,Mobile,+855069448196
Smart-069-448197,Mobile,+855069448197
Smart-069-448198,Mobile,+855069448198
Smart-069-448199,Mobile,+855069448199
Smart-069-448200,Mobile,+855069448200
Smart-069-448201,Mobile,+855069448201
Smart-069-448202,Mobile,+855069448202
Smart-069-448203,Mobile,+855069448203
Smart-069-448204,Mobile,+855069448204
Smart-069-448205,Mobile,+855069448205
Smart-069-448206,Mobile,+855069448206
Smart-069-448207,Mobile,+855069448207
Smart-069-448208,Mobile,+855069448208
Smart-069-448209,Mobile,+855069448209
Smart-069-448210,Mobile,+855069448210
Smart-069-448211,Mobile,+855069448211
Smart-069-448212,Mobile,+855069448212
Smart-069-448213,Mobile,+855069448213
Smart-069-448214,Mobile,+855069448214
Smart-069-448215,Mobile,+855069448215
Smart-069-448216,Mobile,+855069448216
Smart-069-448217,Mobile,+855069448217
Smart-069-448218,Mobile,+855069448218
Smart-069-448219,Mobile,+855069448219
Smart-069-448220,Mobile,+855069448220
Smart-069-448221,Mobile,+855069448221
Smart-069-448222,Mobile,+855069448222
Smart-069-448223,Mobile,+855069448223
Smart-069-448224,Mobile,+855069448224
Smart-069-448225,Mobile,+855069448225
Smart-069-448226,Mobile,+855069448226
Smart-069-448227,Mobile,+855069448227
Smart-069-448228,Mobile,+855069448228
Smart-069-448229,Mobile,+855069448229
Smart-069-448230,Mobile,+855069448230
Smart-069-448231,Mobile,+855069448231
Smart-069-448232,Mobile,+855069448232
Smart-069-448233,Mobile,+855069448233
Smart-069-448234,Mobile,+855069448234
Smart-069-448235,Mobile,+855069448235
Smart-069-448236,Mobile,+855069448236
Smart-069-448237,Mobile,+855069448237
Smart-069-448238,Mobile,+855069448238
Smart-069-448239,Mobile,+855069448239
Smart-069-448240,Mobile,+855069448240
Smart-069-448241,Mobile,+855069448241
Smart-069-448242,Mobile,+855069448242
Smart-069-448243,Mobile,+855069448243
Smart-069-448244,Mobile,+855069448244
Smart-069-448245,Mobile,+855069448245
Smart-069-448246,Mobile,+855069448246
Smart-069-448247,Mobile,+855069448247
Smart-069-448248,Mobile,+855069448248
Smart-069-448249,Mobile,+855069448249
Smart-069-448250,Mobile,+855069448250
Smart-069-448251,Mobile,+855069448251
Smart-069-448252,Mobile,+855069448252
Smart-069-448253,Mobile,+855069448253
Smart-069-448254,Mobile,+855069448254
Smart-069-448255,Mobile,+855069448255
Smart-069-448256,Mobile,+855069448256
Smart-069-448257,Mobile,+855069448257
Smart-069-448258,Mobile,+855069448258
Smart-069-448259,Mobile,+855069448259
Smart-069-448260,Mobile,+855069448260
Smart-069-448261,Mobile,+855069448261
Smart-069-448262,Mobile,+855069448262
Smart-069-448263,Mobile,+855069448263
Smart-069-448264,Mobile,+855069448264
Smart-069-448265,Mobile,+855069448265
Smart-069-448266,Mobile,+855069448266
Smart-069-448267,Mobile,+855069448267
Smart-069-448268,Mobile,+855069448268
Smart-069-448269,Mobile,+855069448269
Smart-069-448270,Mobile,+855069448270
Smart-069-448271,Mobile,+855069448271
Smart-069-448272,Mobile,+855069448272
Smart-069-448273,Mobile,+855069448273
Smart-069-448274,Mobile,+855069448274
Smart-069-448275,Mobile,+855069448275
Smart-069-448276,Mobile,+855069448276
Smart-069-448277,Mobile,+855069448277
Smart-069-448278,Mobile,+855069448278
Smart-069-448279,Mobile,+855069448279
Smart-069-448280,Mobile,+855069448280
Smart-069-448281,Mobile,+855069448281
Smart-069-448282,Mobile,+855069448282
Smart-069-448283,Mobile,+855069448283
Smart-069-448284,Mobile,+855069448284
Smart-069-448285,Mobile,+855069448285
Smart-069-448286,Mobile,+855069448286
Smart-069-448287,Mobile,+855069448287
Smart-069-448288,Mobile,+855069448288
Smart-069-448289,Mobile,+855069448289
Smart-069-448290,Mobile,+855069448290
Smart-069-448291,Mobile,+855069448291
Smart-069-448292,Mobile,+855069448292
Smart-069-448293,Mobile,+855069448293
Smart-069-448294,Mobile,+855069448294
Smart-069-448295,Mobile,+855069448295
Smart-069-448296,Mobile,+855069448296
Smart-069-448297,Mobile,+855069448297
Smart-069-448298,Mobile,+855069448298
Smart-069-448299,Mobile,+855069448299
Smart-069-448300,Mobile,+855069448300
Smart-069-448301,Mobile,+855069448301
Smart-069-448302,Mobile,+855069448302
Smart-069-448303,Mobile,+855069448303
Smart-069-448304,Mobile,+855069448304
Smart-069-448305,Mobile,+855069448305
Smart-069-448306,Mobile,+855069448306
Smart-069-448307,Mobile,+855069448307
Smart-069-448308,Mobile,+855069448308
Smart-069-448309,Mobile,+855069448309
Smart-069-448310,Mobile,+855069448310
Smart-069-448311,Mobile,+855069448311
Smart-069-448312,Mobile,+855069448312
Smart-069-448313,Mobile,+855069448313
Smart-069-448314,Mobile,+855069448314
Smart-069-448315,Mobile,+855069448315
Smart-069-448316,Mobile,+855069448316
Smart-069-448317,Mobile,+855069448317
Smart-069-448318,Mobile,+855069448318
Smart-069-448319,Mobile,+855069448319
Smart-069-448320,Mobile,+855069448320
Smart-069-448321,Mobile,+855069448321
Smart-069-448322,Mobile,+855069448322
Smart-069-448323,Mobile,+855069448323
Smart-069-448324,Mobile,+855069448324
Smart-069-448325,Mobile,+855069448325
Smart-069-448326,Mobile,+855069448326
Smart-069-448327,Mobile,+855069448327
Smart-069-448328,Mobile,+855069448328
Smart-069-448329,Mobile,+855069448329
Smart-069-448330,Mobile,+855069448330
Smart-069-448331,Mobile,+855069448331
Smart-069-448332,Mobile,+855069448332
Smart-069-448333,Mobile,+855069448333
Smart-069-448334,Mobile,+855069448334
Smart-069-448335,Mobile,+855069448335
Smart-069-448336,Mobile,+855069448336
Smart-069-448337,Mobile,+855069448337
Smart-069-448338,Mobile,+855069448338
Smart-069-448339,Mobile,+855069448339
Smart-069-448340,Mobile,+855069448340
Smart-069-448341,Mobile,+855069448341
Smart-069-448342,Mobile,+855069448342
Smart-069-448343,Mobile,+855069448343
Smart-069-448344,Mobile,+855069448344
Smart-069-448345,Mobile,+855069448345
Smart-069-448346,Mobile,+855069448346
Smart-069-448347,Mobile,+855069448347
Smart-069-448348,Mobile,+855069448348
Smart-069-448349,Mobile,+855069448349
Smart-069-448350,Mobile,+855069448350
Smart-069-448351,Mobile,+855069448351
Smart-069-448352,Mobile,+855069448352
Smart-069-448353,Mobile,+855069448353
Smart-069-448354,Mobile,+855069448354
Smart-069-448355,Mobile,+855069448355
Smart-069-448356,Mobile,+855069448356
Smart-069-448357,Mobile,+855069448357
Smart-069-448358,Mobile,+855069448358
Smart-069-448359,Mobile,+855069448359
Smart-069-448360,Mobile,+855069448360
Smart-069-448361,Mobile,+855069448361
Smart-069-448362,Mobile,+855069448362
Smart-069-448363,Mobile,+855069448363
Smart-069-448364,Mobile,+855069448364
Smart-069-448365,Mobile,+855069448365
Smart-069-448366,Mobile,+855069448366
Smart-069-448367,Mobile,+855069448367
Smart-069-448368,Mobile,+855069448368
Smart-069-448369,Mobile,+855069448369
Smart-069-448370,Mobile,+855069448370
Smart-069-448371,Mobile,+855069448371
Smart-069-448372,Mobile,+855069448372
Smart-069-448373,Mobile,+855069448373
Smart-069-448374,Mobile,+855069448374
Smart-069-448375,Mobile,+855069448375
Smart-069-448376,Mobile,+855069448376
Smart-069-448377,Mobile,+855069448377
Smart-069-448378,Mobile,+855069448378
Smart-069-448379,Mobile,+855069448379
Smart-069-448380,Mobile,+855069448380
Smart-069-448381,Mobile,+855069448381
Smart-069-448382,Mobile,+855069448382
Smart-069-448383,Mobile,+855069448383
Smart-069-448384,Mobile,+855069448384
Smart-069-448385,Mobile,+855069448385
Smart-069-448386,Mobile,+855069448386
Smart-069-448387,Mobile,+855069448387
Smart-069-448388,Mobile,+855069448388
Smart-069-448389,Mobile,+855069448389
Smart-069-448390,Mobile,+855069448390
Smart-069-448391,Mobile,+855069448391
Smart-069-448392,Mobile,+855069448392
Smart-069-448393,Mobile,+855069448393
Smart-069-448394,Mobile,+855069448394
Smart-069-448395,Mobile,+855069448395
Smart-069-448396,Mobile,+855069448396
Smart-069-448397,Mobile,+855069448397
Smart-069-448398,Mobile,+855069448398
Smart-069-448399,Mobile,+855069448399
Smart-069-448400,Mobile,+855069448400
Smart-069-448401,Mobile,+855069448401
Smart-069-448402,Mobile,+855069448402
Smart-069-448403,Mobile,+855069448403
Smart-069-448404,Mobile,+855069448404
Smart-069-448405,Mobile,+855069448405
Smart-069-448406,Mobile,+855069448406
Smart-069-448407,Mobile,+855069448407
Smart-069-448408,Mobile,+855069448408
Smart-069-448409,Mobile,+855069448409
Smart-069-448410,Mobile,+855069448410
Smart-069-448411,Mobile,+855069448411
Smart-069-448412,Mobile,+855069448412
Smart-069-448413,Mobile,+855069448413
Smart-069-448414,Mobile,+855069448414
Smart-069-448415,Mobile,+855069448415
Smart-069-448416,Mobile,+855069448416
Smart-069-448417,Mobile,+855069448417
Smart-069-448418,Mobile,+855069448418
Smart-069-448419,Mobile,+855069448419
Smart-069-448420,Mobile,+855069448420
Smart-069-448421,Mobile,+855069448421
Smart-069-448422,Mobile,+855069448422
Smart-069-448423,Mobile,+855069448423
Smart-069-448424,Mobile,+855069448424
Smart-069-448425,Mobile,+855069448425
Smart-069-448426,Mobile,+855069448426
Smart-069-448427,Mobile,+855069448427
Smart-069-448428,Mobile,+855069448428
Smart-069-448429,Mobile,+855069448429
Smart-069-448430,Mobile,+855069448430
Smart-069-448431,Mobile,+855069448431
Smart-069-448432,Mobile,+855069448432
Smart-069-448433,Mobile,+855069448433
Smart-069-448434,Mobile,+855069448434
Smart-069-448435,Mobile,+855069448435
Smart-069-448436,Mobile,+855069448436
Smart-069-448437,Mobile,+855069448437
Smart-069-448438,Mobile,+855069448438
Smart-069-448439,Mobile,+855069448439
Smart-069-448440,Mobile,+855069448440
Smart-069-448441,Mobile,+855069448441
Smart-069-448442,Mobile,+855069448442
Smart-069-448443,Mobile,+855069448443
Smart-069-448444,Mobile,+855069448444
Smart-069-448445,Mobile,+855069448445
Smart-069-448446,Mobile,+855069448446
Smart-069-448447,Mobile,+855069448447
Smart-069-448448,Mobile,+855069448448
Smart-069-448449,Mobile,+855069448449
Smart-069-448450,Mobile,+855069448450
Smart-069-448451,Mobile,+855069448451
Smart-069-448452,Mobile,+855069448452
Smart-069-448453,Mobile,+855069448453
Smart-069-448454,Mobile,+855069448454
Smart-069-448455,Mobile,+855069448455
Smart-069-448456,Mobile,+855069448456
Smart-069-448457,Mobile,+855069448457
Smart-069-448458,Mobile,+855069448458
Smart-069-448459,Mobile,+855069448459
Smart-069-448460,Mobile,+855069448460
Smart-069-448461,Mobile,+855069448461
Smart-069-448462,Mobile,+855069448462
Smart-069-448463,Mobile,+855069448463
Smart-069-448464,Mobile,+855069448464
Smart-069-448465,Mobile,+855069448465
Smart-069-448466,Mobile,+855069448466
Smart-069-448467,Mobile,+855069448467
Smart-069-448468,Mobile,+855069448468
Smart-069-448469,Mobile,+855069448469
Smart-069-448470,Mobile,+855069448470
Smart-069-448471,Mobile,+855069448471
Smart-069-448472,Mobile,+855069448472
Smart-069-448473,Mobile,+855069448473
Smart-069-448474,Mobile,+855069448474
Smart-069-448475,Mobile,+855069448475
Smart-069-448476,Mobile,+855069448476
Smart-069-448477,Mobile,+855069448477
Smart-069-448478,Mobile,+855069448478
Smart-069-448479,Mobile,+855069448479
Smart-069-448480,Mobile,+855069448480
Smart-069-448481,Mobile,+855069448481
Smart-069-448482,Mobile,+855069448482
Smart-069-448483,Mobile,+855069448483
Smart-069-448484,Mobile,+855069448484
Smart-069-448485,Mobile,+855069448485
Smart-069-448486,Mobile,+855069448486
Smart-069-448487,Mobile,+855069448487
Smart-069-448488,Mobile,+855069448488
Smart-069-448489,Mobile,+855069448489
Smart-069-448490,Mobile,+855069448490
Smart-069-448491,Mobile,+855069448491
Smart-069-448492,Mobile,+855069448492
Smart-069-448493,Mobile,+855069448493
Smart-069-448494,Mobile,+855069448494
Smart-069-448495,Mobile,+855069448495
Smart-069-448496,Mobile,+855069448496
Smart-069-448497,Mobile,+855069448497
Smart-069-448498,Mobile,+855069448498
Smart-069-448499,Mobile,+855069448499
Smart-069-448500,Mobile,+855069448500
Smart-069-448501,Mobile,+855069448501
Smart-069-448502,Mobile,+855069448502
Smart-069-448503,Mobile,+855069448503
Smart-069-448504,Mobile,+855069448504
Smart-069-448505,Mobile,+855069448505
Smart-069-448506,Mobile,+855069448506
Smart-069-448507,Mobile,+855069448507
Smart-069-448508,Mobile,+855069448508
Smart-069-448509,Mobile,+855069448509
Smart-069-448510,Mobile,+855069448510
Smart-069-448511,Mobile,+855069448511
Smart-069-448512,Mobile,+855069448512
Smart-069-448513,Mobile,+855069448513
Smart-069-448514,Mobile,+855069448514
Smart-069-448515,Mobile,+855069448515
Smart-069-448516,Mobile,+855069448516
Smart-069-448517,Mobile,+855069448517
Smart-069-448518,Mobile,+855069448518
Smart-069-448519,Mobile,+855069448519
Smart-069-448520,Mobile,+855069448520
Smart-069-448521,Mobile,+855069448521
Smart-069-448522,Mobile,+855069448522
Smart-069-448523,Mobile,+855069448523
Smart-069-448524,Mobile,+855069448524
Smart-069-448525,Mobile,+855069448525
Smart-069-448526,Mobile,+855069448526
Smart-069-448527,Mobile,+855069448527
Smart-069-448528,Mobile,+855069448528
Smart-069-448529,Mobile,+855069448529
Smart-069-448530,Mobile,+855069448530
Smart-069-448531,Mobile,+855069448531
Smart-069-448532,Mobile,+855069448532
Smart-069-448533,Mobile,+855069448533
Smart-069-448534,Mobile,+855069448534
Smart-069-448535,Mobile,+855069448535
Smart-069-448536,Mobile,+855069448536
Smart-069-448537,Mobile,+855069448537
Smart-069-448538,Mobile,+855069448538
Smart-069-448539,Mobile,+855069448539
Smart-069-448540,Mobile,+855069448540
Smart-069-448541,Mobile,+855069448541
Smart-069-448542,Mobile,+855069448542
Smart-069-448543,Mobile,+855069448543
Smart-069-448544,Mobile,+855069448544
Smart-069-448545,Mobile,+855069448545
Smart-069-448546,Mobile,+855069448546
Smart-069-448547,Mobile,+855069448547
Smart-069-448548,Mobile,+855069448548
Smart-069-448549,Mobile,+855069448549
Smart-069-448550,Mobile,+855069448550
Smart-069-448551,Mobile,+855069448551
Smart-069-448552,Mobile,+855069448552
Smart-069-448553,Mobile,+855069448553
Smart-069-448554,Mobile,+855069448554
Smart-069-448555,Mobile,+855069448555
Smart-069-448556,Mobile,+855069448556
Smart-069-448557,Mobile,+855069448557
Smart-069-448558,Mobile,+855069448558
Smart-069-448559,Mobile,+855069448559
Smart-069-448560,Mobile,+855069448560
Smart-069-448561,Mobile,+855069448561
Smart-069-448562,Mobile,+855069448562
Smart-069-448563,Mobile,+855069448563
Smart-069-448564,Mobile,+855069448564
Smart-069-448565,Mobile,+855069448565
Smart-069-448566,Mobile,+855069448566
Smart-069-448567,Mobile,+855069448567
Smart-069-448568,Mobile,+855069448568
Smart-069-448569,Mobile,+855069448569
Smart-069-448570,Mobile,+855069448570
Smart-069-448571,Mobile,+855069448571
Smart-069-448572,Mobile,+855069448572
Smart-069-448573,Mobile,+855069448573
Smart-069-448574,Mobile,+855069448574
Smart-069-448575,Mobile,+855069448575
Smart-069-448576,Mobile,+855069448576
Smart-069-448577,Mobile,+855069448577
Smart-069-448578,Mobile,+855069448578
Smart-069-448579,Mobile,+855069448579
Smart-069-448580,Mobile,+855069448580
Smart-069-448581,Mobile,+855069448581
Smart-069-448582,Mobile,+855069448582
Smart-069-448583,Mobile,+855069448583
Smart-069-448584,Mobile,+855069448584
Smart-069-448585,Mobile,+855069448585
Smart-069-448586,Mobile,+855069448586
Smart-069-448587,Mobile,+855069448587
Smart-069-448588,Mobile,+855069448588
Smart-069-448589,Mobile,+855069448589
Smart-069-448590,Mobile,+855069448590
Smart-069-448591,Mobile,+855069448591
Smart-069-448592,Mobile,+855069448592
Smart-069-448593,Mobile,+855069448593
Smart-069-448594,Mobile,+855069448594
Smart-069-448595,Mobile,+855069448595
Smart-069-448596,Mobile,+855069448596
Smart-069-448597,Mobile,+855069448597
Smart-069-448598,Mobile,+855069448598
Smart-069-448599,Mobile,+855069448599
Smart-069-448600,Mobile,+855069448600
Smart-069-448601,Mobile,+855069448601
Smart-069-448602,Mobile,+855069448602
Smart-069-448603,Mobile,+855069448603
Smart-069-448604,Mobile,+855069448604
Smart-069-448605,Mobile,+855069448605
Smart-069-448606,Mobile,+855069448606
Smart-069-448607,Mobile,+855069448607
Smart-069-448608,Mobile,+855069448608
Smart-069-448609,Mobile,+855069448609
Smart-069-448610,Mobile,+855069448610
Smart-069-448611,Mobile,+855069448611
Smart-069-448612,Mobile,+855069448612
Smart-069-448613,Mobile,+855069448613
Smart-069-448614,Mobile,+855069448614
Smart-069-448615,Mobile,+855069448615
Smart-069-448616,Mobile,+855069448616
Smart-069-448617,Mobile,+855069448617
Smart-069-448618,Mobile,+855069448618
Smart-069-448619,Mobile,+855069448619
Smart-069-448620,Mobile,+855069448620
Smart-069-448621,Mobile,+855069448621
Smart-069-448622,Mobile,+855069448622
Smart-069-448623,Mobile,+855069448623
Smart-069-448624,Mobile,+855069448624
Smart-069-448625,Mobile,+855069448625
Smart-069-448626,Mobile,+855069448626
Smart-069-448627,Mobile,+855069448627
Smart-069-448628,Mobile,+855069448628
Smart-069-448629,Mobile,+855069448629
Smart-069-448630,Mobile,+855069448630
Smart-069-448631,Mobile,+855069448631
Smart-069-448632,Mobile,+855069448632
Smart-069-448633,Mobile,+855069448633
Smart-069-448634,Mobile,+855069448634
Smart-069-448635,Mobile,+855069448635
Smart-069-448636,Mobile,+855069448636
Smart-069-448637,Mobile,+855069448637
Smart-069-448638,Mobile,+855069448638
Smart-069-448639,Mobile,+855069448639
Smart-069-448640,Mobile,+855069448640
Smart-069-448641,Mobile,+855069448641
Smart-069-448642,Mobile,+855069448642
Smart-069-448643,Mobile,+855069448643
Smart-069-448644,Mobile,+855069448644
Smart-069-448645,Mobile,+855069448645
Smart-069-448646,Mobile,+855069448646
Smart-069-448647,Mobile,+855069448647
Smart-069-448648,Mobile,+855069448648
Smart-069-448649,Mobile,+855069448649
Smart-069-448650,Mobile,+855069448650
Smart-069-448651,Mobile,+855069448651
Smart-069-448652,Mobile,+855069448652
Smart-069-448653,Mobile,+855069448653
Smart-069-448654,Mobile,+855069448654
Smart-069-448655,Mobile,+855069448655
Smart-069-448656,Mobile,+855069448656
Smart-069-448657,Mobile,+855069448657
Smart-069-448658,Mobile,+855069448658
Smart-069-448659,Mobile,+855069448659
Smart-069-448660,Mobile,+855069448660
Smart-069-448661,Mobile,+855069448661
Smart-069-448662,Mobile,+855069448662
Smart-069-448663,Mobile,+855069448663
Smart-069-448664,Mobile,+855069448664
Smart-069-448665,Mobile,+855069448665
Smart-069-448666,Mobile,+855069448666
Smart-069-448667,Mobile,+855069448667
Smart-069-448668,Mobile,+855069448668
Smart-069-448669,Mobile,+855069448669
Smart-069-448670,Mobile,+855069448670
Smart-069-448671,Mobile,+855069448671
Smart-069-448672,Mobile,+855069448672
Smart-069-448673,Mobile,+855069448673
Smart-069-448674,Mobile,+855069448674
Smart-069-448675,Mobile,+855069448675
Smart-069-448676,Mobile,+855069448676
Smart-069-448677,Mobile,+855069448677
Smart-069-448678,Mobile,+855069448678
Smart-069-448679,Mobile,+855069448679
Smart-069-448680,Mobile,+855069448680
Smart-069-448681,Mobile,+855069448681
Smart-069-448682,Mobile,+855069448682
Smart-069-448683,Mobile,+855069448683
Smart-069-448684,Mobile,+855069448684
Smart-069-448685,Mobile,+855069448685
Smart-069-448686,Mobile,+855069448686
Smart-069-448687,Mobile,+855069448687
Smart-069-448688,Mobile,+855069448688
Smart-069-448689,Mobile,+855069448689
Smart-069-448690,Mobile,+855069448690
Smart-069-448691,Mobile,+855069448691
Smart-069-448692,Mobile,+855069448692
Smart-069-448693,Mobile,+855069448693
Smart-069-448694,Mobile,+855069448694
Smart-069-448695,Mobile,+855069448695
Smart-069-448696,Mobile,+855069448696
Smart-069-448697,Mobile,+855069448697
Smart-069-448698,Mobile,+855069448698
Smart-069-448699,Mobile,+855069448699
Smart-069-448700,Mobile,+855069448700
Smart-069-448701,Mobile,+855069448701
Smart-069-448702,Mobile,+855069448702
Smart-069-448703,Mobile,+855069448703
Smart-069-448704,Mobile,+855069448704
Smart-069-448705,Mobile,+855069448705
Smart-069-448706,Mobile,+855069448706
Smart-069-448707,Mobile,+855069448707
Smart-069-448708,Mobile,+855069448708
Smart-069-448709,Mobile,+855069448709
Smart-069-448710,Mobile,+855069448710
Smart-069-448711,Mobile,+855069448711
Smart-069-448712,Mobile,+855069448712
Smart-069-448713,Mobile,+855069448713
Smart-069-448714,Mobile,+855069448714
Smart-069-448715,Mobile,+855069448715
Smart-069-448716,Mobile,+855069448716
Smart-069-448717,Mobile,+855069448717
Smart-069-448718,Mobile,+855069448718
Smart-069-448719,Mobile,+855069448719
Smart-069-448720,Mobile,+855069448720
Smart-069-448721,Mobile,+855069448721
Smart-069-448722,Mobile,+855069448722
Smart-069-448723,Mobile,+855069448723
Smart-069-448724,Mobile,+855069448724
Smart-069-448725,Mobile,+855069448725
Smart-069-448726,Mobile,+855069448726
Smart-069-448727,Mobile,+855069448727
Smart-069-448728,Mobile,+855069448728
Smart-069-448729,Mobile,+855069448729
Smart-069-448730,Mobile,+855069448730
Smart-069-448731,Mobile,+855069448731
Smart-069-448732,Mobile,+855069448732
Smart-069-448733,Mobile,+855069448733
Smart-069-448734,Mobile,+855069448734
Smart-069-448735,Mobile,+855069448735
Smart-069-448736,Mobile,+855069448736
Smart-069-448737,Mobile,+855069448737
Smart-069-448738,Mobile,+855069448738
Smart-069-448739,Mobile,+855069448739
Smart-069-448740,Mobile,+855069448740
Smart-069-448741,Mobile,+855069448741
Smart-069-448742,Mobile,+855069448742
Smart-069-448743,Mobile,+855069448743
Smart-069-448744,Mobile,+855069448744
Smart-069-448745,Mobile,+855069448745
Smart-069-448746,Mobile,+855069448746
Smart-069-448747,Mobile,+855069448747
Smart-069-448748,Mobile,+855069448748
Smart-069-448749,Mobile,+855069448749
Smart-069-448750,Mobile,+855069448750
Smart-069-448751,Mobile,+855069448751
Smart-069-448752,Mobile,+855069448752
Smart-069-448753,Mobile,+855069448753
Smart-069-448754,Mobile,+855069448754
Smart-069-448755,Mobile,+855069448755
Smart-069-448756,Mobile,+855069448756
Smart-069-448757,Mobile,+855069448757
Smart-069-448758,Mobile,+855069448758
Smart-069-448759,Mobile,+855069448759
Smart-069-448760,Mobile,+855069448760
Smart-069-448761,Mobile,+855069448761
Smart-069-448762,Mobile,+855069448762
Smart-069-448763,Mobile,+855069448763
Smart-069-448764,Mobile,+855069448764
Smart-069-448765,Mobile,+855069448765
Smart-069-448766,Mobile,+855069448766
Smart-069-448767,Mobile,+855069448767
Smart-069-448768,Mobile,+855069448768
Smart-069-448769,Mobile,+855069448769
Smart-069-448770,Mobile,+855069448770
Smart-069-448771,Mobile,+855069448771
Smart-069-448772,Mobile,+855069448772
Smart-069-448773,Mobile,+855069448773
Smart-069-448774,Mobile,+855069448774
Smart-069-448775,Mobile,+855069448775
Smart-069-448776,Mobile,+855069448776
Smart-069-448777,Mobile,+855069448777
Smart-069-448778,Mobile,+855069448778
Smart-069-448779,Mobile,+855069448779
Smart-069-448780,Mobile,+855069448780
Smart-069-448781,Mobile,+855069448781
Smart-069-448782,Mobile,+855069448782
Smart-069-448783,Mobile,+855069448783
Smart-069-448784,Mobile,+855069448784
Smart-069-448785,Mobile,+855069448785
Smart-069-448786,Mobile,+855069448786
Smart-069-448787,Mobile,+855069448787
Smart-069-448788,Mobile,+855069448788
Smart-069-448789,Mobile,+855069448789
Smart-069-448790,Mobile,+855069448790
Smart-069-448791,Mobile,+855069448791
Smart-069-448792,Mobile,+855069448792
Smart-069-448793,Mobile,+855069448793
Smart-069-448794,Mobile,+855069448794
Smart-069-448795,Mobile,+855069448795
Smart-069-448796,Mobile,+855069448796
Smart-069-448797,Mobile,+855069448797
Smart-069-448798,Mobile,+855069448798
Smart-069-448799,Mobile,+855069448799
Smart-069-448800,Mobile,+855069448800
Smart-069-448801,Mobile,+855069448801
Smart-069-448802,Mobile,+855069448802
Smart-069-448803,Mobile,+855069448803
Smart-069-448804,Mobile,+855069448804
Smart-069-448805,Mobile,+855069448805
Smart-069-448806,Mobile,+855069448806
Smart-069-448807,Mobile,+855069448807
Smart-069-448808,Mobile,+855069448808
Smart-069-448809,Mobile,+855069448809
Smart-069-448810,Mobile,+855069448810
Smart-069-448811,Mobile,+855069448811
Smart-069-448812,Mobile,+855069448812
Smart-069-448813,Mobile,+855069448813
Smart-069-448814,Mobile,+855069448814
Smart-069-448815,Mobile,+855069448815
Smart-069-448816,Mobile,+855069448816
Smart-069-448817,Mobile,+855069448817
Smart-069-448818,Mobile,+855069448818
Smart-069-448819,Mobile,+855069448819
Smart-069-448820,Mobile,+855069448820
Smart-069-448821,Mobile,+855069448821
Smart-069-448822,Mobile,+855069448822
Smart-069-448823,Mobile,+855069448823
Smart-069-448824,Mobile,+855069448824
Smart-069-448825,Mobile,+855069448825
Smart-069-448826,Mobile,+855069448826
Smart-069-448827,Mobile,+855069448827
Smart-069-448828,Mobile,+855069448828
Smart-069-448829,Mobile,+855069448829
Smart-069-448830,Mobile,+855069448830
Smart-069-448831,Mobile,+855069448831
Smart-069-448832,Mobile,+855069448832
Smart-069-448833,Mobile,+855069448833
Smart-069-448834,Mobile,+855069448834
Smart-069-448835,Mobile,+855069448835
Smart-069-448836,Mobile,+855069448836
Smart-069-448837,Mobile,+855069448837
Smart-069-448838,Mobile,+855069448838
Smart-069-448839,Mobile,+855069448839
Smart-069-448840,Mobile,+855069448840
Smart-069-448841,Mobile,+855069448841
Smart-069-448842,Mobile,+855069448842
Smart-069-448843,Mobile,+855069448843
Smart-069-448844,Mobile,+855069448844
Smart-069-448845,Mobile,+855069448845
Smart-069-448846,Mobile,+855069448846
Smart-069-448847,Mobile,+855069448847
Smart-069-448848,Mobile,+855069448848
Smart-069-448849,Mobile,+855069448849
Smart-069-448850,Mobile,+855069448850
Smart-069-448851,Mobile,+855069448851
Smart-069-448852,Mobile,+855069448852
Smart-069-448853,Mobile,+855069448853
Smart-069-448854,Mobile,+855069448854
Smart-069-448855,Mobile,+855069448855
Smart-069-448856,Mobile,+855069448856
Smart-069-448857,Mobile,+855069448857
Smart-069-448858,Mobile,+855069448858
Smart-069-448859,Mobile,+855069448859
Smart-069-448860,Mobile,+855069448860
Smart-069-448861,Mobile,+855069448861
Smart-069-448862,Mobile,+855069448862
Smart-069-448863,Mobile,+855069448863
Smart-069-448864,Mobile,+855069448864
Smart-069-448865,Mobile,+855069448865
Smart-069-448866,Mobile,+855069448866
Smart-069-448867,Mobile,+855069448867
Smart-069-448868,Mobile,+855069448868
Smart-069-448869,Mobile,+855069448869
Smart-069-448870,Mobile,+855069448870
Smart-069-448871,Mobile,+855069448871
Smart-069-448872,Mobile,+855069448872
Smart-069-448873,Mobile,+855069448873
Smart-069-448874,Mobile,+855069448874
Smart-069-448875,Mobile,+855069448875
Smart-069-448876,Mobile,+855069448876
Smart-069-448877,Mobile,+855069448877
Smart-069-448878,Mobile,+855069448878
Smart-069-448879,Mobile,+855069448879
Smart-069-448880,Mobile,+855069448880
Smart-069-448881,Mobile,+855069448881
Smart-069-448882,Mobile,+855069448882
Smart-069-448883,Mobile,+855069448883
Smart-069-448884,Mobile,+855069448884
Smart-069-448885,Mobile,+855069448885
Smart-069-448886,Mobile,+855069448886
Smart-069-448887,Mobile,+855069448887
Smart-069-448888,Mobile,+855069448888
Smart-069-448889,Mobile,+855069448889
Smart-069-448890,Mobile,+855069448890
Smart-069-448891,Mobile,+855069448891
Smart-069-448892,Mobile,+855069448892
Smart-069-448893,Mobile,+855069448893
Smart-069-448894,Mobile,+855069448894
Smart-069-448895,Mobile,+855069448895
Smart-069-448896,Mobile,+855069448896
Smart-069-448897,Mobile,+855069448897
Smart-069-448898,Mobile,+855069448898
Smart-069-448899,Mobile,+855069448899
Smart-069-448900,Mobile,+855069448900
Smart-069-448901,Mobile,+855069448901
Smart-069-448902,Mobile,+855069448902
Smart-069-448903,Mobile,+855069448903
Smart-069-448904,Mobile,+855069448904
Smart-069-448905,Mobile,+855069448905
Smart-069-448906,Mobile,+855069448906
Smart-069-448907,Mobile,+855069448907
Smart-069-448908,Mobile,+855069448908
Smart-069-448909,Mobile,+855069448909
Smart-069-448910,Mobile,+855069448910
Smart-069-448911,Mobile,+855069448911
Smart-069-448912,Mobile,+855069448912
Smart-069-448913,Mobile,+855069448913
Smart-069-448914,Mobile,+855069448914
Smart-069-448915,Mobile,+855069448915
Smart-069-448916,Mobile,+855069448916
Smart-069-448917,Mobile,+855069448917
Smart-069-448918,Mobile,+855069448918
Smart-069-448919,Mobile,+855069448919
Smart-069-448920,Mobile,+855069448920
Smart-069-448921,Mobile,+855069448921
Smart-069-448922,Mobile,+855069448922
Smart-069-448923,Mobile,+855069448923
Smart-069-448924,Mobile,+855069448924
Smart-069-448925,Mobile,+855069448925
Smart-069-448926,Mobile,+855069448926
Smart-069-448927,Mobile,+855069448927
Smart-069-448928,Mobile,+855069448928
Smart-069-448929,Mobile,+855069448929
Smart-069-448930,Mobile,+855069448930
Smart-069-448931,Mobile,+855069448931
Smart-069-448932,Mobile,+855069448932
Smart-069-448933,Mobile,+855069448933
Smart-069-448934,Mobile,+855069448934
Smart-069-448935,Mobile,+855069448935
Smart-069-448936,Mobile,+855069448936
Smart-069-448937,Mobile,+855069448937
Smart-069-448938,Mobile,+855069448938
Smart-069-448939,Mobile,+855069448939
Smart-069-448940,Mobile,+855069448940
Smart-069-448941,Mobile,+855069448941
Smart-069-448942,Mobile,+855069448942
Smart-069-448943,Mobile,+855069448943
Smart-069-448944,Mobile,+855069448944
Smart-069-448945,Mobile,+855069448945
Smart-069-448946,Mobile,+855069448946
Smart-069-448947,Mobile,+855069448947
Smart-069-448948,Mobile,+855069448948
Smart-069-448949,Mobile,+855069448949
Smart-069-448950,Mobile,+855069448950
Smart-069-448951,Mobile,+855069448951
Smart-069-448952,Mobile,+855069448952
Smart-069-448953,Mobile,+855069448953
Smart-069-448954,Mobile,+855069448954
Smart-069-448955,Mobile,+855069448955
Smart-069-448956,Mobile,+855069448956
Smart-069-448957,Mobile,+855069448957
Smart-069-448958,Mobile,+855069448958
Smart-069-448959,Mobile,+855069448959
Smart-069-448960,Mobile,+855069448960
Smart-069-448961,Mobile,+855069448961
Smart-069-448962,Mobile,+855069448962
Smart-069-448963,Mobile,+855069448963
Smart-069-448964,Mobile,+855069448964
Smart-069-448965,Mobile,+855069448965
Smart-069-448966,Mobile,+855069448966
Smart-069-448967,Mobile,+855069448967
Smart-069-448968,Mobile,+855069448968
Smart-069-448969,Mobile,+855069448969
Smart-069-448970,Mobile,+855069448970
Smart-069-448971,Mobile,+855069448971
Smart-069-448972,Mobile,+855069448972
Smart-069-448973,Mobile,+855069448973
Smart-069-448974,Mobile,+855069448974
Smart-069-448975,Mobile,+855069448975
Smart-069-448976,Mobile,+855069448976
Smart-069-448977,Mobile,+855069448977
Smart-069-448978,Mobile,+855069448978
Smart-069-448979,Mobile,+855069448979
Smart-069-448980,Mobile,+855069448980
Smart-069-448981,Mobile,+855069448981
Smart-069-448982,Mobile,+855069448982
Smart-069-448983,Mobile,+855069448983
Smart-069-448984,Mobile,+855069448984
Smart-069-448985,Mobile,+855069448985
Smart-069-448986,Mobile,+855069448986
Smart-069-448987,Mobile,+855069448987
Smart-069-448988,Mobile,+855069448988
Smart-069-448989,Mobile,+855069448989
Smart-069-448990,Mobile,+855069448990
Smart-069-448991,Mobile,+855069448991
Smart-069-448992,Mobile,+855069448992
Smart-069-448993,Mobile,+855069448993
Smart-069-448994,Mobile,+855069448994
Smart-069-448995,Mobile,+855069448995
Smart-069-448996,Mobile,+855069448996
Smart-069-448997,Mobile,+855069448997
Smart-069-448998,Mobile,+855069448998
Smart-069-448999,Mobile,+855069448999
Smart-069-449000,Mobile,+855069449000
Smart-069-449001,Mobile,+855069449001
Smart-069-449002,Mobile,+855069449002
Smart-069-449003,Mobile,+855069449003
Smart-069-449004,Mobile,+855069449004
Smart-069-449005,Mobile,+855069449005
Smart-069-449006,Mobile,+855069449006
Smart-069-449007,Mobile,+855069449007
Smart-069-449008,Mobile,+855069449008
Smart-069-449009,Mobile,+855069449009
Smart-069-449010,Mobile,+855069449010
Smart-069-449011,Mobile,+855069449011
Smart-069-449012,Mobile,+855069449012
Smart-069-449013,Mobile,+855069449013
Smart-069-449014,Mobile,+855069449014
Smart-069-449015,Mobile,+855069449015
Smart-069-449016,Mobile,+855069449016
Smart-069-449017,Mobile,+855069449017
Smart-069-449018,Mobile,+855069449018
Smart-069-449019,Mobile,+855069449019
Smart-069-449020,Mobile,+855069449020
Smart-069-449021,Mobile,+855069449021
Smart-069-449022,Mobile,+855069449022
Smart-069-449023,Mobile,+855069449023
Smart-069-449024,Mobile,+855069449024
Smart-069-449025,Mobile,+855069449025
Smart-069-449026,Mobile,+855069449026
Smart-069-449027,Mobile,+855069449027
Smart-069-449028,Mobile,+855069449028
Smart-069-449029,Mobile,+855069449029
Smart-069-449030,Mobile,+855069449030
Smart-069-449031,Mobile,+855069449031
Smart-069-449032,Mobile,+855069449032
Smart-069-449033,Mobile,+855069449033
Smart-069-449034,Mobile,+855069449034
Smart-069-449035,Mobile,+855069449035
Smart-069-449036,Mobile,+855069449036
Smart-069-449037,Mobile,+855069449037
Smart-069-449038,Mobile,+855069449038
Smart-069-449039,Mobile,+855069449039
Smart-069-449040,Mobile,+855069449040
Smart-069-449041,Mobile,+855069449041
Smart-069-449042,Mobile,+855069449042
Smart-069-449043,Mobile,+855069449043
Smart-069-449044,Mobile,+855069449044
Smart-069-449045,Mobile,+855069449045
Smart-069-449046,Mobile,+855069449046
Smart-069-449047,Mobile,+855069449047
Smart-069-449048,Mobile,+855069449048
Smart-069-449049,Mobile,+855069449049
Smart-069-449050,Mobile,+855069449050
Smart-069-449051,Mobile,+855069449051
Smart-069-449052,Mobile,+855069449052
Smart-069-449053,Mobile,+855069449053
Smart-069-449054,Mobile,+855069449054
Smart-069-449055,Mobile,+855069449055
Smart-069-449056,Mobile,+855069449056
Smart-069-449057,Mobile,+855069449057
Smart-069-449058,Mobile,+855069449058
Smart-069-449059,Mobile,+855069449059
Smart-069-449060,Mobile,+855069449060
Smart-069-449061,Mobile,+855069449061
Smart-069-449062,Mobile,+855069449062
Smart-069-449063,Mobile,+855069449063
Smart-069-449064,Mobile,+855069449064
Smart-069-449065,Mobile,+855069449065
Smart-069-449066,Mobile,+855069449066
Smart-069-449067,Mobile,+855069449067
Smart-069-449068,Mobile,+855069449068
Smart-069-449069,Mobile,+855069449069
Smart-069-449070,Mobile,+855069449070
Smart-069-449071,Mobile,+855069449071
Smart-069-449072,Mobile,+855069449072
Smart-069-449073,Mobile,+855069449073
Smart-069-449074,Mobile,+855069449074
Smart-069-449075,Mobile,+855069449075
Smart-069-449076,Mobile,+855069449076
Smart-069-449077,Mobile,+855069449077
Smart-069-449078,Mobile,+855069449078
Smart-069-449079,Mobile,+855069449079
Smart-069-449080,Mobile,+855069449080
Smart-069-449081,Mobile,+855069449081
Smart-069-449082,Mobile,+855069449082
Smart-069-449083,Mobile,+855069449083
Smart-069-449084,Mobile,+855069449084
Smart-069-449085,Mobile,+855069449085
Smart-069-449086,Mobile,+855069449086
Smart-069-449087,Mobile,+855069449087
Smart-069-449088,Mobile,+855069449088
Smart-069-449089,Mobile,+855069449089
Smart-069-449090,Mobile,+855069449090
Smart-069-449091,Mobile,+855069449091
Smart-069-449092,Mobile,+855069449092
Smart-069-449093,Mobile,+855069449093
Smart-069-449094,Mobile,+855069449094
Smart-069-449095,Mobile,+855069449095
Smart-069-449096,Mobile,+855069449096
Smart-069-449097,Mobile,+855069449097
Smart-069-449098,Mobile,+855069449098
Smart-069-449099,Mobile,+855069449099
Smart-069-449100,Mobile,+855069449100
Smart-069-449101,Mobile,+855069449101
Smart-069-449102,Mobile,+855069449102
Smart-069-449103,Mobile,+855069449103
Smart-069-449104,Mobile,+855069449104
Smart-069-449105,Mobile,+855069449105
Smart-069-449106,Mobile,+855069449106
Smart-069-449107,Mobile,+855069449107
Smart-069-449108,Mobile,+855069449108
Smart-069-449109,Mobile,+855069449109
Smart-069-449110,Mobile,+855069449110
Smart-069-449111,Mobile,+855069449111
Smart-069-449112,Mobile,+855069449112
Smart-069-449113,Mobile,+855069449113
Smart-069-449114,Mobile,+855069449114
Smart-069-449115,Mobile,+855069449115
Smart-069-449116,Mobile,+855069449116
Smart-069-449117,Mobile,+855069449117
Smart-069-449118,Mobile,+855069449118
Smart-069-449119,Mobile,+855069449119
Smart-069-449120,Mobile,+855069449120
Smart-069-449121,Mobile,+855069449121
Smart-069-449122,Mobile,+855069449122
Smart-069-449123,Mobile,+855069449123
Smart-069-449124,Mobile,+855069449124
Smart-069-449125,Mobile,+855069449125
Smart-069-449126,Mobile,+855069449126
Smart-069-449127,Mobile,+855069449127
Smart-069-449128,Mobile,+855069449128
Smart-069-449129,Mobile,+855069449129
Smart-069-449130,Mobile,+855069449130
Smart-069-449131,Mobile,+855069449131
Smart-069-449132,Mobile,+855069449132
Smart-069-449133,Mobile,+855069449133
Smart-069-449134,Mobile,+855069449134
Smart-069-449135,Mobile,+855069449135
Smart-069-449136,Mobile,+855069449136
Smart-069-449137,Mobile,+855069449137
Smart-069-449138,Mobile,+855069449138
Smart-069-449139,Mobile,+855069449139
Smart-069-449140,Mobile,+855069449140
Smart-069-449141,Mobile,+855069449141
Smart-069-449142,Mobile,+855069449142
Smart-069-449143,Mobile,+855069449143
Smart-069-449144,Mobile,+855069449144
Smart-069-449145,Mobile,+855069449145
Smart-069-449146,Mobile,+855069449146
Smart-069-449147,Mobile,+855069449147
Smart-069-449148,Mobile,+855069449148
Smart-069-449149,Mobile,+855069449149
Smart-069-449150,Mobile,+855069449150
Smart-069-449151,Mobile,+855069449151
Smart-069-449152,Mobile,+855069449152
Smart-069-449153,Mobile,+855069449153
Smart-069-449154,Mobile,+855069449154
Smart-069-449155,Mobile,+855069449155
Smart-069-449156,Mobile,+855069449156
Smart-069-449157,Mobile,+855069449157
Smart-069-449158,Mobile,+855069449158
Smart-069-449159,Mobile,+855069449159
Smart-069-449160,Mobile,+855069449160
Smart-069-449161,Mobile,+855069449161
Smart-069-449162,Mobile,+855069449162
Smart-069-449163,Mobile,+855069449163
Smart-069-449164,Mobile,+855069449164
Smart-069-449165,Mobile,+855069449165
Smart-069-449166,Mobile,+855069449166
Smart-069-449167,Mobile,+855069449167
Smart-069-449168,Mobile,+855069449168
Smart-069-449169,Mobile,+855069449169
Smart-069-449170,Mobile,+855069449170
Smart-069-449171,Mobile,+855069449171
Smart-069-449172,Mobile,+855069449172
Smart-069-449173,Mobile,+855069449173
Smart-069-449174,Mobile,+855069449174
Smart-069-449175,Mobile,+855069449175
Smart-069-449176,Mobile,+855069449176
Smart-069-449177,Mobile,+855069449177
Smart-069-449178,Mobile,+855069449178
Smart-069-449179,Mobile,+855069449179
Smart-069-449180,Mobile,+855069449180
Smart-069-449181,Mobile,+855069449181
Smart-069-449182,Mobile,+855069449182
Smart-069-449183,Mobile,+855069449183
Smart-069-449184,Mobile,+855069449184
Smart-069-449185,Mobile,+855069449185
Smart-069-449186,Mobile,+855069449186
Smart-069-449187,Mobile,+855069449187
Smart-069-449188,Mobile,+855069449188
Smart-069-449189,Mobile,+855069449189
Smart-069-449190,Mobile,+855069449190
Smart-069-449191,Mobile,+855069449191
Smart-069-449192,Mobile,+855069449192
Smart-069-449193,Mobile,+855069449193
Smart-069-449194,Mobile,+855069449194
Smart-069-449195,Mobile,+855069449195
Smart-069-449196,Mobile,+855069449196
Smart-069-449197,Mobile,+855069449197
Smart-069-449198,Mobile,+855069449198
Smart-069-449199,Mobile,+855069449199
Smart-069-449200,Mobile,+855069449200
Smart-069-449201,Mobile,+855069449201
Smart-069-449202,Mobile,+855069449202
Smart-069-449203,Mobile,+855069449203
Smart-069-449204,Mobile,+855069449204
Smart-069-449205,Mobile,+855069449205
Smart-069-449206,Mobile,+855069449206
Smart-069-449207,Mobile,+855069449207
Smart-069-449208,Mobile,+855069449208
Smart-069-449209,Mobile,+855069449209
Smart-069-449210,Mobile,+855069449210
Smart-069-449211,Mobile,+855069449211
Smart-069-449212,Mobile,+855069449212
Smart-069-449213,Mobile,+855069449213
Smart-069-449214,Mobile,+855069449214
Smart-069-449215,Mobile,+855069449215
Smart-069-449216,Mobile,+855069449216
Smart-069-449217,Mobile,+855069449217
Smart-069-449218,Mobile,+855069449218
Smart-069-449219,Mobile,+855069449219
Smart-069-449220,Mobile,+855069449220
Smart-069-449221,Mobile,+855069449221
Smart-069-449222,Mobile,+855069449222
Smart-069-449223,Mobile,+855069449223
Smart-069-449224,Mobile,+855069449224
Smart-069-449225,Mobile,+855069449225
Smart-069-449226,Mobile,+855069449226
Smart-069-449227,Mobile,+855069449227
Smart-069-449228,Mobile,+855069449228
Smart-069-449229,Mobile,+855069449229
Smart-069-449230,Mobile,+855069449230
Smart-069-449231,Mobile,+855069449231
Smart-069-449232,Mobile,+855069449232
Smart-069-449233,Mobile,+855069449233
Smart-069-449234,Mobile,+855069449234
Smart-069-449235,Mobile,+855069449235
Smart-069-449236,Mobile,+855069449236
Smart-069-449237,Mobile,+855069449237
Smart-069-449238,Mobile,+855069449238
Smart-069-449239,Mobile,+855069449239
Smart-069-449240,Mobile,+855069449240
Smart-069-449241,Mobile,+855069449241
Smart-069-449242,Mobile,+855069449242
Smart-069-449243,Mobile,+855069449243
Smart-069-449244,Mobile,+855069449244
Smart-069-449245,Mobile,+855069449245
Smart-069-449246,Mobile,+855069449246
Smart-069-449247,Mobile,+855069449247
Smart-069-449248,Mobile,+855069449248
Smart-069-449249,Mobile,+855069449249
Smart-069-449250,Mobile,+855069449250
Smart-069-449251,Mobile,+855069449251
Smart-069-449252,Mobile,+855069449252
Smart-069-449253,Mobile,+855069449253
Smart-069-449254,Mobile,+855069449254
Smart-069-449255,Mobile,+855069449255
Smart-069-449256,Mobile,+855069449256
Smart-069-449257,Mobile,+855069449257
Smart-069-449258,Mobile,+855069449258
Smart-069-449259,Mobile,+855069449259
Smart-069-449260,Mobile,+855069449260
Smart-069-449261,Mobile,+855069449261
Smart-069-449262,Mobile,+855069449262
Smart-069-449263,Mobile,+855069449263
Smart-069-449264,Mobile,+855069449264
Smart-069-449265,Mobile,+855069449265
Smart-069-449266,Mobile,+855069449266
Smart-069-449267,Mobile,+855069449267
Smart-069-449268,Mobile,+855069449268
Smart-069-449269,Mobile,+855069449269
Smart-069-449270,Mobile,+855069449270
Smart-069-449271,Mobile,+855069449271
Smart-069-449272,Mobile,+855069449272
Smart-069-449273,Mobile,+855069449273
Smart-069-449274,Mobile,+855069449274
Smart-069-449275,Mobile,+855069449275
Smart-069-449276,Mobile,+855069449276
Smart-069-449277,Mobile,+855069449277
Smart-069-449278,Mobile,+855069449278
Smart-069-449279,Mobile,+855069449279
Smart-069-449280,Mobile,+855069449280
Smart-069-449281,Mobile,+855069449281
Smart-069-449282,Mobile,+855069449282
Smart-069-449283,Mobile,+855069449283
Smart-069-449284,Mobile,+855069449284
Smart-069-449285,Mobile,+855069449285
Smart-069-449286,Mobile,+855069449286
Smart-069-449287,Mobile,+855069449287
Smart-069-449288,Mobile,+855069449288
Smart-069-449289,Mobile,+855069449289
Smart-069-449290,Mobile,+855069449290
Smart-069-449291,Mobile,+855069449291
Smart-069-449292,Mobile,+855069449292
Smart-069-449293,Mobile,+855069449293
Smart-069-449294,Mobile,+855069449294
Smart-069-449295,Mobile,+855069449295
Smart-069-449296,Mobile,+855069449296
Smart-069-449297,Mobile,+855069449297
Smart-069-449298,Mobile,+855069449298
Smart-069-449299,Mobile,+855069449299
Smart-069-449300,Mobile,+855069449300
Smart-069-449301,Mobile,+855069449301
Smart-069-449302,Mobile,+855069449302
Smart-069-449303,Mobile,+855069449303
Smart-069-449304,Mobile,+855069449304
Smart-069-449305,Mobile,+855069449305
Smart-069-449306,Mobile,+855069449306
Smart-069-449307,Mobile,+855069449307
Smart-069-449308,Mobile,+855069449308
Smart-069-449309,Mobile,+855069449309
Smart-069-449310,Mobile,+855069449310
Smart-069-449311,Mobile,+855069449311
Smart-069-449312,Mobile,+855069449312
Smart-069-449313,Mobile,+855069449313
Smart-069-449314,Mobile,+855069449314
Smart-069-449315,Mobile,+855069449315
Smart-069-449316,Mobile,+855069449316
Smart-069-449317,Mobile,+855069449317
Smart-069-449318,Mobile,+855069449318
Smart-069-449319,Mobile,+855069449319
Smart-069-449320,Mobile,+855069449320
Smart-069-449321,Mobile,+855069449321
Smart-069-449322,Mobile,+855069449322
Smart-069-449323,Mobile,+855069449323
Smart-069-449324,Mobile,+855069449324
Smart-069-449325,Mobile,+855069449325
Smart-069-449326,Mobile,+855069449326
Smart-069-449327,Mobile,+855069449327
Smart-069-449328,Mobile,+855069449328
Smart-069-449329,Mobile,+855069449329
Smart-069-449330,Mobile,+855069449330
Smart-069-449331,Mobile,+855069449331
Smart-069-449332,Mobile,+855069449332
Smart-069-449333,Mobile,+855069449333
Smart-069-449334,Mobile,+855069449334
Smart-069-449335,Mobile,+855069449335
Smart-069-449336,Mobile,+855069449336
Smart-069-449337,Mobile,+855069449337
Smart-069-449338,Mobile,+855069449338
Smart-069-449339,Mobile,+855069449339
Smart-069-449340,Mobile,+855069449340
Smart-069-449341,Mobile,+855069449341
Smart-069-449342,Mobile,+855069449342
Smart-069-449343,Mobile,+855069449343
Smart-069-449344,Mobile,+855069449344
Smart-069-449345,Mobile,+855069449345
Smart-069-449346,Mobile,+855069449346
Smart-069-449347,Mobile,+855069449347
Smart-069-449348,Mobile,+855069449348
Smart-069-449349,Mobile,+855069449349
Smart-069-449350,Mobile,+855069449350
Smart-069-449351,Mobile,+855069449351
Smart-069-449352,Mobile,+855069449352
Smart-069-449353,Mobile,+855069449353
Smart-069-449354,Mobile,+855069449354
Smart-069-449355,Mobile,+855069449355
Smart-069-449356,Mobile,+855069449356
Smart-069-449357,Mobile,+855069449357
Smart-069-449358,Mobile,+855069449358
Smart-069-449359,Mobile,+855069449359
Smart-069-449360,Mobile,+855069449360
Smart-069-449361,Mobile,+855069449361
Smart-069-449362,Mobile,+855069449362
Smart-069-449363,Mobile,+855069449363
Smart-069-449364,Mobile,+855069449364
Smart-069-449365,Mobile,+855069449365
Smart-069-449366,Mobile,+855069449366
Smart-069-449367,Mobile,+855069449367
Smart-069-449368,Mobile,+855069449368
Smart-069-449369,Mobile,+855069449369
Smart-069-449370,Mobile,+855069449370
Smart-069-449371,Mobile,+855069449371
Smart-069-449372,Mobile,+855069449372
Smart-069-449373,Mobile,+855069449373
Smart-069-449374,Mobile,+855069449374
Smart-069-449375,Mobile,+855069449375
Smart-069-449376,Mobile,+855069449376
Smart-069-449377,Mobile,+855069449377
Smart-069-449378,Mobile,+855069449378
Smart-069-449379,Mobile,+855069449379
Smart-069-449380,Mobile,+855069449380
Smart-069-449381,Mobile,+855069449381
Smart-069-449382,Mobile,+855069449382
Smart-069-449383,Mobile,+855069449383
Smart-069-449384,Mobile,+855069449384
Smart-069-449385,Mobile,+855069449385
Smart-069-449386,Mobile,+855069449386
Smart-069-449387,Mobile,+855069449387
Smart-069-449388,Mobile,+855069449388
Smart-069-449389,Mobile,+855069449389
Smart-069-449390,Mobile,+855069449390
Smart-069-449391,Mobile,+855069449391
Smart-069-449392,Mobile,+855069449392
Smart-069-449393,Mobile,+855069449393
Smart-069-449394,Mobile,+855069449394
Smart-069-449395,Mobile,+855069449395
Smart-069-449396,Mobile,+855069449396
Smart-069-449397,Mobile,+855069449397
Smart-069-449398,Mobile,+855069449398
Smart-069-449399,Mobile,+855069449399
Smart-069-449400,Mobile,+855069449400
Smart-069-449401,Mobile,+855069449401
Smart-069-449402,Mobile,+855069449402
Smart-069-449403,Mobile,+855069449403
Smart-069-449404,Mobile,+855069449404
Smart-069-449405,Mobile,+855069449405
Smart-069-449406,Mobile,+855069449406
Smart-069-449407,Mobile,+855069449407
Smart-069-449408,Mobile,+855069449408
Smart-069-449409,Mobile,+855069449409
Smart-069-449410,Mobile,+855069449410
Smart-069-449411,Mobile,+855069449411
Smart-069-449412,Mobile,+855069449412
Smart-069-449413,Mobile,+855069449413
Smart-069-449414,Mobile,+855069449414
Smart-069-449415,Mobile,+855069449415
Smart-069-449416,Mobile,+855069449416
Smart-069-449417,Mobile,+855069449417
Smart-069-449418,Mobile,+855069449418
Smart-069-449419,Mobile,+855069449419
Smart-069-449420,Mobile,+855069449420
Smart-069-449421,Mobile,+855069449421
Smart-069-449422,Mobile,+855069449422
Smart-069-449423,Mobile,+855069449423
Smart-069-449424,Mobile,+855069449424
Smart-069-449425,Mobile,+855069449425
Smart-069-449426,Mobile,+855069449426
Smart-069-449427,Mobile,+855069449427
Smart-069-449428,Mobile,+855069449428
Smart-069-449429,Mobile,+855069449429
Smart-069-449430,Mobile,+855069449430
Smart-069-449431,Mobile,+855069449431
Smart-069-449432,Mobile,+855069449432
Smart-069-449433,Mobile,+855069449433
Smart-069-449434,Mobile,+855069449434
Smart-069-449435,Mobile,+855069449435
Smart-069-449436,Mobile,+855069449436
Smart-069-449437,Mobile,+855069449437
Smart-069-449438,Mobile,+855069449438
Smart-069-449439,Mobile,+855069449439
Smart-069-449440,Mobile,+855069449440
Smart-069-449441,Mobile,+855069449441
Smart-069-449442,Mobile,+855069449442
Smart-069-449443,Mobile,+855069449443
Smart-069-449444,Mobile,+855069449444
Smart-069-449445,Mobile,+855069449445
Smart-069-449446,Mobile,+855069449446
Smart-069-449447,Mobile,+855069449447
Smart-069-449448,Mobile,+855069449448
Smart-069-449449,Mobile,+855069449449
Smart-069-449450,Mobile,+855069449450
Smart-069-449451,Mobile,+855069449451
Smart-069-449452,Mobile,+855069449452
Smart-069-449453,Mobile,+855069449453
Smart-069-449454,Mobile,+855069449454
Smart-069-449455,Mobile,+855069449455
Smart-069-449456,Mobile,+855069449456
Smart-069-449457,Mobile,+855069449457
Smart-069-449458,Mobile,+855069449458
Smart-069-449459,Mobile,+855069449459
Smart-069-449460,Mobile,+855069449460
Smart-069-449461,Mobile,+855069449461
Smart-069-449462,Mobile,+855069449462
Smart-069-449463,Mobile,+855069449463
Smart-069-449464,Mobile,+855069449464
Smart-069-449465,Mobile,+855069449465
Smart-069-449466,Mobile,+855069449466
Smart-069-449467,Mobile,+855069449467
Smart-069-449468,Mobile,+855069449468
Smart-069-449469,Mobile,+855069449469
Smart-069-449470,Mobile,+855069449470
Smart-069-449471,Mobile,+855069449471
Smart-069-449472,Mobile,+855069449472
Smart-069-449473,Mobile,+855069449473
Smart-069-449474,Mobile,+855069449474
Smart-069-449475,Mobile,+855069449475
Smart-069-449476,Mobile,+855069449476
Smart-069-449477,Mobile,+855069449477
Smart-069-449478,Mobile,+855069449478
Smart-069-449479,Mobile,+855069449479
Smart-069-449480,Mobile,+855069449480
Smart-069-449481,Mobile,+855069449481
Smart-069-449482,Mobile,+855069449482
Smart-069-449483,Mobile,+855069449483
Smart-069-449484,Mobile,+855069449484
Smart-069-449485,Mobile,+855069449485
Smart-069-449486,Mobile,+855069449486
Smart-069-449487,Mobile,+855069449487
Smart-069-449488,Mobile,+855069449488
Smart-069-449489,Mobile,+855069449489
Smart-069-449490,Mobile,+855069449490
Smart-069-449491,Mobile,+855069449491
Smart-069-449492,Mobile,+855069449492
Smart-069-449493,Mobile,+855069449493
Smart-069-449494,Mobile,+855069449494
Smart-069-449495,Mobile,+855069449495
Smart-069-449496,Mobile,+855069449496
Smart-069-449497,Mobile,+855069449497
Smart-069-449498,Mobile,+855069449498
Smart-069-449499,Mobile,+855069449499
Smart-069-449500,Mobile,+855069449500
Smart-069-449501,Mobile,+855069449501
Smart-069-449502,Mobile,+855069449502
Smart-069-449503,Mobile,+855069449503
Smart-069-449504,Mobile,+855069449504
Smart-069-449505,Mobile,+855069449505
Smart-069-449506,Mobile,+855069449506
Smart-069-449507,Mobile,+855069449507
Smart-069-449508,Mobile,+855069449508
Smart-069-449509,Mobile,+855069449509
Smart-069-449510,Mobile,+855069449510
Smart-069-449511,Mobile,+855069449511
Smart-069-449512,Mobile,+855069449512
Smart-069-449513,Mobile,+855069449513
Smart-069-449514,Mobile,+855069449514
Smart-069-449515,Mobile,+855069449515
Smart-069-449516,Mobile,+855069449516
Smart-069-449517,Mobile,+855069449517
Smart-069-449518,Mobile,+855069449518
Smart-069-449519,Mobile,+855069449519
Smart-069-449520,Mobile,+855069449520
Smart-069-449521,Mobile,+855069449521
Smart-069-449522,Mobile,+855069449522
Smart-069-449523,Mobile,+855069449523
Smart-069-449524,Mobile,+855069449524
Smart-069-449525,Mobile,+855069449525
Smart-069-449526,Mobile,+855069449526
Smart-069-449527,Mobile,+855069449527
Smart-069-449528,Mobile,+855069449528
Smart-069-449529,Mobile,+855069449529
Smart-069-449530,Mobile,+855069449530
Smart-069-449531,Mobile,+855069449531
Smart-069-449532,Mobile,+855069449532
Smart-069-449533,Mobile,+855069449533
Smart-069-449534,Mobile,+855069449534
Smart-069-449535,Mobile,+855069449535
Smart-069-449536,Mobile,+855069449536
Smart-069-449537,Mobile,+855069449537
Smart-069-449538,Mobile,+855069449538
Smart-069-449539,Mobile,+855069449539
Smart-069-449540,Mobile,+855069449540
Smart-069-449541,Mobile,+855069449541
Smart-069-449542,Mobile,+855069449542
Smart-069-449543,Mobile,+855069449543
Smart-069-449544,Mobile,+855069449544
Smart-069-449545,Mobile,+855069449545
Smart-069-449546,Mobile,+855069449546
Smart-069-449547,Mobile,+855069449547
Smart-069-449548,Mobile,+855069449548
Smart-069-449549,Mobile,+855069449549
Smart-069-449550,Mobile,+855069449550
Smart-069-449551,Mobile,+855069449551
Smart-069-449552,Mobile,+855069449552
Smart-069-449553,Mobile,+855069449553
Smart-069-449554,Mobile,+855069449554
Smart-069-449555,Mobile,+855069449555
Smart-069-449556,Mobile,+855069449556
Smart-069-449557,Mobile,+855069449557
Smart-069-449558,Mobile,+855069449558
Smart-069-449559,Mobile,+855069449559
Smart-069-449560,Mobile,+855069449560
Smart-069-449561,Mobile,+855069449561
Smart-069-449562,Mobile,+855069449562
Smart-069-449563,Mobile,+855069449563
Smart-069-449564,Mobile,+855069449564
Smart-069-449565,Mobile,+855069449565
Smart-069-449566,Mobile,+855069449566
Smart-069-449567,Mobile,+855069449567
Smart-069-449568,Mobile,+855069449568
Smart-069-449569,Mobile,+855069449569
Smart-069-449570,Mobile,+855069449570
Smart-069-449571,Mobile,+855069449571
Smart-069-449572,Mobile,+855069449572
Smart-069-449573,Mobile,+855069449573
Smart-069-449574,Mobile,+855069449574
Smart-069-449575,Mobile,+855069449575
Smart-069-449576,Mobile,+855069449576
Smart-069-449577,Mobile,+855069449577
Smart-069-449578,Mobile,+855069449578
Smart-069-449579,Mobile,+855069449579
Smart-069-449580,Mobile,+855069449580
Smart-069-449581,Mobile,+855069449581
Smart-069-449582,Mobile,+855069449582
Smart-069-449583,Mobile,+855069449583
Smart-069-449584,Mobile,+855069449584
Smart-069-449585,Mobile,+855069449585
Smart-069-449586,Mobile,+855069449586
Smart-069-449587,Mobile,+855069449587
Smart-069-449588,Mobile,+855069449588
Smart-069-449589,Mobile,+855069449589
Smart-069-449590,Mobile,+855069449590
Smart-069-449591,Mobile,+855069449591
Smart-069-449592,Mobile,+855069449592
Smart-069-449593,Mobile,+855069449593
Smart-069-449594,Mobile,+855069449594
Smart-069-449595,Mobile,+855069449595
Smart-069-449596,Mobile,+855069449596
Smart-069-449597,Mobile,+855069449597
Smart-069-449598,Mobile,+855069449598
Smart-069-449599,Mobile,+855069449599
Smart-069-449600,Mobile,+855069449600
Smart-069-449601,Mobile,+855069449601
Smart-069-449602,Mobile,+855069449602
Smart-069-449603,Mobile,+855069449603
Smart-069-449604,Mobile,+855069449604
Smart-069-449605,Mobile,+855069449605
Smart-069-449606,Mobile,+855069449606
Smart-069-449607,Mobile,+855069449607
Smart-069-449608,Mobile,+855069449608
Smart-069-449609,Mobile,+855069449609
Smart-069-449610,Mobile,+855069449610
Smart-069-449611,Mobile,+855069449611
Smart-069-449612,Mobile,+855069449612
Smart-069-449613,Mobile,+855069449613
Smart-069-449614,Mobile,+855069449614
Smart-069-449615,Mobile,+855069449615
Smart-069-449616,Mobile,+855069449616
Smart-069-449617,Mobile,+855069449617
Smart-069-449618,Mobile,+855069449618
Smart-069-449619,Mobile,+855069449619
Smart-069-449620,Mobile,+855069449620
Smart-069-449621,Mobile,+855069449621
Smart-069-449622,Mobile,+855069449622
Smart-069-449623,Mobile,+855069449623
Smart-069-449624,Mobile,+855069449624
Smart-069-449625,Mobile,+855069449625
Smart-069-449626,Mobile,+855069449626
Smart-069-449627,Mobile,+855069449627
Smart-069-449628,Mobile,+855069449628
Smart-069-449629,Mobile,+855069449629
Smart-069-449630,Mobile,+855069449630
Smart-069-449631,Mobile,+855069449631
Smart-069-449632,Mobile,+855069449632
Smart-069-449633,Mobile,+855069449633
Smart-069-449634,Mobile,+855069449634
Smart-069-449635,Mobile,+855069449635
Smart-069-449636,Mobile,+855069449636
Smart-069-449637,Mobile,+855069449637
Smart-069-449638,Mobile,+855069449638
Smart-069-449639,Mobile,+855069449639
Smart-069-449640,Mobile,+855069449640
Smart-069-449641,Mobile,+855069449641
Smart-069-449642,Mobile,+855069449642
Smart-069-449643,Mobile,+855069449643
Smart-069-449644,Mobile,+855069449644
Smart-069-449645,Mobile,+855069449645
Smart-069-449646,Mobile,+855069449646
Smart-069-449647,Mobile,+855069449647
Smart-069-449648,Mobile,+855069449648
Smart-069-449649,Mobile,+855069449649
Smart-069-449650,Mobile,+855069449650
Smart-069-449651,Mobile,+855069449651
Smart-069-449652,Mobile,+855069449652
Smart-069-449653,Mobile,+855069449653
Smart-069-449654,Mobile,+855069449654
Smart-069-449655,Mobile,+855069449655
Smart-069-449656,Mobile,+855069449656
Smart-069-449657,Mobile,+855069449657
Smart-069-449658,Mobile,+855069449658
Smart-069-449659,Mobile,+855069449659
Smart-069-449660,Mobile,+855069449660
Smart-069-449661,Mobile,+855069449661
Smart-069-449662,Mobile,+855069449662
Smart-069-449663,Mobile,+855069449663
Smart-069-449664,Mobile,+855069449664
Smart-069-449665,Mobile,+855069449665
Smart-069-449666,Mobile,+855069449666
Smart-069-449667,Mobile,+855069449667
Smart-069-449668,Mobile,+855069449668
Smart-069-449669,Mobile,+855069449669
Smart-069-449670,Mobile,+855069449670
Smart-069-449671,Mobile,+855069449671
Smart-069-449672,Mobile,+855069449672
Smart-069-449673,Mobile,+855069449673
Smart-069-449674,Mobile,+855069449674
Smart-069-449675,Mobile,+855069449675
Smart-069-449676,Mobile,+855069449676
Smart-069-449677,Mobile,+855069449677
Smart-069-449678,Mobile,+855069449678
Smart-069-449679,Mobile,+855069449679
Smart-069-449680,Mobile,+855069449680
Smart-069-449681,Mobile,+855069449681
Smart-069-449682,Mobile,+855069449682
Smart-069-449683,Mobile,+855069449683
Smart-069-449684,Mobile,+855069449684
Smart-069-449685,Mobile,+855069449685
Smart-069-449686,Mobile,+855069449686
Smart-069-449687,Mobile,+855069449687
Smart-069-449688,Mobile,+855069449688
Smart-069-449689,Mobile,+855069449689
Smart-069-449690,Mobile,+855069449690
Smart-069-449691,Mobile,+855069449691
Smart-069-449692,Mobile,+855069449692
Smart-069-449693,Mobile,+855069449693
Smart-069-449694,Mobile,+855069449694
Smart-069-449695,Mobile,+855069449695
Smart-069-449696,Mobile,+855069449696
Smart-069-449697,Mobile,+855069449697
Smart-069-449698,Mobile,+855069449698
Smart-069-449699,Mobile,+855069449699
Smart-069-449700,Mobile,+855069449700
Smart-069-449701,Mobile,+855069449701
Smart-069-449702,Mobile,+855069449702
Smart-069-449703,Mobile,+855069449703
Smart-069-449704,Mobile,+855069449704
Smart-069-449705,Mobile,+855069449705
Smart-069-449706,Mobile,+855069449706
Smart-069-449707,Mobile,+855069449707
Smart-069-449708,Mobile,+855069449708
Smart-069-449709,Mobile,+855069449709
Smart-069-449710,Mobile,+855069449710
Smart-069-449711,Mobile,+855069449711
Smart-069-449712,Mobile,+855069449712
Smart-069-449713,Mobile,+855069449713
Smart-069-449714,Mobile,+855069449714
Smart-069-449715,Mobile,+855069449715
Smart-069-449716,Mobile,+855069449716
Smart-069-449717,Mobile,+855069449717
Smart-069-449718,Mobile,+855069449718
Smart-069-449719,Mobile,+855069449719
Smart-069-449720,Mobile,+855069449720
Smart-069-449721,Mobile,+855069449721
Smart-069-449722,Mobile,+855069449722
Smart-069-449723,Mobile,+855069449723
Smart-069-449724,Mobile,+855069449724
Smart-069-449725,Mobile,+855069449725
Smart-069-449726,Mobile,+855069449726
Smart-069-449727,Mobile,+855069449727
Smart-069-449728,Mobile,+855069449728
Smart-069-449729,Mobile,+855069449729
Smart-069-449730,Mobile,+855069449730
Smart-069-449731,Mobile,+855069449731
Smart-069-449732,Mobile,+855069449732
Smart-069-449733,Mobile,+855069449733
Smart-069-449734,Mobile,+855069449734
Smart-069-449735,Mobile,+855069449735
Smart-069-449736,Mobile,+855069449736
Smart-069-449737,Mobile,+855069449737
Smart-069-449738,Mobile,+855069449738
Smart-069-449739,Mobile,+855069449739
Smart-069-449740,Mobile,+855069449740
Smart-069-449741,Mobile,+855069449741
Smart-069-449742,Mobile,+855069449742
Smart-069-449743,Mobile,+855069449743
Smart-069-449744,Mobile,+855069449744
Smart-069-449745,Mobile,+855069449745
Smart-069-449746,Mobile,+855069449746
Smart-069-449747,Mobile,+855069449747
Smart-069-449748,Mobile,+855069449748
Smart-069-449749,Mobile,+855069449749
Smart-069-449750,Mobile,+855069449750
Smart-069-449751,Mobile,+855069449751
Smart-069-449752,Mobile,+855069449752
Smart-069-449753,Mobile,+855069449753
Smart-069-449754,Mobile,+855069449754
Smart-069-449755,Mobile,+855069449755
Smart-069-449756,Mobile,+855069449756
Smart-069-449757,Mobile,+855069449757
Smart-069-449758,Mobile,+855069449758
Smart-069-449759,Mobile,+855069449759
Smart-069-449760,Mobile,+855069449760
Smart-069-449761,Mobile,+855069449761
Smart-069-449762,Mobile,+855069449762
Smart-069-449763,Mobile,+855069449763
Smart-069-449764,Mobile,+855069449764
Smart-069-449765,Mobile,+855069449765
Smart-069-449766,Mobile,+855069449766
Smart-069-449767,Mobile,+855069449767
Smart-069-449768,Mobile,+855069449768
Smart-069-449769,Mobile,+855069449769
Smart-069-449770,Mobile,+855069449770
Smart-069-449771,Mobile,+855069449771
Smart-069-449772,Mobile,+855069449772
Smart-069-449773,Mobile,+855069449773
Smart-069-449774,Mobile,+855069449774
Smart-069-449775,Mobile,+855069449775
Smart-069-449776,Mobile,+855069449776
Smart-069-449777,Mobile,+855069449777
Smart-069-449778,Mobile,+855069449778
Smart-069-449779,Mobile,+855069449779
Smart-069-449780,Mobile,+855069449780
Smart-069-449781,Mobile,+855069449781
Smart-069-449782,Mobile,+855069449782
Smart-069-449783,Mobile,+855069449783
Smart-069-449784,Mobile,+855069449784
Smart-069-449785,Mobile,+855069449785
Smart-069-449786,Mobile,+855069449786
Smart-069-449787,Mobile,+855069449787
Smart-069-449788,Mobile,+855069449788
Smart-069-449789,Mobile,+855069449789
Smart-069-449790,Mobile,+855069449790
Smart-069-449791,Mobile,+855069449791
Smart-069-449792,Mobile,+855069449792
Smart-069-449793,Mobile,+855069449793
Smart-069-449794,Mobile,+855069449794
Smart-069-449795,Mobile,+855069449795
Smart-069-449796,Mobile,+855069449796
Smart-069-449797,Mobile,+855069449797
Smart-069-449798,Mobile,+855069449798
Smart-069-449799,Mobile,+855069449799
Smart-069-449800,Mobile,+855069449800
Smart-069-449801,Mobile,+855069449801
Smart-069-449802,Mobile,+855069449802
Smart-069-449803,Mobile,+855069449803
Smart-069-449804,Mobile,+855069449804
Smart-069-449805,Mobile,+855069449805
Smart-069-449806,Mobile,+855069449806
Smart-069-449807,Mobile,+855069449807
Smart-069-449808,Mobile,+855069449808
Smart-069-449809,Mobile,+855069449809
Smart-069-449810,Mobile,+855069449810
Smart-069-449811,Mobile,+855069449811
Smart-069-449812,Mobile,+855069449812
Smart-069-449813,Mobile,+855069449813
Smart-069-449814,Mobile,+855069449814
Smart-069-449815,Mobile,+855069449815
Smart-069-449816,Mobile,+855069449816
Smart-069-449817,Mobile,+855069449817
Smart-069-449818,Mobile,+855069449818
Smart-069-449819,Mobile,+855069449819
Smart-069-449820,Mobile,+855069449820
Smart-069-449821,Mobile,+855069449821
Smart-069-449822,Mobile,+855069449822
Smart-069-449823,Mobile,+855069449823
Smart-069-449824,Mobile,+855069449824
Smart-069-449825,Mobile,+855069449825
Smart-069-449826,Mobile,+855069449826
Smart-069-449827,Mobile,+855069449827
Smart-069-449828,Mobile,+855069449828
Smart-069-449829,Mobile,+855069449829
Smart-069-449830,Mobile,+855069449830
Smart-069-449831,Mobile,+855069449831
Smart-069-449832,Mobile,+855069449832
Smart-069-449833,Mobile,+855069449833
Smart-069-449834,Mobile,+855069449834
Smart-069-449835,Mobile,+855069449835
Smart-069-449836,Mobile,+855069449836
Smart-069-449837,Mobile,+855069449837
Smart-069-449838,Mobile,+855069449838
Smart-069-449839,Mobile,+855069449839
Smart-069-449840,Mobile,+855069449840
Smart-069-449841,Mobile,+855069449841
Smart-069-449842,Mobile,+855069449842
Smart-069-449843,Mobile,+855069449843
Smart-069-449844,Mobile,+855069449844
Smart-069-449845,Mobile,+855069449845
Smart-069-449846,Mobile,+855069449846
Smart-069-449847,Mobile,+855069449847
Smart-069-449848,Mobile,+855069449848
Smart-069-449849,Mobile,+855069449849
Smart-069-449850,Mobile,+855069449850
Smart-069-449851,Mobile,+855069449851
Smart-069-449852,Mobile,+855069449852
Smart-069-449853,Mobile,+855069449853
Smart-069-449854,Mobile,+855069449854
Smart-069-449855,Mobile,+855069449855
Smart-069-449856,Mobile,+855069449856
Smart-069-449857,Mobile,+855069449857
Smart-069-449858,Mobile,+855069449858
Smart-069-449859,Mobile,+855069449859
Smart-069-449860,Mobile,+855069449860
Smart-069-449861,Mobile,+855069449861
Smart-069-449862,Mobile,+855069449862
Smart-069-449863,Mobile,+855069449863
Smart-069-449864,Mobile,+855069449864
Smart-069-449865,Mobile,+855069449865
Smart-069-449866,Mobile,+855069449866
Smart-069-449867,Mobile,+855069449867
Smart-069-449868,Mobile,+855069449868
Smart-069-449869,Mobile,+855069449869
Smart-069-449870,Mobile,+855069449870
Smart-069-449871,Mobile,+855069449871
Smart-069-449872,Mobile,+855069449872
Smart-069-449873,Mobile,+855069449873
Smart-069-449874,Mobile,+855069449874
Smart-069-449875,Mobile,+855069449875
Smart-069-449876,Mobile,+855069449876
Smart-069-449877,Mobile,+855069449877
Smart-069-449878,Mobile,+855069449878
Smart-069-449879,Mobile,+855069449879
Smart-069-449880,Mobile,+855069449880
Smart-069-449881,Mobile,+855069449881
Smart-069-449882,Mobile,+855069449882
Smart-069-449883,Mobile,+855069449883
Smart-069-449884,Mobile,+855069449884
Smart-069-449885,Mobile,+855069449885
Smart-069-449886,Mobile,+855069449886
Smart-069-449887,Mobile,+855069449887
Smart-069-449888,Mobile,+855069449888
Smart-069-449889,Mobile,+855069449889
Smart-069-449890,Mobile,+855069449890
Smart-069-449891,Mobile,+855069449891
Smart-069-449892,Mobile,+855069449892
Smart-069-449893,Mobile,+855069449893
Smart-069-449894,Mobile,+855069449894
Smart-069-449895,Mobile,+855069449895
Smart-069-449896,Mobile,+855069449896
Smart-069-449897,Mobile,+855069449897
Smart-069-449898,Mobile,+855069449898
Smart-069-449899,Mobile,+855069449899
Smart-069-449900,Mobile,+855069449900
Smart-069-449901,Mobile,+855069449901
Smart-069-449902,Mobile,+855069449902
Smart-069-449903,Mobile,+855069449903
Smart-069-449904,Mobile,+855069449904
Smart-069-449905,Mobile,+855069449905
Smart-069-449906,Mobile,+855069449906
Smart-069-449907,Mobile,+855069449907
Smart-069-449908,Mobile,+855069449908
Smart-069-449909,Mobile,+855069449909
Smart-069-449910,Mobile,+855069449910
Smart-069-449911,Mobile,+855069449911
Smart-069-449912,Mobile,+855069449912
Smart-069-449913,Mobile,+855069449913
Smart-069-449914,Mobile,+855069449914
Smart-069-449915,Mobile,+855069449915
Smart-069-449916,Mobile,+855069449916
Smart-069-449917,Mobile,+855069449917
Smart-069-449918,Mobile,+855069449918
Smart-069-449919,Mobile,+855069449919
Smart-069-449920,Mobile,+855069449920
Smart-069-449921,Mobile,+855069449921
Smart-069-449922,Mobile,+855069449922
Smart-069-449923,Mobile,+855069449923
Smart-069-449924,Mobile,+855069449924
Smart-069-449925,Mobile,+855069449925
Smart-069-449926,Mobile,+855069449926
Smart-069-449927,Mobile,+855069449927
Smart-069-449928,Mobile,+855069449928
Smart-069-449929,Mobile,+855069449929
Smart-069-449930,Mobile,+855069449930
Smart-069-449931,Mobile,+855069449931
Smart-069-449932,Mobile,+855069449932
Smart-069-449933,Mobile,+855069449933
Smart-069-449934,Mobile,+855069449934
Smart-069-449935,Mobile,+855069449935
Smart-069-449936,Mobile,+855069449936
Smart-069-449937,Mobile,+855069449937
Smart-069-449938,Mobile,+855069449938
Smart-069-449939,Mobile,+855069449939
Smart-069-449940,Mobile,+855069449940
Smart-069-449941,Mobile,+855069449941
Smart-069-449942,Mobile,+855069449942
Smart-069-449943,Mobile,+855069449943
Smart-069-449944,Mobile,+855069449944
Smart-069-449945,Mobile,+855069449945
Smart-069-449946,Mobile,+855069449946
Smart-069-449947,Mobile,+855069449947
Smart-069-449948,Mobile,+855069449948
Smart-069-449949,Mobile,+855069449949
Smart-069-449950,Mobile,+855069449950
Smart-069-449951,Mobile,+855069449951
Smart-069-449952,Mobile,+855069449952
Smart-069-449953,Mobile,+855069449953
Smart-069-449954,Mobile,+855069449954
Smart-069-449955,Mobile,+855069449955
Smart-069-449956,Mobile,+855069449956
Smart-069-449957,Mobile,+855069449957
Smart-069-449958,Mobile,+855069449958
Smart-069-449959,Mobile,+855069449959
Smart-069-449960,Mobile,+855069449960
Smart-069-449961,Mobile,+855069449961
Smart-069-449962,Mobile,+855069449962
Smart-069-449963,Mobile,+855069449963
Smart-069-449964,Mobile,+855069449964
Smart-069-449965,Mobile,+855069449965
Smart-069-449966,Mobile,+855069449966
Smart-069-449967,Mobile,+855069449967
Smart-069-449968,Mobile,+855069449968
Smart-069-449969,Mobile,+855069449969
Smart-069-449970,Mobile,+855069449970
Smart-069-449971,Mobile,+855069449971
Smart-069-449972,Mobile,+855069449972
Smart-069-449973,Mobile,+855069449973
Smart-069-449974,Mobile,+855069449974
Smart-069-449975,Mobile,+855069449975
Smart-069-449976,Mobile,+855069449976
Smart-069-449977,Mobile,+855069449977
Smart-069-449978,Mobile,+855069449978
Smart-069-449979,Mobile,+855069449979
Smart-069-449980,Mobile,+855069449980
Smart-069-449981,Mobile,+855069449981
Smart-069-449982,Mobile,+855069449982
Smart-069-449983,Mobile,+855069449983
Smart-069-449984,Mobile,+855069449984
Smart-069-449985,Mobile,+855069449985
Smart-069-449986,Mobile,+855069449986
Smart-069-449987,Mobile,+855069449987
Smart-069-449988,Mobile,+855069449988
Smart-069-449989,Mobile,+855069449989
Smart-069-449990,Mobile,+855069449990
Smart-069-449991,Mobile,+855069449991
Smart-069-449992,Mobile,+855069449992
Smart-069-449993,Mobile,+855069449993
Smart-069-449994,Mobile,+855069449994
Smart-069-449995,Mobile,+855069449995
Smart-069-449996,Mobile,+855069449996
Smart-069-449997,Mobile,+855069449997
Smart-069-449998,Mobile,+855069449998
Smart-069-449999,Mobile,+855069449999
Smart-069-450000,Mobile,+855069450000
Smart-069-450001,Mobile,+855069450001
Smart-069-450002,Mobile,+855069450002
Smart-069-450003,Mobile,+855069450003
Smart-069-450004,Mobile,+855069450004
Smart-069-450005,Mobile,+855069450005
Smart-069-450006,Mobile,+855069450006
Smart-069-450007,Mobile,+855069450007
Smart-069-450008,Mobile,+855069450008
Smart-069-450009,Mobile,+855069450009
Smart-069-450010,Mobile,+855069450010
Smart-069-450011,Mobile,+855069450011
Smart-069-450012,Mobile,+855069450012
Smart-069-450013,Mobile,+855069450013
Smart-069-450014,Mobile,+855069450014
Smart-069-450015,Mobile,+855069450015
Smart-069-450016,Mobile,+855069450016
Smart-069-450017,Mobile,+855069450017
Smart-069-450018,Mobile,+855069450018
Smart-069-450019,Mobile,+855069450019
Smart-069-450020,Mobile,+855069450020
Smart-069-450021,Mobile,+855069450021
Smart-069-450022,Mobile,+855069450022
Smart-069-450023,Mobile,+855069450023
Smart-069-450024,Mobile,+855069450024
Smart-069-450025,Mobile,+855069450025
Smart-069-450026,Mobile,+855069450026
Smart-069-450027,Mobile,+855069450027
Smart-069-450028,Mobile,+855069450028
Smart-069-450029,Mobile,+855069450029
Smart-069-450030,Mobile,+855069450030
Smart-069-450031,Mobile,+855069450031
Smart-069-450032,Mobile,+855069450032
Smart-069-450033,Mobile,+855069450033
Smart-069-450034,Mobile,+855069450034
Smart-069-450035,Mobile,+855069450035
Smart-069-450036,Mobile,+855069450036
Smart-069-450037,Mobile,+855069450037
Smart-069-450038,Mobile,+855069450038
Smart-069-450039,Mobile,+855069450039
Smart-069-450040,Mobile,+855069450040
Smart-069-450041,Mobile,+855069450041
Smart-069-450042,Mobile,+855069450042
Smart-069-450043,Mobile,+855069450043
Smart-069-450044,Mobile,+855069450044
Smart-069-450045,Mobile,+855069450045
Smart-069-450046,Mobile,+855069450046
Smart-069-450047,Mobile,+855069450047
Smart-069-450048,Mobile,+855069450048
Smart-069-450049,Mobile,+855069450049
Smart-069-450050,Mobile,+855069450050
Smart-069-450051,Mobile,+855069450051
Smart-069-450052,Mobile,+855069450052
Smart-069-450053,Mobile,+855069450053
Smart-069-450054,Mobile,+855069450054
Smart-069-450055,Mobile,+855069450055
Smart-069-450056,Mobile,+855069450056
Smart-069-450057,Mobile,+855069450057
Smart-069-450058,Mobile,+855069450058
Smart-069-450059,Mobile,+855069450059
Smart-069-450060,Mobile,+855069450060
Smart-069-450061,Mobile,+855069450061
Smart-069-450062,Mobile,+855069450062
Smart-069-450063,Mobile,+855069450063
Smart-069-450064,Mobile,+855069450064
Smart-069-450065,Mobile,+855069450065
Smart-069-450066,Mobile,+855069450066
Smart-069-450067,Mobile,+855069450067
Smart-069-450068,Mobile,+855069450068
Smart-069-450069,Mobile,+855069450069
Smart-069-450070,Mobile,+855069450070
Smart-069-450071,Mobile,+855069450071
Smart-069-450072,Mobile,+855069450072
Smart-069-450073,Mobile,+855069450073
Smart-069-450074,Mobile,+855069450074
Smart-069-450075,Mobile,+855069450075
Smart-069-450076,Mobile,+855069450076
Smart-069-450077,Mobile,+855069450077
Smart-069-450078,Mobile,+855069450078
Smart-069-450079,Mobile,+855069450079
Smart-069-450080,Mobile,+855069450080
Smart-069-450081,Mobile,+855069450081
Smart-069-450082,Mobile,+855069450082
Smart-069-450083,Mobile,+855069450083
Smart-069-450084,Mobile,+855069450084
Smart-069-450085,Mobile,+855069450085
Smart-069-450086,Mobile,+855069450086
Smart-069-450087,Mobile,+855069450087
Smart-069-450088,Mobile,+855069450088
Smart-069-450089,Mobile,+855069450089
Smart-069-450090,Mobile,+855069450090
Smart-069-450091,Mobile,+855069450091
Smart-069-450092,Mobile,+855069450092
Smart-069-450093,Mobile,+855069450093
Smart-069-450094,Mobile,+855069450094
Smart-069-450095,Mobile,+855069450095
Smart-069-450096,Mobile,+855069450096
Smart-069-450097,Mobile,+855069450097
Smart-069-450098,Mobile,+855069450098
Smart-069-450099,Mobile,+855069450099
Smart-069-450100,Mobile,+855069450100
Smart-069-450101,Mobile,+855069450101
Smart-069-450102,Mobile,+855069450102
Smart-069-450103,Mobile,+855069450103
Smart-069-450104,Mobile,+855069450104
Smart-069-450105,Mobile,+855069450105
Smart-069-450106,Mobile,+855069450106
Smart-069-450107,Mobile,+855069450107
Smart-069-450108,Mobile,+855069450108
Smart-069-450109,Mobile,+855069450109
Smart-069-450110,Mobile,+855069450110
Smart-069-450111,Mobile,+855069450111
Smart-069-450112,Mobile,+855069450112
Smart-069-450113,Mobile,+855069450113
Smart-069-450114,Mobile,+855069450114
Smart-069-450115,Mobile,+855069450115
Smart-069-450116,Mobile,+855069450116
Smart-069-450117,Mobile,+855069450117
Smart-069-450118,Mobile,+855069450118
Smart-069-450119,Mobile,+855069450119
Smart-069-450120,Mobile,+855069450120
Smart-069-450121,Mobile,+855069450121
Smart-069-450122,Mobile,+855069450122
Smart-069-450123,Mobile,+855069450123
Smart-069-450124,Mobile,+855069450124
Smart-069-450125,Mobile,+855069450125
Smart-069-450126,Mobile,+855069450126
Smart-069-450127,Mobile,+855069450127
Smart-069-450128,Mobile,+855069450128
Smart-069-450129,Mobile,+855069450129
Smart-069-450130,Mobile,+855069450130
Smart-069-450131,Mobile,+855069450131
Smart-069-450132,Mobile,+855069450132
Smart-069-450133,Mobile,+855069450133
Smart-069-450134,Mobile,+855069450134
Smart-069-450135,Mobile,+855069450135
Smart-069-450136,Mobile,+855069450136
Smart-069-450137,Mobile,+855069450137
Smart-069-450138,Mobile,+855069450138
Smart-069-450139,Mobile,+855069450139
Smart-069-450140,Mobile,+855069450140
Smart-069-450141,Mobile,+855069450141
Smart-069-450142,Mobile,+855069450142
Smart-069-450143,Mobile,+855069450143
Smart-069-450144,Mobile,+855069450144
Smart-069-450145,Mobile,+855069450145
Smart-069-450146,Mobile,+855069450146
Smart-069-450147,Mobile,+855069450147
Smart-069-450148,Mobile,+855069450148
Smart-069-450149,Mobile,+855069450149
Smart-069-450150,Mobile,+855069450150
Smart-069-450151,Mobile,+855069450151
Smart-069-450152,Mobile,+855069450152
Smart-069-450153,Mobile,+855069450153
Smart-069-450154,Mobile,+855069450154
Smart-069-450155,Mobile,+855069450155
Smart-069-450156,Mobile,+855069450156
Smart-069-450157,Mobile,+855069450157
Smart-069-450158,Mobile,+855069450158
Smart-069-450159,Mobile,+855069450159
Smart-069-450160,Mobile,+855069450160
Smart-069-450161,Mobile,+855069450161
Smart-069-450162,Mobile,+855069450162
Smart-069-450163,Mobile,+855069450163
Smart-069-450164,Mobile,+855069450164
Smart-069-450165,Mobile,+855069450165
Smart-069-450166,Mobile,+855069450166
Smart-069-450167,Mobile,+855069450167
Smart-069-450168,Mobile,+855069450168
Smart-069-450169,Mobile,+855069450169
Smart-069-450170,Mobile,+855069450170
Smart-069-450171,Mobile,+855069450171
Smart-069-450172,Mobile,+855069450172
Smart-069-450173,Mobile,+855069450173
Smart-069-450174,Mobile,+855069450174
Smart-069-450175,Mobile,+855069450175
Smart-069-450176,Mobile,+855069450176
Smart-069-450177,Mobile,+855069450177
Smart-069-450178,Mobile,+855069450178
Smart-069-450179,Mobile,+855069450179
Smart-069-450180,Mobile,+855069450180
Smart-069-450181,Mobile,+855069450181
Smart-069-450182,Mobile,+855069450182
Smart-069-450183,Mobile,+855069450183
Smart-069-450184,Mobile,+855069450184
Smart-069-450185,Mobile,+855069450185
Smart-069-450186,Mobile,+855069450186
Smart-069-450187,Mobile,+855069450187
Smart-069-450188,Mobile,+855069450188
Smart-069-450189,Mobile,+855069450189
Smart-069-450190,Mobile,+855069450190
Smart-069-450191,Mobile,+855069450191
Smart-069-450192,Mobile,+855069450192
Smart-069-450193,Mobile,+855069450193
Smart-069-450194,Mobile,+855069450194
Smart-069-450195,Mobile,+855069450195
Smart-069-450196,Mobile,+855069450196
Smart-069-450197,Mobile,+855069450197
Smart-069-450198,Mobile,+855069450198
Smart-069-450199,Mobile,+855069450199
Smart-069-450200,Mobile,+855069450200
Smart-069-450201,Mobile,+855069450201
Smart-069-450202,Mobile,+855069450202
Smart-069-450203,Mobile,+855069450203
Smart-069-450204,Mobile,+855069450204
Smart-069-450205,Mobile,+855069450205
Smart-069-450206,Mobile,+855069450206
Smart-069-450207,Mobile,+855069450207
Smart-069-450208,Mobile,+855069450208
Smart-069-450209,Mobile,+855069450209
Smart-069-450210,Mobile,+855069450210
Smart-069-450211,Mobile,+855069450211
Smart-069-450212,Mobile,+855069450212
Smart-069-450213,Mobile,+855069450213
Smart-069-450214,Mobile,+855069450214
Smart-069-450215,Mobile,+855069450215
Smart-069-450216,Mobile,+855069450216
Smart-069-450217,Mobile,+855069450217
Smart-069-450218,Mobile,+855069450218
Smart-069-450219,Mobile,+855069450219
Smart-069-450220,Mobile,+855069450220
Smart-069-450221,Mobile,+855069450221
Smart-069-450222,Mobile,+855069450222
Smart-069-450223,Mobile,+855069450223
Smart-069-450224,Mobile,+855069450224
Smart-069-450225,Mobile,+855069450225
Smart-069-450226,Mobile,+855069450226
Smart-069-450227,Mobile,+855069450227
Smart-069-450228,Mobile,+855069450228
Smart-069-450229,Mobile,+855069450229
Smart-069-450230,Mobile,+855069450230
Smart-069-450231,Mobile,+855069450231
Smart-069-450232,Mobile,+855069450232
Smart-069-450233,Mobile,+855069450233
Smart-069-450234,Mobile,+855069450234
Smart-069-450235,Mobile,+855069450235
Smart-069-450236,Mobile,+855069450236
Smart-069-450237,Mobile,+855069450237
Smart-069-450238,Mobile,+855069450238
Smart-069-450239,Mobile,+855069450239
Smart-069-450240,Mobile,+855069450240
Smart-069-450241,Mobile,+855069450241
Smart-069-450242,Mobile,+855069450242
Smart-069-450243,Mobile,+855069450243
Smart-069-450244,Mobile,+855069450244
Smart-069-450245,Mobile,+855069450245
Smart-069-450246,Mobile,+855069450246
Smart-069-450247,Mobile,+855069450247
Smart-069-450248,Mobile,+855069450248
Smart-069-450249,Mobile,+855069450249
Smart-069-450250,Mobile,+855069450250
Smart-069-450251,Mobile,+855069450251
Smart-069-450252,Mobile,+855069450252
Smart-069-450253,Mobile,+855069450253
Smart-069-450254,Mobile,+855069450254
Smart-069-450255,Mobile,+855069450255
Smart-069-450256,Mobile,+855069450256
Smart-069-450257,Mobile,+855069450257
Smart-069-450258,Mobile,+855069450258
Smart-069-450259,Mobile,+855069450259
Smart-069-450260,Mobile,+855069450260
Smart-069-450261,Mobile,+855069450261
Smart-069-450262,Mobile,+855069450262
Smart-069-450263,Mobile,+855069450263
Smart-069-450264,Mobile,+855069450264
Smart-069-450265,Mobile,+855069450265
Smart-069-450266,Mobile,+855069450266
Smart-069-450267,Mobile,+855069450267
Smart-069-450268,Mobile,+855069450268
Smart-069-450269,Mobile,+855069450269
Smart-069-450270,Mobile,+855069450270
Smart-069-450271,Mobile,+855069450271
Smart-069-450272,Mobile,+855069450272
Smart-069-450273,Mobile,+855069450273
Smart-069-450274,Mobile,+855069450274
Smart-069-450275,Mobile,+855069450275
Smart-069-450276,Mobile,+855069450276
Smart-069-450277,Mobile,+855069450277
Smart-069-450278,Mobile,+855069450278
Smart-069-450279,Mobile,+855069450279
Smart-069-450280,Mobile,+855069450280
Smart-069-450281,Mobile,+855069450281
Smart-069-450282,Mobile,+855069450282
Smart-069-450283,Mobile,+855069450283
Smart-069-450284,Mobile,+855069450284
Smart-069-450285,Mobile,+855069450285
Smart-069-450286,Mobile,+855069450286
Smart-069-450287,Mobile,+855069450287
Smart-069-450288,Mobile,+855069450288
Smart-069-450289,Mobile,+855069450289
Smart-069-450290,Mobile,+855069450290
Smart-069-450291,Mobile,+855069450291
Smart-069-450292,Mobile,+855069450292
Smart-069-450293,Mobile,+855069450293
Smart-069-450294,Mobile,+855069450294
Smart-069-450295,Mobile,+855069450295
Smart-069-450296,Mobile,+855069450296
Smart-069-450297,Mobile,+855069450297
Smart-069-450298,Mobile,+855069450298
Smart-069-450299,Mobile,+855069450299
Smart-069-450300,Mobile,+855069450300
Smart-069-450301,Mobile,+855069450301
Smart-069-450302,Mobile,+855069450302
Smart-069-450303,Mobile,+855069450303
Smart-069-450304,Mobile,+855069450304
Smart-069-450305,Mobile,+855069450305
Smart-069-450306,Mobile,+855069450306
Smart-069-450307,Mobile,+855069450307
Smart-069-450308,Mobile,+855069450308
Smart-069-450309,Mobile,+855069450309
Smart-069-450310,Mobile,+855069450310
Smart-069-450311,Mobile,+855069450311
Smart-069-450312,Mobile,+855069450312
Smart-069-450313,Mobile,+855069450313
Smart-069-450314,Mobile,+855069450314
Smart-069-450315,Mobile,+855069450315
Smart-069-450316,Mobile,+855069450316
Smart-069-450317,Mobile,+855069450317
Smart-069-450318,Mobile,+855069450318
Smart-069-450319,Mobile,+855069450319
Smart-069-450320,Mobile,+855069450320
Smart-069-450321,Mobile,+855069450321
Smart-069-450322,Mobile,+855069450322
Smart-069-450323,Mobile,+855069450323
Smart-069-450324,Mobile,+855069450324
Smart-069-450325,Mobile,+855069450325
Smart-069-450326,Mobile,+855069450326
Smart-069-450327,Mobile,+855069450327
Smart-069-450328,Mobile,+855069450328
Smart-069-450329,Mobile,+855069450329
Smart-069-450330,Mobile,+855069450330
Smart-069-450331,Mobile,+855069450331
Smart-069-450332,Mobile,+855069450332
Smart-069-450333,Mobile,+855069450333
Smart-069-450334,Mobile,+855069450334
Smart-069-450335,Mobile,+855069450335
Smart-069-450336,Mobile,+855069450336
Smart-069-450337,Mobile,+855069450337
Smart-069-450338,Mobile,+855069450338
Smart-069-450339,Mobile,+855069450339
Smart-069-450340,Mobile,+855069450340
Smart-069-450341,Mobile,+855069450341
Smart-069-450342,Mobile,+855069450342
Smart-069-450343,Mobile,+855069450343
Smart-069-450344,Mobile,+855069450344
Smart-069-450345,Mobile,+855069450345
Smart-069-450346,Mobile,+855069450346
Smart-069-450347,Mobile,+855069450347
Smart-069-450348,Mobile,+855069450348
Smart-069-450349,Mobile,+855069450349
Smart-069-450350,Mobile,+855069450350
Smart-069-450351,Mobile,+855069450351
Smart-069-450352,Mobile,+855069450352
Smart-069-450353,Mobile,+855069450353
Smart-069-450354,Mobile,+855069450354
Smart-069-450355,Mobile,+855069450355
Smart-069-450356,Mobile,+855069450356
Smart-069-450357,Mobile,+855069450357
Smart-069-450358,Mobile,+855069450358
Smart-069-450359,Mobile,+855069450359
Smart-069-450360,Mobile,+855069450360
Smart-069-450361,Mobile,+855069450361
Smart-069-450362,Mobile,+855069450362
Smart-069-450363,Mobile,+855069450363
Smart-069-450364,Mobile,+855069450364
Smart-069-450365,Mobile,+855069450365
Smart-069-450366,Mobile,+855069450366
Smart-069-450367,Mobile,+855069450367
Smart-069-450368,Mobile,+855069450368
Smart-069-450369,Mobile,+855069450369
Smart-069-450370,Mobile,+855069450370
Smart-069-450371,Mobile,+855069450371
Smart-069-450372,Mobile,+855069450372
Smart-069-450373,Mobile,+855069450373
Smart-069-450374,Mobile,+855069450374
Smart-069-450375,Mobile,+855069450375
Smart-069-450376,Mobile,+855069450376
Smart-069-450377,Mobile,+855069450377
Smart-069-450378,Mobile,+855069450378
Smart-069-450379,Mobile,+855069450379
Smart-069-450380,Mobile,+855069450380
Smart-069-450381,Mobile,+855069450381
Smart-069-450382,Mobile,+855069450382
Smart-069-450383,Mobile,+855069450383
Smart-069-450384,Mobile,+855069450384
Smart-069-450385,Mobile,+855069450385
Smart-069-450386,Mobile,+855069450386
Smart-069-450387,Mobile,+855069450387
Smart-069-450388,Mobile,+855069450388
Smart-069-450389,Mobile,+855069450389
Smart-069-450390,Mobile,+855069450390
Smart-069-450391,Mobile,+855069450391
Smart-069-450392,Mobile,+855069450392
Smart-069-450393,Mobile,+855069450393
Smart-069-450394,Mobile,+855069450394
Smart-069-450395,Mobile,+855069450395
Smart-069-450396,Mobile,+855069450396
Smart-069-450397,Mobile,+855069450397
Smart-069-450398,Mobile,+855069450398
Smart-069-450399,Mobile,+855069450399
Smart-069-450400,Mobile,+855069450400
Smart-069-450401,Mobile,+855069450401
Smart-069-450402,Mobile,+855069450402
Smart-069-450403,Mobile,+855069450403
Smart-069-450404,Mobile,+855069450404
Smart-069-450405,Mobile,+855069450405
Smart-069-450406,Mobile,+855069450406
Smart-069-450407,Mobile,+855069450407
Smart-069-450408,Mobile,+855069450408
Smart-069-450409,Mobile,+855069450409
Smart-069-450410,Mobile,+855069450410
Smart-069-450411,Mobile,+855069450411
Smart-069-450412,Mobile,+855069450412
Smart-069-450413,Mobile,+855069450413
Smart-069-450414,Mobile,+855069450414
Smart-069-450415,Mobile,+855069450415
Smart-069-450416,Mobile,+855069450416
Smart-069-450417,Mobile,+855069450417
Smart-069-450418,Mobile,+855069450418
Smart-069-450419,Mobile,+855069450419
Smart-069-450420,Mobile,+855069450420
Smart-069-450421,Mobile,+855069450421
Smart-069-450422,Mobile,+855069450422
Smart-069-450423,Mobile,+855069450423
Smart-069-450424,Mobile,+855069450424
Smart-069-450425,Mobile,+855069450425
Smart-069-450426,Mobile,+855069450426
Smart-069-450427,Mobile,+855069450427
Smart-069-450428,Mobile,+855069450428
Smart-069-450429,Mobile,+855069450429
Smart-069-450430,Mobile,+855069450430
Smart-069-450431,Mobile,+855069450431
Smart-069-450432,Mobile,+855069450432
Smart-069-450433,Mobile,+855069450433
Smart-069-450434,Mobile,+855069450434
Smart-069-450435,Mobile,+855069450435
Smart-069-450436,Mobile,+855069450436
Smart-069-450437,Mobile,+855069450437
Smart-069-450438,Mobile,+855069450438
Smart-069-450439,Mobile,+855069450439
Smart-069-450440,Mobile,+855069450440
Smart-069-450441,Mobile,+855069450441
Smart-069-450442,Mobile,+855069450442
Smart-069-450443,Mobile,+855069450443
Smart-069-450444,Mobile,+855069450444
Smart-069-450445,Mobile,+855069450445
Smart-069-450446,Mobile,+855069450446
Smart-069-450447,Mobile,+855069450447
Smart-069-450448,Mobile,+855069450448
Smart-069-450449,Mobile,+855069450449
Smart-069-450450,Mobile,+855069450450
Smart-069-450451,Mobile,+855069450451
Smart-069-450452,Mobile,+855069450452
Smart-069-450453,Mobile,+855069450453
Smart-069-450454,Mobile,+855069450454
Smart-069-450455,Mobile,+855069450455
Smart-069-450456,Mobile,+855069450456
Smart-069-450457,Mobile,+855069450457
Smart-069-450458,Mobile,+855069450458
Smart-069-450459,Mobile,+855069450459
Smart-069-450460,Mobile,+855069450460
Smart-069-450461,Mobile,+855069450461
Smart-069-450462,Mobile,+855069450462
Smart-069-450463,Mobile,+855069450463
Smart-069-450464,Mobile,+855069450464
Smart-069-450465,Mobile,+855069450465
Smart-069-450466,Mobile,+855069450466
Smart-069-450467,Mobile,+855069450467
Smart-069-450468,Mobile,+855069450468
Smart-069-450469,Mobile,+855069450469
Smart-069-450470,Mobile,+855069450470
Smart-069-450471,Mobile,+855069450471
Smart-069-450472,Mobile,+855069450472
Smart-069-450473,Mobile,+855069450473
Smart-069-450474,Mobile,+855069450474
Smart-069-450475,Mobile,+855069450475
Smart-069-450476,Mobile,+855069450476
Smart-069-450477,Mobile,+855069450477
Smart-069-450478,Mobile,+855069450478
Smart-069-450479,Mobile,+855069450479
Smart-069-450480,Mobile,+855069450480
Smart-069-450481,Mobile,+855069450481
Smart-069-450482,Mobile,+855069450482
Smart-069-450483,Mobile,+855069450483
Smart-069-450484,Mobile,+855069450484
Smart-069-450485,Mobile,+855069450485
Smart-069-450486,Mobile,+855069450486
Smart-069-450487,Mobile,+855069450487
Smart-069-450488,Mobile,+855069450488
Smart-069-450489,Mobile,+855069450489
Smart-069-450490,Mobile,+855069450490
Smart-069-450491,Mobile,+855069450491
Smart-069-450492,Mobile,+855069450492
Smart-069-450493,Mobile,+855069450493
Smart-069-450494,Mobile,+855069450494
Smart-069-450495,Mobile,+855069450495
Smart-069-450496,Mobile,+855069450496
Smart-069-450497,Mobile,+855069450497
Smart-069-450498,Mobile,+855069450498
Smart-069-450499,Mobile,+855069450499
Smart-069-450500,Mobile,+855069450500
Smart-069-450501,Mobile,+855069450501
Smart-069-450502,Mobile,+855069450502
Smart-069-450503,Mobile,+855069450503
Smart-069-450504,Mobile,+855069450504
Smart-069-450505,Mobile,+855069450505
Smart-069-450506,Mobile,+855069450506
Smart-069-450507,Mobile,+855069450507
Smart-069-450508,Mobile,+855069450508
Smart-069-450509,Mobile,+855069450509
Smart-069-450510,Mobile,+855069450510
Smart-069-450511,Mobile,+855069450511
Smart-069-450512,Mobile,+855069450512
Smart-069-450513,Mobile,+855069450513
Smart-069-450514,Mobile,+855069450514
Smart-069-450515,Mobile,+855069450515
Smart-069-450516,Mobile,+855069450516
Smart-069-450517,Mobile,+855069450517
Smart-069-450518,Mobile,+855069450518
Smart-069-450519,Mobile,+855069450519
Smart-069-450520,Mobile,+855069450520
Smart-069-450521,Mobile,+855069450521
Smart-069-450522,Mobile,+855069450522
Smart-069-450523,Mobile,+855069450523
Smart-069-450524,Mobile,+855069450524
Smart-069-450525,Mobile,+855069450525
Smart-069-450526,Mobile,+855069450526
Smart-069-450527,Mobile,+855069450527
Smart-069-450528,Mobile,+855069450528
Smart-069-450529,Mobile,+855069450529
Smart-069-450530,Mobile,+855069450530
Smart-069-450531,Mobile,+855069450531
Smart-069-450532,Mobile,+855069450532
Smart-069-450533,Mobile,+855069450533
Smart-069-450534,Mobile,+855069450534
Smart-069-450535,Mobile,+855069450535
Smart-069-450536,Mobile,+855069450536
Smart-069-450537,Mobile,+855069450537
Smart-069-450538,Mobile,+855069450538
Smart-069-450539,Mobile,+855069450539
Smart-069-450540,Mobile,+855069450540
Smart-069-450541,Mobile,+855069450541
Smart-069-450542,Mobile,+855069450542
Smart-069-450543,Mobile,+855069450543
Smart-069-450544,Mobile,+855069450544
Smart-069-450545,Mobile,+855069450545
Smart-069-450546,Mobile,+855069450546
Smart-069-450547,Mobile,+855069450547
Smart-069-450548,Mobile,+855069450548
Smart-069-450549,Mobile,+855069450549
Smart-069-450550,Mobile,+855069450550
Smart-069-450551,Mobile,+855069450551
Smart-069-450552,Mobile,+855069450552
Smart-069-450553,Mobile,+855069450553
Smart-069-450554,Mobile,+855069450554
Smart-069-450555,Mobile,+855069450555
Smart-069-450556,Mobile,+855069450556
Smart-069-450557,Mobile,+855069450557
Smart-069-450558,Mobile,+855069450558
Smart-069-450559,Mobile,+855069450559
Smart-069-450560,Mobile,+855069450560
Smart-069-450561,Mobile,+855069450561
Smart-069-450562,Mobile,+855069450562
Smart-069-450563,Mobile,+855069450563
Smart-069-450564,Mobile,+855069450564
Smart-069-450565,Mobile,+855069450565
Smart-069-450566,Mobile,+855069450566
Smart-069-450567,Mobile,+855069450567
Smart-069-450568,Mobile,+855069450568
Smart-069-450569,Mobile,+855069450569
Smart-069-450570,Mobile,+855069450570
Smart-069-450571,Mobile,+855069450571
Smart-069-450572,Mobile,+855069450572
Smart-069-450573,Mobile,+855069450573
Smart-069-450574,Mobile,+855069450574
Smart-069-450575,Mobile,+855069450575
Smart-069-450576,Mobile,+855069450576
Smart-069-450577,Mobile,+855069450577
Smart-069-450578,Mobile,+855069450578
Smart-069-450579,Mobile,+855069450579
Smart-069-450580,Mobile,+855069450580
Smart-069-450581,Mobile,+855069450581
Smart-069-450582,Mobile,+855069450582
Smart-069-450583,Mobile,+855069450583
Smart-069-450584,Mobile,+855069450584
Smart-069-450585,Mobile,+855069450585
Smart-069-450586,Mobile,+855069450586
Smart-069-450587,Mobile,+855069450587
Smart-069-450588,Mobile,+855069450588
Smart-069-450589,Mobile,+855069450589
Smart-069-450590,Mobile,+855069450590
Smart-069-450591,Mobile,+855069450591
Smart-069-450592,Mobile,+855069450592
Smart-069-450593,Mobile,+855069450593
Smart-069-450594,Mobile,+855069450594
Smart-069-450595,Mobile,+855069450595
Smart-069-450596,Mobile,+855069450596
Smart-069-450597,Mobile,+855069450597
Smart-069-450598,Mobile,+855069450598
Smart-069-450599,Mobile,+855069450599
Smart-069-450600,Mobile,+855069450600
Smart-069-450601,Mobile,+855069450601
Smart-069-450602,Mobile,+855069450602
Smart-069-450603,Mobile,+855069450603
Smart-069-450604,Mobile,+855069450604
Smart-069-450605,Mobile,+855069450605
Smart-069-450606,Mobile,+855069450606
Smart-069-450607,Mobile,+855069450607
Smart-069-450608,Mobile,+855069450608
Smart-069-450609,Mobile,+855069450609
Smart-069-450610,Mobile,+855069450610
Smart-069-450611,Mobile,+855069450611
Smart-069-450612,Mobile,+855069450612
Smart-069-450613,Mobile,+855069450613
Smart-069-450614,Mobile,+855069450614
Smart-069-450615,Mobile,+855069450615
Smart-069-450616,Mobile,+855069450616
Smart-069-450617,Mobile,+855069450617
Smart-069-450618,Mobile,+855069450618
Smart-069-450619,Mobile,+855069450619
Smart-069-450620,Mobile,+855069450620
Smart-069-450621,Mobile,+855069450621
Smart-069-450622,Mobile,+855069450622
Smart-069-450623,Mobile,+855069450623
Smart-069-450624,Mobile,+855069450624
Smart-069-450625,Mobile,+855069450625
Smart-069-450626,Mobile,+855069450626
Smart-069-450627,Mobile,+855069450627
Smart-069-450628,Mobile,+855069450628
Smart-069-450629,Mobile,+855069450629
Smart-069-450630,Mobile,+855069450630
Smart-069-450631,Mobile,+855069450631
Smart-069-450632,Mobile,+855069450632
Smart-069-450633,Mobile,+855069450633
Smart-069-450634,Mobile,+855069450634
Smart-069-450635,Mobile,+855069450635
Smart-069-450636,Mobile,+855069450636
Smart-069-450637,Mobile,+855069450637
Smart-069-450638,Mobile,+855069450638
Smart-069-450639,Mobile,+855069450639
Smart-069-450640,Mobile,+855069450640
Smart-069-450641,Mobile,+855069450641
Smart-069-450642,Mobile,+855069450642
Smart-069-450643,Mobile,+855069450643
Smart-069-450644,Mobile,+855069450644
Smart-069-450645,Mobile,+855069450645
Smart-069-450646,Mobile,+855069450646
Smart-069-450647,Mobile,+855069450647
Smart-069-450648,Mobile,+855069450648
Smart-069-450649,Mobile,+855069450649
Smart-069-450650,Mobile,+855069450650
Smart-069-450651,Mobile,+855069450651
Smart-069-450652,Mobile,+855069450652
Smart-069-450653,Mobile,+855069450653
Smart-069-450654,Mobile,+855069450654
Smart-069-450655,Mobile,+855069450655
Smart-069-450656,Mobile,+855069450656
Smart-069-450657,Mobile,+855069450657
Smart-069-450658,Mobile,+855069450658
Smart-069-450659,Mobile,+855069450659
Smart-069-450660,Mobile,+855069450660
Smart-069-450661,Mobile,+855069450661
Smart-069-450662,Mobile,+855069450662
Smart-069-450663,Mobile,+855069450663
Smart-069-450664,Mobile,+855069450664
Smart-069-450665,Mobile,+855069450665
Smart-069-450666,Mobile,+855069450666
Smart-069-450667,Mobile,+855069450667
Smart-069-450668,Mobile,+855069450668
Smart-069-450669,Mobile,+855069450669
Smart-069-450670,Mobile,+855069450670
Smart-069-450671,Mobile,+855069450671
Smart-069-450672,Mobile,+855069450672
Smart-069-450673,Mobile,+855069450673
Smart-069-450674,Mobile,+855069450674
Smart-069-450675,Mobile,+855069450675
Smart-069-450676,Mobile,+855069450676
Smart-069-450677,Mobile,+855069450677
Smart-069-450678,Mobile,+855069450678
Smart-069-450679,Mobile,+855069450679
Smart-069-450680,Mobile,+855069450680
Smart-069-450681,Mobile,+855069450681
Smart-069-450682,Mobile,+855069450682
Smart-069-450683,Mobile,+855069450683
Smart-069-450684,Mobile,+855069450684
Smart-069-450685,Mobile,+855069450685
Smart-069-450686,Mobile,+855069450686
Smart-069-450687,Mobile,+855069450687
Smart-069-450688,Mobile,+855069450688
Smart-069-450689,Mobile,+855069450689
Smart-069-450690,Mobile,+855069450690
Smart-069-450691,Mobile,+855069450691
Smart-069-450692,Mobile,+855069450692
Smart-069-450693,Mobile,+855069450693
Smart-069-450694,Mobile,+855069450694
Smart-069-450695,Mobile,+855069450695
Smart-069-450696,Mobile,+855069450696
Smart-069-450697,Mobile,+855069450697
Smart-069-450698,Mobile,+855069450698
Smart-069-450699,Mobile,+855069450699
Smart-069-450700,Mobile,+855069450700
Smart-069-450701,Mobile,+855069450701
Smart-069-450702,Mobile,+855069450702
Smart-069-450703,Mobile,+855069450703
Smart-069-450704,Mobile,+855069450704
Smart-069-450705,Mobile,+855069450705
Smart-069-450706,Mobile,+855069450706
Smart-069-450707,Mobile,+855069450707
Smart-069-450708,Mobile,+855069450708
Smart-069-450709,Mobile,+855069450709
Smart-069-450710,Mobile,+855069450710
Smart-069-450711,Mobile,+855069450711
Smart-069-450712,Mobile,+855069450712
Smart-069-450713,Mobile,+855069450713
Smart-069-450714,Mobile,+855069450714
Smart-069-450715,Mobile,+855069450715
Smart-069-450716,Mobile,+855069450716
Smart-069-450717,Mobile,+855069450717
Smart-069-450718,Mobile,+855069450718
Smart-069-450719,Mobile,+855069450719
Smart-069-450720,Mobile,+855069450720
Smart-069-450721,Mobile,+855069450721
Smart-069-450722,Mobile,+855069450722
Smart-069-450723,Mobile,+855069450723
Smart-069-450724,Mobile,+855069450724
Smart-069-450725,Mobile,+855069450725
Smart-069-450726,Mobile,+855069450726
Smart-069-450727,Mobile,+855069450727
Smart-069-450728,Mobile,+855069450728
Smart-069-450729,Mobile,+855069450729
Smart-069-450730,Mobile,+855069450730
Smart-069-450731,Mobile,+855069450731
Smart-069-450732,Mobile,+855069450732
Smart-069-450733,Mobile,+855069450733
Smart-069-450734,Mobile,+855069450734
Smart-069-450735,Mobile,+855069450735
Smart-069-450736,Mobile,+855069450736
Smart-069-450737,Mobile,+855069450737
Smart-069-450738,Mobile,+855069450738
Smart-069-450739,Mobile,+855069450739
Smart-069-450740,Mobile,+855069450740
Smart-069-450741,Mobile,+855069450741
Smart-069-450742,Mobile,+855069450742
Smart-069-450743,Mobile,+855069450743
Smart-069-450744,Mobile,+855069450744
Smart-069-450745,Mobile,+855069450745
Smart-069-450746,Mobile,+855069450746
Smart-069-450747,Mobile,+855069450747
Smart-069-450748,Mobile,+855069450748
Smart-069-450749,Mobile,+855069450749
Smart-069-450750,Mobile,+855069450750
Smart-069-450751,Mobile,+855069450751
Smart-069-450752,Mobile,+855069450752
Smart-069-450753,Mobile,+855069450753
Smart-069-450754,Mobile,+855069450754
Smart-069-450755,Mobile,+855069450755
Smart-069-450756,Mobile,+855069450756
Smart-069-450757,Mobile,+855069450757
Smart-069-450758,Mobile,+855069450758
Smart-069-450759,Mobile,+855069450759
Smart-069-450760,Mobile,+855069450760
Smart-069-450761,Mobile,+855069450761
Smart-069-450762,Mobile,+855069450762
Smart-069-450763,Mobile,+855069450763
Smart-069-450764,Mobile,+855069450764
Smart-069-450765,Mobile,+855069450765
Smart-069-450766,Mobile,+855069450766
Smart-069-450767,Mobile,+855069450767
Smart-069-450768,Mobile,+855069450768
Smart-069-450769,Mobile,+855069450769
Smart-069-450770,Mobile,+855069450770
Smart-069-450771,Mobile,+855069450771
Smart-069-450772,Mobile,+855069450772
Smart-069-450773,Mobile,+855069450773
Smart-069-450774,Mobile,+855069450774
Smart-069-450775,Mobile,+855069450775
Smart-069-450776,Mobile,+855069450776
Smart-069-450777,Mobile,+855069450777
Smart-069-450778,Mobile,+855069450778
Smart-069-450779,Mobile,+855069450779
Smart-069-450780,Mobile,+855069450780
Smart-069-450781,Mobile,+855069450781
Smart-069-450782,Mobile,+855069450782
Smart-069-450783,Mobile,+855069450783
Smart-069-450784,Mobile,+855069450784
Smart-069-450785,Mobile,+855069450785
Smart-069-450786,Mobile,+855069450786
Smart-069-450787,Mobile,+855069450787
Smart-069-450788,Mobile,+855069450788
Smart-069-450789,Mobile,+855069450789
Smart-069-450790,Mobile,+855069450790
Smart-069-450791,Mobile,+855069450791
Smart-069-450792,Mobile,+855069450792
Smart-069-450793,Mobile,+855069450793
Smart-069-450794,Mobile,+855069450794
Smart-069-450795,Mobile,+855069450795
Smart-069-450796,Mobile,+855069450796
Smart-069-450797,Mobile,+855069450797
Smart-069-450798,Mobile,+855069450798
Smart-069-450799,Mobile,+855069450799
Smart-069-450800,Mobile,+855069450800
Smart-069-450801,Mobile,+855069450801
Smart-069-450802,Mobile,+855069450802
Smart-069-450803,Mobile,+855069450803
Smart-069-450804,Mobile,+855069450804
Smart-069-450805,Mobile,+855069450805
Smart-069-450806,Mobile,+855069450806
Smart-069-450807,Mobile,+855069450807
Smart-069-450808,Mobile,+855069450808
Smart-069-450809,Mobile,+855069450809
Smart-069-450810,Mobile,+855069450810
Smart-069-450811,Mobile,+855069450811
Smart-069-450812,Mobile,+855069450812
Smart-069-450813,Mobile,+855069450813
Smart-069-450814,Mobile,+855069450814
Smart-069-450815,Mobile,+855069450815
Smart-069-450816,Mobile,+855069450816
Smart-069-450817,Mobile,+855069450817
Smart-069-450818,Mobile,+855069450818
Smart-069-450819,Mobile,+855069450819
Smart-069-450820,Mobile,+855069450820
Smart-069-450821,Mobile,+855069450821
Smart-069-450822,Mobile,+855069450822
Smart-069-450823,Mobile,+855069450823
Smart-069-450824,Mobile,+855069450824
Smart-069-450825,Mobile,+855069450825
Smart-069-450826,Mobile,+855069450826
Smart-069-450827,Mobile,+855069450827
Smart-069-450828,Mobile,+855069450828
Smart-069-450829,Mobile,+855069450829
Smart-069-450830,Mobile,+855069450830
Smart-069-450831,Mobile,+855069450831
Smart-069-450832,Mobile,+855069450832
Smart-069-450833,Mobile,+855069450833
Smart-069-450834,Mobile,+855069450834
Smart-069-450835,Mobile,+855069450835
Smart-069-450836,Mobile,+855069450836
Smart-069-450837,Mobile,+855069450837
Smart-069-450838,Mobile,+855069450838
Smart-069-450839,Mobile,+855069450839
Smart-069-450840,Mobile,+855069450840
Smart-069-450841,Mobile,+855069450841
Smart-069-450842,Mobile,+855069450842
Smart-069-450843,Mobile,+855069450843
Smart-069-450844,Mobile,+855069450844
Smart-069-450845,Mobile,+855069450845
Smart-069-450846,Mobile,+855069450846
Smart-069-450847,Mobile,+855069450847
Smart-069-450848,Mobile,+855069450848
Smart-069-450849,Mobile,+855069450849
Smart-069-450850,Mobile,+855069450850
Smart-069-450851,Mobile,+855069450851
Smart-069-450852,Mobile,+855069450852
Smart-069-450853,Mobile,+855069450853
Smart-069-450854,Mobile,+855069450854
Smart-069-450855,Mobile,+855069450855
Smart-069-450856,Mobile,+855069450856
Smart-069-450857,Mobile,+855069450857
Smart-069-450858,Mobile,+855069450858
Smart-069-450859,Mobile,+855069450859
Smart-069-450860,Mobile,+855069450860
Smart-069-450861,Mobile,+855069450861
Smart-069-450862,Mobile,+855069450862
Smart-069-450863,Mobile,+855069450863
Smart-069-450864,Mobile,+855069450864
Smart-069-450865,Mobile,+855069450865
Smart-069-450866,Mobile,+855069450866
Smart-069-450867,Mobile,+855069450867
Smart-069-450868,Mobile,+855069450868
Smart-069-450869,Mobile,+855069450869
Smart-069-450870,Mobile,+855069450870
Smart-069-450871,Mobile,+855069450871
Smart-069-450872,Mobile,+855069450872
Smart-069-450873,Mobile,+855069450873
Smart-069-450874,Mobile,+855069450874
Smart-069-450875,Mobile,+855069450875
Smart-069-450876,Mobile,+855069450876
Smart-069-450877,Mobile,+855069450877
Smart-069-450878,Mobile,+855069450878
Smart-069-450879,Mobile,+855069450879
Smart-069-450880,Mobile,+855069450880
Smart-069-450881,Mobile,+855069450881
Smart-069-450882,Mobile,+855069450882
Smart-069-450883,Mobile,+855069450883
Smart-069-450884,Mobile,+855069450884
Smart-069-450885,Mobile,+855069450885
Smart-069-450886,Mobile,+855069450886
Smart-069-450887,Mobile,+855069450887
Smart-069-450888,Mobile,+855069450888
Smart-069-450889,Mobile,+855069450889
Smart-069-450890,Mobile,+855069450890
Smart-069-450891,Mobile,+855069450891
Smart-069-450892,Mobile,+855069450892
Smart-069-450893,Mobile,+855069450893
Smart-069-450894,Mobile,+855069450894
Smart-069-450895,Mobile,+855069450895
Smart-069-450896,Mobile,+855069450896
Smart-069-450897,Mobile,+855069450897
Smart-069-450898,Mobile,+855069450898
Smart-069-450899,Mobile,+855069450899
Smart-069-450900,Mobile,+855069450900
Smart-069-450901,Mobile,+855069450901
Smart-069-450902,Mobile,+855069450902
Smart-069-450903,Mobile,+855069450903
Smart-069-450904,Mobile,+855069450904
Smart-069-450905,Mobile,+855069450905
Smart-069-450906,Mobile,+855069450906
Smart-069-450907,Mobile,+855069450907
Smart-069-450908,Mobile,+855069450908
Smart-069-450909,Mobile,+855069450909
Smart-069-450910,Mobile,+855069450910
Smart-069-450911,Mobile,+855069450911
Smart-069-450912,Mobile,+855069450912
Smart-069-450913,Mobile,+855069450913
Smart-069-450914,Mobile,+855069450914
Smart-069-450915,Mobile,+855069450915
Smart-069-450916,Mobile,+855069450916
Smart-069-450917,Mobile,+855069450917
Smart-069-450918,Mobile,+855069450918
Smart-069-450919,Mobile,+855069450919
Smart-069-450920,Mobile,+855069450920
Smart-069-450921,Mobile,+855069450921
Smart-069-450922,Mobile,+855069450922
Smart-069-450923,Mobile,+855069450923
Smart-069-450924,Mobile,+855069450924
Smart-069-450925,Mobile,+855069450925
Smart-069-450926,Mobile,+855069450926
Smart-069-450927,Mobile,+855069450927
Smart-069-450928,Mobile,+855069450928
Smart-069-450929,Mobile,+855069450929
Smart-069-450930,Mobile,+855069450930
Smart-069-450931,Mobile,+855069450931
Smart-069-450932,Mobile,+855069450932
Smart-069-450933,Mobile,+855069450933
Smart-069-450934,Mobile,+855069450934
Smart-069-450935,Mobile,+855069450935
Smart-069-450936,Mobile,+855069450936
Smart-069-450937,Mobile,+855069450937
Smart-069-450938,Mobile,+855069450938
Smart-069-450939,Mobile,+855069450939
Smart-069-450940,Mobile,+855069450940
Smart-069-450941,Mobile,+855069450941
Smart-069-450942,Mobile,+855069450942
Smart-069-450943,Mobile,+855069450943
Smart-069-450944,Mobile,+855069450944
Smart-069-450945,Mobile,+855069450945
Smart-069-450946,Mobile,+855069450946
Smart-069-450947,Mobile,+855069450947
Smart-069-450948,Mobile,+855069450948
Smart-069-450949,Mobile,+855069450949
Smart-069-450950,Mobile,+855069450950
Smart-069-450951,Mobile,+855069450951
Smart-069-450952,Mobile,+855069450952
Smart-069-450953,Mobile,+855069450953
Smart-069-450954,Mobile,+855069450954
Smart-069-450955,Mobile,+855069450955
Smart-069-450956,Mobile,+855069450956
Smart-069-450957,Mobile,+855069450957
Smart-069-450958,Mobile,+855069450958
Smart-069-450959,Mobile,+855069450959
Smart-069-450960,Mobile,+855069450960
Smart-069-450961,Mobile,+855069450961
Smart-069-450962,Mobile,+855069450962
Smart-069-450963,Mobile,+855069450963
Smart-069-450964,Mobile,+855069450964
Smart-069-450965,Mobile,+855069450965
Smart-069-450966,Mobile,+855069450966
Smart-069-450967,Mobile,+855069450967
Smart-069-450968,Mobile,+855069450968
Smart-069-450969,Mobile,+855069450969
Smart-069-450970,Mobile,+855069450970
Smart-069-450971,Mobile,+855069450971
Smart-069-450972,Mobile,+855069450972
Smart-069-450973,Mobile,+855069450973
Smart-069-450974,Mobile,+855069450974
Smart-069-450975,Mobile,+855069450975
Smart-069-450976,Mobile,+855069450976
Smart-069-450977,Mobile,+855069450977
Smart-069-450978,Mobile,+855069450978
Smart-069-450979,Mobile,+855069450979
Smart-069-450980,Mobile,+855069450980
Smart-069-450981,Mobile,+855069450981
Smart-069-450982,Mobile,+855069450982
Smart-069-450983,Mobile,+855069450983
Smart-069-450984,Mobile,+855069450984
Smart-069-450985,Mobile,+855069450985
Smart-069-450986,Mobile,+855069450986
Smart-069-450987,Mobile,+855069450987
Smart-069-450988,Mobile,+855069450988
Smart-069-450989,Mobile,+855069450989
Smart-069-450990,Mobile,+855069450990
Smart-069-450991,Mobile,+855069450991
Smart-069-450992,Mobile,+855069450992
Smart-069-450993,Mobile,+855069450993
Smart-069-450994,Mobile,+855069450994
Smart-069-450995,Mobile,+855069450995
Smart-069-450996,Mobile,+855069450996
Smart-069-450997,Mobile,+855069450997
Smart-069-450998,Mobile,+855069450998
Smart-069-450999,Mobile,+855069450999
Smart-069-451000,Mobile,+855069451000
Smart-069-451001,Mobile,+855069451001
Smart-069-451002,Mobile,+855069451002
Smart-069-451003,Mobile,+855069451003
Smart-069-451004,Mobile,+855069451004
Smart-069-451005,Mobile,+855069451005
Smart-069-451006,Mobile,+855069451006
Smart-069-451007,Mobile,+855069451007
Smart-069-451008,Mobile,+855069451008
Smart-069-451009,Mobile,+855069451009
Smart-069-451010,Mobile,+855069451010
Smart-069-451011,Mobile,+855069451011
Smart-069-451012,Mobile,+855069451012
Smart-069-451013,Mobile,+855069451013
Smart-069-451014,Mobile,+855069451014
Smart-069-451015,Mobile,+855069451015
Smart-069-451016,Mobile,+855069451016
Smart-069-451017,Mobile,+855069451017
Smart-069-451018,Mobile,+855069451018
Smart-069-451019,Mobile,+855069451019
Smart-069-451020,Mobile,+855069451020
Smart-069-451021,Mobile,+855069451021
Smart-069-451022,Mobile,+855069451022
Smart-069-451023,Mobile,+855069451023
Smart-069-451024,Mobile,+855069451024
Smart-069-451025,Mobile,+855069451025
Smart-069-451026,Mobile,+855069451026
Smart-069-451027,Mobile,+855069451027
Smart-069-451028,Mobile,+855069451028
Smart-069-451029,Mobile,+855069451029
Smart-069-451030,Mobile,+855069451030
Smart-069-451031,Mobile,+855069451031
Smart-069-451032,Mobile,+855069451032
Smart-069-451033,Mobile,+855069451033
Smart-069-451034,Mobile,+855069451034
Smart-069-451035,Mobile,+855069451035
Smart-069-451036,Mobile,+855069451036
Smart-069-451037,Mobile,+855069451037
Smart-069-451038,Mobile,+855069451038
Smart-069-451039,Mobile,+855069451039
Smart-069-451040,Mobile,+855069451040
Smart-069-451041,Mobile,+855069451041
Smart-069-451042,Mobile,+855069451042
Smart-069-451043,Mobile,+855069451043
Smart-069-451044,Mobile,+855069451044
Smart-069-451045,Mobile,+855069451045
Smart-069-451046,Mobile,+855069451046
Smart-069-451047,Mobile,+855069451047
Smart-069-451048,Mobile,+855069451048
Smart-069-451049,Mobile,+855069451049
Smart-069-451050,Mobile,+855069451050
Smart-069-451051,Mobile,+855069451051
Smart-069-451052,Mobile,+855069451052
Smart-069-451053,Mobile,+855069451053
Smart-069-451054,Mobile,+855069451054
Smart-069-451055,Mobile,+855069451055
Smart-069-451056,Mobile,+855069451056
Smart-069-451057,Mobile,+855069451057
Smart-069-451058,Mobile,+855069451058
Smart-069-451059,Mobile,+855069451059
Smart-069-451060,Mobile,+855069451060
Smart-069-451061,Mobile,+855069451061
Smart-069-451062,Mobile,+855069451062
Smart-069-451063,Mobile,+855069451063
Smart-069-451064,Mobile,+855069451064
Smart-069-451065,Mobile,+855069451065
Smart-069-451066,Mobile,+855069451066
Smart-069-451067,Mobile,+855069451067
Smart-069-451068,Mobile,+855069451068
Smart-069-451069,Mobile,+855069451069
Smart-069-451070,Mobile,+855069451070
Smart-069-451071,Mobile,+855069451071
Smart-069-451072,Mobile,+855069451072
Smart-069-451073,Mobile,+855069451073
Smart-069-451074,Mobile,+855069451074
Smart-069-451075,Mobile,+855069451075
Smart-069-451076,Mobile,+855069451076
Smart-069-451077,Mobile,+855069451077
Smart-069-451078,Mobile,+855069451078
Smart-069-451079,Mobile,+855069451079
Smart-069-451080,Mobile,+855069451080
Smart-069-451081,Mobile,+855069451081
Smart-069-451082,Mobile,+855069451082
Smart-069-451083,Mobile,+855069451083
Smart-069-451084,Mobile,+855069451084
Smart-069-451085,Mobile,+855069451085
Smart-069-451086,Mobile,+855069451086
Smart-069-451087,Mobile,+855069451087
Smart-069-451088,Mobile,+855069451088
Smart-069-451089,Mobile,+855069451089
Smart-069-451090,Mobile,+855069451090
Smart-069-451091,Mobile,+855069451091
Smart-069-451092,Mobile,+855069451092
Smart-069-451093,Mobile,+855069451093
Smart-069-451094,Mobile,+855069451094
Smart-069-451095,Mobile,+855069451095
Smart-069-451096,Mobile,+855069451096
Smart-069-451097,Mobile,+855069451097
Smart-069-451098,Mobile,+855069451098
Smart-069-451099,Mobile,+855069451099
Smart-069-451100,Mobile,+855069451100
Smart-069-451101,Mobile,+855069451101
Smart-069-451102,Mobile,+855069451102
Smart-069-451103,Mobile,+855069451103
Smart-069-451104,Mobile,+855069451104
Smart-069-451105,Mobile,+855069451105
Smart-069-451106,Mobile,+855069451106
Smart-069-451107,Mobile,+855069451107
Smart-069-451108,Mobile,+855069451108
Smart-069-451109,Mobile,+855069451109
Smart-069-451110,Mobile,+855069451110
Smart-069-451111,Mobile,+855069451111
Smart-069-451112,Mobile,+855069451112
Smart-069-451113,Mobile,+855069451113
Smart-069-451114,Mobile,+855069451114
Smart-069-451115,Mobile,+855069451115
Smart-069-451116,Mobile,+855069451116
Smart-069-451117,Mobile,+855069451117
Smart-069-451118,Mobile,+855069451118
Smart-069-451119,Mobile,+855069451119
Smart-069-451120,Mobile,+855069451120
Smart-069-451121,Mobile,+855069451121
Smart-069-451122,Mobile,+855069451122
Smart-069-451123,Mobile,+855069451123
Smart-069-451124,Mobile,+855069451124
Smart-069-451125,Mobile,+855069451125
Smart-069-451126,Mobile,+855069451126
Smart-069-451127,Mobile,+855069451127
Smart-069-451128,Mobile,+855069451128
Smart-069-451129,Mobile,+855069451129
Smart-069-451130,Mobile,+855069451130
Smart-069-451131,Mobile,+855069451131
Smart-069-451132,Mobile,+855069451132
Smart-069-451133,Mobile,+855069451133
Smart-069-451134,Mobile,+855069451134
Smart-069-451135,Mobile,+855069451135
Smart-069-451136,Mobile,+855069451136
Smart-069-451137,Mobile,+855069451137
Smart-069-451138,Mobile,+855069451138
Smart-069-451139,Mobile,+855069451139
Smart-069-451140,Mobile,+855069451140
Smart-069-451141,Mobile,+855069451141
Smart-069-451142,Mobile,+855069451142
Smart-069-451143,Mobile,+855069451143
Smart-069-451144,Mobile,+855069451144
Smart-069-451145,Mobile,+855069451145
Smart-069-451146,Mobile,+855069451146
Smart-069-451147,Mobile,+855069451147
Smart-069-451148,Mobile,+855069451148
Smart-069-451149,Mobile,+855069451149
Smart-069-451150,Mobile,+855069451150
Smart-069-451151,Mobile,+855069451151
Smart-069-451152,Mobile,+855069451152
Smart-069-451153,Mobile,+855069451153
Smart-069-451154,Mobile,+855069451154
Smart-069-451155,Mobile,+855069451155
Smart-069-451156,Mobile,+855069451156
Smart-069-451157,Mobile,+855069451157
Smart-069-451158,Mobile,+855069451158
Smart-069-451159,Mobile,+855069451159
Smart-069-451160,Mobile,+855069451160
Smart-069-451161,Mobile,+855069451161
Smart-069-451162,Mobile,+855069451162
Smart-069-451163,Mobile,+855069451163
Smart-069-451164,Mobile,+855069451164
Smart-069-451165,Mobile,+855069451165
Smart-069-451166,Mobile,+855069451166
Smart-069-451167,Mobile,+855069451167
Smart-069-451168,Mobile,+855069451168
Smart-069-451169,Mobile,+855069451169
Smart-069-451170,Mobile,+855069451170
Smart-069-451171,Mobile,+855069451171
Smart-069-451172,Mobile,+855069451172
Smart-069-451173,Mobile,+855069451173
Smart-069-451174,Mobile,+855069451174
Smart-069-451175,Mobile,+855069451175
Smart-069-451176,Mobile,+855069451176
Smart-069-451177,Mobile,+855069451177
Smart-069-451178,Mobile,+855069451178
Smart-069-451179,Mobile,+855069451179
Smart-069-451180,Mobile,+855069451180
Smart-069-451181,Mobile,+855069451181
Smart-069-451182,Mobile,+855069451182
Smart-069-451183,Mobile,+855069451183
Smart-069-451184,Mobile,+855069451184
Smart-069-451185,Mobile,+855069451185
Smart-069-451186,Mobile,+855069451186
Smart-069-451187,Mobile,+855069451187
Smart-069-451188,Mobile,+855069451188
Smart-069-451189,Mobile,+855069451189
Smart-069-451190,Mobile,+855069451190
Smart-069-451191,Mobile,+855069451191
Smart-069-451192,Mobile,+855069451192
Smart-069-451193,Mobile,+855069451193
Smart-069-451194,Mobile,+855069451194
Smart-069-451195,Mobile,+855069451195
Smart-069-451196,Mobile,+855069451196
Smart-069-451197,Mobile,+855069451197
Smart-069-451198,Mobile,+855069451198
Smart-069-451199,Mobile,+855069451199
Smart-069-451200,Mobile,+855069451200
Smart-069-451201,Mobile,+855069451201
Smart-069-451202,Mobile,+855069451202
Smart-069-451203,Mobile,+855069451203
Smart-069-451204,Mobile,+855069451204
Smart-069-451205,Mobile,+855069451205
Smart-069-451206,Mobile,+855069451206
Smart-069-451207,Mobile,+855069451207
Smart-069-451208,Mobile,+855069451208
Smart-069-451209,Mobile,+855069451209
Smart-069-451210,Mobile,+855069451210
Smart-069-451211,Mobile,+855069451211
Smart-069-451212,Mobile,+855069451212
Smart-069-451213,Mobile,+855069451213
Smart-069-451214,Mobile,+855069451214
Smart-069-451215,Mobile,+855069451215
Smart-069-451216,Mobile,+855069451216
Smart-069-451217,Mobile,+855069451217
Smart-069-451218,Mobile,+855069451218
Smart-069-451219,Mobile,+855069451219
Smart-069-451220,Mobile,+855069451220
Smart-069-451221,Mobile,+855069451221
Smart-069-451222,Mobile,+855069451222
Smart-069-451223,Mobile,+855069451223
Smart-069-451224,Mobile,+855069451224
Smart-069-451225,Mobile,+855069451225
Smart-069-451226,Mobile,+855069451226
Smart-069-451227,Mobile,+855069451227
Smart-069-451228,Mobile,+855069451228
Smart-069-451229,Mobile,+855069451229
Smart-069-451230,Mobile,+855069451230
Smart-069-451231,Mobile,+855069451231
Smart-069-451232,Mobile,+855069451232
Smart-069-451233,Mobile,+855069451233
Smart-069-451234,Mobile,+855069451234
Smart-069-451235,Mobile,+855069451235
Smart-069-451236,Mobile,+855069451236
Smart-069-451237,Mobile,+855069451237
Smart-069-451238,Mobile,+855069451238
Smart-069-451239,Mobile,+855069451239
Smart-069-451240,Mobile,+855069451240
Smart-069-451241,Mobile,+855069451241
Smart-069-451242,Mobile,+855069451242
Smart-069-451243,Mobile,+855069451243
Smart-069-451244,Mobile,+855069451244
Smart-069-451245,Mobile,+855069451245
Smart-069-451246,Mobile,+855069451246
Smart-069-451247,Mobile,+855069451247
Smart-069-451248,Mobile,+855069451248
Smart-069-451249,Mobile,+855069451249
Smart-069-451250,Mobile,+855069451250
Smart-069-451251,Mobile,+855069451251
Smart-069-451252,Mobile,+855069451252
Smart-069-451253,Mobile,+855069451253
Smart-069-451254,Mobile,+855069451254
Smart-069-451255,Mobile,+855069451255
Smart-069-451256,Mobile,+855069451256
Smart-069-451257,Mobile,+855069451257
Smart-069-451258,Mobile,+855069451258
Smart-069-451259,Mobile,+855069451259
Smart-069-451260,Mobile,+855069451260
Smart-069-451261,Mobile,+855069451261
Smart-069-451262,Mobile,+855069451262
Smart-069-451263,Mobile,+855069451263
Smart-069-451264,Mobile,+855069451264
Smart-069-451265,Mobile,+855069451265
Smart-069-451266,Mobile,+855069451266
Smart-069-451267,Mobile,+855069451267
Smart-069-451268,Mobile,+855069451268
Smart-069-451269,Mobile,+855069451269
Smart-069-451270,Mobile,+855069451270
Smart-069-451271,Mobile,+855069451271
Smart-069-451272,Mobile,+855069451272
Smart-069-451273,Mobile,+855069451273
Smart-069-451274,Mobile,+855069451274
Smart-069-451275,Mobile,+855069451275
Smart-069-451276,Mobile,+855069451276
Smart-069-451277,Mobile,+855069451277
Smart-069-451278,Mobile,+855069451278
Smart-069-451279,Mobile,+855069451279
Smart-069-451280,Mobile,+855069451280
Smart-069-451281,Mobile,+855069451281
Smart-069-451282,Mobile,+855069451282
Smart-069-451283,Mobile,+855069451283
Smart-069-451284,Mobile,+855069451284
Smart-069-451285,Mobile,+855069451285
Smart-069-451286,Mobile,+855069451286
Smart-069-451287,Mobile,+855069451287
Smart-069-451288,Mobile,+855069451288
Smart-069-451289,Mobile,+855069451289
Smart-069-451290,Mobile,+855069451290
Smart-069-451291,Mobile,+855069451291
Smart-069-451292,Mobile,+855069451292
Smart-069-451293,Mobile,+855069451293
Smart-069-451294,Mobile,+855069451294
Smart-069-451295,Mobile,+855069451295
Smart-069-451296,Mobile,+855069451296
Smart-069-451297,Mobile,+855069451297
Smart-069-451298,Mobile,+855069451298
Smart-069-451299,Mobile,+855069451299
Smart-069-451300,Mobile,+855069451300
Smart-069-451301,Mobile,+855069451301
Smart-069-451302,Mobile,+855069451302
Smart-069-451303,Mobile,+855069451303
Smart-069-451304,Mobile,+855069451304
Smart-069-451305,Mobile,+855069451305
Smart-069-451306,Mobile,+855069451306
Smart-069-451307,Mobile,+855069451307
Smart-069-451308,Mobile,+855069451308
Smart-069-451309,Mobile,+855069451309
Smart-069-451310,Mobile,+855069451310
Smart-069-451311,Mobile,+855069451311
Smart-069-451312,Mobile,+855069451312
Smart-069-451313,Mobile,+855069451313
Smart-069-451314,Mobile,+855069451314
Smart-069-451315,Mobile,+855069451315
Smart-069-451316,Mobile,+855069451316
Smart-069-451317,Mobile,+855069451317
Smart-069-451318,Mobile,+855069451318
Smart-069-451319,Mobile,+855069451319
Smart-069-451320,Mobile,+855069451320
Smart-069-451321,Mobile,+855069451321
Smart-069-451322,Mobile,+855069451322
Smart-069-451323,Mobile,+855069451323
Smart-069-451324,Mobile,+855069451324
Smart-069-451325,Mobile,+855069451325
Smart-069-451326,Mobile,+855069451326
Smart-069-451327,Mobile,+855069451327
Smart-069-451328,Mobile,+855069451328
Smart-069-451329,Mobile,+855069451329
Smart-069-451330,Mobile,+855069451330
Smart-069-451331,Mobile,+855069451331
Smart-069-451332,Mobile,+855069451332
Smart-069-451333,Mobile,+855069451333
Smart-069-451334,Mobile,+855069451334
Smart-069-451335,Mobile,+855069451335
Smart-069-451336,Mobile,+855069451336
Smart-069-451337,Mobile,+855069451337
Smart-069-451338,Mobile,+855069451338
Smart-069-451339,Mobile,+855069451339
Smart-069-451340,Mobile,+855069451340
Smart-069-451341,Mobile,+855069451341
Smart-069-451342,Mobile,+855069451342
Smart-069-451343,Mobile,+855069451343
Smart-069-451344,Mobile,+855069451344
Smart-069-451345,Mobile,+855069451345
Smart-069-451346,Mobile,+855069451346
Smart-069-451347,Mobile,+855069451347
Smart-069-451348,Mobile,+855069451348
Smart-069-451349,Mobile,+855069451349
Smart-069-451350,Mobile,+855069451350
Smart-069-451351,Mobile,+855069451351
Smart-069-451352,Mobile,+855069451352
Smart-069-451353,Mobile,+855069451353
Smart-069-451354,Mobile,+855069451354
Smart-069-451355,Mobile,+855069451355
Smart-069-451356,Mobile,+855069451356
Smart-069-451357,Mobile,+855069451357
Smart-069-451358,Mobile,+855069451358
Smart-069-451359,Mobile,+855069451359
Smart-069-451360,Mobile,+855069451360
Smart-069-451361,Mobile,+855069451361
Smart-069-451362,Mobile,+855069451362
Smart-069-451363,Mobile,+855069451363
Smart-069-451364,Mobile,+855069451364
Smart-069-451365,Mobile,+855069451365
Smart-069-451366,Mobile,+855069451366
Smart-069-451367,Mobile,+855069451367
Smart-069-451368,Mobile,+855069451368
Smart-069-451369,Mobile,+855069451369
Smart-069-451370,Mobile,+855069451370
Smart-069-451371,Mobile,+855069451371
Smart-069-451372,Mobile,+855069451372
Smart-069-451373,Mobile,+855069451373
Smart-069-451374,Mobile,+855069451374
Smart-069-451375,Mobile,+855069451375
Smart-069-451376,Mobile,+855069451376
Smart-069-451377,Mobile,+855069451377
Smart-069-451378,Mobile,+855069451378
Smart-069-451379,Mobile,+855069451379
Smart-069-451380,Mobile,+855069451380
Smart-069-451381,Mobile,+855069451381
Smart-069-451382,Mobile,+855069451382
Smart-069-451383,Mobile,+855069451383
Smart-069-451384,Mobile,+855069451384
Smart-069-451385,Mobile,+855069451385
Smart-069-451386,Mobile,+855069451386
Smart-069-451387,Mobile,+855069451387
Smart-069-451388,Mobile,+855069451388
Smart-069-451389,Mobile,+855069451389
Smart-069-451390,Mobile,+855069451390
Smart-069-451391,Mobile,+855069451391
Smart-069-451392,Mobile,+855069451392
Smart-069-451393,Mobile,+855069451393
Smart-069-451394,Mobile,+855069451394
Smart-069-451395,Mobile,+855069451395
Smart-069-451396,Mobile,+855069451396
Smart-069-451397,Mobile,+855069451397
Smart-069-451398,Mobile,+855069451398
Smart-069-451399,Mobile,+855069451399
Smart-069-451400,Mobile,+855069451400
Smart-069-451401,Mobile,+855069451401
Smart-069-451402,Mobile,+855069451402
Smart-069-451403,Mobile,+855069451403
Smart-069-451404,Mobile,+855069451404
Smart-069-451405,Mobile,+855069451405
Smart-069-451406,Mobile,+855069451406
Smart-069-451407,Mobile,+855069451407
Smart-069-451408,Mobile,+855069451408
Smart-069-451409,Mobile,+855069451409
Smart-069-451410,Mobile,+855069451410
Smart-069-451411,Mobile,+855069451411
Smart-069-451412,Mobile,+855069451412
Smart-069-451413,Mobile,+855069451413
Smart-069-451414,Mobile,+855069451414
Smart-069-451415,Mobile,+855069451415
Smart-069-451416,Mobile,+855069451416
Smart-069-451417,Mobile,+855069451417
Smart-069-451418,Mobile,+855069451418
Smart-069-451419,Mobile,+855069451419
Smart-069-451420,Mobile,+855069451420
Smart-069-451421,Mobile,+855069451421
Smart-069-451422,Mobile,+855069451422
Smart-069-451423,Mobile,+855069451423
Smart-069-451424,Mobile,+855069451424
Smart-069-451425,Mobile,+855069451425
Smart-069-451426,Mobile,+855069451426
Smart-069-451427,Mobile,+855069451427
Smart-069-451428,Mobile,+855069451428
Smart-069-451429,Mobile,+855069451429
Smart-069-451430,Mobile,+855069451430
Smart-069-451431,Mobile,+855069451431
Smart-069-451432,Mobile,+855069451432
Smart-069-451433,Mobile,+855069451433
Smart-069-451434,Mobile,+855069451434
Smart-069-451435,Mobile,+855069451435
Smart-069-451436,Mobile,+855069451436
Smart-069-451437,Mobile,+855069451437
Smart-069-451438,Mobile,+855069451438
Smart-069-451439,Mobile,+855069451439
Smart-069-451440,Mobile,+855069451440
Smart-069-451441,Mobile,+855069451441
Smart-069-451442,Mobile,+855069451442
Smart-069-451443,Mobile,+855069451443
Smart-069-451444,Mobile,+855069451444
Smart-069-451445,Mobile,+855069451445
Smart-069-451446,Mobile,+855069451446
Smart-069-451447,Mobile,+855069451447
Smart-069-451448,Mobile,+855069451448
Smart-069-451449,Mobile,+855069451449
Smart-069-451450,Mobile,+855069451450
Smart-069-451451,Mobile,+855069451451
Smart-069-451452,Mobile,+855069451452
Smart-069-451453,Mobile,+855069451453
Smart-069-451454,Mobile,+855069451454
Smart-069-451455,Mobile,+855069451455
Smart-069-451456,Mobile,+855069451456
Smart-069-451457,Mobile,+855069451457
Smart-069-451458,Mobile,+855069451458
Smart-069-451459,Mobile,+855069451459
Smart-069-451460,Mobile,+855069451460
Smart-069-451461,Mobile,+855069451461
Smart-069-451462,Mobile,+855069451462
Smart-069-451463,Mobile,+855069451463
Smart-069-451464,Mobile,+855069451464
Smart-069-451465,Mobile,+855069451465
Smart-069-451466,Mobile,+855069451466
Smart-069-451467,Mobile,+855069451467
Smart-069-451468,Mobile,+855069451468
Smart-069-451469,Mobile,+855069451469
Smart-069-451470,Mobile,+855069451470
Smart-069-451471,Mobile,+855069451471
Smart-069-451472,Mobile,+855069451472
Smart-069-451473,Mobile,+855069451473
Smart-069-451474,Mobile,+855069451474
Smart-069-451475,Mobile,+855069451475
Smart-069-451476,Mobile,+855069451476
Smart-069-451477,Mobile,+855069451477
Smart-069-451478,Mobile,+855069451478
Smart-069-451479,Mobile,+855069451479
Smart-069-451480,Mobile,+855069451480
Smart-069-451481,Mobile,+855069451481
Smart-069-451482,Mobile,+855069451482
Smart-069-451483,Mobile,+855069451483
Smart-069-451484,Mobile,+855069451484
Smart-069-451485,Mobile,+855069451485
Smart-069-451486,Mobile,+855069451486
Smart-069-451487,Mobile,+855069451487
Smart-069-451488,Mobile,+855069451488
Smart-069-451489,Mobile,+855069451489
Smart-069-451490,Mobile,+855069451490
Smart-069-451491,Mobile,+855069451491
Smart-069-451492,Mobile,+855069451492
Smart-069-451493,Mobile,+855069451493
Smart-069-451494,Mobile,+855069451494
Smart-069-451495,Mobile,+855069451495
Smart-069-451496,Mobile,+855069451496
Smart-069-451497,Mobile,+855069451497
Smart-069-451498,Mobile,+855069451498
Smart-069-451499,Mobile,+855069451499
Smart-069-451500,Mobile,+855069451500
Smart-069-451501,Mobile,+855069451501
Smart-069-451502,Mobile,+855069451502
Smart-069-451503,Mobile,+855069451503
Smart-069-451504,Mobile,+855069451504
Smart-069-451505,Mobile,+855069451505
Smart-069-451506,Mobile,+855069451506
Smart-069-451507,Mobile,+855069451507
Smart-069-451508,Mobile,+855069451508
Smart-069-451509,Mobile,+855069451509
Smart-069-451510,Mobile,+855069451510
Smart-069-451511,Mobile,+855069451511
Smart-069-451512,Mobile,+855069451512
Smart-069-451513,Mobile,+855069451513
Smart-069-451514,Mobile,+855069451514
Smart-069-451515,Mobile,+855069451515
Smart-069-451516,Mobile,+855069451516
Smart-069-451517,Mobile,+855069451517
Smart-069-451518,Mobile,+855069451518
Smart-069-451519,Mobile,+855069451519
Smart-069-451520,Mobile,+855069451520
Smart-069-451521,Mobile,+855069451521
Smart-069-451522,Mobile,+855069451522
Smart-069-451523,Mobile,+855069451523
Smart-069-451524,Mobile,+855069451524
Smart-069-451525,Mobile,+855069451525
Smart-069-451526,Mobile,+855069451526
Smart-069-451527,Mobile,+855069451527
Smart-069-451528,Mobile,+855069451528
Smart-069-451529,Mobile,+855069451529
Smart-069-451530,Mobile,+855069451530
Smart-069-451531,Mobile,+855069451531
Smart-069-451532,Mobile,+855069451532
Smart-069-451533,Mobile,+855069451533
Smart-069-451534,Mobile,+855069451534
Smart-069-451535,Mobile,+855069451535
Smart-069-451536,Mobile,+855069451536
Smart-069-451537,Mobile,+855069451537
Smart-069-451538,Mobile,+855069451538
Smart-069-451539,Mobile,+855069451539
Smart-069-451540,Mobile,+855069451540
Smart-069-451541,Mobile,+855069451541
Smart-069-451542,Mobile,+855069451542
Smart-069-451543,Mobile,+855069451543
Smart-069-451544,Mobile,+855069451544
Smart-069-451545,Mobile,+855069451545
Smart-069-451546,Mobile,+855069451546
Smart-069-451547,Mobile,+855069451547
Smart-069-451548,Mobile,+855069451548
Smart-069-451549,Mobile,+855069451549
Smart-069-451550,Mobile,+855069451550
Smart-069-451551,Mobile,+855069451551
Smart-069-451552,Mobile,+855069451552
Smart-069-451553,Mobile,+855069451553
Smart-069-451554,Mobile,+855069451554
Smart-069-451555,Mobile,+855069451555
Smart-069-451556,Mobile,+855069451556
Smart-069-451557,Mobile,+855069451557
Smart-069-451558,Mobile,+855069451558
Smart-069-451559,Mobile,+855069451559
Smart-069-451560,Mobile,+855069451560
Smart-069-451561,Mobile,+855069451561
Smart-069-451562,Mobile,+855069451562
Smart-069-451563,Mobile,+855069451563
Smart-069-451564,Mobile,+855069451564
Smart-069-451565,Mobile,+855069451565
Smart-069-451566,Mobile,+855069451566
Smart-069-451567,Mobile,+855069451567
Smart-069-451568,Mobile,+855069451568
Smart-069-451569,Mobile,+855069451569
Smart-069-451570,Mobile,+855069451570
Smart-069-451571,Mobile,+855069451571
Smart-069-451572,Mobile,+855069451572
Smart-069-451573,Mobile,+855069451573
Smart-069-451574,Mobile,+855069451574
Smart-069-451575,Mobile,+855069451575
Smart-069-451576,Mobile,+855069451576
Smart-069-451577,Mobile,+855069451577
Smart-069-451578,Mobile,+855069451578
Smart-069-451579,Mobile,+855069451579
Smart-069-451580,Mobile,+855069451580
Smart-069-451581,Mobile,+855069451581
Smart-069-451582,Mobile,+855069451582
Smart-069-451583,Mobile,+855069451583
Smart-069-451584,Mobile,+855069451584
Smart-069-451585,Mobile,+855069451585
Smart-069-451586,Mobile,+855069451586
Smart-069-451587,Mobile,+855069451587
Smart-069-451588,Mobile,+855069451588
Smart-069-451589,Mobile,+855069451589
Smart-069-451590,Mobile,+855069451590
Smart-069-451591,Mobile,+855069451591
Smart-069-451592,Mobile,+855069451592
Smart-069-451593,Mobile,+855069451593
Smart-069-451594,Mobile,+855069451594
Smart-069-451595,Mobile,+855069451595
Smart-069-451596,Mobile,+855069451596
Smart-069-451597,Mobile,+855069451597
Smart-069-451598,Mobile,+855069451598
Smart-069-451599,Mobile,+855069451599
Smart-069-451600,Mobile,+855069451600
Smart-069-451601,Mobile,+855069451601
Smart-069-451602,Mobile,+855069451602
Smart-069-451603,Mobile,+855069451603
Smart-069-451604,Mobile,+855069451604
Smart-069-451605,Mobile,+855069451605
Smart-069-451606,Mobile,+855069451606
Smart-069-451607,Mobile,+855069451607
Smart-069-451608,Mobile,+855069451608
Smart-069-451609,Mobile,+855069451609
Smart-069-451610,Mobile,+855069451610
Smart-069-451611,Mobile,+855069451611
Smart-069-451612,Mobile,+855069451612
Smart-069-451613,Mobile,+855069451613
Smart-069-451614,Mobile,+855069451614
Smart-069-451615,Mobile,+855069451615
Smart-069-451616,Mobile,+855069451616
Smart-069-451617,Mobile,+855069451617
Smart-069-451618,Mobile,+855069451618
Smart-069-451619,Mobile,+855069451619
Smart-069-451620,Mobile,+855069451620
Smart-069-451621,Mobile,+855069451621
Smart-069-451622,Mobile,+855069451622
Smart-069-451623,Mobile,+855069451623
Smart-069-451624,Mobile,+855069451624
Smart-069-451625,Mobile,+855069451625
Smart-069-451626,Mobile,+855069451626
Smart-069-451627,Mobile,+855069451627
Smart-069-451628,Mobile,+855069451628
Smart-069-451629,Mobile,+855069451629
Smart-069-451630,Mobile,+855069451630
Smart-069-451631,Mobile,+855069451631
Smart-069-451632,Mobile,+855069451632
Smart-069-451633,Mobile,+855069451633
Smart-069-451634,Mobile,+855069451634
Smart-069-451635,Mobile,+855069451635
Smart-069-451636,Mobile,+855069451636
Smart-069-451637,Mobile,+855069451637
Smart-069-451638,Mobile,+855069451638
Smart-069-451639,Mobile,+855069451639
Smart-069-451640,Mobile,+855069451640
Smart-069-451641,Mobile,+855069451641
Smart-069-451642,Mobile,+855069451642
Smart-069-451643,Mobile,+855069451643
Smart-069-451644,Mobile,+855069451644
Smart-069-451645,Mobile,+855069451645
Smart-069-451646,Mobile,+855069451646
Smart-069-451647,Mobile,+855069451647
Smart-069-451648,Mobile,+855069451648
Smart-069-451649,Mobile,+855069451649
Smart-069-451650,Mobile,+855069451650
Smart-069-451651,Mobile,+855069451651
Smart-069-451652,Mobile,+855069451652
Smart-069-451653,Mobile,+855069451653
Smart-069-451654,Mobile,+855069451654
Smart-069-451655,Mobile,+855069451655
Smart-069-451656,Mobile,+855069451656
Smart-069-451657,Mobile,+855069451657
Smart-069-451658,Mobile,+855069451658
Smart-069-451659,Mobile,+855069451659
Smart-069-451660,Mobile,+855069451660
Smart-069-451661,Mobile,+855069451661
Smart-069-451662,Mobile,+855069451662
Smart-069-451663,Mobile,+855069451663
Smart-069-451664,Mobile,+855069451664
Smart-069-451665,Mobile,+855069451665
Smart-069-451666,Mobile,+855069451666
Smart-069-451667,Mobile,+855069451667
Smart-069-451668,Mobile,+855069451668
Smart-069-451669,Mobile,+855069451669
Smart-069-451670,Mobile,+855069451670
Smart-069-451671,Mobile,+855069451671
Smart-069-451672,Mobile,+855069451672
Smart-069-451673,Mobile,+855069451673
Smart-069-451674,Mobile,+855069451674
Smart-069-451675,Mobile,+855069451675
Smart-069-451676,Mobile,+855069451676
Smart-069-451677,Mobile,+855069451677
Smart-069-451678,Mobile,+855069451678
Smart-069-451679,Mobile,+855069451679
Smart-069-451680,Mobile,+855069451680
Smart-069-451681,Mobile,+855069451681
Smart-069-451682,Mobile,+855069451682
Smart-069-451683,Mobile,+855069451683
Smart-069-451684,Mobile,+855069451684
Smart-069-451685,Mobile,+855069451685
Smart-069-451686,Mobile,+855069451686
Smart-069-451687,Mobile,+855069451687
Smart-069-451688,Mobile,+855069451688
Smart-069-451689,Mobile,+855069451689
Smart-069-451690,Mobile,+855069451690
Smart-069-451691,Mobile,+855069451691
Smart-069-451692,Mobile,+855069451692
Smart-069-451693,Mobile,+855069451693
Smart-069-451694,Mobile,+855069451694
Smart-069-451695,Mobile,+855069451695
Smart-069-451696,Mobile,+855069451696
Smart-069-451697,Mobile,+855069451697
Smart-069-451698,Mobile,+855069451698
Smart-069-451699,Mobile,+855069451699
Smart-069-451700,Mobile,+855069451700
Smart-069-451701,Mobile,+855069451701
Smart-069-451702,Mobile,+855069451702
Smart-069-451703,Mobile,+855069451703
Smart-069-451704,Mobile,+855069451704
Smart-069-451705,Mobile,+855069451705
Smart-069-451706,Mobile,+855069451706
Smart-069-451707,Mobile,+855069451707
Smart-069-451708,Mobile,+855069451708
Smart-069-451709,Mobile,+855069451709
Smart-069-451710,Mobile,+855069451710
Smart-069-451711,Mobile,+855069451711
Smart-069-451712,Mobile,+855069451712
Smart-069-451713,Mobile,+855069451713
Smart-069-451714,Mobile,+855069451714
Smart-069-451715,Mobile,+855069451715
Smart-069-451716,Mobile,+855069451716
Smart-069-451717,Mobile,+855069451717
Smart-069-451718,Mobile,+855069451718
Smart-069-451719,Mobile,+855069451719
Smart-069-451720,Mobile,+855069451720
Smart-069-451721,Mobile,+855069451721
Smart-069-451722,Mobile,+855069451722
Smart-069-451723,Mobile,+855069451723
Smart-069-451724,Mobile,+855069451724
Smart-069-451725,Mobile,+855069451725
Smart-069-451726,Mobile,+855069451726
Smart-069-451727,Mobile,+855069451727
Smart-069-451728,Mobile,+855069451728
Smart-069-451729,Mobile,+855069451729
Smart-069-451730,Mobile,+855069451730
Smart-069-451731,Mobile,+855069451731
Smart-069-451732,Mobile,+855069451732
Smart-069-451733,Mobile,+855069451733
Smart-069-451734,Mobile,+855069451734
Smart-069-451735,Mobile,+855069451735
Smart-069-451736,Mobile,+855069451736
Smart-069-451737,Mobile,+855069451737
Smart-069-451738,Mobile,+855069451738
Smart-069-451739,Mobile,+855069451739
Smart-069-451740,Mobile,+855069451740
Smart-069-451741,Mobile,+855069451741
Smart-069-451742,Mobile,+855069451742
Smart-069-451743,Mobile,+855069451743
Smart-069-451744,Mobile,+855069451744
Smart-069-451745,Mobile,+855069451745
Smart-069-451746,Mobile,+855069451746
Smart-069-451747,Mobile,+855069451747
Smart-069-451748,Mobile,+855069451748
Smart-069-451749,Mobile,+855069451749
Smart-069-451750,Mobile,+855069451750
Smart-069-451751,Mobile,+855069451751
Smart-069-451752,Mobile,+855069451752
Smart-069-451753,Mobile,+855069451753
Smart-069-451754,Mobile,+855069451754
Smart-069-451755,Mobile,+855069451755
Smart-069-451756,Mobile,+855069451756
Smart-069-451757,Mobile,+855069451757
Smart-069-451758,Mobile,+855069451758
Smart-069-451759,Mobile,+855069451759
Smart-069-451760,Mobile,+855069451760
Smart-069-451761,Mobile,+855069451761
Smart-069-451762,Mobile,+855069451762
Smart-069-451763,Mobile,+855069451763
Smart-069-451764,Mobile,+855069451764
Smart-069-451765,Mobile,+855069451765
Smart-069-451766,Mobile,+855069451766
Smart-069-451767,Mobile,+855069451767
Smart-069-451768,Mobile,+855069451768
Smart-069-451769,Mobile,+855069451769
Smart-069-451770,Mobile,+855069451770
Smart-069-451771,Mobile,+855069451771
Smart-069-451772,Mobile,+855069451772
Smart-069-451773,Mobile,+855069451773
Smart-069-451774,Mobile,+855069451774
Smart-069-451775,Mobile,+855069451775
Smart-069-451776,Mobile,+855069451776
Smart-069-451777,Mobile,+855069451777
Smart-069-451778,Mobile,+855069451778
Smart-069-451779,Mobile,+855069451779
Smart-069-451780,Mobile,+855069451780
Smart-069-451781,Mobile,+855069451781
Smart-069-451782,Mobile,+855069451782
Smart-069-451783,Mobile,+855069451783
Smart-069-451784,Mobile,+855069451784
Smart-069-451785,Mobile,+855069451785
Smart-069-451786,Mobile,+855069451786
Smart-069-451787,Mobile,+855069451787
Smart-069-451788,Mobile,+855069451788
Smart-069-451789,Mobile,+855069451789
Smart-069-451790,Mobile,+855069451790
Smart-069-451791,Mobile,+855069451791
Smart-069-451792,Mobile,+855069451792
Smart-069-451793,Mobile,+855069451793
Smart-069-451794,Mobile,+855069451794
Smart-069-451795,Mobile,+855069451795
Smart-069-451796,Mobile,+855069451796
Smart-069-451797,Mobile,+855069451797
Smart-069-451798,Mobile,+855069451798
Smart-069-451799,Mobile,+855069451799
Smart-069-451800,Mobile,+855069451800
Smart-069-451801,Mobile,+855069451801
Smart-069-451802,Mobile,+855069451802
Smart-069-451803,Mobile,+855069451803
Smart-069-451804,Mobile,+855069451804
Smart-069-451805,Mobile,+855069451805
Smart-069-451806,Mobile,+855069451806
Smart-069-451807,Mobile,+855069451807
Smart-069-451808,Mobile,+855069451808
Smart-069-451809,Mobile,+855069451809
Smart-069-451810,Mobile,+855069451810
Smart-069-451811,Mobile,+855069451811
Smart-069-451812,Mobile,+855069451812
Smart-069-451813,Mobile,+855069451813
Smart-069-451814,Mobile,+855069451814
Smart-069-451815,Mobile,+855069451815
Smart-069-451816,Mobile,+855069451816
Smart-069-451817,Mobile,+855069451817
Smart-069-451818,Mobile,+855069451818
Smart-069-451819,Mobile,+855069451819
Smart-069-451820,Mobile,+855069451820
Smart-069-451821,Mobile,+855069451821
Smart-069-451822,Mobile,+855069451822
Smart-069-451823,Mobile,+855069451823
Smart-069-451824,Mobile,+855069451824
Smart-069-451825,Mobile,+855069451825
Smart-069-451826,Mobile,+855069451826
Smart-069-451827,Mobile,+855069451827
Smart-069-451828,Mobile,+855069451828
Smart-069-451829,Mobile,+855069451829
Smart-069-451830,Mobile,+855069451830
Smart-069-451831,Mobile,+855069451831
Smart-069-451832,Mobile,+855069451832
Smart-069-451833,Mobile,+855069451833
Smart-069-451834,Mobile,+855069451834
Smart-069-451835,Mobile,+855069451835
Smart-069-451836,Mobile,+855069451836
Smart-069-451837,Mobile,+855069451837
Smart-069-451838,Mobile,+855069451838
Smart-069-451839,Mobile,+855069451839
Smart-069-451840,Mobile,+855069451840
Smart-069-451841,Mobile,+855069451841
Smart-069-451842,Mobile,+855069451842
Smart-069-451843,Mobile,+855069451843
Smart-069-451844,Mobile,+855069451844
Smart-069-451845,Mobile,+855069451845
Smart-069-451846,Mobile,+855069451846
Smart-069-451847,Mobile,+855069451847
Smart-069-451848,Mobile,+855069451848
Smart-069-451849,Mobile,+855069451849
Smart-069-451850,Mobile,+855069451850
Smart-069-451851,Mobile,+855069451851
Smart-069-451852,Mobile,+855069451852
Smart-069-451853,Mobile,+855069451853
Smart-069-451854,Mobile,+855069451854
Smart-069-451855,Mobile,+855069451855
Smart-069-451856,Mobile,+855069451856
Smart-069-451857,Mobile,+855069451857
Smart-069-451858,Mobile,+855069451858
Smart-069-451859,Mobile,+855069451859
Smart-069-451860,Mobile,+855069451860
Smart-069-451861,Mobile,+855069451861
Smart-069-451862,Mobile,+855069451862
Smart-069-451863,Mobile,+855069451863
Smart-069-451864,Mobile,+855069451864
Smart-069-451865,Mobile,+855069451865
Smart-069-451866,Mobile,+855069451866
Smart-069-451867,Mobile,+855069451867
Smart-069-451868,Mobile,+855069451868
Smart-069-451869,Mobile,+855069451869
Smart-069-451870,Mobile,+855069451870
Smart-069-451871,Mobile,+855069451871
Smart-069-451872,Mobile,+855069451872
Smart-069-451873,Mobile,+855069451873
Smart-069-451874,Mobile,+855069451874
Smart-069-451875,Mobile,+855069451875
Smart-069-451876,Mobile,+855069451876
Smart-069-451877,Mobile,+855069451877
Smart-069-451878,Mobile,+855069451878
Smart-069-451879,Mobile,+855069451879
Smart-069-451880,Mobile,+855069451880
Smart-069-451881,Mobile,+855069451881
Smart-069-451882,Mobile,+855069451882
Smart-069-451883,Mobile,+855069451883
Smart-069-451884,Mobile,+855069451884
Smart-069-451885,Mobile,+855069451885
Smart-069-451886,Mobile,+855069451886
Smart-069-451887,Mobile,+855069451887
Smart-069-451888,Mobile,+855069451888
Smart-069-451889,Mobile,+855069451889
Smart-069-451890,Mobile,+855069451890
Smart-069-451891,Mobile,+855069451891
Smart-069-451892,Mobile,+855069451892
Smart-069-451893,Mobile,+855069451893
Smart-069-451894,Mobile,+855069451894
Smart-069-451895,Mobile,+855069451895
Smart-069-451896,Mobile,+855069451896
Smart-069-451897,Mobile,+855069451897
Smart-069-451898,Mobile,+855069451898
Smart-069-451899,Mobile,+855069451899
Smart-069-451900,Mobile,+855069451900
Smart-069-451901,Mobile,+855069451901
Smart-069-451902,Mobile,+855069451902
Smart-069-451903,Mobile,+855069451903
Smart-069-451904,Mobile,+855069451904
Smart-069-451905,Mobile,+855069451905
Smart-069-451906,Mobile,+855069451906
Smart-069-451907,Mobile,+855069451907
Smart-069-451908,Mobile,+855069451908
Smart-069-451909,Mobile,+855069451909
Smart-069-451910,Mobile,+855069451910
Smart-069-451911,Mobile,+855069451911
Smart-069-451912,Mobile,+855069451912
Smart-069-451913,Mobile,+855069451913
Smart-069-451914,Mobile,+855069451914
Smart-069-451915,Mobile,+855069451915
Smart-069-451916,Mobile,+855069451916
Smart-069-451917,Mobile,+855069451917
Smart-069-451918,Mobile,+855069451918
Smart-069-451919,Mobile,+855069451919
Smart-069-451920,Mobile,+855069451920
Smart-069-451921,Mobile,+855069451921
Smart-069-451922,Mobile,+855069451922
Smart-069-451923,Mobile,+855069451923
Smart-069-451924,Mobile,+855069451924
Smart-069-451925,Mobile,+855069451925
Smart-069-451926,Mobile,+855069451926
Smart-069-451927,Mobile,+855069451927
Smart-069-451928,Mobile,+855069451928
Smart-069-451929,Mobile,+855069451929
Smart-069-451930,Mobile,+855069451930
Smart-069-451931,Mobile,+855069451931
Smart-069-451932,Mobile,+855069451932
Smart-069-451933,Mobile,+855069451933
Smart-069-451934,Mobile,+855069451934
Smart-069-451935,Mobile,+855069451935
Smart-069-451936,Mobile,+855069451936
Smart-069-451937,Mobile,+855069451937
Smart-069-451938,Mobile,+855069451938
Smart-069-451939,Mobile,+855069451939
Smart-069-451940,Mobile,+855069451940
Smart-069-451941,Mobile,+855069451941
Smart-069-451942,Mobile,+855069451942
Smart-069-451943,Mobile,+855069451943
Smart-069-451944,Mobile,+855069451944
Smart-069-451945,Mobile,+855069451945
Smart-069-451946,Mobile,+855069451946
Smart-069-451947,Mobile,+855069451947
Smart-069-451948,Mobile,+855069451948
Smart-069-451949,Mobile,+855069451949
Smart-069-451950,Mobile,+855069451950
Smart-069-451951,Mobile,+855069451951
Smart-069-451952,Mobile,+855069451952
Smart-069-451953,Mobile,+855069451953
Smart-069-451954,Mobile,+855069451954
Smart-069-451955,Mobile,+855069451955
Smart-069-451956,Mobile,+855069451956
Smart-069-451957,Mobile,+855069451957
Smart-069-451958,Mobile,+855069451958
Smart-069-451959,Mobile,+855069451959
Smart-069-451960,Mobile,+855069451960
Smart-069-451961,Mobile,+855069451961
Smart-069-451962,Mobile,+855069451962
Smart-069-451963,Mobile,+855069451963
Smart-069-451964,Mobile,+855069451964
Smart-069-451965,Mobile,+855069451965
Smart-069-451966,Mobile,+855069451966
Smart-069-451967,Mobile,+855069451967
Smart-069-451968,Mobile,+855069451968
Smart-069-451969,Mobile,+855069451969
Smart-069-451970,Mobile,+855069451970
Smart-069-451971,Mobile,+855069451971
Smart-069-451972,Mobile,+855069451972
Smart-069-451973,Mobile,+855069451973
Smart-069-451974,Mobile,+855069451974
Smart-069-451975,Mobile,+855069451975
Smart-069-451976,Mobile,+855069451976
Smart-069-451977,Mobile,+855069451977
Smart-069-451978,Mobile,+855069451978
Smart-069-451979,Mobile,+855069451979
Smart-069-451980,Mobile,+855069451980
Smart-069-451981,Mobile,+855069451981
Smart-069-451982,Mobile,+855069451982
Smart-069-451983,Mobile,+855069451983
Smart-069-451984,Mobile,+855069451984
Smart-069-451985,Mobile,+855069451985
Smart-069-451986,Mobile,+855069451986
Smart-069-451987,Mobile,+855069451987
Smart-069-451988,Mobile,+855069451988
Smart-069-451989,Mobile,+855069451989
Smart-069-451990,Mobile,+855069451990
Smart-069-451991,Mobile,+855069451991
Smart-069-451992,Mobile,+855069451992
Smart-069-451993,Mobile,+855069451993
Smart-069-451994,Mobile,+855069451994
Smart-069-451995,Mobile,+855069451995
Smart-069-451996,Mobile,+855069451996
Smart-069-451997,Mobile,+855069451997
Smart-069-451998,Mobile,+855069451998
Smart-069-451999,Mobile,+855069451999
Smart-069-452000,Mobile,+855069452000
Smart-069-452001,Mobile,+855069452001
Smart-069-452002,Mobile,+855069452002
Smart-069-452003,Mobile,+855069452003
Smart-069-452004,Mobile,+855069452004
Smart-069-452005,Mobile,+855069452005
Smart-069-452006,Mobile,+855069452006
Smart-069-452007,Mobile,+855069452007
Smart-069-452008,Mobile,+855069452008
Smart-069-452009,Mobile,+855069452009
Smart-069-452010,Mobile,+855069452010
Smart-069-452011,Mobile,+855069452011
Smart-069-452012,Mobile,+855069452012
Smart-069-452013,Mobile,+855069452013
Smart-069-452014,Mobile,+855069452014
Smart-069-452015,Mobile,+855069452015
Smart-069-452016,Mobile,+855069452016
Smart-069-452017,Mobile,+855069452017
Smart-069-452018,Mobile,+855069452018
Smart-069-452019,Mobile,+855069452019
Smart-069-452020,Mobile,+855069452020
Smart-069-452021,Mobile,+855069452021
Smart-069-452022,Mobile,+855069452022
Smart-069-452023,Mobile,+855069452023
Smart-069-452024,Mobile,+855069452024
Smart-069-452025,Mobile,+855069452025
Smart-069-452026,Mobile,+855069452026
Smart-069-452027,Mobile,+855069452027
Smart-069-452028,Mobile,+855069452028
Smart-069-452029,Mobile,+855069452029
Smart-069-452030,Mobile,+855069452030
Smart-069-452031,Mobile,+855069452031
Smart-069-452032,Mobile,+855069452032
Smart-069-452033,Mobile,+855069452033
Smart-069-452034,Mobile,+855069452034
Smart-069-452035,Mobile,+855069452035
Smart-069-452036,Mobile,+855069452036
Smart-069-452037,Mobile,+855069452037
Smart-069-452038,Mobile,+855069452038
Smart-069-452039,Mobile,+855069452039
Smart-069-452040,Mobile,+855069452040
Smart-069-452041,Mobile,+855069452041
Smart-069-452042,Mobile,+855069452042
Smart-069-452043,Mobile,+855069452043
Smart-069-452044,Mobile,+855069452044
Smart-069-452045,Mobile,+855069452045
Smart-069-452046,Mobile,+855069452046
Smart-069-452047,Mobile,+855069452047
Smart-069-452048,Mobile,+855069452048
Smart-069-452049,Mobile,+855069452049
Smart-069-452050,Mobile,+855069452050
Smart-069-452051,Mobile,+855069452051
Smart-069-452052,Mobile,+855069452052
Smart-069-452053,Mobile,+855069452053
Smart-069-452054,Mobile,+855069452054
Smart-069-452055,Mobile,+855069452055
Smart-069-452056,Mobile,+855069452056
Smart-069-452057,Mobile,+855069452057
Smart-069-452058,Mobile,+855069452058
Smart-069-452059,Mobile,+855069452059
Smart-069-452060,Mobile,+855069452060
Smart-069-452061,Mobile,+855069452061
Smart-069-452062,Mobile,+855069452062
Smart-069-452063,Mobile,+855069452063
Smart-069-452064,Mobile,+855069452064
Smart-069-452065,Mobile,+855069452065
Smart-069-452066,Mobile,+855069452066
Smart-069-452067,Mobile,+855069452067
Smart-069-452068,Mobile,+855069452068
Smart-069-452069,Mobile,+855069452069
Smart-069-452070,Mobile,+855069452070
Smart-069-452071,Mobile,+855069452071
Smart-069-452072,Mobile,+855069452072
Smart-069-452073,Mobile,+855069452073
Smart-069-452074,Mobile,+855069452074
Smart-069-452075,Mobile,+855069452075
Smart-069-452076,Mobile,+855069452076
Smart-069-452077,Mobile,+855069452077
Smart-069-452078,Mobile,+855069452078
Smart-069-452079,Mobile,+855069452079
Smart-069-452080,Mobile,+855069452080
Smart-069-452081,Mobile,+855069452081
Smart-069-452082,Mobile,+855069452082
Smart-069-452083,Mobile,+855069452083
Smart-069-452084,Mobile,+855069452084
Smart-069-452085,Mobile,+855069452085
Smart-069-452086,Mobile,+855069452086
Smart-069-452087,Mobile,+855069452087
Smart-069-452088,Mobile,+855069452088
Smart-069-452089,Mobile,+855069452089
Smart-069-452090,Mobile,+855069452090
Smart-069-452091,Mobile,+855069452091
Smart-069-452092,Mobile,+855069452092
Smart-069-452093,Mobile,+855069452093
Smart-069-452094,Mobile,+855069452094
Smart-069-452095,Mobile,+855069452095
Smart-069-452096,Mobile,+855069452096
Smart-069-452097,Mobile,+855069452097
Smart-069-452098,Mobile,+855069452098
Smart-069-452099,Mobile,+855069452099
Smart-069-452100,Mobile,+855069452100
Smart-069-452101,Mobile,+855069452101
Smart-069-452102,Mobile,+855069452102
Smart-069-452103,Mobile,+855069452103
Smart-069-452104,Mobile,+855069452104
Smart-069-452105,Mobile,+855069452105
Smart-069-452106,Mobile,+855069452106
Smart-069-452107,Mobile,+855069452107
Smart-069-452108,Mobile,+855069452108
Smart-069-452109,Mobile,+855069452109
Smart-069-452110,Mobile,+855069452110
Smart-069-452111,Mobile,+855069452111
Smart-069-452112,Mobile,+855069452112
Smart-069-452113,Mobile,+855069452113
Smart-069-452114,Mobile,+855069452114
Smart-069-452115,Mobile,+855069452115
Smart-069-452116,Mobile,+855069452116
Smart-069-452117,Mobile,+855069452117
Smart-069-452118,Mobile,+855069452118
Smart-069-452119,Mobile,+855069452119
Smart-069-452120,Mobile,+855069452120
Smart-069-452121,Mobile,+855069452121
Smart-069-452122,Mobile,+855069452122
Smart-069-452123,Mobile,+855069452123
Smart-069-452124,Mobile,+855069452124
Smart-069-452125,Mobile,+855069452125
Smart-069-452126,Mobile,+855069452126
Smart-069-452127,Mobile,+855069452127
Smart-069-452128,Mobile,+855069452128
Smart-069-452129,Mobile,+855069452129
Smart-069-452130,Mobile,+855069452130
Smart-069-452131,Mobile,+855069452131
Smart-069-452132,Mobile,+855069452132
Smart-069-452133,Mobile,+855069452133
Smart-069-452134,Mobile,+855069452134
Smart-069-452135,Mobile,+855069452135
Smart-069-452136,Mobile,+855069452136
Smart-069-452137,Mobile,+855069452137
Smart-069-452138,Mobile,+855069452138
Smart-069-452139,Mobile,+855069452139
Smart-069-452140,Mobile,+855069452140
Smart-069-452141,Mobile,+855069452141
Smart-069-452142,Mobile,+855069452142
Smart-069-452143,Mobile,+855069452143
Smart-069-452144,Mobile,+855069452144
Smart-069-452145,Mobile,+855069452145
Smart-069-452146,Mobile,+855069452146
Smart-069-452147,Mobile,+855069452147
Smart-069-452148,Mobile,+855069452148
Smart-069-452149,Mobile,+855069452149
Smart-069-452150,Mobile,+855069452150
Smart-069-452151,Mobile,+855069452151
Smart-069-452152,Mobile,+855069452152
Smart-069-452153,Mobile,+855069452153
Smart-069-452154,Mobile,+855069452154
Smart-069-452155,Mobile,+855069452155
Smart-069-452156,Mobile,+855069452156
Smart-069-452157,Mobile,+855069452157
Smart-069-452158,Mobile,+855069452158
Smart-069-452159,Mobile,+855069452159
Smart-069-452160,Mobile,+855069452160
Smart-069-452161,Mobile,+855069452161
Smart-069-452162,Mobile,+855069452162
Smart-069-452163,Mobile,+855069452163
Smart-069-452164,Mobile,+855069452164
Smart-069-452165,Mobile,+855069452165
Smart-069-452166,Mobile,+855069452166
Smart-069-452167,Mobile,+855069452167
Smart-069-452168,Mobile,+855069452168
Smart-069-452169,Mobile,+855069452169
Smart-069-452170,Mobile,+855069452170
Smart-069-452171,Mobile,+855069452171
Smart-069-452172,Mobile,+855069452172
Smart-069-452173,Mobile,+855069452173
Smart-069-452174,Mobile,+855069452174
Smart-069-452175,Mobile,+855069452175
Smart-069-452176,Mobile,+855069452176
Smart-069-452177,Mobile,+855069452177
Smart-069-452178,Mobile,+855069452178
Smart-069-452179,Mobile,+855069452179
Smart-069-452180,Mobile,+855069452180
Smart-069-452181,Mobile,+855069452181
Smart-069-452182,Mobile,+855069452182
Smart-069-452183,Mobile,+855069452183
Smart-069-452184,Mobile,+855069452184
Smart-069-452185,Mobile,+855069452185
Smart-069-452186,Mobile,+855069452186
Smart-069-452187,Mobile,+855069452187
Smart-069-452188,Mobile,+855069452188
Smart-069-452189,Mobile,+855069452189
Smart-069-452190,Mobile,+855069452190
Smart-069-452191,Mobile,+855069452191
Smart-069-452192,Mobile,+855069452192
Smart-069-452193,Mobile,+855069452193
Smart-069-452194,Mobile,+855069452194
Smart-069-452195,Mobile,+855069452195
Smart-069-452196,Mobile,+855069452196
Smart-069-452197,Mobile,+855069452197
Smart-069-452198,Mobile,+855069452198
Smart-069-452199,Mobile,+855069452199
Smart-069-452200,Mobile,+855069452200
Smart-069-452201,Mobile,+855069452201
Smart-069-452202,Mobile,+855069452202
Smart-069-452203,Mobile,+855069452203
Smart-069-452204,Mobile,+855069452204
Smart-069-452205,Mobile,+855069452205
Smart-069-452206,Mobile,+855069452206
Smart-069-452207,Mobile,+855069452207
Smart-069-452208,Mobile,+855069452208
Smart-069-452209,Mobile,+855069452209
Smart-069-452210,Mobile,+855069452210
Smart-069-452211,Mobile,+855069452211
Smart-069-452212,Mobile,+855069452212
Smart-069-452213,Mobile,+855069452213
Smart-069-452214,Mobile,+855069452214
Smart-069-452215,Mobile,+855069452215
Smart-069-452216,Mobile,+855069452216
Smart-069-452217,Mobile,+855069452217
Smart-069-452218,Mobile,+855069452218
Smart-069-452219,Mobile,+855069452219
Smart-069-452220,Mobile,+855069452220
Smart-069-452221,Mobile,+855069452221
Smart-069-452222,Mobile,+855069452222
Smart-069-452223,Mobile,+855069452223
Smart-069-452224,Mobile,+855069452224
Smart-069-452225,Mobile,+855069452225
Smart-069-452226,Mobile,+855069452226
Smart-069-452227,Mobile,+855069452227
Smart-069-452228,Mobile,+855069452228
Smart-069-452229,Mobile,+855069452229
Smart-069-452230,Mobile,+855069452230
Smart-069-452231,Mobile,+855069452231
Smart-069-452232,Mobile,+855069452232
Smart-069-452233,Mobile,+855069452233
Smart-069-452234,Mobile,+855069452234
Smart-069-452235,Mobile,+855069452235
Smart-069-452236,Mobile,+855069452236
Smart-069-452237,Mobile,+855069452237
Smart-069-452238,Mobile,+855069452238
Smart-069-452239,Mobile,+855069452239
Smart-069-452240,Mobile,+855069452240
Smart-069-452241,Mobile,+855069452241
Smart-069-452242,Mobile,+855069452242
Smart-069-452243,Mobile,+855069452243
Smart-069-452244,Mobile,+855069452244
Smart-069-452245,Mobile,+855069452245
Smart-069-452246,Mobile,+855069452246
Smart-069-452247,Mobile,+855069452247
Smart-069-452248,Mobile,+855069452248
Smart-069-452249,Mobile,+855069452249
Smart-069-452250,Mobile,+855069452250
Smart-069-452251,Mobile,+855069452251
Smart-069-452252,Mobile,+855069452252
Smart-069-452253,Mobile,+855069452253
Smart-069-452254,Mobile,+855069452254
Smart-069-452255,Mobile,+855069452255
Smart-069-452256,Mobile,+855069452256
Smart-069-452257,Mobile,+855069452257
Smart-069-452258,Mobile,+855069452258
Smart-069-452259,Mobile,+855069452259
Smart-069-452260,Mobile,+855069452260
Smart-069-452261,Mobile,+855069452261
Smart-069-452262,Mobile,+855069452262
Smart-069-452263,Mobile,+855069452263
Smart-069-452264,Mobile,+855069452264
Smart-069-452265,Mobile,+855069452265
Smart-069-452266,Mobile,+855069452266
Smart-069-452267,Mobile,+855069452267
Smart-069-452268,Mobile,+855069452268
Smart-069-452269,Mobile,+855069452269
Smart-069-452270,Mobile,+855069452270
Smart-069-452271,Mobile,+855069452271
Smart-069-452272,Mobile,+855069452272
Smart-069-452273,Mobile,+855069452273
Smart-069-452274,Mobile,+855069452274
Smart-069-452275,Mobile,+855069452275
Smart-069-452276,Mobile,+855069452276
Smart-069-452277,Mobile,+855069452277
Smart-069-452278,Mobile,+855069452278
Smart-069-452279,Mobile,+855069452279
Smart-069-452280,Mobile,+855069452280
Smart-069-452281,Mobile,+855069452281
Smart-069-452282,Mobile,+855069452282
Smart-069-452283,Mobile,+855069452283
Smart-069-452284,Mobile,+855069452284
Smart-069-452285,Mobile,+855069452285
Smart-069-452286,Mobile,+855069452286
Smart-069-452287,Mobile,+855069452287
Smart-069-452288,Mobile,+855069452288
Smart-069-452289,Mobile,+855069452289
Smart-069-452290,Mobile,+855069452290
Smart-069-452291,Mobile,+855069452291
Smart-069-452292,Mobile,+855069452292
Smart-069-452293,Mobile,+855069452293
Smart-069-452294,Mobile,+855069452294
Smart-069-452295,Mobile,+855069452295
Smart-069-452296,Mobile,+855069452296
Smart-069-452297,Mobile,+855069452297
Smart-069-452298,Mobile,+855069452298
Smart-069-452299,Mobile,+855069452299
Smart-069-452300,Mobile,+855069452300
Smart-069-452301,Mobile,+855069452301
Smart-069-452302,Mobile,+855069452302
Smart-069-452303,Mobile,+855069452303
Smart-069-452304,Mobile,+855069452304
Smart-069-452305,Mobile,+855069452305
Smart-069-452306,Mobile,+855069452306
Smart-069-452307,Mobile,+855069452307
Smart-069-452308,Mobile,+855069452308
Smart-069-452309,Mobile,+855069452309
Smart-069-452310,Mobile,+855069452310
Smart-069-452311,Mobile,+855069452311
Smart-069-452312,Mobile,+855069452312
Smart-069-452313,Mobile,+855069452313
Smart-069-452314,Mobile,+855069452314
Smart-069-452315,Mobile,+855069452315
Smart-069-452316,Mobile,+855069452316
Smart-069-452317,Mobile,+855069452317
Smart-069-452318,Mobile,+855069452318
Smart-069-452319,Mobile,+855069452319
Smart-069-452320,Mobile,+855069452320
Smart-069-452321,Mobile,+855069452321
Smart-069-452322,Mobile,+855069452322
Smart-069-452323,Mobile,+855069452323
Smart-069-452324,Mobile,+855069452324
Smart-069-452325,Mobile,+855069452325
Smart-069-452326,Mobile,+855069452326
Smart-069-452327,Mobile,+855069452327
Smart-069-452328,Mobile,+855069452328
Smart-069-452329,Mobile,+855069452329
Smart-069-452330,Mobile,+855069452330
Smart-069-452331,Mobile,+855069452331
Smart-069-452332,Mobile,+855069452332
Smart-069-452333,Mobile,+855069452333
Smart-069-452334,Mobile,+855069452334
Smart-069-452335,Mobile,+855069452335
Smart-069-452336,Mobile,+855069452336
Smart-069-452337,Mobile,+855069452337
Smart-069-452338,Mobile,+855069452338
Smart-069-452339,Mobile,+855069452339
Smart-069-452340,Mobile,+855069452340
Smart-069-452341,Mobile,+855069452341
Smart-069-452342,Mobile,+855069452342
Smart-069-452343,Mobile,+855069452343
Smart-069-452344,Mobile,+855069452344
Smart-069-452345,Mobile,+855069452345
Smart-069-452346,Mobile,+855069452346
Smart-069-452347,Mobile,+855069452347
Smart-069-452348,Mobile,+855069452348
Smart-069-452349,Mobile,+855069452349
Smart-069-452350,Mobile,+855069452350
Smart-069-452351,Mobile,+855069452351
Smart-069-452352,Mobile,+855069452352
Smart-069-452353,Mobile,+855069452353
Smart-069-452354,Mobile,+855069452354
Smart-069-452355,Mobile,+855069452355
Smart-069-452356,Mobile,+855069452356
Smart-069-452357,Mobile,+855069452357
Smart-069-452358,Mobile,+855069452358
Smart-069-452359,Mobile,+855069452359
Smart-069-452360,Mobile,+855069452360
Smart-069-452361,Mobile,+855069452361
Smart-069-452362,Mobile,+855069452362
Smart-069-452363,Mobile,+855069452363
Smart-069-452364,Mobile,+855069452364
Smart-069-452365,Mobile,+855069452365
Smart-069-452366,Mobile,+855069452366
Smart-069-452367,Mobile,+855069452367
Smart-069-452368,Mobile,+855069452368
Smart-069-452369,Mobile,+855069452369
Smart-069-452370,Mobile,+855069452370
Smart-069-452371,Mobile,+855069452371
Smart-069-452372,Mobile,+855069452372
Smart-069-452373,Mobile,+855069452373
Smart-069-452374,Mobile,+855069452374
Smart-069-452375,Mobile,+855069452375
Smart-069-452376,Mobile,+855069452376
Smart-069-452377,Mobile,+855069452377
Smart-069-452378,Mobile,+855069452378
Smart-069-452379,Mobile,+855069452379
Smart-069-452380,Mobile,+855069452380
Smart-069-452381,Mobile,+855069452381
Smart-069-452382,Mobile,+855069452382
Smart-069-452383,Mobile,+855069452383
Smart-069-452384,Mobile,+855069452384
Smart-069-452385,Mobile,+855069452385
Smart-069-452386,Mobile,+855069452386
Smart-069-452387,Mobile,+855069452387
Smart-069-452388,Mobile,+855069452388
Smart-069-452389,Mobile,+855069452389
Smart-069-452390,Mobile,+855069452390
Smart-069-452391,Mobile,+855069452391
Smart-069-452392,Mobile,+855069452392
Smart-069-452393,Mobile,+855069452393
Smart-069-452394,Mobile,+855069452394
Smart-069-452395,Mobile,+855069452395
Smart-069-452396,Mobile,+855069452396
Smart-069-452397,Mobile,+855069452397
Smart-069-452398,Mobile,+855069452398
Smart-069-452399,Mobile,+855069452399
Smart-069-452400,Mobile,+855069452400
Smart-069-452401,Mobile,+855069452401
Smart-069-452402,Mobile,+855069452402
Smart-069-452403,Mobile,+855069452403
Smart-069-452404,Mobile,+855069452404
Smart-069-452405,Mobile,+855069452405
Smart-069-452406,Mobile,+855069452406
Smart-069-452407,Mobile,+855069452407
Smart-069-452408,Mobile,+855069452408
Smart-069-452409,Mobile,+855069452409
Smart-069-452410,Mobile,+855069452410
Smart-069-452411,Mobile,+855069452411
Smart-069-452412,Mobile,+855069452412
Smart-069-452413,Mobile,+855069452413
Smart-069-452414,Mobile,+855069452414
Smart-069-452415,Mobile,+855069452415
Smart-069-452416,Mobile,+855069452416
Smart-069-452417,Mobile,+855069452417
Smart-069-452418,Mobile,+855069452418
Smart-069-452419,Mobile,+855069452419
Smart-069-452420,Mobile,+855069452420
Smart-069-452421,Mobile,+855069452421
Smart-069-452422,Mobile,+855069452422
Smart-069-452423,Mobile,+855069452423
Smart-069-452424,Mobile,+855069452424
Smart-069-452425,Mobile,+855069452425
Smart-069-452426,Mobile,+855069452426
Smart-069-452427,Mobile,+855069452427
Smart-069-452428,Mobile,+855069452428
Smart-069-452429,Mobile,+855069452429
Smart-069-452430,Mobile,+855069452430
Smart-069-452431,Mobile,+855069452431
Smart-069-452432,Mobile,+855069452432
Smart-069-452433,Mobile,+855069452433
Smart-069-452434,Mobile,+855069452434
Smart-069-452435,Mobile,+855069452435
Smart-069-452436,Mobile,+855069452436
Smart-069-452437,Mobile,+855069452437
Smart-069-452438,Mobile,+855069452438
Smart-069-452439,Mobile,+855069452439
Smart-069-452440,Mobile,+855069452440
Smart-069-452441,Mobile,+855069452441
Smart-069-452442,Mobile,+855069452442
Smart-069-452443,Mobile,+855069452443
Smart-069-452444,Mobile,+855069452444
Smart-069-452445,Mobile,+855069452445
Smart-069-452446,Mobile,+855069452446
Smart-069-452447,Mobile,+855069452447
Smart-069-452448,Mobile,+855069452448
Smart-069-452449,Mobile,+855069452449
Smart-069-452450,Mobile,+855069452450
Smart-069-452451,Mobile,+855069452451
Smart-069-452452,Mobile,+855069452452
Smart-069-452453,Mobile,+855069452453
Smart-069-452454,Mobile,+855069452454
Smart-069-452455,Mobile,+855069452455
Smart-069-452456,Mobile,+855069452456
Smart-069-452457,Mobile,+855069452457
Smart-069-452458,Mobile,+855069452458
Smart-069-452459,Mobile,+855069452459
Smart-069-452460,Mobile,+855069452460
Smart-069-452461,Mobile,+855069452461
Smart-069-452462,Mobile,+855069452462
Smart-069-452463,Mobile,+855069452463
Smart-069-452464,Mobile,+855069452464
Smart-069-452465,Mobile,+855069452465
Smart-069-452466,Mobile,+855069452466
Smart-069-452467,Mobile,+855069452467
Smart-069-452468,Mobile,+855069452468
Smart-069-452469,Mobile,+855069452469
Smart-069-452470,Mobile,+855069452470
Smart-069-452471,Mobile,+855069452471
Smart-069-452472,Mobile,+855069452472
Smart-069-452473,Mobile,+855069452473
Smart-069-452474,Mobile,+855069452474
Smart-069-452475,Mobile,+855069452475
Smart-069-452476,Mobile,+855069452476
Smart-069-452477,Mobile,+855069452477
Smart-069-452478,Mobile,+855069452478
Smart-069-452479,Mobile,+855069452479
Smart-069-452480,Mobile,+855069452480
Smart-069-452481,Mobile,+855069452481
Smart-069-452482,Mobile,+855069452482
Smart-069-452483,Mobile,+855069452483
Smart-069-452484,Mobile,+855069452484
Smart-069-452485,Mobile,+855069452485
Smart-069-452486,Mobile,+855069452486
Smart-069-452487,Mobile,+855069452487
Smart-069-452488,Mobile,+855069452488
Smart-069-452489,Mobile,+855069452489
Smart-069-452490,Mobile,+855069452490
Smart-069-452491,Mobile,+855069452491
Smart-069-452492,Mobile,+855069452492
Smart-069-452493,Mobile,+855069452493
Smart-069-452494,Mobile,+855069452494
Smart-069-452495,Mobile,+855069452495
Smart-069-452496,Mobile,+855069452496
Smart-069-452497,Mobile,+855069452497
Smart-069-452498,Mobile,+855069452498
Smart-069-452499,Mobile,+855069452499
Smart-069-452500,Mobile,+855069452500
Smart-069-452501,Mobile,+855069452501
Smart-069-452502,Mobile,+855069452502
Smart-069-452503,Mobile,+855069452503
Smart-069-452504,Mobile,+855069452504
Smart-069-452505,Mobile,+855069452505
Smart-069-452506,Mobile,+855069452506
Smart-069-452507,Mobile,+855069452507
Smart-069-452508,Mobile,+855069452508
Smart-069-452509,Mobile,+855069452509
Smart-069-452510,Mobile,+855069452510
Smart-069-452511,Mobile,+855069452511
Smart-069-452512,Mobile,+855069452512
Smart-069-452513,Mobile,+855069452513
Smart-069-452514,Mobile,+855069452514
Smart-069-452515,Mobile,+855069452515
Smart-069-452516,Mobile,+855069452516
Smart-069-452517,Mobile,+855069452517
Smart-069-452518,Mobile,+855069452518
Smart-069-452519,Mobile,+855069452519
Smart-069-452520,Mobile,+855069452520
Smart-069-452521,Mobile,+855069452521
Smart-069-452522,Mobile,+855069452522
Smart-069-452523,Mobile,+855069452523
Smart-069-452524,Mobile,+855069452524
Smart-069-452525,Mobile,+855069452525
Smart-069-452526,Mobile,+855069452526
Smart-069-452527,Mobile,+855069452527
Smart-069-452528,Mobile,+855069452528
Smart-069-452529,Mobile,+855069452529
Smart-069-452530,Mobile,+855069452530
Smart-069-452531,Mobile,+855069452531
Smart-069-452532,Mobile,+855069452532
Smart-069-452533,Mobile,+855069452533
Smart-069-452534,Mobile,+855069452534
Smart-069-452535,Mobile,+855069452535
Smart-069-452536,Mobile,+855069452536
Smart-069-452537,Mobile,+855069452537
Smart-069-452538,Mobile,+855069452538
Smart-069-452539,Mobile,+855069452539
Smart-069-452540,Mobile,+855069452540
Smart-069-452541,Mobile,+855069452541
Smart-069-452542,Mobile,+855069452542
Smart-069-452543,Mobile,+855069452543
Smart-069-452544,Mobile,+855069452544
Smart-069-452545,Mobile,+855069452545
Smart-069-452546,Mobile,+855069452546
Smart-069-452547,Mobile,+855069452547
Smart-069-452548,Mobile,+855069452548
Smart-069-452549,Mobile,+855069452549
Smart-069-452550,Mobile,+855069452550
Smart-069-452551,Mobile,+855069452551
Smart-069-452552,Mobile,+855069452552
Smart-069-452553,Mobile,+855069452553
Smart-069-452554,Mobile,+855069452554
Smart-069-452555,Mobile,+855069452555
Smart-069-452556,Mobile,+855069452556
Smart-069-452557,Mobile,+855069452557
Smart-069-452558,Mobile,+855069452558
Smart-069-452559,Mobile,+855069452559
Smart-069-452560,Mobile,+855069452560
Smart-069-452561,Mobile,+855069452561
Smart-069-452562,Mobile,+855069452562
Smart-069-452563,Mobile,+855069452563
Smart-069-452564,Mobile,+855069452564
Smart-069-452565,Mobile,+855069452565
Smart-069-452566,Mobile,+855069452566
Smart-069-452567,Mobile,+855069452567
Smart-069-452568,Mobile,+855069452568
Smart-069-452569,Mobile,+855069452569
Smart-069-452570,Mobile,+855069452570
Smart-069-452571,Mobile,+855069452571
Smart-069-452572,Mobile,+855069452572
Smart-069-452573,Mobile,+855069452573
Smart-069-452574,Mobile,+855069452574
Smart-069-452575,Mobile,+855069452575
Smart-069-452576,Mobile,+855069452576
Smart-069-452577,Mobile,+855069452577
Smart-069-452578,Mobile,+855069452578
Smart-069-452579,Mobile,+855069452579
Smart-069-452580,Mobile,+855069452580
Smart-069-452581,Mobile,+855069452581
Smart-069-452582,Mobile,+855069452582
Smart-069-452583,Mobile,+855069452583
Smart-069-452584,Mobile,+855069452584
Smart-069-452585,Mobile,+855069452585
Smart-069-452586,Mobile,+855069452586
Smart-069-452587,Mobile,+855069452587
Smart-069-452588,Mobile,+855069452588
Smart-069-452589,Mobile,+855069452589
Smart-069-452590,Mobile,+855069452590
Smart-069-452591,Mobile,+855069452591
Smart-069-452592,Mobile,+855069452592
Smart-069-452593,Mobile,+855069452593
Smart-069-452594,Mobile,+855069452594
Smart-069-452595,Mobile,+855069452595
Smart-069-452596,Mobile,+855069452596
Smart-069-452597,Mobile,+855069452597
Smart-069-452598,Mobile,+855069452598
Smart-069-452599,Mobile,+855069452599
Smart-069-452600,Mobile,+855069452600
Smart-069-452601,Mobile,+855069452601
Smart-069-452602,Mobile,+855069452602
Smart-069-452603,Mobile,+855069452603
Smart-069-452604,Mobile,+855069452604
Smart-069-452605,Mobile,+855069452605
Smart-069-452606,Mobile,+855069452606
Smart-069-452607,Mobile,+855069452607
Smart-069-452608,Mobile,+855069452608
Smart-069-452609,Mobile,+855069452609
Smart-069-452610,Mobile,+855069452610
Smart-069-452611,Mobile,+855069452611
Smart-069-452612,Mobile,+855069452612
Smart-069-452613,Mobile,+855069452613
Smart-069-452614,Mobile,+855069452614
Smart-069-452615,Mobile,+855069452615
Smart-069-452616,Mobile,+855069452616
Smart-069-452617,Mobile,+855069452617
Smart-069-452618,Mobile,+855069452618
Smart-069-452619,Mobile,+855069452619
Smart-069-452620,Mobile,+855069452620
Smart-069-452621,Mobile,+855069452621
Smart-069-452622,Mobile,+855069452622
Smart-069-452623,Mobile,+855069452623
Smart-069-452624,Mobile,+855069452624
Smart-069-452625,Mobile,+855069452625
Smart-069-452626,Mobile,+855069452626
Smart-069-452627,Mobile,+855069452627
Smart-069-452628,Mobile,+855069452628
Smart-069-452629,Mobile,+855069452629
Smart-069-452630,Mobile,+855069452630
Smart-069-452631,Mobile,+855069452631
Smart-069-452632,Mobile,+855069452632
Smart-069-452633,Mobile,+855069452633
Smart-069-452634,Mobile,+855069452634
Smart-069-452635,Mobile,+855069452635
Smart-069-452636,Mobile,+855069452636
Smart-069-452637,Mobile,+855069452637
Smart-069-452638,Mobile,+855069452638
Smart-069-452639,Mobile,+855069452639
Smart-069-452640,Mobile,+855069452640
Smart-069-452641,Mobile,+855069452641
Smart-069-452642,Mobile,+855069452642
Smart-069-452643,Mobile,+855069452643
Smart-069-452644,Mobile,+855069452644
Smart-069-452645,Mobile,+855069452645
Smart-069-452646,Mobile,+855069452646
Smart-069-452647,Mobile,+855069452647
Smart-069-452648,Mobile,+855069452648
Smart-069-452649,Mobile,+855069452649
Smart-069-452650,Mobile,+855069452650
Smart-069-452651,Mobile,+855069452651
Smart-069-452652,Mobile,+855069452652
Smart-069-452653,Mobile,+855069452653
Smart-069-452654,Mobile,+855069452654
Smart-069-452655,Mobile,+855069452655
Smart-069-452656,Mobile,+855069452656
Smart-069-452657,Mobile,+855069452657
Smart-069-452658,Mobile,+855069452658
Smart-069-452659,Mobile,+855069452659
Smart-069-452660,Mobile,+855069452660
Smart-069-452661,Mobile,+855069452661
Smart-069-452662,Mobile,+855069452662
Smart-069-452663,Mobile,+855069452663
Smart-069-452664,Mobile,+855069452664
Smart-069-452665,Mobile,+855069452665
Smart-069-452666,Mobile,+855069452666
Smart-069-452667,Mobile,+855069452667
Smart-069-452668,Mobile,+855069452668
Smart-069-452669,Mobile,+855069452669
Smart-069-452670,Mobile,+855069452670
Smart-069-452671,Mobile,+855069452671
Smart-069-452672,Mobile,+855069452672
Smart-069-452673,Mobile,+855069452673
Smart-069-452674,Mobile,+855069452674
Smart-069-452675,Mobile,+855069452675
Smart-069-452676,Mobile,+855069452676
Smart-069-452677,Mobile,+855069452677
Smart-069-452678,Mobile,+855069452678
Smart-069-452679,Mobile,+855069452679
Smart-069-452680,Mobile,+855069452680
Smart-069-452681,Mobile,+855069452681
Smart-069-452682,Mobile,+855069452682
Smart-069-452683,Mobile,+855069452683
Smart-069-452684,Mobile,+855069452684
Smart-069-452685,Mobile,+855069452685
Smart-069-452686,Mobile,+855069452686
Smart-069-452687,Mobile,+855069452687
Smart-069-452688,Mobile,+855069452688
Smart-069-452689,Mobile,+855069452689
Smart-069-452690,Mobile,+855069452690
Smart-069-452691,Mobile,+855069452691
Smart-069-452692,Mobile,+855069452692
Smart-069-452693,Mobile,+855069452693
Smart-069-452694,Mobile,+855069452694
Smart-069-452695,Mobile,+855069452695
Smart-069-452696,Mobile,+855069452696
Smart-069-452697,Mobile,+855069452697
Smart-069-452698,Mobile,+855069452698
Smart-069-452699,Mobile,+855069452699
Smart-069-452700,Mobile,+855069452700
Smart-069-452701,Mobile,+855069452701
Smart-069-452702,Mobile,+855069452702
Smart-069-452703,Mobile,+855069452703
Smart-069-452704,Mobile,+855069452704
Smart-069-452705,Mobile,+855069452705
Smart-069-452706,Mobile,+855069452706
Smart-069-452707,Mobile,+855069452707
Smart-069-452708,Mobile,+855069452708
Smart-069-452709,Mobile,+855069452709
Smart-069-452710,Mobile,+855069452710
Smart-069-452711,Mobile,+855069452711
Smart-069-452712,Mobile,+855069452712
Smart-069-452713,Mobile,+855069452713
Smart-069-452714,Mobile,+855069452714
Smart-069-452715,Mobile,+855069452715
Smart-069-452716,Mobile,+855069452716
Smart-069-452717,Mobile,+855069452717
Smart-069-452718,Mobile,+855069452718
Smart-069-452719,Mobile,+855069452719
Smart-069-452720,Mobile,+855069452720
Smart-069-452721,Mobile,+855069452721
Smart-069-452722,Mobile,+855069452722
Smart-069-452723,Mobile,+855069452723
Smart-069-452724,Mobile,+855069452724
Smart-069-452725,Mobile,+855069452725
Smart-069-452726,Mobile,+855069452726
Smart-069-452727,Mobile,+855069452727
Smart-069-452728,Mobile,+855069452728
Smart-069-452729,Mobile,+855069452729
Smart-069-452730,Mobile,+855069452730
Smart-069-452731,Mobile,+855069452731
Smart-069-452732,Mobile,+855069452732
Smart-069-452733,Mobile,+855069452733
Smart-069-452734,Mobile,+855069452734
Smart-069-452735,Mobile,+855069452735
Smart-069-452736,Mobile,+855069452736
Smart-069-452737,Mobile,+855069452737
Smart-069-452738,Mobile,+855069452738
Smart-069-452739,Mobile,+855069452739
Smart-069-452740,Mobile,+855069452740
Smart-069-452741,Mobile,+855069452741
Smart-069-452742,Mobile,+855069452742
Smart-069-452743,Mobile,+855069452743
Smart-069-452744,Mobile,+855069452744
Smart-069-452745,Mobile,+855069452745
Smart-069-452746,Mobile,+855069452746
Smart-069-452747,Mobile,+855069452747
Smart-069-452748,Mobile,+855069452748
Smart-069-452749,Mobile,+855069452749
Smart-069-452750,Mobile,+855069452750
Smart-069-452751,Mobile,+855069452751
Smart-069-452752,Mobile,+855069452752
Smart-069-452753,Mobile,+855069452753
Smart-069-452754,Mobile,+855069452754
Smart-069-452755,Mobile,+855069452755
Smart-069-452756,Mobile,+855069452756
Smart-069-452757,Mobile,+855069452757
Smart-069-452758,Mobile,+855069452758
Smart-069-452759,Mobile,+855069452759
Smart-069-452760,Mobile,+855069452760
Smart-069-452761,Mobile,+855069452761
Smart-069-452762,Mobile,+855069452762
Smart-069-452763,Mobile,+855069452763
Smart-069-452764,Mobile,+855069452764
Smart-069-452765,Mobile,+855069452765
Smart-069-452766,Mobile,+855069452766
Smart-069-452767,Mobile,+855069452767
Smart-069-452768,Mobile,+855069452768
Smart-069-452769,Mobile,+855069452769
Smart-069-452770,Mobile,+855069452770
Smart-069-452771,Mobile,+855069452771
Smart-069-452772,Mobile,+855069452772
Smart-069-452773,Mobile,+855069452773
Smart-069-452774,Mobile,+855069452774
Smart-069-452775,Mobile,+855069452775
Smart-069-452776,Mobile,+855069452776
Smart-069-452777,Mobile,+855069452777
Smart-069-452778,Mobile,+855069452778
Smart-069-452779,Mobile,+855069452779
Smart-069-452780,Mobile,+855069452780
Smart-069-452781,Mobile,+855069452781
Smart-069-452782,Mobile,+855069452782
Smart-069-452783,Mobile,+855069452783
Smart-069-452784,Mobile,+855069452784
Smart-069-452785,Mobile,+855069452785
Smart-069-452786,Mobile,+855069452786
Smart-069-452787,Mobile,+855069452787
Smart-069-452788,Mobile,+855069452788
Smart-069-452789,Mobile,+855069452789
Smart-069-452790,Mobile,+855069452790
Smart-069-452791,Mobile,+855069452791
Smart-069-452792,Mobile,+855069452792
Smart-069-452793,Mobile,+855069452793
Smart-069-452794,Mobile,+855069452794
Smart-069-452795,Mobile,+855069452795
Smart-069-452796,Mobile,+855069452796
Smart-069-452797,Mobile,+855069452797
Smart-069-452798,Mobile,+855069452798
Smart-069-452799,Mobile,+855069452799
Smart-069-452800,Mobile,+855069452800
Smart-069-452801,Mobile,+855069452801
Smart-069-452802,Mobile,+855069452802
Smart-069-452803,Mobile,+855069452803
Smart-069-452804,Mobile,+855069452804
Smart-069-452805,Mobile,+855069452805
Smart-069-452806,Mobile,+855069452806
Smart-069-452807,Mobile,+855069452807
Smart-069-452808,Mobile,+855069452808
Smart-069-452809,Mobile,+855069452809
Smart-069-452810,Mobile,+855069452810
Smart-069-452811,Mobile,+855069452811
Smart-069-452812,Mobile,+855069452812
Smart-069-452813,Mobile,+855069452813
Smart-069-452814,Mobile,+855069452814
Smart-069-452815,Mobile,+855069452815
Smart-069-452816,Mobile,+855069452816
Smart-069-452817,Mobile,+855069452817
Smart-069-452818,Mobile,+855069452818
Smart-069-452819,Mobile,+855069452819
Smart-069-452820,Mobile,+855069452820
Smart-069-452821,Mobile,+855069452821
Smart-069-452822,Mobile,+855069452822
Smart-069-452823,Mobile,+855069452823
Smart-069-452824,Mobile,+855069452824
Smart-069-452825,Mobile,+855069452825
Smart-069-452826,Mobile,+855069452826
Smart-069-452827,Mobile,+855069452827
Smart-069-452828,Mobile,+855069452828
Smart-069-452829,Mobile,+855069452829
Smart-069-452830,Mobile,+855069452830
Smart-069-452831,Mobile,+855069452831
Smart-069-452832,Mobile,+855069452832
Smart-069-452833,Mobile,+855069452833
Smart-069-452834,Mobile,+855069452834
Smart-069-452835,Mobile,+855069452835
Smart-069-452836,Mobile,+855069452836
Smart-069-452837,Mobile,+855069452837
Smart-069-452838,Mobile,+855069452838
Smart-069-452839,Mobile,+855069452839
Smart-069-452840,Mobile,+855069452840
Smart-069-452841,Mobile,+855069452841
Smart-069-452842,Mobile,+855069452842
Smart-069-452843,Mobile,+855069452843
Smart-069-452844,Mobile,+855069452844
Smart-069-452845,Mobile,+855069452845
Smart-069-452846,Mobile,+855069452846
Smart-069-452847,Mobile,+855069452847
Smart-069-452848,Mobile,+855069452848
Smart-069-452849,Mobile,+855069452849
Smart-069-452850,Mobile,+855069452850
Smart-069-452851,Mobile,+855069452851
Smart-069-452852,Mobile,+855069452852
Smart-069-452853,Mobile,+855069452853
Smart-069-452854,Mobile,+855069452854
Smart-069-452855,Mobile,+855069452855
Smart-069-452856,Mobile,+855069452856
Smart-069-452857,Mobile,+855069452857
Smart-069-452858,Mobile,+855069452858
Smart-069-452859,Mobile,+855069452859
Smart-069-452860,Mobile,+855069452860
Smart-069-452861,Mobile,+855069452861
Smart-069-452862,Mobile,+855069452862
Smart-069-452863,Mobile,+855069452863
Smart-069-452864,Mobile,+855069452864
Smart-069-452865,Mobile,+855069452865
Smart-069-452866,Mobile,+855069452866
Smart-069-452867,Mobile,+855069452867
Smart-069-452868,Mobile,+855069452868
Smart-069-452869,Mobile,+855069452869
Smart-069-452870,Mobile,+855069452870
Smart-069-452871,Mobile,+855069452871
Smart-069-452872,Mobile,+855069452872
Smart-069-452873,Mobile,+855069452873
Smart-069-452874,Mobile,+855069452874
Smart-069-452875,Mobile,+855069452875
Smart-069-452876,Mobile,+855069452876
Smart-069-452877,Mobile,+855069452877
Smart-069-452878,Mobile,+855069452878
Smart-069-452879,Mobile,+855069452879
Smart-069-452880,Mobile,+855069452880
Smart-069-452881,Mobile,+855069452881
Smart-069-452882,Mobile,+855069452882
Smart-069-452883,Mobile,+855069452883
Smart-069-452884,Mobile,+855069452884
Smart-069-452885,Mobile,+855069452885
Smart-069-452886,Mobile,+855069452886
Smart-069-452887,Mobile,+855069452887
Smart-069-452888,Mobile,+855069452888
Smart-069-452889,Mobile,+855069452889
Smart-069-452890,Mobile,+855069452890
Smart-069-452891,Mobile,+855069452891
Smart-069-452892,Mobile,+855069452892
Smart-069-452893,Mobile,+855069452893
Smart-069-452894,Mobile,+855069452894
Smart-069-452895,Mobile,+855069452895
Smart-069-452896,Mobile,+855069452896
Smart-069-452897,Mobile,+855069452897
Smart-069-452898,Mobile,+855069452898
Smart-069-452899,Mobile,+855069452899
Smart-069-452900,Mobile,+855069452900
Smart-069-452901,Mobile,+855069452901
Smart-069-452902,Mobile,+855069452902
Smart-069-452903,Mobile,+855069452903
Smart-069-452904,Mobile,+855069452904
Smart-069-452905,Mobile,+855069452905
Smart-069-452906,Mobile,+855069452906
Smart-069-452907,Mobile,+855069452907
Smart-069-452908,Mobile,+855069452908
Smart-069-452909,Mobile,+855069452909
Smart-069-452910,Mobile,+855069452910
Smart-069-452911,Mobile,+855069452911
Smart-069-452912,Mobile,+855069452912
Smart-069-452913,Mobile,+855069452913
Smart-069-452914,Mobile,+855069452914
Smart-069-452915,Mobile,+855069452915
Smart-069-452916,Mobile,+855069452916
Smart-069-452917,Mobile,+855069452917
Smart-069-452918,Mobile,+855069452918
Smart-069-452919,Mobile,+855069452919
Smart-069-452920,Mobile,+855069452920
Smart-069-452921,Mobile,+855069452921
Smart-069-452922,Mobile,+855069452922
Smart-069-452923,Mobile,+855069452923
Smart-069-452924,Mobile,+855069452924
Smart-069-452925,Mobile,+855069452925
Smart-069-452926,Mobile,+855069452926
Smart-069-452927,Mobile,+855069452927
Smart-069-452928,Mobile,+855069452928
Smart-069-452929,Mobile,+855069452929
Smart-069-452930,Mobile,+855069452930
Smart-069-452931,Mobile,+855069452931
Smart-069-452932,Mobile,+855069452932
Smart-069-452933,Mobile,+855069452933
Smart-069-452934,Mobile,+855069452934
Smart-069-452935,Mobile,+855069452935
Smart-069-452936,Mobile,+855069452936
Smart-069-452937,Mobile,+855069452937
Smart-069-452938,Mobile,+855069452938
Smart-069-452939,Mobile,+855069452939
Smart-069-452940,Mobile,+855069452940
Smart-069-452941,Mobile,+855069452941
Smart-069-452942,Mobile,+855069452942
Smart-069-452943,Mobile,+855069452943
Smart-069-452944,Mobile,+855069452944
Smart-069-452945,Mobile,+855069452945
Smart-069-452946,Mobile,+855069452946
Smart-069-452947,Mobile,+855069452947
Smart-069-452948,Mobile,+855069452948
Smart-069-452949,Mobile,+855069452949
Smart-069-452950,Mobile,+855069452950
Smart-069-452951,Mobile,+855069452951
Smart-069-452952,Mobile,+855069452952
Smart-069-452953,Mobile,+855069452953
Smart-069-452954,Mobile,+855069452954
Smart-069-452955,Mobile,+855069452955
Smart-069-452956,Mobile,+855069452956
Smart-069-452957,Mobile,+855069452957
Smart-069-452958,Mobile,+855069452958
Smart-069-452959,Mobile,+855069452959
Smart-069-452960,Mobile,+855069452960
Smart-069-452961,Mobile,+855069452961
Smart-069-452962,Mobile,+855069452962
Smart-069-452963,Mobile,+855069452963
Smart-069-452964,Mobile,+855069452964
Smart-069-452965,Mobile,+855069452965
Smart-069-452966,Mobile,+855069452966
Smart-069-452967,Mobile,+855069452967
Smart-069-452968,Mobile,+855069452968
Smart-069-452969,Mobile,+855069452969
Smart-069-452970,Mobile,+855069452970
Smart-069-452971,Mobile,+855069452971
Smart-069-452972,Mobile,+855069452972
Smart-069-452973,Mobile,+855069452973
Smart-069-452974,Mobile,+855069452974
Smart-069-452975,Mobile,+855069452975
Smart-069-452976,Mobile,+855069452976
Smart-069-452977,Mobile,+855069452977
Smart-069-452978,Mobile,+855069452978
Smart-069-452979,Mobile,+855069452979
Smart-069-452980,Mobile,+855069452980
Smart-069-452981,Mobile,+855069452981
Smart-069-452982,Mobile,+855069452982
Smart-069-452983,Mobile,+855069452983
Smart-069-452984,Mobile,+855069452984
Smart-069-452985,Mobile,+855069452985
Smart-069-452986,Mobile,+855069452986
Smart-069-452987,Mobile,+855069452987
Smart-069-452988,Mobile,+855069452988
Smart-069-452989,Mobile,+855069452989
Smart-069-452990,Mobile,+855069452990
Smart-069-452991,Mobile,+855069452991
Smart-069-452992,Mobile,+855069452992
Smart-069-452993,Mobile,+855069452993
Smart-069-452994,Mobile,+855069452994
Smart-069-452995,Mobile,+855069452995
Smart-069-452996,Mobile,+855069452996
Smart-069-452997,Mobile,+855069452997
Smart-069-452998,Mobile,+855069452998
Smart-069-452999,Mobile,+855069452999
Smart-069-453000,Mobile,+855069453000
Smart-069-453001,Mobile,+855069453001
Smart-069-453002,Mobile,+855069453002
Smart-069-453003,Mobile,+855069453003
Smart-069-453004,Mobile,+855069453004
Smart-069-453005,Mobile,+855069453005
Smart-069-453006,Mobile,+855069453006
Smart-069-453007,Mobile,+855069453007
Smart-069-453008,Mobile,+855069453008
Smart-069-453009,Mobile,+855069453009
Smart-069-453010,Mobile,+855069453010
Smart-069-453011,Mobile,+855069453011
Smart-069-453012,Mobile,+855069453012
Smart-069-453013,Mobile,+855069453013
Smart-069-453014,Mobile,+855069453014
Smart-069-453015,Mobile,+855069453015
Smart-069-453016,Mobile,+855069453016
Smart-069-453017,Mobile,+855069453017
Smart-069-453018,Mobile,+855069453018
Smart-069-453019,Mobile,+855069453019
Smart-069-453020,Mobile,+855069453020
Smart-069-453021,Mobile,+855069453021
Smart-069-453022,Mobile,+855069453022
Smart-069-453023,Mobile,+855069453023
Smart-069-453024,Mobile,+855069453024
Smart-069-453025,Mobile,+855069453025
Smart-069-453026,Mobile,+855069453026
Smart-069-453027,Mobile,+855069453027
Smart-069-453028,Mobile,+855069453028
Smart-069-453029,Mobile,+855069453029
Smart-069-453030,Mobile,+855069453030
Smart-069-453031,Mobile,+855069453031
Smart-069-453032,Mobile,+855069453032
Smart-069-453033,Mobile,+855069453033
Smart-069-453034,Mobile,+855069453034
Smart-069-453035,Mobile,+855069453035
Smart-069-453036,Mobile,+855069453036
Smart-069-453037,Mobile,+855069453037
Smart-069-453038,Mobile,+855069453038
Smart-069-453039,Mobile,+855069453039
Smart-069-453040,Mobile,+855069453040
Smart-069-453041,Mobile,+855069453041
Smart-069-453042,Mobile,+855069453042
Smart-069-453043,Mobile,+855069453043
Smart-069-453044,Mobile,+855069453044
Smart-069-453045,Mobile,+855069453045
Smart-069-453046,Mobile,+855069453046
Smart-069-453047,Mobile,+855069453047
Smart-069-453048,Mobile,+855069453048
Smart-069-453049,Mobile,+855069453049
Smart-069-453050,Mobile,+855069453050
Smart-069-453051,Mobile,+855069453051
Smart-069-453052,Mobile,+855069453052
Smart-069-453053,Mobile,+855069453053
Smart-069-453054,Mobile,+855069453054
Smart-069-453055,Mobile,+855069453055
Smart-069-453056,Mobile,+855069453056
Smart-069-453057,Mobile,+855069453057
Smart-069-453058,Mobile,+855069453058
Smart-069-453059,Mobile,+855069453059
Smart-069-453060,Mobile,+855069453060
Smart-069-453061,Mobile,+855069453061
Smart-069-453062,Mobile,+855069453062
Smart-069-453063,Mobile,+855069453063
Smart-069-453064,Mobile,+855069453064
Smart-069-453065,Mobile,+855069453065
Smart-069-453066,Mobile,+855069453066
Smart-069-453067,Mobile,+855069453067
Smart-069-453068,Mobile,+855069453068
Smart-069-453069,Mobile,+855069453069
Smart-069-453070,Mobile,+855069453070
Smart-069-453071,Mobile,+855069453071
Smart-069-453072,Mobile,+855069453072
Smart-069-453073,Mobile,+855069453073
Smart-069-453074,Mobile,+855069453074
Smart-069-453075,Mobile,+855069453075
Smart-069-453076,Mobile,+855069453076
Smart-069-453077,Mobile,+855069453077
Smart-069-453078,Mobile,+855069453078
Smart-069-453079,Mobile,+855069453079
Smart-069-453080,Mobile,+855069453080
Smart-069-453081,Mobile,+855069453081
Smart-069-453082,Mobile,+855069453082
Smart-069-453083,Mobile,+855069453083
Smart-069-453084,Mobile,+855069453084
Smart-069-453085,Mobile,+855069453085
Smart-069-453086,Mobile,+855069453086
Smart-069-453087,Mobile,+855069453087
Smart-069-453088,Mobile,+855069453088
Smart-069-453089,Mobile,+855069453089
Smart-069-453090,Mobile,+855069453090
Smart-069-453091,Mobile,+855069453091
Smart-069-453092,Mobile,+855069453092
Smart-069-453093,Mobile,+855069453093
Smart-069-453094,Mobile,+855069453094
Smart-069-453095,Mobile,+855069453095
Smart-069-453096,Mobile,+855069453096
Smart-069-453097,Mobile,+855069453097
Smart-069-453098,Mobile,+855069453098
Smart-069-453099,Mobile,+855069453099
Smart-069-453100,Mobile,+855069453100
Smart-069-453101,Mobile,+855069453101
Smart-069-453102,Mobile,+855069453102
Smart-069-453103,Mobile,+855069453103
Smart-069-453104,Mobile,+855069453104
Smart-069-453105,Mobile,+855069453105
Smart-069-453106,Mobile,+855069453106
Smart-069-453107,Mobile,+855069453107
Smart-069-453108,Mobile,+855069453108
Smart-069-453109,Mobile,+855069453109
Smart-069-453110,Mobile,+855069453110
Smart-069-453111,Mobile,+855069453111
Smart-069-453112,Mobile,+855069453112
Smart-069-453113,Mobile,+855069453113
Smart-069-453114,Mobile,+855069453114
Smart-069-453115,Mobile,+855069453115
Smart-069-453116,Mobile,+855069453116
Smart-069-453117,Mobile,+855069453117
Smart-069-453118,Mobile,+855069453118
Smart-069-453119,Mobile,+855069453119
Smart-069-453120,Mobile,+855069453120
Smart-069-453121,Mobile,+855069453121
Smart-069-453122,Mobile,+855069453122
Smart-069-453123,Mobile,+855069453123
Smart-069-453124,Mobile,+855069453124
Smart-069-453125,Mobile,+855069453125
Smart-069-453126,Mobile,+855069453126
Smart-069-453127,Mobile,+855069453127
Smart-069-453128,Mobile,+855069453128
Smart-069-453129,Mobile,+855069453129
Smart-069-453130,Mobile,+855069453130
Smart-069-453131,Mobile,+855069453131
Smart-069-453132,Mobile,+855069453132
Smart-069-453133,Mobile,+855069453133
Smart-069-453134,Mobile,+855069453134
Smart-069-453135,Mobile,+855069453135
Smart-069-453136,Mobile,+855069453136
Smart-069-453137,Mobile,+855069453137
Smart-069-453138,Mobile,+855069453138
Smart-069-453139,Mobile,+855069453139
Smart-069-453140,Mobile,+855069453140
Smart-069-453141,Mobile,+855069453141
Smart-069-453142,Mobile,+855069453142
Smart-069-453143,Mobile,+855069453143
Smart-069-453144,Mobile,+855069453144
Smart-069-453145,Mobile,+855069453145
Smart-069-453146,Mobile,+855069453146
Smart-069-453147,Mobile,+855069453147
Smart-069-453148,Mobile,+855069453148
Smart-069-453149,Mobile,+855069453149
Smart-069-453150,Mobile,+855069453150
Smart-069-453151,Mobile,+855069453151
Smart-069-453152,Mobile,+855069453152
Smart-069-453153,Mobile,+855069453153
Smart-069-453154,Mobile,+855069453154
Smart-069-453155,Mobile,+855069453155
Smart-069-453156,Mobile,+855069453156
Smart-069-453157,Mobile,+855069453157
Smart-069-453158,Mobile,+855069453158
Smart-069-453159,Mobile,+855069453159
Smart-069-453160,Mobile,+855069453160
Smart-069-453161,Mobile,+855069453161
Smart-069-453162,Mobile,+855069453162
Smart-069-453163,Mobile,+855069453163
Smart-069-453164,Mobile,+855069453164
Smart-069-453165,Mobile,+855069453165
Smart-069-453166,Mobile,+855069453166
Smart-069-453167,Mobile,+855069453167
Smart-069-453168,Mobile,+855069453168
Smart-069-453169,Mobile,+855069453169
Smart-069-453170,Mobile,+855069453170
Smart-069-453171,Mobile,+855069453171
Smart-069-453172,Mobile,+855069453172
Smart-069-453173,Mobile,+855069453173
Smart-069-453174,Mobile,+855069453174
Smart-069-453175,Mobile,+855069453175
Smart-069-453176,Mobile,+855069453176
Smart-069-453177,Mobile,+855069453177
Smart-069-453178,Mobile,+855069453178
Smart-069-453179,Mobile,+855069453179
Smart-069-453180,Mobile,+855069453180
Smart-069-453181,Mobile,+855069453181
Smart-069-453182,Mobile,+855069453182
Smart-069-453183,Mobile,+855069453183
Smart-069-453184,Mobile,+855069453184
Smart-069-453185,Mobile,+855069453185
Smart-069-453186,Mobile,+855069453186
Smart-069-453187,Mobile,+855069453187
Smart-069-453188,Mobile,+855069453188
Smart-069-453189,Mobile,+855069453189
Smart-069-453190,Mobile,+855069453190
Smart-069-453191,Mobile,+855069453191
Smart-069-453192,Mobile,+855069453192
Smart-069-453193,Mobile,+855069453193
Smart-069-453194,Mobile,+855069453194
Smart-069-453195,Mobile,+855069453195
Smart-069-453196,Mobile,+855069453196
Smart-069-453197,Mobile,+855069453197
Smart-069-453198,Mobile,+855069453198
Smart-069-453199,Mobile,+855069453199
Smart-069-453200,Mobile,+855069453200
Smart-069-453201,Mobile,+855069453201
Smart-069-453202,Mobile,+855069453202
Smart-069-453203,Mobile,+855069453203
Smart-069-453204,Mobile,+855069453204
Smart-069-453205,Mobile,+855069453205
Smart-069-453206,Mobile,+855069453206
Smart-069-453207,Mobile,+855069453207
Smart-069-453208,Mobile,+855069453208
Smart-069-453209,Mobile,+855069453209
Smart-069-453210,Mobile,+855069453210
Smart-069-453211,Mobile,+855069453211
Smart-069-453212,Mobile,+855069453212
Smart-069-453213,Mobile,+855069453213
Smart-069-453214,Mobile,+855069453214
Smart-069-453215,Mobile,+855069453215
Smart-069-453216,Mobile,+855069453216
Smart-069-453217,Mobile,+855069453217
Smart-069-453218,Mobile,+855069453218
Smart-069-453219,Mobile,+855069453219
Smart-069-453220,Mobile,+855069453220
Smart-069-453221,Mobile,+855069453221
Smart-069-453222,Mobile,+855069453222
Smart-069-453223,Mobile,+855069453223
Smart-069-453224,Mobile,+855069453224
Smart-069-453225,Mobile,+855069453225
Smart-069-453226,Mobile,+855069453226
Smart-069-453227,Mobile,+855069453227
Smart-069-453228,Mobile,+855069453228
Smart-069-453229,Mobile,+855069453229
Smart-069-453230,Mobile,+855069453230
Smart-069-453231,Mobile,+855069453231
Smart-069-453232,Mobile,+855069453232
Smart-069-453233,Mobile,+855069453233
Smart-069-453234,Mobile,+855069453234
Smart-069-453235,Mobile,+855069453235
Smart-069-453236,Mobile,+855069453236
Smart-069-453237,Mobile,+855069453237
Smart-069-453238,Mobile,+855069453238
Smart-069-453239,Mobile,+855069453239
Smart-069-453240,Mobile,+855069453240
Smart-069-453241,Mobile,+855069453241
Smart-069-453242,Mobile,+855069453242
Smart-069-453243,Mobile,+855069453243
Smart-069-453244,Mobile,+855069453244
Smart-069-453245,Mobile,+855069453245
Smart-069-453246,Mobile,+855069453246
Smart-069-453247,Mobile,+855069453247
Smart-069-453248,Mobile,+855069453248
Smart-069-453249,Mobile,+855069453249
Smart-069-453250,Mobile,+855069453250
Smart-069-453251,Mobile,+855069453251
Smart-069-453252,Mobile,+855069453252
Smart-069-453253,Mobile,+855069453253
Smart-069-453254,Mobile,+855069453254
Smart-069-453255,Mobile,+855069453255
Smart-069-453256,Mobile,+855069453256
Smart-069-453257,Mobile,+855069453257
Smart-069-453258,Mobile,+855069453258
Smart-069-453259,Mobile,+855069453259
Smart-069-453260,Mobile,+855069453260
Smart-069-453261,Mobile,+855069453261
Smart-069-453262,Mobile,+855069453262
Smart-069-453263,Mobile,+855069453263
Smart-069-453264,Mobile,+855069453264
Smart-069-453265,Mobile,+855069453265
Smart-069-453266,Mobile,+855069453266
Smart-069-453267,Mobile,+855069453267
Smart-069-453268,Mobile,+855069453268
Smart-069-453269,Mobile,+855069453269
Smart-069-453270,Mobile,+855069453270
Smart-069-453271,Mobile,+855069453271
Smart-069-453272,Mobile,+855069453272
Smart-069-453273,Mobile,+855069453273
Smart-069-453274,Mobile,+855069453274
Smart-069-453275,Mobile,+855069453275
Smart-069-453276,Mobile,+855069453276
Smart-069-453277,Mobile,+855069453277
Smart-069-453278,Mobile,+855069453278
Smart-069-453279,Mobile,+855069453279
Smart-069-453280,Mobile,+855069453280
Smart-069-453281,Mobile,+855069453281
Smart-069-453282,Mobile,+855069453282
Smart-069-453283,Mobile,+855069453283
Smart-069-453284,Mobile,+855069453284
Smart-069-453285,Mobile,+855069453285
Smart-069-453286,Mobile,+855069453286
Smart-069-453287,Mobile,+855069453287
Smart-069-453288,Mobile,+855069453288
Smart-069-453289,Mobile,+855069453289
Smart-069-453290,Mobile,+855069453290
Smart-069-453291,Mobile,+855069453291
Smart-069-453292,Mobile,+855069453292
Smart-069-453293,Mobile,+855069453293
Smart-069-453294,Mobile,+855069453294
Smart-069-453295,Mobile,+855069453295
Smart-069-453296,Mobile,+855069453296
Smart-069-453297,Mobile,+855069453297
Smart-069-453298,Mobile,+855069453298
Smart-069-453299,Mobile,+855069453299
Smart-069-453300,Mobile,+855069453300
Smart-069-453301,Mobile,+855069453301
Smart-069-453302,Mobile,+855069453302
Smart-069-453303,Mobile,+855069453303
Smart-069-453304,Mobile,+855069453304
Smart-069-453305,Mobile,+855069453305
Smart-069-453306,Mobile,+855069453306
Smart-069-453307,Mobile,+855069453307
Smart-069-453308,Mobile,+855069453308
Smart-069-453309,Mobile,+855069453309
Smart-069-453310,Mobile,+855069453310
Smart-069-453311,Mobile,+855069453311
Smart-069-453312,Mobile,+855069453312
Smart-069-453313,Mobile,+855069453313
Smart-069-453314,Mobile,+855069453314
Smart-069-453315,Mobile,+855069453315
Smart-069-453316,Mobile,+855069453316
Smart-069-453317,Mobile,+855069453317
Smart-069-453318,Mobile,+855069453318
Smart-069-453319,Mobile,+855069453319
Smart-069-453320,Mobile,+855069453320
Smart-069-453321,Mobile,+855069453321
Smart-069-453322,Mobile,+855069453322
Smart-069-453323,Mobile,+855069453323
Smart-069-453324,Mobile,+855069453324
Smart-069-453325,Mobile,+855069453325
Smart-069-453326,Mobile,+855069453326
Smart-069-453327,Mobile,+855069453327
Smart-069-453328,Mobile,+855069453328
Smart-069-453329,Mobile,+855069453329
Smart-069-453330,Mobile,+855069453330
Smart-069-453331,Mobile,+855069453331
Smart-069-453332,Mobile,+855069453332
Smart-069-453333,Mobile,+855069453333
Smart-069-453334,Mobile,+855069453334
Smart-069-453335,Mobile,+855069453335
Smart-069-453336,Mobile,+855069453336
Smart-069-453337,Mobile,+855069453337
Smart-069-453338,Mobile,+855069453338
Smart-069-453339,Mobile,+855069453339
Smart-069-453340,Mobile,+855069453340
Smart-069-453341,Mobile,+855069453341
Smart-069-453342,Mobile,+855069453342
Smart-069-453343,Mobile,+855069453343
Smart-069-453344,Mobile,+855069453344
Smart-069-453345,Mobile,+855069453345
Smart-069-453346,Mobile,+855069453346
Smart-069-453347,Mobile,+855069453347
Smart-069-453348,Mobile,+855069453348
Smart-069-453349,Mobile,+855069453349
Smart-069-453350,Mobile,+855069453350
Smart-069-453351,Mobile,+855069453351
Smart-069-453352,Mobile,+855069453352
Smart-069-453353,Mobile,+855069453353
Smart-069-453354,Mobile,+855069453354
Smart-069-453355,Mobile,+855069453355
Smart-069-453356,Mobile,+855069453356
Smart-069-453357,Mobile,+855069453357
Smart-069-453358,Mobile,+855069453358
Smart-069-453359,Mobile,+855069453359
Smart-069-453360,Mobile,+855069453360
Smart-069-453361,Mobile,+855069453361
Smart-069-453362,Mobile,+855069453362
Smart-069-453363,Mobile,+855069453363
Smart-069-453364,Mobile,+855069453364
Smart-069-453365,Mobile,+855069453365
Smart-069-453366,Mobile,+855069453366
Smart-069-453367,Mobile,+855069453367
Smart-069-453368,Mobile,+855069453368
Smart-069-453369,Mobile,+855069453369
Smart-069-453370,Mobile,+855069453370
Smart-069-453371,Mobile,+855069453371
Smart-069-453372,Mobile,+855069453372
Smart-069-453373,Mobile,+855069453373
Smart-069-453374,Mobile,+855069453374
Smart-069-453375,Mobile,+855069453375
Smart-069-453376,Mobile,+855069453376
Smart-069-453377,Mobile,+855069453377
Smart-069-453378,Mobile,+855069453378
Smart-069-453379,Mobile,+855069453379
Smart-069-453380,Mobile,+855069453380
Smart-069-453381,Mobile,+855069453381
Smart-069-453382,Mobile,+855069453382
Smart-069-453383,Mobile,+855069453383
Smart-069-453384,Mobile,+855069453384
Smart-069-453385,Mobile,+855069453385
Smart-069-453386,Mobile,+855069453386
Smart-069-453387,Mobile,+855069453387
Smart-069-453388,Mobile,+855069453388
Smart-069-453389,Mobile,+855069453389
Smart-069-453390,Mobile,+855069453390
Smart-069-453391,Mobile,+855069453391
Smart-069-453392,Mobile,+855069453392
Smart-069-453393,Mobile,+855069453393
Smart-069-453394,Mobile,+855069453394
Smart-069-453395,Mobile,+855069453395
Smart-069-453396,Mobile,+855069453396
Smart-069-453397,Mobile,+855069453397
Smart-069-453398,Mobile,+855069453398
Smart-069-453399,Mobile,+855069453399
Smart-069-453400,Mobile,+855069453400
Smart-069-453401,Mobile,+855069453401
Smart-069-453402,Mobile,+855069453402
Smart-069-453403,Mobile,+855069453403
Smart-069-453404,Mobile,+855069453404
Smart-069-453405,Mobile,+855069453405
Smart-069-453406,Mobile,+855069453406
Smart-069-453407,Mobile,+855069453407
Smart-069-453408,Mobile,+855069453408
Smart-069-453409,Mobile,+855069453409
Smart-069-453410,Mobile,+855069453410
Smart-069-453411,Mobile,+855069453411
Smart-069-453412,Mobile,+855069453412
Smart-069-453413,Mobile,+855069453413
Smart-069-453414,Mobile,+855069453414
Smart-069-453415,Mobile,+855069453415
Smart-069-453416,Mobile,+855069453416
Smart-069-453417,Mobile,+855069453417
Smart-069-453418,Mobile,+855069453418
Smart-069-453419,Mobile,+855069453419
Smart-069-453420,Mobile,+855069453420
Smart-069-453421,Mobile,+855069453421
Smart-069-453422,Mobile,+855069453422
Smart-069-453423,Mobile,+855069453423
Smart-069-453424,Mobile,+855069453424
Smart-069-453425,Mobile,+855069453425
Smart-069-453426,Mobile,+855069453426
Smart-069-453427,Mobile,+855069453427
Smart-069-453428,Mobile,+855069453428
Smart-069-453429,Mobile,+855069453429
Smart-069-453430,Mobile,+855069453430
Smart-069-453431,Mobile,+855069453431
Smart-069-453432,Mobile,+855069453432
Smart-069-453433,Mobile,+855069453433
Smart-069-453434,Mobile,+855069453434
Smart-069-453435,Mobile,+855069453435
Smart-069-453436,Mobile,+855069453436
Smart-069-453437,Mobile,+855069453437
Smart-069-453438,Mobile,+855069453438
Smart-069-453439,Mobile,+855069453439
Smart-069-453440,Mobile,+855069453440
Smart-069-453441,Mobile,+855069453441
Smart-069-453442,Mobile,+855069453442
Smart-069-453443,Mobile,+855069453443
Smart-069-453444,Mobile,+855069453444
Smart-069-453445,Mobile,+855069453445
Smart-069-453446,Mobile,+855069453446
Smart-069-453447,Mobile,+855069453447
Smart-069-453448,Mobile,+855069453448
Smart-069-453449,Mobile,+855069453449
Smart-069-453450,Mobile,+855069453450
Smart-069-453451,Mobile,+855069453451
Smart-069-453452,Mobile,+855069453452
Smart-069-453453,Mobile,+855069453453
Smart-069-453454,Mobile,+855069453454
Smart-069-453455,Mobile,+855069453455
Smart-069-453456,Mobile,+855069453456
Smart-069-453457,Mobile,+855069453457
Smart-069-453458,Mobile,+855069453458
Smart-069-453459,Mobile,+855069453459
Smart-069-453460,Mobile,+855069453460
Smart-069-453461,Mobile,+855069453461
Smart-069-453462,Mobile,+855069453462
Smart-069-453463,Mobile,+855069453463
Smart-069-453464,Mobile,+855069453464
Smart-069-453465,Mobile,+855069453465
Smart-069-453466,Mobile,+855069453466
Smart-069-453467,Mobile,+855069453467
Smart-069-453468,Mobile,+855069453468
Smart-069-453469,Mobile,+855069453469
Smart-069-453470,Mobile,+855069453470
Smart-069-453471,Mobile,+855069453471
Smart-069-453472,Mobile,+855069453472
Smart-069-453473,Mobile,+855069453473
Smart-069-453474,Mobile,+855069453474
Smart-069-453475,Mobile,+855069453475
Smart-069-453476,Mobile,+855069453476
Smart-069-453477,Mobile,+855069453477
Smart-069-453478,Mobile,+855069453478
Smart-069-453479,Mobile,+855069453479
Smart-069-453480,Mobile,+855069453480
Smart-069-453481,Mobile,+855069453481
Smart-069-453482,Mobile,+855069453482
Smart-069-453483,Mobile,+855069453483
Smart-069-453484,Mobile,+855069453484
Smart-069-453485,Mobile,+855069453485
Smart-069-453486,Mobile,+855069453486
Smart-069-453487,Mobile,+855069453487
Smart-069-453488,Mobile,+855069453488
Smart-069-453489,Mobile,+855069453489
Smart-069-453490,Mobile,+855069453490
Smart-069-453491,Mobile,+855069453491
Smart-069-453492,Mobile,+855069453492
Smart-069-453493,Mobile,+855069453493
Smart-069-453494,Mobile,+855069453494
Smart-069-453495,Mobile,+855069453495
Smart-069-453496,Mobile,+855069453496
Smart-069-453497,Mobile,+855069453497
Smart-069-453498,Mobile,+855069453498
Smart-069-453499,Mobile,+855069453499
Smart-069-453500,Mobile,+855069453500
Smart-069-453501,Mobile,+855069453501
Smart-069-453502,Mobile,+855069453502
Smart-069-453503,Mobile,+855069453503
Smart-069-453504,Mobile,+855069453504
Smart-069-453505,Mobile,+855069453505
Smart-069-453506,Mobile,+855069453506
Smart-069-453507,Mobile,+855069453507
Smart-069-453508,Mobile,+855069453508
Smart-069-453509,Mobile,+855069453509
Smart-069-453510,Mobile,+855069453510
Smart-069-453511,Mobile,+855069453511
Smart-069-453512,Mobile,+855069453512
Smart-069-453513,Mobile,+855069453513
Smart-069-453514,Mobile,+855069453514
Smart-069-453515,Mobile,+855069453515
Smart-069-453516,Mobile,+855069453516
Smart-069-453517,Mobile,+855069453517
Smart-069-453518,Mobile,+855069453518
Smart-069-453519,Mobile,+855069453519
Smart-069-453520,Mobile,+855069453520
Smart-069-453521,Mobile,+855069453521
Smart-069-453522,Mobile,+855069453522
Smart-069-453523,Mobile,+855069453523
Smart-069-453524,Mobile,+855069453524
Smart-069-453525,Mobile,+855069453525
Smart-069-453526,Mobile,+855069453526
Smart-069-453527,Mobile,+855069453527
Smart-069-453528,Mobile,+855069453528
Smart-069-453529,Mobile,+855069453529
Smart-069-453530,Mobile,+855069453530
Smart-069-453531,Mobile,+855069453531
Smart-069-453532,Mobile,+855069453532
Smart-069-453533,Mobile,+855069453533
Smart-069-453534,Mobile,+855069453534
Smart-069-453535,Mobile,+855069453535
Smart-069-453536,Mobile,+855069453536
Smart-069-453537,Mobile,+855069453537
Smart-069-453538,Mobile,+855069453538
Smart-069-453539,Mobile,+855069453539
Smart-069-453540,Mobile,+855069453540
Smart-069-453541,Mobile,+855069453541
Smart-069-453542,Mobile,+855069453542
Smart-069-453543,Mobile,+855069453543
Smart-069-453544,Mobile,+855069453544
Smart-069-453545,Mobile,+855069453545
Smart-069-453546,Mobile,+855069453546
Smart-069-453547,Mobile,+855069453547
Smart-069-453548,Mobile,+855069453548
Smart-069-453549,Mobile,+855069453549
Smart-069-453550,Mobile,+855069453550
Smart-069-453551,Mobile,+855069453551
Smart-069-453552,Mobile,+855069453552
Smart-069-453553,Mobile,+855069453553
Smart-069-453554,Mobile,+855069453554
Smart-069-453555,Mobile,+855069453555
Smart-069-453556,Mobile,+855069453556
Smart-069-453557,Mobile,+855069453557
Smart-069-453558,Mobile,+855069453558
Smart-069-453559,Mobile,+855069453559
Smart-069-453560,Mobile,+855069453560
Smart-069-453561,Mobile,+855069453561
Smart-069-453562,Mobile,+855069453562
Smart-069-453563,Mobile,+855069453563
Smart-069-453564,Mobile,+855069453564
Smart-069-453565,Mobile,+855069453565
Smart-069-453566,Mobile,+855069453566
Smart-069-453567,Mobile,+855069453567
Smart-069-453568,Mobile,+855069453568
Smart-069-453569,Mobile,+855069453569
Smart-069-453570,Mobile,+855069453570
Smart-069-453571,Mobile,+855069453571
Smart-069-453572,Mobile,+855069453572
Smart-069-453573,Mobile,+855069453573
Smart-069-453574,Mobile,+855069453574
Smart-069-453575,Mobile,+855069453575
Smart-069-453576,Mobile,+855069453576
Smart-069-453577,Mobile,+855069453577
Smart-069-453578,Mobile,+855069453578
Smart-069-453579,Mobile,+855069453579
Smart-069-453580,Mobile,+855069453580
Smart-069-453581,Mobile,+855069453581
Smart-069-453582,Mobile,+855069453582
Smart-069-453583,Mobile,+855069453583
Smart-069-453584,Mobile,+855069453584
Smart-069-453585,Mobile,+855069453585
Smart-069-453586,Mobile,+855069453586
Smart-069-453587,Mobile,+855069453587
Smart-069-453588,Mobile,+855069453588
Smart-069-453589,Mobile,+855069453589
Smart-069-453590,Mobile,+855069453590
Smart-069-453591,Mobile,+855069453591
Smart-069-453592,Mobile,+855069453592
Smart-069-453593,Mobile,+855069453593
Smart-069-453594,Mobile,+855069453594
Smart-069-453595,Mobile,+855069453595
Smart-069-453596,Mobile,+855069453596
Smart-069-453597,Mobile,+855069453597
Smart-069-453598,Mobile,+855069453598
Smart-069-453599,Mobile,+855069453599
Smart-069-453600,Mobile,+855069453600
Smart-069-453601,Mobile,+855069453601
Smart-069-453602,Mobile,+855069453602
Smart-069-453603,Mobile,+855069453603
Smart-069-453604,Mobile,+855069453604
Smart-069-453605,Mobile,+855069453605
Smart-069-453606,Mobile,+855069453606
Smart-069-453607,Mobile,+855069453607
Smart-069-453608,Mobile,+855069453608
Smart-069-453609,Mobile,+855069453609
Smart-069-453610,Mobile,+855069453610
Smart-069-453611,Mobile,+855069453611
Smart-069-453612,Mobile,+855069453612
Smart-069-453613,Mobile,+855069453613
Smart-069-453614,Mobile,+855069453614
Smart-069-453615,Mobile,+855069453615
Smart-069-453616,Mobile,+855069453616
Smart-069-453617,Mobile,+855069453617
Smart-069-453618,Mobile,+855069453618
Smart-069-453619,Mobile,+855069453619
Smart-069-453620,Mobile,+855069453620
Smart-069-453621,Mobile,+855069453621
Smart-069-453622,Mobile,+855069453622
Smart-069-453623,Mobile,+855069453623
Smart-069-453624,Mobile,+855069453624
Smart-069-453625,Mobile,+855069453625
Smart-069-453626,Mobile,+855069453626
Smart-069-453627,Mobile,+855069453627
Smart-069-453628,Mobile,+855069453628
Smart-069-453629,Mobile,+855069453629
Smart-069-453630,Mobile,+855069453630
Smart-069-453631,Mobile,+855069453631
Smart-069-453632,Mobile,+855069453632
Smart-069-453633,Mobile,+855069453633
Smart-069-453634,Mobile,+855069453634
Smart-069-453635,Mobile,+855069453635
Smart-069-453636,Mobile,+855069453636
Smart-069-453637,Mobile,+855069453637
Smart-069-453638,Mobile,+855069453638
Smart-069-453639,Mobile,+855069453639
Smart-069-453640,Mobile,+855069453640
Smart-069-453641,Mobile,+855069453641
Smart-069-453642,Mobile,+855069453642
Smart-069-453643,Mobile,+855069453643
Smart-069-453644,Mobile,+855069453644
Smart-069-453645,Mobile,+855069453645
Smart-069-453646,Mobile,+855069453646
Smart-069-453647,Mobile,+855069453647
Smart-069-453648,Mobile,+855069453648
Smart-069-453649,Mobile,+855069453649
Smart-069-453650,Mobile,+855069453650
Smart-069-453651,Mobile,+855069453651
Smart-069-453652,Mobile,+855069453652
Smart-069-453653,Mobile,+855069453653
Smart-069-453654,Mobile,+855069453654
Smart-069-453655,Mobile,+855069453655
Smart-069-453656,Mobile,+855069453656
Smart-069-453657,Mobile,+855069453657
Smart-069-453658,Mobile,+855069453658
Smart-069-453659,Mobile,+855069453659
Smart-069-453660,Mobile,+855069453660
Smart-069-453661,Mobile,+855069453661
Smart-069-453662,Mobile,+855069453662
Smart-069-453663,Mobile,+855069453663
Smart-069-453664,Mobile,+855069453664
Smart-069-453665,Mobile,+855069453665
Smart-069-453666,Mobile,+855069453666
Smart-069-453667,Mobile,+855069453667
Smart-069-453668,Mobile,+855069453668
Smart-069-453669,Mobile,+855069453669
Smart-069-453670,Mobile,+855069453670
Smart-069-453671,Mobile,+855069453671
Smart-069-453672,Mobile,+855069453672
Smart-069-453673,Mobile,+855069453673
Smart-069-453674,Mobile,+855069453674
Smart-069-453675,Mobile,+855069453675
Smart-069-453676,Mobile,+855069453676
Smart-069-453677,Mobile,+855069453677
Smart-069-453678,Mobile,+855069453678
Smart-069-453679,Mobile,+855069453679
Smart-069-453680,Mobile,+855069453680
Smart-069-453681,Mobile,+855069453681
Smart-069-453682,Mobile,+855069453682
Smart-069-453683,Mobile,+855069453683
Smart-069-453684,Mobile,+855069453684
Smart-069-453685,Mobile,+855069453685
Smart-069-453686,Mobile,+855069453686
Smart-069-453687,Mobile,+855069453687
Smart-069-453688,Mobile,+855069453688
Smart-069-453689,Mobile,+855069453689
Smart-069-453690,Mobile,+855069453690
Smart-069-453691,Mobile,+855069453691
Smart-069-453692,Mobile,+855069453692
Smart-069-453693,Mobile,+855069453693
Smart-069-453694,Mobile,+855069453694
Smart-069-453695,Mobile,+855069453695
Smart-069-453696,Mobile,+855069453696
Smart-069-453697,Mobile,+855069453697
Smart-069-453698,Mobile,+855069453698
Smart-069-453699,Mobile,+855069453699
Smart-069-453700,Mobile,+855069453700
Smart-069-453701,Mobile,+855069453701
Smart-069-453702,Mobile,+855069453702
Smart-069-453703,Mobile,+855069453703
Smart-069-453704,Mobile,+855069453704
Smart-069-453705,Mobile,+855069453705
Smart-069-453706,Mobile,+855069453706
Smart-069-453707,Mobile,+855069453707
Smart-069-453708,Mobile,+855069453708
Smart-069-453709,Mobile,+855069453709
Smart-069-453710,Mobile,+855069453710
Smart-069-453711,Mobile,+855069453711
Smart-069-453712,Mobile,+855069453712
Smart-069-453713,Mobile,+855069453713
Smart-069-453714,Mobile,+855069453714
Smart-069-453715,Mobile,+855069453715
Smart-069-453716,Mobile,+855069453716
Smart-069-453717,Mobile,+855069453717
Smart-069-453718,Mobile,+855069453718
Smart-069-453719,Mobile,+855069453719
Smart-069-453720,Mobile,+855069453720
Smart-069-453721,Mobile,+855069453721
Smart-069-453722,Mobile,+855069453722
Smart-069-453723,Mobile,+855069453723
Smart-069-453724,Mobile,+855069453724
Smart-069-453725,Mobile,+855069453725
Smart-069-453726,Mobile,+855069453726
Smart-069-453727,Mobile,+855069453727
Smart-069-453728,Mobile,+855069453728
Smart-069-453729,Mobile,+855069453729
Smart-069-453730,Mobile,+855069453730
Smart-069-453731,Mobile,+855069453731
Smart-069-453732,Mobile,+855069453732
Smart-069-453733,Mobile,+855069453733
Smart-069-453734,Mobile,+855069453734
Smart-069-453735,Mobile,+855069453735
Smart-069-453736,Mobile,+855069453736
Smart-069-453737,Mobile,+855069453737
Smart-069-453738,Mobile,+855069453738
Smart-069-453739,Mobile,+855069453739
Smart-069-453740,Mobile,+855069453740
Smart-069-453741,Mobile,+855069453741
Smart-069-453742,Mobile,+855069453742
Smart-069-453743,Mobile,+855069453743
Smart-069-453744,Mobile,+855069453744
Smart-069-453745,Mobile,+855069453745
Smart-069-453746,Mobile,+855069453746
Smart-069-453747,Mobile,+855069453747
Smart-069-453748,Mobile,+855069453748
Smart-069-453749,Mobile,+855069453749
Smart-069-453750,Mobile,+855069453750
Smart-069-453751,Mobile,+855069453751
Smart-069-453752,Mobile,+855069453752
Smart-069-453753,Mobile,+855069453753
Smart-069-453754,Mobile,+855069453754
Smart-069-453755,Mobile,+855069453755
Smart-069-453756,Mobile,+855069453756
Smart-069-453757,Mobile,+855069453757
Smart-069-453758,Mobile,+855069453758
Smart-069-453759,Mobile,+855069453759
Smart-069-453760,Mobile,+855069453760
Smart-069-453761,Mobile,+855069453761
Smart-069-453762,Mobile,+855069453762
Smart-069-453763,Mobile,+855069453763
Smart-069-453764,Mobile,+855069453764
Smart-069-453765,Mobile,+855069453765
Smart-069-453766,Mobile,+855069453766
Smart-069-453767,Mobile,+855069453767
Smart-069-453768,Mobile,+855069453768
Smart-069-453769,Mobile,+855069453769
Smart-069-453770,Mobile,+855069453770
Smart-069-453771,Mobile,+855069453771
Smart-069-453772,Mobile,+855069453772
Smart-069-453773,Mobile,+855069453773
Smart-069-453774,Mobile,+855069453774
Smart-069-453775,Mobile,+855069453775
Smart-069-453776,Mobile,+855069453776
Smart-069-453777,Mobile,+855069453777
Smart-069-453778,Mobile,+855069453778
Smart-069-453779,Mobile,+855069453779
Smart-069-453780,Mobile,+855069453780
Smart-069-453781,Mobile,+855069453781
Smart-069-453782,Mobile,+855069453782
Smart-069-453783,Mobile,+855069453783
Smart-069-453784,Mobile,+855069453784
Smart-069-453785,Mobile,+855069453785
Smart-069-453786,Mobile,+855069453786
Smart-069-453787,Mobile,+855069453787
Smart-069-453788,Mobile,+855069453788
Smart-069-453789,Mobile,+855069453789
Smart-069-453790,Mobile,+855069453790
Smart-069-453791,Mobile,+855069453791
Smart-069-453792,Mobile,+855069453792
Smart-069-453793,Mobile,+855069453793
Smart-069-453794,Mobile,+855069453794
Smart-069-453795,Mobile,+855069453795
Smart-069-453796,Mobile,+855069453796
Smart-069-453797,Mobile,+855069453797
Smart-069-453798,Mobile,+855069453798
Smart-069-453799,Mobile,+855069453799
Smart-069-453800,Mobile,+855069453800
Smart-069-453801,Mobile,+855069453801
Smart-069-453802,Mobile,+855069453802
Smart-069-453803,Mobile,+855069453803
Smart-069-453804,Mobile,+855069453804
Smart-069-453805,Mobile,+855069453805
Smart-069-453806,Mobile,+855069453806
Smart-069-453807,Mobile,+855069453807
Smart-069-453808,Mobile,+855069453808
Smart-069-453809,Mobile,+855069453809
Smart-069-453810,Mobile,+855069453810
Smart-069-453811,Mobile,+855069453811
Smart-069-453812,Mobile,+855069453812
Smart-069-453813,Mobile,+855069453813
Smart-069-453814,Mobile,+855069453814
Smart-069-453815,Mobile,+855069453815
Smart-069-453816,Mobile,+855069453816
Smart-069-453817,Mobile,+855069453817
Smart-069-453818,Mobile,+855069453818
Smart-069-453819,Mobile,+855069453819
Smart-069-453820,Mobile,+855069453820
Smart-069-453821,Mobile,+855069453821
Smart-069-453822,Mobile,+855069453822
Smart-069-453823,Mobile,+855069453823
Smart-069-453824,Mobile,+855069453824
Smart-069-453825,Mobile,+855069453825
Smart-069-453826,Mobile,+855069453826
Smart-069-453827,Mobile,+855069453827
Smart-069-453828,Mobile,+855069453828
Smart-069-453829,Mobile,+855069453829
Smart-069-453830,Mobile,+855069453830
Smart-069-453831,Mobile,+855069453831
Smart-069-453832,Mobile,+855069453832
Smart-069-453833,Mobile,+855069453833
Smart-069-453834,Mobile,+855069453834
Smart-069-453835,Mobile,+855069453835
Smart-069-453836,Mobile,+855069453836
Smart-069-453837,Mobile,+855069453837
Smart-069-453838,Mobile,+855069453838
Smart-069-453839,Mobile,+855069453839
Smart-069-453840,Mobile,+855069453840
Smart-069-453841,Mobile,+855069453841
Smart-069-453842,Mobile,+855069453842
Smart-069-453843,Mobile,+855069453843
Smart-069-453844,Mobile,+855069453844
Smart-069-453845,Mobile,+855069453845
Smart-069-453846,Mobile,+855069453846
Smart-069-453847,Mobile,+855069453847
Smart-069-453848,Mobile,+855069453848
Smart-069-453849,Mobile,+855069453849
Smart-069-453850,Mobile,+855069453850
Smart-069-453851,Mobile,+855069453851
Smart-069-453852,Mobile,+855069453852
Smart-069-453853,Mobile,+855069453853
Smart-069-453854,Mobile,+855069453854
Smart-069-453855,Mobile,+855069453855
Smart-069-453856,Mobile,+855069453856
Smart-069-453857,Mobile,+855069453857
Smart-069-453858,Mobile,+855069453858
Smart-069-453859,Mobile,+855069453859
Smart-069-453860,Mobile,+855069453860
Smart-069-453861,Mobile,+855069453861
Smart-069-453862,Mobile,+855069453862
Smart-069-453863,Mobile,+855069453863
Smart-069-453864,Mobile,+855069453864
Smart-069-453865,Mobile,+855069453865
Smart-069-453866,Mobile,+855069453866
Smart-069-453867,Mobile,+855069453867
Smart-069-453868,Mobile,+855069453868
Smart-069-453869,Mobile,+855069453869
Smart-069-453870,Mobile,+855069453870
Smart-069-453871,Mobile,+855069453871
Smart-069-453872,Mobile,+855069453872
Smart-069-453873,Mobile,+855069453873
Smart-069-453874,Mobile,+855069453874
Smart-069-453875,Mobile,+855069453875
Smart-069-453876,Mobile,+855069453876
Smart-069-453877,Mobile,+855069453877
Smart-069-453878,Mobile,+855069453878
Smart-069-453879,Mobile,+855069453879
Smart-069-453880,Mobile,+855069453880
Smart-069-453881,Mobile,+855069453881
Smart-069-453882,Mobile,+855069453882
Smart-069-453883,Mobile,+855069453883
Smart-069-453884,Mobile,+855069453884
Smart-069-453885,Mobile,+855069453885
Smart-069-453886,Mobile,+855069453886
Smart-069-453887,Mobile,+855069453887
Smart-069-453888,Mobile,+855069453888
Smart-069-453889,Mobile,+855069453889
Smart-069-453890,Mobile,+855069453890
Smart-069-453891,Mobile,+855069453891
Smart-069-453892,Mobile,+855069453892
Smart-069-453893,Mobile,+855069453893
Smart-069-453894,Mobile,+855069453894
Smart-069-453895,Mobile,+855069453895
Smart-069-453896,Mobile,+855069453896
Smart-069-453897,Mobile,+855069453897
Smart-069-453898,Mobile,+855069453898
Smart-069-453899,Mobile,+855069453899
Smart-069-453900,Mobile,+855069453900
Smart-069-453901,Mobile,+855069453901
Smart-069-453902,Mobile,+855069453902
Smart-069-453903,Mobile,+855069453903
Smart-069-453904,Mobile,+855069453904
Smart-069-453905,Mobile,+855069453905
Smart-069-453906,Mobile,+855069453906
Smart-069-453907,Mobile,+855069453907
Smart-069-453908,Mobile,+855069453908
Smart-069-453909,Mobile,+855069453909
Smart-069-453910,Mobile,+855069453910
Smart-069-453911,Mobile,+855069453911
Smart-069-453912,Mobile,+855069453912
Smart-069-453913,Mobile,+855069453913
Smart-069-453914,Mobile,+855069453914
Smart-069-453915,Mobile,+855069453915
Smart-069-453916,Mobile,+855069453916
Smart-069-453917,Mobile,+855069453917
Smart-069-453918,Mobile,+855069453918
Smart-069-453919,Mobile,+855069453919
Smart-069-453920,Mobile,+855069453920
Smart-069-453921,Mobile,+855069453921
Smart-069-453922,Mobile,+855069453922
Smart-069-453923,Mobile,+855069453923
Smart-069-453924,Mobile,+855069453924
Smart-069-453925,Mobile,+855069453925
Smart-069-453926,Mobile,+855069453926
Smart-069-453927,Mobile,+855069453927
Smart-069-453928,Mobile,+855069453928
Smart-069-453929,Mobile,+855069453929
Smart-069-453930,Mobile,+855069453930
Smart-069-453931,Mobile,+855069453931
Smart-069-453932,Mobile,+855069453932
Smart-069-453933,Mobile,+855069453933
Smart-069-453934,Mobile,+855069453934
Smart-069-453935,Mobile,+855069453935
Smart-069-453936,Mobile,+855069453936
Smart-069-453937,Mobile,+855069453937
Smart-069-453938,Mobile,+855069453938
Smart-069-453939,Mobile,+855069453939
Smart-069-453940,Mobile,+855069453940
Smart-069-453941,Mobile,+855069453941
Smart-069-453942,Mobile,+855069453942
Smart-069-453943,Mobile,+855069453943
Smart-069-453944,Mobile,+855069453944
Smart-069-453945,Mobile,+855069453945
Smart-069-453946,Mobile,+855069453946
Smart-069-453947,Mobile,+855069453947
Smart-069-453948,Mobile,+855069453948
Smart-069-453949,Mobile,+855069453949
Smart-069-453950,Mobile,+855069453950
Smart-069-453951,Mobile,+855069453951
Smart-069-453952,Mobile,+855069453952
Smart-069-453953,Mobile,+855069453953
Smart-069-453954,Mobile,+855069453954
Smart-069-453955,Mobile,+855069453955
Smart-069-453956,Mobile,+855069453956
Smart-069-453957,Mobile,+855069453957
Smart-069-453958,Mobile,+855069453958
Smart-069-453959,Mobile,+855069453959
Smart-069-453960,Mobile,+855069453960
Smart-069-453961,Mobile,+855069453961
Smart-069-453962,Mobile,+855069453962
Smart-069-453963,Mobile,+855069453963
Smart-069-453964,Mobile,+855069453964
Smart-069-453965,Mobile,+855069453965
Smart-069-453966,Mobile,+855069453966
Smart-069-453967,Mobile,+855069453967
Smart-069-453968,Mobile,+855069453968
Smart-069-453969,Mobile,+855069453969
Smart-069-453970,Mobile,+855069453970
Smart-069-453971,Mobile,+855069453971
Smart-069-453972,Mobile,+855069453972
Smart-069-453973,Mobile,+855069453973
Smart-069-453974,Mobile,+855069453974
Smart-069-453975,Mobile,+855069453975
Smart-069-453976,Mobile,+855069453976
Smart-069-453977,Mobile,+855069453977
Smart-069-453978,Mobile,+855069453978
Smart-069-453979,Mobile,+855069453979
Smart-069-453980,Mobile,+855069453980
Smart-069-453981,Mobile,+855069453981
Smart-069-453982,Mobile,+855069453982
Smart-069-453983,Mobile,+855069453983
Smart-069-453984,Mobile,+855069453984
Smart-069-453985,Mobile,+855069453985
Smart-069-453986,Mobile,+855069453986
Smart-069-453987,Mobile,+855069453987
Smart-069-453988,Mobile,+855069453988
Smart-069-453989,Mobile,+855069453989
Smart-069-453990,Mobile,+855069453990
Smart-069-453991,Mobile,+855069453991
Smart-069-453992,Mobile,+855069453992
Smart-069-453993,Mobile,+855069453993
Smart-069-453994,Mobile,+855069453994
Smart-069-453995,Mobile,+855069453995
Smart-069-453996,Mobile,+855069453996
Smart-069-453997,Mobile,+855069453997
Smart-069-453998,Mobile,+855069453998
Smart-069-453999,Mobile,+855069453999
Smart-069-454000,Mobile,+855069454000
Smart-069-454001,Mobile,+855069454001
Smart-069-454002,Mobile,+855069454002
Smart-069-454003,Mobile,+855069454003
Smart-069-454004,Mobile,+855069454004
Smart-069-454005,Mobile,+855069454005
Smart-069-454006,Mobile,+855069454006
Smart-069-454007,Mobile,+855069454007
Smart-069-454008,Mobile,+855069454008
Smart-069-454009,Mobile,+855069454009
Smart-069-454010,Mobile,+855069454010
Smart-069-454011,Mobile,+855069454011
Smart-069-454012,Mobile,+855069454012
Smart-069-454013,Mobile,+855069454013
Smart-069-454014,Mobile,+855069454014
Smart-069-454015,Mobile,+855069454015
Smart-069-454016,Mobile,+855069454016
Smart-069-454017,Mobile,+855069454017
Smart-069-454018,Mobile,+855069454018
Smart-069-454019,Mobile,+855069454019
Smart-069-454020,Mobile,+855069454020
Smart-069-454021,Mobile,+855069454021
Smart-069-454022,Mobile,+855069454022
Smart-069-454023,Mobile,+855069454023
Smart-069-454024,Mobile,+855069454024
Smart-069-454025,Mobile,+855069454025
Smart-069-454026,Mobile,+855069454026
Smart-069-454027,Mobile,+855069454027
Smart-069-454028,Mobile,+855069454028
Smart-069-454029,Mobile,+855069454029
Smart-069-454030,Mobile,+855069454030
Smart-069-454031,Mobile,+855069454031
Smart-069-454032,Mobile,+855069454032
Smart-069-454033,Mobile,+855069454033
Smart-069-454034,Mobile,+855069454034
Smart-069-454035,Mobile,+855069454035
Smart-069-454036,Mobile,+855069454036
Smart-069-454037,Mobile,+855069454037
Smart-069-454038,Mobile,+855069454038
Smart-069-454039,Mobile,+855069454039
Smart-069-454040,Mobile,+855069454040
Smart-069-454041,Mobile,+855069454041
Smart-069-454042,Mobile,+855069454042
Smart-069-454043,Mobile,+855069454043
Smart-069-454044,Mobile,+855069454044
Smart-069-454045,Mobile,+855069454045
Smart-069-454046,Mobile,+855069454046
Smart-069-454047,Mobile,+855069454047
Smart-069-454048,Mobile,+855069454048
Smart-069-454049,Mobile,+855069454049
Smart-069-454050,Mobile,+855069454050
Smart-069-454051,Mobile,+855069454051
Smart-069-454052,Mobile,+855069454052
Smart-069-454053,Mobile,+855069454053
Smart-069-454054,Mobile,+855069454054
Smart-069-454055,Mobile,+855069454055
Smart-069-454056,Mobile,+855069454056
Smart-069-454057,Mobile,+855069454057
Smart-069-454058,Mobile,+855069454058
Smart-069-454059,Mobile,+855069454059
Smart-069-454060,Mobile,+855069454060
Smart-069-454061,Mobile,+855069454061
Smart-069-454062,Mobile,+855069454062
Smart-069-454063,Mobile,+855069454063
Smart-069-454064,Mobile,+855069454064
Smart-069-454065,Mobile,+855069454065
Smart-069-454066,Mobile,+855069454066
Smart-069-454067,Mobile,+855069454067
Smart-069-454068,Mobile,+855069454068
Smart-069-454069,Mobile,+855069454069
Smart-069-454070,Mobile,+855069454070
Smart-069-454071,Mobile,+855069454071
Smart-069-454072,Mobile,+855069454072
Smart-069-454073,Mobile,+855069454073
Smart-069-454074,Mobile,+855069454074
Smart-069-454075,Mobile,+855069454075
Smart-069-454076,Mobile,+855069454076
Smart-069-454077,Mobile,+855069454077
Smart-069-454078,Mobile,+855069454078
Smart-069-454079,Mobile,+855069454079
Smart-069-454080,Mobile,+855069454080
Smart-069-454081,Mobile,+855069454081
Smart-069-454082,Mobile,+855069454082
Smart-069-454083,Mobile,+855069454083
Smart-069-454084,Mobile,+855069454084
Smart-069-454085,Mobile,+855069454085
Smart-069-454086,Mobile,+855069454086
Smart-069-454087,Mobile,+855069454087
Smart-069-454088,Mobile,+855069454088
Smart-069-454089,Mobile,+855069454089
Smart-069-454090,Mobile,+855069454090
Smart-069-454091,Mobile,+855069454091
Smart-069-454092,Mobile,+855069454092
Smart-069-454093,Mobile,+855069454093
Smart-069-454094,Mobile,+855069454094
Smart-069-454095,Mobile,+855069454095
Smart-069-454096,Mobile,+855069454096
Smart-069-454097,Mobile,+855069454097
Smart-069-454098,Mobile,+855069454098
Smart-069-454099,Mobile,+855069454099
Smart-069-454100,Mobile,+855069454100
Smart-069-454101,Mobile,+855069454101
Smart-069-454102,Mobile,+855069454102
Smart-069-454103,Mobile,+855069454103
Smart-069-454104,Mobile,+855069454104
Smart-069-454105,Mobile,+855069454105
Smart-069-454106,Mobile,+855069454106
Smart-069-454107,Mobile,+855069454107
Smart-069-454108,Mobile,+855069454108
Smart-069-454109,Mobile,+855069454109
Smart-069-454110,Mobile,+855069454110
Smart-069-454111,Mobile,+855069454111
Smart-069-454112,Mobile,+855069454112
Smart-069-454113,Mobile,+855069454113
Smart-069-454114,Mobile,+855069454114
Smart-069-454115,Mobile,+855069454115
Smart-069-454116,Mobile,+855069454116
Smart-069-454117,Mobile,+855069454117
Smart-069-454118,Mobile,+855069454118
Smart-069-454119,Mobile,+855069454119
Smart-069-454120,Mobile,+855069454120
Smart-069-454121,Mobile,+855069454121
Smart-069-454122,Mobile,+855069454122
Smart-069-454123,Mobile,+855069454123
Smart-069-454124,Mobile,+855069454124
Smart-069-454125,Mobile,+855069454125
Smart-069-454126,Mobile,+855069454126
Smart-069-454127,Mobile,+855069454127
Smart-069-454128,Mobile,+855069454128
Smart-069-454129,Mobile,+855069454129
Smart-069-454130,Mobile,+855069454130
Smart-069-454131,Mobile,+855069454131
Smart-069-454132,Mobile,+855069454132
Smart-069-454133,Mobile,+855069454133
Smart-069-454134,Mobile,+855069454134
Smart-069-454135,Mobile,+855069454135
Smart-069-454136,Mobile,+855069454136
Smart-069-454137,Mobile,+855069454137
Smart-069-454138,Mobile,+855069454138
Smart-069-454139,Mobile,+855069454139
Smart-069-454140,Mobile,+855069454140
Smart-069-454141,Mobile,+855069454141
Smart-069-454142,Mobile,+855069454142
Smart-069-454143,Mobile,+855069454143
Smart-069-454144,Mobile,+855069454144
Smart-069-454145,Mobile,+855069454145
Smart-069-454146,Mobile,+855069454146
Smart-069-454147,Mobile,+855069454147
Smart-069-454148,Mobile,+855069454148
Smart-069-454149,Mobile,+855069454149
Smart-069-454150,Mobile,+855069454150
Smart-069-454151,Mobile,+855069454151
Smart-069-454152,Mobile,+855069454152
Smart-069-454153,Mobile,+855069454153
Smart-069-454154,Mobile,+855069454154
Smart-069-454155,Mobile,+855069454155
Smart-069-454156,Mobile,+855069454156
Smart-069-454157,Mobile,+855069454157
Smart-069-454158,Mobile,+855069454158
Smart-069-454159,Mobile,+855069454159
Smart-069-454160,Mobile,+855069454160
Smart-069-454161,Mobile,+855069454161
Smart-069-454162,Mobile,+855069454162
Smart-069-454163,Mobile,+855069454163
Smart-069-454164,Mobile,+855069454164
Smart-069-454165,Mobile,+855069454165
Smart-069-454166,Mobile,+855069454166
Smart-069-454167,Mobile,+855069454167
Smart-069-454168,Mobile,+855069454168
Smart-069-454169,Mobile,+855069454169
Smart-069-454170,Mobile,+855069454170
Smart-069-454171,Mobile,+855069454171
Smart-069-454172,Mobile,+855069454172
Smart-069-454173,Mobile,+855069454173
Smart-069-454174,Mobile,+855069454174
Smart-069-454175,Mobile,+855069454175
Smart-069-454176,Mobile,+855069454176
Smart-069-454177,Mobile,+855069454177
Smart-069-454178,Mobile,+855069454178
Smart-069-454179,Mobile,+855069454179
Smart-069-454180,Mobile,+855069454180
Smart-069-454181,Mobile,+855069454181
Smart-069-454182,Mobile,+855069454182
Smart-069-454183,Mobile,+855069454183
Smart-069-454184,Mobile,+855069454184
Smart-069-454185,Mobile,+855069454185
Smart-069-454186,Mobile,+855069454186
Smart-069-454187,Mobile,+855069454187
Smart-069-454188,Mobile,+855069454188
Smart-069-454189,Mobile,+855069454189
Smart-069-454190,Mobile,+855069454190
Smart-069-454191,Mobile,+855069454191
Smart-069-454192,Mobile,+855069454192
Smart-069-454193,Mobile,+855069454193
Smart-069-454194,Mobile,+855069454194
Smart-069-454195,Mobile,+855069454195
Smart-069-454196,Mobile,+855069454196
Smart-069-454197,Mobile,+855069454197
Smart-069-454198,Mobile,+855069454198
Smart-069-454199,Mobile,+855069454199
Smart-069-454200,Mobile,+855069454200
Smart-069-454201,Mobile,+855069454201
Smart-069-454202,Mobile,+855069454202
Smart-069-454203,Mobile,+855069454203
Smart-069-454204,Mobile,+855069454204
Smart-069-454205,Mobile,+855069454205
Smart-069-454206,Mobile,+855069454206
Smart-069-454207,Mobile,+855069454207
Smart-069-454208,Mobile,+855069454208
Smart-069-454209,Mobile,+855069454209
Smart-069-454210,Mobile,+855069454210
Smart-069-454211,Mobile,+855069454211
Smart-069-454212,Mobile,+855069454212
Smart-069-454213,Mobile,+855069454213
Smart-069-454214,Mobile,+855069454214
Smart-069-454215,Mobile,+855069454215
Smart-069-454216,Mobile,+855069454216
Smart-069-454217,Mobile,+855069454217
Smart-069-454218,Mobile,+855069454218
Smart-069-454219,Mobile,+855069454219
Smart-069-454220,Mobile,+855069454220
Smart-069-454221,Mobile,+855069454221
Smart-069-454222,Mobile,+855069454222
Smart-069-454223,Mobile,+855069454223
Smart-069-454224,Mobile,+855069454224
Smart-069-454225,Mobile,+855069454225
Smart-069-454226,Mobile,+855069454226
Smart-069-454227,Mobile,+855069454227
Smart-069-454228,Mobile,+855069454228
Smart-069-454229,Mobile,+855069454229
Smart-069-454230,Mobile,+855069454230
Smart-069-454231,Mobile,+855069454231
Smart-069-454232,Mobile,+855069454232
Smart-069-454233,Mobile,+855069454233
Smart-069-454234,Mobile,+855069454234
Smart-069-454235,Mobile,+855069454235
Smart-069-454236,Mobile,+855069454236
Smart-069-454237,Mobile,+855069454237
Smart-069-454238,Mobile,+855069454238
Smart-069-454239,Mobile,+855069454239
Smart-069-454240,Mobile,+855069454240
Smart-069-454241,Mobile,+855069454241
Smart-069-454242,Mobile,+855069454242
Smart-069-454243,Mobile,+855069454243
Smart-069-454244,Mobile,+855069454244
Smart-069-454245,Mobile,+855069454245
Smart-069-454246,Mobile,+855069454246
Smart-069-454247,Mobile,+855069454247
Smart-069-454248,Mobile,+855069454248
Smart-069-454249,Mobile,+855069454249
Smart-069-454250,Mobile,+855069454250
Smart-069-454251,Mobile,+855069454251
Smart-069-454252,Mobile,+855069454252
Smart-069-454253,Mobile,+855069454253
Smart-069-454254,Mobile,+855069454254
Smart-069-454255,Mobile,+855069454255
Smart-069-454256,Mobile,+855069454256
Smart-069-454257,Mobile,+855069454257
Smart-069-454258,Mobile,+855069454258
Smart-069-454259,Mobile,+855069454259
Smart-069-454260,Mobile,+855069454260
Smart-069-454261,Mobile,+855069454261
Smart-069-454262,Mobile,+855069454262
Smart-069-454263,Mobile,+855069454263
Smart-069-454264,Mobile,+855069454264
Smart-069-454265,Mobile,+855069454265
Smart-069-454266,Mobile,+855069454266
Smart-069-454267,Mobile,+855069454267
Smart-069-454268,Mobile,+855069454268
Smart-069-454269,Mobile,+855069454269
Smart-069-454270,Mobile,+855069454270
Smart-069-454271,Mobile,+855069454271
Smart-069-454272,Mobile,+855069454272
Smart-069-454273,Mobile,+855069454273
Smart-069-454274,Mobile,+855069454274
Smart-069-454275,Mobile,+855069454275
Smart-069-454276,Mobile,+855069454276
Smart-069-454277,Mobile,+855069454277
Smart-069-454278,Mobile,+855069454278
Smart-069-454279,Mobile,+855069454279
Smart-069-454280,Mobile,+855069454280
Smart-069-454281,Mobile,+855069454281
Smart-069-454282,Mobile,+855069454282
Smart-069-454283,Mobile,+855069454283
Smart-069-454284,Mobile,+855069454284
Smart-069-454285,Mobile,+855069454285
Smart-069-454286,Mobile,+855069454286
Smart-069-454287,Mobile,+855069454287
Smart-069-454288,Mobile,+855069454288
Smart-069-454289,Mobile,+855069454289
Smart-069-454290,Mobile,+855069454290
Smart-069-454291,Mobile,+855069454291
Smart-069-454292,Mobile,+855069454292
Smart-069-454293,Mobile,+855069454293
Smart-069-454294,Mobile,+855069454294
Smart-069-454295,Mobile,+855069454295
Smart-069-454296,Mobile,+855069454296
Smart-069-454297,Mobile,+855069454297
Smart-069-454298,Mobile,+855069454298
Smart-069-454299,Mobile,+855069454299
Smart-069-454300,Mobile,+855069454300
Smart-069-454301,Mobile,+855069454301
Smart-069-454302,Mobile,+855069454302
Smart-069-454303,Mobile,+855069454303
Smart-069-454304,Mobile,+855069454304
Smart-069-454305,Mobile,+855069454305
Smart-069-454306,Mobile,+855069454306
Smart-069-454307,Mobile,+855069454307
Smart-069-454308,Mobile,+855069454308
Smart-069-454309,Mobile,+855069454309
Smart-069-454310,Mobile,+855069454310
Smart-069-454311,Mobile,+855069454311
Smart-069-454312,Mobile,+855069454312
Smart-069-454313,Mobile,+855069454313
Smart-069-454314,Mobile,+855069454314
Smart-069-454315,Mobile,+855069454315
Smart-069-454316,Mobile,+855069454316
Smart-069-454317,Mobile,+855069454317
Smart-069-454318,Mobile,+855069454318
Smart-069-454319,Mobile,+855069454319
Smart-069-454320,Mobile,+855069454320
Smart-069-454321,Mobile,+855069454321
Smart-069-454322,Mobile,+855069454322
Smart-069-454323,Mobile,+855069454323
Smart-069-454324,Mobile,+855069454324
Smart-069-454325,Mobile,+855069454325
Smart-069-454326,Mobile,+855069454326
Smart-069-454327,Mobile,+855069454327
Smart-069-454328,Mobile,+855069454328
Smart-069-454329,Mobile,+855069454329
Smart-069-454330,Mobile,+855069454330
Smart-069-454331,Mobile,+855069454331
Smart-069-454332,Mobile,+855069454332
Smart-069-454333,Mobile,+855069454333
Smart-069-454334,Mobile,+855069454334
Smart-069-454335,Mobile,+855069454335
Smart-069-454336,Mobile,+855069454336
Smart-069-454337,Mobile,+855069454337
Smart-069-454338,Mobile,+855069454338
Smart-069-454339,Mobile,+855069454339
Smart-069-454340,Mobile,+855069454340
Smart-069-454341,Mobile,+855069454341
Smart-069-454342,Mobile,+855069454342
Smart-069-454343,Mobile,+855069454343
Smart-069-454344,Mobile,+855069454344
Smart-069-454345,Mobile,+855069454345
Smart-069-454346,Mobile,+855069454346
Smart-069-454347,Mobile,+855069454347
Smart-069-454348,Mobile,+855069454348
Smart-069-454349,Mobile,+855069454349
Smart-069-454350,Mobile,+855069454350
Smart-069-454351,Mobile,+855069454351
Smart-069-454352,Mobile,+855069454352
Smart-069-454353,Mobile,+855069454353
Smart-069-454354,Mobile,+855069454354
Smart-069-454355,Mobile,+855069454355
Smart-069-454356,Mobile,+855069454356
Smart-069-454357,Mobile,+855069454357
Smart-069-454358,Mobile,+855069454358
Smart-069-454359,Mobile,+855069454359
Smart-069-454360,Mobile,+855069454360
Smart-069-454361,Mobile,+855069454361
Smart-069-454362,Mobile,+855069454362
Smart-069-454363,Mobile,+855069454363
Smart-069-454364,Mobile,+855069454364
Smart-069-454365,Mobile,+855069454365
Smart-069-454366,Mobile,+855069454366
Smart-069-454367,Mobile,+855069454367
Smart-069-454368,Mobile,+855069454368
Smart-069-454369,Mobile,+855069454369
Smart-069-454370,Mobile,+855069454370
Smart-069-454371,Mobile,+855069454371
Smart-069-454372,Mobile,+855069454372
Smart-069-454373,Mobile,+855069454373
Smart-069-454374,Mobile,+855069454374
Smart-069-454375,Mobile,+855069454375
Smart-069-454376,Mobile,+855069454376
Smart-069-454377,Mobile,+855069454377
Smart-069-454378,Mobile,+855069454378
Smart-069-454379,Mobile,+855069454379
Smart-069-454380,Mobile,+855069454380
Smart-069-454381,Mobile,+855069454381
Smart-069-454382,Mobile,+855069454382
Smart-069-454383,Mobile,+855069454383
Smart-069-454384,Mobile,+855069454384
Smart-069-454385,Mobile,+855069454385
Smart-069-454386,Mobile,+855069454386
Smart-069-454387,Mobile,+855069454387
Smart-069-454388,Mobile,+855069454388
Smart-069-454389,Mobile,+855069454389
Smart-069-454390,Mobile,+855069454390
Smart-069-454391,Mobile,+855069454391
Smart-069-454392,Mobile,+855069454392
Smart-069-454393,Mobile,+855069454393
Smart-069-454394,Mobile,+855069454394
Smart-069-454395,Mobile,+855069454395
Smart-069-454396,Mobile,+855069454396
Smart-069-454397,Mobile,+855069454397
Smart-069-454398,Mobile,+855069454398
Smart-069-454399,Mobile,+855069454399
Smart-069-454400,Mobile,+855069454400
Smart-069-454401,Mobile,+855069454401
Smart-069-454402,Mobile,+855069454402
Smart-069-454403,Mobile,+855069454403
Smart-069-454404,Mobile,+855069454404
Smart-069-454405,Mobile,+855069454405
Smart-069-454406,Mobile,+855069454406
Smart-069-454407,Mobile,+855069454407
Smart-069-454408,Mobile,+855069454408
Smart-069-454409,Mobile,+855069454409
Smart-069-454410,Mobile,+855069454410
Smart-069-454411,Mobile,+855069454411
Smart-069-454412,Mobile,+855069454412
Smart-069-454413,Mobile,+855069454413
Smart-069-454414,Mobile,+855069454414
Smart-069-454415,Mobile,+855069454415
Smart-069-454416,Mobile,+855069454416
Smart-069-454417,Mobile,+855069454417
Smart-069-454418,Mobile,+855069454418
Smart-069-454419,Mobile,+855069454419
Smart-069-454420,Mobile,+855069454420
Smart-069-454421,Mobile,+855069454421
Smart-069-454422,Mobile,+855069454422
Smart-069-454423,Mobile,+855069454423
Smart-069-454424,Mobile,+855069454424
Smart-069-454425,Mobile,+855069454425
Smart-069-454426,Mobile,+855069454426
Smart-069-454427,Mobile,+855069454427
Smart-069-454428,Mobile,+855069454428
Smart-069-454429,Mobile,+855069454429
Smart-069-454430,Mobile,+855069454430
Smart-069-454431,Mobile,+855069454431
Smart-069-454432,Mobile,+855069454432
Smart-069-454433,Mobile,+855069454433
Smart-069-454434,Mobile,+855069454434
Smart-069-454435,Mobile,+855069454435
Smart-069-454436,Mobile,+855069454436
Smart-069-454437,Mobile,+855069454437
Smart-069-454438,Mobile,+855069454438
Smart-069-454439,Mobile,+855069454439
Smart-069-454440,Mobile,+855069454440
Smart-069-454441,Mobile,+855069454441
Smart-069-454442,Mobile,+855069454442
Smart-069-454443,Mobile,+855069454443
Smart-069-454444,Mobile,+855069454444
Smart-069-454445,Mobile,+855069454445
Smart-069-454446,Mobile,+855069454446
Smart-069-454447,Mobile,+855069454447
Smart-069-454448,Mobile,+855069454448
Smart-069-454449,Mobile,+855069454449
Smart-069-454450,Mobile,+855069454450
Smart-069-454451,Mobile,+855069454451
Smart-069-454452,Mobile,+855069454452
Smart-069-454453,Mobile,+855069454453
Smart-069-454454,Mobile,+855069454454
Smart-069-454455,Mobile,+855069454455
Smart-069-454456,Mobile,+855069454456
Smart-069-454457,Mobile,+855069454457
Smart-069-454458,Mobile,+855069454458
Smart-069-454459,Mobile,+855069454459
Smart-069-454460,Mobile,+855069454460
Smart-069-454461,Mobile,+855069454461
Smart-069-454462,Mobile,+855069454462
Smart-069-454463,Mobile,+855069454463
Smart-069-454464,Mobile,+855069454464
Smart-069-454465,Mobile,+855069454465
Smart-069-454466,Mobile,+855069454466
Smart-069-454467,Mobile,+855069454467
Smart-069-454468,Mobile,+855069454468
Smart-069-454469,Mobile,+855069454469
Smart-069-454470,Mobile,+855069454470
Smart-069-454471,Mobile,+855069454471
Smart-069-454472,Mobile,+855069454472
Smart-069-454473,Mobile,+855069454473
Smart-069-454474,Mobile,+855069454474
Smart-069-454475,Mobile,+855069454475
Smart-069-454476,Mobile,+855069454476
Smart-069-454477,Mobile,+855069454477
Smart-069-454478,Mobile,+855069454478
Smart-069-454479,Mobile,+855069454479
Smart-069-454480,Mobile,+855069454480
Smart-069-454481,Mobile,+855069454481
Smart-069-454482,Mobile,+855069454482
Smart-069-454483,Mobile,+855069454483
Smart-069-454484,Mobile,+855069454484
Smart-069-454485,Mobile,+855069454485
Smart-069-454486,Mobile,+855069454486
Smart-069-454487,Mobile,+855069454487
Smart-069-454488,Mobile,+855069454488
Smart-069-454489,Mobile,+855069454489
Smart-069-454490,Mobile,+855069454490
Smart-069-454491,Mobile,+855069454491
Smart-069-454492,Mobile,+855069454492
Smart-069-454493,Mobile,+855069454493
Smart-069-454494,Mobile,+855069454494
Smart-069-454495,Mobile,+855069454495
Smart-069-454496,Mobile,+855069454496
Smart-069-454497,Mobile,+855069454497
Smart-069-454498,Mobile,+855069454498
Smart-069-454499,Mobile,+855069454499
Smart-069-454500,Mobile,+855069454500
Smart-069-454501,Mobile,+855069454501
Smart-069-454502,Mobile,+855069454502
Smart-069-454503,Mobile,+855069454503
Smart-069-454504,Mobile,+855069454504
Smart-069-454505,Mobile,+855069454505
Smart-069-454506,Mobile,+855069454506
Smart-069-454507,Mobile,+855069454507
Smart-069-454508,Mobile,+855069454508
Smart-069-454509,Mobile,+855069454509
Smart-069-454510,Mobile,+855069454510
Smart-069-454511,Mobile,+855069454511
Smart-069-454512,Mobile,+855069454512
Smart-069-454513,Mobile,+855069454513
Smart-069-454514,Mobile,+855069454514
Smart-069-454515,Mobile,+855069454515
Smart-069-454516,Mobile,+855069454516
Smart-069-454517,Mobile,+855069454517
Smart-069-454518,Mobile,+855069454518
Smart-069-454519,Mobile,+855069454519
Smart-069-454520,Mobile,+855069454520
Smart-069-454521,Mobile,+855069454521
Smart-069-454522,Mobile,+855069454522
Smart-069-454523,Mobile,+855069454523
Smart-069-454524,Mobile,+855069454524
Smart-069-454525,Mobile,+855069454525
Smart-069-454526,Mobile,+855069454526
Smart-069-454527,Mobile,+855069454527
Smart-069-454528,Mobile,+855069454528
Smart-069-454529,Mobile,+855069454529
Smart-069-454530,Mobile,+855069454530
Smart-069-454531,Mobile,+855069454531
Smart-069-454532,Mobile,+855069454532
Smart-069-454533,Mobile,+855069454533
Smart-069-454534,Mobile,+855069454534
Smart-069-454535,Mobile,+855069454535
Smart-069-454536,Mobile,+855069454536
Smart-069-454537,Mobile,+855069454537
Smart-069-454538,Mobile,+855069454538
Smart-069-454539,Mobile,+855069454539
Smart-069-454540,Mobile,+855069454540
Smart-069-454541,Mobile,+855069454541
Smart-069-454542,Mobile,+855069454542
Smart-069-454543,Mobile,+855069454543
Smart-069-454544,Mobile,+855069454544
Smart-069-454545,Mobile,+855069454545
Smart-069-454546,Mobile,+855069454546
Smart-069-454547,Mobile,+855069454547
Smart-069-454548,Mobile,+855069454548
Smart-069-454549,Mobile,+855069454549
Smart-069-454550,Mobile,+855069454550
Smart-069-454551,Mobile,+855069454551
Smart-069-454552,Mobile,+855069454552
Smart-069-454553,Mobile,+855069454553
Smart-069-454554,Mobile,+855069454554
Smart-069-454555,Mobile,+855069454555
Smart-069-454556,Mobile,+855069454556
Smart-069-454557,Mobile,+855069454557
Smart-069-454558,Mobile,+855069454558
Smart-069-454559,Mobile,+855069454559
Smart-069-454560,Mobile,+855069454560
Smart-069-454561,Mobile,+855069454561
Smart-069-454562,Mobile,+855069454562
Smart-069-454563,Mobile,+855069454563
Smart-069-454564,Mobile,+855069454564
Smart-069-454565,Mobile,+855069454565
Smart-069-454566,Mobile,+855069454566
Smart-069-454567,Mobile,+855069454567
Smart-069-454568,Mobile,+855069454568
Smart-069-454569,Mobile,+855069454569
Smart-069-454570,Mobile,+855069454570
Smart-069-454571,Mobile,+855069454571
Smart-069-454572,Mobile,+855069454572
Smart-069-454573,Mobile,+855069454573
Smart-069-454574,Mobile,+855069454574
Smart-069-454575,Mobile,+855069454575
Smart-069-454576,Mobile,+855069454576
Smart-069-454577,Mobile,+855069454577
Smart-069-454578,Mobile,+855069454578
Smart-069-454579,Mobile,+855069454579
Smart-069-454580,Mobile,+855069454580
Smart-069-454581,Mobile,+855069454581
Smart-069-454582,Mobile,+855069454582
Smart-069-454583,Mobile,+855069454583
Smart-069-454584,Mobile,+855069454584
Smart-069-454585,Mobile,+855069454585
Smart-069-454586,Mobile,+855069454586
Smart-069-454587,Mobile,+855069454587
Smart-069-454588,Mobile,+855069454588
Smart-069-454589,Mobile,+855069454589
Smart-069-454590,Mobile,+855069454590
Smart-069-454591,Mobile,+855069454591
Smart-069-454592,Mobile,+855069454592
Smart-069-454593,Mobile,+855069454593
Smart-069-454594,Mobile,+855069454594
Smart-069-454595,Mobile,+855069454595
Smart-069-454596,Mobile,+855069454596
Smart-069-454597,Mobile,+855069454597
Smart-069-454598,Mobile,+855069454598
Smart-069-454599,Mobile,+855069454599
Smart-069-454600,Mobile,+855069454600
Smart-069-454601,Mobile,+855069454601
Smart-069-454602,Mobile,+855069454602
Smart-069-454603,Mobile,+855069454603
Smart-069-454604,Mobile,+855069454604
Smart-069-454605,Mobile,+855069454605
Smart-069-454606,Mobile,+855069454606
Smart-069-454607,Mobile,+855069454607
Smart-069-454608,Mobile,+855069454608
Smart-069-454609,Mobile,+855069454609
Smart-069-454610,Mobile,+855069454610
Smart-069-454611,Mobile,+855069454611
Smart-069-454612,Mobile,+855069454612
Smart-069-454613,Mobile,+855069454613
Smart-069-454614,Mobile,+855069454614
Smart-069-454615,Mobile,+855069454615
Smart-069-454616,Mobile,+855069454616
Smart-069-454617,Mobile,+855069454617
Smart-069-454618,Mobile,+855069454618
Smart-069-454619,Mobile,+855069454619
Smart-069-454620,Mobile,+855069454620
Smart-069-454621,Mobile,+855069454621
Smart-069-454622,Mobile,+855069454622
Smart-069-454623,Mobile,+855069454623
Smart-069-454624,Mobile,+855069454624
Smart-069-454625,Mobile,+855069454625
Smart-069-454626,Mobile,+855069454626
Smart-069-454627,Mobile,+855069454627
Smart-069-454628,Mobile,+855069454628
Smart-069-454629,Mobile,+855069454629
Smart-069-454630,Mobile,+855069454630
Smart-069-454631,Mobile,+855069454631
Smart-069-454632,Mobile,+855069454632
Smart-069-454633,Mobile,+855069454633
Smart-069-454634,Mobile,+855069454634
Smart-069-454635,Mobile,+855069454635
Smart-069-454636,Mobile,+855069454636
Smart-069-454637,Mobile,+855069454637
Smart-069-454638,Mobile,+855069454638
Smart-069-454639,Mobile,+855069454639
Smart-069-454640,Mobile,+855069454640
Smart-069-454641,Mobile,+855069454641
Smart-069-454642,Mobile,+855069454642
Smart-069-454643,Mobile,+855069454643
Smart-069-454644,Mobile,+855069454644
Smart-069-454645,Mobile,+855069454645
Smart-069-454646,Mobile,+855069454646
Smart-069-454647,Mobile,+855069454647
Smart-069-454648,Mobile,+855069454648
Smart-069-454649,Mobile,+855069454649
Smart-069-454650,Mobile,+855069454650
Smart-069-454651,Mobile,+855069454651
Smart-069-454652,Mobile,+855069454652
Smart-069-454653,Mobile,+855069454653
Smart-069-454654,Mobile,+855069454654
Smart-069-454655,Mobile,+855069454655
Smart-069-454656,Mobile,+855069454656
Smart-069-454657,Mobile,+855069454657
Smart-069-454658,Mobile,+855069454658
Smart-069-454659,Mobile,+855069454659
Smart-069-454660,Mobile,+855069454660
Smart-069-454661,Mobile,+855069454661
Smart-069-454662,Mobile,+855069454662
Smart-069-454663,Mobile,+855069454663
Smart-069-454664,Mobile,+855069454664
Smart-069-454665,Mobile,+855069454665
Smart-069-454666,Mobile,+855069454666
Smart-069-454667,Mobile,+855069454667
Smart-069-454668,Mobile,+855069454668
Smart-069-454669,Mobile,+855069454669
Smart-069-454670,Mobile,+855069454670
Smart-069-454671,Mobile,+855069454671
Smart-069-454672,Mobile,+855069454672
Smart-069-454673,Mobile,+855069454673
Smart-069-454674,Mobile,+855069454674
Smart-069-454675,Mobile,+855069454675
Smart-069-454676,Mobile,+855069454676
Smart-069-454677,Mobile,+855069454677
Smart-069-454678,Mobile,+855069454678
Smart-069-454679,Mobile,+855069454679
Smart-069-454680,Mobile,+855069454680
Smart-069-454681,Mobile,+855069454681
Smart-069-454682,Mobile,+855069454682
Smart-069-454683,Mobile,+855069454683
Smart-069-454684,Mobile,+855069454684
Smart-069-454685,Mobile,+855069454685
Smart-069-454686,Mobile,+855069454686
Smart-069-454687,Mobile,+855069454687
Smart-069-454688,Mobile,+855069454688
Smart-069-454689,Mobile,+855069454689
Smart-069-454690,Mobile,+855069454690
Smart-069-454691,Mobile,+855069454691
Smart-069-454692,Mobile,+855069454692
Smart-069-454693,Mobile,+855069454693
Smart-069-454694,Mobile,+855069454694
Smart-069-454695,Mobile,+855069454695
Smart-069-454696,Mobile,+855069454696
Smart-069-454697,Mobile,+855069454697
Smart-069-454698,Mobile,+855069454698
Smart-069-454699,Mobile,+855069454699
Smart-069-454700,Mobile,+855069454700
Smart-069-454701,Mobile,+855069454701
Smart-069-454702,Mobile,+855069454702
Smart-069-454703,Mobile,+855069454703
Smart-069-454704,Mobile,+855069454704
Smart-069-454705,Mobile,+855069454705
Smart-069-454706,Mobile,+855069454706
Smart-069-454707,Mobile,+855069454707
Smart-069-454708,Mobile,+855069454708
Smart-069-454709,Mobile,+855069454709
Smart-069-454710,Mobile,+855069454710
Smart-069-454711,Mobile,+855069454711
Smart-069-454712,Mobile,+855069454712
Smart-069-454713,Mobile,+855069454713
Smart-069-454714,Mobile,+855069454714
Smart-069-454715,Mobile,+855069454715
Smart-069-454716,Mobile,+855069454716
Smart-069-454717,Mobile,+855069454717
Smart-069-454718,Mobile,+855069454718
Smart-069-454719,Mobile,+855069454719
Smart-069-454720,Mobile,+855069454720
Smart-069-454721,Mobile,+855069454721
Smart-069-454722,Mobile,+855069454722
Smart-069-454723,Mobile,+855069454723
Smart-069-454724,Mobile,+855069454724
Smart-069-454725,Mobile,+855069454725
Smart-069-454726,Mobile,+855069454726
Smart-069-454727,Mobile,+855069454727
Smart-069-454728,Mobile,+855069454728
Smart-069-454729,Mobile,+855069454729
Smart-069-454730,Mobile,+855069454730
Smart-069-454731,Mobile,+855069454731
Smart-069-454732,Mobile,+855069454732
Smart-069-454733,Mobile,+855069454733
Smart-069-454734,Mobile,+855069454734
Smart-069-454735,Mobile,+855069454735
Smart-069-454736,Mobile,+855069454736
Smart-069-454737,Mobile,+855069454737
Smart-069-454738,Mobile,+855069454738
Smart-069-454739,Mobile,+855069454739
Smart-069-454740,Mobile,+855069454740
Smart-069-454741,Mobile,+855069454741
Smart-069-454742,Mobile,+855069454742
Smart-069-454743,Mobile,+855069454743
Smart-069-454744,Mobile,+855069454744
Smart-069-454745,Mobile,+855069454745
Smart-069-454746,Mobile,+855069454746
Smart-069-454747,Mobile,+855069454747
Smart-069-454748,Mobile,+855069454748
Smart-069-454749,Mobile,+855069454749
Smart-069-454750,Mobile,+855069454750
Smart-069-454751,Mobile,+855069454751
Smart-069-454752,Mobile,+855069454752
Smart-069-454753,Mobile,+855069454753
Smart-069-454754,Mobile,+855069454754
Smart-069-454755,Mobile,+855069454755
Smart-069-454756,Mobile,+855069454756
Smart-069-454757,Mobile,+855069454757
Smart-069-454758,Mobile,+855069454758
Smart-069-454759,Mobile,+855069454759
Smart-069-454760,Mobile,+855069454760
Smart-069-454761,Mobile,+855069454761
Smart-069-454762,Mobile,+855069454762
Smart-069-454763,Mobile,+855069454763
Smart-069-454764,Mobile,+855069454764
Smart-069-454765,Mobile,+855069454765
Smart-069-454766,Mobile,+855069454766
Smart-069-454767,Mobile,+855069454767
Smart-069-454768,Mobile,+855069454768
Smart-069-454769,Mobile,+855069454769
Smart-069-454770,Mobile,+855069454770
Smart-069-454771,Mobile,+855069454771
Smart-069-454772,Mobile,+855069454772
Smart-069-454773,Mobile,+855069454773
Smart-069-454774,Mobile,+855069454774
Smart-069-454775,Mobile,+855069454775
Smart-069-454776,Mobile,+855069454776
Smart-069-454777,Mobile,+855069454777
Smart-069-454778,Mobile,+855069454778
Smart-069-454779,Mobile,+855069454779
Smart-069-454780,Mobile,+855069454780
Smart-069-454781,Mobile,+855069454781
Smart-069-454782,Mobile,+855069454782
Smart-069-454783,Mobile,+855069454783
Smart-069-454784,Mobile,+855069454784
Smart-069-454785,Mobile,+855069454785
Smart-069-454786,Mobile,+855069454786
Smart-069-454787,Mobile,+855069454787
Smart-069-454788,Mobile,+855069454788
Smart-069-454789,Mobile,+855069454789
Smart-069-454790,Mobile,+855069454790
Smart-069-454791,Mobile,+855069454791
Smart-069-454792,Mobile,+855069454792
Smart-069-454793,Mobile,+855069454793
Smart-069-454794,Mobile,+855069454794
Smart-069-454795,Mobile,+855069454795
Smart-069-454796,Mobile,+855069454796
Smart-069-454797,Mobile,+855069454797
Smart-069-454798,Mobile,+855069454798
Smart-069-454799,Mobile,+855069454799
Smart-069-454800,Mobile,+855069454800
Smart-069-454801,Mobile,+855069454801
Smart-069-454802,Mobile,+855069454802
Smart-069-454803,Mobile,+855069454803
Smart-069-454804,Mobile,+855069454804
Smart-069-454805,Mobile,+855069454805
Smart-069-454806,Mobile,+855069454806
Smart-069-454807,Mobile,+855069454807
Smart-069-454808,Mobile,+855069454808
Smart-069-454809,Mobile,+855069454809
Smart-069-454810,Mobile,+855069454810
Smart-069-454811,Mobile,+855069454811
Smart-069-454812,Mobile,+855069454812
Smart-069-454813,Mobile,+855069454813
Smart-069-454814,Mobile,+855069454814
Smart-069-454815,Mobile,+855069454815
Smart-069-454816,Mobile,+855069454816
Smart-069-454817,Mobile,+855069454817
Smart-069-454818,Mobile,+855069454818
Smart-069-454819,Mobile,+855069454819
Smart-069-454820,Mobile,+855069454820
Smart-069-454821,Mobile,+855069454821
Smart-069-454822,Mobile,+855069454822
Smart-069-454823,Mobile,+855069454823
Smart-069-454824,Mobile,+855069454824
Smart-069-454825,Mobile,+855069454825
Smart-069-454826,Mobile,+855069454826
Smart-069-454827,Mobile,+855069454827
Smart-069-454828,Mobile,+855069454828
Smart-069-454829,Mobile,+855069454829
Smart-069-454830,Mobile,+855069454830
Smart-069-454831,Mobile,+855069454831
Smart-069-454832,Mobile,+855069454832
Smart-069-454833,Mobile,+855069454833
Smart-069-454834,Mobile,+855069454834
Smart-069-454835,Mobile,+855069454835
Smart-069-454836,Mobile,+855069454836
Smart-069-454837,Mobile,+855069454837
Smart-069-454838,Mobile,+855069454838
Smart-069-454839,Mobile,+855069454839
Smart-069-454840,Mobile,+855069454840
Smart-069-454841,Mobile,+855069454841
Smart-069-454842,Mobile,+855069454842
Smart-069-454843,Mobile,+855069454843
Smart-069-454844,Mobile,+855069454844
Smart-069-454845,Mobile,+855069454845
Smart-069-454846,Mobile,+855069454846
Smart-069-454847,Mobile,+855069454847
Smart-069-454848,Mobile,+855069454848
Smart-069-454849,Mobile,+855069454849
Smart-069-454850,Mobile,+855069454850
Smart-069-454851,Mobile,+855069454851
Smart-069-454852,Mobile,+855069454852
Smart-069-454853,Mobile,+855069454853
Smart-069-454854,Mobile,+855069454854
Smart-069-454855,Mobile,+855069454855
Smart-069-454856,Mobile,+855069454856
Smart-069-454857,Mobile,+855069454857
Smart-069-454858,Mobile,+855069454858
Smart-069-454859,Mobile,+855069454859
Smart-069-454860,Mobile,+855069454860
Smart-069-454861,Mobile,+855069454861
Smart-069-454862,Mobile,+855069454862
Smart-069-454863,Mobile,+855069454863
Smart-069-454864,Mobile,+855069454864
Smart-069-454865,Mobile,+855069454865
Smart-069-454866,Mobile,+855069454866
Smart-069-454867,Mobile,+855069454867
Smart-069-454868,Mobile,+855069454868
Smart-069-454869,Mobile,+855069454869
Smart-069-454870,Mobile,+855069454870
Smart-069-454871,Mobile,+855069454871
Smart-069-454872,Mobile,+855069454872
Smart-069-454873,Mobile,+855069454873
Smart-069-454874,Mobile,+855069454874
Smart-069-454875,Mobile,+855069454875
Smart-069-454876,Mobile,+855069454876
Smart-069-454877,Mobile,+855069454877
Smart-069-454878,Mobile,+855069454878
Smart-069-454879,Mobile,+855069454879
Smart-069-454880,Mobile,+855069454880
Smart-069-454881,Mobile,+855069454881
Smart-069-454882,Mobile,+855069454882
Smart-069-454883,Mobile,+855069454883
Smart-069-454884,Mobile,+855069454884
Smart-069-454885,Mobile,+855069454885
Smart-069-454886,Mobile,+855069454886
Smart-069-454887,Mobile,+855069454887
Smart-069-454888,Mobile,+855069454888
Smart-069-454889,Mobile,+855069454889
Smart-069-454890,Mobile,+855069454890
Smart-069-454891,Mobile,+855069454891
Smart-069-454892,Mobile,+855069454892
Smart-069-454893,Mobile,+855069454893
Smart-069-454894,Mobile,+855069454894
Smart-069-454895,Mobile,+855069454895
Smart-069-454896,Mobile,+855069454896
Smart-069-454897,Mobile,+855069454897
Smart-069-454898,Mobile,+855069454898
Smart-069-454899,Mobile,+855069454899
Smart-069-454900,Mobile,+855069454900
Smart-069-454901,Mobile,+855069454901
Smart-069-454902,Mobile,+855069454902
Smart-069-454903,Mobile,+855069454903
Smart-069-454904,Mobile,+855069454904
Smart-069-454905,Mobile,+855069454905
Smart-069-454906,Mobile,+855069454906
Smart-069-454907,Mobile,+855069454907
Smart-069-454908,Mobile,+855069454908
Smart-069-454909,Mobile,+855069454909
Smart-069-454910,Mobile,+855069454910
Smart-069-454911,Mobile,+855069454911
Smart-069-454912,Mobile,+855069454912
Smart-069-454913,Mobile,+855069454913
Smart-069-454914,Mobile,+855069454914
Smart-069-454915,Mobile,+855069454915
Smart-069-454916,Mobile,+855069454916
Smart-069-454917,Mobile,+855069454917
Smart-069-454918,Mobile,+855069454918
Smart-069-454919,Mobile,+855069454919
Smart-069-454920,Mobile,+855069454920
Smart-069-454921,Mobile,+855069454921
Smart-069-454922,Mobile,+855069454922
Smart-069-454923,Mobile,+855069454923
Smart-069-454924,Mobile,+855069454924
Smart-069-454925,Mobile,+855069454925
Smart-069-454926,Mobile,+855069454926
Smart-069-454927,Mobile,+855069454927
Smart-069-454928,Mobile,+855069454928
Smart-069-454929,Mobile,+855069454929
Smart-069-454930,Mobile,+855069454930
Smart-069-454931,Mobile,+855069454931
Smart-069-454932,Mobile,+855069454932
Smart-069-454933,Mobile,+855069454933
Smart-069-454934,Mobile,+855069454934
Smart-069-454935,Mobile,+855069454935
Smart-069-454936,Mobile,+855069454936
Smart-069-454937,Mobile,+855069454937
Smart-069-454938,Mobile,+855069454938
Smart-069-454939,Mobile,+855069454939
Smart-069-454940,Mobile,+855069454940
Smart-069-454941,Mobile,+855069454941
Smart-069-454942,Mobile,+855069454942
Smart-069-454943,Mobile,+855069454943
Smart-069-454944,Mobile,+855069454944
Smart-069-454945,Mobile,+855069454945
Smart-069-454946,Mobile,+855069454946
Smart-069-454947,Mobile,+855069454947
Smart-069-454948,Mobile,+855069454948
Smart-069-454949,Mobile,+855069454949
Smart-069-454950,Mobile,+855069454950
Smart-069-454951,Mobile,+855069454951
Smart-069-454952,Mobile,+855069454952
Smart-069-454953,Mobile,+855069454953
Smart-069-454954,Mobile,+855069454954
Smart-069-454955,Mobile,+855069454955
Smart-069-454956,Mobile,+855069454956
Smart-069-454957,Mobile,+855069454957
Smart-069-454958,Mobile,+855069454958
Smart-069-454959,Mobile,+855069454959
Smart-069-454960,Mobile,+855069454960
Smart-069-454961,Mobile,+855069454961
Smart-069-454962,Mobile,+855069454962
Smart-069-454963,Mobile,+855069454963
Smart-069-454964,Mobile,+855069454964
Smart-069-454965,Mobile,+855069454965
Smart-069-454966,Mobile,+855069454966
Smart-069-454967,Mobile,+855069454967
Smart-069-454968,Mobile,+855069454968
Smart-069-454969,Mobile,+855069454969
Smart-069-454970,Mobile,+855069454970
Smart-069-454971,Mobile,+855069454971
Smart-069-454972,Mobile,+855069454972
Smart-069-454973,Mobile,+855069454973
Smart-069-454974,Mobile,+855069454974
Smart-069-454975,Mobile,+855069454975
Smart-069-454976,Mobile,+855069454976
Smart-069-454977,Mobile,+855069454977
Smart-069-454978,Mobile,+855069454978
Smart-069-454979,Mobile,+855069454979
Smart-069-454980,Mobile,+855069454980
Smart-069-454981,Mobile,+855069454981
Smart-069-454982,Mobile,+855069454982
Smart-069-454983,Mobile,+855069454983
Smart-069-454984,Mobile,+855069454984
Smart-069-454985,Mobile,+855069454985
Smart-069-454986,Mobile,+855069454986
Smart-069-454987,Mobile,+855069454987
Smart-069-454988,Mobile,+855069454988
Smart-069-454989,Mobile,+855069454989
Smart-069-454990,Mobile,+855069454990
Smart-069-454991,Mobile,+855069454991
Smart-069-454992,Mobile,+855069454992
Smart-069-454993,Mobile,+855069454993
Smart-069-454994,Mobile,+855069454994
Smart-069-454995,Mobile,+855069454995
Smart-069-454996,Mobile,+855069454996
Smart-069-454997,Mobile,+855069454997
Smart-069-454998,Mobile,+855069454998
Smart-069-454999,Mobile,+855069454999
Smart-069-455000,Mobile,+855069455000
Smart-069-455001,Mobile,+855069455001
Smart-069-455002,Mobile,+855069455002
Smart-069-455003,Mobile,+855069455003
Smart-069-455004,Mobile,+855069455004
Smart-069-455005,Mobile,+855069455005
Smart-069-455006,Mobile,+855069455006
Smart-069-455007,Mobile,+855069455007
Smart-069-455008,Mobile,+855069455008
Smart-069-455009,Mobile,+855069455009
Smart-069-455010,Mobile,+855069455010
Smart-069-455011,Mobile,+855069455011
Smart-069-455012,Mobile,+855069455012
Smart-069-455013,Mobile,+855069455013
Smart-069-455014,Mobile,+855069455014
Smart-069-455015,Mobile,+855069455015
Smart-069-455016,Mobile,+855069455016
Smart-069-455017,Mobile,+855069455017
Smart-069-455018,Mobile,+855069455018
Smart-069-455019,Mobile,+855069455019
Smart-069-455020,Mobile,+855069455020
Smart-069-455021,Mobile,+855069455021
Smart-069-455022,Mobile,+855069455022
Smart-069-455023,Mobile,+855069455023
Smart-069-455024,Mobile,+855069455024
Smart-069-455025,Mobile,+855069455025
Smart-069-455026,Mobile,+855069455026
Smart-069-455027,Mobile,+855069455027
Smart-069-455028,Mobile,+855069455028
Smart-069-455029,Mobile,+855069455029
Smart-069-455030,Mobile,+855069455030
Smart-069-455031,Mobile,+855069455031
Smart-069-455032,Mobile,+855069455032
Smart-069-455033,Mobile,+855069455033
Smart-069-455034,Mobile,+855069455034
Smart-069-455035,Mobile,+855069455035
Smart-069-455036,Mobile,+855069455036
Smart-069-455037,Mobile,+855069455037
Smart-069-455038,Mobile,+855069455038
Smart-069-455039,Mobile,+855069455039
Smart-069-455040,Mobile,+855069455040
Smart-069-455041,Mobile,+855069455041
Smart-069-455042,Mobile,+855069455042
Smart-069-455043,Mobile,+855069455043
Smart-069-455044,Mobile,+855069455044
Smart-069-455045,Mobile,+855069455045
Smart-069-455046,Mobile,+855069455046
Smart-069-455047,Mobile,+855069455047
Smart-069-455048,Mobile,+855069455048
Smart-069-455049,Mobile,+855069455049
Smart-069-455050,Mobile,+855069455050
Smart-069-455051,Mobile,+855069455051
Smart-069-455052,Mobile,+855069455052
Smart-069-455053,Mobile,+855069455053
Smart-069-455054,Mobile,+855069455054
Smart-069-455055,Mobile,+855069455055
Smart-069-455056,Mobile,+855069455056
Smart-069-455057,Mobile,+855069455057
Smart-069-455058,Mobile,+855069455058
Smart-069-455059,Mobile,+855069455059
Smart-069-455060,Mobile,+855069455060
Smart-069-455061,Mobile,+855069455061
Smart-069-455062,Mobile,+855069455062
Smart-069-455063,Mobile,+855069455063
Smart-069-455064,Mobile,+855069455064
Smart-069-455065,Mobile,+855069455065
Smart-069-455066,Mobile,+855069455066
Smart-069-455067,Mobile,+855069455067
Smart-069-455068,Mobile,+855069455068
Smart-069-455069,Mobile,+855069455069
Smart-069-455070,Mobile,+855069455070
Smart-069-455071,Mobile,+855069455071
Smart-069-455072,Mobile,+855069455072
Smart-069-455073,Mobile,+855069455073
Smart-069-455074,Mobile,+855069455074
Smart-069-455075,Mobile,+855069455075
Smart-069-455076,Mobile,+855069455076
Smart-069-455077,Mobile,+855069455077
Smart-069-455078,Mobile,+855069455078
Smart-069-455079,Mobile,+855069455079
Smart-069-455080,Mobile,+855069455080
Smart-069-455081,Mobile,+855069455081
Smart-069-455082,Mobile,+855069455082
Smart-069-455083,Mobile,+855069455083
Smart-069-455084,Mobile,+855069455084
Smart-069-455085,Mobile,+855069455085
Smart-069-455086,Mobile,+855069455086
Smart-069-455087,Mobile,+855069455087
Smart-069-455088,Mobile,+855069455088
Smart-069-455089,Mobile,+855069455089
Smart-069-455090,Mobile,+855069455090
Smart-069-455091,Mobile,+855069455091
Smart-069-455092,Mobile,+855069455092
Smart-069-455093,Mobile,+855069455093
Smart-069-455094,Mobile,+855069455094
Smart-069-455095,Mobile,+855069455095
Smart-069-455096,Mobile,+855069455096
Smart-069-455097,Mobile,+855069455097
Smart-069-455098,Mobile,+855069455098
Smart-069-455099,Mobile,+855069455099
Smart-069-455100,Mobile,+855069455100
Smart-069-455101,Mobile,+855069455101
Smart-069-455102,Mobile,+855069455102
Smart-069-455103,Mobile,+855069455103
Smart-069-455104,Mobile,+855069455104
Smart-069-455105,Mobile,+855069455105
Smart-069-455106,Mobile,+855069455106
Smart-069-455107,Mobile,+855069455107
Smart-069-455108,Mobile,+855069455108
Smart-069-455109,Mobile,+855069455109
Smart-069-455110,Mobile,+855069455110
Smart-069-455111,Mobile,+855069455111
Smart-069-455112,Mobile,+855069455112
Smart-069-455113,Mobile,+855069455113
Smart-069-455114,Mobile,+855069455114
Smart-069-455115,Mobile,+855069455115
Smart-069-455116,Mobile,+855069455116
Smart-069-455117,Mobile,+855069455117
Smart-069-455118,Mobile,+855069455118
Smart-069-455119,Mobile,+855069455119
Smart-069-455120,Mobile,+855069455120
Smart-069-455121,Mobile,+855069455121
Smart-069-455122,Mobile,+855069455122
Smart-069-455123,Mobile,+855069455123
Smart-069-455124,Mobile,+855069455124
Smart-069-455125,Mobile,+855069455125
Smart-069-455126,Mobile,+855069455126
Smart-069-455127,Mobile,+855069455127
Smart-069-455128,Mobile,+855069455128
Smart-069-455129,Mobile,+855069455129
Smart-069-455130,Mobile,+855069455130
Smart-069-455131,Mobile,+855069455131
Smart-069-455132,Mobile,+855069455132
Smart-069-455133,Mobile,+855069455133
Smart-069-455134,Mobile,+855069455134
Smart-069-455135,Mobile,+855069455135
Smart-069-455136,Mobile,+855069455136
Smart-069-455137,Mobile,+855069455137
Smart-069-455138,Mobile,+855069455138
Smart-069-455139,Mobile,+855069455139
Smart-069-455140,Mobile,+855069455140
Smart-069-455141,Mobile,+855069455141
Smart-069-455142,Mobile,+855069455142
Smart-069-455143,Mobile,+855069455143
Smart-069-455144,Mobile,+855069455144
Smart-069-455145,Mobile,+855069455145
Smart-069-455146,Mobile,+855069455146
Smart-069-455147,Mobile,+855069455147
Smart-069-455148,Mobile,+855069455148
Smart-069-455149,Mobile,+855069455149
Smart-069-455150,Mobile,+855069455150
Smart-069-455151,Mobile,+855069455151
Smart-069-455152,Mobile,+855069455152
Smart-069-455153,Mobile,+855069455153
Smart-069-455154,Mobile,+855069455154
Smart-069-455155,Mobile,+855069455155
Smart-069-455156,Mobile,+855069455156
Smart-069-455157,Mobile,+855069455157
Smart-069-455158,Mobile,+855069455158
Smart-069-455159,Mobile,+855069455159
Smart-069-455160,Mobile,+855069455160
Smart-069-455161,Mobile,+855069455161
Smart-069-455162,Mobile,+855069455162
Smart-069-455163,Mobile,+855069455163
Smart-069-455164,Mobile,+855069455164
Smart-069-455165,Mobile,+855069455165
Smart-069-455166,Mobile,+855069455166
Smart-069-455167,Mobile,+855069455167
Smart-069-455168,Mobile,+855069455168
Smart-069-455169,Mobile,+855069455169
Smart-069-455170,Mobile,+855069455170
Smart-069-455171,Mobile,+855069455171
Smart-069-455172,Mobile,+855069455172
Smart-069-455173,Mobile,+855069455173
Smart-069-455174,Mobile,+855069455174
Smart-069-455175,Mobile,+855069455175
Smart-069-455176,Mobile,+855069455176
Smart-069-455177,Mobile,+855069455177
Smart-069-455178,Mobile,+855069455178
Smart-069-455179,Mobile,+855069455179
Smart-069-455180,Mobile,+855069455180
Smart-069-455181,Mobile,+855069455181
Smart-069-455182,Mobile,+855069455182
Smart-069-455183,Mobile,+855069455183
Smart-069-455184,Mobile,+855069455184
Smart-069-455185,Mobile,+855069455185
Smart-069-455186,Mobile,+855069455186
Smart-069-455187,Mobile,+855069455187
Smart-069-455188,Mobile,+855069455188
Smart-069-455189,Mobile,+855069455189
Smart-069-455190,Mobile,+855069455190
Smart-069-455191,Mobile,+855069455191
Smart-069-455192,Mobile,+855069455192
Smart-069-455193,Mobile,+855069455193
Smart-069-455194,Mobile,+855069455194
Smart-069-455195,Mobile,+855069455195
Smart-069-455196,Mobile,+855069455196
Smart-069-455197,Mobile,+855069455197
Smart-069-455198,Mobile,+855069455198
Smart-069-455199,Mobile,+855069455199
Smart-069-455200,Mobile,+855069455200
Smart-069-455201,Mobile,+855069455201
Smart-069-455202,Mobile,+855069455202
Smart-069-455203,Mobile,+855069455203
Smart-069-455204,Mobile,+855069455204
Smart-069-455205,Mobile,+855069455205
Smart-069-455206,Mobile,+855069455206
Smart-069-455207,Mobile,+855069455207
Smart-069-455208,Mobile,+855069455208
Smart-069-455209,Mobile,+855069455209
Smart-069-455210,Mobile,+855069455210
Smart-069-455211,Mobile,+855069455211
Smart-069-455212,Mobile,+855069455212
Smart-069-455213,Mobile,+855069455213
Smart-069-455214,Mobile,+855069455214
Smart-069-455215,Mobile,+855069455215
Smart-069-455216,Mobile,+855069455216
Smart-069-455217,Mobile,+855069455217
Smart-069-455218,Mobile,+855069455218
Smart-069-455219,Mobile,+855069455219
Smart-069-455220,Mobile,+855069455220
Smart-069-455221,Mobile,+855069455221
Smart-069-455222,Mobile,+855069455222
Smart-069-455223,Mobile,+855069455223
Smart-069-455224,Mobile,+855069455224
Smart-069-455225,Mobile,+855069455225
Smart-069-455226,Mobile,+855069455226
Smart-069-455227,Mobile,+855069455227
Smart-069-455228,Mobile,+855069455228
Smart-069-455229,Mobile,+855069455229
Smart-069-455230,Mobile,+855069455230
Smart-069-455231,Mobile,+855069455231
Smart-069-455232,Mobile,+855069455232
Smart-069-455233,Mobile,+855069455233
Smart-069-455234,Mobile,+855069455234
Smart-069-455235,Mobile,+855069455235
Smart-069-455236,Mobile,+855069455236
Smart-069-455237,Mobile,+855069455237
Smart-069-455238,Mobile,+855069455238
Smart-069-455239,Mobile,+855069455239
Smart-069-455240,Mobile,+855069455240
Smart-069-455241,Mobile,+855069455241
Smart-069-455242,Mobile,+855069455242
Smart-069-455243,Mobile,+855069455243
Smart-069-455244,Mobile,+855069455244
Smart-069-455245,Mobile,+855069455245
Smart-069-455246,Mobile,+855069455246
Smart-069-455247,Mobile,+855069455247
Smart-069-455248,Mobile,+855069455248
Smart-069-455249,Mobile,+855069455249
Smart-069-455250,Mobile,+855069455250
Smart-069-455251,Mobile,+855069455251
Smart-069-455252,Mobile,+855069455252
Smart-069-455253,Mobile,+855069455253
Smart-069-455254,Mobile,+855069455254
Smart-069-455255,Mobile,+855069455255
Smart-069-455256,Mobile,+855069455256
Smart-069-455257,Mobile,+855069455257
Smart-069-455258,Mobile,+855069455258
Smart-069-455259,Mobile,+855069455259
Smart-069-455260,Mobile,+855069455260
Smart-069-455261,Mobile,+855069455261
Smart-069-455262,Mobile,+855069455262
Smart-069-455263,Mobile,+855069455263
Smart-069-455264,Mobile,+855069455264
Smart-069-455265,Mobile,+855069455265
Smart-069-455266,Mobile,+855069455266
Smart-069-455267,Mobile,+855069455267
Smart-069-455268,Mobile,+855069455268
Smart-069-455269,Mobile,+855069455269
Smart-069-455270,Mobile,+855069455270
Smart-069-455271,Mobile,+855069455271
Smart-069-455272,Mobile,+855069455272
Smart-069-455273,Mobile,+855069455273
Smart-069-455274,Mobile,+855069455274
Smart-069-455275,Mobile,+855069455275
Smart-069-455276,Mobile,+855069455276
Smart-069-455277,Mobile,+855069455277
Smart-069-455278,Mobile,+855069455278
Smart-069-455279,Mobile,+855069455279
Smart-069-455280,Mobile,+855069455280
Smart-069-455281,Mobile,+855069455281
Smart-069-455282,Mobile,+855069455282
Smart-069-455283,Mobile,+855069455283
Smart-069-455284,Mobile,+855069455284
Smart-069-455285,Mobile,+855069455285
Smart-069-455286,Mobile,+855069455286
Smart-069-455287,Mobile,+855069455287
Smart-069-455288,Mobile,+855069455288
Smart-069-455289,Mobile,+855069455289
Smart-069-455290,Mobile,+855069455290
Smart-069-455291,Mobile,+855069455291
Smart-069-455292,Mobile,+855069455292
Smart-069-455293,Mobile,+855069455293
Smart-069-455294,Mobile,+855069455294
Smart-069-455295,Mobile,+855069455295
Smart-069-455296,Mobile,+855069455296
Smart-069-455297,Mobile,+855069455297
Smart-069-455298,Mobile,+855069455298
Smart-069-455299,Mobile,+855069455299
Smart-069-455300,Mobile,+855069455300
Smart-069-455301,Mobile,+855069455301
Smart-069-455302,Mobile,+855069455302
Smart-069-455303,Mobile,+855069455303
Smart-069-455304,Mobile,+855069455304
Smart-069-455305,Mobile,+855069455305
Smart-069-455306,Mobile,+855069455306
Smart-069-455307,Mobile,+855069455307
Smart-069-455308,Mobile,+855069455308
Smart-069-455309,Mobile,+855069455309
Smart-069-455310,Mobile,+855069455310
Smart-069-455311,Mobile,+855069455311
Smart-069-455312,Mobile,+855069455312
Smart-069-455313,Mobile,+855069455313
Smart-069-455314,Mobile,+855069455314
Smart-069-455315,Mobile,+855069455315
Smart-069-455316,Mobile,+855069455316
Smart-069-455317,Mobile,+855069455317
Smart-069-455318,Mobile,+855069455318
Smart-069-455319,Mobile,+855069455319
Smart-069-455320,Mobile,+855069455320
Smart-069-455321,Mobile,+855069455321
Smart-069-455322,Mobile,+855069455322
Smart-069-455323,Mobile,+855069455323
Smart-069-455324,Mobile,+855069455324
Smart-069-455325,Mobile,+855069455325
Smart-069-455326,Mobile,+855069455326
Smart-069-455327,Mobile,+855069455327
Smart-069-455328,Mobile,+855069455328
Smart-069-455329,Mobile,+855069455329
Smart-069-455330,Mobile,+855069455330
Smart-069-455331,Mobile,+855069455331
Smart-069-455332,Mobile,+855069455332
Smart-069-455333,Mobile,+855069455333
Smart-069-455334,Mobile,+855069455334
Smart-069-455335,Mobile,+855069455335
Smart-069-455336,Mobile,+855069455336
Smart-069-455337,Mobile,+855069455337
Smart-069-455338,Mobile,+855069455338
Smart-069-455339,Mobile,+855069455339
Smart-069-455340,Mobile,+855069455340
Smart-069-455341,Mobile,+855069455341
Smart-069-455342,Mobile,+855069455342
Smart-069-455343,Mobile,+855069455343
Smart-069-455344,Mobile,+855069455344
Smart-069-455345,Mobile,+855069455345
Smart-069-455346,Mobile,+855069455346
Smart-069-455347,Mobile,+855069455347
Smart-069-455348,Mobile,+855069455348
Smart-069-455349,Mobile,+855069455349
Smart-069-455350,Mobile,+855069455350
Smart-069-455351,Mobile,+855069455351
Smart-069-455352,Mobile,+855069455352
Smart-069-455353,Mobile,+855069455353
Smart-069-455354,Mobile,+855069455354
Smart-069-455355,Mobile,+855069455355
Smart-069-455356,Mobile,+855069455356
Smart-069-455357,Mobile,+855069455357
Smart-069-455358,Mobile,+855069455358
Smart-069-455359,Mobile,+855069455359
Smart-069-455360,Mobile,+855069455360
Smart-069-455361,Mobile,+855069455361
Smart-069-455362,Mobile,+855069455362
Smart-069-455363,Mobile,+855069455363
Smart-069-455364,Mobile,+855069455364
Smart-069-455365,Mobile,+855069455365
Smart-069-455366,Mobile,+855069455366
Smart-069-455367,Mobile,+855069455367
Smart-069-455368,Mobile,+855069455368
Smart-069-455369,Mobile,+855069455369
Smart-069-455370,Mobile,+855069455370
Smart-069-455371,Mobile,+855069455371
Smart-069-455372,Mobile,+855069455372
Smart-069-455373,Mobile,+855069455373
Smart-069-455374,Mobile,+855069455374
Smart-069-455375,Mobile,+855069455375
Smart-069-455376,Mobile,+855069455376
Smart-069-455377,Mobile,+855069455377
Smart-069-455378,Mobile,+855069455378
Smart-069-455379,Mobile,+855069455379
Smart-069-455380,Mobile,+855069455380
Smart-069-455381,Mobile,+855069455381
Smart-069-455382,Mobile,+855069455382
Smart-069-455383,Mobile,+855069455383
Smart-069-455384,Mobile,+855069455384
Smart-069-455385,Mobile,+855069455385
Smart-069-455386,Mobile,+855069455386
Smart-069-455387,Mobile,+855069455387
Smart-069-455388,Mobile,+855069455388
Smart-069-455389,Mobile,+855069455389
Smart-069-455390,Mobile,+855069455390
Smart-069-455391,Mobile,+855069455391
Smart-069-455392,Mobile,+855069455392
Smart-069-455393,Mobile,+855069455393
Smart-069-455394,Mobile,+855069455394
Smart-069-455395,Mobile,+855069455395
Smart-069-455396,Mobile,+855069455396
Smart-069-455397,Mobile,+855069455397
Smart-069-455398,Mobile,+855069455398
Smart-069-455399,Mobile,+855069455399
Smart-069-455400,Mobile,+855069455400
Smart-069-455401,Mobile,+855069455401
Smart-069-455402,Mobile,+855069455402
Smart-069-455403,Mobile,+855069455403
Smart-069-455404,Mobile,+855069455404
Smart-069-455405,Mobile,+855069455405
Smart-069-455406,Mobile,+855069455406
Smart-069-455407,Mobile,+855069455407
Smart-069-455408,Mobile,+855069455408
Smart-069-455409,Mobile,+855069455409
Smart-069-455410,Mobile,+855069455410
Smart-069-455411,Mobile,+855069455411
Smart-069-455412,Mobile,+855069455412
Smart-069-455413,Mobile,+855069455413
Smart-069-455414,Mobile,+855069455414
Smart-069-455415,Mobile,+855069455415
Smart-069-455416,Mobile,+855069455416
Smart-069-455417,Mobile,+855069455417
Smart-069-455418,Mobile,+855069455418
Smart-069-455419,Mobile,+855069455419
Smart-069-455420,Mobile,+855069455420
Smart-069-455421,Mobile,+855069455421
Smart-069-455422,Mobile,+855069455422
Smart-069-455423,Mobile,+855069455423
Smart-069-455424,Mobile,+855069455424
Smart-069-455425,Mobile,+855069455425
Smart-069-455426,Mobile,+855069455426
Smart-069-455427,Mobile,+855069455427
Smart-069-455428,Mobile,+855069455428
Smart-069-455429,Mobile,+855069455429
Smart-069-455430,Mobile,+855069455430
Smart-069-455431,Mobile,+855069455431
Smart-069-455432,Mobile,+855069455432
Smart-069-455433,Mobile,+855069455433
Smart-069-455434,Mobile,+855069455434
Smart-069-455435,Mobile,+855069455435
Smart-069-455436,Mobile,+855069455436
Smart-069-455437,Mobile,+855069455437
Smart-069-455438,Mobile,+855069455438
Smart-069-455439,Mobile,+855069455439
Smart-069-455440,Mobile,+855069455440
Smart-069-455441,Mobile,+855069455441
Smart-069-455442,Mobile,+855069455442
Smart-069-455443,Mobile,+855069455443
Smart-069-455444,Mobile,+855069455444
Smart-069-455445,Mobile,+855069455445
Smart-069-455446,Mobile,+855069455446
Smart-069-455447,Mobile,+855069455447
Smart-069-455448,Mobile,+855069455448
Smart-069-455449,Mobile,+855069455449
Smart-069-455450,Mobile,+855069455450
Smart-069-455451,Mobile,+855069455451
Smart-069-455452,Mobile,+855069455452
Smart-069-455453,Mobile,+855069455453
Smart-069-455454,Mobile,+855069455454
Smart-069-455455,Mobile,+855069455455
Smart-069-455456,Mobile,+855069455456
Smart-069-455457,Mobile,+855069455457
Smart-069-455458,Mobile,+855069455458
Smart-069-455459,Mobile,+855069455459
Smart-069-455460,Mobile,+855069455460
Smart-069-455461,Mobile,+855069455461
Smart-069-455462,Mobile,+855069455462
Smart-069-455463,Mobile,+855069455463
Smart-069-455464,Mobile,+855069455464
Smart-069-455465,Mobile,+855069455465
Smart-069-455466,Mobile,+855069455466
Smart-069-455467,Mobile,+855069455467
Smart-069-455468,Mobile,+855069455468
Smart-069-455469,Mobile,+855069455469
Smart-069-455470,Mobile,+855069455470
Smart-069-455471,Mobile,+855069455471
Smart-069-455472,Mobile,+855069455472
Smart-069-455473,Mobile,+855069455473
Smart-069-455474,Mobile,+855069455474
Smart-069-455475,Mobile,+855069455475
Smart-069-455476,Mobile,+855069455476
Smart-069-455477,Mobile,+855069455477
Smart-069-455478,Mobile,+855069455478
Smart-069-455479,Mobile,+855069455479
Smart-069-455480,Mobile,+855069455480
Smart-069-455481,Mobile,+855069455481
Smart-069-455482,Mobile,+855069455482
Smart-069-455483,Mobile,+855069455483
Smart-069-455484,Mobile,+855069455484
Smart-069-455485,Mobile,+855069455485
Smart-069-455486,Mobile,+855069455486
Smart-069-455487,Mobile,+855069455487
Smart-069-455488,Mobile,+855069455488
Smart-069-455489,Mobile,+855069455489
Smart-069-455490,Mobile,+855069455490
Smart-069-455491,Mobile,+855069455491
Smart-069-455492,Mobile,+855069455492
Smart-069-455493,Mobile,+855069455493
Smart-069-455494,Mobile,+855069455494
Smart-069-455495,Mobile,+855069455495
Smart-069-455496,Mobile,+855069455496
Smart-069-455497,Mobile,+855069455497
Smart-069-455498,Mobile,+855069455498
Smart-069-455499,Mobile,+855069455499
Smart-069-455500,Mobile,+855069455500
Smart-069-455501,Mobile,+855069455501
Smart-069-455502,Mobile,+855069455502
Smart-069-455503,Mobile,+855069455503
Smart-069-455504,Mobile,+855069455504
Smart-069-455505,Mobile,+855069455505
Smart-069-455506,Mobile,+855069455506
Smart-069-455507,Mobile,+855069455507
Smart-069-455508,Mobile,+855069455508
Smart-069-455509,Mobile,+855069455509
Smart-069-455510,Mobile,+855069455510
Smart-069-455511,Mobile,+855069455511
Smart-069-455512,Mobile,+855069455512
Smart-069-455513,Mobile,+855069455513
Smart-069-455514,Mobile,+855069455514
Smart-069-455515,Mobile,+855069455515
Smart-069-455516,Mobile,+855069455516
Smart-069-455517,Mobile,+855069455517
Smart-069-455518,Mobile,+855069455518
Smart-069-455519,Mobile,+855069455519
Smart-069-455520,Mobile,+855069455520
Smart-069-455521,Mobile,+855069455521
Smart-069-455522,Mobile,+855069455522
Smart-069-455523,Mobile,+855069455523
Smart-069-455524,Mobile,+855069455524
Smart-069-455525,Mobile,+855069455525
Smart-069-455526,Mobile,+855069455526
Smart-069-455527,Mobile,+855069455527
Smart-069-455528,Mobile,+855069455528
Smart-069-455529,Mobile,+855069455529
Smart-069-455530,Mobile,+855069455530
Smart-069-455531,Mobile,+855069455531
Smart-069-455532,Mobile,+855069455532
Smart-069-455533,Mobile,+855069455533
Smart-069-455534,Mobile,+855069455534
Smart-069-455535,Mobile,+855069455535
Smart-069-455536,Mobile,+855069455536
Smart-069-455537,Mobile,+855069455537
Smart-069-455538,Mobile,+855069455538
Smart-069-455539,Mobile,+855069455539
Smart-069-455540,Mobile,+855069455540
Smart-069-455541,Mobile,+855069455541
Smart-069-455542,Mobile,+855069455542
Smart-069-455543,Mobile,+855069455543
Smart-069-455544,Mobile,+855069455544
Smart-069-455545,Mobile,+855069455545
Smart-069-455546,Mobile,+855069455546
Smart-069-455547,Mobile,+855069455547
Smart-069-455548,Mobile,+855069455548
Smart-069-455549,Mobile,+855069455549
Smart-069-455550,Mobile,+855069455550
Smart-069-455551,Mobile,+855069455551
Smart-069-455552,Mobile,+855069455552
Smart-069-455553,Mobile,+855069455553
Smart-069-455554,Mobile,+855069455554
Smart-069-455555,Mobile,+855069455555
Smart-069-455556,Mobile,+855069455556
Smart-069-455557,Mobile,+855069455557
Smart-069-455558,Mobile,+855069455558
Smart-069-455559,Mobile,+855069455559
Smart-069-455560,Mobile,+855069455560
Smart-069-455561,Mobile,+855069455561
Smart-069-455562,Mobile,+855069455562
Smart-069-455563,Mobile,+855069455563
Smart-069-455564,Mobile,+855069455564
Smart-069-455565,Mobile,+855069455565
Smart-069-455566,Mobile,+855069455566
Smart-069-455567,Mobile,+855069455567
Smart-069-455568,Mobile,+855069455568
Smart-069-455569,Mobile,+855069455569
Smart-069-455570,Mobile,+855069455570
Smart-069-455571,Mobile,+855069455571
Smart-069-455572,Mobile,+855069455572
Smart-069-455573,Mobile,+855069455573
Smart-069-455574,Mobile,+855069455574
Smart-069-455575,Mobile,+855069455575
Smart-069-455576,Mobile,+855069455576
Smart-069-455577,Mobile,+855069455577
Smart-069-455578,Mobile,+855069455578
Smart-069-455579,Mobile,+855069455579
Smart-069-455580,Mobile,+855069455580
Smart-069-455581,Mobile,+855069455581
Smart-069-455582,Mobile,+855069455582
Smart-069-455583,Mobile,+855069455583
Smart-069-455584,Mobile,+855069455584
Smart-069-455585,Mobile,+855069455585
Smart-069-455586,Mobile,+855069455586
Smart-069-455587,Mobile,+855069455587
Smart-069-455588,Mobile,+855069455588
Smart-069-455589,Mobile,+855069455589
Smart-069-455590,Mobile,+855069455590
Smart-069-455591,Mobile,+855069455591
Smart-069-455592,Mobile,+855069455592
Smart-069-455593,Mobile,+855069455593
Smart-069-455594,Mobile,+855069455594
Smart-069-455595,Mobile,+855069455595
Smart-069-455596,Mobile,+855069455596
Smart-069-455597,Mobile,+855069455597
Smart-069-455598,Mobile,+855069455598
Smart-069-455599,Mobile,+855069455599
Smart-069-455600,Mobile,+855069455600
Smart-069-455601,Mobile,+855069455601
Smart-069-455602,Mobile,+855069455602
Smart-069-455603,Mobile,+855069455603
Smart-069-455604,Mobile,+855069455604
Smart-069-455605,Mobile,+855069455605
Smart-069-455606,Mobile,+855069455606
Smart-069-455607,Mobile,+855069455607
Smart-069-455608,Mobile,+855069455608
Smart-069-455609,Mobile,+855069455609
Smart-069-455610,Mobile,+855069455610
Smart-069-455611,Mobile,+855069455611
Smart-069-455612,Mobile,+855069455612
Smart-069-455613,Mobile,+855069455613
Smart-069-455614,Mobile,+855069455614
Smart-069-455615,Mobile,+855069455615
Smart-069-455616,Mobile,+855069455616
Smart-069-455617,Mobile,+855069455617
Smart-069-455618,Mobile,+855069455618
Smart-069-455619,Mobile,+855069455619
Smart-069-455620,Mobile,+855069455620
Smart-069-455621,Mobile,+855069455621
Smart-069-455622,Mobile,+855069455622
Smart-069-455623,Mobile,+855069455623
Smart-069-455624,Mobile,+855069455624
Smart-069-455625,Mobile,+855069455625
Smart-069-455626,Mobile,+855069455626
Smart-069-455627,Mobile,+855069455627
Smart-069-455628,Mobile,+855069455628
Smart-069-455629,Mobile,+855069455629
Smart-069-455630,Mobile,+855069455630
Smart-069-455631,Mobile,+855069455631
Smart-069-455632,Mobile,+855069455632
Smart-069-455633,Mobile,+855069455633
Smart-069-455634,Mobile,+855069455634
Smart-069-455635,Mobile,+855069455635
Smart-069-455636,Mobile,+855069455636
Smart-069-455637,Mobile,+855069455637
Smart-069-455638,Mobile,+855069455638
Smart-069-455639,Mobile,+855069455639
Smart-069-455640,Mobile,+855069455640
Smart-069-455641,Mobile,+855069455641
Smart-069-455642,Mobile,+855069455642
Smart-069-455643,Mobile,+855069455643
Smart-069-455644,Mobile,+855069455644
Smart-069-455645,Mobile,+855069455645
Smart-069-455646,Mobile,+855069455646
Smart-069-455647,Mobile,+855069455647
Smart-069-455648,Mobile,+855069455648
Smart-069-455649,Mobile,+855069455649
Smart-069-455650,Mobile,+855069455650
Smart-069-455651,Mobile,+855069455651
Smart-069-455652,Mobile,+855069455652
Smart-069-455653,Mobile,+855069455653
Smart-069-455654,Mobile,+855069455654
Smart-069-455655,Mobile,+855069455655
Smart-069-455656,Mobile,+855069455656
Smart-069-455657,Mobile,+855069455657
Smart-069-455658,Mobile,+855069455658
Smart-069-455659,Mobile,+855069455659
Smart-069-455660,Mobile,+855069455660
Smart-069-455661,Mobile,+855069455661
Smart-069-455662,Mobile,+855069455662
Smart-069-455663,Mobile,+855069455663
Smart-069-455664,Mobile,+855069455664
Smart-069-455665,Mobile,+855069455665
Smart-069-455666,Mobile,+855069455666
Smart-069-455667,Mobile,+855069455667
Smart-069-455668,Mobile,+855069455668
Smart-069-455669,Mobile,+855069455669
Smart-069-455670,Mobile,+855069455670
Smart-069-455671,Mobile,+855069455671
Smart-069-455672,Mobile,+855069455672
Smart-069-455673,Mobile,+855069455673
Smart-069-455674,Mobile,+855069455674
Smart-069-455675,Mobile,+855069455675
Smart-069-455676,Mobile,+855069455676
Smart-069-455677,Mobile,+855069455677
Smart-069-455678,Mobile,+855069455678
Smart-069-455679,Mobile,+855069455679
Smart-069-455680,Mobile,+855069455680
Smart-069-455681,Mobile,+855069455681
Smart-069-455682,Mobile,+855069455682
Smart-069-455683,Mobile,+855069455683
Smart-069-455684,Mobile,+855069455684
Smart-069-455685,Mobile,+855069455685
Smart-069-455686,Mobile,+855069455686
Smart-069-455687,Mobile,+855069455687
Smart-069-455688,Mobile,+855069455688
Smart-069-455689,Mobile,+855069455689
Smart-069-455690,Mobile,+855069455690
Smart-069-455691,Mobile,+855069455691
Smart-069-455692,Mobile,+855069455692
Smart-069-455693,Mobile,+855069455693
Smart-069-455694,Mobile,+855069455694
Smart-069-455695,Mobile,+855069455695
Smart-069-455696,Mobile,+855069455696
Smart-069-455697,Mobile,+855069455697
Smart-069-455698,Mobile,+855069455698
Smart-069-455699,Mobile,+855069455699
Smart-069-455700,Mobile,+855069455700
Smart-069-455701,Mobile,+855069455701
Smart-069-455702,Mobile,+855069455702
Smart-069-455703,Mobile,+855069455703
Smart-069-455704,Mobile,+855069455704
Smart-069-455705,Mobile,+855069455705
Smart-069-455706,Mobile,+855069455706
Smart-069-455707,Mobile,+855069455707
Smart-069-455708,Mobile,+855069455708
Smart-069-455709,Mobile,+855069455709
Smart-069-455710,Mobile,+855069455710
Smart-069-455711,Mobile,+855069455711
Smart-069-455712,Mobile,+855069455712
Smart-069-455713,Mobile,+855069455713
Smart-069-455714,Mobile,+855069455714
Smart-069-455715,Mobile,+855069455715
Smart-069-455716,Mobile,+855069455716
Smart-069-455717,Mobile,+855069455717
Smart-069-455718,Mobile,+855069455718
Smart-069-455719,Mobile,+855069455719
Smart-069-455720,Mobile,+855069455720
Smart-069-455721,Mobile,+855069455721
Smart-069-455722,Mobile,+855069455722
Smart-069-455723,Mobile,+855069455723
Smart-069-455724,Mobile,+855069455724
Smart-069-455725,Mobile,+855069455725
Smart-069-455726,Mobile,+855069455726
Smart-069-455727,Mobile,+855069455727
Smart-069-455728,Mobile,+855069455728
Smart-069-455729,Mobile,+855069455729
Smart-069-455730,Mobile,+855069455730
Smart-069-455731,Mobile,+855069455731
Smart-069-455732,Mobile,+855069455732
Smart-069-455733,Mobile,+855069455733
Smart-069-455734,Mobile,+855069455734
Smart-069-455735,Mobile,+855069455735
Smart-069-455736,Mobile,+855069455736
Smart-069-455737,Mobile,+855069455737
Smart-069-455738,Mobile,+855069455738
Smart-069-455739,Mobile,+855069455739
Smart-069-455740,Mobile,+855069455740
Smart-069-455741,Mobile,+855069455741
Smart-069-455742,Mobile,+855069455742
Smart-069-455743,Mobile,+855069455743
Smart-069-455744,Mobile,+855069455744
Smart-069-455745,Mobile,+855069455745
Smart-069-455746,Mobile,+855069455746
Smart-069-455747,Mobile,+855069455747
Smart-069-455748,Mobile,+855069455748
Smart-069-455749,Mobile,+855069455749
Smart-069-455750,Mobile,+855069455750
Smart-069-455751,Mobile,+855069455751
Smart-069-455752,Mobile,+855069455752
Smart-069-455753,Mobile,+855069455753
Smart-069-455754,Mobile,+855069455754
Smart-069-455755,Mobile,+855069455755
Smart-069-455756,Mobile,+855069455756
Smart-069-455757,Mobile,+855069455757
Smart-069-455758,Mobile,+855069455758
Smart-069-455759,Mobile,+855069455759
Smart-069-455760,Mobile,+855069455760
Smart-069-455761,Mobile,+855069455761
Smart-069-455762,Mobile,+855069455762
Smart-069-455763,Mobile,+855069455763
Smart-069-455764,Mobile,+855069455764
Smart-069-455765,Mobile,+855069455765
Smart-069-455766,Mobile,+855069455766
Smart-069-455767,Mobile,+855069455767
Smart-069-455768,Mobile,+855069455768
Smart-069-455769,Mobile,+855069455769
Smart-069-455770,Mobile,+855069455770
Smart-069-455771,Mobile,+855069455771
Smart-069-455772,Mobile,+855069455772
Smart-069-455773,Mobile,+855069455773
Smart-069-455774,Mobile,+855069455774
Smart-069-455775,Mobile,+855069455775
Smart-069-455776,Mobile,+855069455776
Smart-069-455777,Mobile,+855069455777
Smart-069-455778,Mobile,+855069455778
Smart-069-455779,Mobile,+855069455779
Smart-069-455780,Mobile,+855069455780
Smart-069-455781,Mobile,+855069455781
Smart-069-455782,Mobile,+855069455782
Smart-069-455783,Mobile,+855069455783
Smart-069-455784,Mobile,+855069455784
Smart-069-455785,Mobile,+855069455785
Smart-069-455786,Mobile,+855069455786
Smart-069-455787,Mobile,+855069455787
Smart-069-455788,Mobile,+855069455788
Smart-069-455789,Mobile,+855069455789
Smart-069-455790,Mobile,+855069455790
Smart-069-455791,Mobile,+855069455791
Smart-069-455792,Mobile,+855069455792
Smart-069-455793,Mobile,+855069455793
Smart-069-455794,Mobile,+855069455794
Smart-069-455795,Mobile,+855069455795
Smart-069-455796,Mobile,+855069455796
Smart-069-455797,Mobile,+855069455797
Smart-069-455798,Mobile,+855069455798
Smart-069-455799,Mobile,+855069455799
Smart-069-455800,Mobile,+855069455800
Smart-069-455801,Mobile,+855069455801
Smart-069-455802,Mobile,+855069455802
Smart-069-455803,Mobile,+855069455803
Smart-069-455804,Mobile,+855069455804
Smart-069-455805,Mobile,+855069455805
Smart-069-455806,Mobile,+855069455806
Smart-069-455807,Mobile,+855069455807
Smart-069-455808,Mobile,+855069455808
Smart-069-455809,Mobile,+855069455809
Smart-069-455810,Mobile,+855069455810
Smart-069-455811,Mobile,+855069455811
Smart-069-455812,Mobile,+855069455812
Smart-069-455813,Mobile,+855069455813
Smart-069-455814,Mobile,+855069455814
Smart-069-455815,Mobile,+855069455815
Smart-069-455816,Mobile,+855069455816
Smart-069-455817,Mobile,+855069455817
Smart-069-455818,Mobile,+855069455818
Smart-069-455819,Mobile,+855069455819
Smart-069-455820,Mobile,+855069455820
Smart-069-455821,Mobile,+855069455821
Smart-069-455822,Mobile,+855069455822
Smart-069-455823,Mobile,+855069455823
Smart-069-455824,Mobile,+855069455824
Smart-069-455825,Mobile,+855069455825
Smart-069-455826,Mobile,+855069455826
Smart-069-455827,Mobile,+855069455827
Smart-069-455828,Mobile,+855069455828
Smart-069-455829,Mobile,+855069455829
Smart-069-455830,Mobile,+855069455830
Smart-069-455831,Mobile,+855069455831
Smart-069-455832,Mobile,+855069455832
Smart-069-455833,Mobile,+855069455833
Smart-069-455834,Mobile,+855069455834
Smart-069-455835,Mobile,+855069455835
Smart-069-455836,Mobile,+855069455836
Smart-069-455837,Mobile,+855069455837
Smart-069-455838,Mobile,+855069455838
Smart-069-455839,Mobile,+855069455839
Smart-069-455840,Mobile,+855069455840
Smart-069-455841,Mobile,+855069455841
Smart-069-455842,Mobile,+855069455842
Smart-069-455843,Mobile,+855069455843
Smart-069-455844,Mobile,+855069455844
Smart-069-455845,Mobile,+855069455845
Smart-069-455846,Mobile,+855069455846
Smart-069-455847,Mobile,+855069455847
Smart-069-455848,Mobile,+855069455848
Smart-069-455849,Mobile,+855069455849
Smart-069-455850,Mobile,+855069455850
Smart-069-455851,Mobile,+855069455851
Smart-069-455852,Mobile,+855069455852
Smart-069-455853,Mobile,+855069455853
Smart-069-455854,Mobile,+855069455854
Smart-069-455855,Mobile,+855069455855
Smart-069-455856,Mobile,+855069455856
Smart-069-455857,Mobile,+855069455857
Smart-069-455858,Mobile,+855069455858
Smart-069-455859,Mobile,+855069455859
Smart-069-455860,Mobile,+855069455860
Smart-069-455861,Mobile,+855069455861
Smart-069-455862,Mobile,+855069455862
Smart-069-455863,Mobile,+855069455863
Smart-069-455864,Mobile,+855069455864
Smart-069-455865,Mobile,+855069455865
Smart-069-455866,Mobile,+855069455866
Smart-069-455867,Mobile,+855069455867
Smart-069-455868,Mobile,+855069455868
Smart-069-455869,Mobile,+855069455869
Smart-069-455870,Mobile,+855069455870
Smart-069-455871,Mobile,+855069455871
Smart-069-455872,Mobile,+855069455872
Smart-069-455873,Mobile,+855069455873
Smart-069-455874,Mobile,+855069455874
Smart-069-455875,Mobile,+855069455875
Smart-069-455876,Mobile,+855069455876
Smart-069-455877,Mobile,+855069455877
Smart-069-455878,Mobile,+855069455878
Smart-069-455879,Mobile,+855069455879
Smart-069-455880,Mobile,+855069455880
Smart-069-455881,Mobile,+855069455881
Smart-069-455882,Mobile,+855069455882
Smart-069-455883,Mobile,+855069455883
Smart-069-455884,Mobile,+855069455884
Smart-069-455885,Mobile,+855069455885
Smart-069-455886,Mobile,+855069455886
Smart-069-455887,Mobile,+855069455887
Smart-069-455888,Mobile,+855069455888
Smart-069-455889,Mobile,+855069455889
Smart-069-455890,Mobile,+855069455890
Smart-069-455891,Mobile,+855069455891
Smart-069-455892,Mobile,+855069455892
Smart-069-455893,Mobile,+855069455893
Smart-069-455894,Mobile,+855069455894
Smart-069-455895,Mobile,+855069455895
Smart-069-455896,Mobile,+855069455896
Smart-069-455897,Mobile,+855069455897
Smart-069-455898,Mobile,+855069455898
Smart-069-455899,Mobile,+855069455899
Smart-069-455900,Mobile,+855069455900
Smart-069-455901,Mobile,+855069455901
Smart-069-455902,Mobile,+855069455902
Smart-069-455903,Mobile,+855069455903
Smart-069-455904,Mobile,+855069455904
Smart-069-455905,Mobile,+855069455905
Smart-069-455906,Mobile,+855069455906
Smart-069-455907,Mobile,+855069455907
Smart-069-455908,Mobile,+855069455908
Smart-069-455909,Mobile,+855069455909
Smart-069-455910,Mobile,+855069455910
Smart-069-455911,Mobile,+855069455911
Smart-069-455912,Mobile,+855069455912
Smart-069-455913,Mobile,+855069455913
Smart-069-455914,Mobile,+855069455914
Smart-069-455915,Mobile,+855069455915
Smart-069-455916,Mobile,+855069455916
Smart-069-455917,Mobile,+855069455917
Smart-069-455918,Mobile,+855069455918
Smart-069-455919,Mobile,+855069455919
Smart-069-455920,Mobile,+855069455920
Smart-069-455921,Mobile,+855069455921
Smart-069-455922,Mobile,+855069455922
Smart-069-455923,Mobile,+855069455923
Smart-069-455924,Mobile,+855069455924
Smart-069-455925,Mobile,+855069455925
Smart-069-455926,Mobile,+855069455926
Smart-069-455927,Mobile,+855069455927
Smart-069-455928,Mobile,+855069455928
Smart-069-455929,Mobile,+855069455929
Smart-069-455930,Mobile,+855069455930
Smart-069-455931,Mobile,+855069455931
Smart-069-455932,Mobile,+855069455932
Smart-069-455933,Mobile,+855069455933
Smart-069-455934,Mobile,+855069455934
Smart-069-455935,Mobile,+855069455935
Smart-069-455936,Mobile,+855069455936
Smart-069-455937,Mobile,+855069455937
Smart-069-455938,Mobile,+855069455938
Smart-069-455939,Mobile,+855069455939
Smart-069-455940,Mobile,+855069455940
Smart-069-455941,Mobile,+855069455941
Smart-069-455942,Mobile,+855069455942
Smart-069-455943,Mobile,+855069455943
Smart-069-455944,Mobile,+855069455944
Smart-069-455945,Mobile,+855069455945
Smart-069-455946,Mobile,+855069455946
Smart-069-455947,Mobile,+855069455947
Smart-069-455948,Mobile,+855069455948
Smart-069-455949,Mobile,+855069455949
Smart-069-455950,Mobile,+855069455950
Smart-069-455951,Mobile,+855069455951
Smart-069-455952,Mobile,+855069455952
Smart-069-455953,Mobile,+855069455953
Smart-069-455954,Mobile,+855069455954
Smart-069-455955,Mobile,+855069455955
Smart-069-455956,Mobile,+855069455956
Smart-069-455957,Mobile,+855069455957
Smart-069-455958,Mobile,+855069455958
Smart-069-455959,Mobile,+855069455959
Smart-069-455960,Mobile,+855069455960
Smart-069-455961,Mobile,+855069455961
Smart-069-455962,Mobile,+855069455962
Smart-069-455963,Mobile,+855069455963
Smart-069-455964,Mobile,+855069455964
Smart-069-455965,Mobile,+855069455965
Smart-069-455966,Mobile,+855069455966
Smart-069-455967,Mobile,+855069455967
Smart-069-455968,Mobile,+855069455968
Smart-069-455969,Mobile,+855069455969
Smart-069-455970,Mobile,+855069455970
Smart-069-455971,Mobile,+855069455971
Smart-069-455972,Mobile,+855069455972
Smart-069-455973,Mobile,+855069455973
Smart-069-455974,Mobile,+855069455974
Smart-069-455975,Mobile,+855069455975
Smart-069-455976,Mobile,+855069455976
Smart-069-455977,Mobile,+855069455977
Smart-069-455978,Mobile,+855069455978
Smart-069-455979,Mobile,+855069455979
Smart-069-455980,Mobile,+855069455980
Smart-069-455981,Mobile,+855069455981
Smart-069-455982,Mobile,+855069455982
Smart-069-455983,Mobile,+855069455983
Smart-069-455984,Mobile,+855069455984
Smart-069-455985,Mobile,+855069455985
Smart-069-455986,Mobile,+855069455986
Smart-069-455987,Mobile,+855069455987
Smart-069-455988,Mobile,+855069455988
Smart-069-455989,Mobile,+855069455989
Smart-069-455990,Mobile,+855069455990
Smart-069-455991,Mobile,+855069455991
Smart-069-455992,Mobile,+855069455992
Smart-069-455993,Mobile,+855069455993
Smart-069-455994,Mobile,+855069455994
Smart-069-455995,Mobile,+855069455995
Smart-069-455996,Mobile,+855069455996
Smart-069-455997,Mobile,+855069455997
Smart-069-455998,Mobile,+855069455998
Smart-069-455999,Mobile,+855069455999
Smart-069-456000,Mobile,+855069456000
Smart-069-456001,Mobile,+855069456001
Smart-069-456002,Mobile,+855069456002
Smart-069-456003,Mobile,+855069456003
Smart-069-456004,Mobile,+855069456004
Smart-069-456005,Mobile,+855069456005
Smart-069-456006,Mobile,+855069456006
Smart-069-456007,Mobile,+855069456007
Smart-069-456008,Mobile,+855069456008
Smart-069-456009,Mobile,+855069456009
Smart-069-456010,Mobile,+855069456010
Smart-069-456011,Mobile,+855069456011
Smart-069-456012,Mobile,+855069456012
Smart-069-456013,Mobile,+855069456013
Smart-069-456014,Mobile,+855069456014
Smart-069-456015,Mobile,+855069456015
Smart-069-456016,Mobile,+855069456016
Smart-069-456017,Mobile,+855069456017
Smart-069-456018,Mobile,+855069456018
Smart-069-456019,Mobile,+855069456019
Smart-069-456020,Mobile,+855069456020
Smart-069-456021,Mobile,+855069456021
Smart-069-456022,Mobile,+855069456022
Smart-069-456023,Mobile,+855069456023
Smart-069-456024,Mobile,+855069456024
Smart-069-456025,Mobile,+855069456025
Smart-069-456026,Mobile,+855069456026
Smart-069-456027,Mobile,+855069456027
Smart-069-456028,Mobile,+855069456028
Smart-069-456029,Mobile,+855069456029
Smart-069-456030,Mobile,+855069456030
Smart-069-456031,Mobile,+855069456031
Smart-069-456032,Mobile,+855069456032
Smart-069-456033,Mobile,+855069456033
Smart-069-456034,Mobile,+855069456034
Smart-069-456035,Mobile,+855069456035
Smart-069-456036,Mobile,+855069456036
Smart-069-456037,Mobile,+855069456037
Smart-069-456038,Mobile,+855069456038
Smart-069-456039,Mobile,+855069456039
Smart-069-456040,Mobile,+855069456040
Smart-069-456041,Mobile,+855069456041
Smart-069-456042,Mobile,+855069456042
Smart-069-456043,Mobile,+855069456043
Smart-069-456044,Mobile,+855069456044
Smart-069-456045,Mobile,+855069456045
Smart-069-456046,Mobile,+855069456046
Smart-069-456047,Mobile,+855069456047
Smart-069-456048,Mobile,+855069456048
Smart-069-456049,Mobile,+855069456049
Smart-069-456050,Mobile,+855069456050
Smart-069-456051,Mobile,+855069456051
Smart-069-456052,Mobile,+855069456052
Smart-069-456053,Mobile,+855069456053
Smart-069-456054,Mobile,+855069456054
Smart-069-456055,Mobile,+855069456055
Smart-069-456056,Mobile,+855069456056
Smart-069-456057,Mobile,+855069456057
Smart-069-456058,Mobile,+855069456058
Smart-069-456059,Mobile,+855069456059
Smart-069-456060,Mobile,+855069456060
Smart-069-456061,Mobile,+855069456061
Smart-069-456062,Mobile,+855069456062
Smart-069-456063,Mobile,+855069456063
Smart-069-456064,Mobile,+855069456064
Smart-069-456065,Mobile,+855069456065
Smart-069-456066,Mobile,+855069456066
Smart-069-456067,Mobile,+855069456067
Smart-069-456068,Mobile,+855069456068
Smart-069-456069,Mobile,+855069456069
Smart-069-456070,Mobile,+855069456070
Smart-069-456071,Mobile,+855069456071
Smart-069-456072,Mobile,+855069456072
Smart-069-456073,Mobile,+855069456073
Smart-069-456074,Mobile,+855069456074
Smart-069-456075,Mobile,+855069456075
Smart-069-456076,Mobile,+855069456076
Smart-069-456077,Mobile,+855069456077
Smart-069-456078,Mobile,+855069456078
Smart-069-456079,Mobile,+855069456079
Smart-069-456080,Mobile,+855069456080
Smart-069-456081,Mobile,+855069456081
Smart-069-456082,Mobile,+855069456082
Smart-069-456083,Mobile,+855069456083
Smart-069-456084,Mobile,+855069456084
Smart-069-456085,Mobile,+855069456085
Smart-069-456086,Mobile,+855069456086
Smart-069-456087,Mobile,+855069456087
Smart-069-456088,Mobile,+855069456088
Smart-069-456089,Mobile,+855069456089
Smart-069-456090,Mobile,+855069456090
Smart-069-456091,Mobile,+855069456091
Smart-069-456092,Mobile,+855069456092
Smart-069-456093,Mobile,+855069456093
Smart-069-456094,Mobile,+855069456094
Smart-069-456095,Mobile,+855069456095
Smart-069-456096,Mobile,+855069456096
Smart-069-456097,Mobile,+855069456097
Smart-069-456098,Mobile,+855069456098
Smart-069-456099,Mobile,+855069456099
Smart-069-456100,Mobile,+855069456100
Smart-069-456101,Mobile,+855069456101
Smart-069-456102,Mobile,+855069456102
Smart-069-456103,Mobile,+855069456103
Smart-069-456104,Mobile,+855069456104
Smart-069-456105,Mobile,+855069456105
Smart-069-456106,Mobile,+855069456106
Smart-069-456107,Mobile,+855069456107
Smart-069-456108,Mobile,+855069456108
Smart-069-456109,Mobile,+855069456109
Smart-069-456110,Mobile,+855069456110
Smart-069-456111,Mobile,+855069456111
Smart-069-456112,Mobile,+855069456112
Smart-069-456113,Mobile,+855069456113
Smart-069-456114,Mobile,+855069456114
Smart-069-456115,Mobile,+855069456115
Smart-069-456116,Mobile,+855069456116
Smart-069-456117,Mobile,+855069456117
Smart-069-456118,Mobile,+855069456118
Smart-069-456119,Mobile,+855069456119
Smart-069-456120,Mobile,+855069456120
Smart-069-456121,Mobile,+855069456121
Smart-069-456122,Mobile,+855069456122
Smart-069-456123,Mobile,+855069456123
Smart-069-456124,Mobile,+855069456124
Smart-069-456125,Mobile,+855069456125
Smart-069-456126,Mobile,+855069456126
Smart-069-456127,Mobile,+855069456127
Smart-069-456128,Mobile,+855069456128
Smart-069-456129,Mobile,+855069456129
Smart-069-456130,Mobile,+855069456130
Smart-069-456131,Mobile,+855069456131
Smart-069-456132,Mobile,+855069456132
Smart-069-456133,Mobile,+855069456133
Smart-069-456134,Mobile,+855069456134
Smart-069-456135,Mobile,+855069456135
Smart-069-456136,Mobile,+855069456136
Smart-069-456137,Mobile,+855069456137
Smart-069-456138,Mobile,+855069456138
Smart-069-456139,Mobile,+855069456139
Smart-069-456140,Mobile,+855069456140
Smart-069-456141,Mobile,+855069456141
Smart-069-456142,Mobile,+855069456142
Smart-069-456143,Mobile,+855069456143
Smart-069-456144,Mobile,+855069456144
Smart-069-456145,Mobile,+855069456145
Smart-069-456146,Mobile,+855069456146
Smart-069-456147,Mobile,+855069456147
Smart-069-456148,Mobile,+855069456148
Smart-069-456149,Mobile,+855069456149
Smart-069-456150,Mobile,+855069456150
Smart-069-456151,Mobile,+855069456151
Smart-069-456152,Mobile,+855069456152
Smart-069-456153,Mobile,+855069456153
Smart-069-456154,Mobile,+855069456154
Smart-069-456155,Mobile,+855069456155
Smart-069-456156,Mobile,+855069456156
Smart-069-456157,Mobile,+855069456157
Smart-069-456158,Mobile,+855069456158
Smart-069-456159,Mobile,+855069456159
Smart-069-456160,Mobile,+855069456160
Smart-069-456161,Mobile,+855069456161
Smart-069-456162,Mobile,+855069456162
Smart-069-456163,Mobile,+855069456163
Smart-069-456164,Mobile,+855069456164
Smart-069-456165,Mobile,+855069456165
Smart-069-456166,Mobile,+855069456166
Smart-069-456167,Mobile,+855069456167
Smart-069-456168,Mobile,+855069456168
Smart-069-456169,Mobile,+855069456169
Smart-069-456170,Mobile,+855069456170
Smart-069-456171,Mobile,+855069456171
Smart-069-456172,Mobile,+855069456172
Smart-069-456173,Mobile,+855069456173
Smart-069-456174,Mobile,+855069456174
Smart-069-456175,Mobile,+855069456175
Smart-069-456176,Mobile,+855069456176
Smart-069-456177,Mobile,+855069456177
Smart-069-456178,Mobile,+855069456178
Smart-069-456179,Mobile,+855069456179
Smart-069-456180,Mobile,+855069456180
Smart-069-456181,Mobile,+855069456181
Smart-069-456182,Mobile,+855069456182
Smart-069-456183,Mobile,+855069456183
Smart-069-456184,Mobile,+855069456184
Smart-069-456185,Mobile,+855069456185
Smart-069-456186,Mobile,+855069456186
Smart-069-456187,Mobile,+855069456187
Smart-069-456188,Mobile,+855069456188
Smart-069-456189,Mobile,+855069456189
Smart-069-456190,Mobile,+855069456190
Smart-069-456191,Mobile,+855069456191
Smart-069-456192,Mobile,+855069456192
Smart-069-456193,Mobile,+855069456193
Smart-069-456194,Mobile,+855069456194
Smart-069-456195,Mobile,+855069456195
Smart-069-456196,Mobile,+855069456196
Smart-069-456197,Mobile,+855069456197
Smart-069-456198,Mobile,+855069456198
Smart-069-456199,Mobile,+855069456199
Smart-069-456200,Mobile,+855069456200
Smart-069-456201,Mobile,+855069456201
Smart-069-456202,Mobile,+855069456202
Smart-069-456203,Mobile,+855069456203
Smart-069-456204,Mobile,+855069456204
Smart-069-456205,Mobile,+855069456205
Smart-069-456206,Mobile,+855069456206
Smart-069-456207,Mobile,+855069456207
Smart-069-456208,Mobile,+855069456208
Smart-069-456209,Mobile,+855069456209
Smart-069-456210,Mobile,+855069456210
Smart-069-456211,Mobile,+855069456211
Smart-069-456212,Mobile,+855069456212
Smart-069-456213,Mobile,+855069456213
Smart-069-456214,Mobile,+855069456214
Smart-069-456215,Mobile,+855069456215
Smart-069-456216,Mobile,+855069456216
Smart-069-456217,Mobile,+855069456217
Smart-069-456218,Mobile,+855069456218
Smart-069-456219,Mobile,+855069456219
Smart-069-456220,Mobile,+855069456220
Smart-069-456221,Mobile,+855069456221
Smart-069-456222,Mobile,+855069456222
Smart-069-456223,Mobile,+855069456223
Smart-069-456224,Mobile,+855069456224
Smart-069-456225,Mobile,+855069456225
Smart-069-456226,Mobile,+855069456226
Smart-069-456227,Mobile,+855069456227
Smart-069-456228,Mobile,+855069456228
Smart-069-456229,Mobile,+855069456229
Smart-069-456230,Mobile,+855069456230
Smart-069-456231,Mobile,+855069456231
Smart-069-456232,Mobile,+855069456232
Smart-069-456233,Mobile,+855069456233
Smart-069-456234,Mobile,+855069456234
Smart-069-456235,Mobile,+855069456235
Smart-069-456236,Mobile,+855069456236
Smart-069-456237,Mobile,+855069456237
Smart-069-456238,Mobile,+855069456238
Smart-069-456239,Mobile,+855069456239
Smart-069-456240,Mobile,+855069456240
Smart-069-456241,Mobile,+855069456241
Smart-069-456242,Mobile,+855069456242
Smart-069-456243,Mobile,+855069456243
Smart-069-456244,Mobile,+855069456244
Smart-069-456245,Mobile,+855069456245
Smart-069-456246,Mobile,+855069456246
Smart-069-456247,Mobile,+855069456247
Smart-069-456248,Mobile,+855069456248
Smart-069-456249,Mobile,+855069456249
Smart-069-456250,Mobile,+855069456250
Smart-069-456251,Mobile,+855069456251
Smart-069-456252,Mobile,+855069456252
Smart-069-456253,Mobile,+855069456253
Smart-069-456254,Mobile,+855069456254
Smart-069-456255,Mobile,+855069456255
Smart-069-456256,Mobile,+855069456256
Smart-069-456257,Mobile,+855069456257
Smart-069-456258,Mobile,+855069456258
Smart-069-456259,Mobile,+855069456259
Smart-069-456260,Mobile,+855069456260
Smart-069-456261,Mobile,+855069456261
Smart-069-456262,Mobile,+855069456262
Smart-069-456263,Mobile,+855069456263
Smart-069-456264,Mobile,+855069456264
Smart-069-456265,Mobile,+855069456265
Smart-069-456266,Mobile,+855069456266
Smart-069-456267,Mobile,+855069456267
Smart-069-456268,Mobile,+855069456268
Smart-069-456269,Mobile,+855069456269
Smart-069-456270,Mobile,+855069456270
Smart-069-456271,Mobile,+855069456271
Smart-069-456272,Mobile,+855069456272
Smart-069-456273,Mobile,+855069456273
Smart-069-456274,Mobile,+855069456274
Smart-069-456275,Mobile,+855069456275
Smart-069-456276,Mobile,+855069456276
Smart-069-456277,Mobile,+855069456277
Smart-069-456278,Mobile,+855069456278
Smart-069-456279,Mobile,+855069456279
Smart-069-456280,Mobile,+855069456280
Smart-069-456281,Mobile,+855069456281
Smart-069-456282,Mobile,+855069456282
Smart-069-456283,Mobile,+855069456283
Smart-069-456284,Mobile,+855069456284
Smart-069-456285,Mobile,+855069456285
Smart-069-456286,Mobile,+855069456286
Smart-069-456287,Mobile,+855069456287
Smart-069-456288,Mobile,+855069456288
Smart-069-456289,Mobile,+855069456289
Smart-069-456290,Mobile,+855069456290
Smart-069-456291,Mobile,+855069456291
Smart-069-456292,Mobile,+855069456292
Smart-069-456293,Mobile,+855069456293
Smart-069-456294,Mobile,+855069456294
Smart-069-456295,Mobile,+855069456295
Smart-069-456296,Mobile,+855069456296
Smart-069-456297,Mobile,+855069456297
Smart-069-456298,Mobile,+855069456298
Smart-069-456299,Mobile,+855069456299
Smart-069-456300,Mobile,+855069456300
Smart-069-456301,Mobile,+855069456301
Smart-069-456302,Mobile,+855069456302
Smart-069-456303,Mobile,+855069456303
Smart-069-456304,Mobile,+855069456304
Smart-069-456305,Mobile,+855069456305
Smart-069-456306,Mobile,+855069456306
Smart-069-456307,Mobile,+855069456307
Smart-069-456308,Mobile,+855069456308
Smart-069-456309,Mobile,+855069456309
Smart-069-456310,Mobile,+855069456310
Smart-069-456311,Mobile,+855069456311
Smart-069-456312,Mobile,+855069456312
Smart-069-456313,Mobile,+855069456313
Smart-069-456314,Mobile,+855069456314
Smart-069-456315,Mobile,+855069456315
Smart-069-456316,Mobile,+855069456316
Smart-069-456317,Mobile,+855069456317
Smart-069-456318,Mobile,+855069456318
Smart-069-456319,Mobile,+855069456319
Smart-069-456320,Mobile,+855069456320
Smart-069-456321,Mobile,+855069456321
Smart-069-456322,Mobile,+855069456322
Smart-069-456323,Mobile,+855069456323
Smart-069-456324,Mobile,+855069456324
Smart-069-456325,Mobile,+855069456325
Smart-069-456326,Mobile,+855069456326
Smart-069-456327,Mobile,+855069456327
Smart-069-456328,Mobile,+855069456328
Smart-069-456329,Mobile,+855069456329
Smart-069-456330,Mobile,+855069456330
Smart-069-456331,Mobile,+855069456331
Smart-069-456332,Mobile,+855069456332
Smart-069-456333,Mobile,+855069456333
Smart-069-456334,Mobile,+855069456334
Smart-069-456335,Mobile,+855069456335
Smart-069-456336,Mobile,+855069456336
Smart-069-456337,Mobile,+855069456337
Smart-069-456338,Mobile,+855069456338
Smart-069-456339,Mobile,+855069456339
Smart-069-456340,Mobile,+855069456340
Smart-069-456341,Mobile,+855069456341
Smart-069-456342,Mobile,+855069456342
Smart-069-456343,Mobile,+855069456343
Smart-069-456344,Mobile,+855069456344
Smart-069-456345,Mobile,+855069456345
Smart-069-456346,Mobile,+855069456346
Smart-069-456347,Mobile,+855069456347
Smart-069-456348,Mobile,+855069456348
Smart-069-456349,Mobile,+855069456349
Smart-069-456350,Mobile,+855069456350
Smart-069-456351,Mobile,+855069456351
Smart-069-456352,Mobile,+855069456352
Smart-069-456353,Mobile,+855069456353
Smart-069-456354,Mobile,+855069456354
Smart-069-456355,Mobile,+855069456355
Smart-069-456356,Mobile,+855069456356
Smart-069-456357,Mobile,+855069456357
Smart-069-456358,Mobile,+855069456358
Smart-069-456359,Mobile,+855069456359
Smart-069-456360,Mobile,+855069456360
Smart-069-456361,Mobile,+855069456361
Smart-069-456362,Mobile,+855069456362
Smart-069-456363,Mobile,+855069456363
Smart-069-456364,Mobile,+855069456364
Smart-069-456365,Mobile,+855069456365
Smart-069-456366,Mobile,+855069456366
Smart-069-456367,Mobile,+855069456367
Smart-069-456368,Mobile,+855069456368
Smart-069-456369,Mobile,+855069456369
Smart-069-456370,Mobile,+855069456370
Smart-069-456371,Mobile,+855069456371
Smart-069-456372,Mobile,+855069456372
Smart-069-456373,Mobile,+855069456373
Smart-069-456374,Mobile,+855069456374
Smart-069-456375,Mobile,+855069456375
Smart-069-456376,Mobile,+855069456376
Smart-069-456377,Mobile,+855069456377
Smart-069-456378,Mobile,+855069456378
Smart-069-456379,Mobile,+855069456379
Smart-069-456380,Mobile,+855069456380
Smart-069-456381,Mobile,+855069456381
Smart-069-456382,Mobile,+855069456382
Smart-069-456383,Mobile,+855069456383
Smart-069-456384,Mobile,+855069456384
Smart-069-456385,Mobile,+855069456385
Smart-069-456386,Mobile,+855069456386
Smart-069-456387,Mobile,+855069456387
Smart-069-456388,Mobile,+855069456388
Smart-069-456389,Mobile,+855069456389
Smart-069-456390,Mobile,+855069456390
Smart-069-456391,Mobile,+855069456391
Smart-069-456392,Mobile,+855069456392
Smart-069-456393,Mobile,+855069456393
Smart-069-456394,Mobile,+855069456394
Smart-069-456395,Mobile,+855069456395
Smart-069-456396,Mobile,+855069456396
Smart-069-456397,Mobile,+855069456397
Smart-069-456398,Mobile,+855069456398
Smart-069-456399,Mobile,+855069456399
Smart-069-456400,Mobile,+855069456400
Smart-069-456401,Mobile,+855069456401
Smart-069-456402,Mobile,+855069456402
Smart-069-456403,Mobile,+855069456403
Smart-069-456404,Mobile,+855069456404
Smart-069-456405,Mobile,+855069456405
Smart-069-456406,Mobile,+855069456406
Smart-069-456407,Mobile,+855069456407
Smart-069-456408,Mobile,+855069456408
Smart-069-456409,Mobile,+855069456409
Smart-069-456410,Mobile,+855069456410
Smart-069-456411,Mobile,+855069456411
Smart-069-456412,Mobile,+855069456412
Smart-069-456413,Mobile,+855069456413
Smart-069-456414,Mobile,+855069456414
Smart-069-456415,Mobile,+855069456415
Smart-069-456416,Mobile,+855069456416
Smart-069-456417,Mobile,+855069456417
Smart-069-456418,Mobile,+855069456418
Smart-069-456419,Mobile,+855069456419
Smart-069-456420,Mobile,+855069456420
Smart-069-456421,Mobile,+855069456421
Smart-069-456422,Mobile,+855069456422
Smart-069-456423,Mobile,+855069456423
Smart-069-456424,Mobile,+855069456424
Smart-069-456425,Mobile,+855069456425
Smart-069-456426,Mobile,+855069456426
Smart-069-456427,Mobile,+855069456427
Smart-069-456428,Mobile,+855069456428
Smart-069-456429,Mobile,+855069456429
Smart-069-456430,Mobile,+855069456430
Smart-069-456431,Mobile,+855069456431
Smart-069-456432,Mobile,+855069456432
Smart-069-456433,Mobile,+855069456433
Smart-069-456434,Mobile,+855069456434
Smart-069-456435,Mobile,+855069456435
Smart-069-456436,Mobile,+855069456436
Smart-069-456437,Mobile,+855069456437
Smart-069-456438,Mobile,+855069456438
Smart-069-456439,Mobile,+855069456439
Smart-069-456440,Mobile,+855069456440
Smart-069-456441,Mobile,+855069456441
Smart-069-456442,Mobile,+855069456442
Smart-069-456443,Mobile,+855069456443
Smart-069-456444,Mobile,+855069456444
Smart-069-456445,Mobile,+855069456445
Smart-069-456446,Mobile,+855069456446
Smart-069-456447,Mobile,+855069456447
Smart-069-456448,Mobile,+855069456448
Smart-069-456449,Mobile,+855069456449
Smart-069-456450,Mobile,+855069456450
Smart-069-456451,Mobile,+855069456451
Smart-069-456452,Mobile,+855069456452
Smart-069-456453,Mobile,+855069456453
Smart-069-456454,Mobile,+855069456454
Smart-069-456455,Mobile,+855069456455
Smart-069-456456,Mobile,+855069456456
Smart-069-456457,Mobile,+855069456457
Smart-069-456458,Mobile,+855069456458
Smart-069-456459,Mobile,+855069456459
Smart-069-456460,Mobile,+855069456460
Smart-069-456461,Mobile,+855069456461
Smart-069-456462,Mobile,+855069456462
Smart-069-456463,Mobile,+855069456463
Smart-069-456464,Mobile,+855069456464
Smart-069-456465,Mobile,+855069456465
Smart-069-456466,Mobile,+855069456466
Smart-069-456467,Mobile,+855069456467
Smart-069-456468,Mobile,+855069456468
Smart-069-456469,Mobile,+855069456469
Smart-069-456470,Mobile,+855069456470
Smart-069-456471,Mobile,+855069456471
Smart-069-456472,Mobile,+855069456472
Smart-069-456473,Mobile,+855069456473
Smart-069-456474,Mobile,+855069456474
Smart-069-456475,Mobile,+855069456475
Smart-069-456476,Mobile,+855069456476
Smart-069-456477,Mobile,+855069456477
Smart-069-456478,Mobile,+855069456478
Smart-069-456479,Mobile,+855069456479
Smart-069-456480,Mobile,+855069456480
Smart-069-456481,Mobile,+855069456481
Smart-069-456482,Mobile,+855069456482
Smart-069-456483,Mobile,+855069456483
Smart-069-456484,Mobile,+855069456484
Smart-069-456485,Mobile,+855069456485
Smart-069-456486,Mobile,+855069456486
Smart-069-456487,Mobile,+855069456487
Smart-069-456488,Mobile,+855069456488
Smart-069-456489,Mobile,+855069456489
Smart-069-456490,Mobile,+855069456490
Smart-069-456491,Mobile,+855069456491
Smart-069-456492,Mobile,+855069456492
Smart-069-456493,Mobile,+855069456493
Smart-069-456494,Mobile,+855069456494
Smart-069-456495,Mobile,+855069456495
Smart-069-456496,Mobile,+855069456496
Smart-069-456497,Mobile,+855069456497
Smart-069-456498,Mobile,+855069456498
Smart-069-456499,Mobile,+855069456499
Smart-069-456500,Mobile,+855069456500
Smart-069-456501,Mobile,+855069456501
Smart-069-456502,Mobile,+855069456502
Smart-069-456503,Mobile,+855069456503
Smart-069-456504,Mobile,+855069456504
Smart-069-456505,Mobile,+855069456505
Smart-069-456506,Mobile,+855069456506
Smart-069-456507,Mobile,+855069456507
Smart-069-456508,Mobile,+855069456508
Smart-069-456509,Mobile,+855069456509
Smart-069-456510,Mobile,+855069456510
Smart-069-456511,Mobile,+855069456511
Smart-069-456512,Mobile,+855069456512
Smart-069-456513,Mobile,+855069456513
Smart-069-456514,Mobile,+855069456514
Smart-069-456515,Mobile,+855069456515
Smart-069-456516,Mobile,+855069456516
Smart-069-456517,Mobile,+855069456517
Smart-069-456518,Mobile,+855069456518
Smart-069-456519,Mobile,+855069456519
Smart-069-456520,Mobile,+855069456520
Smart-069-456521,Mobile,+855069456521
Smart-069-456522,Mobile,+855069456522
Smart-069-456523,Mobile,+855069456523
Smart-069-456524,Mobile,+855069456524
Smart-069-456525,Mobile,+855069456525
Smart-069-456526,Mobile,+855069456526
Smart-069-456527,Mobile,+855069456527
Smart-069-456528,Mobile,+855069456528
Smart-069-456529,Mobile,+855069456529
Smart-069-456530,Mobile,+855069456530
Smart-069-456531,Mobile,+855069456531
Smart-069-456532,Mobile,+855069456532
Smart-069-456533,Mobile,+855069456533
Smart-069-456534,Mobile,+855069456534
Smart-069-456535,Mobile,+855069456535
Smart-069-456536,Mobile,+855069456536
Smart-069-456537,Mobile,+855069456537
Smart-069-456538,Mobile,+855069456538
Smart-069-456539,Mobile,+855069456539
Smart-069-456540,Mobile,+855069456540
Smart-069-456541,Mobile,+855069456541
Smart-069-456542,Mobile,+855069456542
Smart-069-456543,Mobile,+855069456543
Smart-069-456544,Mobile,+855069456544
Smart-069-456545,Mobile,+855069456545
Smart-069-456546,Mobile,+855069456546
Smart-069-456547,Mobile,+855069456547
Smart-069-456548,Mobile,+855069456548
Smart-069-456549,Mobile,+855069456549
Smart-069-456550,Mobile,+855069456550
Smart-069-456551,Mobile,+855069456551
Smart-069-456552,Mobile,+855069456552
Smart-069-456553,Mobile,+855069456553
Smart-069-456554,Mobile,+855069456554
Smart-069-456555,Mobile,+855069456555
Smart-069-456556,Mobile,+855069456556
Smart-069-456557,Mobile,+855069456557
Smart-069-456558,Mobile,+855069456558
Smart-069-456559,Mobile,+855069456559
Smart-069-456560,Mobile,+855069456560
Smart-069-456561,Mobile,+855069456561
Smart-069-456562,Mobile,+855069456562
Smart-069-456563,Mobile,+855069456563
Smart-069-456564,Mobile,+855069456564
Smart-069-456565,Mobile,+855069456565
Smart-069-456566,Mobile,+855069456566
Smart-069-456567,Mobile,+855069456567
Smart-069-456568,Mobile,+855069456568
Smart-069-456569,Mobile,+855069456569
Smart-069-456570,Mobile,+855069456570
Smart-069-456571,Mobile,+855069456571
Smart-069-456572,Mobile,+855069456572
Smart-069-456573,Mobile,+855069456573
Smart-069-456574,Mobile,+855069456574
Smart-069-456575,Mobile,+855069456575
Smart-069-456576,Mobile,+855069456576
Smart-069-456577,Mobile,+855069456577
Smart-069-456578,Mobile,+855069456578
Smart-069-456579,Mobile,+855069456579
Smart-069-456580,Mobile,+855069456580
Smart-069-456581,Mobile,+855069456581
Smart-069-456582,Mobile,+855069456582
Smart-069-456583,Mobile,+855069456583
Smart-069-456584,Mobile,+855069456584
Smart-069-456585,Mobile,+855069456585
Smart-069-456586,Mobile,+855069456586
Smart-069-456587,Mobile,+855069456587
Smart-069-456588,Mobile,+855069456588
Smart-069-456589,Mobile,+855069456589
Smart-069-456590,Mobile,+855069456590
Smart-069-456591,Mobile,+855069456591
Smart-069-456592,Mobile,+855069456592
Smart-069-456593,Mobile,+855069456593
Smart-069-456594,Mobile,+855069456594
Smart-069-456595,Mobile,+855069456595
Smart-069-456596,Mobile,+855069456596
Smart-069-456597,Mobile,+855069456597
Smart-069-456598,Mobile,+855069456598
Smart-069-456599,Mobile,+855069456599
Smart-069-456600,Mobile,+855069456600
Smart-069-456601,Mobile,+855069456601
Smart-069-456602,Mobile,+855069456602
Smart-069-456603,Mobile,+855069456603
Smart-069-456604,Mobile,+855069456604
Smart-069-456605,Mobile,+855069456605
Smart-069-456606,Mobile,+855069456606
Smart-069-456607,Mobile,+855069456607
Smart-069-456608,Mobile,+855069456608
Smart-069-456609,Mobile,+855069456609
Smart-069-456610,Mobile,+855069456610
Smart-069-456611,Mobile,+855069456611
Smart-069-456612,Mobile,+855069456612
Smart-069-456613,Mobile,+855069456613
Smart-069-456614,Mobile,+855069456614
Smart-069-456615,Mobile,+855069456615
Smart-069-456616,Mobile,+855069456616
Smart-069-456617,Mobile,+855069456617
Smart-069-456618,Mobile,+855069456618
Smart-069-456619,Mobile,+855069456619
Smart-069-456620,Mobile,+855069456620
Smart-069-456621,Mobile,+855069456621
Smart-069-456622,Mobile,+855069456622
Smart-069-456623,Mobile,+855069456623
Smart-069-456624,Mobile,+855069456624
Smart-069-456625,Mobile,+855069456625
Smart-069-456626,Mobile,+855069456626
Smart-069-456627,Mobile,+855069456627
Smart-069-456628,Mobile,+855069456628
Smart-069-456629,Mobile,+855069456629
Smart-069-456630,Mobile,+855069456630
Smart-069-456631,Mobile,+855069456631
Smart-069-456632,Mobile,+855069456632
Smart-069-456633,Mobile,+855069456633
Smart-069-456634,Mobile,+855069456634
Smart-069-456635,Mobile,+855069456635
Smart-069-456636,Mobile,+855069456636
Smart-069-456637,Mobile,+855069456637
Smart-069-456638,Mobile,+855069456638
Smart-069-456639,Mobile,+855069456639
Smart-069-456640,Mobile,+855069456640
Smart-069-456641,Mobile,+855069456641
Smart-069-456642,Mobile,+855069456642
Smart-069-456643,Mobile,+855069456643
Smart-069-456644,Mobile,+855069456644
Smart-069-456645,Mobile,+855069456645
Smart-069-456646,Mobile,+855069456646
Smart-069-456647,Mobile,+855069456647
Smart-069-456648,Mobile,+855069456648
Smart-069-456649,Mobile,+855069456649
Smart-069-456650,Mobile,+855069456650
Smart-069-456651,Mobile,+855069456651
Smart-069-456652,Mobile,+855069456652
Smart-069-456653,Mobile,+855069456653
Smart-069-456654,Mobile,+855069456654
Smart-069-456655,Mobile,+855069456655
Smart-069-456656,Mobile,+855069456656
Smart-069-456657,Mobile,+855069456657
Smart-069-456658,Mobile,+855069456658
Smart-069-456659,Mobile,+855069456659
Smart-069-456660,Mobile,+855069456660
Smart-069-456661,Mobile,+855069456661
Smart-069-456662,Mobile,+855069456662
Smart-069-456663,Mobile,+855069456663
Smart-069-456664,Mobile,+855069456664
Smart-069-456665,Mobile,+855069456665
Smart-069-456666,Mobile,+855069456666
Smart-069-456667,Mobile,+855069456667
Smart-069-456668,Mobile,+855069456668
Smart-069-456669,Mobile,+855069456669
Smart-069-456670,Mobile,+855069456670
Smart-069-456671,Mobile,+855069456671
Smart-069-456672,Mobile,+855069456672
Smart-069-456673,Mobile,+855069456673
Smart-069-456674,Mobile,+855069456674
Smart-069-456675,Mobile,+855069456675
Smart-069-456676,Mobile,+855069456676
Smart-069-456677,Mobile,+855069456677
Smart-069-456678,Mobile,+855069456678
Smart-069-456679,Mobile,+855069456679
Smart-069-456680,Mobile,+855069456680
Smart-069-456681,Mobile,+855069456681
Smart-069-456682,Mobile,+855069456682
Smart-069-456683,Mobile,+855069456683
Smart-069-456684,Mobile,+855069456684
Smart-069-456685,Mobile,+855069456685
Smart-069-456686,Mobile,+855069456686
Smart-069-456687,Mobile,+855069456687
Smart-069-456688,Mobile,+855069456688
Smart-069-456689,Mobile,+855069456689
Smart-069-456690,Mobile,+855069456690
Smart-069-456691,Mobile,+855069456691
Smart-069-456692,Mobile,+855069456692
Smart-069-456693,Mobile,+855069456693
Smart-069-456694,Mobile,+855069456694
Smart-069-456695,Mobile,+855069456695
Smart-069-456696,Mobile,+855069456696
Smart-069-456697,Mobile,+855069456697
Smart-069-456698,Mobile,+855069456698
Smart-069-456699,Mobile,+855069456699
Smart-069-456700,Mobile,+855069456700
Smart-069-456701,Mobile,+855069456701
Smart-069-456702,Mobile,+855069456702
Smart-069-456703,Mobile,+855069456703
Smart-069-456704,Mobile,+855069456704
Smart-069-456705,Mobile,+855069456705
Smart-069-456706,Mobile,+855069456706
Smart-069-456707,Mobile,+855069456707
Smart-069-456708,Mobile,+855069456708
Smart-069-456709,Mobile,+855069456709
Smart-069-456710,Mobile,+855069456710
Smart-069-456711,Mobile,+855069456711
Smart-069-456712,Mobile,+855069456712
Smart-069-456713,Mobile,+855069456713
Smart-069-456714,Mobile,+855069456714
Smart-069-456715,Mobile,+855069456715
Smart-069-456716,Mobile,+855069456716
Smart-069-456717,Mobile,+855069456717
Smart-069-456718,Mobile,+855069456718
Smart-069-456719,Mobile,+855069456719
Smart-069-456720,Mobile,+855069456720
Smart-069-456721,Mobile,+855069456721
Smart-069-456722,Mobile,+855069456722
Smart-069-456723,Mobile,+855069456723
Smart-069-456724,Mobile,+855069456724
Smart-069-456725,Mobile,+855069456725
Smart-069-456726,Mobile,+855069456726
Smart-069-456727,Mobile,+855069456727
Smart-069-456728,Mobile,+855069456728
Smart-069-456729,Mobile,+855069456729
Smart-069-456730,Mobile,+855069456730
Smart-069-456731,Mobile,+855069456731
Smart-069-456732,Mobile,+855069456732
Smart-069-456733,Mobile,+855069456733
Smart-069-456734,Mobile,+855069456734
Smart-069-456735,Mobile,+855069456735
Smart-069-456736,Mobile,+855069456736
Smart-069-456737,Mobile,+855069456737
Smart-069-456738,Mobile,+855069456738
Smart-069-456739,Mobile,+855069456739
Smart-069-456740,Mobile,+855069456740
Smart-069-456741,Mobile,+855069456741
Smart-069-456742,Mobile,+855069456742
Smart-069-456743,Mobile,+855069456743
Smart-069-456744,Mobile,+855069456744
Smart-069-456745,Mobile,+855069456745
Smart-069-456746,Mobile,+855069456746
Smart-069-456747,Mobile,+855069456747
Smart-069-456748,Mobile,+855069456748
Smart-069-456749,Mobile,+855069456749
Smart-069-456750,Mobile,+855069456750
Smart-069-456751,Mobile,+855069456751
Smart-069-456752,Mobile,+855069456752
Smart-069-456753,Mobile,+855069456753
Smart-069-456754,Mobile,+855069456754
Smart-069-456755,Mobile,+855069456755
Smart-069-456756,Mobile,+855069456756
Smart-069-456757,Mobile,+855069456757
Smart-069-456758,Mobile,+855069456758
Smart-069-456759,Mobile,+855069456759
Smart-069-456760,Mobile,+855069456760
Smart-069-456761,Mobile,+855069456761
Smart-069-456762,Mobile,+855069456762
Smart-069-456763,Mobile,+855069456763
Smart-069-456764,Mobile,+855069456764
Smart-069-456765,Mobile,+855069456765
Smart-069-456766,Mobile,+855069456766
Smart-069-456767,Mobile,+855069456767
Smart-069-456768,Mobile,+855069456768
Smart-069-456769,Mobile,+855069456769
Smart-069-456770,Mobile,+855069456770
Smart-069-456771,Mobile,+855069456771
Smart-069-456772,Mobile,+855069456772
Smart-069-456773,Mobile,+855069456773
Smart-069-456774,Mobile,+855069456774
Smart-069-456775,Mobile,+855069456775
Smart-069-456776,Mobile,+855069456776
Smart-069-456777,Mobile,+855069456777
Smart-069-456778,Mobile,+855069456778
Smart-069-456779,Mobile,+855069456779
Smart-069-456780,Mobile,+855069456780
Smart-069-456781,Mobile,+855069456781
Smart-069-456782,Mobile,+855069456782
Smart-069-456783,Mobile,+855069456783
Smart-069-456784,Mobile,+855069456784
Smart-069-456785,Mobile,+855069456785
Smart-069-456786,Mobile,+855069456786
Smart-069-456787,Mobile,+855069456787
Smart-069-456788,Mobile,+855069456788
Smart-069-456789,Mobile,+855069456789
Smart-069-456790,Mobile,+855069456790
Smart-069-456791,Mobile,+855069456791
Smart-069-456792,Mobile,+855069456792
Smart-069-456793,Mobile,+855069456793
Smart-069-456794,Mobile,+855069456794
Smart-069-456795,Mobile,+855069456795
Smart-069-456796,Mobile,+855069456796
Smart-069-456797,Mobile,+855069456797
Smart-069-456798,Mobile,+855069456798
Smart-069-456799,Mobile,+855069456799
Smart-069-456800,Mobile,+855069456800
Smart-069-456801,Mobile,+855069456801
Smart-069-456802,Mobile,+855069456802
Smart-069-456803,Mobile,+855069456803
Smart-069-456804,Mobile,+855069456804
Smart-069-456805,Mobile,+855069456805
Smart-069-456806,Mobile,+855069456806
Smart-069-456807,Mobile,+855069456807
Smart-069-456808,Mobile,+855069456808
Smart-069-456809,Mobile,+855069456809
Smart-069-456810,Mobile,+855069456810
Smart-069-456811,Mobile,+855069456811
Smart-069-456812,Mobile,+855069456812
Smart-069-456813,Mobile,+855069456813
Smart-069-456814,Mobile,+855069456814
Smart-069-456815,Mobile,+855069456815
Smart-069-456816,Mobile,+855069456816
Smart-069-456817,Mobile,+855069456817
Smart-069-456818,Mobile,+855069456818
Smart-069-456819,Mobile,+855069456819
Smart-069-456820,Mobile,+855069456820
Smart-069-456821,Mobile,+855069456821
Smart-069-456822,Mobile,+855069456822
Smart-069-456823,Mobile,+855069456823
Smart-069-456824,Mobile,+855069456824
Smart-069-456825,Mobile,+855069456825
Smart-069-456826,Mobile,+855069456826
Smart-069-456827,Mobile,+855069456827
Smart-069-456828,Mobile,+855069456828
Smart-069-456829,Mobile,+855069456829
Smart-069-456830,Mobile,+855069456830
Smart-069-456831,Mobile,+855069456831
Smart-069-456832,Mobile,+855069456832
Smart-069-456833,Mobile,+855069456833
Smart-069-456834,Mobile,+855069456834
Smart-069-456835,Mobile,+855069456835
Smart-069-456836,Mobile,+855069456836
Smart-069-456837,Mobile,+855069456837
Smart-069-456838,Mobile,+855069456838
Smart-069-456839,Mobile,+855069456839
Smart-069-456840,Mobile,+855069456840
Smart-069-456841,Mobile,+855069456841
Smart-069-456842,Mobile,+855069456842
Smart-069-456843,Mobile,+855069456843
Smart-069-456844,Mobile,+855069456844
Smart-069-456845,Mobile,+855069456845
Smart-069-456846,Mobile,+855069456846
Smart-069-456847,Mobile,+855069456847
Smart-069-456848,Mobile,+855069456848
Smart-069-456849,Mobile,+855069456849
Smart-069-456850,Mobile,+855069456850
Smart-069-456851,Mobile,+855069456851
Smart-069-456852,Mobile,+855069456852
Smart-069-456853,Mobile,+855069456853
Smart-069-456854,Mobile,+855069456854
Smart-069-456855,Mobile,+855069456855
Smart-069-456856,Mobile,+855069456856
Smart-069-456857,Mobile,+855069456857
Smart-069-456858,Mobile,+855069456858
Smart-069-456859,Mobile,+855069456859
Smart-069-456860,Mobile,+855069456860
Smart-069-456861,Mobile,+855069456861
Smart-069-456862,Mobile,+855069456862
Smart-069-456863,Mobile,+855069456863
Smart-069-456864,Mobile,+855069456864
Smart-069-456865,Mobile,+855069456865
Smart-069-456866,Mobile,+855069456866
Smart-069-456867,Mobile,+855069456867
Smart-069-456868,Mobile,+855069456868
Smart-069-456869,Mobile,+855069456869
Smart-069-456870,Mobile,+855069456870
Smart-069-456871,Mobile,+855069456871
Smart-069-456872,Mobile,+855069456872
Smart-069-456873,Mobile,+855069456873
Smart-069-456874,Mobile,+855069456874
Smart-069-456875,Mobile,+855069456875
Smart-069-456876,Mobile,+855069456876
Smart-069-456877,Mobile,+855069456877
Smart-069-456878,Mobile,+855069456878
Smart-069-456879,Mobile,+855069456879
Smart-069-456880,Mobile,+855069456880
Smart-069-456881,Mobile,+855069456881
Smart-069-456882,Mobile,+855069456882
Smart-069-456883,Mobile,+855069456883
Smart-069-456884,Mobile,+855069456884
Smart-069-456885,Mobile,+855069456885
Smart-069-456886,Mobile,+855069456886
Smart-069-456887,Mobile,+855069456887
Smart-069-456888,Mobile,+855069456888
Smart-069-456889,Mobile,+855069456889
Smart-069-456890,Mobile,+855069456890
Smart-069-456891,Mobile,+855069456891
Smart-069-456892,Mobile,+855069456892
Smart-069-456893,Mobile,+855069456893
Smart-069-456894,Mobile,+855069456894
Smart-069-456895,Mobile,+855069456895
Smart-069-456896,Mobile,+855069456896
Smart-069-456897,Mobile,+855069456897
Smart-069-456898,Mobile,+855069456898
Smart-069-456899,Mobile,+855069456899
Smart-069-456900,Mobile,+855069456900
Smart-069-456901,Mobile,+855069456901
Smart-069-456902,Mobile,+855069456902
Smart-069-456903,Mobile,+855069456903
Smart-069-456904,Mobile,+855069456904
Smart-069-456905,Mobile,+855069456905
Smart-069-456906,Mobile,+855069456906
Smart-069-456907,Mobile,+855069456907
Smart-069-456908,Mobile,+855069456908
Smart-069-456909,Mobile,+855069456909
Smart-069-456910,Mobile,+855069456910
Smart-069-456911,Mobile,+855069456911
Smart-069-456912,Mobile,+855069456912
Smart-069-456913,Mobile,+855069456913
Smart-069-456914,Mobile,+855069456914
Smart-069-456915,Mobile,+855069456915
Smart-069-456916,Mobile,+855069456916
Smart-069-456917,Mobile,+855069456917
Smart-069-456918,Mobile,+855069456918
Smart-069-456919,Mobile,+855069456919
Smart-069-456920,Mobile,+855069456920
Smart-069-456921,Mobile,+855069456921
Smart-069-456922,Mobile,+855069456922
Smart-069-456923,Mobile,+855069456923
Smart-069-456924,Mobile,+855069456924
Smart-069-456925,Mobile,+855069456925
Smart-069-456926,Mobile,+855069456926
Smart-069-456927,Mobile,+855069456927
Smart-069-456928,Mobile,+855069456928
Smart-069-456929,Mobile,+855069456929
Smart-069-456930,Mobile,+855069456930
Smart-069-456931,Mobile,+855069456931
Smart-069-456932,Mobile,+855069456932
Smart-069-456933,Mobile,+855069456933
Smart-069-456934,Mobile,+855069456934
Smart-069-456935,Mobile,+855069456935
Smart-069-456936,Mobile,+855069456936
Smart-069-456937,Mobile,+855069456937
Smart-069-456938,Mobile,+855069456938
Smart-069-456939,Mobile,+855069456939
Smart-069-456940,Mobile,+855069456940
Smart-069-456941,Mobile,+855069456941
Smart-069-456942,Mobile,+855069456942
Smart-069-456943,Mobile,+855069456943
Smart-069-456944,Mobile,+855069456944
Smart-069-456945,Mobile,+855069456945
Smart-069-456946,Mobile,+855069456946
Smart-069-456947,Mobile,+855069456947
Smart-069-456948,Mobile,+855069456948
Smart-069-456949,Mobile,+855069456949
Smart-069-456950,Mobile,+855069456950
Smart-069-456951,Mobile,+855069456951
Smart-069-456952,Mobile,+855069456952
Smart-069-456953,Mobile,+855069456953
Smart-069-456954,Mobile,+855069456954
Smart-069-456955,Mobile,+855069456955
Smart-069-456956,Mobile,+855069456956
Smart-069-456957,Mobile,+855069456957
Smart-069-456958,Mobile,+855069456958
Smart-069-456959,Mobile,+855069456959
Smart-069-456960,Mobile,+855069456960
Smart-069-456961,Mobile,+855069456961
Smart-069-456962,Mobile,+855069456962
Smart-069-456963,Mobile,+855069456963
Smart-069-456964,Mobile,+855069456964
Smart-069-456965,Mobile,+855069456965
Smart-069-456966,Mobile,+855069456966
Smart-069-456967,Mobile,+855069456967
Smart-069-456968,Mobile,+855069456968
Smart-069-456969,Mobile,+855069456969
Smart-069-456970,Mobile,+855069456970
Smart-069-456971,Mobile,+855069456971
Smart-069-456972,Mobile,+855069456972
Smart-069-456973,Mobile,+855069456973
Smart-069-456974,Mobile,+855069456974
Smart-069-456975,Mobile,+855069456975
Smart-069-456976,Mobile,+855069456976
Smart-069-456977,Mobile,+855069456977
Smart-069-456978,Mobile,+855069456978
Smart-069-456979,Mobile,+855069456979
Smart-069-456980,Mobile,+855069456980
Smart-069-456981,Mobile,+855069456981
Smart-069-456982,Mobile,+855069456982
Smart-069-456983,Mobile,+855069456983
Smart-069-456984,Mobile,+855069456984
Smart-069-456985,Mobile,+855069456985
Smart-069-456986,Mobile,+855069456986
Smart-069-456987,Mobile,+855069456987
Smart-069-456988,Mobile,+855069456988
Smart-069-456989,Mobile,+855069456989
Smart-069-456990,Mobile,+855069456990
Smart-069-456991,Mobile,+855069456991
Smart-069-456992,Mobile,+855069456992
Smart-069-456993,Mobile,+855069456993
Smart-069-456994,Mobile,+855069456994
Smart-069-456995,Mobile,+855069456995
Smart-069-456996,Mobile,+855069456996
Smart-069-456997,Mobile,+855069456997
Smart-069-456998,Mobile,+855069456998
Smart-069-456999,Mobile,+855069456999
Smart-069-457000,Mobile,+855069457000
Smart-069-457001,Mobile,+855069457001
Smart-069-457002,Mobile,+855069457002
Smart-069-457003,Mobile,+855069457003
Smart-069-457004,Mobile,+855069457004
Smart-069-457005,Mobile,+855069457005
Smart-069-457006,Mobile,+855069457006
Smart-069-457007,Mobile,+855069457007
Smart-069-457008,Mobile,+855069457008
Smart-069-457009,Mobile,+855069457009
Smart-069-457010,Mobile,+855069457010
Smart-069-457011,Mobile,+855069457011
Smart-069-457012,Mobile,+855069457012
Smart-069-457013,Mobile,+855069457013
Smart-069-457014,Mobile,+855069457014
Smart-069-457015,Mobile,+855069457015
Smart-069-457016,Mobile,+855069457016
Smart-069-457017,Mobile,+855069457017
Smart-069-457018,Mobile,+855069457018
Smart-069-457019,Mobile,+855069457019
Smart-069-457020,Mobile,+855069457020
Smart-069-457021,Mobile,+855069457021
Smart-069-457022,Mobile,+855069457022
Smart-069-457023,Mobile,+855069457023
Smart-069-457024,Mobile,+855069457024
Smart-069-457025,Mobile,+855069457025
Smart-069-457026,Mobile,+855069457026
Smart-069-457027,Mobile,+855069457027
Smart-069-457028,Mobile,+855069457028
Smart-069-457029,Mobile,+855069457029
Smart-069-457030,Mobile,+855069457030
Smart-069-457031,Mobile,+855069457031
Smart-069-457032,Mobile,+855069457032
Smart-069-457033,Mobile,+855069457033
Smart-069-457034,Mobile,+855069457034
Smart-069-457035,Mobile,+855069457035
Smart-069-457036,Mobile,+855069457036
Smart-069-457037,Mobile,+855069457037
Smart-069-457038,Mobile,+855069457038
Smart-069-457039,Mobile,+855069457039
Smart-069-457040,Mobile,+855069457040
Smart-069-457041,Mobile,+855069457041
Smart-069-457042,Mobile,+855069457042
Smart-069-457043,Mobile,+855069457043
Smart-069-457044,Mobile,+855069457044
Smart-069-457045,Mobile,+855069457045
Smart-069-457046,Mobile,+855069457046
Smart-069-457047,Mobile,+855069457047
Smart-069-457048,Mobile,+855069457048
Smart-069-457049,Mobile,+855069457049
Smart-069-457050,Mobile,+855069457050
Smart-069-457051,Mobile,+855069457051
Smart-069-457052,Mobile,+855069457052
Smart-069-457053,Mobile,+855069457053
Smart-069-457054,Mobile,+855069457054
Smart-069-457055,Mobile,+855069457055
Smart-069-457056,Mobile,+855069457056
Smart-069-457057,Mobile,+855069457057
Smart-069-457058,Mobile,+855069457058
Smart-069-457059,Mobile,+855069457059
Smart-069-457060,Mobile,+855069457060
Smart-069-457061,Mobile,+855069457061
Smart-069-457062,Mobile,+855069457062
Smart-069-457063,Mobile,+855069457063
Smart-069-457064,Mobile,+855069457064
Smart-069-457065,Mobile,+855069457065
Smart-069-457066,Mobile,+855069457066
Smart-069-457067,Mobile,+855069457067
Smart-069-457068,Mobile,+855069457068
Smart-069-457069,Mobile,+855069457069
Smart-069-457070,Mobile,+855069457070
Smart-069-457071,Mobile,+855069457071
Smart-069-457072,Mobile,+855069457072
Smart-069-457073,Mobile,+855069457073
Smart-069-457074,Mobile,+855069457074
Smart-069-457075,Mobile,+855069457075
Smart-069-457076,Mobile,+855069457076
Smart-069-457077,Mobile,+855069457077
Smart-069-457078,Mobile,+855069457078
Smart-069-457079,Mobile,+855069457079
Smart-069-457080,Mobile,+855069457080
Smart-069-457081,Mobile,+855069457081
Smart-069-457082,Mobile,+855069457082
Smart-069-457083,Mobile,+855069457083
Smart-069-457084,Mobile,+855069457084
Smart-069-457085,Mobile,+855069457085
Smart-069-457086,Mobile,+855069457086
Smart-069-457087,Mobile,+855069457087
Smart-069-457088,Mobile,+855069457088
Smart-069-457089,Mobile,+855069457089
Smart-069-457090,Mobile,+855069457090
Smart-069-457091,Mobile,+855069457091
Smart-069-457092,Mobile,+855069457092
Smart-069-457093,Mobile,+855069457093
Smart-069-457094,Mobile,+855069457094
Smart-069-457095,Mobile,+855069457095
Smart-069-457096,Mobile,+855069457096
Smart-069-457097,Mobile,+855069457097
Smart-069-457098,Mobile,+855069457098
Smart-069-457099,Mobile,+855069457099
Smart-069-457100,Mobile,+855069457100
Smart-069-457101,Mobile,+855069457101
Smart-069-457102,Mobile,+855069457102
Smart-069-457103,Mobile,+855069457103
Smart-069-457104,Mobile,+855069457104
Smart-069-457105,Mobile,+855069457105
Smart-069-457106,Mobile,+855069457106
Smart-069-457107,Mobile,+855069457107
Smart-069-457108,Mobile,+855069457108
Smart-069-457109,Mobile,+855069457109
Smart-069-457110,Mobile,+855069457110
Smart-069-457111,Mobile,+855069457111
Smart-069-457112,Mobile,+855069457112
Smart-069-457113,Mobile,+855069457113
Smart-069-457114,Mobile,+855069457114
Smart-069-457115,Mobile,+855069457115
Smart-069-457116,Mobile,+855069457116
Smart-069-457117,Mobile,+855069457117
Smart-069-457118,Mobile,+855069457118
Smart-069-457119,Mobile,+855069457119
Smart-069-457120,Mobile,+855069457120
Smart-069-457121,Mobile,+855069457121
Smart-069-457122,Mobile,+855069457122
Smart-069-457123,Mobile,+855069457123
Smart-069-457124,Mobile,+855069457124
Smart-069-457125,Mobile,+855069457125
Smart-069-457126,Mobile,+855069457126
Smart-069-457127,Mobile,+855069457127
Smart-069-457128,Mobile,+855069457128
Smart-069-457129,Mobile,+855069457129
Smart-069-457130,Mobile,+855069457130
Smart-069-457131,Mobile,+855069457131
Smart-069-457132,Mobile,+855069457132
Smart-069-457133,Mobile,+855069457133
Smart-069-457134,Mobile,+855069457134
Smart-069-457135,Mobile,+855069457135
Smart-069-457136,Mobile,+855069457136
Smart-069-457137,Mobile,+855069457137
Smart-069-457138,Mobile,+855069457138
Smart-069-457139,Mobile,+855069457139
Smart-069-457140,Mobile,+855069457140
Smart-069-457141,Mobile,+855069457141
Smart-069-457142,Mobile,+855069457142
Smart-069-457143,Mobile,+855069457143
Smart-069-457144,Mobile,+855069457144
Smart-069-457145,Mobile,+855069457145
Smart-069-457146,Mobile,+855069457146
Smart-069-457147,Mobile,+855069457147
Smart-069-457148,Mobile,+855069457148
Smart-069-457149,Mobile,+855069457149
Smart-069-457150,Mobile,+855069457150
Smart-069-457151,Mobile,+855069457151
Smart-069-457152,Mobile,+855069457152
Smart-069-457153,Mobile,+855069457153
Smart-069-457154,Mobile,+855069457154
Smart-069-457155,Mobile,+855069457155
Smart-069-457156,Mobile,+855069457156
Smart-069-457157,Mobile,+855069457157
Smart-069-457158,Mobile,+855069457158
Smart-069-457159,Mobile,+855069457159
Smart-069-457160,Mobile,+855069457160
Smart-069-457161,Mobile,+855069457161
Smart-069-457162,Mobile,+855069457162
Smart-069-457163,Mobile,+855069457163
Smart-069-457164,Mobile,+855069457164
Smart-069-457165,Mobile,+855069457165
Smart-069-457166,Mobile,+855069457166
Smart-069-457167,Mobile,+855069457167
Smart-069-457168,Mobile,+855069457168
Smart-069-457169,Mobile,+855069457169
Smart-069-457170,Mobile,+855069457170
Smart-069-457171,Mobile,+855069457171
Smart-069-457172,Mobile,+855069457172
Smart-069-457173,Mobile,+855069457173
Smart-069-457174,Mobile,+855069457174
Smart-069-457175,Mobile,+855069457175
Smart-069-457176,Mobile,+855069457176
Smart-069-457177,Mobile,+855069457177
Smart-069-457178,Mobile,+855069457178
Smart-069-457179,Mobile,+855069457179
Smart-069-457180,Mobile,+855069457180
Smart-069-457181,Mobile,+855069457181
Smart-069-457182,Mobile,+855069457182
Smart-069-457183,Mobile,+855069457183
Smart-069-457184,Mobile,+855069457184
Smart-069-457185,Mobile,+855069457185
Smart-069-457186,Mobile,+855069457186
Smart-069-457187,Mobile,+855069457187
Smart-069-457188,Mobile,+855069457188
Smart-069-457189,Mobile,+855069457189
Smart-069-457190,Mobile,+855069457190
Smart-069-457191,Mobile,+855069457191
Smart-069-457192,Mobile,+855069457192
Smart-069-457193,Mobile,+855069457193
Smart-069-457194,Mobile,+855069457194
Smart-069-457195,Mobile,+855069457195
Smart-069-457196,Mobile,+855069457196
Smart-069-457197,Mobile,+855069457197
Smart-069-457198,Mobile,+855069457198
Smart-069-457199,Mobile,+855069457199
Smart-069-457200,Mobile,+855069457200
Smart-069-457201,Mobile,+855069457201
Smart-069-457202,Mobile,+855069457202
Smart-069-457203,Mobile,+855069457203
Smart-069-457204,Mobile,+855069457204
Smart-069-457205,Mobile,+855069457205
Smart-069-457206,Mobile,+855069457206
Smart-069-457207,Mobile,+855069457207
Smart-069-457208,Mobile,+855069457208
Smart-069-457209,Mobile,+855069457209
Smart-069-457210,Mobile,+855069457210
Smart-069-457211,Mobile,+855069457211
Smart-069-457212,Mobile,+855069457212
Smart-069-457213,Mobile,+855069457213
Smart-069-457214,Mobile,+855069457214
Smart-069-457215,Mobile,+855069457215
Smart-069-457216,Mobile,+855069457216
Smart-069-457217,Mobile,+855069457217
Smart-069-457218,Mobile,+855069457218
Smart-069-457219,Mobile,+855069457219
Smart-069-457220,Mobile,+855069457220
Smart-069-457221,Mobile,+855069457221
Smart-069-457222,Mobile,+855069457222
Smart-069-457223,Mobile,+855069457223
Smart-069-457224,Mobile,+855069457224
Smart-069-457225,Mobile,+855069457225
Smart-069-457226,Mobile,+855069457226
Smart-069-457227,Mobile,+855069457227
Smart-069-457228,Mobile,+855069457228
Smart-069-457229,Mobile,+855069457229
Smart-069-457230,Mobile,+855069457230
Smart-069-457231,Mobile,+855069457231
Smart-069-457232,Mobile,+855069457232
Smart-069-457233,Mobile,+855069457233
Smart-069-457234,Mobile,+855069457234
Smart-069-457235,Mobile,+855069457235
Smart-069-457236,Mobile,+855069457236
Smart-069-457237,Mobile,+855069457237
Smart-069-457238,Mobile,+855069457238
Smart-069-457239,Mobile,+855069457239
Smart-069-457240,Mobile,+855069457240
Smart-069-457241,Mobile,+855069457241
Smart-069-457242,Mobile,+855069457242
Smart-069-457243,Mobile,+855069457243
Smart-069-457244,Mobile,+855069457244
Smart-069-457245,Mobile,+855069457245
Smart-069-457246,Mobile,+855069457246
Smart-069-457247,Mobile,+855069457247
Smart-069-457248,Mobile,+855069457248
Smart-069-457249,Mobile,+855069457249
Smart-069-457250,Mobile,+855069457250
Smart-069-457251,Mobile,+855069457251
Smart-069-457252,Mobile,+855069457252
Smart-069-457253,Mobile,+855069457253
Smart-069-457254,Mobile,+855069457254
Smart-069-457255,Mobile,+855069457255
Smart-069-457256,Mobile,+855069457256
Smart-069-457257,Mobile,+855069457257
Smart-069-457258,Mobile,+855069457258
Smart-069-457259,Mobile,+855069457259
Smart-069-457260,Mobile,+855069457260
Smart-069-457261,Mobile,+855069457261
Smart-069-457262,Mobile,+855069457262
Smart-069-457263,Mobile,+855069457263
Smart-069-457264,Mobile,+855069457264
Smart-069-457265,Mobile,+855069457265
Smart-069-457266,Mobile,+855069457266
Smart-069-457267,Mobile,+855069457267
Smart-069-457268,Mobile,+855069457268
Smart-069-457269,Mobile,+855069457269
Smart-069-457270,Mobile,+855069457270
Smart-069-457271,Mobile,+855069457271
Smart-069-457272,Mobile,+855069457272
Smart-069-457273,Mobile,+855069457273
Smart-069-457274,Mobile,+855069457274
Smart-069-457275,Mobile,+855069457275
Smart-069-457276,Mobile,+855069457276
Smart-069-457277,Mobile,+855069457277
Smart-069-457278,Mobile,+855069457278
Smart-069-457279,Mobile,+855069457279
Smart-069-457280,Mobile,+855069457280
Smart-069-457281,Mobile,+855069457281
Smart-069-457282,Mobile,+855069457282
Smart-069-457283,Mobile,+855069457283
Smart-069-457284,Mobile,+855069457284
Smart-069-457285,Mobile,+855069457285
Smart-069-457286,Mobile,+855069457286
Smart-069-457287,Mobile,+855069457287
Smart-069-457288,Mobile,+855069457288
Smart-069-457289,Mobile,+855069457289
Smart-069-457290,Mobile,+855069457290
Smart-069-457291,Mobile,+855069457291
Smart-069-457292,Mobile,+855069457292
Smart-069-457293,Mobile,+855069457293
Smart-069-457294,Mobile,+855069457294
Smart-069-457295,Mobile,+855069457295
Smart-069-457296,Mobile,+855069457296
Smart-069-457297,Mobile,+855069457297
Smart-069-457298,Mobile,+855069457298
Smart-069-457299,Mobile,+855069457299
Smart-069-457300,Mobile,+855069457300
Smart-069-457301,Mobile,+855069457301
Smart-069-457302,Mobile,+855069457302
Smart-069-457303,Mobile,+855069457303
Smart-069-457304,Mobile,+855069457304
Smart-069-457305,Mobile,+855069457305
Smart-069-457306,Mobile,+855069457306
Smart-069-457307,Mobile,+855069457307
Smart-069-457308,Mobile,+855069457308
Smart-069-457309,Mobile,+855069457309
Smart-069-457310,Mobile,+855069457310
Smart-069-457311,Mobile,+855069457311
Smart-069-457312,Mobile,+855069457312
Smart-069-457313,Mobile,+855069457313
Smart-069-457314,Mobile,+855069457314
Smart-069-457315,Mobile,+855069457315
Smart-069-457316,Mobile,+855069457316
Smart-069-457317,Mobile,+855069457317
Smart-069-457318,Mobile,+855069457318
Smart-069-457319,Mobile,+855069457319
Smart-069-457320,Mobile,+855069457320
Smart-069-457321,Mobile,+855069457321
Smart-069-457322,Mobile,+855069457322
Smart-069-457323,Mobile,+855069457323
Smart-069-457324,Mobile,+855069457324
Smart-069-457325,Mobile,+855069457325
Smart-069-457326,Mobile,+855069457326
Smart-069-457327,Mobile,+855069457327
Smart-069-457328,Mobile,+855069457328
Smart-069-457329,Mobile,+855069457329
Smart-069-457330,Mobile,+855069457330
Smart-069-457331,Mobile,+855069457331
Smart-069-457332,Mobile,+855069457332
Smart-069-457333,Mobile,+855069457333
Smart-069-457334,Mobile,+855069457334
Smart-069-457335,Mobile,+855069457335
Smart-069-457336,Mobile,+855069457336
Smart-069-457337,Mobile,+855069457337
Smart-069-457338,Mobile,+855069457338
Smart-069-457339,Mobile,+855069457339
Smart-069-457340,Mobile,+855069457340
Smart-069-457341,Mobile,+855069457341
Smart-069-457342,Mobile,+855069457342
Smart-069-457343,Mobile,+855069457343
Smart-069-457344,Mobile,+855069457344
Smart-069-457345,Mobile,+855069457345
Smart-069-457346,Mobile,+855069457346
Smart-069-457347,Mobile,+855069457347
Smart-069-457348,Mobile,+855069457348
Smart-069-457349,Mobile,+855069457349
Smart-069-457350,Mobile,+855069457350
Smart-069-457351,Mobile,+855069457351
Smart-069-457352,Mobile,+855069457352
Smart-069-457353,Mobile,+855069457353
Smart-069-457354,Mobile,+855069457354
Smart-069-457355,Mobile,+855069457355
Smart-069-457356,Mobile,+855069457356
Smart-069-457357,Mobile,+855069457357
Smart-069-457358,Mobile,+855069457358
Smart-069-457359,Mobile,+855069457359
Smart-069-457360,Mobile,+855069457360
Smart-069-457361,Mobile,+855069457361
Smart-069-457362,Mobile,+855069457362
Smart-069-457363,Mobile,+855069457363
Smart-069-457364,Mobile,+855069457364
Smart-069-457365,Mobile,+855069457365
Smart-069-457366,Mobile,+855069457366
Smart-069-457367,Mobile,+855069457367
Smart-069-457368,Mobile,+855069457368
Smart-069-457369,Mobile,+855069457369
Smart-069-457370,Mobile,+855069457370
Smart-069-457371,Mobile,+855069457371
Smart-069-457372,Mobile,+855069457372
Smart-069-457373,Mobile,+855069457373
Smart-069-457374,Mobile,+855069457374
Smart-069-457375,Mobile,+855069457375
Smart-069-457376,Mobile,+855069457376
Smart-069-457377,Mobile,+855069457377
Smart-069-457378,Mobile,+855069457378
Smart-069-457379,Mobile,+855069457379
Smart-069-457380,Mobile,+855069457380
Smart-069-457381,Mobile,+855069457381
Smart-069-457382,Mobile,+855069457382
Smart-069-457383,Mobile,+855069457383
Smart-069-457384,Mobile,+855069457384
Smart-069-457385,Mobile,+855069457385
Smart-069-457386,Mobile,+855069457386
Smart-069-457387,Mobile,+855069457387
Smart-069-457388,Mobile,+855069457388
Smart-069-457389,Mobile,+855069457389
Smart-069-457390,Mobile,+855069457390
Smart-069-457391,Mobile,+855069457391
Smart-069-457392,Mobile,+855069457392
Smart-069-457393,Mobile,+855069457393
Smart-069-457394,Mobile,+855069457394
Smart-069-457395,Mobile,+855069457395
Smart-069-457396,Mobile,+855069457396
Smart-069-457397,Mobile,+855069457397
Smart-069-457398,Mobile,+855069457398
Smart-069-457399,Mobile,+855069457399
Smart-069-457400,Mobile,+855069457400
Smart-069-457401,Mobile,+855069457401
Smart-069-457402,Mobile,+855069457402
Smart-069-457403,Mobile,+855069457403
Smart-069-457404,Mobile,+855069457404
Smart-069-457405,Mobile,+855069457405
Smart-069-457406,Mobile,+855069457406
Smart-069-457407,Mobile,+855069457407
Smart-069-457408,Mobile,+855069457408
Smart-069-457409,Mobile,+855069457409
Smart-069-457410,Mobile,+855069457410
Smart-069-457411,Mobile,+855069457411
Smart-069-457412,Mobile,+855069457412
Smart-069-457413,Mobile,+855069457413
Smart-069-457414,Mobile,+855069457414
Smart-069-457415,Mobile,+855069457415
Smart-069-457416,Mobile,+855069457416
Smart-069-457417,Mobile,+855069457417
Smart-069-457418,Mobile,+855069457418
Smart-069-457419,Mobile,+855069457419
Smart-069-457420,Mobile,+855069457420
Smart-069-457421,Mobile,+855069457421
Smart-069-457422,Mobile,+855069457422
Smart-069-457423,Mobile,+855069457423
Smart-069-457424,Mobile,+855069457424
Smart-069-457425,Mobile,+855069457425
Smart-069-457426,Mobile,+855069457426
Smart-069-457427,Mobile,+855069457427
Smart-069-457428,Mobile,+855069457428
Smart-069-457429,Mobile,+855069457429
Smart-069-457430,Mobile,+855069457430
Smart-069-457431,Mobile,+855069457431
Smart-069-457432,Mobile,+855069457432
Smart-069-457433,Mobile,+855069457433
Smart-069-457434,Mobile,+855069457434
Smart-069-457435,Mobile,+855069457435
Smart-069-457436,Mobile,+855069457436
Smart-069-457437,Mobile,+855069457437
Smart-069-457438,Mobile,+855069457438
Smart-069-457439,Mobile,+855069457439
Smart-069-457440,Mobile,+855069457440
Smart-069-457441,Mobile,+855069457441
Smart-069-457442,Mobile,+855069457442
Smart-069-457443,Mobile,+855069457443
Smart-069-457444,Mobile,+855069457444
Smart-069-457445,Mobile,+855069457445
Smart-069-457446,Mobile,+855069457446
Smart-069-457447,Mobile,+855069457447
Smart-069-457448,Mobile,+855069457448
Smart-069-457449,Mobile,+855069457449
Smart-069-457450,Mobile,+855069457450
Smart-069-457451,Mobile,+855069457451
Smart-069-457452,Mobile,+855069457452
Smart-069-457453,Mobile,+855069457453
Smart-069-457454,Mobile,+855069457454
Smart-069-457455,Mobile,+855069457455
Smart-069-457456,Mobile,+855069457456
Smart-069-457457,Mobile,+855069457457
Smart-069-457458,Mobile,+855069457458
Smart-069-457459,Mobile,+855069457459
Smart-069-457460,Mobile,+855069457460
Smart-069-457461,Mobile,+855069457461
Smart-069-457462,Mobile,+855069457462
Smart-069-457463,Mobile,+855069457463
Smart-069-457464,Mobile,+855069457464
Smart-069-457465,Mobile,+855069457465
Smart-069-457466,Mobile,+855069457466
Smart-069-457467,Mobile,+855069457467
Smart-069-457468,Mobile,+855069457468
Smart-069-457469,Mobile,+855069457469
Smart-069-457470,Mobile,+855069457470
Smart-069-457471,Mobile,+855069457471
Smart-069-457472,Mobile,+855069457472
Smart-069-457473,Mobile,+855069457473
Smart-069-457474,Mobile,+855069457474
Smart-069-457475,Mobile,+855069457475
Smart-069-457476,Mobile,+855069457476
Smart-069-457477,Mobile,+855069457477
Smart-069-457478,Mobile,+855069457478
Smart-069-457479,Mobile,+855069457479
Smart-069-457480,Mobile,+855069457480
Smart-069-457481,Mobile,+855069457481
Smart-069-457482,Mobile,+855069457482
Smart-069-457483,Mobile,+855069457483
Smart-069-457484,Mobile,+855069457484
Smart-069-457485,Mobile,+855069457485
Smart-069-457486,Mobile,+855069457486
Smart-069-457487,Mobile,+855069457487
Smart-069-457488,Mobile,+855069457488
Smart-069-457489,Mobile,+855069457489
Smart-069-457490,Mobile,+855069457490
Smart-069-457491,Mobile,+855069457491
Smart-069-457492,Mobile,+855069457492
Smart-069-457493,Mobile,+855069457493
Smart-069-457494,Mobile,+855069457494
Smart-069-457495,Mobile,+855069457495
Smart-069-457496,Mobile,+855069457496
Smart-069-457497,Mobile,+855069457497
Smart-069-457498,Mobile,+855069457498
Smart-069-457499,Mobile,+855069457499
Smart-069-457500,Mobile,+855069457500
Smart-069-457501,Mobile,+855069457501
Smart-069-457502,Mobile,+855069457502
Smart-069-457503,Mobile,+855069457503
Smart-069-457504,Mobile,+855069457504
Smart-069-457505,Mobile,+855069457505
Smart-069-457506,Mobile,+855069457506
Smart-069-457507,Mobile,+855069457507
Smart-069-457508,Mobile,+855069457508
Smart-069-457509,Mobile,+855069457509
Smart-069-457510,Mobile,+855069457510
Smart-069-457511,Mobile,+855069457511
Smart-069-457512,Mobile,+855069457512
Smart-069-457513,Mobile,+855069457513
Smart-069-457514,Mobile,+855069457514
Smart-069-457515,Mobile,+855069457515
Smart-069-457516,Mobile,+855069457516
Smart-069-457517,Mobile,+855069457517
Smart-069-457518,Mobile,+855069457518
Smart-069-457519,Mobile,+855069457519
Smart-069-457520,Mobile,+855069457520
Smart-069-457521,Mobile,+855069457521
Smart-069-457522,Mobile,+855069457522
Smart-069-457523,Mobile,+855069457523
Smart-069-457524,Mobile,+855069457524
Smart-069-457525,Mobile,+855069457525
Smart-069-457526,Mobile,+855069457526
Smart-069-457527,Mobile,+855069457527
Smart-069-457528,Mobile,+855069457528
Smart-069-457529,Mobile,+855069457529
Smart-069-457530,Mobile,+855069457530
Smart-069-457531,Mobile,+855069457531
Smart-069-457532,Mobile,+855069457532
Smart-069-457533,Mobile,+855069457533
Smart-069-457534,Mobile,+855069457534
Smart-069-457535,Mobile,+855069457535
Smart-069-457536,Mobile,+855069457536
Smart-069-457537,Mobile,+855069457537
Smart-069-457538,Mobile,+855069457538
Smart-069-457539,Mobile,+855069457539
Smart-069-457540,Mobile,+855069457540
Smart-069-457541,Mobile,+855069457541
Smart-069-457542,Mobile,+855069457542
Smart-069-457543,Mobile,+855069457543
Smart-069-457544,Mobile,+855069457544
Smart-069-457545,Mobile,+855069457545
Smart-069-457546,Mobile,+855069457546
Smart-069-457547,Mobile,+855069457547
Smart-069-457548,Mobile,+855069457548
Smart-069-457549,Mobile,+855069457549
Smart-069-457550,Mobile,+855069457550
Smart-069-457551,Mobile,+855069457551
Smart-069-457552,Mobile,+855069457552
Smart-069-457553,Mobile,+855069457553
Smart-069-457554,Mobile,+855069457554
Smart-069-457555,Mobile,+855069457555
Smart-069-457556,Mobile,+855069457556
Smart-069-457557,Mobile,+855069457557
Smart-069-457558,Mobile,+855069457558
Smart-069-457559,Mobile,+855069457559
Smart-069-457560,Mobile,+855069457560
Smart-069-457561,Mobile,+855069457561
Smart-069-457562,Mobile,+855069457562
Smart-069-457563,Mobile,+855069457563
Smart-069-457564,Mobile,+855069457564
Smart-069-457565,Mobile,+855069457565
Smart-069-457566,Mobile,+855069457566
Smart-069-457567,Mobile,+855069457567
Smart-069-457568,Mobile,+855069457568
Smart-069-457569,Mobile,+855069457569
Smart-069-457570,Mobile,+855069457570
Smart-069-457571,Mobile,+855069457571
Smart-069-457572,Mobile,+855069457572
Smart-069-457573,Mobile,+855069457573
Smart-069-457574,Mobile,+855069457574
Smart-069-457575,Mobile,+855069457575
Smart-069-457576,Mobile,+855069457576
Smart-069-457577,Mobile,+855069457577
Smart-069-457578,Mobile,+855069457578
Smart-069-457579,Mobile,+855069457579
Smart-069-457580,Mobile,+855069457580
Smart-069-457581,Mobile,+855069457581
Smart-069-457582,Mobile,+855069457582
Smart-069-457583,Mobile,+855069457583
Smart-069-457584,Mobile,+855069457584
Smart-069-457585,Mobile,+855069457585
Smart-069-457586,Mobile,+855069457586
Smart-069-457587,Mobile,+855069457587
Smart-069-457588,Mobile,+855069457588
Smart-069-457589,Mobile,+855069457589
Smart-069-457590,Mobile,+855069457590
Smart-069-457591,Mobile,+855069457591
Smart-069-457592,Mobile,+855069457592
Smart-069-457593,Mobile,+855069457593
Smart-069-457594,Mobile,+855069457594
Smart-069-457595,Mobile,+855069457595
Smart-069-457596,Mobile,+855069457596
Smart-069-457597,Mobile,+855069457597
Smart-069-457598,Mobile,+855069457598
Smart-069-457599,Mobile,+855069457599
Smart-069-457600,Mobile,+855069457600
Smart-069-457601,Mobile,+855069457601
Smart-069-457602,Mobile,+855069457602
Smart-069-457603,Mobile,+855069457603
Smart-069-457604,Mobile,+855069457604
Smart-069-457605,Mobile,+855069457605
Smart-069-457606,Mobile,+855069457606
Smart-069-457607,Mobile,+855069457607
Smart-069-457608,Mobile,+855069457608
Smart-069-457609,Mobile,+855069457609
Smart-069-457610,Mobile,+855069457610
Smart-069-457611,Mobile,+855069457611
Smart-069-457612,Mobile,+855069457612
Smart-069-457613,Mobile,+855069457613
Smart-069-457614,Mobile,+855069457614
Smart-069-457615,Mobile,+855069457615
Smart-069-457616,Mobile,+855069457616
Smart-069-457617,Mobile,+855069457617
Smart-069-457618,Mobile,+855069457618
Smart-069-457619,Mobile,+855069457619
Smart-069-457620,Mobile,+855069457620
Smart-069-457621,Mobile,+855069457621
Smart-069-457622,Mobile,+855069457622
Smart-069-457623,Mobile,+855069457623
Smart-069-457624,Mobile,+855069457624
Smart-069-457625,Mobile,+855069457625
Smart-069-457626,Mobile,+855069457626
Smart-069-457627,Mobile,+855069457627
Smart-069-457628,Mobile,+855069457628
Smart-069-457629,Mobile,+855069457629
Smart-069-457630,Mobile,+855069457630
Smart-069-457631,Mobile,+855069457631
Smart-069-457632,Mobile,+855069457632
Smart-069-457633,Mobile,+855069457633
Smart-069-457634,Mobile,+855069457634
Smart-069-457635,Mobile,+855069457635
Smart-069-457636,Mobile,+855069457636
Smart-069-457637,Mobile,+855069457637
Smart-069-457638,Mobile,+855069457638
Smart-069-457639,Mobile,+855069457639
Smart-069-457640,Mobile,+855069457640
Smart-069-457641,Mobile,+855069457641
Smart-069-457642,Mobile,+855069457642
Smart-069-457643,Mobile,+855069457643
Smart-069-457644,Mobile,+855069457644
Smart-069-457645,Mobile,+855069457645
Smart-069-457646,Mobile,+855069457646
Smart-069-457647,Mobile,+855069457647
Smart-069-457648,Mobile,+855069457648
Smart-069-457649,Mobile,+855069457649
Smart-069-457650,Mobile,+855069457650
Smart-069-457651,Mobile,+855069457651
Smart-069-457652,Mobile,+855069457652
Smart-069-457653,Mobile,+855069457653
Smart-069-457654,Mobile,+855069457654
Smart-069-457655,Mobile,+855069457655
Smart-069-457656,Mobile,+855069457656
Smart-069-457657,Mobile,+855069457657
Smart-069-457658,Mobile,+855069457658
Smart-069-457659,Mobile,+855069457659
Smart-069-457660,Mobile,+855069457660
Smart-069-457661,Mobile,+855069457661
Smart-069-457662,Mobile,+855069457662
Smart-069-457663,Mobile,+855069457663
Smart-069-457664,Mobile,+855069457664
Smart-069-457665,Mobile,+855069457665
Smart-069-457666,Mobile,+855069457666
Smart-069-457667,Mobile,+855069457667
Smart-069-457668,Mobile,+855069457668
Smart-069-457669,Mobile,+855069457669
Smart-069-457670,Mobile,+855069457670
Smart-069-457671,Mobile,+855069457671
Smart-069-457672,Mobile,+855069457672
Smart-069-457673,Mobile,+855069457673
Smart-069-457674,Mobile,+855069457674
Smart-069-457675,Mobile,+855069457675
Smart-069-457676,Mobile,+855069457676
Smart-069-457677,Mobile,+855069457677
Smart-069-457678,Mobile,+855069457678
Smart-069-457679,Mobile,+855069457679
Smart-069-457680,Mobile,+855069457680
Smart-069-457681,Mobile,+855069457681
Smart-069-457682,Mobile,+855069457682
Smart-069-457683,Mobile,+855069457683
Smart-069-457684,Mobile,+855069457684
Smart-069-457685,Mobile,+855069457685
Smart-069-457686,Mobile,+855069457686
Smart-069-457687,Mobile,+855069457687
Smart-069-457688,Mobile,+855069457688
Smart-069-457689,Mobile,+855069457689
Smart-069-457690,Mobile,+855069457690
Smart-069-457691,Mobile,+855069457691
Smart-069-457692,Mobile,+855069457692
Smart-069-457693,Mobile,+855069457693
Smart-069-457694,Mobile,+855069457694
Smart-069-457695,Mobile,+855069457695
Smart-069-457696,Mobile,+855069457696
Smart-069-457697,Mobile,+855069457697
Smart-069-457698,Mobile,+855069457698
Smart-069-457699,Mobile,+855069457699
Smart-069-457700,Mobile,+855069457700
Smart-069-457701,Mobile,+855069457701
Smart-069-457702,Mobile,+855069457702
Smart-069-457703,Mobile,+855069457703
Smart-069-457704,Mobile,+855069457704
Smart-069-457705,Mobile,+855069457705
Smart-069-457706,Mobile,+855069457706
Smart-069-457707,Mobile,+855069457707
Smart-069-457708,Mobile,+855069457708
Smart-069-457709,Mobile,+855069457709
Smart-069-457710,Mobile,+855069457710
Smart-069-457711,Mobile,+855069457711
Smart-069-457712,Mobile,+855069457712
Smart-069-457713,Mobile,+855069457713
Smart-069-457714,Mobile,+855069457714
Smart-069-457715,Mobile,+855069457715
Smart-069-457716,Mobile,+855069457716
Smart-069-457717,Mobile,+855069457717
Smart-069-457718,Mobile,+855069457718
Smart-069-457719,Mobile,+855069457719
Smart-069-457720,Mobile,+855069457720
Smart-069-457721,Mobile,+855069457721
Smart-069-457722,Mobile,+855069457722
Smart-069-457723,Mobile,+855069457723
Smart-069-457724,Mobile,+855069457724
Smart-069-457725,Mobile,+855069457725
Smart-069-457726,Mobile,+855069457726
Smart-069-457727,Mobile,+855069457727
Smart-069-457728,Mobile,+855069457728
Smart-069-457729,Mobile,+855069457729
Smart-069-457730,Mobile,+855069457730
Smart-069-457731,Mobile,+855069457731
Smart-069-457732,Mobile,+855069457732
Smart-069-457733,Mobile,+855069457733
Smart-069-457734,Mobile,+855069457734
Smart-069-457735,Mobile,+855069457735
Smart-069-457736,Mobile,+855069457736
Smart-069-457737,Mobile,+855069457737
Smart-069-457738,Mobile,+855069457738
Smart-069-457739,Mobile,+855069457739
Smart-069-457740,Mobile,+855069457740
Smart-069-457741,Mobile,+855069457741
Smart-069-457742,Mobile,+855069457742
Smart-069-457743,Mobile,+855069457743
Smart-069-457744,Mobile,+855069457744
Smart-069-457745,Mobile,+855069457745
Smart-069-457746,Mobile,+855069457746
Smart-069-457747,Mobile,+855069457747
Smart-069-457748,Mobile,+855069457748
Smart-069-457749,Mobile,+855069457749
Smart-069-457750,Mobile,+855069457750
Smart-069-457751,Mobile,+855069457751
Smart-069-457752,Mobile,+855069457752
Smart-069-457753,Mobile,+855069457753
Smart-069-457754,Mobile,+855069457754
Smart-069-457755,Mobile,+855069457755
Smart-069-457756,Mobile,+855069457756
Smart-069-457757,Mobile,+855069457757
Smart-069-457758,Mobile,+855069457758
Smart-069-457759,Mobile,+855069457759
Smart-069-457760,Mobile,+855069457760
Smart-069-457761,Mobile,+855069457761
Smart-069-457762,Mobile,+855069457762
Smart-069-457763,Mobile,+855069457763
Smart-069-457764,Mobile,+855069457764
Smart-069-457765,Mobile,+855069457765
Smart-069-457766,Mobile,+855069457766
Smart-069-457767,Mobile,+855069457767
Smart-069-457768,Mobile,+855069457768
Smart-069-457769,Mobile,+855069457769
Smart-069-457770,Mobile,+855069457770
Smart-069-457771,Mobile,+855069457771
Smart-069-457772,Mobile,+855069457772
Smart-069-457773,Mobile,+855069457773
Smart-069-457774,Mobile,+855069457774
Smart-069-457775,Mobile,+855069457775
Smart-069-457776,Mobile,+855069457776
Smart-069-457777,Mobile,+855069457777
Smart-069-457778,Mobile,+855069457778
Smart-069-457779,Mobile,+855069457779
Smart-069-457780,Mobile,+855069457780
Smart-069-457781,Mobile,+855069457781
Smart-069-457782,Mobile,+855069457782
Smart-069-457783,Mobile,+855069457783
Smart-069-457784,Mobile,+855069457784
Smart-069-457785,Mobile,+855069457785
Smart-069-457786,Mobile,+855069457786
Smart-069-457787,Mobile,+855069457787
Smart-069-457788,Mobile,+855069457788
Smart-069-457789,Mobile,+855069457789
Smart-069-457790,Mobile,+855069457790
Smart-069-457791,Mobile,+855069457791
Smart-069-457792,Mobile,+855069457792
Smart-069-457793,Mobile,+855069457793
Smart-069-457794,Mobile,+855069457794
Smart-069-457795,Mobile,+855069457795
Smart-069-457796,Mobile,+855069457796
Smart-069-457797,Mobile,+855069457797
Smart-069-457798,Mobile,+855069457798
Smart-069-457799,Mobile,+855069457799
Smart-069-457800,Mobile,+855069457800
Smart-069-457801,Mobile,+855069457801
Smart-069-457802,Mobile,+855069457802
Smart-069-457803,Mobile,+855069457803
Smart-069-457804,Mobile,+855069457804
Smart-069-457805,Mobile,+855069457805
Smart-069-457806,Mobile,+855069457806
Smart-069-457807,Mobile,+855069457807
Smart-069-457808,Mobile,+855069457808
Smart-069-457809,Mobile,+855069457809
Smart-069-457810,Mobile,+855069457810
Smart-069-457811,Mobile,+855069457811
Smart-069-457812,Mobile,+855069457812
Smart-069-457813,Mobile,+855069457813
Smart-069-457814,Mobile,+855069457814
Smart-069-457815,Mobile,+855069457815
Smart-069-457816,Mobile,+855069457816
Smart-069-457817,Mobile,+855069457817
Smart-069-457818,Mobile,+855069457818
Smart-069-457819,Mobile,+855069457819
Smart-069-457820,Mobile,+855069457820
Smart-069-457821,Mobile,+855069457821
Smart-069-457822,Mobile,+855069457822
Smart-069-457823,Mobile,+855069457823
Smart-069-457824,Mobile,+855069457824
Smart-069-457825,Mobile,+855069457825
Smart-069-457826,Mobile,+855069457826
Smart-069-457827,Mobile,+855069457827
Smart-069-457828,Mobile,+855069457828
Smart-069-457829,Mobile,+855069457829
Smart-069-457830,Mobile,+855069457830
Smart-069-457831,Mobile,+855069457831
Smart-069-457832,Mobile,+855069457832
Smart-069-457833,Mobile,+855069457833
Smart-069-457834,Mobile,+855069457834
Smart-069-457835,Mobile,+855069457835
Smart-069-457836,Mobile,+855069457836
Smart-069-457837,Mobile,+855069457837
Smart-069-457838,Mobile,+855069457838
Smart-069-457839,Mobile,+855069457839
Smart-069-457840,Mobile,+855069457840
Smart-069-457841,Mobile,+855069457841
Smart-069-457842,Mobile,+855069457842
Smart-069-457843,Mobile,+855069457843
Smart-069-457844,Mobile,+855069457844
Smart-069-457845,Mobile,+855069457845
Smart-069-457846,Mobile,+855069457846
Smart-069-457847,Mobile,+855069457847
Smart-069-457848,Mobile,+855069457848
Smart-069-457849,Mobile,+855069457849
Smart-069-457850,Mobile,+855069457850
Smart-069-457851,Mobile,+855069457851
Smart-069-457852,Mobile,+855069457852
Smart-069-457853,Mobile,+855069457853
Smart-069-457854,Mobile,+855069457854
Smart-069-457855,Mobile,+855069457855
Smart-069-457856,Mobile,+855069457856
Smart-069-457857,Mobile,+855069457857
Smart-069-457858,Mobile,+855069457858
Smart-069-457859,Mobile,+855069457859
Smart-069-457860,Mobile,+855069457860
Smart-069-457861,Mobile,+855069457861
Smart-069-457862,Mobile,+855069457862
Smart-069-457863,Mobile,+855069457863
Smart-069-457864,Mobile,+855069457864
Smart-069-457865,Mobile,+855069457865
Smart-069-457866,Mobile,+855069457866
Smart-069-457867,Mobile,+855069457867
Smart-069-457868,Mobile,+855069457868
Smart-069-457869,Mobile,+855069457869
Smart-069-457870,Mobile,+855069457870
Smart-069-457871,Mobile,+855069457871
Smart-069-457872,Mobile,+855069457872
Smart-069-457873,Mobile,+855069457873
Smart-069-457874,Mobile,+855069457874
Smart-069-457875,Mobile,+855069457875
Smart-069-457876,Mobile,+855069457876
Smart-069-457877,Mobile,+855069457877
Smart-069-457878,Mobile,+855069457878
Smart-069-457879,Mobile,+855069457879
Smart-069-457880,Mobile,+855069457880
Smart-069-457881,Mobile,+855069457881
Smart-069-457882,Mobile,+855069457882
Smart-069-457883,Mobile,+855069457883
Smart-069-457884,Mobile,+855069457884
Smart-069-457885,Mobile,+855069457885
Smart-069-457886,Mobile,+855069457886
Smart-069-457887,Mobile,+855069457887
Smart-069-457888,Mobile,+855069457888
Smart-069-457889,Mobile,+855069457889
Smart-069-457890,Mobile,+855069457890
Smart-069-457891,Mobile,+855069457891
Smart-069-457892,Mobile,+855069457892
Smart-069-457893,Mobile,+855069457893
Smart-069-457894,Mobile,+855069457894
Smart-069-457895,Mobile,+855069457895
Smart-069-457896,Mobile,+855069457896
Smart-069-457897,Mobile,+855069457897
Smart-069-457898,Mobile,+855069457898
Smart-069-457899,Mobile,+855069457899
Smart-069-457900,Mobile,+855069457900
Smart-069-457901,Mobile,+855069457901
Smart-069-457902,Mobile,+855069457902
Smart-069-457903,Mobile,+855069457903
Smart-069-457904,Mobile,+855069457904
Smart-069-457905,Mobile,+855069457905
Smart-069-457906,Mobile,+855069457906
Smart-069-457907,Mobile,+855069457907
Smart-069-457908,Mobile,+855069457908
Smart-069-457909,Mobile,+855069457909
Smart-069-457910,Mobile,+855069457910
Smart-069-457911,Mobile,+855069457911
Smart-069-457912,Mobile,+855069457912
Smart-069-457913,Mobile,+855069457913
Smart-069-457914,Mobile,+855069457914
Smart-069-457915,Mobile,+855069457915
Smart-069-457916,Mobile,+855069457916
Smart-069-457917,Mobile,+855069457917
Smart-069-457918,Mobile,+855069457918
Smart-069-457919,Mobile,+855069457919
Smart-069-457920,Mobile,+855069457920
Smart-069-457921,Mobile,+855069457921
Smart-069-457922,Mobile,+855069457922
Smart-069-457923,Mobile,+855069457923
Smart-069-457924,Mobile,+855069457924
Smart-069-457925,Mobile,+855069457925
Smart-069-457926,Mobile,+855069457926
Smart-069-457927,Mobile,+855069457927
Smart-069-457928,Mobile,+855069457928
Smart-069-457929,Mobile,+855069457929
Smart-069-457930,Mobile,+855069457930
Smart-069-457931,Mobile,+855069457931
Smart-069-457932,Mobile,+855069457932
Smart-069-457933,Mobile,+855069457933
Smart-069-457934,Mobile,+855069457934
Smart-069-457935,Mobile,+855069457935
Smart-069-457936,Mobile,+855069457936
Smart-069-457937,Mobile,+855069457937
Smart-069-457938,Mobile,+855069457938
Smart-069-457939,Mobile,+855069457939
Smart-069-457940,Mobile,+855069457940
Smart-069-457941,Mobile,+855069457941
Smart-069-457942,Mobile,+855069457942
Smart-069-457943,Mobile,+855069457943
Smart-069-457944,Mobile,+855069457944
Smart-069-457945,Mobile,+855069457945
Smart-069-457946,Mobile,+855069457946
Smart-069-457947,Mobile,+855069457947
Smart-069-457948,Mobile,+855069457948
Smart-069-457949,Mobile,+855069457949
Smart-069-457950,Mobile,+855069457950
Smart-069-457951,Mobile,+855069457951
Smart-069-457952,Mobile,+855069457952
Smart-069-457953,Mobile,+855069457953
Smart-069-457954,Mobile,+855069457954
Smart-069-457955,Mobile,+855069457955
Smart-069-457956,Mobile,+855069457956
Smart-069-457957,Mobile,+855069457957
Smart-069-457958,Mobile,+855069457958
Smart-069-457959,Mobile,+855069457959
Smart-069-457960,Mobile,+855069457960
Smart-069-457961,Mobile,+855069457961
Smart-069-457962,Mobile,+855069457962
Smart-069-457963,Mobile,+855069457963
Smart-069-457964,Mobile,+855069457964
Smart-069-457965,Mobile,+855069457965
Smart-069-457966,Mobile,+855069457966
Smart-069-457967,Mobile,+855069457967
Smart-069-457968,Mobile,+855069457968
Smart-069-457969,Mobile,+855069457969
Smart-069-457970,Mobile,+855069457970
Smart-069-457971,Mobile,+855069457971
Smart-069-457972,Mobile,+855069457972
Smart-069-457973,Mobile,+855069457973
Smart-069-457974,Mobile,+855069457974
Smart-069-457975,Mobile,+855069457975
Smart-069-457976,Mobile,+855069457976
Smart-069-457977,Mobile,+855069457977
Smart-069-457978,Mobile,+855069457978
Smart-069-457979,Mobile,+855069457979
Smart-069-457980,Mobile,+855069457980
Smart-069-457981,Mobile,+855069457981
Smart-069-457982,Mobile,+855069457982
Smart-069-457983,Mobile,+855069457983
Smart-069-457984,Mobile,+855069457984
Smart-069-457985,Mobile,+855069457985
Smart-069-457986,Mobile,+855069457986
Smart-069-457987,Mobile,+855069457987
Smart-069-457988,Mobile,+855069457988
Smart-069-457989,Mobile,+855069457989
Smart-069-457990,Mobile,+855069457990
Smart-069-457991,Mobile,+855069457991
Smart-069-457992,Mobile,+855069457992
Smart-069-457993,Mobile,+855069457993
Smart-069-457994,Mobile,+855069457994
Smart-069-457995,Mobile,+855069457995
Smart-069-457996,Mobile,+855069457996
Smart-069-457997,Mobile,+855069457997
Smart-069-457998,Mobile,+855069457998
Smart-069-457999,Mobile,+855069457999
Smart-069-458000,Mobile,+855069458000
Smart-069-458001,Mobile,+855069458001
Smart-069-458002,Mobile,+855069458002
Smart-069-458003,Mobile,+855069458003
Smart-069-458004,Mobile,+855069458004
Smart-069-458005,Mobile,+855069458005
Smart-069-458006,Mobile,+855069458006
Smart-069-458007,Mobile,+855069458007
Smart-069-458008,Mobile,+855069458008
Smart-069-458009,Mobile,+855069458009
Smart-069-458010,Mobile,+855069458010
Smart-069-458011,Mobile,+855069458011
Smart-069-458012,Mobile,+855069458012
Smart-069-458013,Mobile,+855069458013
Smart-069-458014,Mobile,+855069458014
Smart-069-458015,Mobile,+855069458015
Smart-069-458016,Mobile,+855069458016
Smart-069-458017,Mobile,+855069458017
Smart-069-458018,Mobile,+855069458018
Smart-069-458019,Mobile,+855069458019
Smart-069-458020,Mobile,+855069458020
Smart-069-458021,Mobile,+855069458021
Smart-069-458022,Mobile,+855069458022
Smart-069-458023,Mobile,+855069458023
Smart-069-458024,Mobile,+855069458024
Smart-069-458025,Mobile,+855069458025
Smart-069-458026,Mobile,+855069458026
Smart-069-458027,Mobile,+855069458027
Smart-069-458028,Mobile,+855069458028
Smart-069-458029,Mobile,+855069458029
Smart-069-458030,Mobile,+855069458030
Smart-069-458031,Mobile,+855069458031
Smart-069-458032,Mobile,+855069458032
Smart-069-458033,Mobile,+855069458033
Smart-069-458034,Mobile,+855069458034
Smart-069-458035,Mobile,+855069458035
Smart-069-458036,Mobile,+855069458036
Smart-069-458037,Mobile,+855069458037
Smart-069-458038,Mobile,+855069458038
Smart-069-458039,Mobile,+855069458039
Smart-069-458040,Mobile,+855069458040
Smart-069-458041,Mobile,+855069458041
Smart-069-458042,Mobile,+855069458042
Smart-069-458043,Mobile,+855069458043
Smart-069-458044,Mobile,+855069458044
Smart-069-458045,Mobile,+855069458045
Smart-069-458046,Mobile,+855069458046
Smart-069-458047,Mobile,+855069458047
Smart-069-458048,Mobile,+855069458048
Smart-069-458049,Mobile,+855069458049
Smart-069-458050,Mobile,+855069458050
Smart-069-458051,Mobile,+855069458051
Smart-069-458052,Mobile,+855069458052
Smart-069-458053,Mobile,+855069458053
Smart-069-458054,Mobile,+855069458054
Smart-069-458055,Mobile,+855069458055
Smart-069-458056,Mobile,+855069458056
Smart-069-458057,Mobile,+855069458057
Smart-069-458058,Mobile,+855069458058
Smart-069-458059,Mobile,+855069458059
Smart-069-458060,Mobile,+855069458060
Smart-069-458061,Mobile,+855069458061
Smart-069-458062,Mobile,+855069458062
Smart-069-458063,Mobile,+855069458063
Smart-069-458064,Mobile,+855069458064
Smart-069-458065,Mobile,+855069458065
Smart-069-458066,Mobile,+855069458066
Smart-069-458067,Mobile,+855069458067
Smart-069-458068,Mobile,+855069458068
Smart-069-458069,Mobile,+855069458069
Smart-069-458070,Mobile,+855069458070
Smart-069-458071,Mobile,+855069458071
Smart-069-458072,Mobile,+855069458072
Smart-069-458073,Mobile,+855069458073
Smart-069-458074,Mobile,+855069458074
Smart-069-458075,Mobile,+855069458075
Smart-069-458076,Mobile,+855069458076
Smart-069-458077,Mobile,+855069458077
Smart-069-458078,Mobile,+855069458078
Smart-069-458079,Mobile,+855069458079
Smart-069-458080,Mobile,+855069458080
Smart-069-458081,Mobile,+855069458081
Smart-069-458082,Mobile,+855069458082
Smart-069-458083,Mobile,+855069458083
Smart-069-458084,Mobile,+855069458084
Smart-069-458085,Mobile,+855069458085
Smart-069-458086,Mobile,+855069458086
Smart-069-458087,Mobile,+855069458087
Smart-069-458088,Mobile,+855069458088
Smart-069-458089,Mobile,+855069458089
Smart-069-458090,Mobile,+855069458090
Smart-069-458091,Mobile,+855069458091
Smart-069-458092,Mobile,+855069458092
Smart-069-458093,Mobile,+855069458093
Smart-069-458094,Mobile,+855069458094
Smart-069-458095,Mobile,+855069458095
Smart-069-458096,Mobile,+855069458096
Smart-069-458097,Mobile,+855069458097
Smart-069-458098,Mobile,+855069458098
Smart-069-458099,Mobile,+855069458099
Smart-069-458100,Mobile,+855069458100
Smart-069-458101,Mobile,+855069458101
Smart-069-458102,Mobile,+855069458102
Smart-069-458103,Mobile,+855069458103
Smart-069-458104,Mobile,+855069458104
Smart-069-458105,Mobile,+855069458105
Smart-069-458106,Mobile,+855069458106
Smart-069-458107,Mobile,+855069458107
Smart-069-458108,Mobile,+855069458108
Smart-069-458109,Mobile,+855069458109
Smart-069-458110,Mobile,+855069458110
Smart-069-458111,Mobile,+855069458111
Smart-069-458112,Mobile,+855069458112
Smart-069-458113,Mobile,+855069458113
Smart-069-458114,Mobile,+855069458114
Smart-069-458115,Mobile,+855069458115
Smart-069-458116,Mobile,+855069458116
Smart-069-458117,Mobile,+855069458117
Smart-069-458118,Mobile,+855069458118
Smart-069-458119,Mobile,+855069458119
Smart-069-458120,Mobile,+855069458120
Smart-069-458121,Mobile,+855069458121
Smart-069-458122,Mobile,+855069458122
Smart-069-458123,Mobile,+855069458123
Smart-069-458124,Mobile,+855069458124
Smart-069-458125,Mobile,+855069458125
Smart-069-458126,Mobile,+855069458126
Smart-069-458127,Mobile,+855069458127
Smart-069-458128,Mobile,+855069458128
Smart-069-458129,Mobile,+855069458129
Smart-069-458130,Mobile,+855069458130
Smart-069-458131,Mobile,+855069458131
Smart-069-458132,Mobile,+855069458132
Smart-069-458133,Mobile,+855069458133
Smart-069-458134,Mobile,+855069458134
Smart-069-458135,Mobile,+855069458135
Smart-069-458136,Mobile,+855069458136
Smart-069-458137,Mobile,+855069458137
Smart-069-458138,Mobile,+855069458138
Smart-069-458139,Mobile,+855069458139
Smart-069-458140,Mobile,+855069458140
Smart-069-458141,Mobile,+855069458141
Smart-069-458142,Mobile,+855069458142
Smart-069-458143,Mobile,+855069458143
Smart-069-458144,Mobile,+855069458144
Smart-069-458145,Mobile,+855069458145
Smart-069-458146,Mobile,+855069458146
Smart-069-458147,Mobile,+855069458147
Smart-069-458148,Mobile,+855069458148
Smart-069-458149,Mobile,+855069458149
Smart-069-458150,Mobile,+855069458150
Smart-069-458151,Mobile,+855069458151
Smart-069-458152,Mobile,+855069458152
Smart-069-458153,Mobile,+855069458153
Smart-069-458154,Mobile,+855069458154
Smart-069-458155,Mobile,+855069458155
Smart-069-458156,Mobile,+855069458156
Smart-069-458157,Mobile,+855069458157
Smart-069-458158,Mobile,+855069458158
Smart-069-458159,Mobile,+855069458159
Smart-069-458160,Mobile,+855069458160
Smart-069-458161,Mobile,+855069458161
Smart-069-458162,Mobile,+855069458162
Smart-069-458163,Mobile,+855069458163
Smart-069-458164,Mobile,+855069458164
Smart-069-458165,Mobile,+855069458165
Smart-069-458166,Mobile,+855069458166
Smart-069-458167,Mobile,+855069458167
Smart-069-458168,Mobile,+855069458168
Smart-069-458169,Mobile,+855069458169
Smart-069-458170,Mobile,+855069458170
Smart-069-458171,Mobile,+855069458171
Smart-069-458172,Mobile,+855069458172
Smart-069-458173,Mobile,+855069458173
Smart-069-458174,Mobile,+855069458174
Smart-069-458175,Mobile,+855069458175
Smart-069-458176,Mobile,+855069458176
Smart-069-458177,Mobile,+855069458177
Smart-069-458178,Mobile,+855069458178
Smart-069-458179,Mobile,+855069458179
Smart-069-458180,Mobile,+855069458180
Smart-069-458181,Mobile,+855069458181
Smart-069-458182,Mobile,+855069458182
Smart-069-458183,Mobile,+855069458183
Smart-069-458184,Mobile,+855069458184
Smart-069-458185,Mobile,+855069458185
Smart-069-458186,Mobile,+855069458186
Smart-069-458187,Mobile,+855069458187
Smart-069-458188,Mobile,+855069458188
Smart-069-458189,Mobile,+855069458189
Smart-069-458190,Mobile,+855069458190
Smart-069-458191,Mobile,+855069458191
Smart-069-458192,Mobile,+855069458192
Smart-069-458193,Mobile,+855069458193
Smart-069-458194,Mobile,+855069458194
Smart-069-458195,Mobile,+855069458195
Smart-069-458196,Mobile,+855069458196
Smart-069-458197,Mobile,+855069458197
Smart-069-458198,Mobile,+855069458198
Smart-069-458199,Mobile,+855069458199
Smart-069-458200,Mobile,+855069458200
Smart-069-458201,Mobile,+855069458201
Smart-069-458202,Mobile,+855069458202
Smart-069-458203,Mobile,+855069458203
Smart-069-458204,Mobile,+855069458204
Smart-069-458205,Mobile,+855069458205
Smart-069-458206,Mobile,+855069458206
Smart-069-458207,Mobile,+855069458207
Smart-069-458208,Mobile,+855069458208
Smart-069-458209,Mobile,+855069458209
Smart-069-458210,Mobile,+855069458210
Smart-069-458211,Mobile,+855069458211
Smart-069-458212,Mobile,+855069458212
Smart-069-458213,Mobile,+855069458213
Smart-069-458214,Mobile,+855069458214
Smart-069-458215,Mobile,+855069458215
Smart-069-458216,Mobile,+855069458216
Smart-069-458217,Mobile,+855069458217
Smart-069-458218,Mobile,+855069458218
Smart-069-458219,Mobile,+855069458219
Smart-069-458220,Mobile,+855069458220
Smart-069-458221,Mobile,+855069458221
Smart-069-458222,Mobile,+855069458222
Smart-069-458223,Mobile,+855069458223
Smart-069-458224,Mobile,+855069458224
Smart-069-458225,Mobile,+855069458225
Smart-069-458226,Mobile,+855069458226
Smart-069-458227,Mobile,+855069458227
Smart-069-458228,Mobile,+855069458228
Smart-069-458229,Mobile,+855069458229
Smart-069-458230,Mobile,+855069458230
Smart-069-458231,Mobile,+855069458231
Smart-069-458232,Mobile,+855069458232
Smart-069-458233,Mobile,+855069458233
Smart-069-458234,Mobile,+855069458234
Smart-069-458235,Mobile,+855069458235
Smart-069-458236,Mobile,+855069458236
Smart-069-458237,Mobile,+855069458237
Smart-069-458238,Mobile,+855069458238
Smart-069-458239,Mobile,+855069458239
Smart-069-458240,Mobile,+855069458240
Smart-069-458241,Mobile,+855069458241
Smart-069-458242,Mobile,+855069458242
Smart-069-458243,Mobile,+855069458243
Smart-069-458244,Mobile,+855069458244
Smart-069-458245,Mobile,+855069458245
Smart-069-458246,Mobile,+855069458246
Smart-069-458247,Mobile,+855069458247
Smart-069-458248,Mobile,+855069458248
Smart-069-458249,Mobile,+855069458249
Smart-069-458250,Mobile,+855069458250
Smart-069-458251,Mobile,+855069458251
Smart-069-458252,Mobile,+855069458252
Smart-069-458253,Mobile,+855069458253
Smart-069-458254,Mobile,+855069458254
Smart-069-458255,Mobile,+855069458255
Smart-069-458256,Mobile,+855069458256
Smart-069-458257,Mobile,+855069458257
Smart-069-458258,Mobile,+855069458258
Smart-069-458259,Mobile,+855069458259
Smart-069-458260,Mobile,+855069458260
Smart-069-458261,Mobile,+855069458261
Smart-069-458262,Mobile,+855069458262
Smart-069-458263,Mobile,+855069458263
Smart-069-458264,Mobile,+855069458264
Smart-069-458265,Mobile,+855069458265
Smart-069-458266,Mobile,+855069458266
Smart-069-458267,Mobile,+855069458267
Smart-069-458268,Mobile,+855069458268
Smart-069-458269,Mobile,+855069458269
Smart-069-458270,Mobile,+855069458270
Smart-069-458271,Mobile,+855069458271
Smart-069-458272,Mobile,+855069458272
Smart-069-458273,Mobile,+855069458273
Smart-069-458274,Mobile,+855069458274
Smart-069-458275,Mobile,+855069458275
Smart-069-458276,Mobile,+855069458276
Smart-069-458277,Mobile,+855069458277
Smart-069-458278,Mobile,+855069458278
Smart-069-458279,Mobile,+855069458279
Smart-069-458280,Mobile,+855069458280
Smart-069-458281,Mobile,+855069458281
Smart-069-458282,Mobile,+855069458282
Smart-069-458283,Mobile,+855069458283
Smart-069-458284,Mobile,+855069458284
Smart-069-458285,Mobile,+855069458285
Smart-069-458286,Mobile,+855069458286
Smart-069-458287,Mobile,+855069458287
Smart-069-458288,Mobile,+855069458288
Smart-069-458289,Mobile,+855069458289
Smart-069-458290,Mobile,+855069458290
Smart-069-458291,Mobile,+855069458291
Smart-069-458292,Mobile,+855069458292
Smart-069-458293,Mobile,+855069458293
Smart-069-458294,Mobile,+855069458294
Smart-069-458295,Mobile,+855069458295
Smart-069-458296,Mobile,+855069458296
Smart-069-458297,Mobile,+855069458297
Smart-069-458298,Mobile,+855069458298
Smart-069-458299,Mobile,+855069458299
Smart-069-458300,Mobile,+855069458300
Smart-069-458301,Mobile,+855069458301
Smart-069-458302,Mobile,+855069458302
Smart-069-458303,Mobile,+855069458303
Smart-069-458304,Mobile,+855069458304
Smart-069-458305,Mobile,+855069458305
Smart-069-458306,Mobile,+855069458306
Smart-069-458307,Mobile,+855069458307
Smart-069-458308,Mobile,+855069458308
Smart-069-458309,Mobile,+855069458309
Smart-069-458310,Mobile,+855069458310
Smart-069-458311,Mobile,+855069458311
Smart-069-458312,Mobile,+855069458312
Smart-069-458313,Mobile,+855069458313
Smart-069-458314,Mobile,+855069458314
Smart-069-458315,Mobile,+855069458315
Smart-069-458316,Mobile,+855069458316
Smart-069-458317,Mobile,+855069458317
Smart-069-458318,Mobile,+855069458318
Smart-069-458319,Mobile,+855069458319
Smart-069-458320,Mobile,+855069458320
Smart-069-458321,Mobile,+855069458321
Smart-069-458322,Mobile,+855069458322
Smart-069-458323,Mobile,+855069458323
Smart-069-458324,Mobile,+855069458324
Smart-069-458325,Mobile,+855069458325
Smart-069-458326,Mobile,+855069458326
Smart-069-458327,Mobile,+855069458327
Smart-069-458328,Mobile,+855069458328
Smart-069-458329,Mobile,+855069458329
Smart-069-458330,Mobile,+855069458330
Smart-069-458331,Mobile,+855069458331
Smart-069-458332,Mobile,+855069458332
Smart-069-458333,Mobile,+855069458333
Smart-069-458334,Mobile,+855069458334
Smart-069-458335,Mobile,+855069458335
Smart-069-458336,Mobile,+855069458336
Smart-069-458337,Mobile,+855069458337
Smart-069-458338,Mobile,+855069458338
Smart-069-458339,Mobile,+855069458339
Smart-069-458340,Mobile,+855069458340
Smart-069-458341,Mobile,+855069458341
Smart-069-458342,Mobile,+855069458342
Smart-069-458343,Mobile,+855069458343
Smart-069-458344,Mobile,+855069458344
Smart-069-458345,Mobile,+855069458345
Smart-069-458346,Mobile,+855069458346
Smart-069-458347,Mobile,+855069458347
Smart-069-458348,Mobile,+855069458348
Smart-069-458349,Mobile,+855069458349
Smart-069-458350,Mobile,+855069458350
Smart-069-458351,Mobile,+855069458351
Smart-069-458352,Mobile,+855069458352
Smart-069-458353,Mobile,+855069458353
Smart-069-458354,Mobile,+855069458354
Smart-069-458355,Mobile,+855069458355
Smart-069-458356,Mobile,+855069458356
Smart-069-458357,Mobile,+855069458357
Smart-069-458358,Mobile,+855069458358
Smart-069-458359,Mobile,+855069458359
Smart-069-458360,Mobile,+855069458360
Smart-069-458361,Mobile,+855069458361
Smart-069-458362,Mobile,+855069458362
Smart-069-458363,Mobile,+855069458363
Smart-069-458364,Mobile,+855069458364
Smart-069-458365,Mobile,+855069458365
Smart-069-458366,Mobile,+855069458366
Smart-069-458367,Mobile,+855069458367
Smart-069-458368,Mobile,+855069458368
Smart-069-458369,Mobile,+855069458369
Smart-069-458370,Mobile,+855069458370
Smart-069-458371,Mobile,+855069458371
Smart-069-458372,Mobile,+855069458372
Smart-069-458373,Mobile,+855069458373
Smart-069-458374,Mobile,+855069458374
Smart-069-458375,Mobile,+855069458375
Smart-069-458376,Mobile,+855069458376
Smart-069-458377,Mobile,+855069458377
Smart-069-458378,Mobile,+855069458378
Smart-069-458379,Mobile,+855069458379
Smart-069-458380,Mobile,+855069458380
Smart-069-458381,Mobile,+855069458381
Smart-069-458382,Mobile,+855069458382
Smart-069-458383,Mobile,+855069458383
Smart-069-458384,Mobile,+855069458384
Smart-069-458385,Mobile,+855069458385
Smart-069-458386,Mobile,+855069458386
Smart-069-458387,Mobile,+855069458387
Smart-069-458388,Mobile,+855069458388
Smart-069-458389,Mobile,+855069458389
Smart-069-458390,Mobile,+855069458390
Smart-069-458391,Mobile,+855069458391
Smart-069-458392,Mobile,+855069458392
Smart-069-458393,Mobile,+855069458393
Smart-069-458394,Mobile,+855069458394
Smart-069-458395,Mobile,+855069458395
Smart-069-458396,Mobile,+855069458396
Smart-069-458397,Mobile,+855069458397
Smart-069-458398,Mobile,+855069458398
Smart-069-458399,Mobile,+855069458399
Smart-069-458400,Mobile,+855069458400
Smart-069-458401,Mobile,+855069458401
Smart-069-458402,Mobile,+855069458402
Smart-069-458403,Mobile,+855069458403
Smart-069-458404,Mobile,+855069458404
Smart-069-458405,Mobile,+855069458405
Smart-069-458406,Mobile,+855069458406
Smart-069-458407,Mobile,+855069458407
Smart-069-458408,Mobile,+855069458408
Smart-069-458409,Mobile,+855069458409
Smart-069-458410,Mobile,+855069458410
Smart-069-458411,Mobile,+855069458411
Smart-069-458412,Mobile,+855069458412
Smart-069-458413,Mobile,+855069458413
Smart-069-458414,Mobile,+855069458414
Smart-069-458415,Mobile,+855069458415
Smart-069-458416,Mobile,+855069458416
Smart-069-458417,Mobile,+855069458417
Smart-069-458418,Mobile,+855069458418
Smart-069-458419,Mobile,+855069458419
Smart-069-458420,Mobile,+855069458420
Smart-069-458421,Mobile,+855069458421
Smart-069-458422,Mobile,+855069458422
Smart-069-458423,Mobile,+855069458423
Smart-069-458424,Mobile,+855069458424
Smart-069-458425,Mobile,+855069458425
Smart-069-458426,Mobile,+855069458426
Smart-069-458427,Mobile,+855069458427
Smart-069-458428,Mobile,+855069458428
Smart-069-458429,Mobile,+855069458429
Smart-069-458430,Mobile,+855069458430
Smart-069-458431,Mobile,+855069458431
Smart-069-458432,Mobile,+855069458432
Smart-069-458433,Mobile,+855069458433
Smart-069-458434,Mobile,+855069458434
Smart-069-458435,Mobile,+855069458435
Smart-069-458436,Mobile,+855069458436
Smart-069-458437,Mobile,+855069458437
Smart-069-458438,Mobile,+855069458438
Smart-069-458439,Mobile,+855069458439
Smart-069-458440,Mobile,+855069458440
Smart-069-458441,Mobile,+855069458441
Smart-069-458442,Mobile,+855069458442
Smart-069-458443,Mobile,+855069458443
Smart-069-458444,Mobile,+855069458444
Smart-069-458445,Mobile,+855069458445
Smart-069-458446,Mobile,+855069458446
Smart-069-458447,Mobile,+855069458447
Smart-069-458448,Mobile,+855069458448
Smart-069-458449,Mobile,+855069458449
Smart-069-458450,Mobile,+855069458450
Smart-069-458451,Mobile,+855069458451
Smart-069-458452,Mobile,+855069458452
Smart-069-458453,Mobile,+855069458453
Smart-069-458454,Mobile,+855069458454
Smart-069-458455,Mobile,+855069458455
Smart-069-458456,Mobile,+855069458456
Smart-069-458457,Mobile,+855069458457
Smart-069-458458,Mobile,+855069458458
Smart-069-458459,Mobile,+855069458459
Smart-069-458460,Mobile,+855069458460
Smart-069-458461,Mobile,+855069458461
Smart-069-458462,Mobile,+855069458462
Smart-069-458463,Mobile,+855069458463
Smart-069-458464,Mobile,+855069458464
Smart-069-458465,Mobile,+855069458465
Smart-069-458466,Mobile,+855069458466
Smart-069-458467,Mobile,+855069458467
Smart-069-458468,Mobile,+855069458468
Smart-069-458469,Mobile,+855069458469
Smart-069-458470,Mobile,+855069458470
Smart-069-458471,Mobile,+855069458471
Smart-069-458472,Mobile,+855069458472
Smart-069-458473,Mobile,+855069458473
Smart-069-458474,Mobile,+855069458474
Smart-069-458475,Mobile,+855069458475
Smart-069-458476,Mobile,+855069458476
Smart-069-458477,Mobile,+855069458477
Smart-069-458478,Mobile,+855069458478
Smart-069-458479,Mobile,+855069458479
Smart-069-458480,Mobile,+855069458480
Smart-069-458481,Mobile,+855069458481
Smart-069-458482,Mobile,+855069458482
Smart-069-458483,Mobile,+855069458483
Smart-069-458484,Mobile,+855069458484
Smart-069-458485,Mobile,+855069458485
Smart-069-458486,Mobile,+855069458486
Smart-069-458487,Mobile,+855069458487
Smart-069-458488,Mobile,+855069458488
Smart-069-458489,Mobile,+855069458489
Smart-069-458490,Mobile,+855069458490
Smart-069-458491,Mobile,+855069458491
Smart-069-458492,Mobile,+855069458492
Smart-069-458493,Mobile,+855069458493
Smart-069-458494,Mobile,+855069458494
Smart-069-458495,Mobile,+855069458495
Smart-069-458496,Mobile,+855069458496
Smart-069-458497,Mobile,+855069458497
Smart-069-458498,Mobile,+855069458498
Smart-069-458499,Mobile,+855069458499
Smart-069-458500,Mobile,+855069458500
Smart-069-458501,Mobile,+855069458501
Smart-069-458502,Mobile,+855069458502
Smart-069-458503,Mobile,+855069458503
Smart-069-458504,Mobile,+855069458504
Smart-069-458505,Mobile,+855069458505
Smart-069-458506,Mobile,+855069458506
Smart-069-458507,Mobile,+855069458507
Smart-069-458508,Mobile,+855069458508
Smart-069-458509,Mobile,+855069458509
Smart-069-458510,Mobile,+855069458510
Smart-069-458511,Mobile,+855069458511
Smart-069-458512,Mobile,+855069458512
Smart-069-458513,Mobile,+855069458513
Smart-069-458514,Mobile,+855069458514
Smart-069-458515,Mobile,+855069458515
Smart-069-458516,Mobile,+855069458516
Smart-069-458517,Mobile,+855069458517
Smart-069-458518,Mobile,+855069458518
Smart-069-458519,Mobile,+855069458519
Smart-069-458520,Mobile,+855069458520
Smart-069-458521,Mobile,+855069458521
Smart-069-458522,Mobile,+855069458522
Smart-069-458523,Mobile,+855069458523
Smart-069-458524,Mobile,+855069458524
Smart-069-458525,Mobile,+855069458525
Smart-069-458526,Mobile,+855069458526
Smart-069-458527,Mobile,+855069458527
Smart-069-458528,Mobile,+855069458528
Smart-069-458529,Mobile,+855069458529
Smart-069-458530,Mobile,+855069458530
Smart-069-458531,Mobile,+855069458531
Smart-069-458532,Mobile,+855069458532
Smart-069-458533,Mobile,+855069458533
Smart-069-458534,Mobile,+855069458534
Smart-069-458535,Mobile,+855069458535
Smart-069-458536,Mobile,+855069458536
Smart-069-458537,Mobile,+855069458537
Smart-069-458538,Mobile,+855069458538
Smart-069-458539,Mobile,+855069458539
Smart-069-458540,Mobile,+855069458540
Smart-069-458541,Mobile,+855069458541
Smart-069-458542,Mobile,+855069458542
Smart-069-458543,Mobile,+855069458543
Smart-069-458544,Mobile,+855069458544
Smart-069-458545,Mobile,+855069458545
Smart-069-458546,Mobile,+855069458546
Smart-069-458547,Mobile,+855069458547
Smart-069-458548,Mobile,+855069458548
Smart-069-458549,Mobile,+855069458549
Smart-069-458550,Mobile,+855069458550
Smart-069-458551,Mobile,+855069458551
Smart-069-458552,Mobile,+855069458552
Smart-069-458553,Mobile,+855069458553
Smart-069-458554,Mobile,+855069458554
Smart-069-458555,Mobile,+855069458555
Smart-069-458556,Mobile,+855069458556
Smart-069-458557,Mobile,+855069458557
Smart-069-458558,Mobile,+855069458558
Smart-069-458559,Mobile,+855069458559
Smart-069-458560,Mobile,+855069458560
Smart-069-458561,Mobile,+855069458561
Smart-069-458562,Mobile,+855069458562
Smart-069-458563,Mobile,+855069458563
Smart-069-458564,Mobile,+855069458564
Smart-069-458565,Mobile,+855069458565
Smart-069-458566,Mobile,+855069458566
Smart-069-458567,Mobile,+855069458567
Smart-069-458568,Mobile,+855069458568
Smart-069-458569,Mobile,+855069458569
Smart-069-458570,Mobile,+855069458570
Smart-069-458571,Mobile,+855069458571
Smart-069-458572,Mobile,+855069458572
Smart-069-458573,Mobile,+855069458573
Smart-069-458574,Mobile,+855069458574
Smart-069-458575,Mobile,+855069458575
Smart-069-458576,Mobile,+855069458576
Smart-069-458577,Mobile,+855069458577
Smart-069-458578,Mobile,+855069458578
Smart-069-458579,Mobile,+855069458579
Smart-069-458580,Mobile,+855069458580
Smart-069-458581,Mobile,+855069458581
Smart-069-458582,Mobile,+855069458582
Smart-069-458583,Mobile,+855069458583
Smart-069-458584,Mobile,+855069458584
Smart-069-458585,Mobile,+855069458585
Smart-069-458586,Mobile,+855069458586
Smart-069-458587,Mobile,+855069458587
Smart-069-458588,Mobile,+855069458588
Smart-069-458589,Mobile,+855069458589
Smart-069-458590,Mobile,+855069458590
Smart-069-458591,Mobile,+855069458591
Smart-069-458592,Mobile,+855069458592
Smart-069-458593,Mobile,+855069458593
Smart-069-458594,Mobile,+855069458594
Smart-069-458595,Mobile,+855069458595
Smart-069-458596,Mobile,+855069458596
Smart-069-458597,Mobile,+855069458597
Smart-069-458598,Mobile,+855069458598
Smart-069-458599,Mobile,+855069458599
Smart-069-458600,Mobile,+855069458600
Smart-069-458601,Mobile,+855069458601
Smart-069-458602,Mobile,+855069458602
Smart-069-458603,Mobile,+855069458603
Smart-069-458604,Mobile,+855069458604
Smart-069-458605,Mobile,+855069458605
Smart-069-458606,Mobile,+855069458606
Smart-069-458607,Mobile,+855069458607
Smart-069-458608,Mobile,+855069458608
Smart-069-458609,Mobile,+855069458609
Smart-069-458610,Mobile,+855069458610
Smart-069-458611,Mobile,+855069458611
Smart-069-458612,Mobile,+855069458612
Smart-069-458613,Mobile,+855069458613
Smart-069-458614,Mobile,+855069458614
Smart-069-458615,Mobile,+855069458615
Smart-069-458616,Mobile,+855069458616
Smart-069-458617,Mobile,+855069458617
Smart-069-458618,Mobile,+855069458618
Smart-069-458619,Mobile,+855069458619
Smart-069-458620,Mobile,+855069458620
Smart-069-458621,Mobile,+855069458621
Smart-069-458622,Mobile,+855069458622
Smart-069-458623,Mobile,+855069458623
Smart-069-458624,Mobile,+855069458624
Smart-069-458625,Mobile,+855069458625
Smart-069-458626,Mobile,+855069458626
Smart-069-458627,Mobile,+855069458627
Smart-069-458628,Mobile,+855069458628
Smart-069-458629,Mobile,+855069458629
Smart-069-458630,Mobile,+855069458630
Smart-069-458631,Mobile,+855069458631
Smart-069-458632,Mobile,+855069458632
Smart-069-458633,Mobile,+855069458633
Smart-069-458634,Mobile,+855069458634
Smart-069-458635,Mobile,+855069458635
Smart-069-458636,Mobile,+855069458636
Smart-069-458637,Mobile,+855069458637
Smart-069-458638,Mobile,+855069458638
Smart-069-458639,Mobile,+855069458639
Smart-069-458640,Mobile,+855069458640
Smart-069-458641,Mobile,+855069458641
Smart-069-458642,Mobile,+855069458642
Smart-069-458643,Mobile,+855069458643
Smart-069-458644,Mobile,+855069458644
Smart-069-458645,Mobile,+855069458645
Smart-069-458646,Mobile,+855069458646
Smart-069-458647,Mobile,+855069458647
Smart-069-458648,Mobile,+855069458648
Smart-069-458649,Mobile,+855069458649
Smart-069-458650,Mobile,+855069458650
Smart-069-458651,Mobile,+855069458651
Smart-069-458652,Mobile,+855069458652
Smart-069-458653,Mobile,+855069458653
Smart-069-458654,Mobile,+855069458654
Smart-069-458655,Mobile,+855069458655
Smart-069-458656,Mobile,+855069458656
Smart-069-458657,Mobile,+855069458657
Smart-069-458658,Mobile,+855069458658
Smart-069-458659,Mobile,+855069458659
Smart-069-458660,Mobile,+855069458660
Smart-069-458661,Mobile,+855069458661
Smart-069-458662,Mobile,+855069458662
Smart-069-458663,Mobile,+855069458663
Smart-069-458664,Mobile,+855069458664
Smart-069-458665,Mobile,+855069458665
Smart-069-458666,Mobile,+855069458666
Smart-069-458667,Mobile,+855069458667
Smart-069-458668,Mobile,+855069458668
Smart-069-458669,Mobile,+855069458669
Smart-069-458670,Mobile,+855069458670
Smart-069-458671,Mobile,+855069458671
Smart-069-458672,Mobile,+855069458672
Smart-069-458673,Mobile,+855069458673
Smart-069-458674,Mobile,+855069458674
Smart-069-458675,Mobile,+855069458675
Smart-069-458676,Mobile,+855069458676
Smart-069-458677,Mobile,+855069458677
Smart-069-458678,Mobile,+855069458678
Smart-069-458679,Mobile,+855069458679
Smart-069-458680,Mobile,+855069458680
Smart-069-458681,Mobile,+855069458681
Smart-069-458682,Mobile,+855069458682
Smart-069-458683,Mobile,+855069458683
Smart-069-458684,Mobile,+855069458684
Smart-069-458685,Mobile,+855069458685
Smart-069-458686,Mobile,+855069458686
Smart-069-458687,Mobile,+855069458687
Smart-069-458688,Mobile,+855069458688
Smart-069-458689,Mobile,+855069458689
Smart-069-458690,Mobile,+855069458690
Smart-069-458691,Mobile,+855069458691
Smart-069-458692,Mobile,+855069458692
Smart-069-458693,Mobile,+855069458693
Smart-069-458694,Mobile,+855069458694
Smart-069-458695,Mobile,+855069458695
Smart-069-458696,Mobile,+855069458696
Smart-069-458697,Mobile,+855069458697
Smart-069-458698,Mobile,+855069458698
Smart-069-458699,Mobile,+855069458699
Smart-069-458700,Mobile,+855069458700
Smart-069-458701,Mobile,+855069458701
Smart-069-458702,Mobile,+855069458702
Smart-069-458703,Mobile,+855069458703
Smart-069-458704,Mobile,+855069458704
Smart-069-458705,Mobile,+855069458705
Smart-069-458706,Mobile,+855069458706
Smart-069-458707,Mobile,+855069458707
Smart-069-458708,Mobile,+855069458708
Smart-069-458709,Mobile,+855069458709
Smart-069-458710,Mobile,+855069458710
Smart-069-458711,Mobile,+855069458711
Smart-069-458712,Mobile,+855069458712
Smart-069-458713,Mobile,+855069458713
Smart-069-458714,Mobile,+855069458714
Smart-069-458715,Mobile,+855069458715
Smart-069-458716,Mobile,+855069458716
Smart-069-458717,Mobile,+855069458717
Smart-069-458718,Mobile,+855069458718
Smart-069-458719,Mobile,+855069458719
Smart-069-458720,Mobile,+855069458720
Smart-069-458721,Mobile,+855069458721
Smart-069-458722,Mobile,+855069458722
Smart-069-458723,Mobile,+855069458723
Smart-069-458724,Mobile,+855069458724
Smart-069-458725,Mobile,+855069458725
Smart-069-458726,Mobile,+855069458726
Smart-069-458727,Mobile,+855069458727
Smart-069-458728,Mobile,+855069458728
Smart-069-458729,Mobile,+855069458729
Smart-069-458730,Mobile,+855069458730
Smart-069-458731,Mobile,+855069458731
Smart-069-458732,Mobile,+855069458732
Smart-069-458733,Mobile,+855069458733
Smart-069-458734,Mobile,+855069458734
Smart-069-458735,Mobile,+855069458735
Smart-069-458736,Mobile,+855069458736
Smart-069-458737,Mobile,+855069458737
Smart-069-458738,Mobile,+855069458738
Smart-069-458739,Mobile,+855069458739
Smart-069-458740,Mobile,+855069458740
Smart-069-458741,Mobile,+855069458741
Smart-069-458742,Mobile,+855069458742
Smart-069-458743,Mobile,+855069458743
Smart-069-458744,Mobile,+855069458744
Smart-069-458745,Mobile,+855069458745
Smart-069-458746,Mobile,+855069458746
Smart-069-458747,Mobile,+855069458747
Smart-069-458748,Mobile,+855069458748
Smart-069-458749,Mobile,+855069458749
Smart-069-458750,Mobile,+855069458750
Smart-069-458751,Mobile,+855069458751
Smart-069-458752,Mobile,+855069458752
Smart-069-458753,Mobile,+855069458753
Smart-069-458754,Mobile,+855069458754
Smart-069-458755,Mobile,+855069458755
Smart-069-458756,Mobile,+855069458756
Smart-069-458757,Mobile,+855069458757
Smart-069-458758,Mobile,+855069458758
Smart-069-458759,Mobile,+855069458759
Smart-069-458760,Mobile,+855069458760
Smart-069-458761,Mobile,+855069458761
Smart-069-458762,Mobile,+855069458762
Smart-069-458763,Mobile,+855069458763
Smart-069-458764,Mobile,+855069458764
Smart-069-458765,Mobile,+855069458765
Smart-069-458766,Mobile,+855069458766
Smart-069-458767,Mobile,+855069458767
Smart-069-458768,Mobile,+855069458768
Smart-069-458769,Mobile,+855069458769
Smart-069-458770,Mobile,+855069458770
Smart-069-458771,Mobile,+855069458771
Smart-069-458772,Mobile,+855069458772
Smart-069-458773,Mobile,+855069458773
Smart-069-458774,Mobile,+855069458774
Smart-069-458775,Mobile,+855069458775
Smart-069-458776,Mobile,+855069458776
Smart-069-458777,Mobile,+855069458777
Smart-069-458778,Mobile,+855069458778
Smart-069-458779,Mobile,+855069458779
Smart-069-458780,Mobile,+855069458780
Smart-069-458781,Mobile,+855069458781
Smart-069-458782,Mobile,+855069458782
Smart-069-458783,Mobile,+855069458783
Smart-069-458784,Mobile,+855069458784
Smart-069-458785,Mobile,+855069458785
Smart-069-458786,Mobile,+855069458786
Smart-069-458787,Mobile,+855069458787
Smart-069-458788,Mobile,+855069458788
Smart-069-458789,Mobile,+855069458789
Smart-069-458790,Mobile,+855069458790
Smart-069-458791,Mobile,+855069458791
Smart-069-458792,Mobile,+855069458792
Smart-069-458793,Mobile,+855069458793
Smart-069-458794,Mobile,+855069458794
Smart-069-458795,Mobile,+855069458795
Smart-069-458796,Mobile,+855069458796
Smart-069-458797,Mobile,+855069458797
Smart-069-458798,Mobile,+855069458798
Smart-069-458799,Mobile,+855069458799
Smart-069-458800,Mobile,+855069458800
Smart-069-458801,Mobile,+855069458801
Smart-069-458802,Mobile,+855069458802
Smart-069-458803,Mobile,+855069458803
Smart-069-458804,Mobile,+855069458804
Smart-069-458805,Mobile,+855069458805
Smart-069-458806,Mobile,+855069458806
Smart-069-458807,Mobile,+855069458807
Smart-069-458808,Mobile,+855069458808
Smart-069-458809,Mobile,+855069458809
Smart-069-458810,Mobile,+855069458810
Smart-069-458811,Mobile,+855069458811
Smart-069-458812,Mobile,+855069458812
Smart-069-458813,Mobile,+855069458813
Smart-069-458814,Mobile,+855069458814
Smart-069-458815,Mobile,+855069458815
Smart-069-458816,Mobile,+855069458816
Smart-069-458817,Mobile,+855069458817
Smart-069-458818,Mobile,+855069458818
Smart-069-458819,Mobile,+855069458819
Smart-069-458820,Mobile,+855069458820
Smart-069-458821,Mobile,+855069458821
Smart-069-458822,Mobile,+855069458822
Smart-069-458823,Mobile,+855069458823
Smart-069-458824,Mobile,+855069458824
Smart-069-458825,Mobile,+855069458825
Smart-069-458826,Mobile,+855069458826
Smart-069-458827,Mobile,+855069458827
Smart-069-458828,Mobile,+855069458828
Smart-069-458829,Mobile,+855069458829
Smart-069-458830,Mobile,+855069458830
Smart-069-458831,Mobile,+855069458831
Smart-069-458832,Mobile,+855069458832
Smart-069-458833,Mobile,+855069458833
Smart-069-458834,Mobile,+855069458834
Smart-069-458835,Mobile,+855069458835
Smart-069-458836,Mobile,+855069458836
Smart-069-458837,Mobile,+855069458837
Smart-069-458838,Mobile,+855069458838
Smart-069-458839,Mobile,+855069458839
Smart-069-458840,Mobile,+855069458840
Smart-069-458841,Mobile,+855069458841
Smart-069-458842,Mobile,+855069458842
Smart-069-458843,Mobile,+855069458843
Smart-069-458844,Mobile,+855069458844
Smart-069-458845,Mobile,+855069458845
Smart-069-458846,Mobile,+855069458846
Smart-069-458847,Mobile,+855069458847
Smart-069-458848,Mobile,+855069458848
Smart-069-458849,Mobile,+855069458849
Smart-069-458850,Mobile,+855069458850
Smart-069-458851,Mobile,+855069458851
Smart-069-458852,Mobile,+855069458852
Smart-069-458853,Mobile,+855069458853
Smart-069-458854,Mobile,+855069458854
Smart-069-458855,Mobile,+855069458855
Smart-069-458856,Mobile,+855069458856
Smart-069-458857,Mobile,+855069458857
Smart-069-458858,Mobile,+855069458858
Smart-069-458859,Mobile,+855069458859
Smart-069-458860,Mobile,+855069458860
Smart-069-458861,Mobile,+855069458861
Smart-069-458862,Mobile,+855069458862
Smart-069-458863,Mobile,+855069458863
Smart-069-458864,Mobile,+855069458864
Smart-069-458865,Mobile,+855069458865
Smart-069-458866,Mobile,+855069458866
Smart-069-458867,Mobile,+855069458867
Smart-069-458868,Mobile,+855069458868
Smart-069-458869,Mobile,+855069458869
Smart-069-458870,Mobile,+855069458870
Smart-069-458871,Mobile,+855069458871
Smart-069-458872,Mobile,+855069458872
Smart-069-458873,Mobile,+855069458873
Smart-069-458874,Mobile,+855069458874
Smart-069-458875,Mobile,+855069458875
Smart-069-458876,Mobile,+855069458876
Smart-069-458877,Mobile,+855069458877
Smart-069-458878,Mobile,+855069458878
Smart-069-458879,Mobile,+855069458879
Smart-069-458880,Mobile,+855069458880
Smart-069-458881,Mobile,+855069458881
Smart-069-458882,Mobile,+855069458882
Smart-069-458883,Mobile,+855069458883
Smart-069-458884,Mobile,+855069458884
Smart-069-458885,Mobile,+855069458885
Smart-069-458886,Mobile,+855069458886
Smart-069-458887,Mobile,+855069458887
Smart-069-458888,Mobile,+855069458888
Smart-069-458889,Mobile,+855069458889
Smart-069-458890,Mobile,+855069458890
Smart-069-458891,Mobile,+855069458891
Smart-069-458892,Mobile,+855069458892
Smart-069-458893,Mobile,+855069458893
Smart-069-458894,Mobile,+855069458894
Smart-069-458895,Mobile,+855069458895
Smart-069-458896,Mobile,+855069458896
Smart-069-458897,Mobile,+855069458897
Smart-069-458898,Mobile,+855069458898
Smart-069-458899,Mobile,+855069458899
Smart-069-458900,Mobile,+855069458900
Smart-069-458901,Mobile,+855069458901
Smart-069-458902,Mobile,+855069458902
Smart-069-458903,Mobile,+855069458903
Smart-069-458904,Mobile,+855069458904
Smart-069-458905,Mobile,+855069458905
Smart-069-458906,Mobile,+855069458906
Smart-069-458907,Mobile,+855069458907
Smart-069-458908,Mobile,+855069458908
Smart-069-458909,Mobile,+855069458909
Smart-069-458910,Mobile,+855069458910
Smart-069-458911,Mobile,+855069458911
Smart-069-458912,Mobile,+855069458912
Smart-069-458913,Mobile,+855069458913
Smart-069-458914,Mobile,+855069458914
Smart-069-458915,Mobile,+855069458915
Smart-069-458916,Mobile,+855069458916
Smart-069-458917,Mobile,+855069458917
Smart-069-458918,Mobile,+855069458918
Smart-069-458919,Mobile,+855069458919
Smart-069-458920,Mobile,+855069458920
Smart-069-458921,Mobile,+855069458921
Smart-069-458922,Mobile,+855069458922
Smart-069-458923,Mobile,+855069458923
Smart-069-458924,Mobile,+855069458924
Smart-069-458925,Mobile,+855069458925
Smart-069-458926,Mobile,+855069458926
Smart-069-458927,Mobile,+855069458927
Smart-069-458928,Mobile,+855069458928
Smart-069-458929,Mobile,+855069458929
Smart-069-458930,Mobile,+855069458930
Smart-069-458931,Mobile,+855069458931
Smart-069-458932,Mobile,+855069458932
Smart-069-458933,Mobile,+855069458933
Smart-069-458934,Mobile,+855069458934
Smart-069-458935,Mobile,+855069458935
Smart-069-458936,Mobile,+855069458936
Smart-069-458937,Mobile,+855069458937
Smart-069-458938,Mobile,+855069458938
Smart-069-458939,Mobile,+855069458939
Smart-069-458940,Mobile,+855069458940
Smart-069-458941,Mobile,+855069458941
Smart-069-458942,Mobile,+855069458942
Smart-069-458943,Mobile,+855069458943
Smart-069-458944,Mobile,+855069458944
Smart-069-458945,Mobile,+855069458945
Smart-069-458946,Mobile,+855069458946
Smart-069-458947,Mobile,+855069458947
Smart-069-458948,Mobile,+855069458948
Smart-069-458949,Mobile,+855069458949
Smart-069-458950,Mobile,+855069458950
Smart-069-458951,Mobile,+855069458951
Smart-069-458952,Mobile,+855069458952
Smart-069-458953,Mobile,+855069458953
Smart-069-458954,Mobile,+855069458954
Smart-069-458955,Mobile,+855069458955
Smart-069-458956,Mobile,+855069458956
Smart-069-458957,Mobile,+855069458957
Smart-069-458958,Mobile,+855069458958
Smart-069-458959,Mobile,+855069458959
Smart-069-458960,Mobile,+855069458960
Smart-069-458961,Mobile,+855069458961
Smart-069-458962,Mobile,+855069458962
Smart-069-458963,Mobile,+855069458963
Smart-069-458964,Mobile,+855069458964
Smart-069-458965,Mobile,+855069458965
Smart-069-458966,Mobile,+855069458966
Smart-069-458967,Mobile,+855069458967
Smart-069-458968,Mobile,+855069458968
Smart-069-458969,Mobile,+855069458969
Smart-069-458970,Mobile,+855069458970
Smart-069-458971,Mobile,+855069458971
Smart-069-458972,Mobile,+855069458972
Smart-069-458973,Mobile,+855069458973
Smart-069-458974,Mobile,+855069458974
Smart-069-458975,Mobile,+855069458975
Smart-069-458976,Mobile,+855069458976
Smart-069-458977,Mobile,+855069458977
Smart-069-458978,Mobile,+855069458978
Smart-069-458979,Mobile,+855069458979
Smart-069-458980,Mobile,+855069458980
Smart-069-458981,Mobile,+855069458981
Smart-069-458982,Mobile,+855069458982
Smart-069-458983,Mobile,+855069458983
Smart-069-458984,Mobile,+855069458984
Smart-069-458985,Mobile,+855069458985
Smart-069-458986,Mobile,+855069458986
Smart-069-458987,Mobile,+855069458987
Smart-069-458988,Mobile,+855069458988
Smart-069-458989,Mobile,+855069458989
Smart-069-458990,Mobile,+855069458990
Smart-069-458991,Mobile,+855069458991
Smart-069-458992,Mobile,+855069458992
Smart-069-458993,Mobile,+855069458993
Smart-069-458994,Mobile,+855069458994
Smart-069-458995,Mobile,+855069458995
Smart-069-458996,Mobile,+855069458996
Smart-069-458997,Mobile,+855069458997
Smart-069-458998,Mobile,+855069458998
Smart-069-458999,Mobile,+855069458999
Smart-069-459000,Mobile,+855069459000
Smart-069-459001,Mobile,+855069459001
Smart-069-459002,Mobile,+855069459002
Smart-069-459003,Mobile,+855069459003
Smart-069-459004,Mobile,+855069459004
Smart-069-459005,Mobile,+855069459005
Smart-069-459006,Mobile,+855069459006
Smart-069-459007,Mobile,+855069459007
Smart-069-459008,Mobile,+855069459008
Smart-069-459009,Mobile,+855069459009
Smart-069-459010,Mobile,+855069459010
Smart-069-459011,Mobile,+855069459011
Smart-069-459012,Mobile,+855069459012
Smart-069-459013,Mobile,+855069459013
Smart-069-459014,Mobile,+855069459014
Smart-069-459015,Mobile,+855069459015
Smart-069-459016,Mobile,+855069459016
Smart-069-459017,Mobile,+855069459017
Smart-069-459018,Mobile,+855069459018
Smart-069-459019,Mobile,+855069459019
Smart-069-459020,Mobile,+855069459020
Smart-069-459021,Mobile,+855069459021
Smart-069-459022,Mobile,+855069459022
Smart-069-459023,Mobile,+855069459023
Smart-069-459024,Mobile,+855069459024
Smart-069-459025,Mobile,+855069459025
Smart-069-459026,Mobile,+855069459026
Smart-069-459027,Mobile,+855069459027
Smart-069-459028,Mobile,+855069459028
Smart-069-459029,Mobile,+855069459029
Smart-069-459030,Mobile,+855069459030
Smart-069-459031,Mobile,+855069459031
Smart-069-459032,Mobile,+855069459032
Smart-069-459033,Mobile,+855069459033
Smart-069-459034,Mobile,+855069459034
Smart-069-459035,Mobile,+855069459035
Smart-069-459036,Mobile,+855069459036
Smart-069-459037,Mobile,+855069459037
Smart-069-459038,Mobile,+855069459038
Smart-069-459039,Mobile,+855069459039
Smart-069-459040,Mobile,+855069459040
Smart-069-459041,Mobile,+855069459041
Smart-069-459042,Mobile,+855069459042
Smart-069-459043,Mobile,+855069459043
Smart-069-459044,Mobile,+855069459044
Smart-069-459045,Mobile,+855069459045
Smart-069-459046,Mobile,+855069459046
Smart-069-459047,Mobile,+855069459047
Smart-069-459048,Mobile,+855069459048
Smart-069-459049,Mobile,+855069459049
Smart-069-459050,Mobile,+855069459050
Smart-069-459051,Mobile,+855069459051
Smart-069-459052,Mobile,+855069459052
Smart-069-459053,Mobile,+855069459053
Smart-069-459054,Mobile,+855069459054
Smart-069-459055,Mobile,+855069459055
Smart-069-459056,Mobile,+855069459056
Smart-069-459057,Mobile,+855069459057
Smart-069-459058,Mobile,+855069459058
Smart-069-459059,Mobile,+855069459059
Smart-069-459060,Mobile,+855069459060
Smart-069-459061,Mobile,+855069459061
Smart-069-459062,Mobile,+855069459062
Smart-069-459063,Mobile,+855069459063
Smart-069-459064,Mobile,+855069459064
Smart-069-459065,Mobile,+855069459065
Smart-069-459066,Mobile,+855069459066
Smart-069-459067,Mobile,+855069459067
Smart-069-459068,Mobile,+855069459068
Smart-069-459069,Mobile,+855069459069
Smart-069-459070,Mobile,+855069459070
Smart-069-459071,Mobile,+855069459071
Smart-069-459072,Mobile,+855069459072
Smart-069-459073,Mobile,+855069459073
Smart-069-459074,Mobile,+855069459074
Smart-069-459075,Mobile,+855069459075
Smart-069-459076,Mobile,+855069459076
Smart-069-459077,Mobile,+855069459077
Smart-069-459078,Mobile,+855069459078
Smart-069-459079,Mobile,+855069459079
Smart-069-459080,Mobile,+855069459080
Smart-069-459081,Mobile,+855069459081
Smart-069-459082,Mobile,+855069459082
Smart-069-459083,Mobile,+855069459083
Smart-069-459084,Mobile,+855069459084
Smart-069-459085,Mobile,+855069459085
Smart-069-459086,Mobile,+855069459086
Smart-069-459087,Mobile,+855069459087
Smart-069-459088,Mobile,+855069459088
Smart-069-459089,Mobile,+855069459089
Smart-069-459090,Mobile,+855069459090
Smart-069-459091,Mobile,+855069459091
Smart-069-459092,Mobile,+855069459092
Smart-069-459093,Mobile,+855069459093
Smart-069-459094,Mobile,+855069459094
Smart-069-459095,Mobile,+855069459095
Smart-069-459096,Mobile,+855069459096
Smart-069-459097,Mobile,+855069459097
Smart-069-459098,Mobile,+855069459098
Smart-069-459099,Mobile,+855069459099
Smart-069-459100,Mobile,+855069459100
Smart-069-459101,Mobile,+855069459101
Smart-069-459102,Mobile,+855069459102
Smart-069-459103,Mobile,+855069459103
Smart-069-459104,Mobile,+855069459104
Smart-069-459105,Mobile,+855069459105
Smart-069-459106,Mobile,+855069459106
Smart-069-459107,Mobile,+855069459107
Smart-069-459108,Mobile,+855069459108
Smart-069-459109,Mobile,+855069459109
Smart-069-459110,Mobile,+855069459110
Smart-069-459111,Mobile,+855069459111
Smart-069-459112,Mobile,+855069459112
Smart-069-459113,Mobile,+855069459113
Smart-069-459114,Mobile,+855069459114
Smart-069-459115,Mobile,+855069459115
Smart-069-459116,Mobile,+855069459116
Smart-069-459117,Mobile,+855069459117
Smart-069-459118,Mobile,+855069459118
Smart-069-459119,Mobile,+855069459119
Smart-069-459120,Mobile,+855069459120
Smart-069-459121,Mobile,+855069459121
Smart-069-459122,Mobile,+855069459122
Smart-069-459123,Mobile,+855069459123
Smart-069-459124,Mobile,+855069459124
Smart-069-459125,Mobile,+855069459125
Smart-069-459126,Mobile,+855069459126
Smart-069-459127,Mobile,+855069459127
Smart-069-459128,Mobile,+855069459128
Smart-069-459129,Mobile,+855069459129
Smart-069-459130,Mobile,+855069459130
Smart-069-459131,Mobile,+855069459131
Smart-069-459132,Mobile,+855069459132
Smart-069-459133,Mobile,+855069459133
Smart-069-459134,Mobile,+855069459134
Smart-069-459135,Mobile,+855069459135
Smart-069-459136,Mobile,+855069459136
Smart-069-459137,Mobile,+855069459137
Smart-069-459138,Mobile,+855069459138
Smart-069-459139,Mobile,+855069459139
Smart-069-459140,Mobile,+855069459140
Smart-069-459141,Mobile,+855069459141
Smart-069-459142,Mobile,+855069459142
Smart-069-459143,Mobile,+855069459143
Smart-069-459144,Mobile,+855069459144
Smart-069-459145,Mobile,+855069459145
Smart-069-459146,Mobile,+855069459146
Smart-069-459147,Mobile,+855069459147
Smart-069-459148,Mobile,+855069459148
Smart-069-459149,Mobile,+855069459149
Smart-069-459150,Mobile,+855069459150
Smart-069-459151,Mobile,+855069459151
Smart-069-459152,Mobile,+855069459152
Smart-069-459153,Mobile,+855069459153
Smart-069-459154,Mobile,+855069459154
Smart-069-459155,Mobile,+855069459155
Smart-069-459156,Mobile,+855069459156
Smart-069-459157,Mobile,+855069459157
Smart-069-459158,Mobile,+855069459158
Smart-069-459159,Mobile,+855069459159
Smart-069-459160,Mobile,+855069459160
Smart-069-459161,Mobile,+855069459161
Smart-069-459162,Mobile,+855069459162
Smart-069-459163,Mobile,+855069459163
Smart-069-459164,Mobile,+855069459164
Smart-069-459165,Mobile,+855069459165
Smart-069-459166,Mobile,+855069459166
Smart-069-459167,Mobile,+855069459167
Smart-069-459168,Mobile,+855069459168
Smart-069-459169,Mobile,+855069459169
Smart-069-459170,Mobile,+855069459170
Smart-069-459171,Mobile,+855069459171
Smart-069-459172,Mobile,+855069459172
Smart-069-459173,Mobile,+855069459173
Smart-069-459174,Mobile,+855069459174
Smart-069-459175,Mobile,+855069459175
Smart-069-459176,Mobile,+855069459176
Smart-069-459177,Mobile,+855069459177
Smart-069-459178,Mobile,+855069459178
Smart-069-459179,Mobile,+855069459179
Smart-069-459180,Mobile,+855069459180
Smart-069-459181,Mobile,+855069459181
Smart-069-459182,Mobile,+855069459182
Smart-069-459183,Mobile,+855069459183
Smart-069-459184,Mobile,+855069459184
Smart-069-459185,Mobile,+855069459185
Smart-069-459186,Mobile,+855069459186
Smart-069-459187,Mobile,+855069459187
Smart-069-459188,Mobile,+855069459188
Smart-069-459189,Mobile,+855069459189
Smart-069-459190,Mobile,+855069459190
Smart-069-459191,Mobile,+855069459191
Smart-069-459192,Mobile,+855069459192
Smart-069-459193,Mobile,+855069459193
Smart-069-459194,Mobile,+855069459194
Smart-069-459195,Mobile,+855069459195
Smart-069-459196,Mobile,+855069459196
Smart-069-459197,Mobile,+855069459197
Smart-069-459198,Mobile,+855069459198
Smart-069-459199,Mobile,+855069459199
Smart-069-459200,Mobile,+855069459200
Smart-069-459201,Mobile,+855069459201
Smart-069-459202,Mobile,+855069459202
Smart-069-459203,Mobile,+855069459203
Smart-069-459204,Mobile,+855069459204
Smart-069-459205,Mobile,+855069459205
Smart-069-459206,Mobile,+855069459206
Smart-069-459207,Mobile,+855069459207
Smart-069-459208,Mobile,+855069459208
Smart-069-459209,Mobile,+855069459209
Smart-069-459210,Mobile,+855069459210
Smart-069-459211,Mobile,+855069459211
Smart-069-459212,Mobile,+855069459212
Smart-069-459213,Mobile,+855069459213
Smart-069-459214,Mobile,+855069459214
Smart-069-459215,Mobile,+855069459215
Smart-069-459216,Mobile,+855069459216
Smart-069-459217,Mobile,+855069459217
Smart-069-459218,Mobile,+855069459218
Smart-069-459219,Mobile,+855069459219
Smart-069-459220,Mobile,+855069459220
Smart-069-459221,Mobile,+855069459221
Smart-069-459222,Mobile,+855069459222
Smart-069-459223,Mobile,+855069459223
Smart-069-459224,Mobile,+855069459224
Smart-069-459225,Mobile,+855069459225
Smart-069-459226,Mobile,+855069459226
Smart-069-459227,Mobile,+855069459227
Smart-069-459228,Mobile,+855069459228
Smart-069-459229,Mobile,+855069459229
Smart-069-459230,Mobile,+855069459230
Smart-069-459231,Mobile,+855069459231
Smart-069-459232,Mobile,+855069459232
Smart-069-459233,Mobile,+855069459233
Smart-069-459234,Mobile,+855069459234
Smart-069-459235,Mobile,+855069459235
Smart-069-459236,Mobile,+855069459236
Smart-069-459237,Mobile,+855069459237
Smart-069-459238,Mobile,+855069459238
Smart-069-459239,Mobile,+855069459239
Smart-069-459240,Mobile,+855069459240
Smart-069-459241,Mobile,+855069459241
Smart-069-459242,Mobile,+855069459242
Smart-069-459243,Mobile,+855069459243
Smart-069-459244,Mobile,+855069459244
Smart-069-459245,Mobile,+855069459245
Smart-069-459246,Mobile,+855069459246
Smart-069-459247,Mobile,+855069459247
Smart-069-459248,Mobile,+855069459248
Smart-069-459249,Mobile,+855069459249
Smart-069-459250,Mobile,+855069459250
Smart-069-459251,Mobile,+855069459251
Smart-069-459252,Mobile,+855069459252
Smart-069-459253,Mobile,+855069459253
Smart-069-459254,Mobile,+855069459254
Smart-069-459255,Mobile,+855069459255
Smart-069-459256,Mobile,+855069459256
Smart-069-459257,Mobile,+855069459257
Smart-069-459258,Mobile,+855069459258
Smart-069-459259,Mobile,+855069459259
Smart-069-459260,Mobile,+855069459260
Smart-069-459261,Mobile,+855069459261
Smart-069-459262,Mobile,+855069459262
Smart-069-459263,Mobile,+855069459263
Smart-069-459264,Mobile,+855069459264
Smart-069-459265,Mobile,+855069459265
Smart-069-459266,Mobile,+855069459266
Smart-069-459267,Mobile,+855069459267
Smart-069-459268,Mobile,+855069459268
Smart-069-459269,Mobile,+855069459269
Smart-069-459270,Mobile,+855069459270
Smart-069-459271,Mobile,+855069459271
Smart-069-459272,Mobile,+855069459272
Smart-069-459273,Mobile,+855069459273
Smart-069-459274,Mobile,+855069459274
Smart-069-459275,Mobile,+855069459275
Smart-069-459276,Mobile,+855069459276
Smart-069-459277,Mobile,+855069459277
Smart-069-459278,Mobile,+855069459278
Smart-069-459279,Mobile,+855069459279
Smart-069-459280,Mobile,+855069459280
Smart-069-459281,Mobile,+855069459281
Smart-069-459282,Mobile,+855069459282
Smart-069-459283,Mobile,+855069459283
Smart-069-459284,Mobile,+855069459284
Smart-069-459285,Mobile,+855069459285
Smart-069-459286,Mobile,+855069459286
Smart-069-459287,Mobile,+855069459287
Smart-069-459288,Mobile,+855069459288
Smart-069-459289,Mobile,+855069459289
Smart-069-459290,Mobile,+855069459290
Smart-069-459291,Mobile,+855069459291
Smart-069-459292,Mobile,+855069459292
Smart-069-459293,Mobile,+855069459293
Smart-069-459294,Mobile,+855069459294
Smart-069-459295,Mobile,+855069459295
Smart-069-459296,Mobile,+855069459296
Smart-069-459297,Mobile,+855069459297
Smart-069-459298,Mobile,+855069459298
Smart-069-459299,Mobile,+855069459299
Smart-069-459300,Mobile,+855069459300
Smart-069-459301,Mobile,+855069459301
Smart-069-459302,Mobile,+855069459302
Smart-069-459303,Mobile,+855069459303
Smart-069-459304,Mobile,+855069459304
Smart-069-459305,Mobile,+855069459305
Smart-069-459306,Mobile,+855069459306
Smart-069-459307,Mobile,+855069459307
Smart-069-459308,Mobile,+855069459308
Smart-069-459309,Mobile,+855069459309
Smart-069-459310,Mobile,+855069459310
Smart-069-459311,Mobile,+855069459311
Smart-069-459312,Mobile,+855069459312
Smart-069-459313,Mobile,+855069459313
Smart-069-459314,Mobile,+855069459314
Smart-069-459315,Mobile,+855069459315
Smart-069-459316,Mobile,+855069459316
Smart-069-459317,Mobile,+855069459317
Smart-069-459318,Mobile,+855069459318
Smart-069-459319,Mobile,+855069459319
Smart-069-459320,Mobile,+855069459320
Smart-069-459321,Mobile,+855069459321
Smart-069-459322,Mobile,+855069459322
Smart-069-459323,Mobile,+855069459323
Smart-069-459324,Mobile,+855069459324
Smart-069-459325,Mobile,+855069459325
Smart-069-459326,Mobile,+855069459326
Smart-069-459327,Mobile,+855069459327
Smart-069-459328,Mobile,+855069459328
Smart-069-459329,Mobile,+855069459329
Smart-069-459330,Mobile,+855069459330
Smart-069-459331,Mobile,+855069459331
Smart-069-459332,Mobile,+855069459332
Smart-069-459333,Mobile,+855069459333
Smart-069-459334,Mobile,+855069459334
Smart-069-459335,Mobile,+855069459335
Smart-069-459336,Mobile,+855069459336
Smart-069-459337,Mobile,+855069459337
Smart-069-459338,Mobile,+855069459338
Smart-069-459339,Mobile,+855069459339
Smart-069-459340,Mobile,+855069459340
Smart-069-459341,Mobile,+855069459341
Smart-069-459342,Mobile,+855069459342
Smart-069-459343,Mobile,+855069459343
Smart-069-459344,Mobile,+855069459344
Smart-069-459345,Mobile,+855069459345
Smart-069-459346,Mobile,+855069459346
Smart-069-459347,Mobile,+855069459347
Smart-069-459348,Mobile,+855069459348
Smart-069-459349,Mobile,+855069459349
Smart-069-459350,Mobile,+855069459350
Smart-069-459351,Mobile,+855069459351
Smart-069-459352,Mobile,+855069459352
Smart-069-459353,Mobile,+855069459353
Smart-069-459354,Mobile,+855069459354
Smart-069-459355,Mobile,+855069459355
Smart-069-459356,Mobile,+855069459356
Smart-069-459357,Mobile,+855069459357
Smart-069-459358,Mobile,+855069459358
Smart-069-459359,Mobile,+855069459359
Smart-069-459360,Mobile,+855069459360
Smart-069-459361,Mobile,+855069459361
Smart-069-459362,Mobile,+855069459362
Smart-069-459363,Mobile,+855069459363
Smart-069-459364,Mobile,+855069459364
Smart-069-459365,Mobile,+855069459365
Smart-069-459366,Mobile,+855069459366
Smart-069-459367,Mobile,+855069459367
Smart-069-459368,Mobile,+855069459368
Smart-069-459369,Mobile,+855069459369
Smart-069-459370,Mobile,+855069459370
Smart-069-459371,Mobile,+855069459371
Smart-069-459372,Mobile,+855069459372
Smart-069-459373,Mobile,+855069459373
Smart-069-459374,Mobile,+855069459374
Smart-069-459375,Mobile,+855069459375
Smart-069-459376,Mobile,+855069459376
Smart-069-459377,Mobile,+855069459377
Smart-069-459378,Mobile,+855069459378
Smart-069-459379,Mobile,+855069459379
Smart-069-459380,Mobile,+855069459380
Smart-069-459381,Mobile,+855069459381
Smart-069-459382,Mobile,+855069459382
Smart-069-459383,Mobile,+855069459383
Smart-069-459384,Mobile,+855069459384
Smart-069-459385,Mobile,+855069459385
Smart-069-459386,Mobile,+855069459386
Smart-069-459387,Mobile,+855069459387
Smart-069-459388,Mobile,+855069459388
Smart-069-459389,Mobile,+855069459389
Smart-069-459390,Mobile,+855069459390
Smart-069-459391,Mobile,+855069459391
Smart-069-459392,Mobile,+855069459392
Smart-069-459393,Mobile,+855069459393
Smart-069-459394,Mobile,+855069459394
Smart-069-459395,Mobile,+855069459395
Smart-069-459396,Mobile,+855069459396
Smart-069-459397,Mobile,+855069459397
Smart-069-459398,Mobile,+855069459398
Smart-069-459399,Mobile,+855069459399
Smart-069-459400,Mobile,+855069459400
Smart-069-459401,Mobile,+855069459401
Smart-069-459402,Mobile,+855069459402
Smart-069-459403,Mobile,+855069459403
Smart-069-459404,Mobile,+855069459404
Smart-069-459405,Mobile,+855069459405
Smart-069-459406,Mobile,+855069459406
Smart-069-459407,Mobile,+855069459407
Smart-069-459408,Mobile,+855069459408
Smart-069-459409,Mobile,+855069459409
Smart-069-459410,Mobile,+855069459410
Smart-069-459411,Mobile,+855069459411
Smart-069-459412,Mobile,+855069459412
Smart-069-459413,Mobile,+855069459413
Smart-069-459414,Mobile,+855069459414
Smart-069-459415,Mobile,+855069459415
Smart-069-459416,Mobile,+855069459416
Smart-069-459417,Mobile,+855069459417
Smart-069-459418,Mobile,+855069459418
Smart-069-459419,Mobile,+855069459419
Smart-069-459420,Mobile,+855069459420
Smart-069-459421,Mobile,+855069459421
Smart-069-459422,Mobile,+855069459422
Smart-069-459423,Mobile,+855069459423
Smart-069-459424,Mobile,+855069459424
Smart-069-459425,Mobile,+855069459425
Smart-069-459426,Mobile,+855069459426
Smart-069-459427,Mobile,+855069459427
Smart-069-459428,Mobile,+855069459428
Smart-069-459429,Mobile,+855069459429
Smart-069-459430,Mobile,+855069459430
Smart-069-459431,Mobile,+855069459431
Smart-069-459432,Mobile,+855069459432
Smart-069-459433,Mobile,+855069459433
Smart-069-459434,Mobile,+855069459434
Smart-069-459435,Mobile,+855069459435
Smart-069-459436,Mobile,+855069459436
Smart-069-459437,Mobile,+855069459437
Smart-069-459438,Mobile,+855069459438
Smart-069-459439,Mobile,+855069459439
Smart-069-459440,Mobile,+855069459440
Smart-069-459441,Mobile,+855069459441
Smart-069-459442,Mobile,+855069459442
Smart-069-459443,Mobile,+855069459443
Smart-069-459444,Mobile,+855069459444
Smart-069-459445,Mobile,+855069459445
Smart-069-459446,Mobile,+855069459446
Smart-069-459447,Mobile,+855069459447
Smart-069-459448,Mobile,+855069459448
Smart-069-459449,Mobile,+855069459449
Smart-069-459450,Mobile,+855069459450
Smart-069-459451,Mobile,+855069459451
Smart-069-459452,Mobile,+855069459452
Smart-069-459453,Mobile,+855069459453
Smart-069-459454,Mobile,+855069459454
Smart-069-459455,Mobile,+855069459455
Smart-069-459456,Mobile,+855069459456
Smart-069-459457,Mobile,+855069459457
Smart-069-459458,Mobile,+855069459458
Smart-069-459459,Mobile,+855069459459
Smart-069-459460,Mobile,+855069459460
Smart-069-459461,Mobile,+855069459461
Smart-069-459462,Mobile,+855069459462
Smart-069-459463,Mobile,+855069459463
Smart-069-459464,Mobile,+855069459464
Smart-069-459465,Mobile,+855069459465
Smart-069-459466,Mobile,+855069459466
Smart-069-459467,Mobile,+855069459467
Smart-069-459468,Mobile,+855069459468
Smart-069-459469,Mobile,+855069459469
Smart-069-459470,Mobile,+855069459470
Smart-069-459471,Mobile,+855069459471
Smart-069-459472,Mobile,+855069459472
Smart-069-459473,Mobile,+855069459473
Smart-069-459474,Mobile,+855069459474
Smart-069-459475,Mobile,+855069459475
Smart-069-459476,Mobile,+855069459476
Smart-069-459477,Mobile,+855069459477
Smart-069-459478,Mobile,+855069459478
Smart-069-459479,Mobile,+855069459479
Smart-069-459480,Mobile,+855069459480
Smart-069-459481,Mobile,+855069459481
Smart-069-459482,Mobile,+855069459482
Smart-069-459483,Mobile,+855069459483
Smart-069-459484,Mobile,+855069459484
Smart-069-459485,Mobile,+855069459485
Smart-069-459486,Mobile,+855069459486
Smart-069-459487,Mobile,+855069459487
Smart-069-459488,Mobile,+855069459488
Smart-069-459489,Mobile,+855069459489
Smart-069-459490,Mobile,+855069459490
Smart-069-459491,Mobile,+855069459491
Smart-069-459492,Mobile,+855069459492
Smart-069-459493,Mobile,+855069459493
Smart-069-459494,Mobile,+855069459494
Smart-069-459495,Mobile,+855069459495
Smart-069-459496,Mobile,+855069459496
Smart-069-459497,Mobile,+855069459497
Smart-069-459498,Mobile,+855069459498
Smart-069-459499,Mobile,+855069459499
Smart-069-459500,Mobile,+855069459500
Smart-069-459501,Mobile,+855069459501
Smart-069-459502,Mobile,+855069459502
Smart-069-459503,Mobile,+855069459503
Smart-069-459504,Mobile,+855069459504
Smart-069-459505,Mobile,+855069459505
Smart-069-459506,Mobile,+855069459506
Smart-069-459507,Mobile,+855069459507
Smart-069-459508,Mobile,+855069459508
Smart-069-459509,Mobile,+855069459509
Smart-069-459510,Mobile,+855069459510
Smart-069-459511,Mobile,+855069459511
Smart-069-459512,Mobile,+855069459512
Smart-069-459513,Mobile,+855069459513
Smart-069-459514,Mobile,+855069459514
Smart-069-459515,Mobile,+855069459515
Smart-069-459516,Mobile,+855069459516
Smart-069-459517,Mobile,+855069459517
Smart-069-459518,Mobile,+855069459518
Smart-069-459519,Mobile,+855069459519
Smart-069-459520,Mobile,+855069459520
Smart-069-459521,Mobile,+855069459521
Smart-069-459522,Mobile,+855069459522
Smart-069-459523,Mobile,+855069459523
Smart-069-459524,Mobile,+855069459524
Smart-069-459525,Mobile,+855069459525
Smart-069-459526,Mobile,+855069459526
Smart-069-459527,Mobile,+855069459527
Smart-069-459528,Mobile,+855069459528
Smart-069-459529,Mobile,+855069459529
Smart-069-459530,Mobile,+855069459530
Smart-069-459531,Mobile,+855069459531
Smart-069-459532,Mobile,+855069459532
Smart-069-459533,Mobile,+855069459533
Smart-069-459534,Mobile,+855069459534
Smart-069-459535,Mobile,+855069459535
Smart-069-459536,Mobile,+855069459536
Smart-069-459537,Mobile,+855069459537
Smart-069-459538,Mobile,+855069459538
Smart-069-459539,Mobile,+855069459539
Smart-069-459540,Mobile,+855069459540
Smart-069-459541,Mobile,+855069459541
Smart-069-459542,Mobile,+855069459542
Smart-069-459543,Mobile,+855069459543
Smart-069-459544,Mobile,+855069459544
Smart-069-459545,Mobile,+855069459545
Smart-069-459546,Mobile,+855069459546
Smart-069-459547,Mobile,+855069459547
Smart-069-459548,Mobile,+855069459548
Smart-069-459549,Mobile,+855069459549
Smart-069-459550,Mobile,+855069459550
Smart-069-459551,Mobile,+855069459551
Smart-069-459552,Mobile,+855069459552
Smart-069-459553,Mobile,+855069459553
Smart-069-459554,Mobile,+855069459554
Smart-069-459555,Mobile,+855069459555
Smart-069-459556,Mobile,+855069459556
Smart-069-459557,Mobile,+855069459557
Smart-069-459558,Mobile,+855069459558
Smart-069-459559,Mobile,+855069459559
Smart-069-459560,Mobile,+855069459560
Smart-069-459561,Mobile,+855069459561
Smart-069-459562,Mobile,+855069459562
Smart-069-459563,Mobile,+855069459563
Smart-069-459564,Mobile,+855069459564
Smart-069-459565,Mobile,+855069459565
Smart-069-459566,Mobile,+855069459566
Smart-069-459567,Mobile,+855069459567
Smart-069-459568,Mobile,+855069459568
Smart-069-459569,Mobile,+855069459569
Smart-069-459570,Mobile,+855069459570
Smart-069-459571,Mobile,+855069459571
Smart-069-459572,Mobile,+855069459572
Smart-069-459573,Mobile,+855069459573
Smart-069-459574,Mobile,+855069459574
Smart-069-459575,Mobile,+855069459575
Smart-069-459576,Mobile,+855069459576
Smart-069-459577,Mobile,+855069459577
Smart-069-459578,Mobile,+855069459578
Smart-069-459579,Mobile,+855069459579
Smart-069-459580,Mobile,+855069459580
Smart-069-459581,Mobile,+855069459581
Smart-069-459582,Mobile,+855069459582
Smart-069-459583,Mobile,+855069459583
Smart-069-459584,Mobile,+855069459584
Smart-069-459585,Mobile,+855069459585
Smart-069-459586,Mobile,+855069459586
Smart-069-459587,Mobile,+855069459587
Smart-069-459588,Mobile,+855069459588
Smart-069-459589,Mobile,+855069459589
Smart-069-459590,Mobile,+855069459590
Smart-069-459591,Mobile,+855069459591
Smart-069-459592,Mobile,+855069459592
Smart-069-459593,Mobile,+855069459593
Smart-069-459594,Mobile,+855069459594
Smart-069-459595,Mobile,+855069459595
Smart-069-459596,Mobile,+855069459596
Smart-069-459597,Mobile,+855069459597
Smart-069-459598,Mobile,+855069459598
Smart-069-459599,Mobile,+855069459599
Smart-069-459600,Mobile,+855069459600
Smart-069-459601,Mobile,+855069459601
Smart-069-459602,Mobile,+855069459602
Smart-069-459603,Mobile,+855069459603
Smart-069-459604,Mobile,+855069459604
Smart-069-459605,Mobile,+855069459605
Smart-069-459606,Mobile,+855069459606
Smart-069-459607,Mobile,+855069459607
Smart-069-459608,Mobile,+855069459608
Smart-069-459609,Mobile,+855069459609
Smart-069-459610,Mobile,+855069459610
Smart-069-459611,Mobile,+855069459611
Smart-069-459612,Mobile,+855069459612
Smart-069-459613,Mobile,+855069459613
Smart-069-459614,Mobile,+855069459614
Smart-069-459615,Mobile,+855069459615
Smart-069-459616,Mobile,+855069459616
Smart-069-459617,Mobile,+855069459617
Smart-069-459618,Mobile,+855069459618
Smart-069-459619,Mobile,+855069459619
Smart-069-459620,Mobile,+855069459620
Smart-069-459621,Mobile,+855069459621
Smart-069-459622,Mobile,+855069459622
Smart-069-459623,Mobile,+855069459623
Smart-069-459624,Mobile,+855069459624
Smart-069-459625,Mobile,+855069459625
Smart-069-459626,Mobile,+855069459626
Smart-069-459627,Mobile,+855069459627
Smart-069-459628,Mobile,+855069459628
Smart-069-459629,Mobile,+855069459629
Smart-069-459630,Mobile,+855069459630
Smart-069-459631,Mobile,+855069459631
Smart-069-459632,Mobile,+855069459632
Smart-069-459633,Mobile,+855069459633
Smart-069-459634,Mobile,+855069459634
Smart-069-459635,Mobile,+855069459635
Smart-069-459636,Mobile,+855069459636
Smart-069-459637,Mobile,+855069459637
Smart-069-459638,Mobile,+855069459638
Smart-069-459639,Mobile,+855069459639
Smart-069-459640,Mobile,+855069459640
Smart-069-459641,Mobile,+855069459641
Smart-069-459642,Mobile,+855069459642
Smart-069-459643,Mobile,+855069459643
Smart-069-459644,Mobile,+855069459644
Smart-069-459645,Mobile,+855069459645
Smart-069-459646,Mobile,+855069459646
Smart-069-459647,Mobile,+855069459647
Smart-069-459648,Mobile,+855069459648
Smart-069-459649,Mobile,+855069459649
Smart-069-459650,Mobile,+855069459650
Smart-069-459651,Mobile,+855069459651
Smart-069-459652,Mobile,+855069459652
Smart-069-459653,Mobile,+855069459653
Smart-069-459654,Mobile,+855069459654
Smart-069-459655,Mobile,+855069459655
Smart-069-459656,Mobile,+855069459656
Smart-069-459657,Mobile,+855069459657
Smart-069-459658,Mobile,+855069459658
Smart-069-459659,Mobile,+855069459659
Smart-069-459660,Mobile,+855069459660
Smart-069-459661,Mobile,+855069459661
Smart-069-459662,Mobile,+855069459662
Smart-069-459663,Mobile,+855069459663
Smart-069-459664,Mobile,+855069459664
Smart-069-459665,Mobile,+855069459665
Smart-069-459666,Mobile,+855069459666
Smart-069-459667,Mobile,+855069459667
Smart-069-459668,Mobile,+855069459668
Smart-069-459669,Mobile,+855069459669
Smart-069-459670,Mobile,+855069459670
Smart-069-459671,Mobile,+855069459671
Smart-069-459672,Mobile,+855069459672
Smart-069-459673,Mobile,+855069459673
Smart-069-459674,Mobile,+855069459674
Smart-069-459675,Mobile,+855069459675
Smart-069-459676,Mobile,+855069459676
Smart-069-459677,Mobile,+855069459677
Smart-069-459678,Mobile,+855069459678
Smart-069-459679,Mobile,+855069459679
Smart-069-459680,Mobile,+855069459680
Smart-069-459681,Mobile,+855069459681
Smart-069-459682,Mobile,+855069459682
Smart-069-459683,Mobile,+855069459683
Smart-069-459684,Mobile,+855069459684
Smart-069-459685,Mobile,+855069459685
Smart-069-459686,Mobile,+855069459686
Smart-069-459687,Mobile,+855069459687
Smart-069-459688,Mobile,+855069459688
Smart-069-459689,Mobile,+855069459689
Smart-069-459690,Mobile,+855069459690
Smart-069-459691,Mobile,+855069459691
Smart-069-459692,Mobile,+855069459692
Smart-069-459693,Mobile,+855069459693
Smart-069-459694,Mobile,+855069459694
Smart-069-459695,Mobile,+855069459695
Smart-069-459696,Mobile,+855069459696
Smart-069-459697,Mobile,+855069459697
Smart-069-459698,Mobile,+855069459698
Smart-069-459699,Mobile,+855069459699
Smart-069-459700,Mobile,+855069459700
Smart-069-459701,Mobile,+855069459701
Smart-069-459702,Mobile,+855069459702
Smart-069-459703,Mobile,+855069459703
Smart-069-459704,Mobile,+855069459704
Smart-069-459705,Mobile,+855069459705
Smart-069-459706,Mobile,+855069459706
Smart-069-459707,Mobile,+855069459707
Smart-069-459708,Mobile,+855069459708
Smart-069-459709,Mobile,+855069459709
Smart-069-459710,Mobile,+855069459710
Smart-069-459711,Mobile,+855069459711
Smart-069-459712,Mobile,+855069459712
Smart-069-459713,Mobile,+855069459713
Smart-069-459714,Mobile,+855069459714
Smart-069-459715,Mobile,+855069459715
Smart-069-459716,Mobile,+855069459716
Smart-069-459717,Mobile,+855069459717
Smart-069-459718,Mobile,+855069459718
Smart-069-459719,Mobile,+855069459719
Smart-069-459720,Mobile,+855069459720
Smart-069-459721,Mobile,+855069459721
Smart-069-459722,Mobile,+855069459722
Smart-069-459723,Mobile,+855069459723
Smart-069-459724,Mobile,+855069459724
Smart-069-459725,Mobile,+855069459725
Smart-069-459726,Mobile,+855069459726
Smart-069-459727,Mobile,+855069459727
Smart-069-459728,Mobile,+855069459728
Smart-069-459729,Mobile,+855069459729
Smart-069-459730,Mobile,+855069459730
Smart-069-459731,Mobile,+855069459731
Smart-069-459732,Mobile,+855069459732
Smart-069-459733,Mobile,+855069459733
Smart-069-459734,Mobile,+855069459734
Smart-069-459735,Mobile,+855069459735
Smart-069-459736,Mobile,+855069459736
Smart-069-459737,Mobile,+855069459737
Smart-069-459738,Mobile,+855069459738
Smart-069-459739,Mobile,+855069459739
Smart-069-459740,Mobile,+855069459740
Smart-069-459741,Mobile,+855069459741
Smart-069-459742,Mobile,+855069459742
Smart-069-459743,Mobile,+855069459743
Smart-069-459744,Mobile,+855069459744
Smart-069-459745,Mobile,+855069459745
Smart-069-459746,Mobile,+855069459746
Smart-069-459747,Mobile,+855069459747
Smart-069-459748,Mobile,+855069459748
Smart-069-459749,Mobile,+855069459749
Smart-069-459750,Mobile,+855069459750
Smart-069-459751,Mobile,+855069459751
Smart-069-459752,Mobile,+855069459752
Smart-069-459753,Mobile,+855069459753
Smart-069-459754,Mobile,+855069459754
Smart-069-459755,Mobile,+855069459755
Smart-069-459756,Mobile,+855069459756
Smart-069-459757,Mobile,+855069459757
Smart-069-459758,Mobile,+855069459758
Smart-069-459759,Mobile,+855069459759
Smart-069-459760,Mobile,+855069459760
Smart-069-459761,Mobile,+855069459761
Smart-069-459762,Mobile,+855069459762
Smart-069-459763,Mobile,+855069459763
Smart-069-459764,Mobile,+855069459764
Smart-069-459765,Mobile,+855069459765
Smart-069-459766,Mobile,+855069459766
Smart-069-459767,Mobile,+855069459767
Smart-069-459768,Mobile,+855069459768
Smart-069-459769,Mobile,+855069459769
Smart-069-459770,Mobile,+855069459770
Smart-069-459771,Mobile,+855069459771
Smart-069-459772,Mobile,+855069459772
Smart-069-459773,Mobile,+855069459773
Smart-069-459774,Mobile,+855069459774
Smart-069-459775,Mobile,+855069459775
Smart-069-459776,Mobile,+855069459776
Smart-069-459777,Mobile,+855069459777
Smart-069-459778,Mobile,+855069459778
Smart-069-459779,Mobile,+855069459779
Smart-069-459780,Mobile,+855069459780
Smart-069-459781,Mobile,+855069459781
Smart-069-459782,Mobile,+855069459782
Smart-069-459783,Mobile,+855069459783
Smart-069-459784,Mobile,+855069459784
Smart-069-459785,Mobile,+855069459785
Smart-069-459786,Mobile,+855069459786
Smart-069-459787,Mobile,+855069459787
Smart-069-459788,Mobile,+855069459788
Smart-069-459789,Mobile,+855069459789
Smart-069-459790,Mobile,+855069459790
Smart-069-459791,Mobile,+855069459791
Smart-069-459792,Mobile,+855069459792
Smart-069-459793,Mobile,+855069459793
Smart-069-459794,Mobile,+855069459794
Smart-069-459795,Mobile,+855069459795
Smart-069-459796,Mobile,+855069459796
Smart-069-459797,Mobile,+855069459797
Smart-069-459798,Mobile,+855069459798
Smart-069-459799,Mobile,+855069459799
Smart-069-459800,Mobile,+855069459800
Smart-069-459801,Mobile,+855069459801
Smart-069-459802,Mobile,+855069459802
Smart-069-459803,Mobile,+855069459803
Smart-069-459804,Mobile,+855069459804
Smart-069-459805,Mobile,+855069459805
Smart-069-459806,Mobile,+855069459806
Smart-069-459807,Mobile,+855069459807
Smart-069-459808,Mobile,+855069459808
Smart-069-459809,Mobile,+855069459809
Smart-069-459810,Mobile,+855069459810
Smart-069-459811,Mobile,+855069459811
Smart-069-459812,Mobile,+855069459812
Smart-069-459813,Mobile,+855069459813
Smart-069-459814,Mobile,+855069459814
Smart-069-459815,Mobile,+855069459815
Smart-069-459816,Mobile,+855069459816
Smart-069-459817,Mobile,+855069459817
Smart-069-459818,Mobile,+855069459818
Smart-069-459819,Mobile,+855069459819
Smart-069-459820,Mobile,+855069459820
Smart-069-459821,Mobile,+855069459821
Smart-069-459822,Mobile,+855069459822
Smart-069-459823,Mobile,+855069459823
Smart-069-459824,Mobile,+855069459824
Smart-069-459825,Mobile,+855069459825
Smart-069-459826,Mobile,+855069459826
Smart-069-459827,Mobile,+855069459827
Smart-069-459828,Mobile,+855069459828
Smart-069-459829,Mobile,+855069459829
Smart-069-459830,Mobile,+855069459830
Smart-069-459831,Mobile,+855069459831
Smart-069-459832,Mobile,+855069459832
Smart-069-459833,Mobile,+855069459833
Smart-069-459834,Mobile,+855069459834
Smart-069-459835,Mobile,+855069459835
Smart-069-459836,Mobile,+855069459836
Smart-069-459837,Mobile,+855069459837
Smart-069-459838,Mobile,+855069459838
Smart-069-459839,Mobile,+855069459839
Smart-069-459840,Mobile,+855069459840
Smart-069-459841,Mobile,+855069459841
Smart-069-459842,Mobile,+855069459842
Smart-069-459843,Mobile,+855069459843
Smart-069-459844,Mobile,+855069459844
Smart-069-459845,Mobile,+855069459845
Smart-069-459846,Mobile,+855069459846
Smart-069-459847,Mobile,+855069459847
Smart-069-459848,Mobile,+855069459848
Smart-069-459849,Mobile,+855069459849
Smart-069-459850,Mobile,+855069459850
Smart-069-459851,Mobile,+855069459851
Smart-069-459852,Mobile,+855069459852
Smart-069-459853,Mobile,+855069459853
Smart-069-459854,Mobile,+855069459854
Smart-069-459855,Mobile,+855069459855
Smart-069-459856,Mobile,+855069459856
Smart-069-459857,Mobile,+855069459857
Smart-069-459858,Mobile,+855069459858
Smart-069-459859,Mobile,+855069459859
Smart-069-459860,Mobile,+855069459860
Smart-069-459861,Mobile,+855069459861
Smart-069-459862,Mobile,+855069459862
Smart-069-459863,Mobile,+855069459863
Smart-069-459864,Mobile,+855069459864
Smart-069-459865,Mobile,+855069459865
Smart-069-459866,Mobile,+855069459866
Smart-069-459867,Mobile,+855069459867
Smart-069-459868,Mobile,+855069459868
Smart-069-459869,Mobile,+855069459869
Smart-069-459870,Mobile,+855069459870
Smart-069-459871,Mobile,+855069459871
Smart-069-459872,Mobile,+855069459872
Smart-069-459873,Mobile,+855069459873
Smart-069-459874,Mobile,+855069459874
Smart-069-459875,Mobile,+855069459875
Smart-069-459876,Mobile,+855069459876
Smart-069-459877,Mobile,+855069459877
Smart-069-459878,Mobile,+855069459878
Smart-069-459879,Mobile,+855069459879
Smart-069-459880,Mobile,+855069459880
Smart-069-459881,Mobile,+855069459881
Smart-069-459882,Mobile,+855069459882
Smart-069-459883,Mobile,+855069459883
Smart-069-459884,Mobile,+855069459884
Smart-069-459885,Mobile,+855069459885
Smart-069-459886,Mobile,+855069459886
Smart-069-459887,Mobile,+855069459887
Smart-069-459888,Mobile,+855069459888
Smart-069-459889,Mobile,+855069459889
Smart-069-459890,Mobile,+855069459890
Smart-069-459891,Mobile,+855069459891
Smart-069-459892,Mobile,+855069459892
Smart-069-459893,Mobile,+855069459893
Smart-069-459894,Mobile,+855069459894
Smart-069-459895,Mobile,+855069459895
Smart-069-459896,Mobile,+855069459896
Smart-069-459897,Mobile,+855069459897
Smart-069-459898,Mobile,+855069459898
Smart-069-459899,Mobile,+855069459899
Smart-069-459900,Mobile,+855069459900
Smart-069-459901,Mobile,+855069459901
Smart-069-459902,Mobile,+855069459902
Smart-069-459903,Mobile,+855069459903
Smart-069-459904,Mobile,+855069459904
Smart-069-459905,Mobile,+855069459905
Smart-069-459906,Mobile,+855069459906
Smart-069-459907,Mobile,+855069459907
Smart-069-459908,Mobile,+855069459908
Smart-069-459909,Mobile,+855069459909
Smart-069-459910,Mobile,+855069459910
Smart-069-459911,Mobile,+855069459911
Smart-069-459912,Mobile,+855069459912
Smart-069-459913,Mobile,+855069459913
Smart-069-459914,Mobile,+855069459914
Smart-069-459915,Mobile,+855069459915
Smart-069-459916,Mobile,+855069459916
Smart-069-459917,Mobile,+855069459917
Smart-069-459918,Mobile,+855069459918
Smart-069-459919,Mobile,+855069459919
Smart-069-459920,Mobile,+855069459920
Smart-069-459921,Mobile,+855069459921
Smart-069-459922,Mobile,+855069459922
Smart-069-459923,Mobile,+855069459923
Smart-069-459924,Mobile,+855069459924
Smart-069-459925,Mobile,+855069459925
Smart-069-459926,Mobile,+855069459926
Smart-069-459927,Mobile,+855069459927
Smart-069-459928,Mobile,+855069459928
Smart-069-459929,Mobile,+855069459929
Smart-069-459930,Mobile,+855069459930
Smart-069-459931,Mobile,+855069459931
Smart-069-459932,Mobile,+855069459932
Smart-069-459933,Mobile,+855069459933
Smart-069-459934,Mobile,+855069459934
Smart-069-459935,Mobile,+855069459935
Smart-069-459936,Mobile,+855069459936
Smart-069-459937,Mobile,+855069459937
Smart-069-459938,Mobile,+855069459938
Smart-069-459939,Mobile,+855069459939
Smart-069-459940,Mobile,+855069459940
Smart-069-459941,Mobile,+855069459941
Smart-069-459942,Mobile,+855069459942
Smart-069-459943,Mobile,+855069459943
Smart-069-459944,Mobile,+855069459944
Smart-069-459945,Mobile,+855069459945
Smart-069-459946,Mobile,+855069459946
Smart-069-459947,Mobile,+855069459947
Smart-069-459948,Mobile,+855069459948
Smart-069-459949,Mobile,+855069459949
Smart-069-459950,Mobile,+855069459950
Smart-069-459951,Mobile,+855069459951
Smart-069-459952,Mobile,+855069459952
Smart-069-459953,Mobile,+855069459953
Smart-069-459954,Mobile,+855069459954
Smart-069-459955,Mobile,+855069459955
Smart-069-459956,Mobile,+855069459956
Smart-069-459957,Mobile,+855069459957
Smart-069-459958,Mobile,+855069459958
Smart-069-459959,Mobile,+855069459959
Smart-069-459960,Mobile,+855069459960
Smart-069-459961,Mobile,+855069459961
Smart-069-459962,Mobile,+855069459962
Smart-069-459963,Mobile,+855069459963
Smart-069-459964,Mobile,+855069459964
Smart-069-459965,Mobile,+855069459965
Smart-069-459966,Mobile,+855069459966
Smart-069-459967,Mobile,+855069459967
Smart-069-459968,Mobile,+855069459968
Smart-069-459969,Mobile,+855069459969
Smart-069-459970,Mobile,+855069459970
Smart-069-459971,Mobile,+855069459971
Smart-069-459972,Mobile,+855069459972
Smart-069-459973,Mobile,+855069459973
Smart-069-459974,Mobile,+855069459974
Smart-069-459975,Mobile,+855069459975
Smart-069-459976,Mobile,+855069459976
Smart-069-459977,Mobile,+855069459977
Smart-069-459978,Mobile,+855069459978
Smart-069-459979,Mobile,+855069459979
Smart-069-459980,Mobile,+855069459980
Smart-069-459981,Mobile,+855069459981
Smart-069-459982,Mobile,+855069459982
Smart-069-459983,Mobile,+855069459983
Smart-069-459984,Mobile,+855069459984
Smart-069-459985,Mobile,+855069459985
Smart-069-459986,Mobile,+855069459986
Smart-069-459987,Mobile,+855069459987
Smart-069-459988,Mobile,+855069459988
Smart-069-459989,Mobile,+855069459989
Smart-069-459990,Mobile,+855069459990
Smart-069-459991,Mobile,+855069459991
Smart-069-459992,Mobile,+855069459992
Smart-069-459993,Mobile,+855069459993
Smart-069-459994,Mobile,+855069459994
Smart-069-459995,Mobile,+855069459995
Smart-069-459996,Mobile,+855069459996
Smart-069-459997,Mobile,+855069459997
Smart-069-459998,Mobile,+855069459998
Smart-069-459999,Mobile,+855069459999
Smart-069-460000,Mobile,+855069460000
Smart-069-460001,Mobile,+855069460001
Smart-069-460002,Mobile,+855069460002
Smart-069-460003,Mobile,+855069460003
Smart-069-460004,Mobile,+855069460004
Smart-069-460005,Mobile,+855069460005
Smart-069-460006,Mobile,+855069460006
Smart-069-460007,Mobile,+855069460007
Smart-069-460008,Mobile,+855069460008
Smart-069-460009,Mobile,+855069460009
Smart-069-460010,Mobile,+855069460010
Smart-069-460011,Mobile,+855069460011
Smart-069-460012,Mobile,+855069460012
Smart-069-460013,Mobile,+855069460013
Smart-069-460014,Mobile,+855069460014
Smart-069-460015,Mobile,+855069460015
Smart-069-460016,Mobile,+855069460016
Smart-069-460017,Mobile,+855069460017
Smart-069-460018,Mobile,+855069460018
Smart-069-460019,Mobile,+855069460019
Smart-069-460020,Mobile,+855069460020
Smart-069-460021,Mobile,+855069460021
Smart-069-460022,Mobile,+855069460022
Smart-069-460023,Mobile,+855069460023
Smart-069-460024,Mobile,+855069460024
Smart-069-460025,Mobile,+855069460025
Smart-069-460026,Mobile,+855069460026
Smart-069-460027,Mobile,+855069460027
Smart-069-460028,Mobile,+855069460028
Smart-069-460029,Mobile,+855069460029
Smart-069-460030,Mobile,+855069460030
Smart-069-460031,Mobile,+855069460031
Smart-069-460032,Mobile,+855069460032
Smart-069-460033,Mobile,+855069460033
Smart-069-460034,Mobile,+855069460034
Smart-069-460035,Mobile,+855069460035
Smart-069-460036,Mobile,+855069460036
Smart-069-460037,Mobile,+855069460037
Smart-069-460038,Mobile,+855069460038
Smart-069-460039,Mobile,+855069460039
Smart-069-460040,Mobile,+855069460040
Smart-069-460041,Mobile,+855069460041
Smart-069-460042,Mobile,+855069460042
Smart-069-460043,Mobile,+855069460043
Smart-069-460044,Mobile,+855069460044
Smart-069-460045,Mobile,+855069460045
Smart-069-460046,Mobile,+855069460046
Smart-069-460047,Mobile,+855069460047
Smart-069-460048,Mobile,+855069460048
Smart-069-460049,Mobile,+855069460049
Smart-069-460050,Mobile,+855069460050
Smart-069-460051,Mobile,+855069460051
Smart-069-460052,Mobile,+855069460052
Smart-069-460053,Mobile,+855069460053
Smart-069-460054,Mobile,+855069460054
Smart-069-460055,Mobile,+855069460055
Smart-069-460056,Mobile,+855069460056
Smart-069-460057,Mobile,+855069460057
Smart-069-460058,Mobile,+855069460058
Smart-069-460059,Mobile,+855069460059
Smart-069-460060,Mobile,+855069460060
Smart-069-460061,Mobile,+855069460061
Smart-069-460062,Mobile,+855069460062
Smart-069-460063,Mobile,+855069460063
Smart-069-460064,Mobile,+855069460064
Smart-069-460065,Mobile,+855069460065
Smart-069-460066,Mobile,+855069460066
Smart-069-460067,Mobile,+855069460067
Smart-069-460068,Mobile,+855069460068
Smart-069-460069,Mobile,+855069460069
Smart-069-460070,Mobile,+855069460070
Smart-069-460071,Mobile,+855069460071
Smart-069-460072,Mobile,+855069460072
Smart-069-460073,Mobile,+855069460073
Smart-069-460074,Mobile,+855069460074
Smart-069-460075,Mobile,+855069460075
Smart-069-460076,Mobile,+855069460076
Smart-069-460077,Mobile,+855069460077
Smart-069-460078,Mobile,+855069460078
Smart-069-460079,Mobile,+855069460079
Smart-069-460080,Mobile,+855069460080
Smart-069-460081,Mobile,+855069460081
Smart-069-460082,Mobile,+855069460082
Smart-069-460083,Mobile,+855069460083
Smart-069-460084,Mobile,+855069460084
Smart-069-460085,Mobile,+855069460085
Smart-069-460086,Mobile,+855069460086
Smart-069-460087,Mobile,+855069460087
Smart-069-460088,Mobile,+855069460088
Smart-069-460089,Mobile,+855069460089
Smart-069-460090,Mobile,+855069460090
Smart-069-460091,Mobile,+855069460091
Smart-069-460092,Mobile,+855069460092
Smart-069-460093,Mobile,+855069460093
Smart-069-460094,Mobile,+855069460094
Smart-069-460095,Mobile,+855069460095
Smart-069-460096,Mobile,+855069460096
Smart-069-460097,Mobile,+855069460097
Smart-069-460098,Mobile,+855069460098
Smart-069-460099,Mobile,+855069460099
Smart-069-460100,Mobile,+855069460100
Smart-069-460101,Mobile,+855069460101
Smart-069-460102,Mobile,+855069460102
Smart-069-460103,Mobile,+855069460103
Smart-069-460104,Mobile,+855069460104
Smart-069-460105,Mobile,+855069460105
Smart-069-460106,Mobile,+855069460106
Smart-069-460107,Mobile,+855069460107
Smart-069-460108,Mobile,+855069460108
Smart-069-460109,Mobile,+855069460109
Smart-069-460110,Mobile,+855069460110
Smart-069-460111,Mobile,+855069460111
Smart-069-460112,Mobile,+855069460112
Smart-069-460113,Mobile,+855069460113
Smart-069-460114,Mobile,+855069460114
Smart-069-460115,Mobile,+855069460115
Smart-069-460116,Mobile,+855069460116
Smart-069-460117,Mobile,+855069460117
Smart-069-460118,Mobile,+855069460118
Smart-069-460119,Mobile,+855069460119
Smart-069-460120,Mobile,+855069460120
Smart-069-460121,Mobile,+855069460121
Smart-069-460122,Mobile,+855069460122
Smart-069-460123,Mobile,+855069460123
Smart-069-460124,Mobile,+855069460124
Smart-069-460125,Mobile,+855069460125
Smart-069-460126,Mobile,+855069460126
Smart-069-460127,Mobile,+855069460127
Smart-069-460128,Mobile,+855069460128
Smart-069-460129,Mobile,+855069460129
Smart-069-460130,Mobile,+855069460130
Smart-069-460131,Mobile,+855069460131
Smart-069-460132,Mobile,+855069460132
Smart-069-460133,Mobile,+855069460133
Smart-069-460134,Mobile,+855069460134
Smart-069-460135,Mobile,+855069460135
Smart-069-460136,Mobile,+855069460136
Smart-069-460137,Mobile,+855069460137
Smart-069-460138,Mobile,+855069460138
Smart-069-460139,Mobile,+855069460139
Smart-069-460140,Mobile,+855069460140
Smart-069-460141,Mobile,+855069460141
Smart-069-460142,Mobile,+855069460142
Smart-069-460143,Mobile,+855069460143
Smart-069-460144,Mobile,+855069460144
Smart-069-460145,Mobile,+855069460145
Smart-069-460146,Mobile,+855069460146
Smart-069-460147,Mobile,+855069460147
Smart-069-460148,Mobile,+855069460148
Smart-069-460149,Mobile,+855069460149
Smart-069-460150,Mobile,+855069460150
Smart-069-460151,Mobile,+855069460151
Smart-069-460152,Mobile,+855069460152
Smart-069-460153,Mobile,+855069460153
Smart-069-460154,Mobile,+855069460154
Smart-069-460155,Mobile,+855069460155
Smart-069-460156,Mobile,+855069460156
Smart-069-460157,Mobile,+855069460157
Smart-069-460158,Mobile,+855069460158
Smart-069-460159,Mobile,+855069460159
Smart-069-460160,Mobile,+855069460160
Smart-069-460161,Mobile,+855069460161
Smart-069-460162,Mobile,+855069460162
Smart-069-460163,Mobile,+855069460163
Smart-069-460164,Mobile,+855069460164
Smart-069-460165,Mobile,+855069460165
Smart-069-460166,Mobile,+855069460166
Smart-069-460167,Mobile,+855069460167
Smart-069-460168,Mobile,+855069460168
Smart-069-460169,Mobile,+855069460169
Smart-069-460170,Mobile,+855069460170
Smart-069-460171,Mobile,+855069460171
Smart-069-460172,Mobile,+855069460172
Smart-069-460173,Mobile,+855069460173
Smart-069-460174,Mobile,+855069460174
Smart-069-460175,Mobile,+855069460175
Smart-069-460176,Mobile,+855069460176
Smart-069-460177,Mobile,+855069460177
Smart-069-460178,Mobile,+855069460178
Smart-069-460179,Mobile,+855069460179
Smart-069-460180,Mobile,+855069460180
Smart-069-460181,Mobile,+855069460181
Smart-069-460182,Mobile,+855069460182
Smart-069-460183,Mobile,+855069460183
Smart-069-460184,Mobile,+855069460184
Smart-069-460185,Mobile,+855069460185
Smart-069-460186,Mobile,+855069460186
Smart-069-460187,Mobile,+855069460187
Smart-069-460188,Mobile,+855069460188
Smart-069-460189,Mobile,+855069460189
Smart-069-460190,Mobile,+855069460190
Smart-069-460191,Mobile,+855069460191
Smart-069-460192,Mobile,+855069460192
Smart-069-460193,Mobile,+855069460193
Smart-069-460194,Mobile,+855069460194
Smart-069-460195,Mobile,+855069460195
Smart-069-460196,Mobile,+855069460196
Smart-069-460197,Mobile,+855069460197
Smart-069-460198,Mobile,+855069460198
Smart-069-460199,Mobile,+855069460199
Smart-069-460200,Mobile,+855069460200
Smart-069-460201,Mobile,+855069460201
Smart-069-460202,Mobile,+855069460202
Smart-069-460203,Mobile,+855069460203
Smart-069-460204,Mobile,+855069460204
Smart-069-460205,Mobile,+855069460205
Smart-069-460206,Mobile,+855069460206
Smart-069-460207,Mobile,+855069460207
Smart-069-460208,Mobile,+855069460208
Smart-069-460209,Mobile,+855069460209
Smart-069-460210,Mobile,+855069460210
Smart-069-460211,Mobile,+855069460211
Smart-069-460212,Mobile,+855069460212
Smart-069-460213,Mobile,+855069460213
Smart-069-460214,Mobile,+855069460214
Smart-069-460215,Mobile,+855069460215
Smart-069-460216,Mobile,+855069460216
Smart-069-460217,Mobile,+855069460217
Smart-069-460218,Mobile,+855069460218
Smart-069-460219,Mobile,+855069460219
Smart-069-460220,Mobile,+855069460220
Smart-069-460221,Mobile,+855069460221
Smart-069-460222,Mobile,+855069460222
Smart-069-460223,Mobile,+855069460223
Smart-069-460224,Mobile,+855069460224
Smart-069-460225,Mobile,+855069460225
Smart-069-460226,Mobile,+855069460226
Smart-069-460227,Mobile,+855069460227
Smart-069-460228,Mobile,+855069460228
Smart-069-460229,Mobile,+855069460229
Smart-069-460230,Mobile,+855069460230
Smart-069-460231,Mobile,+855069460231
Smart-069-460232,Mobile,+855069460232
Smart-069-460233,Mobile,+855069460233
Smart-069-460234,Mobile,+855069460234
Smart-069-460235,Mobile,+855069460235
Smart-069-460236,Mobile,+855069460236
Smart-069-460237,Mobile,+855069460237
Smart-069-460238,Mobile,+855069460238
Smart-069-460239,Mobile,+855069460239
Smart-069-460240,Mobile,+855069460240
Smart-069-460241,Mobile,+855069460241
Smart-069-460242,Mobile,+855069460242
Smart-069-460243,Mobile,+855069460243
Smart-069-460244,Mobile,+855069460244
Smart-069-460245,Mobile,+855069460245
Smart-069-460246,Mobile,+855069460246
Smart-069-460247,Mobile,+855069460247
Smart-069-460248,Mobile,+855069460248
Smart-069-460249,Mobile,+855069460249
Smart-069-460250,Mobile,+855069460250
Smart-069-460251,Mobile,+855069460251
Smart-069-460252,Mobile,+855069460252
Smart-069-460253,Mobile,+855069460253
Smart-069-460254,Mobile,+855069460254
Smart-069-460255,Mobile,+855069460255
Smart-069-460256,Mobile,+855069460256
Smart-069-460257,Mobile,+855069460257
Smart-069-460258,Mobile,+855069460258
Smart-069-460259,Mobile,+855069460259
Smart-069-460260,Mobile,+855069460260
Smart-069-460261,Mobile,+855069460261
Smart-069-460262,Mobile,+855069460262
Smart-069-460263,Mobile,+855069460263
Smart-069-460264,Mobile,+855069460264
Smart-069-460265,Mobile,+855069460265
Smart-069-460266,Mobile,+855069460266
Smart-069-460267,Mobile,+855069460267
Smart-069-460268,Mobile,+855069460268
Smart-069-460269,Mobile,+855069460269
Smart-069-460270,Mobile,+855069460270
Smart-069-460271,Mobile,+855069460271
Smart-069-460272,Mobile,+855069460272
Smart-069-460273,Mobile,+855069460273
Smart-069-460274,Mobile,+855069460274
Smart-069-460275,Mobile,+855069460275
Smart-069-460276,Mobile,+855069460276
Smart-069-460277,Mobile,+855069460277
Smart-069-460278,Mobile,+855069460278
Smart-069-460279,Mobile,+855069460279
Smart-069-460280,Mobile,+855069460280
Smart-069-460281,Mobile,+855069460281
Smart-069-460282,Mobile,+855069460282
Smart-069-460283,Mobile,+855069460283
Smart-069-460284,Mobile,+855069460284
Smart-069-460285,Mobile,+855069460285
Smart-069-460286,Mobile,+855069460286
Smart-069-460287,Mobile,+855069460287
Smart-069-460288,Mobile,+855069460288
Smart-069-460289,Mobile,+855069460289
Smart-069-460290,Mobile,+855069460290
Smart-069-460291,Mobile,+855069460291
Smart-069-460292,Mobile,+855069460292
Smart-069-460293,Mobile,+855069460293
Smart-069-460294,Mobile,+855069460294
Smart-069-460295,Mobile,+855069460295
Smart-069-460296,Mobile,+855069460296
Smart-069-460297,Mobile,+855069460297
Smart-069-460298,Mobile,+855069460298
Smart-069-460299,Mobile,+855069460299
Smart-069-460300,Mobile,+855069460300
Smart-069-460301,Mobile,+855069460301
Smart-069-460302,Mobile,+855069460302
Smart-069-460303,Mobile,+855069460303
Smart-069-460304,Mobile,+855069460304
Smart-069-460305,Mobile,+855069460305
Smart-069-460306,Mobile,+855069460306
Smart-069-460307,Mobile,+855069460307
Smart-069-460308,Mobile,+855069460308
Smart-069-460309,Mobile,+855069460309
Smart-069-460310,Mobile,+855069460310
Smart-069-460311,Mobile,+855069460311
Smart-069-460312,Mobile,+855069460312
Smart-069-460313,Mobile,+855069460313
Smart-069-460314,Mobile,+855069460314
Smart-069-460315,Mobile,+855069460315
Smart-069-460316,Mobile,+855069460316
Smart-069-460317,Mobile,+855069460317
Smart-069-460318,Mobile,+855069460318
Smart-069-460319,Mobile,+855069460319
Smart-069-460320,Mobile,+855069460320
Smart-069-460321,Mobile,+855069460321
Smart-069-460322,Mobile,+855069460322
Smart-069-460323,Mobile,+855069460323
Smart-069-460324,Mobile,+855069460324
Smart-069-460325,Mobile,+855069460325
Smart-069-460326,Mobile,+855069460326
Smart-069-460327,Mobile,+855069460327
Smart-069-460328,Mobile,+855069460328
Smart-069-460329,Mobile,+855069460329
Smart-069-460330,Mobile,+855069460330
Smart-069-460331,Mobile,+855069460331
Smart-069-460332,Mobile,+855069460332
Smart-069-460333,Mobile,+855069460333
Smart-069-460334,Mobile,+855069460334
Smart-069-460335,Mobile,+855069460335
Smart-069-460336,Mobile,+855069460336
Smart-069-460337,Mobile,+855069460337
Smart-069-460338,Mobile,+855069460338
Smart-069-460339,Mobile,+855069460339
Smart-069-460340,Mobile,+855069460340
Smart-069-460341,Mobile,+855069460341
Smart-069-460342,Mobile,+855069460342
Smart-069-460343,Mobile,+855069460343
Smart-069-460344,Mobile,+855069460344
Smart-069-460345,Mobile,+855069460345
Smart-069-460346,Mobile,+855069460346
Smart-069-460347,Mobile,+855069460347
Smart-069-460348,Mobile,+855069460348
Smart-069-460349,Mobile,+855069460349
Smart-069-460350,Mobile,+855069460350
Smart-069-460351,Mobile,+855069460351
Smart-069-460352,Mobile,+855069460352
Smart-069-460353,Mobile,+855069460353
Smart-069-460354,Mobile,+855069460354
Smart-069-460355,Mobile,+855069460355
Smart-069-460356,Mobile,+855069460356
Smart-069-460357,Mobile,+855069460357
Smart-069-460358,Mobile,+855069460358
Smart-069-460359,Mobile,+855069460359
Smart-069-460360,Mobile,+855069460360
Smart-069-460361,Mobile,+855069460361
Smart-069-460362,Mobile,+855069460362
Smart-069-460363,Mobile,+855069460363
Smart-069-460364,Mobile,+855069460364
Smart-069-460365,Mobile,+855069460365
Smart-069-460366,Mobile,+855069460366
Smart-069-460367,Mobile,+855069460367
Smart-069-460368,Mobile,+855069460368
Smart-069-460369,Mobile,+855069460369
Smart-069-460370,Mobile,+855069460370
Smart-069-460371,Mobile,+855069460371
Smart-069-460372,Mobile,+855069460372
Smart-069-460373,Mobile,+855069460373
Smart-069-460374,Mobile,+855069460374
Smart-069-460375,Mobile,+855069460375
Smart-069-460376,Mobile,+855069460376
Smart-069-460377,Mobile,+855069460377
Smart-069-460378,Mobile,+855069460378
Smart-069-460379,Mobile,+855069460379
Smart-069-460380,Mobile,+855069460380
Smart-069-460381,Mobile,+855069460381
Smart-069-460382,Mobile,+855069460382
Smart-069-460383,Mobile,+855069460383
Smart-069-460384,Mobile,+855069460384
Smart-069-460385,Mobile,+855069460385
Smart-069-460386,Mobile,+855069460386
Smart-069-460387,Mobile,+855069460387
Smart-069-460388,Mobile,+855069460388
Smart-069-460389,Mobile,+855069460389
Smart-069-460390,Mobile,+855069460390
Smart-069-460391,Mobile,+855069460391
Smart-069-460392,Mobile,+855069460392
Smart-069-460393,Mobile,+855069460393
Smart-069-460394,Mobile,+855069460394
Smart-069-460395,Mobile,+855069460395
Smart-069-460396,Mobile,+855069460396
Smart-069-460397,Mobile,+855069460397
Smart-069-460398,Mobile,+855069460398
Smart-069-460399,Mobile,+855069460399
Smart-069-460400,Mobile,+855069460400
Smart-069-460401,Mobile,+855069460401
Smart-069-460402,Mobile,+855069460402
Smart-069-460403,Mobile,+855069460403
Smart-069-460404,Mobile,+855069460404
Smart-069-460405,Mobile,+855069460405
Smart-069-460406,Mobile,+855069460406
Smart-069-460407,Mobile,+855069460407
Smart-069-460408,Mobile,+855069460408
Smart-069-460409,Mobile,+855069460409
Smart-069-460410,Mobile,+855069460410
Smart-069-460411,Mobile,+855069460411
Smart-069-460412,Mobile,+855069460412
Smart-069-460413,Mobile,+855069460413
Smart-069-460414,Mobile,+855069460414
Smart-069-460415,Mobile,+855069460415
Smart-069-460416,Mobile,+855069460416
Smart-069-460417,Mobile,+855069460417
Smart-069-460418,Mobile,+855069460418
Smart-069-460419,Mobile,+855069460419
Smart-069-460420,Mobile,+855069460420
Smart-069-460421,Mobile,+855069460421
Smart-069-460422,Mobile,+855069460422
Smart-069-460423,Mobile,+855069460423
Smart-069-460424,Mobile,+855069460424
Smart-069-460425,Mobile,+855069460425
Smart-069-460426,Mobile,+855069460426
Smart-069-460427,Mobile,+855069460427
Smart-069-460428,Mobile,+855069460428
Smart-069-460429,Mobile,+855069460429
Smart-069-460430,Mobile,+855069460430
Smart-069-460431,Mobile,+855069460431
Smart-069-460432,Mobile,+855069460432
Smart-069-460433,Mobile,+855069460433
Smart-069-460434,Mobile,+855069460434
Smart-069-460435,Mobile,+855069460435
Smart-069-460436,Mobile,+855069460436
Smart-069-460437,Mobile,+855069460437
Smart-069-460438,Mobile,+855069460438
Smart-069-460439,Mobile,+855069460439
Smart-069-460440,Mobile,+855069460440
Smart-069-460441,Mobile,+855069460441
Smart-069-460442,Mobile,+855069460442
Smart-069-460443,Mobile,+855069460443
Smart-069-460444,Mobile,+855069460444
Smart-069-460445,Mobile,+855069460445
Smart-069-460446,Mobile,+855069460446
Smart-069-460447,Mobile,+855069460447
Smart-069-460448,Mobile,+855069460448
Smart-069-460449,Mobile,+855069460449
Smart-069-460450,Mobile,+855069460450
Smart-069-460451,Mobile,+855069460451
Smart-069-460452,Mobile,+855069460452
Smart-069-460453,Mobile,+855069460453
Smart-069-460454,Mobile,+855069460454
Smart-069-460455,Mobile,+855069460455
Smart-069-460456,Mobile,+855069460456
Smart-069-460457,Mobile,+855069460457
Smart-069-460458,Mobile,+855069460458
Smart-069-460459,Mobile,+855069460459
Smart-069-460460,Mobile,+855069460460
Smart-069-460461,Mobile,+855069460461
Smart-069-460462,Mobile,+855069460462
Smart-069-460463,Mobile,+855069460463
Smart-069-460464,Mobile,+855069460464
Smart-069-460465,Mobile,+855069460465
Smart-069-460466,Mobile,+855069460466
Smart-069-460467,Mobile,+855069460467
Smart-069-460468,Mobile,+855069460468
Smart-069-460469,Mobile,+855069460469
Smart-069-460470,Mobile,+855069460470
Smart-069-460471,Mobile,+855069460471
Smart-069-460472,Mobile,+855069460472
Smart-069-460473,Mobile,+855069460473
Smart-069-460474,Mobile,+855069460474
Smart-069-460475,Mobile,+855069460475
Smart-069-460476,Mobile,+855069460476
Smart-069-460477,Mobile,+855069460477
Smart-069-460478,Mobile,+855069460478
Smart-069-460479,Mobile,+855069460479
Smart-069-460480,Mobile,+855069460480
Smart-069-460481,Mobile,+855069460481
Smart-069-460482,Mobile,+855069460482
Smart-069-460483,Mobile,+855069460483
Smart-069-460484,Mobile,+855069460484
Smart-069-460485,Mobile,+855069460485
Smart-069-460486,Mobile,+855069460486
Smart-069-460487,Mobile,+855069460487
Smart-069-460488,Mobile,+855069460488
Smart-069-460489,Mobile,+855069460489
Smart-069-460490,Mobile,+855069460490
Smart-069-460491,Mobile,+855069460491
Smart-069-460492,Mobile,+855069460492
Smart-069-460493,Mobile,+855069460493
Smart-069-460494,Mobile,+855069460494
Smart-069-460495,Mobile,+855069460495
Smart-069-460496,Mobile,+855069460496
Smart-069-460497,Mobile,+855069460497
Smart-069-460498,Mobile,+855069460498
Smart-069-460499,Mobile,+855069460499
Smart-069-460500,Mobile,+855069460500
Smart-069-460501,Mobile,+855069460501
Smart-069-460502,Mobile,+855069460502
Smart-069-460503,Mobile,+855069460503
Smart-069-460504,Mobile,+855069460504
Smart-069-460505,Mobile,+855069460505
Smart-069-460506,Mobile,+855069460506
Smart-069-460507,Mobile,+855069460507
Smart-069-460508,Mobile,+855069460508
Smart-069-460509,Mobile,+855069460509
Smart-069-460510,Mobile,+855069460510
Smart-069-460511,Mobile,+855069460511
Smart-069-460512,Mobile,+855069460512
Smart-069-460513,Mobile,+855069460513
Smart-069-460514,Mobile,+855069460514
Smart-069-460515,Mobile,+855069460515
Smart-069-460516,Mobile,+855069460516
Smart-069-460517,Mobile,+855069460517
Smart-069-460518,Mobile,+855069460518
Smart-069-460519,Mobile,+855069460519
Smart-069-460520,Mobile,+855069460520
Smart-069-460521,Mobile,+855069460521
Smart-069-460522,Mobile,+855069460522
Smart-069-460523,Mobile,+855069460523
Smart-069-460524,Mobile,+855069460524
Smart-069-460525,Mobile,+855069460525
Smart-069-460526,Mobile,+855069460526
Smart-069-460527,Mobile,+855069460527
Smart-069-460528,Mobile,+855069460528
Smart-069-460529,Mobile,+855069460529
Smart-069-460530,Mobile,+855069460530
Smart-069-460531,Mobile,+855069460531
Smart-069-460532,Mobile,+855069460532
Smart-069-460533,Mobile,+855069460533
Smart-069-460534,Mobile,+855069460534
Smart-069-460535,Mobile,+855069460535
Smart-069-460536,Mobile,+855069460536
Smart-069-460537,Mobile,+855069460537
Smart-069-460538,Mobile,+855069460538
Smart-069-460539,Mobile,+855069460539
Smart-069-460540,Mobile,+855069460540
Smart-069-460541,Mobile,+855069460541
Smart-069-460542,Mobile,+855069460542
Smart-069-460543,Mobile,+855069460543
Smart-069-460544,Mobile,+855069460544
Smart-069-460545,Mobile,+855069460545
Smart-069-460546,Mobile,+855069460546
Smart-069-460547,Mobile,+855069460547
Smart-069-460548,Mobile,+855069460548
Smart-069-460549,Mobile,+855069460549
Smart-069-460550,Mobile,+855069460550
Smart-069-460551,Mobile,+855069460551
Smart-069-460552,Mobile,+855069460552
Smart-069-460553,Mobile,+855069460553
Smart-069-460554,Mobile,+855069460554
Smart-069-460555,Mobile,+855069460555
Smart-069-460556,Mobile,+855069460556
Smart-069-460557,Mobile,+855069460557
Smart-069-460558,Mobile,+855069460558
Smart-069-460559,Mobile,+855069460559
Smart-069-460560,Mobile,+855069460560
Smart-069-460561,Mobile,+855069460561
Smart-069-460562,Mobile,+855069460562
Smart-069-460563,Mobile,+855069460563
Smart-069-460564,Mobile,+855069460564
Smart-069-460565,Mobile,+855069460565
Smart-069-460566,Mobile,+855069460566
Smart-069-460567,Mobile,+855069460567
Smart-069-460568,Mobile,+855069460568
Smart-069-460569,Mobile,+855069460569
Smart-069-460570,Mobile,+855069460570
Smart-069-460571,Mobile,+855069460571
Smart-069-460572,Mobile,+855069460572
Smart-069-460573,Mobile,+855069460573
Smart-069-460574,Mobile,+855069460574
Smart-069-460575,Mobile,+855069460575
Smart-069-460576,Mobile,+855069460576
Smart-069-460577,Mobile,+855069460577
Smart-069-460578,Mobile,+855069460578
Smart-069-460579,Mobile,+855069460579
Smart-069-460580,Mobile,+855069460580
Smart-069-460581,Mobile,+855069460581
Smart-069-460582,Mobile,+855069460582
Smart-069-460583,Mobile,+855069460583
Smart-069-460584,Mobile,+855069460584
Smart-069-460585,Mobile,+855069460585
Smart-069-460586,Mobile,+855069460586
Smart-069-460587,Mobile,+855069460587
Smart-069-460588,Mobile,+855069460588
Smart-069-460589,Mobile,+855069460589
Smart-069-460590,Mobile,+855069460590
Smart-069-460591,Mobile,+855069460591
Smart-069-460592,Mobile,+855069460592
Smart-069-460593,Mobile,+855069460593
Smart-069-460594,Mobile,+855069460594
Smart-069-460595,Mobile,+855069460595
Smart-069-460596,Mobile,+855069460596
Smart-069-460597,Mobile,+855069460597
Smart-069-460598,Mobile,+855069460598
Smart-069-460599,Mobile,+855069460599
Smart-069-460600,Mobile,+855069460600
Smart-069-460601,Mobile,+855069460601
Smart-069-460602,Mobile,+855069460602
Smart-069-460603,Mobile,+855069460603
Smart-069-460604,Mobile,+855069460604
Smart-069-460605,Mobile,+855069460605
Smart-069-460606,Mobile,+855069460606
Smart-069-460607,Mobile,+855069460607
Smart-069-460608,Mobile,+855069460608
Smart-069-460609,Mobile,+855069460609
Smart-069-460610,Mobile,+855069460610
Smart-069-460611,Mobile,+855069460611
Smart-069-460612,Mobile,+855069460612
Smart-069-460613,Mobile,+855069460613
Smart-069-460614,Mobile,+855069460614
Smart-069-460615,Mobile,+855069460615
Smart-069-460616,Mobile,+855069460616
Smart-069-460617,Mobile,+855069460617
Smart-069-460618,Mobile,+855069460618
Smart-069-460619,Mobile,+855069460619
Smart-069-460620,Mobile,+855069460620
Smart-069-460621,Mobile,+855069460621
Smart-069-460622,Mobile,+855069460622
Smart-069-460623,Mobile,+855069460623
Smart-069-460624,Mobile,+855069460624
Smart-069-460625,Mobile,+855069460625
Smart-069-460626,Mobile,+855069460626
Smart-069-460627,Mobile,+855069460627
Smart-069-460628,Mobile,+855069460628
Smart-069-460629,Mobile,+855069460629
Smart-069-460630,Mobile,+855069460630
Smart-069-460631,Mobile,+855069460631
Smart-069-460632,Mobile,+855069460632
Smart-069-460633,Mobile,+855069460633
Smart-069-460634,Mobile,+855069460634
Smart-069-460635,Mobile,+855069460635
Smart-069-460636,Mobile,+855069460636
Smart-069-460637,Mobile,+855069460637
Smart-069-460638,Mobile,+855069460638
Smart-069-460639,Mobile,+855069460639
Smart-069-460640,Mobile,+855069460640
Smart-069-460641,Mobile,+855069460641
Smart-069-460642,Mobile,+855069460642
Smart-069-460643,Mobile,+855069460643
Smart-069-460644,Mobile,+855069460644
Smart-069-460645,Mobile,+855069460645
Smart-069-460646,Mobile,+855069460646
Smart-069-460647,Mobile,+855069460647
Smart-069-460648,Mobile,+855069460648
Smart-069-460649,Mobile,+855069460649
Smart-069-460650,Mobile,+855069460650
Smart-069-460651,Mobile,+855069460651
Smart-069-460652,Mobile,+855069460652
Smart-069-460653,Mobile,+855069460653
Smart-069-460654,Mobile,+855069460654
Smart-069-460655,Mobile,+855069460655
Smart-069-460656,Mobile,+855069460656
Smart-069-460657,Mobile,+855069460657
Smart-069-460658,Mobile,+855069460658
Smart-069-460659,Mobile,+855069460659
Smart-069-460660,Mobile,+855069460660
Smart-069-460661,Mobile,+855069460661
Smart-069-460662,Mobile,+855069460662
Smart-069-460663,Mobile,+855069460663
Smart-069-460664,Mobile,+855069460664
Smart-069-460665,Mobile,+855069460665
Smart-069-460666,Mobile,+855069460666
Smart-069-460667,Mobile,+855069460667
Smart-069-460668,Mobile,+855069460668
Smart-069-460669,Mobile,+855069460669
Smart-069-460670,Mobile,+855069460670
Smart-069-460671,Mobile,+855069460671
Smart-069-460672,Mobile,+855069460672
Smart-069-460673,Mobile,+855069460673
Smart-069-460674,Mobile,+855069460674
Smart-069-460675,Mobile,+855069460675
Smart-069-460676,Mobile,+855069460676
Smart-069-460677,Mobile,+855069460677
Smart-069-460678,Mobile,+855069460678
Smart-069-460679,Mobile,+855069460679
Smart-069-460680,Mobile,+855069460680
Smart-069-460681,Mobile,+855069460681
Smart-069-460682,Mobile,+855069460682
Smart-069-460683,Mobile,+855069460683
Smart-069-460684,Mobile,+855069460684
Smart-069-460685,Mobile,+855069460685
Smart-069-460686,Mobile,+855069460686
Smart-069-460687,Mobile,+855069460687
Smart-069-460688,Mobile,+855069460688
Smart-069-460689,Mobile,+855069460689
Smart-069-460690,Mobile,+855069460690
Smart-069-460691,Mobile,+855069460691
Smart-069-460692,Mobile,+855069460692
Smart-069-460693,Mobile,+855069460693
Smart-069-460694,Mobile,+855069460694
Smart-069-460695,Mobile,+855069460695
Smart-069-460696,Mobile,+855069460696
Smart-069-460697,Mobile,+855069460697
Smart-069-460698,Mobile,+855069460698
Smart-069-460699,Mobile,+855069460699
Smart-069-460700,Mobile,+855069460700
Smart-069-460701,Mobile,+855069460701
Smart-069-460702,Mobile,+855069460702
Smart-069-460703,Mobile,+855069460703
Smart-069-460704,Mobile,+855069460704
Smart-069-460705,Mobile,+855069460705
Smart-069-460706,Mobile,+855069460706
Smart-069-460707,Mobile,+855069460707
Smart-069-460708,Mobile,+855069460708
Smart-069-460709,Mobile,+855069460709
Smart-069-460710,Mobile,+855069460710
Smart-069-460711,Mobile,+855069460711
Smart-069-460712,Mobile,+855069460712
Smart-069-460713,Mobile,+855069460713
Smart-069-460714,Mobile,+855069460714
Smart-069-460715,Mobile,+855069460715
Smart-069-460716,Mobile,+855069460716
Smart-069-460717,Mobile,+855069460717
Smart-069-460718,Mobile,+855069460718
Smart-069-460719,Mobile,+855069460719
Smart-069-460720,Mobile,+855069460720
Smart-069-460721,Mobile,+855069460721
Smart-069-460722,Mobile,+855069460722
Smart-069-460723,Mobile,+855069460723
Smart-069-460724,Mobile,+855069460724
Smart-069-460725,Mobile,+855069460725
Smart-069-460726,Mobile,+855069460726
Smart-069-460727,Mobile,+855069460727
Smart-069-460728,Mobile,+855069460728
Smart-069-460729,Mobile,+855069460729
Smart-069-460730,Mobile,+855069460730
Smart-069-460731,Mobile,+855069460731
Smart-069-460732,Mobile,+855069460732
Smart-069-460733,Mobile,+855069460733
Smart-069-460734,Mobile,+855069460734
Smart-069-460735,Mobile,+855069460735
Smart-069-460736,Mobile,+855069460736
Smart-069-460737,Mobile,+855069460737
Smart-069-460738,Mobile,+855069460738
Smart-069-460739,Mobile,+855069460739
Smart-069-460740,Mobile,+855069460740
Smart-069-460741,Mobile,+855069460741
Smart-069-460742,Mobile,+855069460742
Smart-069-460743,Mobile,+855069460743
Smart-069-460744,Mobile,+855069460744
Smart-069-460745,Mobile,+855069460745
Smart-069-460746,Mobile,+855069460746
Smart-069-460747,Mobile,+855069460747
Smart-069-460748,Mobile,+855069460748
Smart-069-460749,Mobile,+855069460749
Smart-069-460750,Mobile,+855069460750
Smart-069-460751,Mobile,+855069460751
Smart-069-460752,Mobile,+855069460752
Smart-069-460753,Mobile,+855069460753
Smart-069-460754,Mobile,+855069460754
Smart-069-460755,Mobile,+855069460755
Smart-069-460756,Mobile,+855069460756
Smart-069-460757,Mobile,+855069460757
Smart-069-460758,Mobile,+855069460758
Smart-069-460759,Mobile,+855069460759
Smart-069-460760,Mobile,+855069460760
Smart-069-460761,Mobile,+855069460761
Smart-069-460762,Mobile,+855069460762
Smart-069-460763,Mobile,+855069460763
Smart-069-460764,Mobile,+855069460764
Smart-069-460765,Mobile,+855069460765
Smart-069-460766,Mobile,+855069460766
Smart-069-460767,Mobile,+855069460767
Smart-069-460768,Mobile,+855069460768
Smart-069-460769,Mobile,+855069460769
Smart-069-460770,Mobile,+855069460770
Smart-069-460771,Mobile,+855069460771
Smart-069-460772,Mobile,+855069460772
Smart-069-460773,Mobile,+855069460773
Smart-069-460774,Mobile,+855069460774
Smart-069-460775,Mobile,+855069460775
Smart-069-460776,Mobile,+855069460776
Smart-069-460777,Mobile,+855069460777
Smart-069-460778,Mobile,+855069460778
Smart-069-460779,Mobile,+855069460779
Smart-069-460780,Mobile,+855069460780
Smart-069-460781,Mobile,+855069460781
Smart-069-460782,Mobile,+855069460782
Smart-069-460783,Mobile,+855069460783
Smart-069-460784,Mobile,+855069460784
Smart-069-460785,Mobile,+855069460785
Smart-069-460786,Mobile,+855069460786
Smart-069-460787,Mobile,+855069460787
Smart-069-460788,Mobile,+855069460788
Smart-069-460789,Mobile,+855069460789
Smart-069-460790,Mobile,+855069460790
Smart-069-460791,Mobile,+855069460791
Smart-069-460792,Mobile,+855069460792
Smart-069-460793,Mobile,+855069460793
Smart-069-460794,Mobile,+855069460794
Smart-069-460795,Mobile,+855069460795
Smart-069-460796,Mobile,+855069460796
Smart-069-460797,Mobile,+855069460797
Smart-069-460798,Mobile,+855069460798
Smart-069-460799,Mobile,+855069460799
Smart-069-460800,Mobile,+855069460800
Smart-069-460801,Mobile,+855069460801
Smart-069-460802,Mobile,+855069460802
Smart-069-460803,Mobile,+855069460803
Smart-069-460804,Mobile,+855069460804
Smart-069-460805,Mobile,+855069460805
Smart-069-460806,Mobile,+855069460806
Smart-069-460807,Mobile,+855069460807
Smart-069-460808,Mobile,+855069460808
Smart-069-460809,Mobile,+855069460809
Smart-069-460810,Mobile,+855069460810
Smart-069-460811,Mobile,+855069460811
Smart-069-460812,Mobile,+855069460812
Smart-069-460813,Mobile,+855069460813
Smart-069-460814,Mobile,+855069460814
Smart-069-460815,Mobile,+855069460815
Smart-069-460816,Mobile,+855069460816
Smart-069-460817,Mobile,+855069460817
Smart-069-460818,Mobile,+855069460818
Smart-069-460819,Mobile,+855069460819
Smart-069-460820,Mobile,+855069460820
Smart-069-460821,Mobile,+855069460821
Smart-069-460822,Mobile,+855069460822
Smart-069-460823,Mobile,+855069460823
Smart-069-460824,Mobile,+855069460824
Smart-069-460825,Mobile,+855069460825
Smart-069-460826,Mobile,+855069460826
Smart-069-460827,Mobile,+855069460827
Smart-069-460828,Mobile,+855069460828
Smart-069-460829,Mobile,+855069460829
Smart-069-460830,Mobile,+855069460830
Smart-069-460831,Mobile,+855069460831
Smart-069-460832,Mobile,+855069460832
Smart-069-460833,Mobile,+855069460833
Smart-069-460834,Mobile,+855069460834
Smart-069-460835,Mobile,+855069460835
Smart-069-460836,Mobile,+855069460836
Smart-069-460837,Mobile,+855069460837
Smart-069-460838,Mobile,+855069460838
Smart-069-460839,Mobile,+855069460839
Smart-069-460840,Mobile,+855069460840
Smart-069-460841,Mobile,+855069460841
Smart-069-460842,Mobile,+855069460842
Smart-069-460843,Mobile,+855069460843
Smart-069-460844,Mobile,+855069460844
Smart-069-460845,Mobile,+855069460845
Smart-069-460846,Mobile,+855069460846
Smart-069-460847,Mobile,+855069460847
Smart-069-460848,Mobile,+855069460848
Smart-069-460849,Mobile,+855069460849
Smart-069-460850,Mobile,+855069460850
Smart-069-460851,Mobile,+855069460851
Smart-069-460852,Mobile,+855069460852
Smart-069-460853,Mobile,+855069460853
Smart-069-460854,Mobile,+855069460854
Smart-069-460855,Mobile,+855069460855
Smart-069-460856,Mobile,+855069460856
Smart-069-460857,Mobile,+855069460857
Smart-069-460858,Mobile,+855069460858
Smart-069-460859,Mobile,+855069460859
Smart-069-460860,Mobile,+855069460860
Smart-069-460861,Mobile,+855069460861
Smart-069-460862,Mobile,+855069460862
Smart-069-460863,Mobile,+855069460863
Smart-069-460864,Mobile,+855069460864
Smart-069-460865,Mobile,+855069460865
Smart-069-460866,Mobile,+855069460866
Smart-069-460867,Mobile,+855069460867
Smart-069-460868,Mobile,+855069460868
Smart-069-460869,Mobile,+855069460869
Smart-069-460870,Mobile,+855069460870
Smart-069-460871,Mobile,+855069460871
Smart-069-460872,Mobile,+855069460872
Smart-069-460873,Mobile,+855069460873
Smart-069-460874,Mobile,+855069460874
Smart-069-460875,Mobile,+855069460875
Smart-069-460876,Mobile,+855069460876
Smart-069-460877,Mobile,+855069460877
Smart-069-460878,Mobile,+855069460878
Smart-069-460879,Mobile,+855069460879
Smart-069-460880,Mobile,+855069460880
Smart-069-460881,Mobile,+855069460881
Smart-069-460882,Mobile,+855069460882
Smart-069-460883,Mobile,+855069460883
Smart-069-460884,Mobile,+855069460884
Smart-069-460885,Mobile,+855069460885
Smart-069-460886,Mobile,+855069460886
Smart-069-460887,Mobile,+855069460887
Smart-069-460888,Mobile,+855069460888
Smart-069-460889,Mobile,+855069460889
Smart-069-460890,Mobile,+855069460890
Smart-069-460891,Mobile,+855069460891
Smart-069-460892,Mobile,+855069460892
Smart-069-460893,Mobile,+855069460893
Smart-069-460894,Mobile,+855069460894
Smart-069-460895,Mobile,+855069460895
Smart-069-460896,Mobile,+855069460896
Smart-069-460897,Mobile,+855069460897
Smart-069-460898,Mobile,+855069460898
Smart-069-460899,Mobile,+855069460899
Smart-069-460900,Mobile,+855069460900
Smart-069-460901,Mobile,+855069460901
Smart-069-460902,Mobile,+855069460902
Smart-069-460903,Mobile,+855069460903
Smart-069-460904,Mobile,+855069460904
Smart-069-460905,Mobile,+855069460905
Smart-069-460906,Mobile,+855069460906
Smart-069-460907,Mobile,+855069460907
Smart-069-460908,Mobile,+855069460908
Smart-069-460909,Mobile,+855069460909
Smart-069-460910,Mobile,+855069460910
Smart-069-460911,Mobile,+855069460911
Smart-069-460912,Mobile,+855069460912
Smart-069-460913,Mobile,+855069460913
Smart-069-460914,Mobile,+855069460914
Smart-069-460915,Mobile,+855069460915
Smart-069-460916,Mobile,+855069460916
Smart-069-460917,Mobile,+855069460917
Smart-069-460918,Mobile,+855069460918
Smart-069-460919,Mobile,+855069460919
Smart-069-460920,Mobile,+855069460920
Smart-069-460921,Mobile,+855069460921
Smart-069-460922,Mobile,+855069460922
Smart-069-460923,Mobile,+855069460923
Smart-069-460924,Mobile,+855069460924
Smart-069-460925,Mobile,+855069460925
Smart-069-460926,Mobile,+855069460926
Smart-069-460927,Mobile,+855069460927
Smart-069-460928,Mobile,+855069460928
Smart-069-460929,Mobile,+855069460929
Smart-069-460930,Mobile,+855069460930
Smart-069-460931,Mobile,+855069460931
Smart-069-460932,Mobile,+855069460932
Smart-069-460933,Mobile,+855069460933
Smart-069-460934,Mobile,+855069460934
Smart-069-460935,Mobile,+855069460935
Smart-069-460936,Mobile,+855069460936
Smart-069-460937,Mobile,+855069460937
Smart-069-460938,Mobile,+855069460938
Smart-069-460939,Mobile,+855069460939
Smart-069-460940,Mobile,+855069460940
Smart-069-460941,Mobile,+855069460941
Smart-069-460942,Mobile,+855069460942
Smart-069-460943,Mobile,+855069460943
Smart-069-460944,Mobile,+855069460944
Smart-069-460945,Mobile,+855069460945
Smart-069-460946,Mobile,+855069460946
Smart-069-460947,Mobile,+855069460947
Smart-069-460948,Mobile,+855069460948
Smart-069-460949,Mobile,+855069460949
Smart-069-460950,Mobile,+855069460950
Smart-069-460951,Mobile,+855069460951
Smart-069-460952,Mobile,+855069460952
Smart-069-460953,Mobile,+855069460953
Smart-069-460954,Mobile,+855069460954
Smart-069-460955,Mobile,+855069460955
Smart-069-460956,Mobile,+855069460956
Smart-069-460957,Mobile,+855069460957
Smart-069-460958,Mobile,+855069460958
Smart-069-460959,Mobile,+855069460959
Smart-069-460960,Mobile,+855069460960
Smart-069-460961,Mobile,+855069460961
Smart-069-460962,Mobile,+855069460962
Smart-069-460963,Mobile,+855069460963
Smart-069-460964,Mobile,+855069460964
Smart-069-460965,Mobile,+855069460965
Smart-069-460966,Mobile,+855069460966
Smart-069-460967,Mobile,+855069460967
Smart-069-460968,Mobile,+855069460968
Smart-069-460969,Mobile,+855069460969
Smart-069-460970,Mobile,+855069460970
Smart-069-460971,Mobile,+855069460971
Smart-069-460972,Mobile,+855069460972
Smart-069-460973,Mobile,+855069460973
Smart-069-460974,Mobile,+855069460974
Smart-069-460975,Mobile,+855069460975
Smart-069-460976,Mobile,+855069460976
Smart-069-460977,Mobile,+855069460977
Smart-069-460978,Mobile,+855069460978
Smart-069-460979,Mobile,+855069460979
Smart-069-460980,Mobile,+855069460980
Smart-069-460981,Mobile,+855069460981
Smart-069-460982,Mobile,+855069460982
Smart-069-460983,Mobile,+855069460983
Smart-069-460984,Mobile,+855069460984
Smart-069-460985,Mobile,+855069460985
Smart-069-460986,Mobile,+855069460986
Smart-069-460987,Mobile,+855069460987
Smart-069-460988,Mobile,+855069460988
Smart-069-460989,Mobile,+855069460989
Smart-069-460990,Mobile,+855069460990
Smart-069-460991,Mobile,+855069460991
Smart-069-460992,Mobile,+855069460992
Smart-069-460993,Mobile,+855069460993
Smart-069-460994,Mobile,+855069460994
Smart-069-460995,Mobile,+855069460995
Smart-069-460996,Mobile,+855069460996
Smart-069-460997,Mobile,+855069460997
Smart-069-460998,Mobile,+855069460998
Smart-069-460999,Mobile,+855069460999
Smart-069-461000,Mobile,+855069461000
Smart-069-461001,Mobile,+855069461001
Smart-069-461002,Mobile,+855069461002
Smart-069-461003,Mobile,+855069461003
Smart-069-461004,Mobile,+855069461004
Smart-069-461005,Mobile,+855069461005
Smart-069-461006,Mobile,+855069461006
Smart-069-461007,Mobile,+855069461007
Smart-069-461008,Mobile,+855069461008
Smart-069-461009,Mobile,+855069461009
Smart-069-461010,Mobile,+855069461010
Smart-069-461011,Mobile,+855069461011
Smart-069-461012,Mobile,+855069461012
Smart-069-461013,Mobile,+855069461013
Smart-069-461014,Mobile,+855069461014
Smart-069-461015,Mobile,+855069461015
Smart-069-461016,Mobile,+855069461016
Smart-069-461017,Mobile,+855069461017
Smart-069-461018,Mobile,+855069461018
Smart-069-461019,Mobile,+855069461019
Smart-069-461020,Mobile,+855069461020
Smart-069-461021,Mobile,+855069461021
Smart-069-461022,Mobile,+855069461022
Smart-069-461023,Mobile,+855069461023
Smart-069-461024,Mobile,+855069461024
Smart-069-461025,Mobile,+855069461025
Smart-069-461026,Mobile,+855069461026
Smart-069-461027,Mobile,+855069461027
Smart-069-461028,Mobile,+855069461028
Smart-069-461029,Mobile,+855069461029
Smart-069-461030,Mobile,+855069461030
Smart-069-461031,Mobile,+855069461031
Smart-069-461032,Mobile,+855069461032
Smart-069-461033,Mobile,+855069461033
Smart-069-461034,Mobile,+855069461034
Smart-069-461035,Mobile,+855069461035
Smart-069-461036,Mobile,+855069461036
Smart-069-461037,Mobile,+855069461037
Smart-069-461038,Mobile,+855069461038
Smart-069-461039,Mobile,+855069461039
Smart-069-461040,Mobile,+855069461040
Smart-069-461041,Mobile,+855069461041
Smart-069-461042,Mobile,+855069461042
Smart-069-461043,Mobile,+855069461043
Smart-069-461044,Mobile,+855069461044
Smart-069-461045,Mobile,+855069461045
Smart-069-461046,Mobile,+855069461046
Smart-069-461047,Mobile,+855069461047
Smart-069-461048,Mobile,+855069461048
Smart-069-461049,Mobile,+855069461049
Smart-069-461050,Mobile,+855069461050
Smart-069-461051,Mobile,+855069461051
Smart-069-461052,Mobile,+855069461052
Smart-069-461053,Mobile,+855069461053
Smart-069-461054,Mobile,+855069461054
Smart-069-461055,Mobile,+855069461055
Smart-069-461056,Mobile,+855069461056
Smart-069-461057,Mobile,+855069461057
Smart-069-461058,Mobile,+855069461058
Smart-069-461059,Mobile,+855069461059
Smart-069-461060,Mobile,+855069461060
Smart-069-461061,Mobile,+855069461061
Smart-069-461062,Mobile,+855069461062
Smart-069-461063,Mobile,+855069461063
Smart-069-461064,Mobile,+855069461064
Smart-069-461065,Mobile,+855069461065
Smart-069-461066,Mobile,+855069461066
Smart-069-461067,Mobile,+855069461067
Smart-069-461068,Mobile,+855069461068
Smart-069-461069,Mobile,+855069461069
Smart-069-461070,Mobile,+855069461070
Smart-069-461071,Mobile,+855069461071
Smart-069-461072,Mobile,+855069461072
Smart-069-461073,Mobile,+855069461073
Smart-069-461074,Mobile,+855069461074
Smart-069-461075,Mobile,+855069461075
Smart-069-461076,Mobile,+855069461076
Smart-069-461077,Mobile,+855069461077
Smart-069-461078,Mobile,+855069461078
Smart-069-461079,Mobile,+855069461079
Smart-069-461080,Mobile,+855069461080
Smart-069-461081,Mobile,+855069461081
Smart-069-461082,Mobile,+855069461082
Smart-069-461083,Mobile,+855069461083
Smart-069-461084,Mobile,+855069461084
Smart-069-461085,Mobile,+855069461085
Smart-069-461086,Mobile,+855069461086
Smart-069-461087,Mobile,+855069461087
Smart-069-461088,Mobile,+855069461088
Smart-069-461089,Mobile,+855069461089
Smart-069-461090,Mobile,+855069461090
Smart-069-461091,Mobile,+855069461091
Smart-069-461092,Mobile,+855069461092
Smart-069-461093,Mobile,+855069461093
Smart-069-461094,Mobile,+855069461094
Smart-069-461095,Mobile,+855069461095
Smart-069-461096,Mobile,+855069461096
Smart-069-461097,Mobile,+855069461097
Smart-069-461098,Mobile,+855069461098
Smart-069-461099,Mobile,+855069461099
Smart-069-461100,Mobile,+855069461100
Smart-069-461101,Mobile,+855069461101
Smart-069-461102,Mobile,+855069461102
Smart-069-461103,Mobile,+855069461103
Smart-069-461104,Mobile,+855069461104
Smart-069-461105,Mobile,+855069461105
Smart-069-461106,Mobile,+855069461106
Smart-069-461107,Mobile,+855069461107
Smart-069-461108,Mobile,+855069461108
Smart-069-461109,Mobile,+855069461109
Smart-069-461110,Mobile,+855069461110
Smart-069-461111,Mobile,+855069461111
Smart-069-461112,Mobile,+855069461112
Smart-069-461113,Mobile,+855069461113
Smart-069-461114,Mobile,+855069461114
Smart-069-461115,Mobile,+855069461115
Smart-069-461116,Mobile,+855069461116
Smart-069-461117,Mobile,+855069461117
Smart-069-461118,Mobile,+855069461118
Smart-069-461119,Mobile,+855069461119
Smart-069-461120,Mobile,+855069461120
Smart-069-461121,Mobile,+855069461121
Smart-069-461122,Mobile,+855069461122
Smart-069-461123,Mobile,+855069461123
Smart-069-461124,Mobile,+855069461124
Smart-069-461125,Mobile,+855069461125
Smart-069-461126,Mobile,+855069461126
Smart-069-461127,Mobile,+855069461127
Smart-069-461128,Mobile,+855069461128
Smart-069-461129,Mobile,+855069461129
Smart-069-461130,Mobile,+855069461130
Smart-069-461131,Mobile,+855069461131
Smart-069-461132,Mobile,+855069461132
Smart-069-461133,Mobile,+855069461133
Smart-069-461134,Mobile,+855069461134
Smart-069-461135,Mobile,+855069461135
Smart-069-461136,Mobile,+855069461136
Smart-069-461137,Mobile,+855069461137
Smart-069-461138,Mobile,+855069461138
Smart-069-461139,Mobile,+855069461139
Smart-069-461140,Mobile,+855069461140
Smart-069-461141,Mobile,+855069461141
Smart-069-461142,Mobile,+855069461142
Smart-069-461143,Mobile,+855069461143
Smart-069-461144,Mobile,+855069461144
Smart-069-461145,Mobile,+855069461145
Smart-069-461146,Mobile,+855069461146
Smart-069-461147,Mobile,+855069461147
Smart-069-461148,Mobile,+855069461148
Smart-069-461149,Mobile,+855069461149
Smart-069-461150,Mobile,+855069461150
Smart-069-461151,Mobile,+855069461151
Smart-069-461152,Mobile,+855069461152
Smart-069-461153,Mobile,+855069461153
Smart-069-461154,Mobile,+855069461154
Smart-069-461155,Mobile,+855069461155
Smart-069-461156,Mobile,+855069461156
Smart-069-461157,Mobile,+855069461157
Smart-069-461158,Mobile,+855069461158
Smart-069-461159,Mobile,+855069461159
Smart-069-461160,Mobile,+855069461160
Smart-069-461161,Mobile,+855069461161
Smart-069-461162,Mobile,+855069461162
Smart-069-461163,Mobile,+855069461163
Smart-069-461164,Mobile,+855069461164
Smart-069-461165,Mobile,+855069461165
Smart-069-461166,Mobile,+855069461166
Smart-069-461167,Mobile,+855069461167
Smart-069-461168,Mobile,+855069461168
Smart-069-461169,Mobile,+855069461169
Smart-069-461170,Mobile,+855069461170
Smart-069-461171,Mobile,+855069461171
Smart-069-461172,Mobile,+855069461172
Smart-069-461173,Mobile,+855069461173
Smart-069-461174,Mobile,+855069461174
Smart-069-461175,Mobile,+855069461175
Smart-069-461176,Mobile,+855069461176
Smart-069-461177,Mobile,+855069461177
Smart-069-461178,Mobile,+855069461178
Smart-069-461179,Mobile,+855069461179
Smart-069-461180,Mobile,+855069461180
Smart-069-461181,Mobile,+855069461181
Smart-069-461182,Mobile,+855069461182
Smart-069-461183,Mobile,+855069461183
Smart-069-461184,Mobile,+855069461184
Smart-069-461185,Mobile,+855069461185
Smart-069-461186,Mobile,+855069461186
Smart-069-461187,Mobile,+855069461187
Smart-069-461188,Mobile,+855069461188
Smart-069-461189,Mobile,+855069461189
Smart-069-461190,Mobile,+855069461190
Smart-069-461191,Mobile,+855069461191
Smart-069-461192,Mobile,+855069461192
Smart-069-461193,Mobile,+855069461193
Smart-069-461194,Mobile,+855069461194
Smart-069-461195,Mobile,+855069461195
Smart-069-461196,Mobile,+855069461196
Smart-069-461197,Mobile,+855069461197
Smart-069-461198,Mobile,+855069461198
Smart-069-461199,Mobile,+855069461199
Smart-069-461200,Mobile,+855069461200
Smart-069-461201,Mobile,+855069461201
Smart-069-461202,Mobile,+855069461202
Smart-069-461203,Mobile,+855069461203
Smart-069-461204,Mobile,+855069461204
Smart-069-461205,Mobile,+855069461205
Smart-069-461206,Mobile,+855069461206
Smart-069-461207,Mobile,+855069461207
Smart-069-461208,Mobile,+855069461208
Smart-069-461209,Mobile,+855069461209
Smart-069-461210,Mobile,+855069461210
Smart-069-461211,Mobile,+855069461211
Smart-069-461212,Mobile,+855069461212
Smart-069-461213,Mobile,+855069461213
Smart-069-461214,Mobile,+855069461214
Smart-069-461215,Mobile,+855069461215
Smart-069-461216,Mobile,+855069461216
Smart-069-461217,Mobile,+855069461217
Smart-069-461218,Mobile,+855069461218
Smart-069-461219,Mobile,+855069461219
Smart-069-461220,Mobile,+855069461220
Smart-069-461221,Mobile,+855069461221
Smart-069-461222,Mobile,+855069461222
Smart-069-461223,Mobile,+855069461223
Smart-069-461224,Mobile,+855069461224
Smart-069-461225,Mobile,+855069461225
Smart-069-461226,Mobile,+855069461226
Smart-069-461227,Mobile,+855069461227
Smart-069-461228,Mobile,+855069461228
Smart-069-461229,Mobile,+855069461229
Smart-069-461230,Mobile,+855069461230
Smart-069-461231,Mobile,+855069461231
Smart-069-461232,Mobile,+855069461232
Smart-069-461233,Mobile,+855069461233
Smart-069-461234,Mobile,+855069461234
Smart-069-461235,Mobile,+855069461235
Smart-069-461236,Mobile,+855069461236
Smart-069-461237,Mobile,+855069461237
Smart-069-461238,Mobile,+855069461238
Smart-069-461239,Mobile,+855069461239
Smart-069-461240,Mobile,+855069461240
Smart-069-461241,Mobile,+855069461241
Smart-069-461242,Mobile,+855069461242
Smart-069-461243,Mobile,+855069461243
Smart-069-461244,Mobile,+855069461244
Smart-069-461245,Mobile,+855069461245
Smart-069-461246,Mobile,+855069461246
Smart-069-461247,Mobile,+855069461247
Smart-069-461248,Mobile,+855069461248
Smart-069-461249,Mobile,+855069461249
Smart-069-461250,Mobile,+855069461250
Smart-069-461251,Mobile,+855069461251
Smart-069-461252,Mobile,+855069461252
Smart-069-461253,Mobile,+855069461253
Smart-069-461254,Mobile,+855069461254
Smart-069-461255,Mobile,+855069461255
Smart-069-461256,Mobile,+855069461256
Smart-069-461257,Mobile,+855069461257
Smart-069-461258,Mobile,+855069461258
Smart-069-461259,Mobile,+855069461259
Smart-069-461260,Mobile,+855069461260
Smart-069-461261,Mobile,+855069461261
Smart-069-461262,Mobile,+855069461262
Smart-069-461263,Mobile,+855069461263
Smart-069-461264,Mobile,+855069461264
Smart-069-461265,Mobile,+855069461265
Smart-069-461266,Mobile,+855069461266
Smart-069-461267,Mobile,+855069461267
Smart-069-461268,Mobile,+855069461268
Smart-069-461269,Mobile,+855069461269
Smart-069-461270,Mobile,+855069461270
Smart-069-461271,Mobile,+855069461271
Smart-069-461272,Mobile,+855069461272
Smart-069-461273,Mobile,+855069461273
Smart-069-461274,Mobile,+855069461274
Smart-069-461275,Mobile,+855069461275
Smart-069-461276,Mobile,+855069461276
Smart-069-461277,Mobile,+855069461277
Smart-069-461278,Mobile,+855069461278
Smart-069-461279,Mobile,+855069461279
Smart-069-461280,Mobile,+855069461280
Smart-069-461281,Mobile,+855069461281
Smart-069-461282,Mobile,+855069461282
Smart-069-461283,Mobile,+855069461283
Smart-069-461284,Mobile,+855069461284
Smart-069-461285,Mobile,+855069461285
Smart-069-461286,Mobile,+855069461286
Smart-069-461287,Mobile,+855069461287
Smart-069-461288,Mobile,+855069461288
Smart-069-461289,Mobile,+855069461289
Smart-069-461290,Mobile,+855069461290
Smart-069-461291,Mobile,+855069461291
Smart-069-461292,Mobile,+855069461292
Smart-069-461293,Mobile,+855069461293
Smart-069-461294,Mobile,+855069461294
Smart-069-461295,Mobile,+855069461295
Smart-069-461296,Mobile,+855069461296
Smart-069-461297,Mobile,+855069461297
Smart-069-461298,Mobile,+855069461298
Smart-069-461299,Mobile,+855069461299
Smart-069-461300,Mobile,+855069461300
Smart-069-461301,Mobile,+855069461301
Smart-069-461302,Mobile,+855069461302
Smart-069-461303,Mobile,+855069461303
Smart-069-461304,Mobile,+855069461304
Smart-069-461305,Mobile,+855069461305
Smart-069-461306,Mobile,+855069461306
Smart-069-461307,Mobile,+855069461307
Smart-069-461308,Mobile,+855069461308
Smart-069-461309,Mobile,+855069461309
Smart-069-461310,Mobile,+855069461310
Smart-069-461311,Mobile,+855069461311
Smart-069-461312,Mobile,+855069461312
Smart-069-461313,Mobile,+855069461313
Smart-069-461314,Mobile,+855069461314
Smart-069-461315,Mobile,+855069461315
Smart-069-461316,Mobile,+855069461316
Smart-069-461317,Mobile,+855069461317
Smart-069-461318,Mobile,+855069461318
Smart-069-461319,Mobile,+855069461319
Smart-069-461320,Mobile,+855069461320
Smart-069-461321,Mobile,+855069461321
Smart-069-461322,Mobile,+855069461322
Smart-069-461323,Mobile,+855069461323
Smart-069-461324,Mobile,+855069461324
Smart-069-461325,Mobile,+855069461325
Smart-069-461326,Mobile,+855069461326
Smart-069-461327,Mobile,+855069461327
Smart-069-461328,Mobile,+855069461328
Smart-069-461329,Mobile,+855069461329
Smart-069-461330,Mobile,+855069461330
Smart-069-461331,Mobile,+855069461331
Smart-069-461332,Mobile,+855069461332
Smart-069-461333,Mobile,+855069461333
Smart-069-461334,Mobile,+855069461334
Smart-069-461335,Mobile,+855069461335
Smart-069-461336,Mobile,+855069461336
Smart-069-461337,Mobile,+855069461337
Smart-069-461338,Mobile,+855069461338
Smart-069-461339,Mobile,+855069461339
Smart-069-461340,Mobile,+855069461340
Smart-069-461341,Mobile,+855069461341
Smart-069-461342,Mobile,+855069461342
Smart-069-461343,Mobile,+855069461343
Smart-069-461344,Mobile,+855069461344
Smart-069-461345,Mobile,+855069461345
Smart-069-461346,Mobile,+855069461346
Smart-069-461347,Mobile,+855069461347
Smart-069-461348,Mobile,+855069461348
Smart-069-461349,Mobile,+855069461349
Smart-069-461350,Mobile,+855069461350
Smart-069-461351,Mobile,+855069461351
Smart-069-461352,Mobile,+855069461352
Smart-069-461353,Mobile,+855069461353
Smart-069-461354,Mobile,+855069461354
Smart-069-461355,Mobile,+855069461355
Smart-069-461356,Mobile,+855069461356
Smart-069-461357,Mobile,+855069461357
Smart-069-461358,Mobile,+855069461358
Smart-069-461359,Mobile,+855069461359
Smart-069-461360,Mobile,+855069461360
Smart-069-461361,Mobile,+855069461361
Smart-069-461362,Mobile,+855069461362
Smart-069-461363,Mobile,+855069461363
Smart-069-461364,Mobile,+855069461364
Smart-069-461365,Mobile,+855069461365
Smart-069-461366,Mobile,+855069461366
Smart-069-461367,Mobile,+855069461367
Smart-069-461368,Mobile,+855069461368
Smart-069-461369,Mobile,+855069461369
Smart-069-461370,Mobile,+855069461370
Smart-069-461371,Mobile,+855069461371
Smart-069-461372,Mobile,+855069461372
Smart-069-461373,Mobile,+855069461373
Smart-069-461374,Mobile,+855069461374
Smart-069-461375,Mobile,+855069461375
Smart-069-461376,Mobile,+855069461376
Smart-069-461377,Mobile,+855069461377
Smart-069-461378,Mobile,+855069461378
Smart-069-461379,Mobile,+855069461379
Smart-069-461380,Mobile,+855069461380
Smart-069-461381,Mobile,+855069461381
Smart-069-461382,Mobile,+855069461382
Smart-069-461383,Mobile,+855069461383
Smart-069-461384,Mobile,+855069461384
Smart-069-461385,Mobile,+855069461385
Smart-069-461386,Mobile,+855069461386
Smart-069-461387,Mobile,+855069461387
Smart-069-461388,Mobile,+855069461388
Smart-069-461389,Mobile,+855069461389
Smart-069-461390,Mobile,+855069461390
Smart-069-461391,Mobile,+855069461391
Smart-069-461392,Mobile,+855069461392
Smart-069-461393,Mobile,+855069461393
Smart-069-461394,Mobile,+855069461394
Smart-069-461395,Mobile,+855069461395
Smart-069-461396,Mobile,+855069461396
Smart-069-461397,Mobile,+855069461397
Smart-069-461398,Mobile,+855069461398
Smart-069-461399,Mobile,+855069461399
Smart-069-461400,Mobile,+855069461400
Smart-069-461401,Mobile,+855069461401
Smart-069-461402,Mobile,+855069461402
Smart-069-461403,Mobile,+855069461403
Smart-069-461404,Mobile,+855069461404
Smart-069-461405,Mobile,+855069461405
Smart-069-461406,Mobile,+855069461406
Smart-069-461407,Mobile,+855069461407
Smart-069-461408,Mobile,+855069461408
Smart-069-461409,Mobile,+855069461409
Smart-069-461410,Mobile,+855069461410
Smart-069-461411,Mobile,+855069461411
Smart-069-461412,Mobile,+855069461412
Smart-069-461413,Mobile,+855069461413
Smart-069-461414,Mobile,+855069461414
Smart-069-461415,Mobile,+855069461415
Smart-069-461416,Mobile,+855069461416
Smart-069-461417,Mobile,+855069461417
Smart-069-461418,Mobile,+855069461418
Smart-069-461419,Mobile,+855069461419
Smart-069-461420,Mobile,+855069461420
Smart-069-461421,Mobile,+855069461421
Smart-069-461422,Mobile,+855069461422
Smart-069-461423,Mobile,+855069461423
Smart-069-461424,Mobile,+855069461424
Smart-069-461425,Mobile,+855069461425
Smart-069-461426,Mobile,+855069461426
Smart-069-461427,Mobile,+855069461427
Smart-069-461428,Mobile,+855069461428
Smart-069-461429,Mobile,+855069461429
Smart-069-461430,Mobile,+855069461430
Smart-069-461431,Mobile,+855069461431
Smart-069-461432,Mobile,+855069461432
Smart-069-461433,Mobile,+855069461433
Smart-069-461434,Mobile,+855069461434
Smart-069-461435,Mobile,+855069461435
Smart-069-461436,Mobile,+855069461436
Smart-069-461437,Mobile,+855069461437
Smart-069-461438,Mobile,+855069461438
Smart-069-461439,Mobile,+855069461439
Smart-069-461440,Mobile,+855069461440
Smart-069-461441,Mobile,+855069461441
Smart-069-461442,Mobile,+855069461442
Smart-069-461443,Mobile,+855069461443
Smart-069-461444,Mobile,+855069461444
Smart-069-461445,Mobile,+855069461445
Smart-069-461446,Mobile,+855069461446
Smart-069-461447,Mobile,+855069461447
Smart-069-461448,Mobile,+855069461448
Smart-069-461449,Mobile,+855069461449
Smart-069-461450,Mobile,+855069461450
Smart-069-461451,Mobile,+855069461451
Smart-069-461452,Mobile,+855069461452
Smart-069-461453,Mobile,+855069461453
Smart-069-461454,Mobile,+855069461454
Smart-069-461455,Mobile,+855069461455
Smart-069-461456,Mobile,+855069461456
Smart-069-461457,Mobile,+855069461457
Smart-069-461458,Mobile,+855069461458
Smart-069-461459,Mobile,+855069461459
Smart-069-461460,Mobile,+855069461460
Smart-069-461461,Mobile,+855069461461
Smart-069-461462,Mobile,+855069461462
Smart-069-461463,Mobile,+855069461463
Smart-069-461464,Mobile,+855069461464
Smart-069-461465,Mobile,+855069461465
Smart-069-461466,Mobile,+855069461466
Smart-069-461467,Mobile,+855069461467
Smart-069-461468,Mobile,+855069461468
Smart-069-461469,Mobile,+855069461469
Smart-069-461470,Mobile,+855069461470
Smart-069-461471,Mobile,+855069461471
Smart-069-461472,Mobile,+855069461472
Smart-069-461473,Mobile,+855069461473
Smart-069-461474,Mobile,+855069461474
Smart-069-461475,Mobile,+855069461475
Smart-069-461476,Mobile,+855069461476
Smart-069-461477,Mobile,+855069461477
Smart-069-461478,Mobile,+855069461478
Smart-069-461479,Mobile,+855069461479
Smart-069-461480,Mobile,+855069461480
Smart-069-461481,Mobile,+855069461481
Smart-069-461482,Mobile,+855069461482
Smart-069-461483,Mobile,+855069461483
Smart-069-461484,Mobile,+855069461484
Smart-069-461485,Mobile,+855069461485
Smart-069-461486,Mobile,+855069461486
Smart-069-461487,Mobile,+855069461487
Smart-069-461488,Mobile,+855069461488
Smart-069-461489,Mobile,+855069461489
Smart-069-461490,Mobile,+855069461490
Smart-069-461491,Mobile,+855069461491
Smart-069-461492,Mobile,+855069461492
Smart-069-461493,Mobile,+855069461493
Smart-069-461494,Mobile,+855069461494
Smart-069-461495,Mobile,+855069461495
Smart-069-461496,Mobile,+855069461496
Smart-069-461497,Mobile,+855069461497
Smart-069-461498,Mobile,+855069461498
Smart-069-461499,Mobile,+855069461499
Smart-069-461500,Mobile,+855069461500
Smart-069-461501,Mobile,+855069461501
Smart-069-461502,Mobile,+855069461502
Smart-069-461503,Mobile,+855069461503
Smart-069-461504,Mobile,+855069461504
Smart-069-461505,Mobile,+855069461505
Smart-069-461506,Mobile,+855069461506
Smart-069-461507,Mobile,+855069461507
Smart-069-461508,Mobile,+855069461508
Smart-069-461509,Mobile,+855069461509
Smart-069-461510,Mobile,+855069461510
Smart-069-461511,Mobile,+855069461511
Smart-069-461512,Mobile,+855069461512
Smart-069-461513,Mobile,+855069461513
Smart-069-461514,Mobile,+855069461514
Smart-069-461515,Mobile,+855069461515
Smart-069-461516,Mobile,+855069461516
Smart-069-461517,Mobile,+855069461517
Smart-069-461518,Mobile,+855069461518
Smart-069-461519,Mobile,+855069461519
Smart-069-461520,Mobile,+855069461520
Smart-069-461521,Mobile,+855069461521
Smart-069-461522,Mobile,+855069461522
Smart-069-461523,Mobile,+855069461523
Smart-069-461524,Mobile,+855069461524
Smart-069-461525,Mobile,+855069461525
Smart-069-461526,Mobile,+855069461526
Smart-069-461527,Mobile,+855069461527
Smart-069-461528,Mobile,+855069461528
Smart-069-461529,Mobile,+855069461529
Smart-069-461530,Mobile,+855069461530
Smart-069-461531,Mobile,+855069461531
Smart-069-461532,Mobile,+855069461532
Smart-069-461533,Mobile,+855069461533
Smart-069-461534,Mobile,+855069461534
Smart-069-461535,Mobile,+855069461535
Smart-069-461536,Mobile,+855069461536
Smart-069-461537,Mobile,+855069461537
Smart-069-461538,Mobile,+855069461538
Smart-069-461539,Mobile,+855069461539
Smart-069-461540,Mobile,+855069461540
Smart-069-461541,Mobile,+855069461541
Smart-069-461542,Mobile,+855069461542
Smart-069-461543,Mobile,+855069461543
Smart-069-461544,Mobile,+855069461544
Smart-069-461545,Mobile,+855069461545
Smart-069-461546,Mobile,+855069461546
Smart-069-461547,Mobile,+855069461547
Smart-069-461548,Mobile,+855069461548
Smart-069-461549,Mobile,+855069461549
Smart-069-461550,Mobile,+855069461550
Smart-069-461551,Mobile,+855069461551
Smart-069-461552,Mobile,+855069461552
Smart-069-461553,Mobile,+855069461553
Smart-069-461554,Mobile,+855069461554
Smart-069-461555,Mobile,+855069461555
Smart-069-461556,Mobile,+855069461556
Smart-069-461557,Mobile,+855069461557
Smart-069-461558,Mobile,+855069461558
Smart-069-461559,Mobile,+855069461559
Smart-069-461560,Mobile,+855069461560
Smart-069-461561,Mobile,+855069461561
Smart-069-461562,Mobile,+855069461562
Smart-069-461563,Mobile,+855069461563
Smart-069-461564,Mobile,+855069461564
Smart-069-461565,Mobile,+855069461565
Smart-069-461566,Mobile,+855069461566
Smart-069-461567,Mobile,+855069461567
Smart-069-461568,Mobile,+855069461568
Smart-069-461569,Mobile,+855069461569
Smart-069-461570,Mobile,+855069461570
Smart-069-461571,Mobile,+855069461571
Smart-069-461572,Mobile,+855069461572
Smart-069-461573,Mobile,+855069461573
Smart-069-461574,Mobile,+855069461574
Smart-069-461575,Mobile,+855069461575
Smart-069-461576,Mobile,+855069461576
Smart-069-461577,Mobile,+855069461577
Smart-069-461578,Mobile,+855069461578
Smart-069-461579,Mobile,+855069461579
Smart-069-461580,Mobile,+855069461580
Smart-069-461581,Mobile,+855069461581
Smart-069-461582,Mobile,+855069461582
Smart-069-461583,Mobile,+855069461583
Smart-069-461584,Mobile,+855069461584
Smart-069-461585,Mobile,+855069461585
Smart-069-461586,Mobile,+855069461586
Smart-069-461587,Mobile,+855069461587
Smart-069-461588,Mobile,+855069461588
Smart-069-461589,Mobile,+855069461589
Smart-069-461590,Mobile,+855069461590
Smart-069-461591,Mobile,+855069461591
Smart-069-461592,Mobile,+855069461592
Smart-069-461593,Mobile,+855069461593
Smart-069-461594,Mobile,+855069461594
Smart-069-461595,Mobile,+855069461595
Smart-069-461596,Mobile,+855069461596
Smart-069-461597,Mobile,+855069461597
Smart-069-461598,Mobile,+855069461598
Smart-069-461599,Mobile,+855069461599
Smart-069-461600,Mobile,+855069461600
Smart-069-461601,Mobile,+855069461601
Smart-069-461602,Mobile,+855069461602
Smart-069-461603,Mobile,+855069461603
Smart-069-461604,Mobile,+855069461604
Smart-069-461605,Mobile,+855069461605
Smart-069-461606,Mobile,+855069461606
Smart-069-461607,Mobile,+855069461607
Smart-069-461608,Mobile,+855069461608
Smart-069-461609,Mobile,+855069461609
Smart-069-461610,Mobile,+855069461610
Smart-069-461611,Mobile,+855069461611
Smart-069-461612,Mobile,+855069461612
Smart-069-461613,Mobile,+855069461613
Smart-069-461614,Mobile,+855069461614
Smart-069-461615,Mobile,+855069461615
Smart-069-461616,Mobile,+855069461616
Smart-069-461617,Mobile,+855069461617
Smart-069-461618,Mobile,+855069461618
Smart-069-461619,Mobile,+855069461619
Smart-069-461620,Mobile,+855069461620
Smart-069-461621,Mobile,+855069461621
Smart-069-461622,Mobile,+855069461622
Smart-069-461623,Mobile,+855069461623
Smart-069-461624,Mobile,+855069461624
Smart-069-461625,Mobile,+855069461625
Smart-069-461626,Mobile,+855069461626
Smart-069-461627,Mobile,+855069461627
Smart-069-461628,Mobile,+855069461628
Smart-069-461629,Mobile,+855069461629
Smart-069-461630,Mobile,+855069461630
Smart-069-461631,Mobile,+855069461631
Smart-069-461632,Mobile,+855069461632
Smart-069-461633,Mobile,+855069461633
Smart-069-461634,Mobile,+855069461634
Smart-069-461635,Mobile,+855069461635
Smart-069-461636,Mobile,+855069461636
Smart-069-461637,Mobile,+855069461637
Smart-069-461638,Mobile,+855069461638
Smart-069-461639,Mobile,+855069461639
Smart-069-461640,Mobile,+855069461640
Smart-069-461641,Mobile,+855069461641
Smart-069-461642,Mobile,+855069461642
Smart-069-461643,Mobile,+855069461643
Smart-069-461644,Mobile,+855069461644
Smart-069-461645,Mobile,+855069461645
Smart-069-461646,Mobile,+855069461646
Smart-069-461647,Mobile,+855069461647
Smart-069-461648,Mobile,+855069461648
Smart-069-461649,Mobile,+855069461649
Smart-069-461650,Mobile,+855069461650
Smart-069-461651,Mobile,+855069461651
Smart-069-461652,Mobile,+855069461652
Smart-069-461653,Mobile,+855069461653
Smart-069-461654,Mobile,+855069461654
Smart-069-461655,Mobile,+855069461655
Smart-069-461656,Mobile,+855069461656
Smart-069-461657,Mobile,+855069461657
Smart-069-461658,Mobile,+855069461658
Smart-069-461659,Mobile,+855069461659
Smart-069-461660,Mobile,+855069461660
Smart-069-461661,Mobile,+855069461661
Smart-069-461662,Mobile,+855069461662
Smart-069-461663,Mobile,+855069461663
Smart-069-461664,Mobile,+855069461664
Smart-069-461665,Mobile,+855069461665
Smart-069-461666,Mobile,+855069461666
Smart-069-461667,Mobile,+855069461667
Smart-069-461668,Mobile,+855069461668
Smart-069-461669,Mobile,+855069461669
Smart-069-461670,Mobile,+855069461670
Smart-069-461671,Mobile,+855069461671
Smart-069-461672,Mobile,+855069461672
Smart-069-461673,Mobile,+855069461673
Smart-069-461674,Mobile,+855069461674
Smart-069-461675,Mobile,+855069461675
Smart-069-461676,Mobile,+855069461676
Smart-069-461677,Mobile,+855069461677
Smart-069-461678,Mobile,+855069461678
Smart-069-461679,Mobile,+855069461679
Smart-069-461680,Mobile,+855069461680
Smart-069-461681,Mobile,+855069461681
Smart-069-461682,Mobile,+855069461682
Smart-069-461683,Mobile,+855069461683
Smart-069-461684,Mobile,+855069461684
Smart-069-461685,Mobile,+855069461685
Smart-069-461686,Mobile,+855069461686
Smart-069-461687,Mobile,+855069461687
Smart-069-461688,Mobile,+855069461688
Smart-069-461689,Mobile,+855069461689
Smart-069-461690,Mobile,+855069461690
Smart-069-461691,Mobile,+855069461691
Smart-069-461692,Mobile,+855069461692
Smart-069-461693,Mobile,+855069461693
Smart-069-461694,Mobile,+855069461694
Smart-069-461695,Mobile,+855069461695
Smart-069-461696,Mobile,+855069461696
Smart-069-461697,Mobile,+855069461697
Smart-069-461698,Mobile,+855069461698
Smart-069-461699,Mobile,+855069461699
Smart-069-461700,Mobile,+855069461700
Smart-069-461701,Mobile,+855069461701
Smart-069-461702,Mobile,+855069461702
Smart-069-461703,Mobile,+855069461703
Smart-069-461704,Mobile,+855069461704
Smart-069-461705,Mobile,+855069461705
Smart-069-461706,Mobile,+855069461706
Smart-069-461707,Mobile,+855069461707
Smart-069-461708,Mobile,+855069461708
Smart-069-461709,Mobile,+855069461709
Smart-069-461710,Mobile,+855069461710
Smart-069-461711,Mobile,+855069461711
Smart-069-461712,Mobile,+855069461712
Smart-069-461713,Mobile,+855069461713
Smart-069-461714,Mobile,+855069461714
Smart-069-461715,Mobile,+855069461715
Smart-069-461716,Mobile,+855069461716
Smart-069-461717,Mobile,+855069461717
Smart-069-461718,Mobile,+855069461718
Smart-069-461719,Mobile,+855069461719
Smart-069-461720,Mobile,+855069461720
Smart-069-461721,Mobile,+855069461721
Smart-069-461722,Mobile,+855069461722
Smart-069-461723,Mobile,+855069461723
Smart-069-461724,Mobile,+855069461724
Smart-069-461725,Mobile,+855069461725
Smart-069-461726,Mobile,+855069461726
Smart-069-461727,Mobile,+855069461727
Smart-069-461728,Mobile,+855069461728
Smart-069-461729,Mobile,+855069461729
Smart-069-461730,Mobile,+855069461730
Smart-069-461731,Mobile,+855069461731
Smart-069-461732,Mobile,+855069461732
Smart-069-461733,Mobile,+855069461733
Smart-069-461734,Mobile,+855069461734
Smart-069-461735,Mobile,+855069461735
Smart-069-461736,Mobile,+855069461736
Smart-069-461737,Mobile,+855069461737
Smart-069-461738,Mobile,+855069461738
Smart-069-461739,Mobile,+855069461739
Smart-069-461740,Mobile,+855069461740
Smart-069-461741,Mobile,+855069461741
Smart-069-461742,Mobile,+855069461742
Smart-069-461743,Mobile,+855069461743
Smart-069-461744,Mobile,+855069461744
Smart-069-461745,Mobile,+855069461745
Smart-069-461746,Mobile,+855069461746
Smart-069-461747,Mobile,+855069461747
Smart-069-461748,Mobile,+855069461748
Smart-069-461749,Mobile,+855069461749
Smart-069-461750,Mobile,+855069461750
Smart-069-461751,Mobile,+855069461751
Smart-069-461752,Mobile,+855069461752
Smart-069-461753,Mobile,+855069461753
Smart-069-461754,Mobile,+855069461754
Smart-069-461755,Mobile,+855069461755
Smart-069-461756,Mobile,+855069461756
Smart-069-461757,Mobile,+855069461757
Smart-069-461758,Mobile,+855069461758
Smart-069-461759,Mobile,+855069461759
Smart-069-461760,Mobile,+855069461760
Smart-069-461761,Mobile,+855069461761
Smart-069-461762,Mobile,+855069461762
Smart-069-461763,Mobile,+855069461763
Smart-069-461764,Mobile,+855069461764
Smart-069-461765,Mobile,+855069461765
Smart-069-461766,Mobile,+855069461766
Smart-069-461767,Mobile,+855069461767
Smart-069-461768,Mobile,+855069461768
Smart-069-461769,Mobile,+855069461769
Smart-069-461770,Mobile,+855069461770
Smart-069-461771,Mobile,+855069461771
Smart-069-461772,Mobile,+855069461772
Smart-069-461773,Mobile,+855069461773
Smart-069-461774,Mobile,+855069461774
Smart-069-461775,Mobile,+855069461775
Smart-069-461776,Mobile,+855069461776
Smart-069-461777,Mobile,+855069461777
Smart-069-461778,Mobile,+855069461778
Smart-069-461779,Mobile,+855069461779
Smart-069-461780,Mobile,+855069461780
Smart-069-461781,Mobile,+855069461781
Smart-069-461782,Mobile,+855069461782
Smart-069-461783,Mobile,+855069461783
Smart-069-461784,Mobile,+855069461784
Smart-069-461785,Mobile,+855069461785
Smart-069-461786,Mobile,+855069461786
Smart-069-461787,Mobile,+855069461787
Smart-069-461788,Mobile,+855069461788
Smart-069-461789,Mobile,+855069461789
Smart-069-461790,Mobile,+855069461790
Smart-069-461791,Mobile,+855069461791
Smart-069-461792,Mobile,+855069461792
Smart-069-461793,Mobile,+855069461793
Smart-069-461794,Mobile,+855069461794
Smart-069-461795,Mobile,+855069461795
Smart-069-461796,Mobile,+855069461796
Smart-069-461797,Mobile,+855069461797
Smart-069-461798,Mobile,+855069461798
Smart-069-461799,Mobile,+855069461799
Smart-069-461800,Mobile,+855069461800
Smart-069-461801,Mobile,+855069461801
Smart-069-461802,Mobile,+855069461802
Smart-069-461803,Mobile,+855069461803
Smart-069-461804,Mobile,+855069461804
Smart-069-461805,Mobile,+855069461805
Smart-069-461806,Mobile,+855069461806
Smart-069-461807,Mobile,+855069461807
Smart-069-461808,Mobile,+855069461808
Smart-069-461809,Mobile,+855069461809
Smart-069-461810,Mobile,+855069461810
Smart-069-461811,Mobile,+855069461811
Smart-069-461812,Mobile,+855069461812
Smart-069-461813,Mobile,+855069461813
Smart-069-461814,Mobile,+855069461814
Smart-069-461815,Mobile,+855069461815
Smart-069-461816,Mobile,+855069461816
Smart-069-461817,Mobile,+855069461817
Smart-069-461818,Mobile,+855069461818
Smart-069-461819,Mobile,+855069461819
Smart-069-461820,Mobile,+855069461820
Smart-069-461821,Mobile,+855069461821
Smart-069-461822,Mobile,+855069461822
Smart-069-461823,Mobile,+855069461823
Smart-069-461824,Mobile,+855069461824
Smart-069-461825,Mobile,+855069461825
Smart-069-461826,Mobile,+855069461826
Smart-069-461827,Mobile,+855069461827
Smart-069-461828,Mobile,+855069461828
Smart-069-461829,Mobile,+855069461829
Smart-069-461830,Mobile,+855069461830
Smart-069-461831,Mobile,+855069461831
Smart-069-461832,Mobile,+855069461832
Smart-069-461833,Mobile,+855069461833
Smart-069-461834,Mobile,+855069461834
Smart-069-461835,Mobile,+855069461835
Smart-069-461836,Mobile,+855069461836
Smart-069-461837,Mobile,+855069461837
Smart-069-461838,Mobile,+855069461838
Smart-069-461839,Mobile,+855069461839
Smart-069-461840,Mobile,+855069461840
Smart-069-461841,Mobile,+855069461841
Smart-069-461842,Mobile,+855069461842
Smart-069-461843,Mobile,+855069461843
Smart-069-461844,Mobile,+855069461844
Smart-069-461845,Mobile,+855069461845
Smart-069-461846,Mobile,+855069461846
Smart-069-461847,Mobile,+855069461847
Smart-069-461848,Mobile,+855069461848
Smart-069-461849,Mobile,+855069461849
Smart-069-461850,Mobile,+855069461850
Smart-069-461851,Mobile,+855069461851
Smart-069-461852,Mobile,+855069461852
Smart-069-461853,Mobile,+855069461853
Smart-069-461854,Mobile,+855069461854
Smart-069-461855,Mobile,+855069461855
Smart-069-461856,Mobile,+855069461856
Smart-069-461857,Mobile,+855069461857
Smart-069-461858,Mobile,+855069461858
Smart-069-461859,Mobile,+855069461859
Smart-069-461860,Mobile,+855069461860
Smart-069-461861,Mobile,+855069461861
Smart-069-461862,Mobile,+855069461862
Smart-069-461863,Mobile,+855069461863
Smart-069-461864,Mobile,+855069461864
Smart-069-461865,Mobile,+855069461865
Smart-069-461866,Mobile,+855069461866
Smart-069-461867,Mobile,+855069461867
Smart-069-461868,Mobile,+855069461868
Smart-069-461869,Mobile,+855069461869
Smart-069-461870,Mobile,+855069461870
Smart-069-461871,Mobile,+855069461871
Smart-069-461872,Mobile,+855069461872
Smart-069-461873,Mobile,+855069461873
Smart-069-461874,Mobile,+855069461874
Smart-069-461875,Mobile,+855069461875
Smart-069-461876,Mobile,+855069461876
Smart-069-461877,Mobile,+855069461877
Smart-069-461878,Mobile,+855069461878
Smart-069-461879,Mobile,+855069461879
Smart-069-461880,Mobile,+855069461880
Smart-069-461881,Mobile,+855069461881
Smart-069-461882,Mobile,+855069461882
Smart-069-461883,Mobile,+855069461883
Smart-069-461884,Mobile,+855069461884
Smart-069-461885,Mobile,+855069461885
Smart-069-461886,Mobile,+855069461886
Smart-069-461887,Mobile,+855069461887
Smart-069-461888,Mobile,+855069461888
Smart-069-461889,Mobile,+855069461889
Smart-069-461890,Mobile,+855069461890
Smart-069-461891,Mobile,+855069461891
Smart-069-461892,Mobile,+855069461892
Smart-069-461893,Mobile,+855069461893
Smart-069-461894,Mobile,+855069461894
Smart-069-461895,Mobile,+855069461895
Smart-069-461896,Mobile,+855069461896
Smart-069-461897,Mobile,+855069461897
Smart-069-461898,Mobile,+855069461898
Smart-069-461899,Mobile,+855069461899
Smart-069-461900,Mobile,+855069461900
Smart-069-461901,Mobile,+855069461901
Smart-069-461902,Mobile,+855069461902
Smart-069-461903,Mobile,+855069461903
Smart-069-461904,Mobile,+855069461904
Smart-069-461905,Mobile,+855069461905
Smart-069-461906,Mobile,+855069461906
Smart-069-461907,Mobile,+855069461907
Smart-069-461908,Mobile,+855069461908
Smart-069-461909,Mobile,+855069461909
Smart-069-461910,Mobile,+855069461910
Smart-069-461911,Mobile,+855069461911
Smart-069-461912,Mobile,+855069461912
Smart-069-461913,Mobile,+855069461913
Smart-069-461914,Mobile,+855069461914
Smart-069-461915,Mobile,+855069461915
Smart-069-461916,Mobile,+855069461916
Smart-069-461917,Mobile,+855069461917
Smart-069-461918,Mobile,+855069461918
Smart-069-461919,Mobile,+855069461919
Smart-069-461920,Mobile,+855069461920
Smart-069-461921,Mobile,+855069461921
Smart-069-461922,Mobile,+855069461922
Smart-069-461923,Mobile,+855069461923
Smart-069-461924,Mobile,+855069461924
Smart-069-461925,Mobile,+855069461925
Smart-069-461926,Mobile,+855069461926
Smart-069-461927,Mobile,+855069461927
Smart-069-461928,Mobile,+855069461928
Smart-069-461929,Mobile,+855069461929
Smart-069-461930,Mobile,+855069461930
Smart-069-461931,Mobile,+855069461931
Smart-069-461932,Mobile,+855069461932
Smart-069-461933,Mobile,+855069461933
Smart-069-461934,Mobile,+855069461934
Smart-069-461935,Mobile,+855069461935
Smart-069-461936,Mobile,+855069461936
Smart-069-461937,Mobile,+855069461937
Smart-069-461938,Mobile,+855069461938
Smart-069-461939,Mobile,+855069461939
Smart-069-461940,Mobile,+855069461940
Smart-069-461941,Mobile,+855069461941
Smart-069-461942,Mobile,+855069461942
Smart-069-461943,Mobile,+855069461943
Smart-069-461944,Mobile,+855069461944
Smart-069-461945,Mobile,+855069461945
Smart-069-461946,Mobile,+855069461946
Smart-069-461947,Mobile,+855069461947
Smart-069-461948,Mobile,+855069461948
Smart-069-461949,Mobile,+855069461949
Smart-069-461950,Mobile,+855069461950
Smart-069-461951,Mobile,+855069461951
Smart-069-461952,Mobile,+855069461952
Smart-069-461953,Mobile,+855069461953
Smart-069-461954,Mobile,+855069461954
Smart-069-461955,Mobile,+855069461955
Smart-069-461956,Mobile,+855069461956
Smart-069-461957,Mobile,+855069461957
Smart-069-461958,Mobile,+855069461958
Smart-069-461959,Mobile,+855069461959
Smart-069-461960,Mobile,+855069461960
Smart-069-461961,Mobile,+855069461961
Smart-069-461962,Mobile,+855069461962
Smart-069-461963,Mobile,+855069461963
Smart-069-461964,Mobile,+855069461964
Smart-069-461965,Mobile,+855069461965
Smart-069-461966,Mobile,+855069461966
Smart-069-461967,Mobile,+855069461967
Smart-069-461968,Mobile,+855069461968
Smart-069-461969,Mobile,+855069461969
Smart-069-461970,Mobile,+855069461970
Smart-069-461971,Mobile,+855069461971
Smart-069-461972,Mobile,+855069461972
Smart-069-461973,Mobile,+855069461973
Smart-069-461974,Mobile,+855069461974
Smart-069-461975,Mobile,+855069461975
Smart-069-461976,Mobile,+855069461976
Smart-069-461977,Mobile,+855069461977
Smart-069-461978,Mobile,+855069461978
Smart-069-461979,Mobile,+855069461979
Smart-069-461980,Mobile,+855069461980
Smart-069-461981,Mobile,+855069461981
Smart-069-461982,Mobile,+855069461982
Smart-069-461983,Mobile,+855069461983
Smart-069-461984,Mobile,+855069461984
Smart-069-461985,Mobile,+855069461985
Smart-069-461986,Mobile,+855069461986
Smart-069-461987,Mobile,+855069461987
Smart-069-461988,Mobile,+855069461988
Smart-069-461989,Mobile,+855069461989
Smart-069-461990,Mobile,+855069461990
Smart-069-461991,Mobile,+855069461991
Smart-069-461992,Mobile,+855069461992
Smart-069-461993,Mobile,+855069461993
Smart-069-461994,Mobile,+855069461994
Smart-069-461995,Mobile,+855069461995
Smart-069-461996,Mobile,+855069461996
Smart-069-461997,Mobile,+855069461997
Smart-069-461998,Mobile,+855069461998
Smart-069-461999,Mobile,+855069461999
Smart-069-462000,Mobile,+855069462000
Smart-069-462001,Mobile,+855069462001
Smart-069-462002,Mobile,+855069462002
Smart-069-462003,Mobile,+855069462003
Smart-069-462004,Mobile,+855069462004
Smart-069-462005,Mobile,+855069462005
Smart-069-462006,Mobile,+855069462006
Smart-069-462007,Mobile,+855069462007
Smart-069-462008,Mobile,+855069462008
Smart-069-462009,Mobile,+855069462009
Smart-069-462010,Mobile,+855069462010
Smart-069-462011,Mobile,+855069462011
Smart-069-462012,Mobile,+855069462012
Smart-069-462013,Mobile,+855069462013
Smart-069-462014,Mobile,+855069462014
Smart-069-462015,Mobile,+855069462015
Smart-069-462016,Mobile,+855069462016
Smart-069-462017,Mobile,+855069462017
Smart-069-462018,Mobile,+855069462018
Smart-069-462019,Mobile,+855069462019
Smart-069-462020,Mobile,+855069462020
Smart-069-462021,Mobile,+855069462021
Smart-069-462022,Mobile,+855069462022
Smart-069-462023,Mobile,+855069462023
Smart-069-462024,Mobile,+855069462024
Smart-069-462025,Mobile,+855069462025
Smart-069-462026,Mobile,+855069462026
Smart-069-462027,Mobile,+855069462027
Smart-069-462028,Mobile,+855069462028
Smart-069-462029,Mobile,+855069462029
Smart-069-462030,Mobile,+855069462030
Smart-069-462031,Mobile,+855069462031
Smart-069-462032,Mobile,+855069462032
Smart-069-462033,Mobile,+855069462033
Smart-069-462034,Mobile,+855069462034
Smart-069-462035,Mobile,+855069462035
Smart-069-462036,Mobile,+855069462036
Smart-069-462037,Mobile,+855069462037
Smart-069-462038,Mobile,+855069462038
Smart-069-462039,Mobile,+855069462039
Smart-069-462040,Mobile,+855069462040
Smart-069-462041,Mobile,+855069462041
Smart-069-462042,Mobile,+855069462042
Smart-069-462043,Mobile,+855069462043
Smart-069-462044,Mobile,+855069462044
Smart-069-462045,Mobile,+855069462045
Smart-069-462046,Mobile,+855069462046
Smart-069-462047,Mobile,+855069462047
Smart-069-462048,Mobile,+855069462048
Smart-069-462049,Mobile,+855069462049
Smart-069-462050,Mobile,+855069462050
Smart-069-462051,Mobile,+855069462051
Smart-069-462052,Mobile,+855069462052
Smart-069-462053,Mobile,+855069462053
Smart-069-462054,Mobile,+855069462054
Smart-069-462055,Mobile,+855069462055
Smart-069-462056,Mobile,+855069462056
Smart-069-462057,Mobile,+855069462057
Smart-069-462058,Mobile,+855069462058
Smart-069-462059,Mobile,+855069462059
Smart-069-462060,Mobile,+855069462060
Smart-069-462061,Mobile,+855069462061
Smart-069-462062,Mobile,+855069462062
Smart-069-462063,Mobile,+855069462063
Smart-069-462064,Mobile,+855069462064
Smart-069-462065,Mobile,+855069462065
Smart-069-462066,Mobile,+855069462066
Smart-069-462067,Mobile,+855069462067
Smart-069-462068,Mobile,+855069462068
Smart-069-462069,Mobile,+855069462069
Smart-069-462070,Mobile,+855069462070
Smart-069-462071,Mobile,+855069462071
Smart-069-462072,Mobile,+855069462072
Smart-069-462073,Mobile,+855069462073
Smart-069-462074,Mobile,+855069462074
Smart-069-462075,Mobile,+855069462075
Smart-069-462076,Mobile,+855069462076
Smart-069-462077,Mobile,+855069462077
Smart-069-462078,Mobile,+855069462078
Smart-069-462079,Mobile,+855069462079
Smart-069-462080,Mobile,+855069462080
Smart-069-462081,Mobile,+855069462081
Smart-069-462082,Mobile,+855069462082
Smart-069-462083,Mobile,+855069462083
Smart-069-462084,Mobile,+855069462084
Smart-069-462085,Mobile,+855069462085
Smart-069-462086,Mobile,+855069462086
Smart-069-462087,Mobile,+855069462087
Smart-069-462088,Mobile,+855069462088
Smart-069-462089,Mobile,+855069462089
Smart-069-462090,Mobile,+855069462090
Smart-069-462091,Mobile,+855069462091
Smart-069-462092,Mobile,+855069462092
Smart-069-462093,Mobile,+855069462093
Smart-069-462094,Mobile,+855069462094
Smart-069-462095,Mobile,+855069462095
Smart-069-462096,Mobile,+855069462096
Smart-069-462097,Mobile,+855069462097
Smart-069-462098,Mobile,+855069462098
Smart-069-462099,Mobile,+855069462099
Smart-069-462100,Mobile,+855069462100
Smart-069-462101,Mobile,+855069462101
Smart-069-462102,Mobile,+855069462102
Smart-069-462103,Mobile,+855069462103
Smart-069-462104,Mobile,+855069462104
Smart-069-462105,Mobile,+855069462105
Smart-069-462106,Mobile,+855069462106
Smart-069-462107,Mobile,+855069462107
Smart-069-462108,Mobile,+855069462108
Smart-069-462109,Mobile,+855069462109
Smart-069-462110,Mobile,+855069462110
Smart-069-462111,Mobile,+855069462111
Smart-069-462112,Mobile,+855069462112
Smart-069-462113,Mobile,+855069462113
Smart-069-462114,Mobile,+855069462114
Smart-069-462115,Mobile,+855069462115
Smart-069-462116,Mobile,+855069462116
Smart-069-462117,Mobile,+855069462117
Smart-069-462118,Mobile,+855069462118
Smart-069-462119,Mobile,+855069462119
Smart-069-462120,Mobile,+855069462120
Smart-069-462121,Mobile,+855069462121
Smart-069-462122,Mobile,+855069462122
Smart-069-462123,Mobile,+855069462123
Smart-069-462124,Mobile,+855069462124
Smart-069-462125,Mobile,+855069462125
Smart-069-462126,Mobile,+855069462126
Smart-069-462127,Mobile,+855069462127
Smart-069-462128,Mobile,+855069462128
Smart-069-462129,Mobile,+855069462129
Smart-069-462130,Mobile,+855069462130
Smart-069-462131,Mobile,+855069462131
Smart-069-462132,Mobile,+855069462132
Smart-069-462133,Mobile,+855069462133
Smart-069-462134,Mobile,+855069462134
Smart-069-462135,Mobile,+855069462135
Smart-069-462136,Mobile,+855069462136
Smart-069-462137,Mobile,+855069462137
Smart-069-462138,Mobile,+855069462138
Smart-069-462139,Mobile,+855069462139
Smart-069-462140,Mobile,+855069462140
Smart-069-462141,Mobile,+855069462141
Smart-069-462142,Mobile,+855069462142
Smart-069-462143,Mobile,+855069462143
Smart-069-462144,Mobile,+855069462144
Smart-069-462145,Mobile,+855069462145
Smart-069-462146,Mobile,+855069462146
Smart-069-462147,Mobile,+855069462147
Smart-069-462148,Mobile,+855069462148
Smart-069-462149,Mobile,+855069462149
Smart-069-462150,Mobile,+855069462150
Smart-069-462151,Mobile,+855069462151
Smart-069-462152,Mobile,+855069462152
Smart-069-462153,Mobile,+855069462153
Smart-069-462154,Mobile,+855069462154
Smart-069-462155,Mobile,+855069462155
Smart-069-462156,Mobile,+855069462156
Smart-069-462157,Mobile,+855069462157
Smart-069-462158,Mobile,+855069462158
Smart-069-462159,Mobile,+855069462159
Smart-069-462160,Mobile,+855069462160
Smart-069-462161,Mobile,+855069462161
Smart-069-462162,Mobile,+855069462162
Smart-069-462163,Mobile,+855069462163
Smart-069-462164,Mobile,+855069462164
Smart-069-462165,Mobile,+855069462165
Smart-069-462166,Mobile,+855069462166
Smart-069-462167,Mobile,+855069462167
Smart-069-462168,Mobile,+855069462168
Smart-069-462169,Mobile,+855069462169
Smart-069-462170,Mobile,+855069462170
Smart-069-462171,Mobile,+855069462171
Smart-069-462172,Mobile,+855069462172
Smart-069-462173,Mobile,+855069462173
Smart-069-462174,Mobile,+855069462174
Smart-069-462175,Mobile,+855069462175
Smart-069-462176,Mobile,+855069462176
Smart-069-462177,Mobile,+855069462177
Smart-069-462178,Mobile,+855069462178
Smart-069-462179,Mobile,+855069462179
Smart-069-462180,Mobile,+855069462180
Smart-069-462181,Mobile,+855069462181
Smart-069-462182,Mobile,+855069462182
Smart-069-462183,Mobile,+855069462183
Smart-069-462184,Mobile,+855069462184
Smart-069-462185,Mobile,+855069462185
Smart-069-462186,Mobile,+855069462186
Smart-069-462187,Mobile,+855069462187
Smart-069-462188,Mobile,+855069462188
Smart-069-462189,Mobile,+855069462189
Smart-069-462190,Mobile,+855069462190
Smart-069-462191,Mobile,+855069462191
Smart-069-462192,Mobile,+855069462192
Smart-069-462193,Mobile,+855069462193
Smart-069-462194,Mobile,+855069462194
Smart-069-462195,Mobile,+855069462195
Smart-069-462196,Mobile,+855069462196
Smart-069-462197,Mobile,+855069462197
Smart-069-462198,Mobile,+855069462198
Smart-069-462199,Mobile,+855069462199
Smart-069-462200,Mobile,+855069462200
Smart-069-462201,Mobile,+855069462201
Smart-069-462202,Mobile,+855069462202
Smart-069-462203,Mobile,+855069462203
Smart-069-462204,Mobile,+855069462204
Smart-069-462205,Mobile,+855069462205
Smart-069-462206,Mobile,+855069462206
Smart-069-462207,Mobile,+855069462207
Smart-069-462208,Mobile,+855069462208
Smart-069-462209,Mobile,+855069462209
Smart-069-462210,Mobile,+855069462210
Smart-069-462211,Mobile,+855069462211
Smart-069-462212,Mobile,+855069462212
Smart-069-462213,Mobile,+855069462213
Smart-069-462214,Mobile,+855069462214
Smart-069-462215,Mobile,+855069462215
Smart-069-462216,Mobile,+855069462216
Smart-069-462217,Mobile,+855069462217
Smart-069-462218,Mobile,+855069462218
Smart-069-462219,Mobile,+855069462219
Smart-069-462220,Mobile,+855069462220
Smart-069-462221,Mobile,+855069462221
Smart-069-462222,Mobile,+855069462222
Smart-069-462223,Mobile,+855069462223
Smart-069-462224,Mobile,+855069462224
Smart-069-462225,Mobile,+855069462225
Smart-069-462226,Mobile,+855069462226
Smart-069-462227,Mobile,+855069462227
Smart-069-462228,Mobile,+855069462228
Smart-069-462229,Mobile,+855069462229
Smart-069-462230,Mobile,+855069462230
Smart-069-462231,Mobile,+855069462231
Smart-069-462232,Mobile,+855069462232
Smart-069-462233,Mobile,+855069462233
Smart-069-462234,Mobile,+855069462234
Smart-069-462235,Mobile,+855069462235
Smart-069-462236,Mobile,+855069462236
Smart-069-462237,Mobile,+855069462237
Smart-069-462238,Mobile,+855069462238
Smart-069-462239,Mobile,+855069462239
Smart-069-462240,Mobile,+855069462240
Smart-069-462241,Mobile,+855069462241
Smart-069-462242,Mobile,+855069462242
Smart-069-462243,Mobile,+855069462243
Smart-069-462244,Mobile,+855069462244
Smart-069-462245,Mobile,+855069462245
Smart-069-462246,Mobile,+855069462246
Smart-069-462247,Mobile,+855069462247
Smart-069-462248,Mobile,+855069462248
Smart-069-462249,Mobile,+855069462249
Smart-069-462250,Mobile,+855069462250
Smart-069-462251,Mobile,+855069462251
Smart-069-462252,Mobile,+855069462252
Smart-069-462253,Mobile,+855069462253
Smart-069-462254,Mobile,+855069462254
Smart-069-462255,Mobile,+855069462255
Smart-069-462256,Mobile,+855069462256
Smart-069-462257,Mobile,+855069462257
Smart-069-462258,Mobile,+855069462258
Smart-069-462259,Mobile,+855069462259
Smart-069-462260,Mobile,+855069462260
Smart-069-462261,Mobile,+855069462261
Smart-069-462262,Mobile,+855069462262
Smart-069-462263,Mobile,+855069462263
Smart-069-462264,Mobile,+855069462264
Smart-069-462265,Mobile,+855069462265
Smart-069-462266,Mobile,+855069462266
Smart-069-462267,Mobile,+855069462267
Smart-069-462268,Mobile,+855069462268
Smart-069-462269,Mobile,+855069462269
Smart-069-462270,Mobile,+855069462270
Smart-069-462271,Mobile,+855069462271
Smart-069-462272,Mobile,+855069462272
Smart-069-462273,Mobile,+855069462273
Smart-069-462274,Mobile,+855069462274
Smart-069-462275,Mobile,+855069462275
Smart-069-462276,Mobile,+855069462276
Smart-069-462277,Mobile,+855069462277
Smart-069-462278,Mobile,+855069462278
Smart-069-462279,Mobile,+855069462279
Smart-069-462280,Mobile,+855069462280
Smart-069-462281,Mobile,+855069462281
Smart-069-462282,Mobile,+855069462282
Smart-069-462283,Mobile,+855069462283
Smart-069-462284,Mobile,+855069462284
Smart-069-462285,Mobile,+855069462285
Smart-069-462286,Mobile,+855069462286
Smart-069-462287,Mobile,+855069462287
Smart-069-462288,Mobile,+855069462288
Smart-069-462289,Mobile,+855069462289
Smart-069-462290,Mobile,+855069462290
Smart-069-462291,Mobile,+855069462291
Smart-069-462292,Mobile,+855069462292
Smart-069-462293,Mobile,+855069462293
Smart-069-462294,Mobile,+855069462294
Smart-069-462295,Mobile,+855069462295
Smart-069-462296,Mobile,+855069462296
Smart-069-462297,Mobile,+855069462297
Smart-069-462298,Mobile,+855069462298
Smart-069-462299,Mobile,+855069462299
Smart-069-462300,Mobile,+855069462300
Smart-069-462301,Mobile,+855069462301
Smart-069-462302,Mobile,+855069462302
Smart-069-462303,Mobile,+855069462303
Smart-069-462304,Mobile,+855069462304
Smart-069-462305,Mobile,+855069462305
Smart-069-462306,Mobile,+855069462306
Smart-069-462307,Mobile,+855069462307
Smart-069-462308,Mobile,+855069462308
Smart-069-462309,Mobile,+855069462309
Smart-069-462310,Mobile,+855069462310
Smart-069-462311,Mobile,+855069462311
Smart-069-462312,Mobile,+855069462312
Smart-069-462313,Mobile,+855069462313
Smart-069-462314,Mobile,+855069462314
Smart-069-462315,Mobile,+855069462315
Smart-069-462316,Mobile,+855069462316
Smart-069-462317,Mobile,+855069462317
Smart-069-462318,Mobile,+855069462318
Smart-069-462319,Mobile,+855069462319
Smart-069-462320,Mobile,+855069462320
Smart-069-462321,Mobile,+855069462321
Smart-069-462322,Mobile,+855069462322
Smart-069-462323,Mobile,+855069462323
Smart-069-462324,Mobile,+855069462324
Smart-069-462325,Mobile,+855069462325
Smart-069-462326,Mobile,+855069462326
Smart-069-462327,Mobile,+855069462327
Smart-069-462328,Mobile,+855069462328
Smart-069-462329,Mobile,+855069462329
Smart-069-462330,Mobile,+855069462330
Smart-069-462331,Mobile,+855069462331
Smart-069-462332,Mobile,+855069462332
Smart-069-462333,Mobile,+855069462333
Smart-069-462334,Mobile,+855069462334
Smart-069-462335,Mobile,+855069462335
Smart-069-462336,Mobile,+855069462336
Smart-069-462337,Mobile,+855069462337
Smart-069-462338,Mobile,+855069462338
Smart-069-462339,Mobile,+855069462339
Smart-069-462340,Mobile,+855069462340
Smart-069-462341,Mobile,+855069462341
Smart-069-462342,Mobile,+855069462342
Smart-069-462343,Mobile,+855069462343
Smart-069-462344,Mobile,+855069462344
Smart-069-462345,Mobile,+855069462345
Smart-069-462346,Mobile,+855069462346
Smart-069-462347,Mobile,+855069462347
Smart-069-462348,Mobile,+855069462348
Smart-069-462349,Mobile,+855069462349
Smart-069-462350,Mobile,+855069462350
Smart-069-462351,Mobile,+855069462351
Smart-069-462352,Mobile,+855069462352
Smart-069-462353,Mobile,+855069462353
Smart-069-462354,Mobile,+855069462354
Smart-069-462355,Mobile,+855069462355
Smart-069-462356,Mobile,+855069462356
Smart-069-462357,Mobile,+855069462357
Smart-069-462358,Mobile,+855069462358
Smart-069-462359,Mobile,+855069462359
Smart-069-462360,Mobile,+855069462360
Smart-069-462361,Mobile,+855069462361
Smart-069-462362,Mobile,+855069462362
Smart-069-462363,Mobile,+855069462363
Smart-069-462364,Mobile,+855069462364
Smart-069-462365,Mobile,+855069462365
Smart-069-462366,Mobile,+855069462366
Smart-069-462367,Mobile,+855069462367
Smart-069-462368,Mobile,+855069462368
Smart-069-462369,Mobile,+855069462369
Smart-069-462370,Mobile,+855069462370
Smart-069-462371,Mobile,+855069462371
Smart-069-462372,Mobile,+855069462372
Smart-069-462373,Mobile,+855069462373
Smart-069-462374,Mobile,+855069462374
Smart-069-462375,Mobile,+855069462375
Smart-069-462376,Mobile,+855069462376
Smart-069-462377,Mobile,+855069462377
Smart-069-462378,Mobile,+855069462378
Smart-069-462379,Mobile,+855069462379
Smart-069-462380,Mobile,+855069462380
Smart-069-462381,Mobile,+855069462381
Smart-069-462382,Mobile,+855069462382
Smart-069-462383,Mobile,+855069462383
Smart-069-462384,Mobile,+855069462384
Smart-069-462385,Mobile,+855069462385
Smart-069-462386,Mobile,+855069462386
Smart-069-462387,Mobile,+855069462387
Smart-069-462388,Mobile,+855069462388
Smart-069-462389,Mobile,+855069462389
Smart-069-462390,Mobile,+855069462390
Smart-069-462391,Mobile,+855069462391
Smart-069-462392,Mobile,+855069462392
Smart-069-462393,Mobile,+855069462393
Smart-069-462394,Mobile,+855069462394
Smart-069-462395,Mobile,+855069462395
Smart-069-462396,Mobile,+855069462396
Smart-069-462397,Mobile,+855069462397
Smart-069-462398,Mobile,+855069462398
Smart-069-462399,Mobile,+855069462399
Smart-069-462400,Mobile,+855069462400
Smart-069-462401,Mobile,+855069462401
Smart-069-462402,Mobile,+855069462402
Smart-069-462403,Mobile,+855069462403
Smart-069-462404,Mobile,+855069462404
Smart-069-462405,Mobile,+855069462405
Smart-069-462406,Mobile,+855069462406
Smart-069-462407,Mobile,+855069462407
Smart-069-462408,Mobile,+855069462408
Smart-069-462409,Mobile,+855069462409
Smart-069-462410,Mobile,+855069462410
Smart-069-462411,Mobile,+855069462411
Smart-069-462412,Mobile,+855069462412
Smart-069-462413,Mobile,+855069462413
Smart-069-462414,Mobile,+855069462414
Smart-069-462415,Mobile,+855069462415
Smart-069-462416,Mobile,+855069462416
Smart-069-462417,Mobile,+855069462417
Smart-069-462418,Mobile,+855069462418
Smart-069-462419,Mobile,+855069462419
Smart-069-462420,Mobile,+855069462420
Smart-069-462421,Mobile,+855069462421
Smart-069-462422,Mobile,+855069462422
Smart-069-462423,Mobile,+855069462423
Smart-069-462424,Mobile,+855069462424
Smart-069-462425,Mobile,+855069462425
Smart-069-462426,Mobile,+855069462426
Smart-069-462427,Mobile,+855069462427
Smart-069-462428,Mobile,+855069462428
Smart-069-462429,Mobile,+855069462429
Smart-069-462430,Mobile,+855069462430
Smart-069-462431,Mobile,+855069462431
Smart-069-462432,Mobile,+855069462432
Smart-069-462433,Mobile,+855069462433
Smart-069-462434,Mobile,+855069462434
Smart-069-462435,Mobile,+855069462435
Smart-069-462436,Mobile,+855069462436
Smart-069-462437,Mobile,+855069462437
Smart-069-462438,Mobile,+855069462438
Smart-069-462439,Mobile,+855069462439
Smart-069-462440,Mobile,+855069462440
Smart-069-462441,Mobile,+855069462441
Smart-069-462442,Mobile,+855069462442
Smart-069-462443,Mobile,+855069462443
Smart-069-462444,Mobile,+855069462444
Smart-069-462445,Mobile,+855069462445
Smart-069-462446,Mobile,+855069462446
Smart-069-462447,Mobile,+855069462447
Smart-069-462448,Mobile,+855069462448
Smart-069-462449,Mobile,+855069462449
Smart-069-462450,Mobile,+855069462450
Smart-069-462451,Mobile,+855069462451
Smart-069-462452,Mobile,+855069462452
Smart-069-462453,Mobile,+855069462453
Smart-069-462454,Mobile,+855069462454
Smart-069-462455,Mobile,+855069462455
Smart-069-462456,Mobile,+855069462456
Smart-069-462457,Mobile,+855069462457
Smart-069-462458,Mobile,+855069462458
Smart-069-462459,Mobile,+855069462459
Smart-069-462460,Mobile,+855069462460
Smart-069-462461,Mobile,+855069462461
Smart-069-462462,Mobile,+855069462462
Smart-069-462463,Mobile,+855069462463
Smart-069-462464,Mobile,+855069462464
Smart-069-462465,Mobile,+855069462465
Smart-069-462466,Mobile,+855069462466
Smart-069-462467,Mobile,+855069462467
Smart-069-462468,Mobile,+855069462468
Smart-069-462469,Mobile,+855069462469
Smart-069-462470,Mobile,+855069462470
Smart-069-462471,Mobile,+855069462471
Smart-069-462472,Mobile,+855069462472
Smart-069-462473,Mobile,+855069462473
Smart-069-462474,Mobile,+855069462474
Smart-069-462475,Mobile,+855069462475
Smart-069-462476,Mobile,+855069462476
Smart-069-462477,Mobile,+855069462477
Smart-069-462478,Mobile,+855069462478
Smart-069-462479,Mobile,+855069462479
Smart-069-462480,Mobile,+855069462480
Smart-069-462481,Mobile,+855069462481
Smart-069-462482,Mobile,+855069462482
Smart-069-462483,Mobile,+855069462483
Smart-069-462484,Mobile,+855069462484
Smart-069-462485,Mobile,+855069462485
Smart-069-462486,Mobile,+855069462486
Smart-069-462487,Mobile,+855069462487
Smart-069-462488,Mobile,+855069462488
Smart-069-462489,Mobile,+855069462489
Smart-069-462490,Mobile,+855069462490
Smart-069-462491,Mobile,+855069462491
Smart-069-462492,Mobile,+855069462492
Smart-069-462493,Mobile,+855069462493
Smart-069-462494,Mobile,+855069462494
Smart-069-462495,Mobile,+855069462495
Smart-069-462496,Mobile,+855069462496
Smart-069-462497,Mobile,+855069462497
Smart-069-462498,Mobile,+855069462498
Smart-069-462499,Mobile,+855069462499
Smart-069-462500,Mobile,+855069462500
Smart-069-462501,Mobile,+855069462501
Smart-069-462502,Mobile,+855069462502
Smart-069-462503,Mobile,+855069462503
Smart-069-462504,Mobile,+855069462504
Smart-069-462505,Mobile,+855069462505
Smart-069-462506,Mobile,+855069462506
Smart-069-462507,Mobile,+855069462507
Smart-069-462508,Mobile,+855069462508
Smart-069-462509,Mobile,+855069462509
Smart-069-462510,Mobile,+855069462510
Smart-069-462511,Mobile,+855069462511
Smart-069-462512,Mobile,+855069462512
Smart-069-462513,Mobile,+855069462513
Smart-069-462514,Mobile,+855069462514
Smart-069-462515,Mobile,+855069462515
Smart-069-462516,Mobile,+855069462516
Smart-069-462517,Mobile,+855069462517
Smart-069-462518,Mobile,+855069462518
Smart-069-462519,Mobile,+855069462519
Smart-069-462520,Mobile,+855069462520
Smart-069-462521,Mobile,+855069462521
Smart-069-462522,Mobile,+855069462522
Smart-069-462523,Mobile,+855069462523
Smart-069-462524,Mobile,+855069462524
Smart-069-462525,Mobile,+855069462525
Smart-069-462526,Mobile,+855069462526
Smart-069-462527,Mobile,+855069462527
Smart-069-462528,Mobile,+855069462528
Smart-069-462529,Mobile,+855069462529
Smart-069-462530,Mobile,+855069462530
Smart-069-462531,Mobile,+855069462531
Smart-069-462532,Mobile,+855069462532
Smart-069-462533,Mobile,+855069462533
Smart-069-462534,Mobile,+855069462534
Smart-069-462535,Mobile,+855069462535
Smart-069-462536,Mobile,+855069462536
Smart-069-462537,Mobile,+855069462537
Smart-069-462538,Mobile,+855069462538
Smart-069-462539,Mobile,+855069462539
Smart-069-462540,Mobile,+855069462540
Smart-069-462541,Mobile,+855069462541
Smart-069-462542,Mobile,+855069462542
Smart-069-462543,Mobile,+855069462543
Smart-069-462544,Mobile,+855069462544
Smart-069-462545,Mobile,+855069462545
Smart-069-462546,Mobile,+855069462546
Smart-069-462547,Mobile,+855069462547
Smart-069-462548,Mobile,+855069462548
Smart-069-462549,Mobile,+855069462549
Smart-069-462550,Mobile,+855069462550
Smart-069-462551,Mobile,+855069462551
Smart-069-462552,Mobile,+855069462552
Smart-069-462553,Mobile,+855069462553
Smart-069-462554,Mobile,+855069462554
Smart-069-462555,Mobile,+855069462555
Smart-069-462556,Mobile,+855069462556
Smart-069-462557,Mobile,+855069462557
Smart-069-462558,Mobile,+855069462558
Smart-069-462559,Mobile,+855069462559
Smart-069-462560,Mobile,+855069462560
Smart-069-462561,Mobile,+855069462561
Smart-069-462562,Mobile,+855069462562
Smart-069-462563,Mobile,+855069462563
Smart-069-462564,Mobile,+855069462564
Smart-069-462565,Mobile,+855069462565
Smart-069-462566,Mobile,+855069462566
Smart-069-462567,Mobile,+855069462567
Smart-069-462568,Mobile,+855069462568
Smart-069-462569,Mobile,+855069462569
Smart-069-462570,Mobile,+855069462570
Smart-069-462571,Mobile,+855069462571
Smart-069-462572,Mobile,+855069462572
Smart-069-462573,Mobile,+855069462573
Smart-069-462574,Mobile,+855069462574
Smart-069-462575,Mobile,+855069462575
Smart-069-462576,Mobile,+855069462576
Smart-069-462577,Mobile,+855069462577
Smart-069-462578,Mobile,+855069462578
Smart-069-462579,Mobile,+855069462579
Smart-069-462580,Mobile,+855069462580
Smart-069-462581,Mobile,+855069462581
Smart-069-462582,Mobile,+855069462582
Smart-069-462583,Mobile,+855069462583
Smart-069-462584,Mobile,+855069462584
Smart-069-462585,Mobile,+855069462585
Smart-069-462586,Mobile,+855069462586
Smart-069-462587,Mobile,+855069462587
Smart-069-462588,Mobile,+855069462588
Smart-069-462589,Mobile,+855069462589
Smart-069-462590,Mobile,+855069462590
Smart-069-462591,Mobile,+855069462591
Smart-069-462592,Mobile,+855069462592
Smart-069-462593,Mobile,+855069462593
Smart-069-462594,Mobile,+855069462594
Smart-069-462595,Mobile,+855069462595
Smart-069-462596,Mobile,+855069462596
Smart-069-462597,Mobile,+855069462597
Smart-069-462598,Mobile,+855069462598
Smart-069-462599,Mobile,+855069462599
Smart-069-462600,Mobile,+855069462600
Smart-069-462601,Mobile,+855069462601
Smart-069-462602,Mobile,+855069462602
Smart-069-462603,Mobile,+855069462603
Smart-069-462604,Mobile,+855069462604
Smart-069-462605,Mobile,+855069462605
Smart-069-462606,Mobile,+855069462606
Smart-069-462607,Mobile,+855069462607
Smart-069-462608,Mobile,+855069462608
Smart-069-462609,Mobile,+855069462609
Smart-069-462610,Mobile,+855069462610
Smart-069-462611,Mobile,+855069462611
Smart-069-462612,Mobile,+855069462612
Smart-069-462613,Mobile,+855069462613
Smart-069-462614,Mobile,+855069462614
Smart-069-462615,Mobile,+855069462615
Smart-069-462616,Mobile,+855069462616
Smart-069-462617,Mobile,+855069462617
Smart-069-462618,Mobile,+855069462618
Smart-069-462619,Mobile,+855069462619
Smart-069-462620,Mobile,+855069462620
Smart-069-462621,Mobile,+855069462621
Smart-069-462622,Mobile,+855069462622
Smart-069-462623,Mobile,+855069462623
Smart-069-462624,Mobile,+855069462624
Smart-069-462625,Mobile,+855069462625
Smart-069-462626,Mobile,+855069462626
Smart-069-462627,Mobile,+855069462627
Smart-069-462628,Mobile,+855069462628
Smart-069-462629,Mobile,+855069462629
Smart-069-462630,Mobile,+855069462630
Smart-069-462631,Mobile,+855069462631
Smart-069-462632,Mobile,+855069462632
Smart-069-462633,Mobile,+855069462633
Smart-069-462634,Mobile,+855069462634
Smart-069-462635,Mobile,+855069462635
Smart-069-462636,Mobile,+855069462636
Smart-069-462637,Mobile,+855069462637
Smart-069-462638,Mobile,+855069462638
Smart-069-462639,Mobile,+855069462639
Smart-069-462640,Mobile,+855069462640
Smart-069-462641,Mobile,+855069462641
Smart-069-462642,Mobile,+855069462642
Smart-069-462643,Mobile,+855069462643
Smart-069-462644,Mobile,+855069462644
Smart-069-462645,Mobile,+855069462645
Smart-069-462646,Mobile,+855069462646
Smart-069-462647,Mobile,+855069462647
Smart-069-462648,Mobile,+855069462648
Smart-069-462649,Mobile,+855069462649
Smart-069-462650,Mobile,+855069462650
Smart-069-462651,Mobile,+855069462651
Smart-069-462652,Mobile,+855069462652
Smart-069-462653,Mobile,+855069462653
Smart-069-462654,Mobile,+855069462654
Smart-069-462655,Mobile,+855069462655
Smart-069-462656,Mobile,+855069462656
Smart-069-462657,Mobile,+855069462657
Smart-069-462658,Mobile,+855069462658
Smart-069-462659,Mobile,+855069462659
Smart-069-462660,Mobile,+855069462660
Smart-069-462661,Mobile,+855069462661
Smart-069-462662,Mobile,+855069462662
Smart-069-462663,Mobile,+855069462663
Smart-069-462664,Mobile,+855069462664
Smart-069-462665,Mobile,+855069462665
Smart-069-462666,Mobile,+855069462666
Smart-069-462667,Mobile,+855069462667
Smart-069-462668,Mobile,+855069462668
Smart-069-462669,Mobile,+855069462669
Smart-069-462670,Mobile,+855069462670
Smart-069-462671,Mobile,+855069462671
Smart-069-462672,Mobile,+855069462672
Smart-069-462673,Mobile,+855069462673
Smart-069-462674,Mobile,+855069462674
Smart-069-462675,Mobile,+855069462675
Smart-069-462676,Mobile,+855069462676
Smart-069-462677,Mobile,+855069462677
Smart-069-462678,Mobile,+855069462678
Smart-069-462679,Mobile,+855069462679
Smart-069-462680,Mobile,+855069462680
Smart-069-462681,Mobile,+855069462681
Smart-069-462682,Mobile,+855069462682
Smart-069-462683,Mobile,+855069462683
Smart-069-462684,Mobile,+855069462684
Smart-069-462685,Mobile,+855069462685
Smart-069-462686,Mobile,+855069462686
Smart-069-462687,Mobile,+855069462687
Smart-069-462688,Mobile,+855069462688
Smart-069-462689,Mobile,+855069462689
Smart-069-462690,Mobile,+855069462690
Smart-069-462691,Mobile,+855069462691
Smart-069-462692,Mobile,+855069462692
Smart-069-462693,Mobile,+855069462693
Smart-069-462694,Mobile,+855069462694
Smart-069-462695,Mobile,+855069462695
Smart-069-462696,Mobile,+855069462696
Smart-069-462697,Mobile,+855069462697
Smart-069-462698,Mobile,+855069462698
Smart-069-462699,Mobile,+855069462699
Smart-069-462700,Mobile,+855069462700
Smart-069-462701,Mobile,+855069462701
Smart-069-462702,Mobile,+855069462702
Smart-069-462703,Mobile,+855069462703
Smart-069-462704,Mobile,+855069462704
Smart-069-462705,Mobile,+855069462705
Smart-069-462706,Mobile,+855069462706
Smart-069-462707,Mobile,+855069462707
Smart-069-462708,Mobile,+855069462708
Smart-069-462709,Mobile,+855069462709
Smart-069-462710,Mobile,+855069462710
Smart-069-462711,Mobile,+855069462711
Smart-069-462712,Mobile,+855069462712
Smart-069-462713,Mobile,+855069462713
Smart-069-462714,Mobile,+855069462714
Smart-069-462715,Mobile,+855069462715
Smart-069-462716,Mobile,+855069462716
Smart-069-462717,Mobile,+855069462717
Smart-069-462718,Mobile,+855069462718
Smart-069-462719,Mobile,+855069462719
Smart-069-462720,Mobile,+855069462720
Smart-069-462721,Mobile,+855069462721
Smart-069-462722,Mobile,+855069462722
Smart-069-462723,Mobile,+855069462723
Smart-069-462724,Mobile,+855069462724
Smart-069-462725,Mobile,+855069462725
Smart-069-462726,Mobile,+855069462726
Smart-069-462727,Mobile,+855069462727
Smart-069-462728,Mobile,+855069462728
Smart-069-462729,Mobile,+855069462729
Smart-069-462730,Mobile,+855069462730
Smart-069-462731,Mobile,+855069462731
Smart-069-462732,Mobile,+855069462732
Smart-069-462733,Mobile,+855069462733
Smart-069-462734,Mobile,+855069462734
Smart-069-462735,Mobile,+855069462735
Smart-069-462736,Mobile,+855069462736
Smart-069-462737,Mobile,+855069462737
Smart-069-462738,Mobile,+855069462738
Smart-069-462739,Mobile,+855069462739
Smart-069-462740,Mobile,+855069462740
Smart-069-462741,Mobile,+855069462741
Smart-069-462742,Mobile,+855069462742
Smart-069-462743,Mobile,+855069462743
Smart-069-462744,Mobile,+855069462744
Smart-069-462745,Mobile,+855069462745
Smart-069-462746,Mobile,+855069462746
Smart-069-462747,Mobile,+855069462747
Smart-069-462748,Mobile,+855069462748
Smart-069-462749,Mobile,+855069462749
Smart-069-462750,Mobile,+855069462750
Smart-069-462751,Mobile,+855069462751
Smart-069-462752,Mobile,+855069462752
Smart-069-462753,Mobile,+855069462753
Smart-069-462754,Mobile,+855069462754
Smart-069-462755,Mobile,+855069462755
Smart-069-462756,Mobile,+855069462756
Smart-069-462757,Mobile,+855069462757
Smart-069-462758,Mobile,+855069462758
Smart-069-462759,Mobile,+855069462759
Smart-069-462760,Mobile,+855069462760
Smart-069-462761,Mobile,+855069462761
Smart-069-462762,Mobile,+855069462762
Smart-069-462763,Mobile,+855069462763
Smart-069-462764,Mobile,+855069462764
Smart-069-462765,Mobile,+855069462765
Smart-069-462766,Mobile,+855069462766
Smart-069-462767,Mobile,+855069462767
Smart-069-462768,Mobile,+855069462768
Smart-069-462769,Mobile,+855069462769
Smart-069-462770,Mobile,+855069462770
Smart-069-462771,Mobile,+855069462771
Smart-069-462772,Mobile,+855069462772
Smart-069-462773,Mobile,+855069462773
Smart-069-462774,Mobile,+855069462774
Smart-069-462775,Mobile,+855069462775
Smart-069-462776,Mobile,+855069462776
Smart-069-462777,Mobile,+855069462777
Smart-069-462778,Mobile,+855069462778
Smart-069-462779,Mobile,+855069462779
Smart-069-462780,Mobile,+855069462780
Smart-069-462781,Mobile,+855069462781
Smart-069-462782,Mobile,+855069462782
Smart-069-462783,Mobile,+855069462783
Smart-069-462784,Mobile,+855069462784
Smart-069-462785,Mobile,+855069462785
Smart-069-462786,Mobile,+855069462786
Smart-069-462787,Mobile,+855069462787
Smart-069-462788,Mobile,+855069462788
Smart-069-462789,Mobile,+855069462789
Smart-069-462790,Mobile,+855069462790
Smart-069-462791,Mobile,+855069462791
Smart-069-462792,Mobile,+855069462792
Smart-069-462793,Mobile,+855069462793
Smart-069-462794,Mobile,+855069462794
Smart-069-462795,Mobile,+855069462795
Smart-069-462796,Mobile,+855069462796
Smart-069-462797,Mobile,+855069462797
Smart-069-462798,Mobile,+855069462798
Smart-069-462799,Mobile,+855069462799
Smart-069-462800,Mobile,+855069462800
Smart-069-462801,Mobile,+855069462801
Smart-069-462802,Mobile,+855069462802
Smart-069-462803,Mobile,+855069462803
Smart-069-462804,Mobile,+855069462804
Smart-069-462805,Mobile,+855069462805
Smart-069-462806,Mobile,+855069462806
Smart-069-462807,Mobile,+855069462807
Smart-069-462808,Mobile,+855069462808
Smart-069-462809,Mobile,+855069462809
Smart-069-462810,Mobile,+855069462810
Smart-069-462811,Mobile,+855069462811
Smart-069-462812,Mobile,+855069462812
Smart-069-462813,Mobile,+855069462813
Smart-069-462814,Mobile,+855069462814
Smart-069-462815,Mobile,+855069462815
Smart-069-462816,Mobile,+855069462816
Smart-069-462817,Mobile,+855069462817
Smart-069-462818,Mobile,+855069462818
Smart-069-462819,Mobile,+855069462819
Smart-069-462820,Mobile,+855069462820
Smart-069-462821,Mobile,+855069462821
Smart-069-462822,Mobile,+855069462822
Smart-069-462823,Mobile,+855069462823
Smart-069-462824,Mobile,+855069462824
Smart-069-462825,Mobile,+855069462825
Smart-069-462826,Mobile,+855069462826
Smart-069-462827,Mobile,+855069462827
Smart-069-462828,Mobile,+855069462828
Smart-069-462829,Mobile,+855069462829
Smart-069-462830,Mobile,+855069462830
Smart-069-462831,Mobile,+855069462831
Smart-069-462832,Mobile,+855069462832
Smart-069-462833,Mobile,+855069462833
Smart-069-462834,Mobile,+855069462834
Smart-069-462835,Mobile,+855069462835
Smart-069-462836,Mobile,+855069462836
Smart-069-462837,Mobile,+855069462837
Smart-069-462838,Mobile,+855069462838
Smart-069-462839,Mobile,+855069462839
Smart-069-462840,Mobile,+855069462840
Smart-069-462841,Mobile,+855069462841
Smart-069-462842,Mobile,+855069462842
Smart-069-462843,Mobile,+855069462843
Smart-069-462844,Mobile,+855069462844
Smart-069-462845,Mobile,+855069462845
Smart-069-462846,Mobile,+855069462846
Smart-069-462847,Mobile,+855069462847
Smart-069-462848,Mobile,+855069462848
Smart-069-462849,Mobile,+855069462849
Smart-069-462850,Mobile,+855069462850
Smart-069-462851,Mobile,+855069462851
Smart-069-462852,Mobile,+855069462852
Smart-069-462853,Mobile,+855069462853
Smart-069-462854,Mobile,+855069462854
Smart-069-462855,Mobile,+855069462855
Smart-069-462856,Mobile,+855069462856
Smart-069-462857,Mobile,+855069462857
Smart-069-462858,Mobile,+855069462858
Smart-069-462859,Mobile,+855069462859
Smart-069-462860,Mobile,+855069462860
Smart-069-462861,Mobile,+855069462861
Smart-069-462862,Mobile,+855069462862
Smart-069-462863,Mobile,+855069462863
Smart-069-462864,Mobile,+855069462864
Smart-069-462865,Mobile,+855069462865
Smart-069-462866,Mobile,+855069462866
Smart-069-462867,Mobile,+855069462867
Smart-069-462868,Mobile,+855069462868
Smart-069-462869,Mobile,+855069462869
Smart-069-462870,Mobile,+855069462870
Smart-069-462871,Mobile,+855069462871
Smart-069-462872,Mobile,+855069462872
Smart-069-462873,Mobile,+855069462873
Smart-069-462874,Mobile,+855069462874
Smart-069-462875,Mobile,+855069462875
Smart-069-462876,Mobile,+855069462876
Smart-069-462877,Mobile,+855069462877
Smart-069-462878,Mobile,+855069462878
Smart-069-462879,Mobile,+855069462879
Smart-069-462880,Mobile,+855069462880
Smart-069-462881,Mobile,+855069462881
Smart-069-462882,Mobile,+855069462882
Smart-069-462883,Mobile,+855069462883
Smart-069-462884,Mobile,+855069462884
Smart-069-462885,Mobile,+855069462885
Smart-069-462886,Mobile,+855069462886
Smart-069-462887,Mobile,+855069462887
Smart-069-462888,Mobile,+855069462888
Smart-069-462889,Mobile,+855069462889
Smart-069-462890,Mobile,+855069462890
Smart-069-462891,Mobile,+855069462891
Smart-069-462892,Mobile,+855069462892
Smart-069-462893,Mobile,+855069462893
Smart-069-462894,Mobile,+855069462894
Smart-069-462895,Mobile,+855069462895
Smart-069-462896,Mobile,+855069462896
Smart-069-462897,Mobile,+855069462897
Smart-069-462898,Mobile,+855069462898
Smart-069-462899,Mobile,+855069462899
Smart-069-462900,Mobile,+855069462900
Smart-069-462901,Mobile,+855069462901
Smart-069-462902,Mobile,+855069462902
Smart-069-462903,Mobile,+855069462903
Smart-069-462904,Mobile,+855069462904
Smart-069-462905,Mobile,+855069462905
Smart-069-462906,Mobile,+855069462906
Smart-069-462907,Mobile,+855069462907
Smart-069-462908,Mobile,+855069462908
Smart-069-462909,Mobile,+855069462909
Smart-069-462910,Mobile,+855069462910
Smart-069-462911,Mobile,+855069462911
Smart-069-462912,Mobile,+855069462912
Smart-069-462913,Mobile,+855069462913
Smart-069-462914,Mobile,+855069462914
Smart-069-462915,Mobile,+855069462915
Smart-069-462916,Mobile,+855069462916
Smart-069-462917,Mobile,+855069462917
Smart-069-462918,Mobile,+855069462918
Smart-069-462919,Mobile,+855069462919
Smart-069-462920,Mobile,+855069462920
Smart-069-462921,Mobile,+855069462921
Smart-069-462922,Mobile,+855069462922
Smart-069-462923,Mobile,+855069462923
Smart-069-462924,Mobile,+855069462924
Smart-069-462925,Mobile,+855069462925
Smart-069-462926,Mobile,+855069462926
Smart-069-462927,Mobile,+855069462927
Smart-069-462928,Mobile,+855069462928
Smart-069-462929,Mobile,+855069462929
Smart-069-462930,Mobile,+855069462930
Smart-069-462931,Mobile,+855069462931
Smart-069-462932,Mobile,+855069462932
Smart-069-462933,Mobile,+855069462933
Smart-069-462934,Mobile,+855069462934
Smart-069-462935,Mobile,+855069462935
Smart-069-462936,Mobile,+855069462936
Smart-069-462937,Mobile,+855069462937
Smart-069-462938,Mobile,+855069462938
Smart-069-462939,Mobile,+855069462939
Smart-069-462940,Mobile,+855069462940
Smart-069-462941,Mobile,+855069462941
Smart-069-462942,Mobile,+855069462942
Smart-069-462943,Mobile,+855069462943
Smart-069-462944,Mobile,+855069462944
Smart-069-462945,Mobile,+855069462945
Smart-069-462946,Mobile,+855069462946
Smart-069-462947,Mobile,+855069462947
Smart-069-462948,Mobile,+855069462948
Smart-069-462949,Mobile,+855069462949
Smart-069-462950,Mobile,+855069462950
Smart-069-462951,Mobile,+855069462951
Smart-069-462952,Mobile,+855069462952
Smart-069-462953,Mobile,+855069462953
Smart-069-462954,Mobile,+855069462954
Smart-069-462955,Mobile,+855069462955
Smart-069-462956,Mobile,+855069462956
Smart-069-462957,Mobile,+855069462957
Smart-069-462958,Mobile,+855069462958
Smart-069-462959,Mobile,+855069462959
Smart-069-462960,Mobile,+855069462960
Smart-069-462961,Mobile,+855069462961
Smart-069-462962,Mobile,+855069462962
Smart-069-462963,Mobile,+855069462963
Smart-069-462964,Mobile,+855069462964
Smart-069-462965,Mobile,+855069462965
Smart-069-462966,Mobile,+855069462966
Smart-069-462967,Mobile,+855069462967
Smart-069-462968,Mobile,+855069462968
Smart-069-462969,Mobile,+855069462969
Smart-069-462970,Mobile,+855069462970
Smart-069-462971,Mobile,+855069462971
Smart-069-462972,Mobile,+855069462972
Smart-069-462973,Mobile,+855069462973
Smart-069-462974,Mobile,+855069462974
Smart-069-462975,Mobile,+855069462975
Smart-069-462976,Mobile,+855069462976
Smart-069-462977,Mobile,+855069462977
Smart-069-462978,Mobile,+855069462978
Smart-069-462979,Mobile,+855069462979
Smart-069-462980,Mobile,+855069462980
Smart-069-462981,Mobile,+855069462981
Smart-069-462982,Mobile,+855069462982
Smart-069-462983,Mobile,+855069462983
Smart-069-462984,Mobile,+855069462984
Smart-069-462985,Mobile,+855069462985
Smart-069-462986,Mobile,+855069462986
Smart-069-462987,Mobile,+855069462987
Smart-069-462988,Mobile,+855069462988
Smart-069-462989,Mobile,+855069462989
Smart-069-462990,Mobile,+855069462990
Smart-069-462991,Mobile,+855069462991
Smart-069-462992,Mobile,+855069462992
Smart-069-462993,Mobile,+855069462993
Smart-069-462994,Mobile,+855069462994
Smart-069-462995,Mobile,+855069462995
Smart-069-462996,Mobile,+855069462996
Smart-069-462997,Mobile,+855069462997
Smart-069-462998,Mobile,+855069462998
Smart-069-462999,Mobile,+855069462999
Smart-069-463000,Mobile,+855069463000
Smart-069-463001,Mobile,+855069463001
Smart-069-463002,Mobile,+855069463002
Smart-069-463003,Mobile,+855069463003
Smart-069-463004,Mobile,+855069463004
Smart-069-463005,Mobile,+855069463005
Smart-069-463006,Mobile,+855069463006
Smart-069-463007,Mobile,+855069463007
Smart-069-463008,Mobile,+855069463008
Smart-069-463009,Mobile,+855069463009
Smart-069-463010,Mobile,+855069463010
Smart-069-463011,Mobile,+855069463011
Smart-069-463012,Mobile,+855069463012
Smart-069-463013,Mobile,+855069463013
Smart-069-463014,Mobile,+855069463014
Smart-069-463015,Mobile,+855069463015
Smart-069-463016,Mobile,+855069463016
Smart-069-463017,Mobile,+855069463017
Smart-069-463018,Mobile,+855069463018
Smart-069-463019,Mobile,+855069463019
Smart-069-463020,Mobile,+855069463020
Smart-069-463021,Mobile,+855069463021
Smart-069-463022,Mobile,+855069463022
Smart-069-463023,Mobile,+855069463023
Smart-069-463024,Mobile,+855069463024
Smart-069-463025,Mobile,+855069463025
Smart-069-463026,Mobile,+855069463026
Smart-069-463027,Mobile,+855069463027
Smart-069-463028,Mobile,+855069463028
Smart-069-463029,Mobile,+855069463029
Smart-069-463030,Mobile,+855069463030
Smart-069-463031,Mobile,+855069463031
Smart-069-463032,Mobile,+855069463032
Smart-069-463033,Mobile,+855069463033
Smart-069-463034,Mobile,+855069463034
Smart-069-463035,Mobile,+855069463035
Smart-069-463036,Mobile,+855069463036
Smart-069-463037,Mobile,+855069463037
Smart-069-463038,Mobile,+855069463038
Smart-069-463039,Mobile,+855069463039
Smart-069-463040,Mobile,+855069463040
Smart-069-463041,Mobile,+855069463041
Smart-069-463042,Mobile,+855069463042
Smart-069-463043,Mobile,+855069463043
Smart-069-463044,Mobile,+855069463044
Smart-069-463045,Mobile,+855069463045
Smart-069-463046,Mobile,+855069463046
Smart-069-463047,Mobile,+855069463047
Smart-069-463048,Mobile,+855069463048
Smart-069-463049,Mobile,+855069463049
Smart-069-463050,Mobile,+855069463050
Smart-069-463051,Mobile,+855069463051
Smart-069-463052,Mobile,+855069463052
Smart-069-463053,Mobile,+855069463053
Smart-069-463054,Mobile,+855069463054
Smart-069-463055,Mobile,+855069463055
Smart-069-463056,Mobile,+855069463056
Smart-069-463057,Mobile,+855069463057
Smart-069-463058,Mobile,+855069463058
Smart-069-463059,Mobile,+855069463059
Smart-069-463060,Mobile,+855069463060
Smart-069-463061,Mobile,+855069463061
Smart-069-463062,Mobile,+855069463062
Smart-069-463063,Mobile,+855069463063
Smart-069-463064,Mobile,+855069463064
Smart-069-463065,Mobile,+855069463065
Smart-069-463066,Mobile,+855069463066
Smart-069-463067,Mobile,+855069463067
Smart-069-463068,Mobile,+855069463068
Smart-069-463069,Mobile,+855069463069
Smart-069-463070,Mobile,+855069463070
Smart-069-463071,Mobile,+855069463071
Smart-069-463072,Mobile,+855069463072
Smart-069-463073,Mobile,+855069463073
Smart-069-463074,Mobile,+855069463074
Smart-069-463075,Mobile,+855069463075
Smart-069-463076,Mobile,+855069463076
Smart-069-463077,Mobile,+855069463077
Smart-069-463078,Mobile,+855069463078
Smart-069-463079,Mobile,+855069463079
Smart-069-463080,Mobile,+855069463080
Smart-069-463081,Mobile,+855069463081
Smart-069-463082,Mobile,+855069463082
Smart-069-463083,Mobile,+855069463083
Smart-069-463084,Mobile,+855069463084
Smart-069-463085,Mobile,+855069463085
Smart-069-463086,Mobile,+855069463086
Smart-069-463087,Mobile,+855069463087
Smart-069-463088,Mobile,+855069463088
Smart-069-463089,Mobile,+855069463089
Smart-069-463090,Mobile,+855069463090
Smart-069-463091,Mobile,+855069463091
Smart-069-463092,Mobile,+855069463092
Smart-069-463093,Mobile,+855069463093
Smart-069-463094,Mobile,+855069463094
Smart-069-463095,Mobile,+855069463095
Smart-069-463096,Mobile,+855069463096
Smart-069-463097,Mobile,+855069463097
Smart-069-463098,Mobile,+855069463098
Smart-069-463099,Mobile,+855069463099
Smart-069-463100,Mobile,+855069463100
Smart-069-463101,Mobile,+855069463101
Smart-069-463102,Mobile,+855069463102
Smart-069-463103,Mobile,+855069463103
Smart-069-463104,Mobile,+855069463104
Smart-069-463105,Mobile,+855069463105
Smart-069-463106,Mobile,+855069463106
Smart-069-463107,Mobile,+855069463107
Smart-069-463108,Mobile,+855069463108
Smart-069-463109,Mobile,+855069463109
Smart-069-463110,Mobile,+855069463110
Smart-069-463111,Mobile,+855069463111
Smart-069-463112,Mobile,+855069463112
Smart-069-463113,Mobile,+855069463113
Smart-069-463114,Mobile,+855069463114
Smart-069-463115,Mobile,+855069463115
Smart-069-463116,Mobile,+855069463116
Smart-069-463117,Mobile,+855069463117
Smart-069-463118,Mobile,+855069463118
Smart-069-463119,Mobile,+855069463119
Smart-069-463120,Mobile,+855069463120
Smart-069-463121,Mobile,+855069463121
Smart-069-463122,Mobile,+855069463122
Smart-069-463123,Mobile,+855069463123
Smart-069-463124,Mobile,+855069463124
Smart-069-463125,Mobile,+855069463125
Smart-069-463126,Mobile,+855069463126
Smart-069-463127,Mobile,+855069463127
Smart-069-463128,Mobile,+855069463128
Smart-069-463129,Mobile,+855069463129
Smart-069-463130,Mobile,+855069463130
Smart-069-463131,Mobile,+855069463131
Smart-069-463132,Mobile,+855069463132
Smart-069-463133,Mobile,+855069463133
Smart-069-463134,Mobile,+855069463134
Smart-069-463135,Mobile,+855069463135
Smart-069-463136,Mobile,+855069463136
Smart-069-463137,Mobile,+855069463137
Smart-069-463138,Mobile,+855069463138
Smart-069-463139,Mobile,+855069463139
Smart-069-463140,Mobile,+855069463140
Smart-069-463141,Mobile,+855069463141
Smart-069-463142,Mobile,+855069463142
Smart-069-463143,Mobile,+855069463143
Smart-069-463144,Mobile,+855069463144
Smart-069-463145,Mobile,+855069463145
Smart-069-463146,Mobile,+855069463146
Smart-069-463147,Mobile,+855069463147
Smart-069-463148,Mobile,+855069463148
Smart-069-463149,Mobile,+855069463149
Smart-069-463150,Mobile,+855069463150
Smart-069-463151,Mobile,+855069463151
Smart-069-463152,Mobile,+855069463152
Smart-069-463153,Mobile,+855069463153
Smart-069-463154,Mobile,+855069463154
Smart-069-463155,Mobile,+855069463155
Smart-069-463156,Mobile,+855069463156
Smart-069-463157,Mobile,+855069463157
Smart-069-463158,Mobile,+855069463158
Smart-069-463159,Mobile,+855069463159
Smart-069-463160,Mobile,+855069463160
Smart-069-463161,Mobile,+855069463161
Smart-069-463162,Mobile,+855069463162
Smart-069-463163,Mobile,+855069463163
Smart-069-463164,Mobile,+855069463164
Smart-069-463165,Mobile,+855069463165
Smart-069-463166,Mobile,+855069463166
Smart-069-463167,Mobile,+855069463167
Smart-069-463168,Mobile,+855069463168
Smart-069-463169,Mobile,+855069463169
Smart-069-463170,Mobile,+855069463170
Smart-069-463171,Mobile,+855069463171
Smart-069-463172,Mobile,+855069463172
Smart-069-463173,Mobile,+855069463173
Smart-069-463174,Mobile,+855069463174
Smart-069-463175,Mobile,+855069463175
Smart-069-463176,Mobile,+855069463176
Smart-069-463177,Mobile,+855069463177
Smart-069-463178,Mobile,+855069463178
Smart-069-463179,Mobile,+855069463179
Smart-069-463180,Mobile,+855069463180
Smart-069-463181,Mobile,+855069463181
Smart-069-463182,Mobile,+855069463182
Smart-069-463183,Mobile,+855069463183
Smart-069-463184,Mobile,+855069463184
Smart-069-463185,Mobile,+855069463185
Smart-069-463186,Mobile,+855069463186
Smart-069-463187,Mobile,+855069463187
Smart-069-463188,Mobile,+855069463188
Smart-069-463189,Mobile,+855069463189
Smart-069-463190,Mobile,+855069463190
Smart-069-463191,Mobile,+855069463191
Smart-069-463192,Mobile,+855069463192
Smart-069-463193,Mobile,+855069463193
Smart-069-463194,Mobile,+855069463194
Smart-069-463195,Mobile,+855069463195
Smart-069-463196,Mobile,+855069463196
Smart-069-463197,Mobile,+855069463197
Smart-069-463198,Mobile,+855069463198
Smart-069-463199,Mobile,+855069463199
Smart-069-463200,Mobile,+855069463200
Smart-069-463201,Mobile,+855069463201
Smart-069-463202,Mobile,+855069463202
Smart-069-463203,Mobile,+855069463203
Smart-069-463204,Mobile,+855069463204
Smart-069-463205,Mobile,+855069463205
Smart-069-463206,Mobile,+855069463206
Smart-069-463207,Mobile,+855069463207
Smart-069-463208,Mobile,+855069463208
Smart-069-463209,Mobile,+855069463209
Smart-069-463210,Mobile,+855069463210
Smart-069-463211,Mobile,+855069463211
Smart-069-463212,Mobile,+855069463212
Smart-069-463213,Mobile,+855069463213
Smart-069-463214,Mobile,+855069463214
Smart-069-463215,Mobile,+855069463215
Smart-069-463216,Mobile,+855069463216
Smart-069-463217,Mobile,+855069463217
Smart-069-463218,Mobile,+855069463218
Smart-069-463219,Mobile,+855069463219
Smart-069-463220,Mobile,+855069463220
Smart-069-463221,Mobile,+855069463221
Smart-069-463222,Mobile,+855069463222
Smart-069-463223,Mobile,+855069463223
Smart-069-463224,Mobile,+855069463224
Smart-069-463225,Mobile,+855069463225
Smart-069-463226,Mobile,+855069463226
Smart-069-463227,Mobile,+855069463227
Smart-069-463228,Mobile,+855069463228
Smart-069-463229,Mobile,+855069463229
Smart-069-463230,Mobile,+855069463230
Smart-069-463231,Mobile,+855069463231
Smart-069-463232,Mobile,+855069463232
Smart-069-463233,Mobile,+855069463233
Smart-069-463234,Mobile,+855069463234
Smart-069-463235,Mobile,+855069463235
Smart-069-463236,Mobile,+855069463236
Smart-069-463237,Mobile,+855069463237
Smart-069-463238,Mobile,+855069463238
Smart-069-463239,Mobile,+855069463239
Smart-069-463240,Mobile,+855069463240
Smart-069-463241,Mobile,+855069463241
Smart-069-463242,Mobile,+855069463242
Smart-069-463243,Mobile,+855069463243
Smart-069-463244,Mobile,+855069463244
Smart-069-463245,Mobile,+855069463245
Smart-069-463246,Mobile,+855069463246
Smart-069-463247,Mobile,+855069463247
Smart-069-463248,Mobile,+855069463248
Smart-069-463249,Mobile,+855069463249
Smart-069-463250,Mobile,+855069463250
Smart-069-463251,Mobile,+855069463251
Smart-069-463252,Mobile,+855069463252
Smart-069-463253,Mobile,+855069463253
Smart-069-463254,Mobile,+855069463254
Smart-069-463255,Mobile,+855069463255
Smart-069-463256,Mobile,+855069463256
Smart-069-463257,Mobile,+855069463257
Smart-069-463258,Mobile,+855069463258
Smart-069-463259,Mobile,+855069463259
Smart-069-463260,Mobile,+855069463260
Smart-069-463261,Mobile,+855069463261
Smart-069-463262,Mobile,+855069463262
Smart-069-463263,Mobile,+855069463263
Smart-069-463264,Mobile,+855069463264
Smart-069-463265,Mobile,+855069463265
Smart-069-463266,Mobile,+855069463266
Smart-069-463267,Mobile,+855069463267
Smart-069-463268,Mobile,+855069463268
Smart-069-463269,Mobile,+855069463269
Smart-069-463270,Mobile,+855069463270
Smart-069-463271,Mobile,+855069463271
Smart-069-463272,Mobile,+855069463272
Smart-069-463273,Mobile,+855069463273
Smart-069-463274,Mobile,+855069463274
Smart-069-463275,Mobile,+855069463275
Smart-069-463276,Mobile,+855069463276
Smart-069-463277,Mobile,+855069463277
Smart-069-463278,Mobile,+855069463278
Smart-069-463279,Mobile,+855069463279
Smart-069-463280,Mobile,+855069463280
Smart-069-463281,Mobile,+855069463281
Smart-069-463282,Mobile,+855069463282
Smart-069-463283,Mobile,+855069463283
Smart-069-463284,Mobile,+855069463284
Smart-069-463285,Mobile,+855069463285
Smart-069-463286,Mobile,+855069463286
Smart-069-463287,Mobile,+855069463287
Smart-069-463288,Mobile,+855069463288
Smart-069-463289,Mobile,+855069463289
Smart-069-463290,Mobile,+855069463290
Smart-069-463291,Mobile,+855069463291
Smart-069-463292,Mobile,+855069463292
Smart-069-463293,Mobile,+855069463293
Smart-069-463294,Mobile,+855069463294
Smart-069-463295,Mobile,+855069463295
Smart-069-463296,Mobile,+855069463296
Smart-069-463297,Mobile,+855069463297
Smart-069-463298,Mobile,+855069463298
Smart-069-463299,Mobile,+855069463299
Smart-069-463300,Mobile,+855069463300
Smart-069-463301,Mobile,+855069463301
Smart-069-463302,Mobile,+855069463302
Smart-069-463303,Mobile,+855069463303
Smart-069-463304,Mobile,+855069463304
Smart-069-463305,Mobile,+855069463305
Smart-069-463306,Mobile,+855069463306
Smart-069-463307,Mobile,+855069463307
Smart-069-463308,Mobile,+855069463308
Smart-069-463309,Mobile,+855069463309
Smart-069-463310,Mobile,+855069463310
Smart-069-463311,Mobile,+855069463311
Smart-069-463312,Mobile,+855069463312
Smart-069-463313,Mobile,+855069463313
Smart-069-463314,Mobile,+855069463314
Smart-069-463315,Mobile,+855069463315
Smart-069-463316,Mobile,+855069463316
Smart-069-463317,Mobile,+855069463317
Smart-069-463318,Mobile,+855069463318
Smart-069-463319,Mobile,+855069463319
Smart-069-463320,Mobile,+855069463320
Smart-069-463321,Mobile,+855069463321
Smart-069-463322,Mobile,+855069463322
Smart-069-463323,Mobile,+855069463323
Smart-069-463324,Mobile,+855069463324
Smart-069-463325,Mobile,+855069463325
Smart-069-463326,Mobile,+855069463326
Smart-069-463327,Mobile,+855069463327
Smart-069-463328,Mobile,+855069463328
Smart-069-463329,Mobile,+855069463329
Smart-069-463330,Mobile,+855069463330
Smart-069-463331,Mobile,+855069463331
Smart-069-463332,Mobile,+855069463332
Smart-069-463333,Mobile,+855069463333
Smart-069-463334,Mobile,+855069463334
Smart-069-463335,Mobile,+855069463335
Smart-069-463336,Mobile,+855069463336
Smart-069-463337,Mobile,+855069463337
Smart-069-463338,Mobile,+855069463338
Smart-069-463339,Mobile,+855069463339
Smart-069-463340,Mobile,+855069463340
Smart-069-463341,Mobile,+855069463341
Smart-069-463342,Mobile,+855069463342
Smart-069-463343,Mobile,+855069463343
Smart-069-463344,Mobile,+855069463344
Smart-069-463345,Mobile,+855069463345
Smart-069-463346,Mobile,+855069463346
Smart-069-463347,Mobile,+855069463347
Smart-069-463348,Mobile,+855069463348
Smart-069-463349,Mobile,+855069463349
Smart-069-463350,Mobile,+855069463350
Smart-069-463351,Mobile,+855069463351
Smart-069-463352,Mobile,+855069463352
Smart-069-463353,Mobile,+855069463353
Smart-069-463354,Mobile,+855069463354
Smart-069-463355,Mobile,+855069463355
Smart-069-463356,Mobile,+855069463356
Smart-069-463357,Mobile,+855069463357
Smart-069-463358,Mobile,+855069463358
Smart-069-463359,Mobile,+855069463359
Smart-069-463360,Mobile,+855069463360
Smart-069-463361,Mobile,+855069463361
Smart-069-463362,Mobile,+855069463362
Smart-069-463363,Mobile,+855069463363
Smart-069-463364,Mobile,+855069463364
Smart-069-463365,Mobile,+855069463365
Smart-069-463366,Mobile,+855069463366
Smart-069-463367,Mobile,+855069463367
Smart-069-463368,Mobile,+855069463368
Smart-069-463369,Mobile,+855069463369
Smart-069-463370,Mobile,+855069463370
Smart-069-463371,Mobile,+855069463371
Smart-069-463372,Mobile,+855069463372
Smart-069-463373,Mobile,+855069463373
Smart-069-463374,Mobile,+855069463374
Smart-069-463375,Mobile,+855069463375
Smart-069-463376,Mobile,+855069463376
Smart-069-463377,Mobile,+855069463377
Smart-069-463378,Mobile,+855069463378
Smart-069-463379,Mobile,+855069463379
Smart-069-463380,Mobile,+855069463380
Smart-069-463381,Mobile,+855069463381
Smart-069-463382,Mobile,+855069463382
Smart-069-463383,Mobile,+855069463383
Smart-069-463384,Mobile,+855069463384
Smart-069-463385,Mobile,+855069463385
Smart-069-463386,Mobile,+855069463386
Smart-069-463387,Mobile,+855069463387
Smart-069-463388,Mobile,+855069463388
Smart-069-463389,Mobile,+855069463389
Smart-069-463390,Mobile,+855069463390
Smart-069-463391,Mobile,+855069463391
Smart-069-463392,Mobile,+855069463392
Smart-069-463393,Mobile,+855069463393
Smart-069-463394,Mobile,+855069463394
Smart-069-463395,Mobile,+855069463395
Smart-069-463396,Mobile,+855069463396
Smart-069-463397,Mobile,+855069463397
Smart-069-463398,Mobile,+855069463398
Smart-069-463399,Mobile,+855069463399
Smart-069-463400,Mobile,+855069463400
Smart-069-463401,Mobile,+855069463401
Smart-069-463402,Mobile,+855069463402
Smart-069-463403,Mobile,+855069463403
Smart-069-463404,Mobile,+855069463404
Smart-069-463405,Mobile,+855069463405
Smart-069-463406,Mobile,+855069463406
Smart-069-463407,Mobile,+855069463407
Smart-069-463408,Mobile,+855069463408
Smart-069-463409,Mobile,+855069463409
Smart-069-463410,Mobile,+855069463410
Smart-069-463411,Mobile,+855069463411
Smart-069-463412,Mobile,+855069463412
Smart-069-463413,Mobile,+855069463413
Smart-069-463414,Mobile,+855069463414
Smart-069-463415,Mobile,+855069463415
Smart-069-463416,Mobile,+855069463416
Smart-069-463417,Mobile,+855069463417
Smart-069-463418,Mobile,+855069463418
Smart-069-463419,Mobile,+855069463419
Smart-069-463420,Mobile,+855069463420
Smart-069-463421,Mobile,+855069463421
Smart-069-463422,Mobile,+855069463422
Smart-069-463423,Mobile,+855069463423
Smart-069-463424,Mobile,+855069463424
Smart-069-463425,Mobile,+855069463425
Smart-069-463426,Mobile,+855069463426
Smart-069-463427,Mobile,+855069463427
Smart-069-463428,Mobile,+855069463428
Smart-069-463429,Mobile,+855069463429
Smart-069-463430,Mobile,+855069463430
Smart-069-463431,Mobile,+855069463431
Smart-069-463432,Mobile,+855069463432
Smart-069-463433,Mobile,+855069463433
Smart-069-463434,Mobile,+855069463434
Smart-069-463435,Mobile,+855069463435
Smart-069-463436,Mobile,+855069463436
Smart-069-463437,Mobile,+855069463437
Smart-069-463438,Mobile,+855069463438
Smart-069-463439,Mobile,+855069463439
Smart-069-463440,Mobile,+855069463440
Smart-069-463441,Mobile,+855069463441
Smart-069-463442,Mobile,+855069463442
Smart-069-463443,Mobile,+855069463443
Smart-069-463444,Mobile,+855069463444
Smart-069-463445,Mobile,+855069463445
Smart-069-463446,Mobile,+855069463446
Smart-069-463447,Mobile,+855069463447
Smart-069-463448,Mobile,+855069463448
Smart-069-463449,Mobile,+855069463449
Smart-069-463450,Mobile,+855069463450
Smart-069-463451,Mobile,+855069463451
Smart-069-463452,Mobile,+855069463452
Smart-069-463453,Mobile,+855069463453
Smart-069-463454,Mobile,+855069463454
Smart-069-463455,Mobile,+855069463455
Smart-069-463456,Mobile,+855069463456
Smart-069-463457,Mobile,+855069463457
Smart-069-463458,Mobile,+855069463458
Smart-069-463459,Mobile,+855069463459
Smart-069-463460,Mobile,+855069463460
Smart-069-463461,Mobile,+855069463461
Smart-069-463462,Mobile,+855069463462
Smart-069-463463,Mobile,+855069463463
Smart-069-463464,Mobile,+855069463464
Smart-069-463465,Mobile,+855069463465
Smart-069-463466,Mobile,+855069463466
Smart-069-463467,Mobile,+855069463467
Smart-069-463468,Mobile,+855069463468
Smart-069-463469,Mobile,+855069463469
Smart-069-463470,Mobile,+855069463470
Smart-069-463471,Mobile,+855069463471
Smart-069-463472,Mobile,+855069463472
Smart-069-463473,Mobile,+855069463473
Smart-069-463474,Mobile,+855069463474
Smart-069-463475,Mobile,+855069463475
Smart-069-463476,Mobile,+855069463476
Smart-069-463477,Mobile,+855069463477
Smart-069-463478,Mobile,+855069463478
Smart-069-463479,Mobile,+855069463479
Smart-069-463480,Mobile,+855069463480
Smart-069-463481,Mobile,+855069463481
Smart-069-463482,Mobile,+855069463482
Smart-069-463483,Mobile,+855069463483
Smart-069-463484,Mobile,+855069463484
Smart-069-463485,Mobile,+855069463485
Smart-069-463486,Mobile,+855069463486
Smart-069-463487,Mobile,+855069463487
Smart-069-463488,Mobile,+855069463488
Smart-069-463489,Mobile,+855069463489
Smart-069-463490,Mobile,+855069463490
Smart-069-463491,Mobile,+855069463491
Smart-069-463492,Mobile,+855069463492
Smart-069-463493,Mobile,+855069463493
Smart-069-463494,Mobile,+855069463494
Smart-069-463495,Mobile,+855069463495
Smart-069-463496,Mobile,+855069463496
Smart-069-463497,Mobile,+855069463497
Smart-069-463498,Mobile,+855069463498
Smart-069-463499,Mobile,+855069463499
Smart-069-463500,Mobile,+855069463500
Smart-069-463501,Mobile,+855069463501
Smart-069-463502,Mobile,+855069463502
Smart-069-463503,Mobile,+855069463503
Smart-069-463504,Mobile,+855069463504
Smart-069-463505,Mobile,+855069463505
Smart-069-463506,Mobile,+855069463506
Smart-069-463507,Mobile,+855069463507
Smart-069-463508,Mobile,+855069463508
Smart-069-463509,Mobile,+855069463509
Smart-069-463510,Mobile,+855069463510
Smart-069-463511,Mobile,+855069463511
Smart-069-463512,Mobile,+855069463512
Smart-069-463513,Mobile,+855069463513
Smart-069-463514,Mobile,+855069463514
Smart-069-463515,Mobile,+855069463515
Smart-069-463516,Mobile,+855069463516
Smart-069-463517,Mobile,+855069463517
Smart-069-463518,Mobile,+855069463518
Smart-069-463519,Mobile,+855069463519
Smart-069-463520,Mobile,+855069463520
Smart-069-463521,Mobile,+855069463521
Smart-069-463522,Mobile,+855069463522
Smart-069-463523,Mobile,+855069463523
Smart-069-463524,Mobile,+855069463524
Smart-069-463525,Mobile,+855069463525
Smart-069-463526,Mobile,+855069463526
Smart-069-463527,Mobile,+855069463527
Smart-069-463528,Mobile,+855069463528
Smart-069-463529,Mobile,+855069463529
Smart-069-463530,Mobile,+855069463530
Smart-069-463531,Mobile,+855069463531
Smart-069-463532,Mobile,+855069463532
Smart-069-463533,Mobile,+855069463533
Smart-069-463534,Mobile,+855069463534
Smart-069-463535,Mobile,+855069463535
Smart-069-463536,Mobile,+855069463536
Smart-069-463537,Mobile,+855069463537
Smart-069-463538,Mobile,+855069463538
Smart-069-463539,Mobile,+855069463539
Smart-069-463540,Mobile,+855069463540
Smart-069-463541,Mobile,+855069463541
Smart-069-463542,Mobile,+855069463542
Smart-069-463543,Mobile,+855069463543
Smart-069-463544,Mobile,+855069463544
Smart-069-463545,Mobile,+855069463545
Smart-069-463546,Mobile,+855069463546
Smart-069-463547,Mobile,+855069463547
Smart-069-463548,Mobile,+855069463548
Smart-069-463549,Mobile,+855069463549
Smart-069-463550,Mobile,+855069463550
Smart-069-463551,Mobile,+855069463551
Smart-069-463552,Mobile,+855069463552
Smart-069-463553,Mobile,+855069463553
Smart-069-463554,Mobile,+855069463554
Smart-069-463555,Mobile,+855069463555
Smart-069-463556,Mobile,+855069463556
Smart-069-463557,Mobile,+855069463557
Smart-069-463558,Mobile,+855069463558
Smart-069-463559,Mobile,+855069463559
Smart-069-463560,Mobile,+855069463560
Smart-069-463561,Mobile,+855069463561
Smart-069-463562,Mobile,+855069463562
Smart-069-463563,Mobile,+855069463563
Smart-069-463564,Mobile,+855069463564
Smart-069-463565,Mobile,+855069463565
Smart-069-463566,Mobile,+855069463566
Smart-069-463567,Mobile,+855069463567
Smart-069-463568,Mobile,+855069463568
Smart-069-463569,Mobile,+855069463569
Smart-069-463570,Mobile,+855069463570
Smart-069-463571,Mobile,+855069463571
Smart-069-463572,Mobile,+855069463572
Smart-069-463573,Mobile,+855069463573
Smart-069-463574,Mobile,+855069463574
Smart-069-463575,Mobile,+855069463575
Smart-069-463576,Mobile,+855069463576
Smart-069-463577,Mobile,+855069463577
Smart-069-463578,Mobile,+855069463578
Smart-069-463579,Mobile,+855069463579
Smart-069-463580,Mobile,+855069463580
Smart-069-463581,Mobile,+855069463581
Smart-069-463582,Mobile,+855069463582
Smart-069-463583,Mobile,+855069463583
Smart-069-463584,Mobile,+855069463584
Smart-069-463585,Mobile,+855069463585
Smart-069-463586,Mobile,+855069463586
Smart-069-463587,Mobile,+855069463587
Smart-069-463588,Mobile,+855069463588
Smart-069-463589,Mobile,+855069463589
Smart-069-463590,Mobile,+855069463590
Smart-069-463591,Mobile,+855069463591
Smart-069-463592,Mobile,+855069463592
Smart-069-463593,Mobile,+855069463593
Smart-069-463594,Mobile,+855069463594
Smart-069-463595,Mobile,+855069463595
Smart-069-463596,Mobile,+855069463596
Smart-069-463597,Mobile,+855069463597
Smart-069-463598,Mobile,+855069463598
Smart-069-463599,Mobile,+855069463599
Smart-069-463600,Mobile,+855069463600
Smart-069-463601,Mobile,+855069463601
Smart-069-463602,Mobile,+855069463602
Smart-069-463603,Mobile,+855069463603
Smart-069-463604,Mobile,+855069463604
Smart-069-463605,Mobile,+855069463605
Smart-069-463606,Mobile,+855069463606
Smart-069-463607,Mobile,+855069463607
Smart-069-463608,Mobile,+855069463608
Smart-069-463609,Mobile,+855069463609
Smart-069-463610,Mobile,+855069463610
Smart-069-463611,Mobile,+855069463611
Smart-069-463612,Mobile,+855069463612
Smart-069-463613,Mobile,+855069463613
Smart-069-463614,Mobile,+855069463614
Smart-069-463615,Mobile,+855069463615
Smart-069-463616,Mobile,+855069463616
Smart-069-463617,Mobile,+855069463617
Smart-069-463618,Mobile,+855069463618
Smart-069-463619,Mobile,+855069463619
Smart-069-463620,Mobile,+855069463620
Smart-069-463621,Mobile,+855069463621
Smart-069-463622,Mobile,+855069463622
Smart-069-463623,Mobile,+855069463623
Smart-069-463624,Mobile,+855069463624
Smart-069-463625,Mobile,+855069463625
Smart-069-463626,Mobile,+855069463626
Smart-069-463627,Mobile,+855069463627
Smart-069-463628,Mobile,+855069463628
Smart-069-463629,Mobile,+855069463629
Smart-069-463630,Mobile,+855069463630
Smart-069-463631,Mobile,+855069463631
Smart-069-463632,Mobile,+855069463632
Smart-069-463633,Mobile,+855069463633
Smart-069-463634,Mobile,+855069463634
Smart-069-463635,Mobile,+855069463635
Smart-069-463636,Mobile,+855069463636
Smart-069-463637,Mobile,+855069463637
Smart-069-463638,Mobile,+855069463638
Smart-069-463639,Mobile,+855069463639
Smart-069-463640,Mobile,+855069463640
Smart-069-463641,Mobile,+855069463641
Smart-069-463642,Mobile,+855069463642
Smart-069-463643,Mobile,+855069463643
Smart-069-463644,Mobile,+855069463644
Smart-069-463645,Mobile,+855069463645
Smart-069-463646,Mobile,+855069463646
Smart-069-463647,Mobile,+855069463647
Smart-069-463648,Mobile,+855069463648
Smart-069-463649,Mobile,+855069463649
Smart-069-463650,Mobile,+855069463650
Smart-069-463651,Mobile,+855069463651
Smart-069-463652,Mobile,+855069463652
Smart-069-463653,Mobile,+855069463653
Smart-069-463654,Mobile,+855069463654
Smart-069-463655,Mobile,+855069463655
Smart-069-463656,Mobile,+855069463656
Smart-069-463657,Mobile,+855069463657
Smart-069-463658,Mobile,+855069463658
Smart-069-463659,Mobile,+855069463659
Smart-069-463660,Mobile,+855069463660
Smart-069-463661,Mobile,+855069463661
Smart-069-463662,Mobile,+855069463662
Smart-069-463663,Mobile,+855069463663
Smart-069-463664,Mobile,+855069463664
Smart-069-463665,Mobile,+855069463665
Smart-069-463666,Mobile,+855069463666
Smart-069-463667,Mobile,+855069463667
Smart-069-463668,Mobile,+855069463668
Smart-069-463669,Mobile,+855069463669
Smart-069-463670,Mobile,+855069463670
Smart-069-463671,Mobile,+855069463671
Smart-069-463672,Mobile,+855069463672
Smart-069-463673,Mobile,+855069463673
Smart-069-463674,Mobile,+855069463674
Smart-069-463675,Mobile,+855069463675
Smart-069-463676,Mobile,+855069463676
Smart-069-463677,Mobile,+855069463677
Smart-069-463678,Mobile,+855069463678
Smart-069-463679,Mobile,+855069463679
Smart-069-463680,Mobile,+855069463680
Smart-069-463681,Mobile,+855069463681
Smart-069-463682,Mobile,+855069463682
Smart-069-463683,Mobile,+855069463683
Smart-069-463684,Mobile,+855069463684
Smart-069-463685,Mobile,+855069463685
Smart-069-463686,Mobile,+855069463686
Smart-069-463687,Mobile,+855069463687
Smart-069-463688,Mobile,+855069463688
Smart-069-463689,Mobile,+855069463689
Smart-069-463690,Mobile,+855069463690
Smart-069-463691,Mobile,+855069463691
Smart-069-463692,Mobile,+855069463692
Smart-069-463693,Mobile,+855069463693
Smart-069-463694,Mobile,+855069463694
Smart-069-463695,Mobile,+855069463695
Smart-069-463696,Mobile,+855069463696
Smart-069-463697,Mobile,+855069463697
Smart-069-463698,Mobile,+855069463698
Smart-069-463699,Mobile,+855069463699
Smart-069-463700,Mobile,+855069463700
Smart-069-463701,Mobile,+855069463701
Smart-069-463702,Mobile,+855069463702
Smart-069-463703,Mobile,+855069463703
Smart-069-463704,Mobile,+855069463704
Smart-069-463705,Mobile,+855069463705
Smart-069-463706,Mobile,+855069463706
Smart-069-463707,Mobile,+855069463707
Smart-069-463708,Mobile,+855069463708
Smart-069-463709,Mobile,+855069463709
Smart-069-463710,Mobile,+855069463710
Smart-069-463711,Mobile,+855069463711
Smart-069-463712,Mobile,+855069463712
Smart-069-463713,Mobile,+855069463713
Smart-069-463714,Mobile,+855069463714
Smart-069-463715,Mobile,+855069463715
Smart-069-463716,Mobile,+855069463716
Smart-069-463717,Mobile,+855069463717
Smart-069-463718,Mobile,+855069463718
Smart-069-463719,Mobile,+855069463719
Smart-069-463720,Mobile,+855069463720
Smart-069-463721,Mobile,+855069463721
Smart-069-463722,Mobile,+855069463722
Smart-069-463723,Mobile,+855069463723
Smart-069-463724,Mobile,+855069463724
Smart-069-463725,Mobile,+855069463725
Smart-069-463726,Mobile,+855069463726
Smart-069-463727,Mobile,+855069463727
Smart-069-463728,Mobile,+855069463728
Smart-069-463729,Mobile,+855069463729
Smart-069-463730,Mobile,+855069463730
Smart-069-463731,Mobile,+855069463731
Smart-069-463732,Mobile,+855069463732
Smart-069-463733,Mobile,+855069463733
Smart-069-463734,Mobile,+855069463734
Smart-069-463735,Mobile,+855069463735
Smart-069-463736,Mobile,+855069463736
Smart-069-463737,Mobile,+855069463737
Smart-069-463738,Mobile,+855069463738
Smart-069-463739,Mobile,+855069463739
Smart-069-463740,Mobile,+855069463740
Smart-069-463741,Mobile,+855069463741
Smart-069-463742,Mobile,+855069463742
Smart-069-463743,Mobile,+855069463743
Smart-069-463744,Mobile,+855069463744
Smart-069-463745,Mobile,+855069463745
Smart-069-463746,Mobile,+855069463746
Smart-069-463747,Mobile,+855069463747
Smart-069-463748,Mobile,+855069463748
Smart-069-463749,Mobile,+855069463749
Smart-069-463750,Mobile,+855069463750
Smart-069-463751,Mobile,+855069463751
Smart-069-463752,Mobile,+855069463752
Smart-069-463753,Mobile,+855069463753
Smart-069-463754,Mobile,+855069463754
Smart-069-463755,Mobile,+855069463755
Smart-069-463756,Mobile,+855069463756
Smart-069-463757,Mobile,+855069463757
Smart-069-463758,Mobile,+855069463758
Smart-069-463759,Mobile,+855069463759
Smart-069-463760,Mobile,+855069463760
Smart-069-463761,Mobile,+855069463761
Smart-069-463762,Mobile,+855069463762
Smart-069-463763,Mobile,+855069463763
Smart-069-463764,Mobile,+855069463764
Smart-069-463765,Mobile,+855069463765
Smart-069-463766,Mobile,+855069463766
Smart-069-463767,Mobile,+855069463767
Smart-069-463768,Mobile,+855069463768
Smart-069-463769,Mobile,+855069463769
Smart-069-463770,Mobile,+855069463770
Smart-069-463771,Mobile,+855069463771
Smart-069-463772,Mobile,+855069463772
Smart-069-463773,Mobile,+855069463773
Smart-069-463774,Mobile,+855069463774
Smart-069-463775,Mobile,+855069463775
Smart-069-463776,Mobile,+855069463776
Smart-069-463777,Mobile,+855069463777
Smart-069-463778,Mobile,+855069463778
Smart-069-463779,Mobile,+855069463779
Smart-069-463780,Mobile,+855069463780
Smart-069-463781,Mobile,+855069463781
Smart-069-463782,Mobile,+855069463782
Smart-069-463783,Mobile,+855069463783
Smart-069-463784,Mobile,+855069463784
Smart-069-463785,Mobile,+855069463785
Smart-069-463786,Mobile,+855069463786
Smart-069-463787,Mobile,+855069463787
Smart-069-463788,Mobile,+855069463788
Smart-069-463789,Mobile,+855069463789
Smart-069-463790,Mobile,+855069463790
Smart-069-463791,Mobile,+855069463791
Smart-069-463792,Mobile,+855069463792
Smart-069-463793,Mobile,+855069463793
Smart-069-463794,Mobile,+855069463794
Smart-069-463795,Mobile,+855069463795
Smart-069-463796,Mobile,+855069463796
Smart-069-463797,Mobile,+855069463797
Smart-069-463798,Mobile,+855069463798
Smart-069-463799,Mobile,+855069463799
Smart-069-463800,Mobile,+855069463800
Smart-069-463801,Mobile,+855069463801
Smart-069-463802,Mobile,+855069463802
Smart-069-463803,Mobile,+855069463803
Smart-069-463804,Mobile,+855069463804
Smart-069-463805,Mobile,+855069463805
Smart-069-463806,Mobile,+855069463806
Smart-069-463807,Mobile,+855069463807
Smart-069-463808,Mobile,+855069463808
Smart-069-463809,Mobile,+855069463809
Smart-069-463810,Mobile,+855069463810
Smart-069-463811,Mobile,+855069463811
Smart-069-463812,Mobile,+855069463812
Smart-069-463813,Mobile,+855069463813
Smart-069-463814,Mobile,+855069463814
Smart-069-463815,Mobile,+855069463815
Smart-069-463816,Mobile,+855069463816
Smart-069-463817,Mobile,+855069463817
Smart-069-463818,Mobile,+855069463818
Smart-069-463819,Mobile,+855069463819
Smart-069-463820,Mobile,+855069463820
Smart-069-463821,Mobile,+855069463821
Smart-069-463822,Mobile,+855069463822
Smart-069-463823,Mobile,+855069463823
Smart-069-463824,Mobile,+855069463824
Smart-069-463825,Mobile,+855069463825
Smart-069-463826,Mobile,+855069463826
Smart-069-463827,Mobile,+855069463827
Smart-069-463828,Mobile,+855069463828
Smart-069-463829,Mobile,+855069463829
Smart-069-463830,Mobile,+855069463830
Smart-069-463831,Mobile,+855069463831
Smart-069-463832,Mobile,+855069463832
Smart-069-463833,Mobile,+855069463833
Smart-069-463834,Mobile,+855069463834
Smart-069-463835,Mobile,+855069463835
Smart-069-463836,Mobile,+855069463836
Smart-069-463837,Mobile,+855069463837
Smart-069-463838,Mobile,+855069463838
Smart-069-463839,Mobile,+855069463839
Smart-069-463840,Mobile,+855069463840
Smart-069-463841,Mobile,+855069463841
Smart-069-463842,Mobile,+855069463842
Smart-069-463843,Mobile,+855069463843
Smart-069-463844,Mobile,+855069463844
Smart-069-463845,Mobile,+855069463845
Smart-069-463846,Mobile,+855069463846
Smart-069-463847,Mobile,+855069463847
Smart-069-463848,Mobile,+855069463848
Smart-069-463849,Mobile,+855069463849
Smart-069-463850,Mobile,+855069463850
Smart-069-463851,Mobile,+855069463851
Smart-069-463852,Mobile,+855069463852
Smart-069-463853,Mobile,+855069463853
Smart-069-463854,Mobile,+855069463854
Smart-069-463855,Mobile,+855069463855
Smart-069-463856,Mobile,+855069463856
Smart-069-463857,Mobile,+855069463857
Smart-069-463858,Mobile,+855069463858
Smart-069-463859,Mobile,+855069463859
Smart-069-463860,Mobile,+855069463860
Smart-069-463861,Mobile,+855069463861
Smart-069-463862,Mobile,+855069463862
Smart-069-463863,Mobile,+855069463863
Smart-069-463864,Mobile,+855069463864
Smart-069-463865,Mobile,+855069463865
Smart-069-463866,Mobile,+855069463866
Smart-069-463867,Mobile,+855069463867
Smart-069-463868,Mobile,+855069463868
Smart-069-463869,Mobile,+855069463869
Smart-069-463870,Mobile,+855069463870
Smart-069-463871,Mobile,+855069463871
Smart-069-463872,Mobile,+855069463872
Smart-069-463873,Mobile,+855069463873
Smart-069-463874,Mobile,+855069463874
Smart-069-463875,Mobile,+855069463875
Smart-069-463876,Mobile,+855069463876
Smart-069-463877,Mobile,+855069463877
Smart-069-463878,Mobile,+855069463878
Smart-069-463879,Mobile,+855069463879
Smart-069-463880,Mobile,+855069463880
Smart-069-463881,Mobile,+855069463881
Smart-069-463882,Mobile,+855069463882
Smart-069-463883,Mobile,+855069463883
Smart-069-463884,Mobile,+855069463884
Smart-069-463885,Mobile,+855069463885
Smart-069-463886,Mobile,+855069463886
Smart-069-463887,Mobile,+855069463887
Smart-069-463888,Mobile,+855069463888
Smart-069-463889,Mobile,+855069463889
Smart-069-463890,Mobile,+855069463890
Smart-069-463891,Mobile,+855069463891
Smart-069-463892,Mobile,+855069463892
Smart-069-463893,Mobile,+855069463893
Smart-069-463894,Mobile,+855069463894
Smart-069-463895,Mobile,+855069463895
Smart-069-463896,Mobile,+855069463896
Smart-069-463897,Mobile,+855069463897
Smart-069-463898,Mobile,+855069463898
Smart-069-463899,Mobile,+855069463899
Smart-069-463900,Mobile,+855069463900
Smart-069-463901,Mobile,+855069463901
Smart-069-463902,Mobile,+855069463902
Smart-069-463903,Mobile,+855069463903
Smart-069-463904,Mobile,+855069463904
Smart-069-463905,Mobile,+855069463905
Smart-069-463906,Mobile,+855069463906
Smart-069-463907,Mobile,+855069463907
Smart-069-463908,Mobile,+855069463908
Smart-069-463909,Mobile,+855069463909
Smart-069-463910,Mobile,+855069463910
Smart-069-463911,Mobile,+855069463911
Smart-069-463912,Mobile,+855069463912
Smart-069-463913,Mobile,+855069463913
Smart-069-463914,Mobile,+855069463914
Smart-069-463915,Mobile,+855069463915
Smart-069-463916,Mobile,+855069463916
Smart-069-463917,Mobile,+855069463917
Smart-069-463918,Mobile,+855069463918
Smart-069-463919,Mobile,+855069463919
Smart-069-463920,Mobile,+855069463920
Smart-069-463921,Mobile,+855069463921
Smart-069-463922,Mobile,+855069463922
Smart-069-463923,Mobile,+855069463923
Smart-069-463924,Mobile,+855069463924
Smart-069-463925,Mobile,+855069463925
Smart-069-463926,Mobile,+855069463926
Smart-069-463927,Mobile,+855069463927
Smart-069-463928,Mobile,+855069463928
Smart-069-463929,Mobile,+855069463929
Smart-069-463930,Mobile,+855069463930
Smart-069-463931,Mobile,+855069463931
Smart-069-463932,Mobile,+855069463932
Smart-069-463933,Mobile,+855069463933
Smart-069-463934,Mobile,+855069463934
Smart-069-463935,Mobile,+855069463935
Smart-069-463936,Mobile,+855069463936
Smart-069-463937,Mobile,+855069463937
Smart-069-463938,Mobile,+855069463938
Smart-069-463939,Mobile,+855069463939
Smart-069-463940,Mobile,+855069463940
Smart-069-463941,Mobile,+855069463941
Smart-069-463942,Mobile,+855069463942
Smart-069-463943,Mobile,+855069463943
Smart-069-463944,Mobile,+855069463944
Smart-069-463945,Mobile,+855069463945
Smart-069-463946,Mobile,+855069463946
Smart-069-463947,Mobile,+855069463947
Smart-069-463948,Mobile,+855069463948
Smart-069-463949,Mobile,+855069463949
Smart-069-463950,Mobile,+855069463950
Smart-069-463951,Mobile,+855069463951
Smart-069-463952,Mobile,+855069463952
Smart-069-463953,Mobile,+855069463953
Smart-069-463954,Mobile,+855069463954
Smart-069-463955,Mobile,+855069463955
Smart-069-463956,Mobile,+855069463956
Smart-069-463957,Mobile,+855069463957
Smart-069-463958,Mobile,+855069463958
Smart-069-463959,Mobile,+855069463959
Smart-069-463960,Mobile,+855069463960
Smart-069-463961,Mobile,+855069463961
Smart-069-463962,Mobile,+855069463962
Smart-069-463963,Mobile,+855069463963
Smart-069-463964,Mobile,+855069463964
Smart-069-463965,Mobile,+855069463965
Smart-069-463966,Mobile,+855069463966
Smart-069-463967,Mobile,+855069463967
Smart-069-463968,Mobile,+855069463968
Smart-069-463969,Mobile,+855069463969
Smart-069-463970,Mobile,+855069463970
Smart-069-463971,Mobile,+855069463971
Smart-069-463972,Mobile,+855069463972
Smart-069-463973,Mobile,+855069463973
Smart-069-463974,Mobile,+855069463974
Smart-069-463975,Mobile,+855069463975
Smart-069-463976,Mobile,+855069463976
Smart-069-463977,Mobile,+855069463977
Smart-069-463978,Mobile,+855069463978
Smart-069-463979,Mobile,+855069463979
Smart-069-463980,Mobile,+855069463980
Smart-069-463981,Mobile,+855069463981
Smart-069-463982,Mobile,+855069463982
Smart-069-463983,Mobile,+855069463983
Smart-069-463984,Mobile,+855069463984
Smart-069-463985,Mobile,+855069463985
Smart-069-463986,Mobile,+855069463986
Smart-069-463987,Mobile,+855069463987
Smart-069-463988,Mobile,+855069463988
Smart-069-463989,Mobile,+855069463989
Smart-069-463990,Mobile,+855069463990
Smart-069-463991,Mobile,+855069463991
Smart-069-463992,Mobile,+855069463992
Smart-069-463993,Mobile,+855069463993
Smart-069-463994,Mobile,+855069463994
Smart-069-463995,Mobile,+855069463995
Smart-069-463996,Mobile,+855069463996
Smart-069-463997,Mobile,+855069463997
Smart-069-463998,Mobile,+855069463998
Smart-069-463999,Mobile,+855069463999
Smart-069-464000,Mobile,+855069464000
Smart-069-464001,Mobile,+855069464001
Smart-069-464002,Mobile,+855069464002
Smart-069-464003,Mobile,+855069464003
Smart-069-464004,Mobile,+855069464004
Smart-069-464005,Mobile,+855069464005
Smart-069-464006,Mobile,+855069464006
Smart-069-464007,Mobile,+855069464007
Smart-069-464008,Mobile,+855069464008
Smart-069-464009,Mobile,+855069464009
Smart-069-464010,Mobile,+855069464010
Smart-069-464011,Mobile,+855069464011
Smart-069-464012,Mobile,+855069464012
Smart-069-464013,Mobile,+855069464013
Smart-069-464014,Mobile,+855069464014
Smart-069-464015,Mobile,+855069464015
Smart-069-464016,Mobile,+855069464016
Smart-069-464017,Mobile,+855069464017
Smart-069-464018,Mobile,+855069464018
Smart-069-464019,Mobile,+855069464019
Smart-069-464020,Mobile,+855069464020
Smart-069-464021,Mobile,+855069464021
Smart-069-464022,Mobile,+855069464022
Smart-069-464023,Mobile,+855069464023
Smart-069-464024,Mobile,+855069464024
Smart-069-464025,Mobile,+855069464025
Smart-069-464026,Mobile,+855069464026
Smart-069-464027,Mobile,+855069464027
Smart-069-464028,Mobile,+855069464028
Smart-069-464029,Mobile,+855069464029
Smart-069-464030,Mobile,+855069464030
Smart-069-464031,Mobile,+855069464031
Smart-069-464032,Mobile,+855069464032
Smart-069-464033,Mobile,+855069464033
Smart-069-464034,Mobile,+855069464034
Smart-069-464035,Mobile,+855069464035
Smart-069-464036,Mobile,+855069464036
Smart-069-464037,Mobile,+855069464037
Smart-069-464038,Mobile,+855069464038
Smart-069-464039,Mobile,+855069464039
Smart-069-464040,Mobile,+855069464040
Smart-069-464041,Mobile,+855069464041
Smart-069-464042,Mobile,+855069464042
Smart-069-464043,Mobile,+855069464043
Smart-069-464044,Mobile,+855069464044
Smart-069-464045,Mobile,+855069464045
Smart-069-464046,Mobile,+855069464046
Smart-069-464047,Mobile,+855069464047
Smart-069-464048,Mobile,+855069464048
Smart-069-464049,Mobile,+855069464049
Smart-069-464050,Mobile,+855069464050
Smart-069-464051,Mobile,+855069464051
Smart-069-464052,Mobile,+855069464052
Smart-069-464053,Mobile,+855069464053
Smart-069-464054,Mobile,+855069464054
Smart-069-464055,Mobile,+855069464055
Smart-069-464056,Mobile,+855069464056
Smart-069-464057,Mobile,+855069464057
Smart-069-464058,Mobile,+855069464058
Smart-069-464059,Mobile,+855069464059
Smart-069-464060,Mobile,+855069464060
Smart-069-464061,Mobile,+855069464061
Smart-069-464062,Mobile,+855069464062
Smart-069-464063,Mobile,+855069464063
Smart-069-464064,Mobile,+855069464064
Smart-069-464065,Mobile,+855069464065
Smart-069-464066,Mobile,+855069464066
Smart-069-464067,Mobile,+855069464067
Smart-069-464068,Mobile,+855069464068
Smart-069-464069,Mobile,+855069464069
Smart-069-464070,Mobile,+855069464070
Smart-069-464071,Mobile,+855069464071
Smart-069-464072,Mobile,+855069464072
Smart-069-464073,Mobile,+855069464073
Smart-069-464074,Mobile,+855069464074
Smart-069-464075,Mobile,+855069464075
Smart-069-464076,Mobile,+855069464076
Smart-069-464077,Mobile,+855069464077
Smart-069-464078,Mobile,+855069464078
Smart-069-464079,Mobile,+855069464079
Smart-069-464080,Mobile,+855069464080
Smart-069-464081,Mobile,+855069464081
Smart-069-464082,Mobile,+855069464082
Smart-069-464083,Mobile,+855069464083
Smart-069-464084,Mobile,+855069464084
Smart-069-464085,Mobile,+855069464085
Smart-069-464086,Mobile,+855069464086
Smart-069-464087,Mobile,+855069464087
Smart-069-464088,Mobile,+855069464088
Smart-069-464089,Mobile,+855069464089
Smart-069-464090,Mobile,+855069464090
Smart-069-464091,Mobile,+855069464091
Smart-069-464092,Mobile,+855069464092
Smart-069-464093,Mobile,+855069464093
Smart-069-464094,Mobile,+855069464094
Smart-069-464095,Mobile,+855069464095
Smart-069-464096,Mobile,+855069464096
Smart-069-464097,Mobile,+855069464097
Smart-069-464098,Mobile,+855069464098
Smart-069-464099,Mobile,+855069464099
Smart-069-464100,Mobile,+855069464100
Smart-069-464101,Mobile,+855069464101
Smart-069-464102,Mobile,+855069464102
Smart-069-464103,Mobile,+855069464103
Smart-069-464104,Mobile,+855069464104
Smart-069-464105,Mobile,+855069464105
Smart-069-464106,Mobile,+855069464106
Smart-069-464107,Mobile,+855069464107
Smart-069-464108,Mobile,+855069464108
Smart-069-464109,Mobile,+855069464109
Smart-069-464110,Mobile,+855069464110
Smart-069-464111,Mobile,+855069464111
Smart-069-464112,Mobile,+855069464112
Smart-069-464113,Mobile,+855069464113
Smart-069-464114,Mobile,+855069464114
Smart-069-464115,Mobile,+855069464115
Smart-069-464116,Mobile,+855069464116
Smart-069-464117,Mobile,+855069464117
Smart-069-464118,Mobile,+855069464118
Smart-069-464119,Mobile,+855069464119
Smart-069-464120,Mobile,+855069464120
Smart-069-464121,Mobile,+855069464121
Smart-069-464122,Mobile,+855069464122
Smart-069-464123,Mobile,+855069464123
Smart-069-464124,Mobile,+855069464124
Smart-069-464125,Mobile,+855069464125
Smart-069-464126,Mobile,+855069464126
Smart-069-464127,Mobile,+855069464127
Smart-069-464128,Mobile,+855069464128
Smart-069-464129,Mobile,+855069464129
Smart-069-464130,Mobile,+855069464130
Smart-069-464131,Mobile,+855069464131
Smart-069-464132,Mobile,+855069464132
Smart-069-464133,Mobile,+855069464133
Smart-069-464134,Mobile,+855069464134
Smart-069-464135,Mobile,+855069464135
Smart-069-464136,Mobile,+855069464136
Smart-069-464137,Mobile,+855069464137
Smart-069-464138,Mobile,+855069464138
Smart-069-464139,Mobile,+855069464139
Smart-069-464140,Mobile,+855069464140
Smart-069-464141,Mobile,+855069464141
Smart-069-464142,Mobile,+855069464142
Smart-069-464143,Mobile,+855069464143
Smart-069-464144,Mobile,+855069464144
Smart-069-464145,Mobile,+855069464145
Smart-069-464146,Mobile,+855069464146
Smart-069-464147,Mobile,+855069464147
Smart-069-464148,Mobile,+855069464148
Smart-069-464149,Mobile,+855069464149
Smart-069-464150,Mobile,+855069464150
Smart-069-464151,Mobile,+855069464151
Smart-069-464152,Mobile,+855069464152
Smart-069-464153,Mobile,+855069464153
Smart-069-464154,Mobile,+855069464154
Smart-069-464155,Mobile,+855069464155
Smart-069-464156,Mobile,+855069464156
Smart-069-464157,Mobile,+855069464157
Smart-069-464158,Mobile,+855069464158
Smart-069-464159,Mobile,+855069464159
Smart-069-464160,Mobile,+855069464160
Smart-069-464161,Mobile,+855069464161
Smart-069-464162,Mobile,+855069464162
Smart-069-464163,Mobile,+855069464163
Smart-069-464164,Mobile,+855069464164
Smart-069-464165,Mobile,+855069464165
Smart-069-464166,Mobile,+855069464166
Smart-069-464167,Mobile,+855069464167
Smart-069-464168,Mobile,+855069464168
Smart-069-464169,Mobile,+855069464169
Smart-069-464170,Mobile,+855069464170
Smart-069-464171,Mobile,+855069464171
Smart-069-464172,Mobile,+855069464172
Smart-069-464173,Mobile,+855069464173
Smart-069-464174,Mobile,+855069464174
Smart-069-464175,Mobile,+855069464175
Smart-069-464176,Mobile,+855069464176
Smart-069-464177,Mobile,+855069464177
Smart-069-464178,Mobile,+855069464178
Smart-069-464179,Mobile,+855069464179
Smart-069-464180,Mobile,+855069464180
Smart-069-464181,Mobile,+855069464181
Smart-069-464182,Mobile,+855069464182
Smart-069-464183,Mobile,+855069464183
Smart-069-464184,Mobile,+855069464184
Smart-069-464185,Mobile,+855069464185
Smart-069-464186,Mobile,+855069464186
Smart-069-464187,Mobile,+855069464187
Smart-069-464188,Mobile,+855069464188
Smart-069-464189,Mobile,+855069464189
Smart-069-464190,Mobile,+855069464190
Smart-069-464191,Mobile,+855069464191
Smart-069-464192,Mobile,+855069464192
Smart-069-464193,Mobile,+855069464193
Smart-069-464194,Mobile,+855069464194
Smart-069-464195,Mobile,+855069464195
Smart-069-464196,Mobile,+855069464196
Smart-069-464197,Mobile,+855069464197
Smart-069-464198,Mobile,+855069464198
Smart-069-464199,Mobile,+855069464199
Smart-069-464200,Mobile,+855069464200
Smart-069-464201,Mobile,+855069464201
Smart-069-464202,Mobile,+855069464202
Smart-069-464203,Mobile,+855069464203
Smart-069-464204,Mobile,+855069464204
Smart-069-464205,Mobile,+855069464205
Smart-069-464206,Mobile,+855069464206
Smart-069-464207,Mobile,+855069464207
Smart-069-464208,Mobile,+855069464208
Smart-069-464209,Mobile,+855069464209
Smart-069-464210,Mobile,+855069464210
Smart-069-464211,Mobile,+855069464211
Smart-069-464212,Mobile,+855069464212
Smart-069-464213,Mobile,+855069464213
Smart-069-464214,Mobile,+855069464214
Smart-069-464215,Mobile,+855069464215
Smart-069-464216,Mobile,+855069464216
Smart-069-464217,Mobile,+855069464217
Smart-069-464218,Mobile,+855069464218
Smart-069-464219,Mobile,+855069464219
Smart-069-464220,Mobile,+855069464220
Smart-069-464221,Mobile,+855069464221
Smart-069-464222,Mobile,+855069464222
Smart-069-464223,Mobile,+855069464223
Smart-069-464224,Mobile,+855069464224
Smart-069-464225,Mobile,+855069464225
Smart-069-464226,Mobile,+855069464226
Smart-069-464227,Mobile,+855069464227
Smart-069-464228,Mobile,+855069464228
Smart-069-464229,Mobile,+855069464229
Smart-069-464230,Mobile,+855069464230
Smart-069-464231,Mobile,+855069464231
Smart-069-464232,Mobile,+855069464232
Smart-069-464233,Mobile,+855069464233
Smart-069-464234,Mobile,+855069464234
Smart-069-464235,Mobile,+855069464235
Smart-069-464236,Mobile,+855069464236
Smart-069-464237,Mobile,+855069464237
Smart-069-464238,Mobile,+855069464238
Smart-069-464239,Mobile,+855069464239
Smart-069-464240,Mobile,+855069464240
Smart-069-464241,Mobile,+855069464241
Smart-069-464242,Mobile,+855069464242
Smart-069-464243,Mobile,+855069464243
Smart-069-464244,Mobile,+855069464244
Smart-069-464245,Mobile,+855069464245
Smart-069-464246,Mobile,+855069464246
Smart-069-464247,Mobile,+855069464247
Smart-069-464248,Mobile,+855069464248
Smart-069-464249,Mobile,+855069464249
Smart-069-464250,Mobile,+855069464250
Smart-069-464251,Mobile,+855069464251
Smart-069-464252,Mobile,+855069464252
Smart-069-464253,Mobile,+855069464253
Smart-069-464254,Mobile,+855069464254
Smart-069-464255,Mobile,+855069464255
Smart-069-464256,Mobile,+855069464256
Smart-069-464257,Mobile,+855069464257
Smart-069-464258,Mobile,+855069464258
Smart-069-464259,Mobile,+855069464259
Smart-069-464260,Mobile,+855069464260
Smart-069-464261,Mobile,+855069464261
Smart-069-464262,Mobile,+855069464262
Smart-069-464263,Mobile,+855069464263
Smart-069-464264,Mobile,+855069464264
Smart-069-464265,Mobile,+855069464265
Smart-069-464266,Mobile,+855069464266
Smart-069-464267,Mobile,+855069464267
Smart-069-464268,Mobile,+855069464268
Smart-069-464269,Mobile,+855069464269
Smart-069-464270,Mobile,+855069464270
Smart-069-464271,Mobile,+855069464271
Smart-069-464272,Mobile,+855069464272
Smart-069-464273,Mobile,+855069464273
Smart-069-464274,Mobile,+855069464274
Smart-069-464275,Mobile,+855069464275
Smart-069-464276,Mobile,+855069464276
Smart-069-464277,Mobile,+855069464277
Smart-069-464278,Mobile,+855069464278
Smart-069-464279,Mobile,+855069464279
Smart-069-464280,Mobile,+855069464280
Smart-069-464281,Mobile,+855069464281
Smart-069-464282,Mobile,+855069464282
Smart-069-464283,Mobile,+855069464283
Smart-069-464284,Mobile,+855069464284
Smart-069-464285,Mobile,+855069464285
Smart-069-464286,Mobile,+855069464286
Smart-069-464287,Mobile,+855069464287
Smart-069-464288,Mobile,+855069464288
Smart-069-464289,Mobile,+855069464289
Smart-069-464290,Mobile,+855069464290
Smart-069-464291,Mobile,+855069464291
Smart-069-464292,Mobile,+855069464292
Smart-069-464293,Mobile,+855069464293
Smart-069-464294,Mobile,+855069464294
Smart-069-464295,Mobile,+855069464295
Smart-069-464296,Mobile,+855069464296
Smart-069-464297,Mobile,+855069464297
Smart-069-464298,Mobile,+855069464298
Smart-069-464299,Mobile,+855069464299
Smart-069-464300,Mobile,+855069464300
Smart-069-464301,Mobile,+855069464301
Smart-069-464302,Mobile,+855069464302
Smart-069-464303,Mobile,+855069464303
Smart-069-464304,Mobile,+855069464304
Smart-069-464305,Mobile,+855069464305
Smart-069-464306,Mobile,+855069464306
Smart-069-464307,Mobile,+855069464307
Smart-069-464308,Mobile,+855069464308
Smart-069-464309,Mobile,+855069464309
Smart-069-464310,Mobile,+855069464310
Smart-069-464311,Mobile,+855069464311
Smart-069-464312,Mobile,+855069464312
Smart-069-464313,Mobile,+855069464313
Smart-069-464314,Mobile,+855069464314
Smart-069-464315,Mobile,+855069464315
Smart-069-464316,Mobile,+855069464316
Smart-069-464317,Mobile,+855069464317
Smart-069-464318,Mobile,+855069464318
Smart-069-464319,Mobile,+855069464319
Smart-069-464320,Mobile,+855069464320
Smart-069-464321,Mobile,+855069464321
Smart-069-464322,Mobile,+855069464322
Smart-069-464323,Mobile,+855069464323
Smart-069-464324,Mobile,+855069464324
Smart-069-464325,Mobile,+855069464325
Smart-069-464326,Mobile,+855069464326
Smart-069-464327,Mobile,+855069464327
Smart-069-464328,Mobile,+855069464328
Smart-069-464329,Mobile,+855069464329
Smart-069-464330,Mobile,+855069464330
Smart-069-464331,Mobile,+855069464331
Smart-069-464332,Mobile,+855069464332
Smart-069-464333,Mobile,+855069464333
Smart-069-464334,Mobile,+855069464334
Smart-069-464335,Mobile,+855069464335
Smart-069-464336,Mobile,+855069464336
Smart-069-464337,Mobile,+855069464337
Smart-069-464338,Mobile,+855069464338
Smart-069-464339,Mobile,+855069464339
Smart-069-464340,Mobile,+855069464340
Smart-069-464341,Mobile,+855069464341
Smart-069-464342,Mobile,+855069464342
Smart-069-464343,Mobile,+855069464343
Smart-069-464344,Mobile,+855069464344
Smart-069-464345,Mobile,+855069464345
Smart-069-464346,Mobile,+855069464346
Smart-069-464347,Mobile,+855069464347
Smart-069-464348,Mobile,+855069464348
Smart-069-464349,Mobile,+855069464349
Smart-069-464350,Mobile,+855069464350
Smart-069-464351,Mobile,+855069464351
Smart-069-464352,Mobile,+855069464352
Smart-069-464353,Mobile,+855069464353
Smart-069-464354,Mobile,+855069464354
Smart-069-464355,Mobile,+855069464355
Smart-069-464356,Mobile,+855069464356
Smart-069-464357,Mobile,+855069464357
Smart-069-464358,Mobile,+855069464358
Smart-069-464359,Mobile,+855069464359
Smart-069-464360,Mobile,+855069464360
Smart-069-464361,Mobile,+855069464361
Smart-069-464362,Mobile,+855069464362
Smart-069-464363,Mobile,+855069464363
Smart-069-464364,Mobile,+855069464364
Smart-069-464365,Mobile,+855069464365
Smart-069-464366,Mobile,+855069464366
Smart-069-464367,Mobile,+855069464367
Smart-069-464368,Mobile,+855069464368
Smart-069-464369,Mobile,+855069464369
Smart-069-464370,Mobile,+855069464370
Smart-069-464371,Mobile,+855069464371
Smart-069-464372,Mobile,+855069464372
Smart-069-464373,Mobile,+855069464373
Smart-069-464374,Mobile,+855069464374
Smart-069-464375,Mobile,+855069464375
Smart-069-464376,Mobile,+855069464376
Smart-069-464377,Mobile,+855069464377
Smart-069-464378,Mobile,+855069464378
Smart-069-464379,Mobile,+855069464379
Smart-069-464380,Mobile,+855069464380
Smart-069-464381,Mobile,+855069464381
Smart-069-464382,Mobile,+855069464382
Smart-069-464383,Mobile,+855069464383
Smart-069-464384,Mobile,+855069464384
Smart-069-464385,Mobile,+855069464385
Smart-069-464386,Mobile,+855069464386
Smart-069-464387,Mobile,+855069464387
Smart-069-464388,Mobile,+855069464388
Smart-069-464389,Mobile,+855069464389
Smart-069-464390,Mobile,+855069464390
Smart-069-464391,Mobile,+855069464391
Smart-069-464392,Mobile,+855069464392
Smart-069-464393,Mobile,+855069464393
Smart-069-464394,Mobile,+855069464394
Smart-069-464395,Mobile,+855069464395
Smart-069-464396,Mobile,+855069464396
Smart-069-464397,Mobile,+855069464397
Smart-069-464398,Mobile,+855069464398
Smart-069-464399,Mobile,+855069464399
Smart-069-464400,Mobile,+855069464400
Smart-069-464401,Mobile,+855069464401
Smart-069-464402,Mobile,+855069464402
Smart-069-464403,Mobile,+855069464403
Smart-069-464404,Mobile,+855069464404
Smart-069-464405,Mobile,+855069464405
Smart-069-464406,Mobile,+855069464406
Smart-069-464407,Mobile,+855069464407
Smart-069-464408,Mobile,+855069464408
Smart-069-464409,Mobile,+855069464409
Smart-069-464410,Mobile,+855069464410
Smart-069-464411,Mobile,+855069464411
Smart-069-464412,Mobile,+855069464412
Smart-069-464413,Mobile,+855069464413
Smart-069-464414,Mobile,+855069464414
Smart-069-464415,Mobile,+855069464415
Smart-069-464416,Mobile,+855069464416
Smart-069-464417,Mobile,+855069464417
Smart-069-464418,Mobile,+855069464418
Smart-069-464419,Mobile,+855069464419
Smart-069-464420,Mobile,+855069464420
Smart-069-464421,Mobile,+855069464421
Smart-069-464422,Mobile,+855069464422
Smart-069-464423,Mobile,+855069464423
Smart-069-464424,Mobile,+855069464424
Smart-069-464425,Mobile,+855069464425
Smart-069-464426,Mobile,+855069464426
Smart-069-464427,Mobile,+855069464427
Smart-069-464428,Mobile,+855069464428
Smart-069-464429,Mobile,+855069464429
Smart-069-464430,Mobile,+855069464430
Smart-069-464431,Mobile,+855069464431
Smart-069-464432,Mobile,+855069464432
Smart-069-464433,Mobile,+855069464433
Smart-069-464434,Mobile,+855069464434
Smart-069-464435,Mobile,+855069464435
Smart-069-464436,Mobile,+855069464436
Smart-069-464437,Mobile,+855069464437
Smart-069-464438,Mobile,+855069464438
Smart-069-464439,Mobile,+855069464439
Smart-069-464440,Mobile,+855069464440
Smart-069-464441,Mobile,+855069464441
Smart-069-464442,Mobile,+855069464442
Smart-069-464443,Mobile,+855069464443
Smart-069-464444,Mobile,+855069464444
Smart-069-464445,Mobile,+855069464445
Smart-069-464446,Mobile,+855069464446
Smart-069-464447,Mobile,+855069464447
Smart-069-464448,Mobile,+855069464448
Smart-069-464449,Mobile,+855069464449
Smart-069-464450,Mobile,+855069464450
Smart-069-464451,Mobile,+855069464451
Smart-069-464452,Mobile,+855069464452
Smart-069-464453,Mobile,+855069464453
Smart-069-464454,Mobile,+855069464454
Smart-069-464455,Mobile,+855069464455
Smart-069-464456,Mobile,+855069464456
Smart-069-464457,Mobile,+855069464457
Smart-069-464458,Mobile,+855069464458
Smart-069-464459,Mobile,+855069464459
Smart-069-464460,Mobile,+855069464460
Smart-069-464461,Mobile,+855069464461
Smart-069-464462,Mobile,+855069464462
Smart-069-464463,Mobile,+855069464463
Smart-069-464464,Mobile,+855069464464
Smart-069-464465,Mobile,+855069464465
Smart-069-464466,Mobile,+855069464466
Smart-069-464467,Mobile,+855069464467
Smart-069-464468,Mobile,+855069464468
Smart-069-464469,Mobile,+855069464469
Smart-069-464470,Mobile,+855069464470
Smart-069-464471,Mobile,+855069464471
Smart-069-464472,Mobile,+855069464472
Smart-069-464473,Mobile,+855069464473
Smart-069-464474,Mobile,+855069464474
Smart-069-464475,Mobile,+855069464475
Smart-069-464476,Mobile,+855069464476
Smart-069-464477,Mobile,+855069464477
Smart-069-464478,Mobile,+855069464478
Smart-069-464479,Mobile,+855069464479
Smart-069-464480,Mobile,+855069464480
Smart-069-464481,Mobile,+855069464481
Smart-069-464482,Mobile,+855069464482
Smart-069-464483,Mobile,+855069464483
Smart-069-464484,Mobile,+855069464484
Smart-069-464485,Mobile,+855069464485
Smart-069-464486,Mobile,+855069464486
Smart-069-464487,Mobile,+855069464487
Smart-069-464488,Mobile,+855069464488
Smart-069-464489,Mobile,+855069464489
Smart-069-464490,Mobile,+855069464490
Smart-069-464491,Mobile,+855069464491
Smart-069-464492,Mobile,+855069464492
Smart-069-464493,Mobile,+855069464493
Smart-069-464494,Mobile,+855069464494
Smart-069-464495,Mobile,+855069464495
Smart-069-464496,Mobile,+855069464496
Smart-069-464497,Mobile,+855069464497
Smart-069-464498,Mobile,+855069464498
Smart-069-464499,Mobile,+855069464499
Smart-069-464500,Mobile,+855069464500
Smart-069-464501,Mobile,+855069464501
Smart-069-464502,Mobile,+855069464502
Smart-069-464503,Mobile,+855069464503
Smart-069-464504,Mobile,+855069464504
Smart-069-464505,Mobile,+855069464505
Smart-069-464506,Mobile,+855069464506
Smart-069-464507,Mobile,+855069464507
Smart-069-464508,Mobile,+855069464508
Smart-069-464509,Mobile,+855069464509
Smart-069-464510,Mobile,+855069464510
Smart-069-464511,Mobile,+855069464511
Smart-069-464512,Mobile,+855069464512
Smart-069-464513,Mobile,+855069464513
Smart-069-464514,Mobile,+855069464514
Smart-069-464515,Mobile,+855069464515
Smart-069-464516,Mobile,+855069464516
Smart-069-464517,Mobile,+855069464517
Smart-069-464518,Mobile,+855069464518
Smart-069-464519,Mobile,+855069464519
Smart-069-464520,Mobile,+855069464520
Smart-069-464521,Mobile,+855069464521
Smart-069-464522,Mobile,+855069464522
Smart-069-464523,Mobile,+855069464523
Smart-069-464524,Mobile,+855069464524
Smart-069-464525,Mobile,+855069464525
Smart-069-464526,Mobile,+855069464526
Smart-069-464527,Mobile,+855069464527
Smart-069-464528,Mobile,+855069464528
Smart-069-464529,Mobile,+855069464529
Smart-069-464530,Mobile,+855069464530
Smart-069-464531,Mobile,+855069464531
Smart-069-464532,Mobile,+855069464532
Smart-069-464533,Mobile,+855069464533
Smart-069-464534,Mobile,+855069464534
Smart-069-464535,Mobile,+855069464535
Smart-069-464536,Mobile,+855069464536
Smart-069-464537,Mobile,+855069464537
Smart-069-464538,Mobile,+855069464538
Smart-069-464539,Mobile,+855069464539
Smart-069-464540,Mobile,+855069464540
Smart-069-464541,Mobile,+855069464541
Smart-069-464542,Mobile,+855069464542
Smart-069-464543,Mobile,+855069464543
Smart-069-464544,Mobile,+855069464544
Smart-069-464545,Mobile,+855069464545
Smart-069-464546,Mobile,+855069464546
Smart-069-464547,Mobile,+855069464547
Smart-069-464548,Mobile,+855069464548
Smart-069-464549,Mobile,+855069464549
Smart-069-464550,Mobile,+855069464550
Smart-069-464551,Mobile,+855069464551
Smart-069-464552,Mobile,+855069464552
Smart-069-464553,Mobile,+855069464553
Smart-069-464554,Mobile,+855069464554
Smart-069-464555,Mobile,+855069464555
Smart-069-464556,Mobile,+855069464556
Smart-069-464557,Mobile,+855069464557
Smart-069-464558,Mobile,+855069464558
Smart-069-464559,Mobile,+855069464559
Smart-069-464560,Mobile,+855069464560
Smart-069-464561,Mobile,+855069464561
Smart-069-464562,Mobile,+855069464562
Smart-069-464563,Mobile,+855069464563
Smart-069-464564,Mobile,+855069464564
Smart-069-464565,Mobile,+855069464565
Smart-069-464566,Mobile,+855069464566
Smart-069-464567,Mobile,+855069464567
Smart-069-464568,Mobile,+855069464568
Smart-069-464569,Mobile,+855069464569
Smart-069-464570,Mobile,+855069464570
Smart-069-464571,Mobile,+855069464571
Smart-069-464572,Mobile,+855069464572
Smart-069-464573,Mobile,+855069464573
Smart-069-464574,Mobile,+855069464574
Smart-069-464575,Mobile,+855069464575
Smart-069-464576,Mobile,+855069464576
Smart-069-464577,Mobile,+855069464577
Smart-069-464578,Mobile,+855069464578
Smart-069-464579,Mobile,+855069464579
Smart-069-464580,Mobile,+855069464580
Smart-069-464581,Mobile,+855069464581
Smart-069-464582,Mobile,+855069464582
Smart-069-464583,Mobile,+855069464583
Smart-069-464584,Mobile,+855069464584
Smart-069-464585,Mobile,+855069464585
Smart-069-464586,Mobile,+855069464586
Smart-069-464587,Mobile,+855069464587
Smart-069-464588,Mobile,+855069464588
Smart-069-464589,Mobile,+855069464589
Smart-069-464590,Mobile,+855069464590
Smart-069-464591,Mobile,+855069464591
Smart-069-464592,Mobile,+855069464592
Smart-069-464593,Mobile,+855069464593
Smart-069-464594,Mobile,+855069464594
Smart-069-464595,Mobile,+855069464595
Smart-069-464596,Mobile,+855069464596
Smart-069-464597,Mobile,+855069464597
Smart-069-464598,Mobile,+855069464598
Smart-069-464599,Mobile,+855069464599
Smart-069-464600,Mobile,+855069464600
Smart-069-464601,Mobile,+855069464601
Smart-069-464602,Mobile,+855069464602
Smart-069-464603,Mobile,+855069464603
Smart-069-464604,Mobile,+855069464604
Smart-069-464605,Mobile,+855069464605
Smart-069-464606,Mobile,+855069464606
Smart-069-464607,Mobile,+855069464607
Smart-069-464608,Mobile,+855069464608
Smart-069-464609,Mobile,+855069464609
Smart-069-464610,Mobile,+855069464610
Smart-069-464611,Mobile,+855069464611
Smart-069-464612,Mobile,+855069464612
Smart-069-464613,Mobile,+855069464613
Smart-069-464614,Mobile,+855069464614
Smart-069-464615,Mobile,+855069464615
Smart-069-464616,Mobile,+855069464616
Smart-069-464617,Mobile,+855069464617
Smart-069-464618,Mobile,+855069464618
Smart-069-464619,Mobile,+855069464619
Smart-069-464620,Mobile,+855069464620
Smart-069-464621,Mobile,+855069464621
Smart-069-464622,Mobile,+855069464622
Smart-069-464623,Mobile,+855069464623
Smart-069-464624,Mobile,+855069464624
Smart-069-464625,Mobile,+855069464625
Smart-069-464626,Mobile,+855069464626
Smart-069-464627,Mobile,+855069464627
Smart-069-464628,Mobile,+855069464628
Smart-069-464629,Mobile,+855069464629
Smart-069-464630,Mobile,+855069464630
Smart-069-464631,Mobile,+855069464631
Smart-069-464632,Mobile,+855069464632
Smart-069-464633,Mobile,+855069464633
Smart-069-464634,Mobile,+855069464634
Smart-069-464635,Mobile,+855069464635
Smart-069-464636,Mobile,+855069464636
Smart-069-464637,Mobile,+855069464637
Smart-069-464638,Mobile,+855069464638
Smart-069-464639,Mobile,+855069464639
Smart-069-464640,Mobile,+855069464640
Smart-069-464641,Mobile,+855069464641
Smart-069-464642,Mobile,+855069464642
Smart-069-464643,Mobile,+855069464643
Smart-069-464644,Mobile,+855069464644
Smart-069-464645,Mobile,+855069464645
Smart-069-464646,Mobile,+855069464646
Smart-069-464647,Mobile,+855069464647
Smart-069-464648,Mobile,+855069464648
Smart-069-464649,Mobile,+855069464649
Smart-069-464650,Mobile,+855069464650
Smart-069-464651,Mobile,+855069464651
Smart-069-464652,Mobile,+855069464652
Smart-069-464653,Mobile,+855069464653
Smart-069-464654,Mobile,+855069464654
Smart-069-464655,Mobile,+855069464655
Smart-069-464656,Mobile,+855069464656
Smart-069-464657,Mobile,+855069464657
Smart-069-464658,Mobile,+855069464658
Smart-069-464659,Mobile,+855069464659
Smart-069-464660,Mobile,+855069464660
Smart-069-464661,Mobile,+855069464661
Smart-069-464662,Mobile,+855069464662
Smart-069-464663,Mobile,+855069464663
Smart-069-464664,Mobile,+855069464664
Smart-069-464665,Mobile,+855069464665
Smart-069-464666,Mobile,+855069464666
Smart-069-464667,Mobile,+855069464667
Smart-069-464668,Mobile,+855069464668
Smart-069-464669,Mobile,+855069464669
Smart-069-464670,Mobile,+855069464670
Smart-069-464671,Mobile,+855069464671
Smart-069-464672,Mobile,+855069464672
Smart-069-464673,Mobile,+855069464673
Smart-069-464674,Mobile,+855069464674
Smart-069-464675,Mobile,+855069464675
Smart-069-464676,Mobile,+855069464676
Smart-069-464677,Mobile,+855069464677
Smart-069-464678,Mobile,+855069464678
Smart-069-464679,Mobile,+855069464679
Smart-069-464680,Mobile,+855069464680
Smart-069-464681,Mobile,+855069464681
Smart-069-464682,Mobile,+855069464682
Smart-069-464683,Mobile,+855069464683
Smart-069-464684,Mobile,+855069464684
Smart-069-464685,Mobile,+855069464685
Smart-069-464686,Mobile,+855069464686
Smart-069-464687,Mobile,+855069464687
Smart-069-464688,Mobile,+855069464688
Smart-069-464689,Mobile,+855069464689
Smart-069-464690,Mobile,+855069464690
Smart-069-464691,Mobile,+855069464691
Smart-069-464692,Mobile,+855069464692
Smart-069-464693,Mobile,+855069464693
Smart-069-464694,Mobile,+855069464694
Smart-069-464695,Mobile,+855069464695
Smart-069-464696,Mobile,+855069464696
Smart-069-464697,Mobile,+855069464697
Smart-069-464698,Mobile,+855069464698
Smart-069-464699,Mobile,+855069464699
Smart-069-464700,Mobile,+855069464700
Smart-069-464701,Mobile,+855069464701
Smart-069-464702,Mobile,+855069464702
Smart-069-464703,Mobile,+855069464703
Smart-069-464704,Mobile,+855069464704
Smart-069-464705,Mobile,+855069464705
Smart-069-464706,Mobile,+855069464706
Smart-069-464707,Mobile,+855069464707
Smart-069-464708,Mobile,+855069464708
Smart-069-464709,Mobile,+855069464709
Smart-069-464710,Mobile,+855069464710
Smart-069-464711,Mobile,+855069464711
Smart-069-464712,Mobile,+855069464712
Smart-069-464713,Mobile,+855069464713
Smart-069-464714,Mobile,+855069464714
Smart-069-464715,Mobile,+855069464715
Smart-069-464716,Mobile,+855069464716
Smart-069-464717,Mobile,+855069464717
Smart-069-464718,Mobile,+855069464718
Smart-069-464719,Mobile,+855069464719
Smart-069-464720,Mobile,+855069464720
Smart-069-464721,Mobile,+855069464721
Smart-069-464722,Mobile,+855069464722
Smart-069-464723,Mobile,+855069464723
Smart-069-464724,Mobile,+855069464724
Smart-069-464725,Mobile,+855069464725
Smart-069-464726,Mobile,+855069464726
Smart-069-464727,Mobile,+855069464727
Smart-069-464728,Mobile,+855069464728
Smart-069-464729,Mobile,+855069464729
Smart-069-464730,Mobile,+855069464730
Smart-069-464731,Mobile,+855069464731
Smart-069-464732,Mobile,+855069464732
Smart-069-464733,Mobile,+855069464733
Smart-069-464734,Mobile,+855069464734
Smart-069-464735,Mobile,+855069464735
Smart-069-464736,Mobile,+855069464736
Smart-069-464737,Mobile,+855069464737
Smart-069-464738,Mobile,+855069464738
Smart-069-464739,Mobile,+855069464739
Smart-069-464740,Mobile,+855069464740
Smart-069-464741,Mobile,+855069464741
Smart-069-464742,Mobile,+855069464742
Smart-069-464743,Mobile,+855069464743
Smart-069-464744,Mobile,+855069464744
Smart-069-464745,Mobile,+855069464745
Smart-069-464746,Mobile,+855069464746
Smart-069-464747,Mobile,+855069464747
Smart-069-464748,Mobile,+855069464748
Smart-069-464749,Mobile,+855069464749
Smart-069-464750,Mobile,+855069464750
Smart-069-464751,Mobile,+855069464751
Smart-069-464752,Mobile,+855069464752
Smart-069-464753,Mobile,+855069464753
Smart-069-464754,Mobile,+855069464754
Smart-069-464755,Mobile,+855069464755
Smart-069-464756,Mobile,+855069464756
Smart-069-464757,Mobile,+855069464757
Smart-069-464758,Mobile,+855069464758
Smart-069-464759,Mobile,+855069464759
Smart-069-464760,Mobile,+855069464760
Smart-069-464761,Mobile,+855069464761
Smart-069-464762,Mobile,+855069464762
Smart-069-464763,Mobile,+855069464763
Smart-069-464764,Mobile,+855069464764
Smart-069-464765,Mobile,+855069464765
Smart-069-464766,Mobile,+855069464766
Smart-069-464767,Mobile,+855069464767
Smart-069-464768,Mobile,+855069464768
Smart-069-464769,Mobile,+855069464769
Smart-069-464770,Mobile,+855069464770
Smart-069-464771,Mobile,+855069464771
Smart-069-464772,Mobile,+855069464772
Smart-069-464773,Mobile,+855069464773
Smart-069-464774,Mobile,+855069464774
Smart-069-464775,Mobile,+855069464775
Smart-069-464776,Mobile,+855069464776
Smart-069-464777,Mobile,+855069464777
Smart-069-464778,Mobile,+855069464778
Smart-069-464779,Mobile,+855069464779
Smart-069-464780,Mobile,+855069464780
Smart-069-464781,Mobile,+855069464781
Smart-069-464782,Mobile,+855069464782
Smart-069-464783,Mobile,+855069464783
Smart-069-464784,Mobile,+855069464784
Smart-069-464785,Mobile,+855069464785
Smart-069-464786,Mobile,+855069464786
Smart-069-464787,Mobile,+855069464787
Smart-069-464788,Mobile,+855069464788
Smart-069-464789,Mobile,+855069464789
Smart-069-464790,Mobile,+855069464790
Smart-069-464791,Mobile,+855069464791
Smart-069-464792,Mobile,+855069464792
Smart-069-464793,Mobile,+855069464793
Smart-069-464794,Mobile,+855069464794
Smart-069-464795,Mobile,+855069464795
Smart-069-464796,Mobile,+855069464796
Smart-069-464797,Mobile,+855069464797
Smart-069-464798,Mobile,+855069464798
Smart-069-464799,Mobile,+855069464799
Smart-069-464800,Mobile,+855069464800
Smart-069-464801,Mobile,+855069464801
Smart-069-464802,Mobile,+855069464802
Smart-069-464803,Mobile,+855069464803
Smart-069-464804,Mobile,+855069464804
Smart-069-464805,Mobile,+855069464805
Smart-069-464806,Mobile,+855069464806
Smart-069-464807,Mobile,+855069464807
Smart-069-464808,Mobile,+855069464808
Smart-069-464809,Mobile,+855069464809
Smart-069-464810,Mobile,+855069464810
Smart-069-464811,Mobile,+855069464811
Smart-069-464812,Mobile,+855069464812
Smart-069-464813,Mobile,+855069464813
Smart-069-464814,Mobile,+855069464814
Smart-069-464815,Mobile,+855069464815
Smart-069-464816,Mobile,+855069464816
Smart-069-464817,Mobile,+855069464817
Smart-069-464818,Mobile,+855069464818
Smart-069-464819,Mobile,+855069464819
Smart-069-464820,Mobile,+855069464820
Smart-069-464821,Mobile,+855069464821
Smart-069-464822,Mobile,+855069464822
Smart-069-464823,Mobile,+855069464823
Smart-069-464824,Mobile,+855069464824
Smart-069-464825,Mobile,+855069464825
Smart-069-464826,Mobile,+855069464826
Smart-069-464827,Mobile,+855069464827
Smart-069-464828,Mobile,+855069464828
Smart-069-464829,Mobile,+855069464829
Smart-069-464830,Mobile,+855069464830
Smart-069-464831,Mobile,+855069464831
Smart-069-464832,Mobile,+855069464832
Smart-069-464833,Mobile,+855069464833
Smart-069-464834,Mobile,+855069464834
Smart-069-464835,Mobile,+855069464835
Smart-069-464836,Mobile,+855069464836
Smart-069-464837,Mobile,+855069464837
Smart-069-464838,Mobile,+855069464838
Smart-069-464839,Mobile,+855069464839
Smart-069-464840,Mobile,+855069464840
Smart-069-464841,Mobile,+855069464841
Smart-069-464842,Mobile,+855069464842
Smart-069-464843,Mobile,+855069464843
Smart-069-464844,Mobile,+855069464844
Smart-069-464845,Mobile,+855069464845
Smart-069-464846,Mobile,+855069464846
Smart-069-464847,Mobile,+855069464847
Smart-069-464848,Mobile,+855069464848
Smart-069-464849,Mobile,+855069464849
Smart-069-464850,Mobile,+855069464850
Smart-069-464851,Mobile,+855069464851
Smart-069-464852,Mobile,+855069464852
Smart-069-464853,Mobile,+855069464853
Smart-069-464854,Mobile,+855069464854
Smart-069-464855,Mobile,+855069464855
Smart-069-464856,Mobile,+855069464856
Smart-069-464857,Mobile,+855069464857
Smart-069-464858,Mobile,+855069464858
Smart-069-464859,Mobile,+855069464859
Smart-069-464860,Mobile,+855069464860
Smart-069-464861,Mobile,+855069464861
Smart-069-464862,Mobile,+855069464862
Smart-069-464863,Mobile,+855069464863
Smart-069-464864,Mobile,+855069464864
Smart-069-464865,Mobile,+855069464865
Smart-069-464866,Mobile,+855069464866
Smart-069-464867,Mobile,+855069464867
Smart-069-464868,Mobile,+855069464868
Smart-069-464869,Mobile,+855069464869
Smart-069-464870,Mobile,+855069464870
Smart-069-464871,Mobile,+855069464871
Smart-069-464872,Mobile,+855069464872
Smart-069-464873,Mobile,+855069464873
Smart-069-464874,Mobile,+855069464874
Smart-069-464875,Mobile,+855069464875
Smart-069-464876,Mobile,+855069464876
Smart-069-464877,Mobile,+855069464877
Smart-069-464878,Mobile,+855069464878
Smart-069-464879,Mobile,+855069464879
Smart-069-464880,Mobile,+855069464880
Smart-069-464881,Mobile,+855069464881
Smart-069-464882,Mobile,+855069464882
Smart-069-464883,Mobile,+855069464883
Smart-069-464884,Mobile,+855069464884
Smart-069-464885,Mobile,+855069464885
Smart-069-464886,Mobile,+855069464886
Smart-069-464887,Mobile,+855069464887
Smart-069-464888,Mobile,+855069464888
Smart-069-464889,Mobile,+855069464889
Smart-069-464890,Mobile,+855069464890
Smart-069-464891,Mobile,+855069464891
Smart-069-464892,Mobile,+855069464892
Smart-069-464893,Mobile,+855069464893
Smart-069-464894,Mobile,+855069464894
Smart-069-464895,Mobile,+855069464895
Smart-069-464896,Mobile,+855069464896
Smart-069-464897,Mobile,+855069464897
Smart-069-464898,Mobile,+855069464898
Smart-069-464899,Mobile,+855069464899
Smart-069-464900,Mobile,+855069464900
Smart-069-464901,Mobile,+855069464901
Smart-069-464902,Mobile,+855069464902
Smart-069-464903,Mobile,+855069464903
Smart-069-464904,Mobile,+855069464904
Smart-069-464905,Mobile,+855069464905
Smart-069-464906,Mobile,+855069464906
Smart-069-464907,Mobile,+855069464907
Smart-069-464908,Mobile,+855069464908
Smart-069-464909,Mobile,+855069464909
Smart-069-464910,Mobile,+855069464910
Smart-069-464911,Mobile,+855069464911
Smart-069-464912,Mobile,+855069464912
Smart-069-464913,Mobile,+855069464913
Smart-069-464914,Mobile,+855069464914
Smart-069-464915,Mobile,+855069464915
Smart-069-464916,Mobile,+855069464916
Smart-069-464917,Mobile,+855069464917
Smart-069-464918,Mobile,+855069464918
Smart-069-464919,Mobile,+855069464919
Smart-069-464920,Mobile,+855069464920
Smart-069-464921,Mobile,+855069464921
Smart-069-464922,Mobile,+855069464922
Smart-069-464923,Mobile,+855069464923
Smart-069-464924,Mobile,+855069464924
Smart-069-464925,Mobile,+855069464925
Smart-069-464926,Mobile,+855069464926
Smart-069-464927,Mobile,+855069464927
Smart-069-464928,Mobile,+855069464928
Smart-069-464929,Mobile,+855069464929
Smart-069-464930,Mobile,+855069464930
Smart-069-464931,Mobile,+855069464931
Smart-069-464932,Mobile,+855069464932
Smart-069-464933,Mobile,+855069464933
Smart-069-464934,Mobile,+855069464934
Smart-069-464935,Mobile,+855069464935
Smart-069-464936,Mobile,+855069464936
Smart-069-464937,Mobile,+855069464937
Smart-069-464938,Mobile,+855069464938
Smart-069-464939,Mobile,+855069464939
Smart-069-464940,Mobile,+855069464940
Smart-069-464941,Mobile,+855069464941
Smart-069-464942,Mobile,+855069464942
Smart-069-464943,Mobile,+855069464943
Smart-069-464944,Mobile,+855069464944
Smart-069-464945,Mobile,+855069464945
Smart-069-464946,Mobile,+855069464946
Smart-069-464947,Mobile,+855069464947
Smart-069-464948,Mobile,+855069464948
Smart-069-464949,Mobile,+855069464949
Smart-069-464950,Mobile,+855069464950
Smart-069-464951,Mobile,+855069464951
Smart-069-464952,Mobile,+855069464952
Smart-069-464953,Mobile,+855069464953
Smart-069-464954,Mobile,+855069464954
Smart-069-464955,Mobile,+855069464955
Smart-069-464956,Mobile,+855069464956
Smart-069-464957,Mobile,+855069464957
Smart-069-464958,Mobile,+855069464958
Smart-069-464959,Mobile,+855069464959
Smart-069-464960,Mobile,+855069464960
Smart-069-464961,Mobile,+855069464961
Smart-069-464962,Mobile,+855069464962
Smart-069-464963,Mobile,+855069464963
Smart-069-464964,Mobile,+855069464964
Smart-069-464965,Mobile,+855069464965
Smart-069-464966,Mobile,+855069464966
Smart-069-464967,Mobile,+855069464967
Smart-069-464968,Mobile,+855069464968
Smart-069-464969,Mobile,+855069464969
Smart-069-464970,Mobile,+855069464970
Smart-069-464971,Mobile,+855069464971
Smart-069-464972,Mobile,+855069464972
Smart-069-464973,Mobile,+855069464973
Smart-069-464974,Mobile,+855069464974
Smart-069-464975,Mobile,+855069464975
Smart-069-464976,Mobile,+855069464976
Smart-069-464977,Mobile,+855069464977
Smart-069-464978,Mobile,+855069464978
Smart-069-464979,Mobile,+855069464979
Smart-069-464980,Mobile,+855069464980
Smart-069-464981,Mobile,+855069464981
Smart-069-464982,Mobile,+855069464982
Smart-069-464983,Mobile,+855069464983
Smart-069-464984,Mobile,+855069464984
Smart-069-464985,Mobile,+855069464985
Smart-069-464986,Mobile,+855069464986
Smart-069-464987,Mobile,+855069464987
Smart-069-464988,Mobile,+855069464988
Smart-069-464989,Mobile,+855069464989
Smart-069-464990,Mobile,+855069464990
Smart-069-464991,Mobile,+855069464991
Smart-069-464992,Mobile,+855069464992
Smart-069-464993,Mobile,+855069464993
Smart-069-464994,Mobile,+855069464994
Smart-069-464995,Mobile,+855069464995
Smart-069-464996,Mobile,+855069464996
Smart-069-464997,Mobile,+855069464997
Smart-069-464998,Mobile,+855069464998
Smart-069-464999,Mobile,+855069464999
Smart-069-465000,Mobile,+855069465000
Smart-069-465001,Mobile,+855069465001
Smart-069-465002,Mobile,+855069465002
Smart-069-465003,Mobile,+855069465003
Smart-069-465004,Mobile,+855069465004
Smart-069-465005,Mobile,+855069465005
Smart-069-465006,Mobile,+855069465006
Smart-069-465007,Mobile,+855069465007
Smart-069-465008,Mobile,+855069465008
Smart-069-465009,Mobile,+855069465009
Smart-069-465010,Mobile,+855069465010
Smart-069-465011,Mobile,+855069465011
Smart-069-465012,Mobile,+855069465012
Smart-069-465013,Mobile,+855069465013
Smart-069-465014,Mobile,+855069465014
Smart-069-465015,Mobile,+855069465015
Smart-069-465016,Mobile,+855069465016
Smart-069-465017,Mobile,+855069465017
Smart-069-465018,Mobile,+855069465018
Smart-069-465019,Mobile,+855069465019
Smart-069-465020,Mobile,+855069465020
Smart-069-465021,Mobile,+855069465021
Smart-069-465022,Mobile,+855069465022
Smart-069-465023,Mobile,+855069465023
Smart-069-465024,Mobile,+855069465024
Smart-069-465025,Mobile,+855069465025
Smart-069-465026,Mobile,+855069465026
Smart-069-465027,Mobile,+855069465027
Smart-069-465028,Mobile,+855069465028
Smart-069-465029,Mobile,+855069465029
Smart-069-465030,Mobile,+855069465030
Smart-069-465031,Mobile,+855069465031
Smart-069-465032,Mobile,+855069465032
Smart-069-465033,Mobile,+855069465033
Smart-069-465034,Mobile,+855069465034
Smart-069-465035,Mobile,+855069465035
Smart-069-465036,Mobile,+855069465036
Smart-069-465037,Mobile,+855069465037
Smart-069-465038,Mobile,+855069465038
Smart-069-465039,Mobile,+855069465039
Smart-069-465040,Mobile,+855069465040
Smart-069-465041,Mobile,+855069465041
Smart-069-465042,Mobile,+855069465042
Smart-069-465043,Mobile,+855069465043
Smart-069-465044,Mobile,+855069465044
Smart-069-465045,Mobile,+855069465045
Smart-069-465046,Mobile,+855069465046
Smart-069-465047,Mobile,+855069465047
Smart-069-465048,Mobile,+855069465048
Smart-069-465049,Mobile,+855069465049
Smart-069-465050,Mobile,+855069465050
Smart-069-465051,Mobile,+855069465051
Smart-069-465052,Mobile,+855069465052
Smart-069-465053,Mobile,+855069465053
Smart-069-465054,Mobile,+855069465054
Smart-069-465055,Mobile,+855069465055
Smart-069-465056,Mobile,+855069465056
Smart-069-465057,Mobile,+855069465057
Smart-069-465058,Mobile,+855069465058
Smart-069-465059,Mobile,+855069465059
Smart-069-465060,Mobile,+855069465060
Smart-069-465061,Mobile,+855069465061
Smart-069-465062,Mobile,+855069465062
Smart-069-465063,Mobile,+855069465063
Smart-069-465064,Mobile,+855069465064
Smart-069-465065,Mobile,+855069465065
Smart-069-465066,Mobile,+855069465066
Smart-069-465067,Mobile,+855069465067
Smart-069-465068,Mobile,+855069465068
Smart-069-465069,Mobile,+855069465069
Smart-069-465070,Mobile,+855069465070
Smart-069-465071,Mobile,+855069465071
Smart-069-465072,Mobile,+855069465072
Smart-069-465073,Mobile,+855069465073
Smart-069-465074,Mobile,+855069465074
Smart-069-465075,Mobile,+855069465075
Smart-069-465076,Mobile,+855069465076
Smart-069-465077,Mobile,+855069465077
Smart-069-465078,Mobile,+855069465078
Smart-069-465079,Mobile,+855069465079
Smart-069-465080,Mobile,+855069465080
Smart-069-465081,Mobile,+855069465081
Smart-069-465082,Mobile,+855069465082
Smart-069-465083,Mobile,+855069465083
Smart-069-465084,Mobile,+855069465084
Smart-069-465085,Mobile,+855069465085
Smart-069-465086,Mobile,+855069465086
Smart-069-465087,Mobile,+855069465087
Smart-069-465088,Mobile,+855069465088
Smart-069-465089,Mobile,+855069465089
Smart-069-465090,Mobile,+855069465090
Smart-069-465091,Mobile,+855069465091
Smart-069-465092,Mobile,+855069465092
Smart-069-465093,Mobile,+855069465093
Smart-069-465094,Mobile,+855069465094
Smart-069-465095,Mobile,+855069465095
Smart-069-465096,Mobile,+855069465096
Smart-069-465097,Mobile,+855069465097
Smart-069-465098,Mobile,+855069465098
Smart-069-465099,Mobile,+855069465099
Smart-069-465100,Mobile,+855069465100
Smart-069-465101,Mobile,+855069465101
Smart-069-465102,Mobile,+855069465102
Smart-069-465103,Mobile,+855069465103
Smart-069-465104,Mobile,+855069465104
Smart-069-465105,Mobile,+855069465105
Smart-069-465106,Mobile,+855069465106
Smart-069-465107,Mobile,+855069465107
Smart-069-465108,Mobile,+855069465108
Smart-069-465109,Mobile,+855069465109
Smart-069-465110,Mobile,+855069465110
Smart-069-465111,Mobile,+855069465111
Smart-069-465112,Mobile,+855069465112
Smart-069-465113,Mobile,+855069465113
Smart-069-465114,Mobile,+855069465114
Smart-069-465115,Mobile,+855069465115
Smart-069-465116,Mobile,+855069465116
Smart-069-465117,Mobile,+855069465117
Smart-069-465118,Mobile,+855069465118
Smart-069-465119,Mobile,+855069465119
Smart-069-465120,Mobile,+855069465120
Smart-069-465121,Mobile,+855069465121
Smart-069-465122,Mobile,+855069465122
Smart-069-465123,Mobile,+855069465123
Smart-069-465124,Mobile,+855069465124
Smart-069-465125,Mobile,+855069465125
Smart-069-465126,Mobile,+855069465126
Smart-069-465127,Mobile,+855069465127
Smart-069-465128,Mobile,+855069465128
Smart-069-465129,Mobile,+855069465129
Smart-069-465130,Mobile,+855069465130
Smart-069-465131,Mobile,+855069465131
Smart-069-465132,Mobile,+855069465132
Smart-069-465133,Mobile,+855069465133
Smart-069-465134,Mobile,+855069465134
Smart-069-465135,Mobile,+855069465135
Smart-069-465136,Mobile,+855069465136
Smart-069-465137,Mobile,+855069465137
Smart-069-465138,Mobile,+855069465138
Smart-069-465139,Mobile,+855069465139
Smart-069-465140,Mobile,+855069465140
Smart-069-465141,Mobile,+855069465141
Smart-069-465142,Mobile,+855069465142
Smart-069-465143,Mobile,+855069465143
Smart-069-465144,Mobile,+855069465144
Smart-069-465145,Mobile,+855069465145
Smart-069-465146,Mobile,+855069465146
Smart-069-465147,Mobile,+855069465147
Smart-069-465148,Mobile,+855069465148
Smart-069-465149,Mobile,+855069465149
Smart-069-465150,Mobile,+855069465150
Smart-069-465151,Mobile,+855069465151
Smart-069-465152,Mobile,+855069465152
Smart-069-465153,Mobile,+855069465153
Smart-069-465154,Mobile,+855069465154
Smart-069-465155,Mobile,+855069465155
Smart-069-465156,Mobile,+855069465156
Smart-069-465157,Mobile,+855069465157
Smart-069-465158,Mobile,+855069465158
Smart-069-465159,Mobile,+855069465159
Smart-069-465160,Mobile,+855069465160
Smart-069-465161,Mobile,+855069465161
Smart-069-465162,Mobile,+855069465162
Smart-069-465163,Mobile,+855069465163
Smart-069-465164,Mobile,+855069465164
Smart-069-465165,Mobile,+855069465165
Smart-069-465166,Mobile,+855069465166
Smart-069-465167,Mobile,+855069465167
Smart-069-465168,Mobile,+855069465168
Smart-069-465169,Mobile,+855069465169
Smart-069-465170,Mobile,+855069465170
Smart-069-465171,Mobile,+855069465171
Smart-069-465172,Mobile,+855069465172
Smart-069-465173,Mobile,+855069465173
Smart-069-465174,Mobile,+855069465174
Smart-069-465175,Mobile,+855069465175
Smart-069-465176,Mobile,+855069465176
Smart-069-465177,Mobile,+855069465177
Smart-069-465178,Mobile,+855069465178
Smart-069-465179,Mobile,+855069465179
Smart-069-465180,Mobile,+855069465180
Smart-069-465181,Mobile,+855069465181
Smart-069-465182,Mobile,+855069465182
Smart-069-465183,Mobile,+855069465183
Smart-069-465184,Mobile,+855069465184
Smart-069-465185,Mobile,+855069465185
Smart-069-465186,Mobile,+855069465186
Smart-069-465187,Mobile,+855069465187
Smart-069-465188,Mobile,+855069465188
Smart-069-465189,Mobile,+855069465189
Smart-069-465190,Mobile,+855069465190
Smart-069-465191,Mobile,+855069465191
Smart-069-465192,Mobile,+855069465192
Smart-069-465193,Mobile,+855069465193
Smart-069-465194,Mobile,+855069465194
Smart-069-465195,Mobile,+855069465195
Smart-069-465196,Mobile,+855069465196
Smart-069-465197,Mobile,+855069465197
Smart-069-465198,Mobile,+855069465198
Smart-069-465199,Mobile,+855069465199
Smart-069-465200,Mobile,+855069465200
Smart-069-465201,Mobile,+855069465201
Smart-069-465202,Mobile,+855069465202
Smart-069-465203,Mobile,+855069465203
Smart-069-465204,Mobile,+855069465204
Smart-069-465205,Mobile,+855069465205
Smart-069-465206,Mobile,+855069465206
Smart-069-465207,Mobile,+855069465207
Smart-069-465208,Mobile,+855069465208
Smart-069-465209,Mobile,+855069465209
Smart-069-465210,Mobile,+855069465210
Smart-069-465211,Mobile,+855069465211
Smart-069-465212,Mobile,+855069465212
Smart-069-465213,Mobile,+855069465213
Smart-069-465214,Mobile,+855069465214
Smart-069-465215,Mobile,+855069465215
Smart-069-465216,Mobile,+855069465216
Smart-069-465217,Mobile,+855069465217
Smart-069-465218,Mobile,+855069465218
Smart-069-465219,Mobile,+855069465219
Smart-069-465220,Mobile,+855069465220
Smart-069-465221,Mobile,+855069465221
Smart-069-465222,Mobile,+855069465222
Smart-069-465223,Mobile,+855069465223
Smart-069-465224,Mobile,+855069465224
Smart-069-465225,Mobile,+855069465225
Smart-069-465226,Mobile,+855069465226
Smart-069-465227,Mobile,+855069465227
Smart-069-465228,Mobile,+855069465228
Smart-069-465229,Mobile,+855069465229
Smart-069-465230,Mobile,+855069465230
Smart-069-465231,Mobile,+855069465231
Smart-069-465232,Mobile,+855069465232
Smart-069-465233,Mobile,+855069465233
Smart-069-465234,Mobile,+855069465234
Smart-069-465235,Mobile,+855069465235
Smart-069-465236,Mobile,+855069465236
Smart-069-465237,Mobile,+855069465237
Smart-069-465238,Mobile,+855069465238
Smart-069-465239,Mobile,+855069465239
Smart-069-465240,Mobile,+855069465240
Smart-069-465241,Mobile,+855069465241
Smart-069-465242,Mobile,+855069465242
Smart-069-465243,Mobile,+855069465243
Smart-069-465244,Mobile,+855069465244
Smart-069-465245,Mobile,+855069465245
Smart-069-465246,Mobile,+855069465246
Smart-069-465247,Mobile,+855069465247
Smart-069-465248,Mobile,+855069465248
Smart-069-465249,Mobile,+855069465249
Smart-069-465250,Mobile,+855069465250
Smart-069-465251,Mobile,+855069465251
Smart-069-465252,Mobile,+855069465252
Smart-069-465253,Mobile,+855069465253
Smart-069-465254,Mobile,+855069465254
Smart-069-465255,Mobile,+855069465255
Smart-069-465256,Mobile,+855069465256
Smart-069-465257,Mobile,+855069465257
Smart-069-465258,Mobile,+855069465258
Smart-069-465259,Mobile,+855069465259
Smart-069-465260,Mobile,+855069465260
Smart-069-465261,Mobile,+855069465261
Smart-069-465262,Mobile,+855069465262
Smart-069-465263,Mobile,+855069465263
Smart-069-465264,Mobile,+855069465264
Smart-069-465265,Mobile,+855069465265
Smart-069-465266,Mobile,+855069465266
Smart-069-465267,Mobile,+855069465267
Smart-069-465268,Mobile,+855069465268
Smart-069-465269,Mobile,+855069465269
Smart-069-465270,Mobile,+855069465270
Smart-069-465271,Mobile,+855069465271
Smart-069-465272,Mobile,+855069465272
Smart-069-465273,Mobile,+855069465273
Smart-069-465274,Mobile,+855069465274
Smart-069-465275,Mobile,+855069465275
Smart-069-465276,Mobile,+855069465276
Smart-069-465277,Mobile,+855069465277
Smart-069-465278,Mobile,+855069465278
Smart-069-465279,Mobile,+855069465279
Smart-069-465280,Mobile,+855069465280
Smart-069-465281,Mobile,+855069465281
Smart-069-465282,Mobile,+855069465282
Smart-069-465283,Mobile,+855069465283
Smart-069-465284,Mobile,+855069465284
Smart-069-465285,Mobile,+855069465285
Smart-069-465286,Mobile,+855069465286
Smart-069-465287,Mobile,+855069465287
Smart-069-465288,Mobile,+855069465288
Smart-069-465289,Mobile,+855069465289
Smart-069-465290,Mobile,+855069465290
Smart-069-465291,Mobile,+855069465291
Smart-069-465292,Mobile,+855069465292
Smart-069-465293,Mobile,+855069465293
Smart-069-465294,Mobile,+855069465294
Smart-069-465295,Mobile,+855069465295
Smart-069-465296,Mobile,+855069465296
Smart-069-465297,Mobile,+855069465297
Smart-069-465298,Mobile,+855069465298
Smart-069-465299,Mobile,+855069465299
Smart-069-465300,Mobile,+855069465300
Smart-069-465301,Mobile,+855069465301
Smart-069-465302,Mobile,+855069465302
Smart-069-465303,Mobile,+855069465303
Smart-069-465304,Mobile,+855069465304
Smart-069-465305,Mobile,+855069465305
Smart-069-465306,Mobile,+855069465306
Smart-069-465307,Mobile,+855069465307
Smart-069-465308,Mobile,+855069465308
Smart-069-465309,Mobile,+855069465309
Smart-069-465310,Mobile,+855069465310
Smart-069-465311,Mobile,+855069465311
Smart-069-465312,Mobile,+855069465312
Smart-069-465313,Mobile,+855069465313
Smart-069-465314,Mobile,+855069465314
Smart-069-465315,Mobile,+855069465315
Smart-069-465316,Mobile,+855069465316
Smart-069-465317,Mobile,+855069465317
Smart-069-465318,Mobile,+855069465318
Smart-069-465319,Mobile,+855069465319
Smart-069-465320,Mobile,+855069465320
Smart-069-465321,Mobile,+855069465321
Smart-069-465322,Mobile,+855069465322
Smart-069-465323,Mobile,+855069465323
Smart-069-465324,Mobile,+855069465324
Smart-069-465325,Mobile,+855069465325
Smart-069-465326,Mobile,+855069465326
Smart-069-465327,Mobile,+855069465327
Smart-069-465328,Mobile,+855069465328
Smart-069-465329,Mobile,+855069465329
Smart-069-465330,Mobile,+855069465330
Smart-069-465331,Mobile,+855069465331
Smart-069-465332,Mobile,+855069465332
Smart-069-465333,Mobile,+855069465333
Smart-069-465334,Mobile,+855069465334
Smart-069-465335,Mobile,+855069465335
Smart-069-465336,Mobile,+855069465336
Smart-069-465337,Mobile,+855069465337
Smart-069-465338,Mobile,+855069465338
Smart-069-465339,Mobile,+855069465339
Smart-069-465340,Mobile,+855069465340
Smart-069-465341,Mobile,+855069465341
Smart-069-465342,Mobile,+855069465342
Smart-069-465343,Mobile,+855069465343
Smart-069-465344,Mobile,+855069465344
Smart-069-465345,Mobile,+855069465345
Smart-069-465346,Mobile,+855069465346
Smart-069-465347,Mobile,+855069465347
Smart-069-465348,Mobile,+855069465348
Smart-069-465349,Mobile,+855069465349
Smart-069-465350,Mobile,+855069465350
Smart-069-465351,Mobile,+855069465351
Smart-069-465352,Mobile,+855069465352
Smart-069-465353,Mobile,+855069465353
Smart-069-465354,Mobile,+855069465354
Smart-069-465355,Mobile,+855069465355
Smart-069-465356,Mobile,+855069465356
Smart-069-465357,Mobile,+855069465357
Smart-069-465358,Mobile,+855069465358
Smart-069-465359,Mobile,+855069465359
Smart-069-465360,Mobile,+855069465360
Smart-069-465361,Mobile,+855069465361
Smart-069-465362,Mobile,+855069465362
Smart-069-465363,Mobile,+855069465363
Smart-069-465364,Mobile,+855069465364
Smart-069-465365,Mobile,+855069465365
Smart-069-465366,Mobile,+855069465366
Smart-069-465367,Mobile,+855069465367
Smart-069-465368,Mobile,+855069465368
Smart-069-465369,Mobile,+855069465369
Smart-069-465370,Mobile,+855069465370
Smart-069-465371,Mobile,+855069465371
Smart-069-465372,Mobile,+855069465372
Smart-069-465373,Mobile,+855069465373
Smart-069-465374,Mobile,+855069465374
Smart-069-465375,Mobile,+855069465375
Smart-069-465376,Mobile,+855069465376
Smart-069-465377,Mobile,+855069465377
Smart-069-465378,Mobile,+855069465378
Smart-069-465379,Mobile,+855069465379
Smart-069-465380,Mobile,+855069465380
Smart-069-465381,Mobile,+855069465381
Smart-069-465382,Mobile,+855069465382
Smart-069-465383,Mobile,+855069465383
Smart-069-465384,Mobile,+855069465384
Smart-069-465385,Mobile,+855069465385
Smart-069-465386,Mobile,+855069465386
Smart-069-465387,Mobile,+855069465387
Smart-069-465388,Mobile,+855069465388
Smart-069-465389,Mobile,+855069465389
Smart-069-465390,Mobile,+855069465390
Smart-069-465391,Mobile,+855069465391
Smart-069-465392,Mobile,+855069465392
Smart-069-465393,Mobile,+855069465393
Smart-069-465394,Mobile,+855069465394
Smart-069-465395,Mobile,+855069465395
Smart-069-465396,Mobile,+855069465396
Smart-069-465397,Mobile,+855069465397
Smart-069-465398,Mobile,+855069465398
Smart-069-465399,Mobile,+855069465399
Smart-069-465400,Mobile,+855069465400
Smart-069-465401,Mobile,+855069465401
Smart-069-465402,Mobile,+855069465402
Smart-069-465403,Mobile,+855069465403
Smart-069-465404,Mobile,+855069465404
Smart-069-465405,Mobile,+855069465405
Smart-069-465406,Mobile,+855069465406
Smart-069-465407,Mobile,+855069465407
Smart-069-465408,Mobile,+855069465408
Smart-069-465409,Mobile,+855069465409
Smart-069-465410,Mobile,+855069465410
Smart-069-465411,Mobile,+855069465411
Smart-069-465412,Mobile,+855069465412
Smart-069-465413,Mobile,+855069465413
Smart-069-465414,Mobile,+855069465414
Smart-069-465415,Mobile,+855069465415
Smart-069-465416,Mobile,+855069465416
Smart-069-465417,Mobile,+855069465417
Smart-069-465418,Mobile,+855069465418
Smart-069-465419,Mobile,+855069465419
Smart-069-465420,Mobile,+855069465420
Smart-069-465421,Mobile,+855069465421
Smart-069-465422,Mobile,+855069465422
Smart-069-465423,Mobile,+855069465423
Smart-069-465424,Mobile,+855069465424
Smart-069-465425,Mobile,+855069465425
Smart-069-465426,Mobile,+855069465426
Smart-069-465427,Mobile,+855069465427
Smart-069-465428,Mobile,+855069465428
Smart-069-465429,Mobile,+855069465429
Smart-069-465430,Mobile,+855069465430
Smart-069-465431,Mobile,+855069465431
Smart-069-465432,Mobile,+855069465432
Smart-069-465433,Mobile,+855069465433
Smart-069-465434,Mobile,+855069465434
Smart-069-465435,Mobile,+855069465435
Smart-069-465436,Mobile,+855069465436
Smart-069-465437,Mobile,+855069465437
Smart-069-465438,Mobile,+855069465438
Smart-069-465439,Mobile,+855069465439
Smart-069-465440,Mobile,+855069465440
Smart-069-465441,Mobile,+855069465441
Smart-069-465442,Mobile,+855069465442
Smart-069-465443,Mobile,+855069465443
Smart-069-465444,Mobile,+855069465444
Smart-069-465445,Mobile,+855069465445
Smart-069-465446,Mobile,+855069465446
Smart-069-465447,Mobile,+855069465447
Smart-069-465448,Mobile,+855069465448
Smart-069-465449,Mobile,+855069465449
Smart-069-465450,Mobile,+855069465450
Smart-069-465451,Mobile,+855069465451
Smart-069-465452,Mobile,+855069465452
Smart-069-465453,Mobile,+855069465453
Smart-069-465454,Mobile,+855069465454
Smart-069-465455,Mobile,+855069465455
Smart-069-465456,Mobile,+855069465456
Smart-069-465457,Mobile,+855069465457
Smart-069-465458,Mobile,+855069465458
Smart-069-465459,Mobile,+855069465459
Smart-069-465460,Mobile,+855069465460
Smart-069-465461,Mobile,+855069465461
Smart-069-465462,Mobile,+855069465462
Smart-069-465463,Mobile,+855069465463
Smart-069-465464,Mobile,+855069465464
Smart-069-465465,Mobile,+855069465465
Smart-069-465466,Mobile,+855069465466
Smart-069-465467,Mobile,+855069465467
Smart-069-465468,Mobile,+855069465468
Smart-069-465469,Mobile,+855069465469
Smart-069-465470,Mobile,+855069465470
Smart-069-465471,Mobile,+855069465471
Smart-069-465472,Mobile,+855069465472
Smart-069-465473,Mobile,+855069465473
Smart-069-465474,Mobile,+855069465474
Smart-069-465475,Mobile,+855069465475
Smart-069-465476,Mobile,+855069465476
Smart-069-465477,Mobile,+855069465477
Smart-069-465478,Mobile,+855069465478
Smart-069-465479,Mobile,+855069465479
Smart-069-465480,Mobile,+855069465480
Smart-069-465481,Mobile,+855069465481
Smart-069-465482,Mobile,+855069465482
Smart-069-465483,Mobile,+855069465483
Smart-069-465484,Mobile,+855069465484
Smart-069-465485,Mobile,+855069465485
Smart-069-465486,Mobile,+855069465486
Smart-069-465487,Mobile,+855069465487
Smart-069-465488,Mobile,+855069465488
Smart-069-465489,Mobile,+855069465489
Smart-069-465490,Mobile,+855069465490
Smart-069-465491,Mobile,+855069465491
Smart-069-465492,Mobile,+855069465492
Smart-069-465493,Mobile,+855069465493
Smart-069-465494,Mobile,+855069465494
Smart-069-465495,Mobile,+855069465495
Smart-069-465496,Mobile,+855069465496
Smart-069-465497,Mobile,+855069465497
Smart-069-465498,Mobile,+855069465498
Smart-069-465499,Mobile,+855069465499
Smart-069-465500,Mobile,+855069465500
Smart-069-465501,Mobile,+855069465501
Smart-069-465502,Mobile,+855069465502
Smart-069-465503,Mobile,+855069465503
Smart-069-465504,Mobile,+855069465504
Smart-069-465505,Mobile,+855069465505
Smart-069-465506,Mobile,+855069465506
Smart-069-465507,Mobile,+855069465507
Smart-069-465508,Mobile,+855069465508
Smart-069-465509,Mobile,+855069465509
Smart-069-465510,Mobile,+855069465510
Smart-069-465511,Mobile,+855069465511
Smart-069-465512,Mobile,+855069465512
Smart-069-465513,Mobile,+855069465513
Smart-069-465514,Mobile,+855069465514
Smart-069-465515,Mobile,+855069465515
Smart-069-465516,Mobile,+855069465516
Smart-069-465517,Mobile,+855069465517
Smart-069-465518,Mobile,+855069465518
Smart-069-465519,Mobile,+855069465519
Smart-069-465520,Mobile,+855069465520
Smart-069-465521,Mobile,+855069465521
Smart-069-465522,Mobile,+855069465522
Smart-069-465523,Mobile,+855069465523
Smart-069-465524,Mobile,+855069465524
Smart-069-465525,Mobile,+855069465525
Smart-069-465526,Mobile,+855069465526
Smart-069-465527,Mobile,+855069465527
Smart-069-465528,Mobile,+855069465528
Smart-069-465529,Mobile,+855069465529
Smart-069-465530,Mobile,+855069465530
Smart-069-465531,Mobile,+855069465531
Smart-069-465532,Mobile,+855069465532
Smart-069-465533,Mobile,+855069465533
Smart-069-465534,Mobile,+855069465534
Smart-069-465535,Mobile,+855069465535
Smart-069-465536,Mobile,+855069465536
Smart-069-465537,Mobile,+855069465537
Smart-069-465538,Mobile,+855069465538
Smart-069-465539,Mobile,+855069465539
Smart-069-465540,Mobile,+855069465540
Smart-069-465541,Mobile,+855069465541
Smart-069-465542,Mobile,+855069465542
Smart-069-465543,Mobile,+855069465543
Smart-069-465544,Mobile,+855069465544
Smart-069-465545,Mobile,+855069465545
Smart-069-465546,Mobile,+855069465546
Smart-069-465547,Mobile,+855069465547
Smart-069-465548,Mobile,+855069465548
Smart-069-465549,Mobile,+855069465549
Smart-069-465550,Mobile,+855069465550
Smart-069-465551,Mobile,+855069465551
Smart-069-465552,Mobile,+855069465552
Smart-069-465553,Mobile,+855069465553
Smart-069-465554,Mobile,+855069465554
Smart-069-465555,Mobile,+855069465555
Smart-069-465556,Mobile,+855069465556
Smart-069-465557,Mobile,+855069465557
Smart-069-465558,Mobile,+855069465558
Smart-069-465559,Mobile,+855069465559
Smart-069-465560,Mobile,+855069465560
Smart-069-465561,Mobile,+855069465561
Smart-069-465562,Mobile,+855069465562
Smart-069-465563,Mobile,+855069465563
Smart-069-465564,Mobile,+855069465564
Smart-069-465565,Mobile,+855069465565
Smart-069-465566,Mobile,+855069465566
Smart-069-465567,Mobile,+855069465567
Smart-069-465568,Mobile,+855069465568
Smart-069-465569,Mobile,+855069465569
Smart-069-465570,Mobile,+855069465570
Smart-069-465571,Mobile,+855069465571
Smart-069-465572,Mobile,+855069465572
Smart-069-465573,Mobile,+855069465573
Smart-069-465574,Mobile,+855069465574
Smart-069-465575,Mobile,+855069465575
Smart-069-465576,Mobile,+855069465576
Smart-069-465577,Mobile,+855069465577
Smart-069-465578,Mobile,+855069465578
Smart-069-465579,Mobile,+855069465579
Smart-069-465580,Mobile,+855069465580
Smart-069-465581,Mobile,+855069465581
Smart-069-465582,Mobile,+855069465582
Smart-069-465583,Mobile,+855069465583
Smart-069-465584,Mobile,+855069465584
Smart-069-465585,Mobile,+855069465585
Smart-069-465586,Mobile,+855069465586
Smart-069-465587,Mobile,+855069465587
Smart-069-465588,Mobile,+855069465588
Smart-069-465589,Mobile,+855069465589
Smart-069-465590,Mobile,+855069465590
Smart-069-465591,Mobile,+855069465591
Smart-069-465592,Mobile,+855069465592
Smart-069-465593,Mobile,+855069465593
Smart-069-465594,Mobile,+855069465594
Smart-069-465595,Mobile,+855069465595
Smart-069-465596,Mobile,+855069465596
Smart-069-465597,Mobile,+855069465597
Smart-069-465598,Mobile,+855069465598
Smart-069-465599,Mobile,+855069465599
Smart-069-465600,Mobile,+855069465600
Smart-069-465601,Mobile,+855069465601
Smart-069-465602,Mobile,+855069465602
Smart-069-465603,Mobile,+855069465603
Smart-069-465604,Mobile,+855069465604
Smart-069-465605,Mobile,+855069465605
Smart-069-465606,Mobile,+855069465606
Smart-069-465607,Mobile,+855069465607
Smart-069-465608,Mobile,+855069465608
Smart-069-465609,Mobile,+855069465609
Smart-069-465610,Mobile,+855069465610
Smart-069-465611,Mobile,+855069465611
Smart-069-465612,Mobile,+855069465612
Smart-069-465613,Mobile,+855069465613
Smart-069-465614,Mobile,+855069465614
Smart-069-465615,Mobile,+855069465615
Smart-069-465616,Mobile,+855069465616
Smart-069-465617,Mobile,+855069465617
Smart-069-465618,Mobile,+855069465618
Smart-069-465619,Mobile,+855069465619
Smart-069-465620,Mobile,+855069465620
Smart-069-465621,Mobile,+855069465621
Smart-069-465622,Mobile,+855069465622
Smart-069-465623,Mobile,+855069465623
Smart-069-465624,Mobile,+855069465624
Smart-069-465625,Mobile,+855069465625
Smart-069-465626,Mobile,+855069465626
Smart-069-465627,Mobile,+855069465627
Smart-069-465628,Mobile,+855069465628
Smart-069-465629,Mobile,+855069465629
Smart-069-465630,Mobile,+855069465630
Smart-069-465631,Mobile,+855069465631
Smart-069-465632,Mobile,+855069465632
Smart-069-465633,Mobile,+855069465633
Smart-069-465634,Mobile,+855069465634
Smart-069-465635,Mobile,+855069465635
Smart-069-465636,Mobile,+855069465636
Smart-069-465637,Mobile,+855069465637
Smart-069-465638,Mobile,+855069465638
Smart-069-465639,Mobile,+855069465639
Smart-069-465640,Mobile,+855069465640
Smart-069-465641,Mobile,+855069465641
Smart-069-465642,Mobile,+855069465642
Smart-069-465643,Mobile,+855069465643
Smart-069-465644,Mobile,+855069465644
Smart-069-465645,Mobile,+855069465645
Smart-069-465646,Mobile,+855069465646
Smart-069-465647,Mobile,+855069465647
Smart-069-465648,Mobile,+855069465648
Smart-069-465649,Mobile,+855069465649
Smart-069-465650,Mobile,+855069465650
Smart-069-465651,Mobile,+855069465651
Smart-069-465652,Mobile,+855069465652
Smart-069-465653,Mobile,+855069465653
Smart-069-465654,Mobile,+855069465654
Smart-069-465655,Mobile,+855069465655
Smart-069-465656,Mobile,+855069465656
Smart-069-465657,Mobile,+855069465657
Smart-069-465658,Mobile,+855069465658
Smart-069-465659,Mobile,+855069465659
Smart-069-465660,Mobile,+855069465660
Smart-069-465661,Mobile,+855069465661
Smart-069-465662,Mobile,+855069465662
Smart-069-465663,Mobile,+855069465663
Smart-069-465664,Mobile,+855069465664
Smart-069-465665,Mobile,+855069465665
Smart-069-465666,Mobile,+855069465666
Smart-069-465667,Mobile,+855069465667
Smart-069-465668,Mobile,+855069465668
Smart-069-465669,Mobile,+855069465669
Smart-069-465670,Mobile,+855069465670
Smart-069-465671,Mobile,+855069465671
Smart-069-465672,Mobile,+855069465672
Smart-069-465673,Mobile,+855069465673
Smart-069-465674,Mobile,+855069465674
Smart-069-465675,Mobile,+855069465675
Smart-069-465676,Mobile,+855069465676
Smart-069-465677,Mobile,+855069465677
Smart-069-465678,Mobile,+855069465678
Smart-069-465679,Mobile,+855069465679
Smart-069-465680,Mobile,+855069465680
Smart-069-465681,Mobile,+855069465681
Smart-069-465682,Mobile,+855069465682
Smart-069-465683,Mobile,+855069465683
Smart-069-465684,Mobile,+855069465684
Smart-069-465685,Mobile,+855069465685
Smart-069-465686,Mobile,+855069465686
Smart-069-465687,Mobile,+855069465687
Smart-069-465688,Mobile,+855069465688
Smart-069-465689,Mobile,+855069465689
Smart-069-465690,Mobile,+855069465690
Smart-069-465691,Mobile,+855069465691
Smart-069-465692,Mobile,+855069465692
Smart-069-465693,Mobile,+855069465693
Smart-069-465694,Mobile,+855069465694
Smart-069-465695,Mobile,+855069465695
Smart-069-465696,Mobile,+855069465696
Smart-069-465697,Mobile,+855069465697
Smart-069-465698,Mobile,+855069465698
Smart-069-465699,Mobile,+855069465699
Smart-069-465700,Mobile,+855069465700
Smart-069-465701,Mobile,+855069465701
Smart-069-465702,Mobile,+855069465702
Smart-069-465703,Mobile,+855069465703
Smart-069-465704,Mobile,+855069465704
Smart-069-465705,Mobile,+855069465705
Smart-069-465706,Mobile,+855069465706
Smart-069-465707,Mobile,+855069465707
Smart-069-465708,Mobile,+855069465708
Smart-069-465709,Mobile,+855069465709
Smart-069-465710,Mobile,+855069465710
Smart-069-465711,Mobile,+855069465711
Smart-069-465712,Mobile,+855069465712
Smart-069-465713,Mobile,+855069465713
Smart-069-465714,Mobile,+855069465714
Smart-069-465715,Mobile,+855069465715
Smart-069-465716,Mobile,+855069465716
Smart-069-465717,Mobile,+855069465717
Smart-069-465718,Mobile,+855069465718
Smart-069-465719,Mobile,+855069465719
Smart-069-465720,Mobile,+855069465720
Smart-069-465721,Mobile,+855069465721
Smart-069-465722,Mobile,+855069465722
Smart-069-465723,Mobile,+855069465723
Smart-069-465724,Mobile,+855069465724
Smart-069-465725,Mobile,+855069465725
Smart-069-465726,Mobile,+855069465726
Smart-069-465727,Mobile,+855069465727
Smart-069-465728,Mobile,+855069465728
Smart-069-465729,Mobile,+855069465729
Smart-069-465730,Mobile,+855069465730
Smart-069-465731,Mobile,+855069465731
Smart-069-465732,Mobile,+855069465732
Smart-069-465733,Mobile,+855069465733
Smart-069-465734,Mobile,+855069465734
Smart-069-465735,Mobile,+855069465735
Smart-069-465736,Mobile,+855069465736
Smart-069-465737,Mobile,+855069465737
Smart-069-465738,Mobile,+855069465738
Smart-069-465739,Mobile,+855069465739
Smart-069-465740,Mobile,+855069465740
Smart-069-465741,Mobile,+855069465741
Smart-069-465742,Mobile,+855069465742
Smart-069-465743,Mobile,+855069465743
Smart-069-465744,Mobile,+855069465744
Smart-069-465745,Mobile,+855069465745
Smart-069-465746,Mobile,+855069465746
Smart-069-465747,Mobile,+855069465747
Smart-069-465748,Mobile,+855069465748
Smart-069-465749,Mobile,+855069465749
Smart-069-465750,Mobile,+855069465750
Smart-069-465751,Mobile,+855069465751
Smart-069-465752,Mobile,+855069465752
Smart-069-465753,Mobile,+855069465753
Smart-069-465754,Mobile,+855069465754
Smart-069-465755,Mobile,+855069465755
Smart-069-465756,Mobile,+855069465756
Smart-069-465757,Mobile,+855069465757
Smart-069-465758,Mobile,+855069465758
Smart-069-465759,Mobile,+855069465759
Smart-069-465760,Mobile,+855069465760
Smart-069-465761,Mobile,+855069465761
Smart-069-465762,Mobile,+855069465762
Smart-069-465763,Mobile,+855069465763
Smart-069-465764,Mobile,+855069465764
Smart-069-465765,Mobile,+855069465765
Smart-069-465766,Mobile,+855069465766
Smart-069-465767,Mobile,+855069465767
Smart-069-465768,Mobile,+855069465768
Smart-069-465769,Mobile,+855069465769
Smart-069-465770,Mobile,+855069465770
Smart-069-465771,Mobile,+855069465771
Smart-069-465772,Mobile,+855069465772
Smart-069-465773,Mobile,+855069465773
Smart-069-465774,Mobile,+855069465774
Smart-069-465775,Mobile,+855069465775
Smart-069-465776,Mobile,+855069465776
Smart-069-465777,Mobile,+855069465777
Smart-069-465778,Mobile,+855069465778
Smart-069-465779,Mobile,+855069465779
Smart-069-465780,Mobile,+855069465780
Smart-069-465781,Mobile,+855069465781
Smart-069-465782,Mobile,+855069465782
Smart-069-465783,Mobile,+855069465783
Smart-069-465784,Mobile,+855069465784
Smart-069-465785,Mobile,+855069465785
Smart-069-465786,Mobile,+855069465786
Smart-069-465787,Mobile,+855069465787
Smart-069-465788,Mobile,+855069465788
Smart-069-465789,Mobile,+855069465789
Smart-069-465790,Mobile,+855069465790
Smart-069-465791,Mobile,+855069465791
Smart-069-465792,Mobile,+855069465792
Smart-069-465793,Mobile,+855069465793
Smart-069-465794,Mobile,+855069465794
Smart-069-465795,Mobile,+855069465795
Smart-069-465796,Mobile,+855069465796
Smart-069-465797,Mobile,+855069465797
Smart-069-465798,Mobile,+855069465798
Smart-069-465799,Mobile,+855069465799
Smart-069-465800,Mobile,+855069465800
Smart-069-465801,Mobile,+855069465801
Smart-069-465802,Mobile,+855069465802
Smart-069-465803,Mobile,+855069465803
Smart-069-465804,Mobile,+855069465804
Smart-069-465805,Mobile,+855069465805
Smart-069-465806,Mobile,+855069465806
Smart-069-465807,Mobile,+855069465807
Smart-069-465808,Mobile,+855069465808
Smart-069-465809,Mobile,+855069465809
Smart-069-465810,Mobile,+855069465810
Smart-069-465811,Mobile,+855069465811
Smart-069-465812,Mobile,+855069465812
Smart-069-465813,Mobile,+855069465813
Smart-069-465814,Mobile,+855069465814
Smart-069-465815,Mobile,+855069465815
Smart-069-465816,Mobile,+855069465816
Smart-069-465817,Mobile,+855069465817
Smart-069-465818,Mobile,+855069465818
Smart-069-465819,Mobile,+855069465819
Smart-069-465820,Mobile,+855069465820
Smart-069-465821,Mobile,+855069465821
Smart-069-465822,Mobile,+855069465822
Smart-069-465823,Mobile,+855069465823
Smart-069-465824,Mobile,+855069465824
Smart-069-465825,Mobile,+855069465825
Smart-069-465826,Mobile,+855069465826
Smart-069-465827,Mobile,+855069465827
Smart-069-465828,Mobile,+855069465828
Smart-069-465829,Mobile,+855069465829
Smart-069-465830,Mobile,+855069465830
Smart-069-465831,Mobile,+855069465831
Smart-069-465832,Mobile,+855069465832
Smart-069-465833,Mobile,+855069465833
Smart-069-465834,Mobile,+855069465834
Smart-069-465835,Mobile,+855069465835
Smart-069-465836,Mobile,+855069465836
Smart-069-465837,Mobile,+855069465837
Smart-069-465838,Mobile,+855069465838
Smart-069-465839,Mobile,+855069465839
Smart-069-465840,Mobile,+855069465840
Smart-069-465841,Mobile,+855069465841
Smart-069-465842,Mobile,+855069465842
Smart-069-465843,Mobile,+855069465843
Smart-069-465844,Mobile,+855069465844
Smart-069-465845,Mobile,+855069465845
Smart-069-465846,Mobile,+855069465846
Smart-069-465847,Mobile,+855069465847
Smart-069-465848,Mobile,+855069465848
Smart-069-465849,Mobile,+855069465849
Smart-069-465850,Mobile,+855069465850
Smart-069-465851,Mobile,+855069465851
Smart-069-465852,Mobile,+855069465852
Smart-069-465853,Mobile,+855069465853
Smart-069-465854,Mobile,+855069465854
Smart-069-465855,Mobile,+855069465855
Smart-069-465856,Mobile,+855069465856
Smart-069-465857,Mobile,+855069465857
Smart-069-465858,Mobile,+855069465858
Smart-069-465859,Mobile,+855069465859
Smart-069-465860,Mobile,+855069465860
Smart-069-465861,Mobile,+855069465861
Smart-069-465862,Mobile,+855069465862
Smart-069-465863,Mobile,+855069465863
Smart-069-465864,Mobile,+855069465864
Smart-069-465865,Mobile,+855069465865
Smart-069-465866,Mobile,+855069465866
Smart-069-465867,Mobile,+855069465867
Smart-069-465868,Mobile,+855069465868
Smart-069-465869,Mobile,+855069465869
Smart-069-465870,Mobile,+855069465870
Smart-069-465871,Mobile,+855069465871
Smart-069-465872,Mobile,+855069465872
Smart-069-465873,Mobile,+855069465873
Smart-069-465874,Mobile,+855069465874
Smart-069-465875,Mobile,+855069465875
Smart-069-465876,Mobile,+855069465876
Smart-069-465877,Mobile,+855069465877
Smart-069-465878,Mobile,+855069465878
Smart-069-465879,Mobile,+855069465879
Smart-069-465880,Mobile,+855069465880
Smart-069-465881,Mobile,+855069465881
Smart-069-465882,Mobile,+855069465882
Smart-069-465883,Mobile,+855069465883
Smart-069-465884,Mobile,+855069465884
Smart-069-465885,Mobile,+855069465885
Smart-069-465886,Mobile,+855069465886
Smart-069-465887,Mobile,+855069465887
Smart-069-465888,Mobile,+855069465888
Smart-069-465889,Mobile,+855069465889
Smart-069-465890,Mobile,+855069465890
Smart-069-465891,Mobile,+855069465891
Smart-069-465892,Mobile,+855069465892
Smart-069-465893,Mobile,+855069465893
Smart-069-465894,Mobile,+855069465894
Smart-069-465895,Mobile,+855069465895
Smart-069-465896,Mobile,+855069465896
Smart-069-465897,Mobile,+855069465897
Smart-069-465898,Mobile,+855069465898
Smart-069-465899,Mobile,+855069465899
Smart-069-465900,Mobile,+855069465900
Smart-069-465901,Mobile,+855069465901
Smart-069-465902,Mobile,+855069465902
Smart-069-465903,Mobile,+855069465903
Smart-069-465904,Mobile,+855069465904
Smart-069-465905,Mobile,+855069465905
Smart-069-465906,Mobile,+855069465906
Smart-069-465907,Mobile,+855069465907
Smart-069-465908,Mobile,+855069465908
Smart-069-465909,Mobile,+855069465909
Smart-069-465910,Mobile,+855069465910
Smart-069-465911,Mobile,+855069465911
Smart-069-465912,Mobile,+855069465912
Smart-069-465913,Mobile,+855069465913
Smart-069-465914,Mobile,+855069465914
Smart-069-465915,Mobile,+855069465915
Smart-069-465916,Mobile,+855069465916
Smart-069-465917,Mobile,+855069465917
Smart-069-465918,Mobile,+855069465918
Smart-069-465919,Mobile,+855069465919
Smart-069-465920,Mobile,+855069465920
Smart-069-465921,Mobile,+855069465921
Smart-069-465922,Mobile,+855069465922
Smart-069-465923,Mobile,+855069465923
Smart-069-465924,Mobile,+855069465924
Smart-069-465925,Mobile,+855069465925
Smart-069-465926,Mobile,+855069465926
Smart-069-465927,Mobile,+855069465927
Smart-069-465928,Mobile,+855069465928
Smart-069-465929,Mobile,+855069465929
Smart-069-465930,Mobile,+855069465930
Smart-069-465931,Mobile,+855069465931
Smart-069-465932,Mobile,+855069465932
Smart-069-465933,Mobile,+855069465933
Smart-069-465934,Mobile,+855069465934
Smart-069-465935,Mobile,+855069465935
Smart-069-465936,Mobile,+855069465936
Smart-069-465937,Mobile,+855069465937
Smart-069-465938,Mobile,+855069465938
Smart-069-465939,Mobile,+855069465939
Smart-069-465940,Mobile,+855069465940
Smart-069-465941,Mobile,+855069465941
Smart-069-465942,Mobile,+855069465942
Smart-069-465943,Mobile,+855069465943
Smart-069-465944,Mobile,+855069465944
Smart-069-465945,Mobile,+855069465945
Smart-069-465946,Mobile,+855069465946
Smart-069-465947,Mobile,+855069465947
Smart-069-465948,Mobile,+855069465948
Smart-069-465949,Mobile,+855069465949
Smart-069-465950,Mobile,+855069465950
Smart-069-465951,Mobile,+855069465951
Smart-069-465952,Mobile,+855069465952
Smart-069-465953,Mobile,+855069465953
Smart-069-465954,Mobile,+855069465954
Smart-069-465955,Mobile,+855069465955
Smart-069-465956,Mobile,+855069465956
Smart-069-465957,Mobile,+855069465957
Smart-069-465958,Mobile,+855069465958
Smart-069-465959,Mobile,+855069465959
Smart-069-465960,Mobile,+855069465960
Smart-069-465961,Mobile,+855069465961
Smart-069-465962,Mobile,+855069465962
Smart-069-465963,Mobile,+855069465963
Smart-069-465964,Mobile,+855069465964
Smart-069-465965,Mobile,+855069465965
Smart-069-465966,Mobile,+855069465966
Smart-069-465967,Mobile,+855069465967
Smart-069-465968,Mobile,+855069465968
Smart-069-465969,Mobile,+855069465969
Smart-069-465970,Mobile,+855069465970
Smart-069-465971,Mobile,+855069465971
Smart-069-465972,Mobile,+855069465972
Smart-069-465973,Mobile,+855069465973
Smart-069-465974,Mobile,+855069465974
Smart-069-465975,Mobile,+855069465975
Smart-069-465976,Mobile,+855069465976
Smart-069-465977,Mobile,+855069465977
Smart-069-465978,Mobile,+855069465978
Smart-069-465979,Mobile,+855069465979
Smart-069-465980,Mobile,+855069465980
Smart-069-465981,Mobile,+855069465981
Smart-069-465982,Mobile,+855069465982
Smart-069-465983,Mobile,+855069465983
Smart-069-465984,Mobile,+855069465984
Smart-069-465985,Mobile,+855069465985
Smart-069-465986,Mobile,+855069465986
Smart-069-465987,Mobile,+855069465987
Smart-069-465988,Mobile,+855069465988
Smart-069-465989,Mobile,+855069465989
Smart-069-465990,Mobile,+855069465990
Smart-069-465991,Mobile,+855069465991
Smart-069-465992,Mobile,+855069465992
Smart-069-465993,Mobile,+855069465993
Smart-069-465994,Mobile,+855069465994
Smart-069-465995,Mobile,+855069465995
Smart-069-465996,Mobile,+855069465996
Smart-069-465997,Mobile,+855069465997
Smart-069-465998,Mobile,+855069465998
Smart-069-465999,Mobile,+855069465999
Smart-069-466000,Mobile,+855069466000
Smart-069-466001,Mobile,+855069466001
Smart-069-466002,Mobile,+855069466002
Smart-069-466003,Mobile,+855069466003
Smart-069-466004,Mobile,+855069466004
Smart-069-466005,Mobile,+855069466005
Smart-069-466006,Mobile,+855069466006
Smart-069-466007,Mobile,+855069466007
Smart-069-466008,Mobile,+855069466008
Smart-069-466009,Mobile,+855069466009
Smart-069-466010,Mobile,+855069466010
Smart-069-466011,Mobile,+855069466011
Smart-069-466012,Mobile,+855069466012
Smart-069-466013,Mobile,+855069466013
Smart-069-466014,Mobile,+855069466014
Smart-069-466015,Mobile,+855069466015
Smart-069-466016,Mobile,+855069466016
Smart-069-466017,Mobile,+855069466017
Smart-069-466018,Mobile,+855069466018
Smart-069-466019,Mobile,+855069466019
Smart-069-466020,Mobile,+855069466020
Smart-069-466021,Mobile,+855069466021
Smart-069-466022,Mobile,+855069466022
Smart-069-466023,Mobile,+855069466023
Smart-069-466024,Mobile,+855069466024
Smart-069-466025,Mobile,+855069466025
Smart-069-466026,Mobile,+855069466026
Smart-069-466027,Mobile,+855069466027
Smart-069-466028,Mobile,+855069466028
Smart-069-466029,Mobile,+855069466029
Smart-069-466030,Mobile,+855069466030
Smart-069-466031,Mobile,+855069466031
Smart-069-466032,Mobile,+855069466032
Smart-069-466033,Mobile,+855069466033
Smart-069-466034,Mobile,+855069466034
Smart-069-466035,Mobile,+855069466035
Smart-069-466036,Mobile,+855069466036
Smart-069-466037,Mobile,+855069466037
Smart-069-466038,Mobile,+855069466038
Smart-069-466039,Mobile,+855069466039
Smart-069-466040,Mobile,+855069466040
Smart-069-466041,Mobile,+855069466041
Smart-069-466042,Mobile,+855069466042
Smart-069-466043,Mobile,+855069466043
Smart-069-466044,Mobile,+855069466044
Smart-069-466045,Mobile,+855069466045
Smart-069-466046,Mobile,+855069466046
Smart-069-466047,Mobile,+855069466047
Smart-069-466048,Mobile,+855069466048
Smart-069-466049,Mobile,+855069466049
Smart-069-466050,Mobile,+855069466050
Smart-069-466051,Mobile,+855069466051
Smart-069-466052,Mobile,+855069466052
Smart-069-466053,Mobile,+855069466053
Smart-069-466054,Mobile,+855069466054
Smart-069-466055,Mobile,+855069466055
Smart-069-466056,Mobile,+855069466056
Smart-069-466057,Mobile,+855069466057
Smart-069-466058,Mobile,+855069466058
Smart-069-466059,Mobile,+855069466059
Smart-069-466060,Mobile,+855069466060
Smart-069-466061,Mobile,+855069466061
Smart-069-466062,Mobile,+855069466062
Smart-069-466063,Mobile,+855069466063
Smart-069-466064,Mobile,+855069466064
Smart-069-466065,Mobile,+855069466065
Smart-069-466066,Mobile,+855069466066
Smart-069-466067,Mobile,+855069466067
Smart-069-466068,Mobile,+855069466068
Smart-069-466069,Mobile,+855069466069
Smart-069-466070,Mobile,+855069466070
Smart-069-466071,Mobile,+855069466071
Smart-069-466072,Mobile,+855069466072
Smart-069-466073,Mobile,+855069466073
Smart-069-466074,Mobile,+855069466074
Smart-069-466075,Mobile,+855069466075
Smart-069-466076,Mobile,+855069466076
Smart-069-466077,Mobile,+855069466077
Smart-069-466078,Mobile,+855069466078
Smart-069-466079,Mobile,+855069466079
Smart-069-466080,Mobile,+855069466080
Smart-069-466081,Mobile,+855069466081
Smart-069-466082,Mobile,+855069466082
Smart-069-466083,Mobile,+855069466083
Smart-069-466084,Mobile,+855069466084
Smart-069-466085,Mobile,+855069466085
Smart-069-466086,Mobile,+855069466086
Smart-069-466087,Mobile,+855069466087
Smart-069-466088,Mobile,+855069466088
Smart-069-466089,Mobile,+855069466089
Smart-069-466090,Mobile,+855069466090
Smart-069-466091,Mobile,+855069466091
Smart-069-466092,Mobile,+855069466092
Smart-069-466093,Mobile,+855069466093
Smart-069-466094,Mobile,+855069466094
Smart-069-466095,Mobile,+855069466095
Smart-069-466096,Mobile,+855069466096
Smart-069-466097,Mobile,+855069466097
Smart-069-466098,Mobile,+855069466098
Smart-069-466099,Mobile,+855069466099
Smart-069-466100,Mobile,+855069466100
Smart-069-466101,Mobile,+855069466101
Smart-069-466102,Mobile,+855069466102
Smart-069-466103,Mobile,+855069466103
Smart-069-466104,Mobile,+855069466104
Smart-069-466105,Mobile,+855069466105
Smart-069-466106,Mobile,+855069466106
Smart-069-466107,Mobile,+855069466107
Smart-069-466108,Mobile,+855069466108
Smart-069-466109,Mobile,+855069466109
Smart-069-466110,Mobile,+855069466110
Smart-069-466111,Mobile,+855069466111
Smart-069-466112,Mobile,+855069466112
Smart-069-466113,Mobile,+855069466113
Smart-069-466114,Mobile,+855069466114
Smart-069-466115,Mobile,+855069466115
Smart-069-466116,Mobile,+855069466116
Smart-069-466117,Mobile,+855069466117
Smart-069-466118,Mobile,+855069466118
Smart-069-466119,Mobile,+855069466119
Smart-069-466120,Mobile,+855069466120
Smart-069-466121,Mobile,+855069466121
Smart-069-466122,Mobile,+855069466122
Smart-069-466123,Mobile,+855069466123
Smart-069-466124,Mobile,+855069466124
Smart-069-466125,Mobile,+855069466125
Smart-069-466126,Mobile,+855069466126
Smart-069-466127,Mobile,+855069466127
Smart-069-466128,Mobile,+855069466128
Smart-069-466129,Mobile,+855069466129
Smart-069-466130,Mobile,+855069466130
Smart-069-466131,Mobile,+855069466131
Smart-069-466132,Mobile,+855069466132
Smart-069-466133,Mobile,+855069466133
Smart-069-466134,Mobile,+855069466134
Smart-069-466135,Mobile,+855069466135
Smart-069-466136,Mobile,+855069466136
Smart-069-466137,Mobile,+855069466137
Smart-069-466138,Mobile,+855069466138
Smart-069-466139,Mobile,+855069466139
Smart-069-466140,Mobile,+855069466140
Smart-069-466141,Mobile,+855069466141
Smart-069-466142,Mobile,+855069466142
Smart-069-466143,Mobile,+855069466143
Smart-069-466144,Mobile,+855069466144
Smart-069-466145,Mobile,+855069466145
Smart-069-466146,Mobile,+855069466146
Smart-069-466147,Mobile,+855069466147
Smart-069-466148,Mobile,+855069466148
Smart-069-466149,Mobile,+855069466149
Smart-069-466150,Mobile,+855069466150
Smart-069-466151,Mobile,+855069466151
Smart-069-466152,Mobile,+855069466152
Smart-069-466153,Mobile,+855069466153
Smart-069-466154,Mobile,+855069466154
Smart-069-466155,Mobile,+855069466155
Smart-069-466156,Mobile,+855069466156
Smart-069-466157,Mobile,+855069466157
Smart-069-466158,Mobile,+855069466158
Smart-069-466159,Mobile,+855069466159
Smart-069-466160,Mobile,+855069466160
Smart-069-466161,Mobile,+855069466161
Smart-069-466162,Mobile,+855069466162
Smart-069-466163,Mobile,+855069466163
Smart-069-466164,Mobile,+855069466164
Smart-069-466165,Mobile,+855069466165
Smart-069-466166,Mobile,+855069466166
Smart-069-466167,Mobile,+855069466167
Smart-069-466168,Mobile,+855069466168
Smart-069-466169,Mobile,+855069466169
Smart-069-466170,Mobile,+855069466170
Smart-069-466171,Mobile,+855069466171
Smart-069-466172,Mobile,+855069466172
Smart-069-466173,Mobile,+855069466173
Smart-069-466174,Mobile,+855069466174
Smart-069-466175,Mobile,+855069466175
Smart-069-466176,Mobile,+855069466176
Smart-069-466177,Mobile,+855069466177
Smart-069-466178,Mobile,+855069466178
Smart-069-466179,Mobile,+855069466179
Smart-069-466180,Mobile,+855069466180
Smart-069-466181,Mobile,+855069466181
Smart-069-466182,Mobile,+855069466182
Smart-069-466183,Mobile,+855069466183
Smart-069-466184,Mobile,+855069466184
Smart-069-466185,Mobile,+855069466185
Smart-069-466186,Mobile,+855069466186
Smart-069-466187,Mobile,+855069466187
Smart-069-466188,Mobile,+855069466188
Smart-069-466189,Mobile,+855069466189
Smart-069-466190,Mobile,+855069466190
Smart-069-466191,Mobile,+855069466191
Smart-069-466192,Mobile,+855069466192
Smart-069-466193,Mobile,+855069466193
Smart-069-466194,Mobile,+855069466194
Smart-069-466195,Mobile,+855069466195
Smart-069-466196,Mobile,+855069466196
Smart-069-466197,Mobile,+855069466197
Smart-069-466198,Mobile,+855069466198
Smart-069-466199,Mobile,+855069466199
Smart-069-466200,Mobile,+855069466200
Smart-069-466201,Mobile,+855069466201
Smart-069-466202,Mobile,+855069466202
Smart-069-466203,Mobile,+855069466203
Smart-069-466204,Mobile,+855069466204
Smart-069-466205,Mobile,+855069466205
Smart-069-466206,Mobile,+855069466206
Smart-069-466207,Mobile,+855069466207
Smart-069-466208,Mobile,+855069466208
Smart-069-466209,Mobile,+855069466209
Smart-069-466210,Mobile,+855069466210
Smart-069-466211,Mobile,+855069466211
Smart-069-466212,Mobile,+855069466212
Smart-069-466213,Mobile,+855069466213
Smart-069-466214,Mobile,+855069466214
Smart-069-466215,Mobile,+855069466215
Smart-069-466216,Mobile,+855069466216
Smart-069-466217,Mobile,+855069466217
Smart-069-466218,Mobile,+855069466218
Smart-069-466219,Mobile,+855069466219
Smart-069-466220,Mobile,+855069466220
Smart-069-466221,Mobile,+855069466221
Smart-069-466222,Mobile,+855069466222
Smart-069-466223,Mobile,+855069466223
Smart-069-466224,Mobile,+855069466224
Smart-069-466225,Mobile,+855069466225
Smart-069-466226,Mobile,+855069466226
Smart-069-466227,Mobile,+855069466227
Smart-069-466228,Mobile,+855069466228
Smart-069-466229,Mobile,+855069466229
Smart-069-466230,Mobile,+855069466230
Smart-069-466231,Mobile,+855069466231
Smart-069-466232,Mobile,+855069466232
Smart-069-466233,Mobile,+855069466233
Smart-069-466234,Mobile,+855069466234
Smart-069-466235,Mobile,+855069466235
Smart-069-466236,Mobile,+855069466236
Smart-069-466237,Mobile,+855069466237
Smart-069-466238,Mobile,+855069466238
Smart-069-466239,Mobile,+855069466239
Smart-069-466240,Mobile,+855069466240
Smart-069-466241,Mobile,+855069466241
Smart-069-466242,Mobile,+855069466242
Smart-069-466243,Mobile,+855069466243
Smart-069-466244,Mobile,+855069466244
Smart-069-466245,Mobile,+855069466245
Smart-069-466246,Mobile,+855069466246
Smart-069-466247,Mobile,+855069466247
Smart-069-466248,Mobile,+855069466248
Smart-069-466249,Mobile,+855069466249
Smart-069-466250,Mobile,+855069466250
Smart-069-466251,Mobile,+855069466251
Smart-069-466252,Mobile,+855069466252
Smart-069-466253,Mobile,+855069466253
Smart-069-466254,Mobile,+855069466254
Smart-069-466255,Mobile,+855069466255
Smart-069-466256,Mobile,+855069466256
Smart-069-466257,Mobile,+855069466257
Smart-069-466258,Mobile,+855069466258
Smart-069-466259,Mobile,+855069466259
Smart-069-466260,Mobile,+855069466260
Smart-069-466261,Mobile,+855069466261
Smart-069-466262,Mobile,+855069466262
Smart-069-466263,Mobile,+855069466263
Smart-069-466264,Mobile,+855069466264
Smart-069-466265,Mobile,+855069466265
Smart-069-466266,Mobile,+855069466266
Smart-069-466267,Mobile,+855069466267
Smart-069-466268,Mobile,+855069466268
Smart-069-466269,Mobile,+855069466269
Smart-069-466270,Mobile,+855069466270
Smart-069-466271,Mobile,+855069466271
Smart-069-466272,Mobile,+855069466272
Smart-069-466273,Mobile,+855069466273
Smart-069-466274,Mobile,+855069466274
Smart-069-466275,Mobile,+855069466275
Smart-069-466276,Mobile,+855069466276
Smart-069-466277,Mobile,+855069466277
Smart-069-466278,Mobile,+855069466278
Smart-069-466279,Mobile,+855069466279
Smart-069-466280,Mobile,+855069466280
Smart-069-466281,Mobile,+855069466281
Smart-069-466282,Mobile,+855069466282
Smart-069-466283,Mobile,+855069466283
Smart-069-466284,Mobile,+855069466284
Smart-069-466285,Mobile,+855069466285
Smart-069-466286,Mobile,+855069466286
Smart-069-466287,Mobile,+855069466287
Smart-069-466288,Mobile,+855069466288
Smart-069-466289,Mobile,+855069466289
Smart-069-466290,Mobile,+855069466290
Smart-069-466291,Mobile,+855069466291
Smart-069-466292,Mobile,+855069466292
Smart-069-466293,Mobile,+855069466293
Smart-069-466294,Mobile,+855069466294
Smart-069-466295,Mobile,+855069466295
Smart-069-466296,Mobile,+855069466296
Smart-069-466297,Mobile,+855069466297
Smart-069-466298,Mobile,+855069466298
Smart-069-466299,Mobile,+855069466299
Smart-069-466300,Mobile,+855069466300
Smart-069-466301,Mobile,+855069466301
Smart-069-466302,Mobile,+855069466302
Smart-069-466303,Mobile,+855069466303
Smart-069-466304,Mobile,+855069466304
Smart-069-466305,Mobile,+855069466305
Smart-069-466306,Mobile,+855069466306
Smart-069-466307,Mobile,+855069466307
Smart-069-466308,Mobile,+855069466308
Smart-069-466309,Mobile,+855069466309
Smart-069-466310,Mobile,+855069466310
Smart-069-466311,Mobile,+855069466311
Smart-069-466312,Mobile,+855069466312
Smart-069-466313,Mobile,+855069466313
Smart-069-466314,Mobile,+855069466314
Smart-069-466315,Mobile,+855069466315
Smart-069-466316,Mobile,+855069466316
Smart-069-466317,Mobile,+855069466317
Smart-069-466318,Mobile,+855069466318
Smart-069-466319,Mobile,+855069466319
Smart-069-466320,Mobile,+855069466320
Smart-069-466321,Mobile,+855069466321
Smart-069-466322,Mobile,+855069466322
Smart-069-466323,Mobile,+855069466323
Smart-069-466324,Mobile,+855069466324
Smart-069-466325,Mobile,+855069466325
Smart-069-466326,Mobile,+855069466326
Smart-069-466327,Mobile,+855069466327
Smart-069-466328,Mobile,+855069466328
Smart-069-466329,Mobile,+855069466329
Smart-069-466330,Mobile,+855069466330
Smart-069-466331,Mobile,+855069466331
Smart-069-466332,Mobile,+855069466332
Smart-069-466333,Mobile,+855069466333
Smart-069-466334,Mobile,+855069466334
Smart-069-466335,Mobile,+855069466335
Smart-069-466336,Mobile,+855069466336
Smart-069-466337,Mobile,+855069466337
Smart-069-466338,Mobile,+855069466338
Smart-069-466339,Mobile,+855069466339
Smart-069-466340,Mobile,+855069466340
Smart-069-466341,Mobile,+855069466341
Smart-069-466342,Mobile,+855069466342
Smart-069-466343,Mobile,+855069466343
Smart-069-466344,Mobile,+855069466344
Smart-069-466345,Mobile,+855069466345
Smart-069-466346,Mobile,+855069466346
Smart-069-466347,Mobile,+855069466347
Smart-069-466348,Mobile,+855069466348
Smart-069-466349,Mobile,+855069466349
Smart-069-466350,Mobile,+855069466350
Smart-069-466351,Mobile,+855069466351
Smart-069-466352,Mobile,+855069466352
Smart-069-466353,Mobile,+855069466353
Smart-069-466354,Mobile,+855069466354
Smart-069-466355,Mobile,+855069466355
Smart-069-466356,Mobile,+855069466356
Smart-069-466357,Mobile,+855069466357
Smart-069-466358,Mobile,+855069466358
Smart-069-466359,Mobile,+855069466359
Smart-069-466360,Mobile,+855069466360
Smart-069-466361,Mobile,+855069466361
Smart-069-466362,Mobile,+855069466362
Smart-069-466363,Mobile,+855069466363
Smart-069-466364,Mobile,+855069466364
Smart-069-466365,Mobile,+855069466365
Smart-069-466366,Mobile,+855069466366
Smart-069-466367,Mobile,+855069466367
Smart-069-466368,Mobile,+855069466368
Smart-069-466369,Mobile,+855069466369
Smart-069-466370,Mobile,+855069466370
Smart-069-466371,Mobile,+855069466371
Smart-069-466372,Mobile,+855069466372
Smart-069-466373,Mobile,+855069466373
Smart-069-466374,Mobile,+855069466374
Smart-069-466375,Mobile,+855069466375
Smart-069-466376,Mobile,+855069466376
Smart-069-466377,Mobile,+855069466377
Smart-069-466378,Mobile,+855069466378
Smart-069-466379,Mobile,+855069466379
Smart-069-466380,Mobile,+855069466380
Smart-069-466381,Mobile,+855069466381
Smart-069-466382,Mobile,+855069466382
Smart-069-466383,Mobile,+855069466383
Smart-069-466384,Mobile,+855069466384
Smart-069-466385,Mobile,+855069466385
Smart-069-466386,Mobile,+855069466386
Smart-069-466387,Mobile,+855069466387
Smart-069-466388,Mobile,+855069466388
Smart-069-466389,Mobile,+855069466389
Smart-069-466390,Mobile,+855069466390
Smart-069-466391,Mobile,+855069466391
Smart-069-466392,Mobile,+855069466392
Smart-069-466393,Mobile,+855069466393
Smart-069-466394,Mobile,+855069466394
Smart-069-466395,Mobile,+855069466395
Smart-069-466396,Mobile,+855069466396
Smart-069-466397,Mobile,+855069466397
Smart-069-466398,Mobile,+855069466398
Smart-069-466399,Mobile,+855069466399
Smart-069-466400,Mobile,+855069466400
Smart-069-466401,Mobile,+855069466401
Smart-069-466402,Mobile,+855069466402
Smart-069-466403,Mobile,+855069466403
Smart-069-466404,Mobile,+855069466404
Smart-069-466405,Mobile,+855069466405
Smart-069-466406,Mobile,+855069466406
Smart-069-466407,Mobile,+855069466407
Smart-069-466408,Mobile,+855069466408
Smart-069-466409,Mobile,+855069466409
Smart-069-466410,Mobile,+855069466410
Smart-069-466411,Mobile,+855069466411
Smart-069-466412,Mobile,+855069466412
Smart-069-466413,Mobile,+855069466413
Smart-069-466414,Mobile,+855069466414
Smart-069-466415,Mobile,+855069466415
Smart-069-466416,Mobile,+855069466416
Smart-069-466417,Mobile,+855069466417
Smart-069-466418,Mobile,+855069466418
Smart-069-466419,Mobile,+855069466419
Smart-069-466420,Mobile,+855069466420
Smart-069-466421,Mobile,+855069466421
Smart-069-466422,Mobile,+855069466422
Smart-069-466423,Mobile,+855069466423
Smart-069-466424,Mobile,+855069466424
Smart-069-466425,Mobile,+855069466425
Smart-069-466426,Mobile,+855069466426
Smart-069-466427,Mobile,+855069466427
Smart-069-466428,Mobile,+855069466428
Smart-069-466429,Mobile,+855069466429
Smart-069-466430,Mobile,+855069466430
Smart-069-466431,Mobile,+855069466431
Smart-069-466432,Mobile,+855069466432
Smart-069-466433,Mobile,+855069466433
Smart-069-466434,Mobile,+855069466434
Smart-069-466435,Mobile,+855069466435
Smart-069-466436,Mobile,+855069466436
Smart-069-466437,Mobile,+855069466437
Smart-069-466438,Mobile,+855069466438
Smart-069-466439,Mobile,+855069466439
Smart-069-466440,Mobile,+855069466440
Smart-069-466441,Mobile,+855069466441
Smart-069-466442,Mobile,+855069466442
Smart-069-466443,Mobile,+855069466443
Smart-069-466444,Mobile,+855069466444
Smart-069-466445,Mobile,+855069466445
Smart-069-466446,Mobile,+855069466446
Smart-069-466447,Mobile,+855069466447
Smart-069-466448,Mobile,+855069466448
Smart-069-466449,Mobile,+855069466449
Smart-069-466450,Mobile,+855069466450
Smart-069-466451,Mobile,+855069466451
Smart-069-466452,Mobile,+855069466452
Smart-069-466453,Mobile,+855069466453
Smart-069-466454,Mobile,+855069466454
Smart-069-466455,Mobile,+855069466455
Smart-069-466456,Mobile,+855069466456
Smart-069-466457,Mobile,+855069466457
Smart-069-466458,Mobile,+855069466458
Smart-069-466459,Mobile,+855069466459
Smart-069-466460,Mobile,+855069466460
Smart-069-466461,Mobile,+855069466461
Smart-069-466462,Mobile,+855069466462
Smart-069-466463,Mobile,+855069466463
Smart-069-466464,Mobile,+855069466464
Smart-069-466465,Mobile,+855069466465
Smart-069-466466,Mobile,+855069466466
Smart-069-466467,Mobile,+855069466467
Smart-069-466468,Mobile,+855069466468
Smart-069-466469,Mobile,+855069466469
Smart-069-466470,Mobile,+855069466470
Smart-069-466471,Mobile,+855069466471
Smart-069-466472,Mobile,+855069466472
Smart-069-466473,Mobile,+855069466473
Smart-069-466474,Mobile,+855069466474
Smart-069-466475,Mobile,+855069466475
Smart-069-466476,Mobile,+855069466476
Smart-069-466477,Mobile,+855069466477
Smart-069-466478,Mobile,+855069466478
Smart-069-466479,Mobile,+855069466479
Smart-069-466480,Mobile,+855069466480
Smart-069-466481,Mobile,+855069466481
Smart-069-466482,Mobile,+855069466482
Smart-069-466483,Mobile,+855069466483
Smart-069-466484,Mobile,+855069466484
Smart-069-466485,Mobile,+855069466485
Smart-069-466486,Mobile,+855069466486
Smart-069-466487,Mobile,+855069466487
Smart-069-466488,Mobile,+855069466488
Smart-069-466489,Mobile,+855069466489
Smart-069-466490,Mobile,+855069466490
Smart-069-466491,Mobile,+855069466491
Smart-069-466492,Mobile,+855069466492
Smart-069-466493,Mobile,+855069466493
Smart-069-466494,Mobile,+855069466494
Smart-069-466495,Mobile,+855069466495
Smart-069-466496,Mobile,+855069466496
Smart-069-466497,Mobile,+855069466497
Smart-069-466498,Mobile,+855069466498
Smart-069-466499,Mobile,+855069466499
Smart-069-466500,Mobile,+855069466500
Smart-069-466501,Mobile,+855069466501
Smart-069-466502,Mobile,+855069466502
Smart-069-466503,Mobile,+855069466503
Smart-069-466504,Mobile,+855069466504
Smart-069-466505,Mobile,+855069466505
Smart-069-466506,Mobile,+855069466506
Smart-069-466507,Mobile,+855069466507
Smart-069-466508,Mobile,+855069466508
Smart-069-466509,Mobile,+855069466509
Smart-069-466510,Mobile,+855069466510
Smart-069-466511,Mobile,+855069466511
Smart-069-466512,Mobile,+855069466512
Smart-069-466513,Mobile,+855069466513
Smart-069-466514,Mobile,+855069466514
Smart-069-466515,Mobile,+855069466515
Smart-069-466516,Mobile,+855069466516
Smart-069-466517,Mobile,+855069466517
Smart-069-466518,Mobile,+855069466518
Smart-069-466519,Mobile,+855069466519
Smart-069-466520,Mobile,+855069466520
Smart-069-466521,Mobile,+855069466521
Smart-069-466522,Mobile,+855069466522
Smart-069-466523,Mobile,+855069466523
Smart-069-466524,Mobile,+855069466524
Smart-069-466525,Mobile,+855069466525
Smart-069-466526,Mobile,+855069466526
Smart-069-466527,Mobile,+855069466527
Smart-069-466528,Mobile,+855069466528
Smart-069-466529,Mobile,+855069466529
Smart-069-466530,Mobile,+855069466530
Smart-069-466531,Mobile,+855069466531
Smart-069-466532,Mobile,+855069466532
Smart-069-466533,Mobile,+855069466533
Smart-069-466534,Mobile,+855069466534
Smart-069-466535,Mobile,+855069466535
Smart-069-466536,Mobile,+855069466536
Smart-069-466537,Mobile,+855069466537
Smart-069-466538,Mobile,+855069466538
Smart-069-466539,Mobile,+855069466539
Smart-069-466540,Mobile,+855069466540
Smart-069-466541,Mobile,+855069466541
Smart-069-466542,Mobile,+855069466542
Smart-069-466543,Mobile,+855069466543
Smart-069-466544,Mobile,+855069466544
Smart-069-466545,Mobile,+855069466545
Smart-069-466546,Mobile,+855069466546
Smart-069-466547,Mobile,+855069466547
Smart-069-466548,Mobile,+855069466548
Smart-069-466549,Mobile,+855069466549
Smart-069-466550,Mobile,+855069466550
Smart-069-466551,Mobile,+855069466551
Smart-069-466552,Mobile,+855069466552
Smart-069-466553,Mobile,+855069466553
Smart-069-466554,Mobile,+855069466554
Smart-069-466555,Mobile,+855069466555
Smart-069-466556,Mobile,+855069466556
Smart-069-466557,Mobile,+855069466557
Smart-069-466558,Mobile,+855069466558
Smart-069-466559,Mobile,+855069466559
Smart-069-466560,Mobile,+855069466560
Smart-069-466561,Mobile,+855069466561
Smart-069-466562,Mobile,+855069466562
Smart-069-466563,Mobile,+855069466563
Smart-069-466564,Mobile,+855069466564
Smart-069-466565,Mobile,+855069466565
Smart-069-466566,Mobile,+855069466566
Smart-069-466567,Mobile,+855069466567
Smart-069-466568,Mobile,+855069466568
Smart-069-466569,Mobile,+855069466569
Smart-069-466570,Mobile,+855069466570
Smart-069-466571,Mobile,+855069466571
Smart-069-466572,Mobile,+855069466572
Smart-069-466573,Mobile,+855069466573
Smart-069-466574,Mobile,+855069466574
Smart-069-466575,Mobile,+855069466575
Smart-069-466576,Mobile,+855069466576
Smart-069-466577,Mobile,+855069466577
Smart-069-466578,Mobile,+855069466578
Smart-069-466579,Mobile,+855069466579
Smart-069-466580,Mobile,+855069466580
Smart-069-466581,Mobile,+855069466581
Smart-069-466582,Mobile,+855069466582
Smart-069-466583,Mobile,+855069466583
Smart-069-466584,Mobile,+855069466584
Smart-069-466585,Mobile,+855069466585
Smart-069-466586,Mobile,+855069466586
Smart-069-466587,Mobile,+855069466587
Smart-069-466588,Mobile,+855069466588
Smart-069-466589,Mobile,+855069466589
Smart-069-466590,Mobile,+855069466590
Smart-069-466591,Mobile,+855069466591
Smart-069-466592,Mobile,+855069466592
Smart-069-466593,Mobile,+855069466593
Smart-069-466594,Mobile,+855069466594
Smart-069-466595,Mobile,+855069466595
Smart-069-466596,Mobile,+855069466596
Smart-069-466597,Mobile,+855069466597
Smart-069-466598,Mobile,+855069466598
Smart-069-466599,Mobile,+855069466599
Smart-069-466600,Mobile,+855069466600
Smart-069-466601,Mobile,+855069466601
Smart-069-466602,Mobile,+855069466602
Smart-069-466603,Mobile,+855069466603
Smart-069-466604,Mobile,+855069466604
Smart-069-466605,Mobile,+855069466605
Smart-069-466606,Mobile,+855069466606
Smart-069-466607,Mobile,+855069466607
Smart-069-466608,Mobile,+855069466608
Smart-069-466609,Mobile,+855069466609
Smart-069-466610,Mobile,+855069466610
Smart-069-466611,Mobile,+855069466611
Smart-069-466612,Mobile,+855069466612
Smart-069-466613,Mobile,+855069466613
Smart-069-466614,Mobile,+855069466614
Smart-069-466615,Mobile,+855069466615
Smart-069-466616,Mobile,+855069466616
Smart-069-466617,Mobile,+855069466617
Smart-069-466618,Mobile,+855069466618
Smart-069-466619,Mobile,+855069466619
Smart-069-466620,Mobile,+855069466620
Smart-069-466621,Mobile,+855069466621
Smart-069-466622,Mobile,+855069466622
Smart-069-466623,Mobile,+855069466623
Smart-069-466624,Mobile,+855069466624
Smart-069-466625,Mobile,+855069466625
Smart-069-466626,Mobile,+855069466626
Smart-069-466627,Mobile,+855069466627
Smart-069-466628,Mobile,+855069466628
Smart-069-466629,Mobile,+855069466629
Smart-069-466630,Mobile,+855069466630
Smart-069-466631,Mobile,+855069466631
Smart-069-466632,Mobile,+855069466632
Smart-069-466633,Mobile,+855069466633
Smart-069-466634,Mobile,+855069466634
Smart-069-466635,Mobile,+855069466635
Smart-069-466636,Mobile,+855069466636
Smart-069-466637,Mobile,+855069466637
Smart-069-466638,Mobile,+855069466638
Smart-069-466639,Mobile,+855069466639
Smart-069-466640,Mobile,+855069466640
Smart-069-466641,Mobile,+855069466641
Smart-069-466642,Mobile,+855069466642
Smart-069-466643,Mobile,+855069466643
Smart-069-466644,Mobile,+855069466644
Smart-069-466645,Mobile,+855069466645
Smart-069-466646,Mobile,+855069466646
Smart-069-466647,Mobile,+855069466647
Smart-069-466648,Mobile,+855069466648
Smart-069-466649,Mobile,+855069466649
Smart-069-466650,Mobile,+855069466650
Smart-069-466651,Mobile,+855069466651
Smart-069-466652,Mobile,+855069466652
Smart-069-466653,Mobile,+855069466653
Smart-069-466654,Mobile,+855069466654
Smart-069-466655,Mobile,+855069466655
Smart-069-466656,Mobile,+855069466656
Smart-069-466657,Mobile,+855069466657
Smart-069-466658,Mobile,+855069466658
Smart-069-466659,Mobile,+855069466659
Smart-069-466660,Mobile,+855069466660
Smart-069-466661,Mobile,+855069466661
Smart-069-466662,Mobile,+855069466662
Smart-069-466663,Mobile,+855069466663
Smart-069-466664,Mobile,+855069466664
Smart-069-466665,Mobile,+855069466665
Smart-069-466666,Mobile,+855069466666
Smart-069-466667,Mobile,+855069466667
Smart-069-466668,Mobile,+855069466668
Smart-069-466669,Mobile,+855069466669
Smart-069-466670,Mobile,+855069466670
Smart-069-466671,Mobile,+855069466671
Smart-069-466672,Mobile,+855069466672
Smart-069-466673,Mobile,+855069466673
Smart-069-466674,Mobile,+855069466674
Smart-069-466675,Mobile,+855069466675
Smart-069-466676,Mobile,+855069466676
Smart-069-466677,Mobile,+855069466677
Smart-069-466678,Mobile,+855069466678
Smart-069-466679,Mobile,+855069466679
Smart-069-466680,Mobile,+855069466680
Smart-069-466681,Mobile,+855069466681
Smart-069-466682,Mobile,+855069466682
Smart-069-466683,Mobile,+855069466683
Smart-069-466684,Mobile,+855069466684
Smart-069-466685,Mobile,+855069466685
Smart-069-466686,Mobile,+855069466686
Smart-069-466687,Mobile,+855069466687
Smart-069-466688,Mobile,+855069466688
Smart-069-466689,Mobile,+855069466689
Smart-069-466690,Mobile,+855069466690
Smart-069-466691,Mobile,+855069466691
Smart-069-466692,Mobile,+855069466692
Smart-069-466693,Mobile,+855069466693
Smart-069-466694,Mobile,+855069466694
Smart-069-466695,Mobile,+855069466695
Smart-069-466696,Mobile,+855069466696
Smart-069-466697,Mobile,+855069466697
Smart-069-466698,Mobile,+855069466698
Smart-069-466699,Mobile,+855069466699
Smart-069-466700,Mobile,+855069466700
Smart-069-466701,Mobile,+855069466701
Smart-069-466702,Mobile,+855069466702
Smart-069-466703,Mobile,+855069466703
Smart-069-466704,Mobile,+855069466704
Smart-069-466705,Mobile,+855069466705
Smart-069-466706,Mobile,+855069466706
Smart-069-466707,Mobile,+855069466707
Smart-069-466708,Mobile,+855069466708
Smart-069-466709,Mobile,+855069466709
Smart-069-466710,Mobile,+855069466710
Smart-069-466711,Mobile,+855069466711
Smart-069-466712,Mobile,+855069466712
Smart-069-466713,Mobile,+855069466713
Smart-069-466714,Mobile,+855069466714
Smart-069-466715,Mobile,+855069466715
Smart-069-466716,Mobile,+855069466716
Smart-069-466717,Mobile,+855069466717
Smart-069-466718,Mobile,+855069466718
Smart-069-466719,Mobile,+855069466719
Smart-069-466720,Mobile,+855069466720
Smart-069-466721,Mobile,+855069466721
Smart-069-466722,Mobile,+855069466722
Smart-069-466723,Mobile,+855069466723
Smart-069-466724,Mobile,+855069466724
Smart-069-466725,Mobile,+855069466725
Smart-069-466726,Mobile,+855069466726
Smart-069-466727,Mobile,+855069466727
Smart-069-466728,Mobile,+855069466728
Smart-069-466729,Mobile,+855069466729
Smart-069-466730,Mobile,+855069466730
Smart-069-466731,Mobile,+855069466731
Smart-069-466732,Mobile,+855069466732
Smart-069-466733,Mobile,+855069466733
Smart-069-466734,Mobile,+855069466734
Smart-069-466735,Mobile,+855069466735
Smart-069-466736,Mobile,+855069466736
Smart-069-466737,Mobile,+855069466737
Smart-069-466738,Mobile,+855069466738
Smart-069-466739,Mobile,+855069466739
Smart-069-466740,Mobile,+855069466740
Smart-069-466741,Mobile,+855069466741
Smart-069-466742,Mobile,+855069466742
Smart-069-466743,Mobile,+855069466743
Smart-069-466744,Mobile,+855069466744
Smart-069-466745,Mobile,+855069466745
Smart-069-466746,Mobile,+855069466746
Smart-069-466747,Mobile,+855069466747
Smart-069-466748,Mobile,+855069466748
Smart-069-466749,Mobile,+855069466749
Smart-069-466750,Mobile,+855069466750
Smart-069-466751,Mobile,+855069466751
Smart-069-466752,Mobile,+855069466752
Smart-069-466753,Mobile,+855069466753
Smart-069-466754,Mobile,+855069466754
Smart-069-466755,Mobile,+855069466755
Smart-069-466756,Mobile,+855069466756
Smart-069-466757,Mobile,+855069466757
Smart-069-466758,Mobile,+855069466758
Smart-069-466759,Mobile,+855069466759
Smart-069-466760,Mobile,+855069466760
Smart-069-466761,Mobile,+855069466761
Smart-069-466762,Mobile,+855069466762
Smart-069-466763,Mobile,+855069466763
Smart-069-466764,Mobile,+855069466764
Smart-069-466765,Mobile,+855069466765
Smart-069-466766,Mobile,+855069466766
Smart-069-466767,Mobile,+855069466767
Smart-069-466768,Mobile,+855069466768
Smart-069-466769,Mobile,+855069466769
Smart-069-466770,Mobile,+855069466770
Smart-069-466771,Mobile,+855069466771
Smart-069-466772,Mobile,+855069466772
Smart-069-466773,Mobile,+855069466773
Smart-069-466774,Mobile,+855069466774
Smart-069-466775,Mobile,+855069466775
Smart-069-466776,Mobile,+855069466776
Smart-069-466777,Mobile,+855069466777
Smart-069-466778,Mobile,+855069466778
Smart-069-466779,Mobile,+855069466779
Smart-069-466780,Mobile,+855069466780
Smart-069-466781,Mobile,+855069466781
Smart-069-466782,Mobile,+855069466782
Smart-069-466783,Mobile,+855069466783
Smart-069-466784,Mobile,+855069466784
Smart-069-466785,Mobile,+855069466785
Smart-069-466786,Mobile,+855069466786
Smart-069-466787,Mobile,+855069466787
Smart-069-466788,Mobile,+855069466788
Smart-069-466789,Mobile,+855069466789
Smart-069-466790,Mobile,+855069466790
Smart-069-466791,Mobile,+855069466791
Smart-069-466792,Mobile,+855069466792
Smart-069-466793,Mobile,+855069466793
Smart-069-466794,Mobile,+855069466794
Smart-069-466795,Mobile,+855069466795
Smart-069-466796,Mobile,+855069466796
Smart-069-466797,Mobile,+855069466797
Smart-069-466798,Mobile,+855069466798
Smart-069-466799,Mobile,+855069466799
Smart-069-466800,Mobile,+855069466800
Smart-069-466801,Mobile,+855069466801
Smart-069-466802,Mobile,+855069466802
Smart-069-466803,Mobile,+855069466803
Smart-069-466804,Mobile,+855069466804
Smart-069-466805,Mobile,+855069466805
Smart-069-466806,Mobile,+855069466806
Smart-069-466807,Mobile,+855069466807
Smart-069-466808,Mobile,+855069466808
Smart-069-466809,Mobile,+855069466809
Smart-069-466810,Mobile,+855069466810
Smart-069-466811,Mobile,+855069466811
Smart-069-466812,Mobile,+855069466812
Smart-069-466813,Mobile,+855069466813
Smart-069-466814,Mobile,+855069466814
Smart-069-466815,Mobile,+855069466815
Smart-069-466816,Mobile,+855069466816
Smart-069-466817,Mobile,+855069466817
Smart-069-466818,Mobile,+855069466818
Smart-069-466819,Mobile,+855069466819
Smart-069-466820,Mobile,+855069466820
Smart-069-466821,Mobile,+855069466821
Smart-069-466822,Mobile,+855069466822
Smart-069-466823,Mobile,+855069466823
Smart-069-466824,Mobile,+855069466824
Smart-069-466825,Mobile,+855069466825
Smart-069-466826,Mobile,+855069466826
Smart-069-466827,Mobile,+855069466827
Smart-069-466828,Mobile,+855069466828
Smart-069-466829,Mobile,+855069466829
Smart-069-466830,Mobile,+855069466830
Smart-069-466831,Mobile,+855069466831
Smart-069-466832,Mobile,+855069466832
Smart-069-466833,Mobile,+855069466833
Smart-069-466834,Mobile,+855069466834
Smart-069-466835,Mobile,+855069466835
Smart-069-466836,Mobile,+855069466836
Smart-069-466837,Mobile,+855069466837
Smart-069-466838,Mobile,+855069466838
Smart-069-466839,Mobile,+855069466839
Smart-069-466840,Mobile,+855069466840
Smart-069-466841,Mobile,+855069466841
Smart-069-466842,Mobile,+855069466842
Smart-069-466843,Mobile,+855069466843
Smart-069-466844,Mobile,+855069466844
Smart-069-466845,Mobile,+855069466845
Smart-069-466846,Mobile,+855069466846
Smart-069-466847,Mobile,+855069466847
Smart-069-466848,Mobile,+855069466848
Smart-069-466849,Mobile,+855069466849
Smart-069-466850,Mobile,+855069466850
Smart-069-466851,Mobile,+855069466851
Smart-069-466852,Mobile,+855069466852
Smart-069-466853,Mobile,+855069466853
Smart-069-466854,Mobile,+855069466854
Smart-069-466855,Mobile,+855069466855
Smart-069-466856,Mobile,+855069466856
Smart-069-466857,Mobile,+855069466857
Smart-069-466858,Mobile,+855069466858
Smart-069-466859,Mobile,+855069466859
Smart-069-466860,Mobile,+855069466860
Smart-069-466861,Mobile,+855069466861
Smart-069-466862,Mobile,+855069466862
Smart-069-466863,Mobile,+855069466863
Smart-069-466864,Mobile,+855069466864
Smart-069-466865,Mobile,+855069466865
Smart-069-466866,Mobile,+855069466866
Smart-069-466867,Mobile,+855069466867
Smart-069-466868,Mobile,+855069466868
Smart-069-466869,Mobile,+855069466869
Smart-069-466870,Mobile,+855069466870
Smart-069-466871,Mobile,+855069466871
Smart-069-466872,Mobile,+855069466872
Smart-069-466873,Mobile,+855069466873
Smart-069-466874,Mobile,+855069466874
Smart-069-466875,Mobile,+855069466875
Smart-069-466876,Mobile,+855069466876
Smart-069-466877,Mobile,+855069466877
Smart-069-466878,Mobile,+855069466878
Smart-069-466879,Mobile,+855069466879
Smart-069-466880,Mobile,+855069466880
Smart-069-466881,Mobile,+855069466881
Smart-069-466882,Mobile,+855069466882
Smart-069-466883,Mobile,+855069466883
Smart-069-466884,Mobile,+855069466884
Smart-069-466885,Mobile,+855069466885
Smart-069-466886,Mobile,+855069466886
Smart-069-466887,Mobile,+855069466887
Smart-069-466888,Mobile,+855069466888
Smart-069-466889,Mobile,+855069466889
Smart-069-466890,Mobile,+855069466890
Smart-069-466891,Mobile,+855069466891
Smart-069-466892,Mobile,+855069466892
Smart-069-466893,Mobile,+855069466893
Smart-069-466894,Mobile,+855069466894
Smart-069-466895,Mobile,+855069466895
Smart-069-466896,Mobile,+855069466896
Smart-069-466897,Mobile,+855069466897
Smart-069-466898,Mobile,+855069466898
Smart-069-466899,Mobile,+855069466899
Smart-069-466900,Mobile,+855069466900
Smart-069-466901,Mobile,+855069466901
Smart-069-466902,Mobile,+855069466902
Smart-069-466903,Mobile,+855069466903
Smart-069-466904,Mobile,+855069466904
Smart-069-466905,Mobile,+855069466905
Smart-069-466906,Mobile,+855069466906
Smart-069-466907,Mobile,+855069466907
Smart-069-466908,Mobile,+855069466908
Smart-069-466909,Mobile,+855069466909
Smart-069-466910,Mobile,+855069466910
Smart-069-466911,Mobile,+855069466911
Smart-069-466912,Mobile,+855069466912
Smart-069-466913,Mobile,+855069466913
Smart-069-466914,Mobile,+855069466914
Smart-069-466915,Mobile,+855069466915
Smart-069-466916,Mobile,+855069466916
Smart-069-466917,Mobile,+855069466917
Smart-069-466918,Mobile,+855069466918
Smart-069-466919,Mobile,+855069466919
Smart-069-466920,Mobile,+855069466920
Smart-069-466921,Mobile,+855069466921
Smart-069-466922,Mobile,+855069466922
Smart-069-466923,Mobile,+855069466923
Smart-069-466924,Mobile,+855069466924
Smart-069-466925,Mobile,+855069466925
Smart-069-466926,Mobile,+855069466926
Smart-069-466927,Mobile,+855069466927
Smart-069-466928,Mobile,+855069466928
Smart-069-466929,Mobile,+855069466929
Smart-069-466930,Mobile,+855069466930
Smart-069-466931,Mobile,+855069466931
Smart-069-466932,Mobile,+855069466932
Smart-069-466933,Mobile,+855069466933
Smart-069-466934,Mobile,+855069466934
Smart-069-466935,Mobile,+855069466935
Smart-069-466936,Mobile,+855069466936
Smart-069-466937,Mobile,+855069466937
Smart-069-466938,Mobile,+855069466938
Smart-069-466939,Mobile,+855069466939
Smart-069-466940,Mobile,+855069466940
Smart-069-466941,Mobile,+855069466941
Smart-069-466942,Mobile,+855069466942
Smart-069-466943,Mobile,+855069466943
Smart-069-466944,Mobile,+855069466944
Smart-069-466945,Mobile,+855069466945
Smart-069-466946,Mobile,+855069466946
Smart-069-466947,Mobile,+855069466947
Smart-069-466948,Mobile,+855069466948
Smart-069-466949,Mobile,+855069466949
Smart-069-466950,Mobile,+855069466950
Smart-069-466951,Mobile,+855069466951
Smart-069-466952,Mobile,+855069466952
Smart-069-466953,Mobile,+855069466953
Smart-069-466954,Mobile,+855069466954
Smart-069-466955,Mobile,+855069466955
Smart-069-466956,Mobile,+855069466956
Smart-069-466957,Mobile,+855069466957
Smart-069-466958,Mobile,+855069466958
Smart-069-466959,Mobile,+855069466959
Smart-069-466960,Mobile,+855069466960
Smart-069-466961,Mobile,+855069466961
Smart-069-466962,Mobile,+855069466962
Smart-069-466963,Mobile,+855069466963
Smart-069-466964,Mobile,+855069466964
Smart-069-466965,Mobile,+855069466965
Smart-069-466966,Mobile,+855069466966
Smart-069-466967,Mobile,+855069466967
Smart-069-466968,Mobile,+855069466968
Smart-069-466969,Mobile,+855069466969
Smart-069-466970,Mobile,+855069466970
Smart-069-466971,Mobile,+855069466971
Smart-069-466972,Mobile,+855069466972
Smart-069-466973,Mobile,+855069466973
Smart-069-466974,Mobile,+855069466974
Smart-069-466975,Mobile,+855069466975
Smart-069-466976,Mobile,+855069466976
Smart-069-466977,Mobile,+855069466977
Smart-069-466978,Mobile,+855069466978
Smart-069-466979,Mobile,+855069466979
Smart-069-466980,Mobile,+855069466980
Smart-069-466981,Mobile,+855069466981
Smart-069-466982,Mobile,+855069466982
Smart-069-466983,Mobile,+855069466983
Smart-069-466984,Mobile,+855069466984
Smart-069-466985,Mobile,+855069466985
Smart-069-466986,Mobile,+855069466986
Smart-069-466987,Mobile,+855069466987
Smart-069-466988,Mobile,+855069466988
Smart-069-466989,Mobile,+855069466989
Smart-069-466990,Mobile,+855069466990
Smart-069-466991,Mobile,+855069466991
Smart-069-466992,Mobile,+855069466992
Smart-069-466993,Mobile,+855069466993
Smart-069-466994,Mobile,+855069466994
Smart-069-466995,Mobile,+855069466995
Smart-069-466996,Mobile,+855069466996
Smart-069-466997,Mobile,+855069466997
Smart-069-466998,Mobile,+855069466998
Smart-069-466999,Mobile,+855069466999
Smart-069-467000,Mobile,+855069467000
Smart-069-467001,Mobile,+855069467001
Smart-069-467002,Mobile,+855069467002
Smart-069-467003,Mobile,+855069467003
Smart-069-467004,Mobile,+855069467004
Smart-069-467005,Mobile,+855069467005
Smart-069-467006,Mobile,+855069467006
Smart-069-467007,Mobile,+855069467007
Smart-069-467008,Mobile,+855069467008
Smart-069-467009,Mobile,+855069467009
Smart-069-467010,Mobile,+855069467010
Smart-069-467011,Mobile,+855069467011
Smart-069-467012,Mobile,+855069467012
Smart-069-467013,Mobile,+855069467013
Smart-069-467014,Mobile,+855069467014
Smart-069-467015,Mobile,+855069467015
Smart-069-467016,Mobile,+855069467016
Smart-069-467017,Mobile,+855069467017
Smart-069-467018,Mobile,+855069467018
Smart-069-467019,Mobile,+855069467019
Smart-069-467020,Mobile,+855069467020
Smart-069-467021,Mobile,+855069467021
Smart-069-467022,Mobile,+855069467022
Smart-069-467023,Mobile,+855069467023
Smart-069-467024,Mobile,+855069467024
Smart-069-467025,Mobile,+855069467025
Smart-069-467026,Mobile,+855069467026
Smart-069-467027,Mobile,+855069467027
Smart-069-467028,Mobile,+855069467028
Smart-069-467029,Mobile,+855069467029
Smart-069-467030,Mobile,+855069467030
Smart-069-467031,Mobile,+855069467031
Smart-069-467032,Mobile,+855069467032
Smart-069-467033,Mobile,+855069467033
Smart-069-467034,Mobile,+855069467034
Smart-069-467035,Mobile,+855069467035
Smart-069-467036,Mobile,+855069467036
Smart-069-467037,Mobile,+855069467037
Smart-069-467038,Mobile,+855069467038
Smart-069-467039,Mobile,+855069467039
Smart-069-467040,Mobile,+855069467040
Smart-069-467041,Mobile,+855069467041
Smart-069-467042,Mobile,+855069467042
Smart-069-467043,Mobile,+855069467043
Smart-069-467044,Mobile,+855069467044
Smart-069-467045,Mobile,+855069467045
Smart-069-467046,Mobile,+855069467046
Smart-069-467047,Mobile,+855069467047
Smart-069-467048,Mobile,+855069467048
Smart-069-467049,Mobile,+855069467049
Smart-069-467050,Mobile,+855069467050
Smart-069-467051,Mobile,+855069467051
Smart-069-467052,Mobile,+855069467052
Smart-069-467053,Mobile,+855069467053
Smart-069-467054,Mobile,+855069467054
Smart-069-467055,Mobile,+855069467055
Smart-069-467056,Mobile,+855069467056
Smart-069-467057,Mobile,+855069467057
Smart-069-467058,Mobile,+855069467058
Smart-069-467059,Mobile,+855069467059
Smart-069-467060,Mobile,+855069467060
Smart-069-467061,Mobile,+855069467061
Smart-069-467062,Mobile,+855069467062
Smart-069-467063,Mobile,+855069467063
Smart-069-467064,Mobile,+855069467064
Smart-069-467065,Mobile,+855069467065
Smart-069-467066,Mobile,+855069467066
Smart-069-467067,Mobile,+855069467067
Smart-069-467068,Mobile,+855069467068
Smart-069-467069,Mobile,+855069467069
Smart-069-467070,Mobile,+855069467070
Smart-069-467071,Mobile,+855069467071
Smart-069-467072,Mobile,+855069467072
Smart-069-467073,Mobile,+855069467073
Smart-069-467074,Mobile,+855069467074
Smart-069-467075,Mobile,+855069467075
Smart-069-467076,Mobile,+855069467076
Smart-069-467077,Mobile,+855069467077
Smart-069-467078,Mobile,+855069467078
Smart-069-467079,Mobile,+855069467079
Smart-069-467080,Mobile,+855069467080
Smart-069-467081,Mobile,+855069467081
Smart-069-467082,Mobile,+855069467082
Smart-069-467083,Mobile,+855069467083
Smart-069-467084,Mobile,+855069467084
Smart-069-467085,Mobile,+855069467085
Smart-069-467086,Mobile,+855069467086
Smart-069-467087,Mobile,+855069467087
Smart-069-467088,Mobile,+855069467088
Smart-069-467089,Mobile,+855069467089
Smart-069-467090,Mobile,+855069467090
Smart-069-467091,Mobile,+855069467091
Smart-069-467092,Mobile,+855069467092
Smart-069-467093,Mobile,+855069467093
Smart-069-467094,Mobile,+855069467094
Smart-069-467095,Mobile,+855069467095
Smart-069-467096,Mobile,+855069467096
Smart-069-467097,Mobile,+855069467097
Smart-069-467098,Mobile,+855069467098
Smart-069-467099,Mobile,+855069467099
Smart-069-467100,Mobile,+855069467100
Smart-069-467101,Mobile,+855069467101
Smart-069-467102,Mobile,+855069467102
Smart-069-467103,Mobile,+855069467103
Smart-069-467104,Mobile,+855069467104
Smart-069-467105,Mobile,+855069467105
Smart-069-467106,Mobile,+855069467106
Smart-069-467107,Mobile,+855069467107
Smart-069-467108,Mobile,+855069467108
Smart-069-467109,Mobile,+855069467109
Smart-069-467110,Mobile,+855069467110
Smart-069-467111,Mobile,+855069467111
Smart-069-467112,Mobile,+855069467112
Smart-069-467113,Mobile,+855069467113
Smart-069-467114,Mobile,+855069467114
Smart-069-467115,Mobile,+855069467115
Smart-069-467116,Mobile,+855069467116
Smart-069-467117,Mobile,+855069467117
Smart-069-467118,Mobile,+855069467118
Smart-069-467119,Mobile,+855069467119
Smart-069-467120,Mobile,+855069467120
Smart-069-467121,Mobile,+855069467121
Smart-069-467122,Mobile,+855069467122
Smart-069-467123,Mobile,+855069467123
Smart-069-467124,Mobile,+855069467124
Smart-069-467125,Mobile,+855069467125
Smart-069-467126,Mobile,+855069467126
Smart-069-467127,Mobile,+855069467127
Smart-069-467128,Mobile,+855069467128
Smart-069-467129,Mobile,+855069467129
Smart-069-467130,Mobile,+855069467130
Smart-069-467131,Mobile,+855069467131
Smart-069-467132,Mobile,+855069467132
Smart-069-467133,Mobile,+855069467133
Smart-069-467134,Mobile,+855069467134
Smart-069-467135,Mobile,+855069467135
Smart-069-467136,Mobile,+855069467136
Smart-069-467137,Mobile,+855069467137
Smart-069-467138,Mobile,+855069467138
Smart-069-467139,Mobile,+855069467139
Smart-069-467140,Mobile,+855069467140
Smart-069-467141,Mobile,+855069467141
Smart-069-467142,Mobile,+855069467142
Smart-069-467143,Mobile,+855069467143
Smart-069-467144,Mobile,+855069467144
Smart-069-467145,Mobile,+855069467145
Smart-069-467146,Mobile,+855069467146
Smart-069-467147,Mobile,+855069467147
Smart-069-467148,Mobile,+855069467148
Smart-069-467149,Mobile,+855069467149
Smart-069-467150,Mobile,+855069467150
Smart-069-467151,Mobile,+855069467151
Smart-069-467152,Mobile,+855069467152
Smart-069-467153,Mobile,+855069467153
Smart-069-467154,Mobile,+855069467154
Smart-069-467155,Mobile,+855069467155
Smart-069-467156,Mobile,+855069467156
Smart-069-467157,Mobile,+855069467157
Smart-069-467158,Mobile,+855069467158
Smart-069-467159,Mobile,+855069467159
Smart-069-467160,Mobile,+855069467160
Smart-069-467161,Mobile,+855069467161
Smart-069-467162,Mobile,+855069467162
Smart-069-467163,Mobile,+855069467163
Smart-069-467164,Mobile,+855069467164
Smart-069-467165,Mobile,+855069467165
Smart-069-467166,Mobile,+855069467166
Smart-069-467167,Mobile,+855069467167
Smart-069-467168,Mobile,+855069467168
Smart-069-467169,Mobile,+855069467169
Smart-069-467170,Mobile,+855069467170
Smart-069-467171,Mobile,+855069467171
Smart-069-467172,Mobile,+855069467172
Smart-069-467173,Mobile,+855069467173
Smart-069-467174,Mobile,+855069467174
Smart-069-467175,Mobile,+855069467175
Smart-069-467176,Mobile,+855069467176
Smart-069-467177,Mobile,+855069467177
Smart-069-467178,Mobile,+855069467178
Smart-069-467179,Mobile,+855069467179
Smart-069-467180,Mobile,+855069467180
Smart-069-467181,Mobile,+855069467181
Smart-069-467182,Mobile,+855069467182
Smart-069-467183,Mobile,+855069467183
Smart-069-467184,Mobile,+855069467184
Smart-069-467185,Mobile,+855069467185
Smart-069-467186,Mobile,+855069467186
Smart-069-467187,Mobile,+855069467187
Smart-069-467188,Mobile,+855069467188
Smart-069-467189,Mobile,+855069467189
Smart-069-467190,Mobile,+855069467190
Smart-069-467191,Mobile,+855069467191
Smart-069-467192,Mobile,+855069467192
Smart-069-467193,Mobile,+855069467193
Smart-069-467194,Mobile,+855069467194
Smart-069-467195,Mobile,+855069467195
Smart-069-467196,Mobile,+855069467196
Smart-069-467197,Mobile,+855069467197
Smart-069-467198,Mobile,+855069467198
Smart-069-467199,Mobile,+855069467199
Smart-069-467200,Mobile,+855069467200
Smart-069-467201,Mobile,+855069467201
Smart-069-467202,Mobile,+855069467202
Smart-069-467203,Mobile,+855069467203
Smart-069-467204,Mobile,+855069467204
Smart-069-467205,Mobile,+855069467205
Smart-069-467206,Mobile,+855069467206
Smart-069-467207,Mobile,+855069467207
Smart-069-467208,Mobile,+855069467208
Smart-069-467209,Mobile,+855069467209
Smart-069-467210,Mobile,+855069467210
Smart-069-467211,Mobile,+855069467211
Smart-069-467212,Mobile,+855069467212
Smart-069-467213,Mobile,+855069467213
Smart-069-467214,Mobile,+855069467214
Smart-069-467215,Mobile,+855069467215
Smart-069-467216,Mobile,+855069467216
Smart-069-467217,Mobile,+855069467217
Smart-069-467218,Mobile,+855069467218
Smart-069-467219,Mobile,+855069467219
Smart-069-467220,Mobile,+855069467220
Smart-069-467221,Mobile,+855069467221
Smart-069-467222,Mobile,+855069467222
Smart-069-467223,Mobile,+855069467223
Smart-069-467224,Mobile,+855069467224
Smart-069-467225,Mobile,+855069467225
Smart-069-467226,Mobile,+855069467226
Smart-069-467227,Mobile,+855069467227
Smart-069-467228,Mobile,+855069467228
Smart-069-467229,Mobile,+855069467229
Smart-069-467230,Mobile,+855069467230
Smart-069-467231,Mobile,+855069467231
Smart-069-467232,Mobile,+855069467232
Smart-069-467233,Mobile,+855069467233
Smart-069-467234,Mobile,+855069467234
Smart-069-467235,Mobile,+855069467235
Smart-069-467236,Mobile,+855069467236
Smart-069-467237,Mobile,+855069467237
Smart-069-467238,Mobile,+855069467238
Smart-069-467239,Mobile,+855069467239
