Name,Phone 1 - Type,Phone 1 - Value
Smart-096-2491490,Mobile,+8550962491490
Smart-096-2491491,Mobile,+8550962491491
Smart-096-2491492,Mobile,+8550962491492
Smart-096-2491493,Mobile,+8550962491493
Smart-096-2491494,Mobile,+8550962491494
Smart-096-2491495,Mobile,+8550962491495
Smart-096-2491496,Mobile,+8550962491496
Smart-096-2491497,Mobile,+8550962491497
Smart-096-2491498,Mobile,+8550962491498
Smart-096-2491499,Mobile,+8550962491499
Smart-096-2491500,Mobile,+8550962491500
Smart-096-2491501,Mobile,+8550962491501
Smart-096-2491502,Mobile,+8550962491502
Smart-096-2491503,Mobile,+8550962491503
Smart-096-2491504,Mobile,+8550962491504
Smart-096-2491505,Mobile,+8550962491505
Smart-096-2491506,Mobile,+8550962491506
Smart-096-2491507,Mobile,+8550962491507
Smart-096-2491508,Mobile,+8550962491508
Smart-096-2491509,Mobile,+8550962491509
Smart-096-2491510,Mobile,+8550962491510
Smart-096-2491511,Mobile,+8550962491511
Smart-096-2491512,Mobile,+8550962491512
Smart-096-2491513,Mobile,+8550962491513
Smart-096-2491514,Mobile,+8550962491514
Smart-096-2491515,Mobile,+8550962491515
Smart-096-2491516,Mobile,+8550962491516
Smart-096-2491517,Mobile,+8550962491517
Smart-096-2491518,Mobile,+8550962491518
Smart-096-2491519,Mobile,+8550962491519
Smart-096-2491520,Mobile,+8550962491520
Smart-096-2491521,Mobile,+8550962491521
Smart-096-2491522,Mobile,+8550962491522
Smart-096-2491523,Mobile,+8550962491523
Smart-096-2491524,Mobile,+8550962491524
Smart-096-2491525,Mobile,+8550962491525
Smart-096-2491526,Mobile,+8550962491526
Smart-096-2491527,Mobile,+8550962491527
Smart-096-2491528,Mobile,+8550962491528
Smart-096-2491529,Mobile,+8550962491529
Smart-096-2491530,Mobile,+8550962491530
Smart-096-2491531,Mobile,+8550962491531
Smart-096-2491532,Mobile,+8550962491532
Smart-096-2491533,Mobile,+8550962491533
Smart-096-2491534,Mobile,+8550962491534
Smart-096-2491535,Mobile,+8550962491535
Smart-096-2491536,Mobile,+8550962491536
Smart-096-2491537,Mobile,+8550962491537
Smart-096-2491538,Mobile,+8550962491538
Smart-096-2491539,Mobile,+8550962491539
Smart-096-2491540,Mobile,+8550962491540
Smart-096-2491541,Mobile,+8550962491541
Smart-096-2491542,Mobile,+8550962491542
Smart-096-2491543,Mobile,+8550962491543
Smart-096-2491544,Mobile,+8550962491544
Smart-096-2491545,Mobile,+8550962491545
Smart-096-2491546,Mobile,+8550962491546
Smart-096-2491547,Mobile,+8550962491547
Smart-096-2491548,Mobile,+8550962491548
Smart-096-2491549,Mobile,+8550962491549
Smart-096-2491550,Mobile,+8550962491550
Smart-096-2491551,Mobile,+8550962491551
Smart-096-2491552,Mobile,+8550962491552
Smart-096-2491553,Mobile,+8550962491553
Smart-096-2491554,Mobile,+8550962491554
Smart-096-2491555,Mobile,+8550962491555
Smart-096-2491556,Mobile,+8550962491556
Smart-096-2491557,Mobile,+8550962491557
Smart-096-2491558,Mobile,+8550962491558
Smart-096-2491559,Mobile,+8550962491559
Smart-096-2491560,Mobile,+8550962491560
Smart-096-2491561,Mobile,+8550962491561
Smart-096-2491562,Mobile,+8550962491562
Smart-096-2491563,Mobile,+8550962491563
Smart-096-2491564,Mobile,+8550962491564
Smart-096-2491565,Mobile,+8550962491565
Smart-096-2491566,Mobile,+8550962491566
Smart-096-2491567,Mobile,+8550962491567
Smart-096-2491568,Mobile,+8550962491568
Smart-096-2491569,Mobile,+8550962491569
Smart-096-2491570,Mobile,+8550962491570
Smart-096-2491571,Mobile,+8550962491571
Smart-096-2491572,Mobile,+8550962491572
Smart-096-2491573,Mobile,+8550962491573
Smart-096-2491574,Mobile,+8550962491574
Smart-096-2491575,Mobile,+8550962491575
Smart-096-2491576,Mobile,+8550962491576
Smart-096-2491577,Mobile,+8550962491577
Smart-096-2491578,Mobile,+8550962491578
Smart-096-2491579,Mobile,+8550962491579
Smart-096-2491580,Mobile,+8550962491580
Smart-096-2491581,Mobile,+8550962491581
Smart-096-2491582,Mobile,+8550962491582
Smart-096-2491583,Mobile,+8550962491583
Smart-096-2491584,Mobile,+8550962491584
Smart-096-2491585,Mobile,+8550962491585
Smart-096-2491586,Mobile,+8550962491586
Smart-096-2491587,Mobile,+8550962491587
Smart-096-2491588,Mobile,+8550962491588
Smart-096-2491589,Mobile,+8550962491589
Smart-096-2491590,Mobile,+8550962491590
Smart-096-2491591,Mobile,+8550962491591
Smart-096-2491592,Mobile,+8550962491592
Smart-096-2491593,Mobile,+8550962491593
Smart-096-2491594,Mobile,+8550962491594
Smart-096-2491595,Mobile,+8550962491595
Smart-096-2491596,Mobile,+8550962491596
Smart-096-2491597,Mobile,+8550962491597
Smart-096-2491598,Mobile,+8550962491598
Smart-096-2491599,Mobile,+8550962491599
Smart-096-2491600,Mobile,+8550962491600
Smart-096-2491601,Mobile,+8550962491601
Smart-096-2491602,Mobile,+8550962491602
Smart-096-2491603,Mobile,+8550962491603
Smart-096-2491604,Mobile,+8550962491604
Smart-096-2491605,Mobile,+8550962491605
Smart-096-2491606,Mobile,+8550962491606
Smart-096-2491607,Mobile,+8550962491607
Smart-096-2491608,Mobile,+8550962491608
Smart-096-2491609,Mobile,+8550962491609
Smart-096-2491610,Mobile,+8550962491610
Smart-096-2491611,Mobile,+8550962491611
Smart-096-2491612,Mobile,+8550962491612
Smart-096-2491613,Mobile,+8550962491613
Smart-096-2491614,Mobile,+8550962491614
Smart-096-2491615,Mobile,+8550962491615
Smart-096-2491616,Mobile,+8550962491616
Smart-096-2491617,Mobile,+8550962491617
Smart-096-2491618,Mobile,+8550962491618
Smart-096-2491619,Mobile,+8550962491619
Smart-096-2491620,Mobile,+8550962491620
Smart-096-2491621,Mobile,+8550962491621
Smart-096-2491622,Mobile,+8550962491622
Smart-096-2491623,Mobile,+8550962491623
Smart-096-2491624,Mobile,+8550962491624
Smart-096-2491625,Mobile,+8550962491625
Smart-096-2491626,Mobile,+8550962491626
Smart-096-2491627,Mobile,+8550962491627
Smart-096-2491628,Mobile,+8550962491628
Smart-096-2491629,Mobile,+8550962491629
Smart-096-2491630,Mobile,+8550962491630
Smart-096-2491631,Mobile,+8550962491631
Smart-096-2491632,Mobile,+8550962491632
Smart-096-2491633,Mobile,+8550962491633
Smart-096-2491634,Mobile,+8550962491634
Smart-096-2491635,Mobile,+8550962491635
Smart-096-2491636,Mobile,+8550962491636
Smart-096-2491637,Mobile,+8550962491637
Smart-096-2491638,Mobile,+8550962491638
Smart-096-2491639,Mobile,+8550962491639
Smart-096-2491640,Mobile,+8550962491640
Smart-096-2491641,Mobile,+8550962491641
Smart-096-2491642,Mobile,+8550962491642
Smart-096-2491643,Mobile,+8550962491643
Smart-096-2491644,Mobile,+8550962491644
Smart-096-2491645,Mobile,+8550962491645
Smart-096-2491646,Mobile,+8550962491646
Smart-096-2491647,Mobile,+8550962491647
Smart-096-2491648,Mobile,+8550962491648
Smart-096-2491649,Mobile,+8550962491649
Smart-096-2491650,Mobile,+8550962491650
Smart-096-2491651,Mobile,+8550962491651
Smart-096-2491652,Mobile,+8550962491652
Smart-096-2491653,Mobile,+8550962491653
Smart-096-2491654,Mobile,+8550962491654
Smart-096-2491655,Mobile,+8550962491655
Smart-096-2491656,Mobile,+8550962491656
Smart-096-2491657,Mobile,+8550962491657
Smart-096-2491658,Mobile,+8550962491658
Smart-096-2491659,Mobile,+8550962491659
Smart-096-2491660,Mobile,+8550962491660
Smart-096-2491661,Mobile,+8550962491661
Smart-096-2491662,Mobile,+8550962491662
Smart-096-2491663,Mobile,+8550962491663
Smart-096-2491664,Mobile,+8550962491664
Smart-096-2491665,Mobile,+8550962491665
Smart-096-2491666,Mobile,+8550962491666
Smart-096-2491667,Mobile,+8550962491667
Smart-096-2491668,Mobile,+8550962491668
Smart-096-2491669,Mobile,+8550962491669
Smart-096-2491670,Mobile,+8550962491670
Smart-096-2491671,Mobile,+8550962491671
Smart-096-2491672,Mobile,+8550962491672
Smart-096-2491673,Mobile,+8550962491673
Smart-096-2491674,Mobile,+8550962491674
Smart-096-2491675,Mobile,+8550962491675
Smart-096-2491676,Mobile,+8550962491676
Smart-096-2491677,Mobile,+8550962491677
Smart-096-2491678,Mobile,+8550962491678
Smart-096-2491679,Mobile,+8550962491679
Smart-096-2491680,Mobile,+8550962491680
Smart-096-2491681,Mobile,+8550962491681
Smart-096-2491682,Mobile,+8550962491682
Smart-096-2491683,Mobile,+8550962491683
Smart-096-2491684,Mobile,+8550962491684
Smart-096-2491685,Mobile,+8550962491685
Smart-096-2491686,Mobile,+8550962491686
Smart-096-2491687,Mobile,+8550962491687
Smart-096-2491688,Mobile,+8550962491688
Smart-096-2491689,Mobile,+8550962491689
Smart-096-2491690,Mobile,+8550962491690
Smart-096-2491691,Mobile,+8550962491691
Smart-096-2491692,Mobile,+8550962491692
Smart-096-2491693,Mobile,+8550962491693
Smart-096-2491694,Mobile,+8550962491694
Smart-096-2491695,Mobile,+8550962491695
Smart-096-2491696,Mobile,+8550962491696
Smart-096-2491697,Mobile,+8550962491697
Smart-096-2491698,Mobile,+8550962491698
Smart-096-2491699,Mobile,+8550962491699
Smart-096-2491700,Mobile,+8550962491700
Smart-096-2491701,Mobile,+8550962491701
Smart-096-2491702,Mobile,+8550962491702
Smart-096-2491703,Mobile,+8550962491703
Smart-096-2491704,Mobile,+8550962491704
Smart-096-2491705,Mobile,+8550962491705
Smart-096-2491706,Mobile,+8550962491706
Smart-096-2491707,Mobile,+8550962491707
Smart-096-2491708,Mobile,+8550962491708
Smart-096-2491709,Mobile,+8550962491709
Smart-096-2491710,Mobile,+8550962491710
Smart-096-2491711,Mobile,+8550962491711
Smart-096-2491712,Mobile,+8550962491712
Smart-096-2491713,Mobile,+8550962491713
Smart-096-2491714,Mobile,+8550962491714
Smart-096-2491715,Mobile,+8550962491715
Smart-096-2491716,Mobile,+8550962491716
Smart-096-2491717,Mobile,+8550962491717
Smart-096-2491718,Mobile,+8550962491718
Smart-096-2491719,Mobile,+8550962491719
Smart-096-2491720,Mobile,+8550962491720
Smart-096-2491721,Mobile,+8550962491721
Smart-096-2491722,Mobile,+8550962491722
Smart-096-2491723,Mobile,+8550962491723
Smart-096-2491724,Mobile,+8550962491724
Smart-096-2491725,Mobile,+8550962491725
Smart-096-2491726,Mobile,+8550962491726
Smart-096-2491727,Mobile,+8550962491727
Smart-096-2491728,Mobile,+8550962491728
Smart-096-2491729,Mobile,+8550962491729
Smart-096-2491730,Mobile,+8550962491730
Smart-096-2491731,Mobile,+8550962491731
Smart-096-2491732,Mobile,+8550962491732
Smart-096-2491733,Mobile,+8550962491733
Smart-096-2491734,Mobile,+8550962491734
Smart-096-2491735,Mobile,+8550962491735
Smart-096-2491736,Mobile,+8550962491736
Smart-096-2491737,Mobile,+8550962491737
Smart-096-2491738,Mobile,+8550962491738
Smart-096-2491739,Mobile,+8550962491739
Smart-096-2491740,Mobile,+8550962491740
Smart-096-2491741,Mobile,+8550962491741
Smart-096-2491742,Mobile,+8550962491742
Smart-096-2491743,Mobile,+8550962491743
Smart-096-2491744,Mobile,+8550962491744
Smart-096-2491745,Mobile,+8550962491745
Smart-096-2491746,Mobile,+8550962491746
Smart-096-2491747,Mobile,+8550962491747
Smart-096-2491748,Mobile,+8550962491748
Smart-096-2491749,Mobile,+8550962491749
Smart-096-2491750,Mobile,+8550962491750
Smart-096-2491751,Mobile,+8550962491751
Smart-096-2491752,Mobile,+8550962491752
Smart-096-2491753,Mobile,+8550962491753
Smart-096-2491754,Mobile,+8550962491754
Smart-096-2491755,Mobile,+8550962491755
Smart-096-2491756,Mobile,+8550962491756
Smart-096-2491757,Mobile,+8550962491757
Smart-096-2491758,Mobile,+8550962491758
Smart-096-2491759,Mobile,+8550962491759
Smart-096-2491760,Mobile,+8550962491760
Smart-096-2491761,Mobile,+8550962491761
Smart-096-2491762,Mobile,+8550962491762
Smart-096-2491763,Mobile,+8550962491763
Smart-096-2491764,Mobile,+8550962491764
Smart-096-2491765,Mobile,+8550962491765
Smart-096-2491766,Mobile,+8550962491766
Smart-096-2491767,Mobile,+8550962491767
Smart-096-2491768,Mobile,+8550962491768
Smart-096-2491769,Mobile,+8550962491769
Smart-096-2491770,Mobile,+8550962491770
Smart-096-2491771,Mobile,+8550962491771
Smart-096-2491772,Mobile,+8550962491772
Smart-096-2491773,Mobile,+8550962491773
Smart-096-2491774,Mobile,+8550962491774
Smart-096-2491775,Mobile,+8550962491775
Smart-096-2491776,Mobile,+8550962491776
Smart-096-2491777,Mobile,+8550962491777
Smart-096-2491778,Mobile,+8550962491778
Smart-096-2491779,Mobile,+8550962491779
Smart-096-2491780,Mobile,+8550962491780
Smart-096-2491781,Mobile,+8550962491781
Smart-096-2491782,Mobile,+8550962491782
Smart-096-2491783,Mobile,+8550962491783
Smart-096-2491784,Mobile,+8550962491784
Smart-096-2491785,Mobile,+8550962491785
Smart-096-2491786,Mobile,+8550962491786
Smart-096-2491787,Mobile,+8550962491787
Smart-096-2491788,Mobile,+8550962491788
Smart-096-2491789,Mobile,+8550962491789
Smart-096-2491790,Mobile,+8550962491790
Smart-096-2491791,Mobile,+8550962491791
Smart-096-2491792,Mobile,+8550962491792
Smart-096-2491793,Mobile,+8550962491793
Smart-096-2491794,Mobile,+8550962491794
Smart-096-2491795,Mobile,+8550962491795
Smart-096-2491796,Mobile,+8550962491796
Smart-096-2491797,Mobile,+8550962491797
Smart-096-2491798,Mobile,+8550962491798
Smart-096-2491799,Mobile,+8550962491799
Smart-096-2491800,Mobile,+8550962491800
Smart-096-2491801,Mobile,+8550962491801
Smart-096-2491802,Mobile,+8550962491802
Smart-096-2491803,Mobile,+8550962491803
Smart-096-2491804,Mobile,+8550962491804
Smart-096-2491805,Mobile,+8550962491805
Smart-096-2491806,Mobile,+8550962491806
Smart-096-2491807,Mobile,+8550962491807
Smart-096-2491808,Mobile,+8550962491808
Smart-096-2491809,Mobile,+8550962491809
Smart-096-2491810,Mobile,+8550962491810
Smart-096-2491811,Mobile,+8550962491811
Smart-096-2491812,Mobile,+8550962491812
Smart-096-2491813,Mobile,+8550962491813
Smart-096-2491814,Mobile,+8550962491814
Smart-096-2491815,Mobile,+8550962491815
Smart-096-2491816,Mobile,+8550962491816
Smart-096-2491817,Mobile,+8550962491817
Smart-096-2491818,Mobile,+8550962491818
Smart-096-2491819,Mobile,+8550962491819
Smart-096-2491820,Mobile,+8550962491820
Smart-096-2491821,Mobile,+8550962491821
Smart-096-2491822,Mobile,+8550962491822
Smart-096-2491823,Mobile,+8550962491823
Smart-096-2491824,Mobile,+8550962491824
Smart-096-2491825,Mobile,+8550962491825
Smart-096-2491826,Mobile,+8550962491826
Smart-096-2491827,Mobile,+8550962491827
Smart-096-2491828,Mobile,+8550962491828
Smart-096-2491829,Mobile,+8550962491829
Smart-096-2491830,Mobile,+8550962491830
Smart-096-2491831,Mobile,+8550962491831
Smart-096-2491832,Mobile,+8550962491832
Smart-096-2491833,Mobile,+8550962491833
Smart-096-2491834,Mobile,+8550962491834
Smart-096-2491835,Mobile,+8550962491835
Smart-096-2491836,Mobile,+8550962491836
Smart-096-2491837,Mobile,+8550962491837
Smart-096-2491838,Mobile,+8550962491838
Smart-096-2491839,Mobile,+8550962491839
Smart-096-2491840,Mobile,+8550962491840
Smart-096-2491841,Mobile,+8550962491841
Smart-096-2491842,Mobile,+8550962491842
Smart-096-2491843,Mobile,+8550962491843
Smart-096-2491844,Mobile,+8550962491844
Smart-096-2491845,Mobile,+8550962491845
Smart-096-2491846,Mobile,+8550962491846
Smart-096-2491847,Mobile,+8550962491847
Smart-096-2491848,Mobile,+8550962491848
Smart-096-2491849,Mobile,+8550962491849
Smart-096-2491850,Mobile,+8550962491850
Smart-096-2491851,Mobile,+8550962491851
Smart-096-2491852,Mobile,+8550962491852
Smart-096-2491853,Mobile,+8550962491853
Smart-096-2491854,Mobile,+8550962491854
Smart-096-2491855,Mobile,+8550962491855
Smart-096-2491856,Mobile,+8550962491856
Smart-096-2491857,Mobile,+8550962491857
Smart-096-2491858,Mobile,+8550962491858
Smart-096-2491859,Mobile,+8550962491859
Smart-096-2491860,Mobile,+8550962491860
Smart-096-2491861,Mobile,+8550962491861
Smart-096-2491862,Mobile,+8550962491862
Smart-096-2491863,Mobile,+8550962491863
Smart-096-2491864,Mobile,+8550962491864
Smart-096-2491865,Mobile,+8550962491865
Smart-096-2491866,Mobile,+8550962491866
Smart-096-2491867,Mobile,+8550962491867
Smart-096-2491868,Mobile,+8550962491868
Smart-096-2491869,Mobile,+8550962491869
Smart-096-2491870,Mobile,+8550962491870
Smart-096-2491871,Mobile,+8550962491871
Smart-096-2491872,Mobile,+8550962491872
Smart-096-2491873,Mobile,+8550962491873
Smart-096-2491874,Mobile,+8550962491874
Smart-096-2491875,Mobile,+8550962491875
Smart-096-2491876,Mobile,+8550962491876
Smart-096-2491877,Mobile,+8550962491877
Smart-096-2491878,Mobile,+8550962491878
Smart-096-2491879,Mobile,+8550962491879
Smart-096-2491880,Mobile,+8550962491880
Smart-096-2491881,Mobile,+8550962491881
Smart-096-2491882,Mobile,+8550962491882
Smart-096-2491883,Mobile,+8550962491883
Smart-096-2491884,Mobile,+8550962491884
Smart-096-2491885,Mobile,+8550962491885
Smart-096-2491886,Mobile,+8550962491886
Smart-096-2491887,Mobile,+8550962491887
Smart-096-2491888,Mobile,+8550962491888
Smart-096-2491889,Mobile,+8550962491889
Smart-096-2491890,Mobile,+8550962491890
Smart-096-2491891,Mobile,+8550962491891
Smart-096-2491892,Mobile,+8550962491892
Smart-096-2491893,Mobile,+8550962491893
Smart-096-2491894,Mobile,+8550962491894
Smart-096-2491895,Mobile,+8550962491895
Smart-096-2491896,Mobile,+8550962491896
Smart-096-2491897,Mobile,+8550962491897
Smart-096-2491898,Mobile,+8550962491898
Smart-096-2491899,Mobile,+8550962491899
Smart-096-2491900,Mobile,+8550962491900
Smart-096-2491901,Mobile,+8550962491901
Smart-096-2491902,Mobile,+8550962491902
Smart-096-2491903,Mobile,+8550962491903
Smart-096-2491904,Mobile,+8550962491904
Smart-096-2491905,Mobile,+8550962491905
Smart-096-2491906,Mobile,+8550962491906
Smart-096-2491907,Mobile,+8550962491907
Smart-096-2491908,Mobile,+8550962491908
Smart-096-2491909,Mobile,+8550962491909
Smart-096-2491910,Mobile,+8550962491910
Smart-096-2491911,Mobile,+8550962491911
Smart-096-2491912,Mobile,+8550962491912
Smart-096-2491913,Mobile,+8550962491913
Smart-096-2491914,Mobile,+8550962491914
Smart-096-2491915,Mobile,+8550962491915
Smart-096-2491916,Mobile,+8550962491916
Smart-096-2491917,Mobile,+8550962491917
Smart-096-2491918,Mobile,+8550962491918
Smart-096-2491919,Mobile,+8550962491919
Smart-096-2491920,Mobile,+8550962491920
Smart-096-2491921,Mobile,+8550962491921
Smart-096-2491922,Mobile,+8550962491922
Smart-096-2491923,Mobile,+8550962491923
Smart-096-2491924,Mobile,+8550962491924
Smart-096-2491925,Mobile,+8550962491925
Smart-096-2491926,Mobile,+8550962491926
Smart-096-2491927,Mobile,+8550962491927
Smart-096-2491928,Mobile,+8550962491928
Smart-096-2491929,Mobile,+8550962491929
Smart-096-2491930,Mobile,+8550962491930
Smart-096-2491931,Mobile,+8550962491931
Smart-096-2491932,Mobile,+8550962491932
Smart-096-2491933,Mobile,+8550962491933
Smart-096-2491934,Mobile,+8550962491934
Smart-096-2491935,Mobile,+8550962491935
Smart-096-2491936,Mobile,+8550962491936
Smart-096-2491937,Mobile,+8550962491937
Smart-096-2491938,Mobile,+8550962491938
Smart-096-2491939,Mobile,+8550962491939
Smart-096-2491940,Mobile,+8550962491940
Smart-096-2491941,Mobile,+8550962491941
Smart-096-2491942,Mobile,+8550962491942
Smart-096-2491943,Mobile,+8550962491943
Smart-096-2491944,Mobile,+8550962491944
Smart-096-2491945,Mobile,+8550962491945
Smart-096-2491946,Mobile,+8550962491946
Smart-096-2491947,Mobile,+8550962491947
Smart-096-2491948,Mobile,+8550962491948
Smart-096-2491949,Mobile,+8550962491949
Smart-096-2491950,Mobile,+8550962491950
Smart-096-2491951,Mobile,+8550962491951
Smart-096-2491952,Mobile,+8550962491952
Smart-096-2491953,Mobile,+8550962491953
Smart-096-2491954,Mobile,+8550962491954
Smart-096-2491955,Mobile,+8550962491955
Smart-096-2491956,Mobile,+8550962491956
Smart-096-2491957,Mobile,+8550962491957
Smart-096-2491958,Mobile,+8550962491958
Smart-096-2491959,Mobile,+8550962491959
Smart-096-2491960,Mobile,+8550962491960
Smart-096-2491961,Mobile,+8550962491961
Smart-096-2491962,Mobile,+8550962491962
Smart-096-2491963,Mobile,+8550962491963
Smart-096-2491964,Mobile,+8550962491964
Smart-096-2491965,Mobile,+8550962491965
Smart-096-2491966,Mobile,+8550962491966
Smart-096-2491967,Mobile,+8550962491967
Smart-096-2491968,Mobile,+8550962491968
Smart-096-2491969,Mobile,+8550962491969
Smart-096-2491970,Mobile,+8550962491970
Smart-096-2491971,Mobile,+8550962491971
Smart-096-2491972,Mobile,+8550962491972
Smart-096-2491973,Mobile,+8550962491973
Smart-096-2491974,Mobile,+8550962491974
Smart-096-2491975,Mobile,+8550962491975
Smart-096-2491976,Mobile,+8550962491976
Smart-096-2491977,Mobile,+8550962491977
Smart-096-2491978,Mobile,+8550962491978
Smart-096-2491979,Mobile,+8550962491979
Smart-096-2491980,Mobile,+8550962491980
Smart-096-2491981,Mobile,+8550962491981
Smart-096-2491982,Mobile,+8550962491982
Smart-096-2491983,Mobile,+8550962491983
Smart-096-2491984,Mobile,+8550962491984
Smart-096-2491985,Mobile,+8550962491985
Smart-096-2491986,Mobile,+8550962491986
Smart-096-2491987,Mobile,+8550962491987
Smart-096-2491988,Mobile,+8550962491988
Smart-096-2491989,Mobile,+8550962491989
Smart-096-2491990,Mobile,+8550962491990
Smart-096-2491991,Mobile,+8550962491991
Smart-096-2491992,Mobile,+8550962491992
Smart-096-2491993,Mobile,+8550962491993
Smart-096-2491994,Mobile,+8550962491994
Smart-096-2491995,Mobile,+8550962491995
Smart-096-2491996,Mobile,+8550962491996
Smart-096-2491997,Mobile,+8550962491997
Smart-096-2491998,Mobile,+8550962491998
Smart-096-2491999,Mobile,+8550962491999
Smart-096-2492000,Mobile,+8550962492000
Smart-096-2492001,Mobile,+8550962492001
Smart-096-2492002,Mobile,+8550962492002
Smart-096-2492003,Mobile,+8550962492003
Smart-096-2492004,Mobile,+8550962492004
Smart-096-2492005,Mobile,+8550962492005
Smart-096-2492006,Mobile,+8550962492006
Smart-096-2492007,Mobile,+8550962492007
Smart-096-2492008,Mobile,+8550962492008
Smart-096-2492009,Mobile,+8550962492009
Smart-096-2492010,Mobile,+8550962492010
Smart-096-2492011,Mobile,+8550962492011
Smart-096-2492012,Mobile,+8550962492012
Smart-096-2492013,Mobile,+8550962492013
Smart-096-2492014,Mobile,+8550962492014
Smart-096-2492015,Mobile,+8550962492015
Smart-096-2492016,Mobile,+8550962492016
Smart-096-2492017,Mobile,+8550962492017
Smart-096-2492018,Mobile,+8550962492018
Smart-096-2492019,Mobile,+8550962492019
Smart-096-2492020,Mobile,+8550962492020
Smart-096-2492021,Mobile,+8550962492021
Smart-096-2492022,Mobile,+8550962492022
Smart-096-2492023,Mobile,+8550962492023
Smart-096-2492024,Mobile,+8550962492024
Smart-096-2492025,Mobile,+8550962492025
Smart-096-2492026,Mobile,+8550962492026
Smart-096-2492027,Mobile,+8550962492027
Smart-096-2492028,Mobile,+8550962492028
Smart-096-2492029,Mobile,+8550962492029
Smart-096-2492030,Mobile,+8550962492030
Smart-096-2492031,Mobile,+8550962492031
Smart-096-2492032,Mobile,+8550962492032
Smart-096-2492033,Mobile,+8550962492033
Smart-096-2492034,Mobile,+8550962492034
Smart-096-2492035,Mobile,+8550962492035
Smart-096-2492036,Mobile,+8550962492036
Smart-096-2492037,Mobile,+8550962492037
Smart-096-2492038,Mobile,+8550962492038
Smart-096-2492039,Mobile,+8550962492039
Smart-096-2492040,Mobile,+8550962492040
Smart-096-2492041,Mobile,+8550962492041
Smart-096-2492042,Mobile,+8550962492042
Smart-096-2492043,Mobile,+8550962492043
Smart-096-2492044,Mobile,+8550962492044
Smart-096-2492045,Mobile,+8550962492045
Smart-096-2492046,Mobile,+8550962492046
Smart-096-2492047,Mobile,+8550962492047
Smart-096-2492048,Mobile,+8550962492048
Smart-096-2492049,Mobile,+8550962492049
Smart-096-2492050,Mobile,+8550962492050
Smart-096-2492051,Mobile,+8550962492051
Smart-096-2492052,Mobile,+8550962492052
Smart-096-2492053,Mobile,+8550962492053
Smart-096-2492054,Mobile,+8550962492054
Smart-096-2492055,Mobile,+8550962492055
Smart-096-2492056,Mobile,+8550962492056
Smart-096-2492057,Mobile,+8550962492057
Smart-096-2492058,Mobile,+8550962492058
Smart-096-2492059,Mobile,+8550962492059
Smart-096-2492060,Mobile,+8550962492060
Smart-096-2492061,Mobile,+8550962492061
Smart-096-2492062,Mobile,+8550962492062
Smart-096-2492063,Mobile,+8550962492063
Smart-096-2492064,Mobile,+8550962492064
Smart-096-2492065,Mobile,+8550962492065
Smart-096-2492066,Mobile,+8550962492066
Smart-096-2492067,Mobile,+8550962492067
Smart-096-2492068,Mobile,+8550962492068
Smart-096-2492069,Mobile,+8550962492069
Smart-096-2492070,Mobile,+8550962492070
Smart-096-2492071,Mobile,+8550962492071
Smart-096-2492072,Mobile,+8550962492072
Smart-096-2492073,Mobile,+8550962492073
Smart-096-2492074,Mobile,+8550962492074
Smart-096-2492075,Mobile,+8550962492075
Smart-096-2492076,Mobile,+8550962492076
Smart-096-2492077,Mobile,+8550962492077
Smart-096-2492078,Mobile,+8550962492078
Smart-096-2492079,Mobile,+8550962492079
Smart-096-2492080,Mobile,+8550962492080
Smart-096-2492081,Mobile,+8550962492081
Smart-096-2492082,Mobile,+8550962492082
Smart-096-2492083,Mobile,+8550962492083
Smart-096-2492084,Mobile,+8550962492084
Smart-096-2492085,Mobile,+8550962492085
Smart-096-2492086,Mobile,+8550962492086
Smart-096-2492087,Mobile,+8550962492087
Smart-096-2492088,Mobile,+8550962492088
Smart-096-2492089,Mobile,+8550962492089
Smart-096-2492090,Mobile,+8550962492090
Smart-096-2492091,Mobile,+8550962492091
Smart-096-2492092,Mobile,+8550962492092
Smart-096-2492093,Mobile,+8550962492093
Smart-096-2492094,Mobile,+8550962492094
Smart-096-2492095,Mobile,+8550962492095
Smart-096-2492096,Mobile,+8550962492096
Smart-096-2492097,Mobile,+8550962492097
Smart-096-2492098,Mobile,+8550962492098
Smart-096-2492099,Mobile,+8550962492099
Smart-096-2492100,Mobile,+8550962492100
Smart-096-2492101,Mobile,+8550962492101
Smart-096-2492102,Mobile,+8550962492102
Smart-096-2492103,Mobile,+8550962492103
Smart-096-2492104,Mobile,+8550962492104
Smart-096-2492105,Mobile,+8550962492105
Smart-096-2492106,Mobile,+8550962492106
Smart-096-2492107,Mobile,+8550962492107
Smart-096-2492108,Mobile,+8550962492108
Smart-096-2492109,Mobile,+8550962492109
Smart-096-2492110,Mobile,+8550962492110
Smart-096-2492111,Mobile,+8550962492111
Smart-096-2492112,Mobile,+8550962492112
Smart-096-2492113,Mobile,+8550962492113
Smart-096-2492114,Mobile,+8550962492114
Smart-096-2492115,Mobile,+8550962492115
Smart-096-2492116,Mobile,+8550962492116
Smart-096-2492117,Mobile,+8550962492117
Smart-096-2492118,Mobile,+8550962492118
Smart-096-2492119,Mobile,+8550962492119
Smart-096-2492120,Mobile,+8550962492120
Smart-096-2492121,Mobile,+8550962492121
Smart-096-2492122,Mobile,+8550962492122
Smart-096-2492123,Mobile,+8550962492123
Smart-096-2492124,Mobile,+8550962492124
Smart-096-2492125,Mobile,+8550962492125
Smart-096-2492126,Mobile,+8550962492126
Smart-096-2492127,Mobile,+8550962492127
Smart-096-2492128,Mobile,+8550962492128
Smart-096-2492129,Mobile,+8550962492129
Smart-096-2492130,Mobile,+8550962492130
Smart-096-2492131,Mobile,+8550962492131
Smart-096-2492132,Mobile,+8550962492132
Smart-096-2492133,Mobile,+8550962492133
Smart-096-2492134,Mobile,+8550962492134
Smart-096-2492135,Mobile,+8550962492135
Smart-096-2492136,Mobile,+8550962492136
Smart-096-2492137,Mobile,+8550962492137
Smart-096-2492138,Mobile,+8550962492138
Smart-096-2492139,Mobile,+8550962492139
Smart-096-2492140,Mobile,+8550962492140
Smart-096-2492141,Mobile,+8550962492141
Smart-096-2492142,Mobile,+8550962492142
Smart-096-2492143,Mobile,+8550962492143
Smart-096-2492144,Mobile,+8550962492144
Smart-096-2492145,Mobile,+8550962492145
Smart-096-2492146,Mobile,+8550962492146
Smart-096-2492147,Mobile,+8550962492147
Smart-096-2492148,Mobile,+8550962492148
Smart-096-2492149,Mobile,+8550962492149
Smart-096-2492150,Mobile,+8550962492150
Smart-096-2492151,Mobile,+8550962492151
Smart-096-2492152,Mobile,+8550962492152
Smart-096-2492153,Mobile,+8550962492153
Smart-096-2492154,Mobile,+8550962492154
Smart-096-2492155,Mobile,+8550962492155
Smart-096-2492156,Mobile,+8550962492156
Smart-096-2492157,Mobile,+8550962492157
Smart-096-2492158,Mobile,+8550962492158
Smart-096-2492159,Mobile,+8550962492159
Smart-096-2492160,Mobile,+8550962492160
Smart-096-2492161,Mobile,+8550962492161
Smart-096-2492162,Mobile,+8550962492162
Smart-096-2492163,Mobile,+8550962492163
Smart-096-2492164,Mobile,+8550962492164
Smart-096-2492165,Mobile,+8550962492165
Smart-096-2492166,Mobile,+8550962492166
Smart-096-2492167,Mobile,+8550962492167
Smart-096-2492168,Mobile,+8550962492168
Smart-096-2492169,Mobile,+8550962492169
Smart-096-2492170,Mobile,+8550962492170
Smart-096-2492171,Mobile,+8550962492171
Smart-096-2492172,Mobile,+8550962492172
Smart-096-2492173,Mobile,+8550962492173
Smart-096-2492174,Mobile,+8550962492174
Smart-096-2492175,Mobile,+8550962492175
Smart-096-2492176,Mobile,+8550962492176
Smart-096-2492177,Mobile,+8550962492177
Smart-096-2492178,Mobile,+8550962492178
Smart-096-2492179,Mobile,+8550962492179
Smart-096-2492180,Mobile,+8550962492180
Smart-096-2492181,Mobile,+8550962492181
Smart-096-2492182,Mobile,+8550962492182
Smart-096-2492183,Mobile,+8550962492183
Smart-096-2492184,Mobile,+8550962492184
Smart-096-2492185,Mobile,+8550962492185
Smart-096-2492186,Mobile,+8550962492186
Smart-096-2492187,Mobile,+8550962492187
Smart-096-2492188,Mobile,+8550962492188
Smart-096-2492189,Mobile,+8550962492189
Smart-096-2492190,Mobile,+8550962492190
Smart-096-2492191,Mobile,+8550962492191
Smart-096-2492192,Mobile,+8550962492192
Smart-096-2492193,Mobile,+8550962492193
Smart-096-2492194,Mobile,+8550962492194
Smart-096-2492195,Mobile,+8550962492195
Smart-096-2492196,Mobile,+8550962492196
Smart-096-2492197,Mobile,+8550962492197
Smart-096-2492198,Mobile,+8550962492198
Smart-096-2492199,Mobile,+8550962492199
Smart-096-2492200,Mobile,+8550962492200
Smart-096-2492201,Mobile,+8550962492201
Smart-096-2492202,Mobile,+8550962492202
Smart-096-2492203,Mobile,+8550962492203
Smart-096-2492204,Mobile,+8550962492204
Smart-096-2492205,Mobile,+8550962492205
Smart-096-2492206,Mobile,+8550962492206
Smart-096-2492207,Mobile,+8550962492207
Smart-096-2492208,Mobile,+8550962492208
Smart-096-2492209,Mobile,+8550962492209
Smart-096-2492210,Mobile,+8550962492210
Smart-096-2492211,Mobile,+8550962492211
Smart-096-2492212,Mobile,+8550962492212
Smart-096-2492213,Mobile,+8550962492213
Smart-096-2492214,Mobile,+8550962492214
Smart-096-2492215,Mobile,+8550962492215
Smart-096-2492216,Mobile,+8550962492216
Smart-096-2492217,Mobile,+8550962492217
Smart-096-2492218,Mobile,+8550962492218
Smart-096-2492219,Mobile,+8550962492219
Smart-096-2492220,Mobile,+8550962492220
Smart-096-2492221,Mobile,+8550962492221
Smart-096-2492222,Mobile,+8550962492222
Smart-096-2492223,Mobile,+8550962492223
Smart-096-2492224,Mobile,+8550962492224
Smart-096-2492225,Mobile,+8550962492225
Smart-096-2492226,Mobile,+8550962492226
Smart-096-2492227,Mobile,+8550962492227
Smart-096-2492228,Mobile,+8550962492228
Smart-096-2492229,Mobile,+8550962492229
Smart-096-2492230,Mobile,+8550962492230
Smart-096-2492231,Mobile,+8550962492231
Smart-096-2492232,Mobile,+8550962492232
Smart-096-2492233,Mobile,+8550962492233
Smart-096-2492234,Mobile,+8550962492234
Smart-096-2492235,Mobile,+8550962492235
Smart-096-2492236,Mobile,+8550962492236
Smart-096-2492237,Mobile,+8550962492237
Smart-096-2492238,Mobile,+8550962492238
Smart-096-2492239,Mobile,+8550962492239
Smart-096-2492240,Mobile,+8550962492240
Smart-096-2492241,Mobile,+8550962492241
Smart-096-2492242,Mobile,+8550962492242
Smart-096-2492243,Mobile,+8550962492243
Smart-096-2492244,Mobile,+8550962492244
Smart-096-2492245,Mobile,+8550962492245
Smart-096-2492246,Mobile,+8550962492246
Smart-096-2492247,Mobile,+8550962492247
Smart-096-2492248,Mobile,+8550962492248
Smart-096-2492249,Mobile,+8550962492249
Smart-096-2492250,Mobile,+8550962492250
Smart-096-2492251,Mobile,+8550962492251
Smart-096-2492252,Mobile,+8550962492252
Smart-096-2492253,Mobile,+8550962492253
Smart-096-2492254,Mobile,+8550962492254
Smart-096-2492255,Mobile,+8550962492255
Smart-096-2492256,Mobile,+8550962492256
Smart-096-2492257,Mobile,+8550962492257
Smart-096-2492258,Mobile,+8550962492258
Smart-096-2492259,Mobile,+8550962492259
Smart-096-2492260,Mobile,+8550962492260
Smart-096-2492261,Mobile,+8550962492261
Smart-096-2492262,Mobile,+8550962492262
Smart-096-2492263,Mobile,+8550962492263
Smart-096-2492264,Mobile,+8550962492264
Smart-096-2492265,Mobile,+8550962492265
Smart-096-2492266,Mobile,+8550962492266
Smart-096-2492267,Mobile,+8550962492267
Smart-096-2492268,Mobile,+8550962492268
Smart-096-2492269,Mobile,+8550962492269
Smart-096-2492270,Mobile,+8550962492270
Smart-096-2492271,Mobile,+8550962492271
Smart-096-2492272,Mobile,+8550962492272
Smart-096-2492273,Mobile,+8550962492273
Smart-096-2492274,Mobile,+8550962492274
Smart-096-2492275,Mobile,+8550962492275
Smart-096-2492276,Mobile,+8550962492276
Smart-096-2492277,Mobile,+8550962492277
Smart-096-2492278,Mobile,+8550962492278
Smart-096-2492279,Mobile,+8550962492279
Smart-096-2492280,Mobile,+8550962492280
Smart-096-2492281,Mobile,+8550962492281
Smart-096-2492282,Mobile,+8550962492282
Smart-096-2492283,Mobile,+8550962492283
Smart-096-2492284,Mobile,+8550962492284
Smart-096-2492285,Mobile,+8550962492285
Smart-096-2492286,Mobile,+8550962492286
Smart-096-2492287,Mobile,+8550962492287
Smart-096-2492288,Mobile,+8550962492288
Smart-096-2492289,Mobile,+8550962492289
Smart-096-2492290,Mobile,+8550962492290
Smart-096-2492291,Mobile,+8550962492291
Smart-096-2492292,Mobile,+8550962492292
Smart-096-2492293,Mobile,+8550962492293
Smart-096-2492294,Mobile,+8550962492294
Smart-096-2492295,Mobile,+8550962492295
Smart-096-2492296,Mobile,+8550962492296
Smart-096-2492297,Mobile,+8550962492297
Smart-096-2492298,Mobile,+8550962492298
Smart-096-2492299,Mobile,+8550962492299
Smart-096-2492300,Mobile,+8550962492300
Smart-096-2492301,Mobile,+8550962492301
Smart-096-2492302,Mobile,+8550962492302
Smart-096-2492303,Mobile,+8550962492303
Smart-096-2492304,Mobile,+8550962492304
Smart-096-2492305,Mobile,+8550962492305
Smart-096-2492306,Mobile,+8550962492306
Smart-096-2492307,Mobile,+8550962492307
Smart-096-2492308,Mobile,+8550962492308
Smart-096-2492309,Mobile,+8550962492309
Smart-096-2492310,Mobile,+8550962492310
Smart-096-2492311,Mobile,+8550962492311
Smart-096-2492312,Mobile,+8550962492312
Smart-096-2492313,Mobile,+8550962492313
Smart-096-2492314,Mobile,+8550962492314
Smart-096-2492315,Mobile,+8550962492315
Smart-096-2492316,Mobile,+8550962492316
Smart-096-2492317,Mobile,+8550962492317
Smart-096-2492318,Mobile,+8550962492318
Smart-096-2492319,Mobile,+8550962492319
Smart-096-2492320,Mobile,+8550962492320
Smart-096-2492321,Mobile,+8550962492321
Smart-096-2492322,Mobile,+8550962492322
Smart-096-2492323,Mobile,+8550962492323
Smart-096-2492324,Mobile,+8550962492324
Smart-096-2492325,Mobile,+8550962492325
Smart-096-2492326,Mobile,+8550962492326
Smart-096-2492327,Mobile,+8550962492327
Smart-096-2492328,Mobile,+8550962492328
Smart-096-2492329,Mobile,+8550962492329
Smart-096-2492330,Mobile,+8550962492330
Smart-096-2492331,Mobile,+8550962492331
Smart-096-2492332,Mobile,+8550962492332
Smart-096-2492333,Mobile,+8550962492333
Smart-096-2492334,Mobile,+8550962492334
Smart-096-2492335,Mobile,+8550962492335
Smart-096-2492336,Mobile,+8550962492336
Smart-096-2492337,Mobile,+8550962492337
Smart-096-2492338,Mobile,+8550962492338
Smart-096-2492339,Mobile,+8550962492339
Smart-096-2492340,Mobile,+8550962492340
Smart-096-2492341,Mobile,+8550962492341
Smart-096-2492342,Mobile,+8550962492342
Smart-096-2492343,Mobile,+8550962492343
Smart-096-2492344,Mobile,+8550962492344
Smart-096-2492345,Mobile,+8550962492345
Smart-096-2492346,Mobile,+8550962492346
Smart-096-2492347,Mobile,+8550962492347
Smart-096-2492348,Mobile,+8550962492348
Smart-096-2492349,Mobile,+8550962492349
Smart-096-2492350,Mobile,+8550962492350
Smart-096-2492351,Mobile,+8550962492351
Smart-096-2492352,Mobile,+8550962492352
Smart-096-2492353,Mobile,+8550962492353
Smart-096-2492354,Mobile,+8550962492354
Smart-096-2492355,Mobile,+8550962492355
Smart-096-2492356,Mobile,+8550962492356
Smart-096-2492357,Mobile,+8550962492357
Smart-096-2492358,Mobile,+8550962492358
Smart-096-2492359,Mobile,+8550962492359
Smart-096-2492360,Mobile,+8550962492360
Smart-096-2492361,Mobile,+8550962492361
Smart-096-2492362,Mobile,+8550962492362
Smart-096-2492363,Mobile,+8550962492363
Smart-096-2492364,Mobile,+8550962492364
Smart-096-2492365,Mobile,+8550962492365
Smart-096-2492366,Mobile,+8550962492366
Smart-096-2492367,Mobile,+8550962492367
Smart-096-2492368,Mobile,+8550962492368
Smart-096-2492369,Mobile,+8550962492369
Smart-096-2492370,Mobile,+8550962492370
Smart-096-2492371,Mobile,+8550962492371
Smart-096-2492372,Mobile,+8550962492372
Smart-096-2492373,Mobile,+8550962492373
Smart-096-2492374,Mobile,+8550962492374
Smart-096-2492375,Mobile,+8550962492375
Smart-096-2492376,Mobile,+8550962492376
Smart-096-2492377,Mobile,+8550962492377
Smart-096-2492378,Mobile,+8550962492378
Smart-096-2492379,Mobile,+8550962492379
Smart-096-2492380,Mobile,+8550962492380
Smart-096-2492381,Mobile,+8550962492381
Smart-096-2492382,Mobile,+8550962492382
Smart-096-2492383,Mobile,+8550962492383
Smart-096-2492384,Mobile,+8550962492384
Smart-096-2492385,Mobile,+8550962492385
Smart-096-2492386,Mobile,+8550962492386
Smart-096-2492387,Mobile,+8550962492387
Smart-096-2492388,Mobile,+8550962492388
Smart-096-2492389,Mobile,+8550962492389
Smart-096-2492390,Mobile,+8550962492390
Smart-096-2492391,Mobile,+8550962492391
Smart-096-2492392,Mobile,+8550962492392
Smart-096-2492393,Mobile,+8550962492393
Smart-096-2492394,Mobile,+8550962492394
Smart-096-2492395,Mobile,+8550962492395
Smart-096-2492396,Mobile,+8550962492396
Smart-096-2492397,Mobile,+8550962492397
Smart-096-2492398,Mobile,+8550962492398
Smart-096-2492399,Mobile,+8550962492399
Smart-096-2492400,Mobile,+8550962492400
Smart-096-2492401,Mobile,+8550962492401
Smart-096-2492402,Mobile,+8550962492402
Smart-096-2492403,Mobile,+8550962492403
Smart-096-2492404,Mobile,+8550962492404
Smart-096-2492405,Mobile,+8550962492405
Smart-096-2492406,Mobile,+8550962492406
Smart-096-2492407,Mobile,+8550962492407
Smart-096-2492408,Mobile,+8550962492408
Smart-096-2492409,Mobile,+8550962492409
Smart-096-2492410,Mobile,+8550962492410
Smart-096-2492411,Mobile,+8550962492411
Smart-096-2492412,Mobile,+8550962492412
Smart-096-2492413,Mobile,+8550962492413
Smart-096-2492414,Mobile,+8550962492414
Smart-096-2492415,Mobile,+8550962492415
Smart-096-2492416,Mobile,+8550962492416
Smart-096-2492417,Mobile,+8550962492417
Smart-096-2492418,Mobile,+8550962492418
Smart-096-2492419,Mobile,+8550962492419
Smart-096-2492420,Mobile,+8550962492420
Smart-096-2492421,Mobile,+8550962492421
Smart-096-2492422,Mobile,+8550962492422
Smart-096-2492423,Mobile,+8550962492423
Smart-096-2492424,Mobile,+8550962492424
Smart-096-2492425,Mobile,+8550962492425
Smart-096-2492426,Mobile,+8550962492426
Smart-096-2492427,Mobile,+8550962492427
Smart-096-2492428,Mobile,+8550962492428
Smart-096-2492429,Mobile,+8550962492429
Smart-096-2492430,Mobile,+8550962492430
Smart-096-2492431,Mobile,+8550962492431
Smart-096-2492432,Mobile,+8550962492432
Smart-096-2492433,Mobile,+8550962492433
Smart-096-2492434,Mobile,+8550962492434
Smart-096-2492435,Mobile,+8550962492435
Smart-096-2492436,Mobile,+8550962492436
Smart-096-2492437,Mobile,+8550962492437
Smart-096-2492438,Mobile,+8550962492438
Smart-096-2492439,Mobile,+8550962492439
Smart-096-2492440,Mobile,+8550962492440
Smart-096-2492441,Mobile,+8550962492441
Smart-096-2492442,Mobile,+8550962492442
Smart-096-2492443,Mobile,+8550962492443
Smart-096-2492444,Mobile,+8550962492444
Smart-096-2492445,Mobile,+8550962492445
Smart-096-2492446,Mobile,+8550962492446
Smart-096-2492447,Mobile,+8550962492447
Smart-096-2492448,Mobile,+8550962492448
Smart-096-2492449,Mobile,+8550962492449
Smart-096-2492450,Mobile,+8550962492450
Smart-096-2492451,Mobile,+8550962492451
Smart-096-2492452,Mobile,+8550962492452
Smart-096-2492453,Mobile,+8550962492453
Smart-096-2492454,Mobile,+8550962492454
Smart-096-2492455,Mobile,+8550962492455
Smart-096-2492456,Mobile,+8550962492456
Smart-096-2492457,Mobile,+8550962492457
Smart-096-2492458,Mobile,+8550962492458
Smart-096-2492459,Mobile,+8550962492459
Smart-096-2492460,Mobile,+8550962492460
Smart-096-2492461,Mobile,+8550962492461
Smart-096-2492462,Mobile,+8550962492462
Smart-096-2492463,Mobile,+8550962492463
Smart-096-2492464,Mobile,+8550962492464
Smart-096-2492465,Mobile,+8550962492465
Smart-096-2492466,Mobile,+8550962492466
Smart-096-2492467,Mobile,+8550962492467
Smart-096-2492468,Mobile,+8550962492468
Smart-096-2492469,Mobile,+8550962492469
Smart-096-2492470,Mobile,+8550962492470
Smart-096-2492471,Mobile,+8550962492471
Smart-096-2492472,Mobile,+8550962492472
Smart-096-2492473,Mobile,+8550962492473
Smart-096-2492474,Mobile,+8550962492474
Smart-096-2492475,Mobile,+8550962492475
Smart-096-2492476,Mobile,+8550962492476
Smart-096-2492477,Mobile,+8550962492477
Smart-096-2492478,Mobile,+8550962492478
Smart-096-2492479,Mobile,+8550962492479
Smart-096-2492480,Mobile,+8550962492480
Smart-096-2492481,Mobile,+8550962492481
Smart-096-2492482,Mobile,+8550962492482
Smart-096-2492483,Mobile,+8550962492483
Smart-096-2492484,Mobile,+8550962492484
Smart-096-2492485,Mobile,+8550962492485
Smart-096-2492486,Mobile,+8550962492486
Smart-096-2492487,Mobile,+8550962492487
Smart-096-2492488,Mobile,+8550962492488
Smart-096-2492489,Mobile,+8550962492489
Smart-096-2492490,Mobile,+8550962492490
Smart-096-2492491,Mobile,+8550962492491
Smart-096-2492492,Mobile,+8550962492492
Smart-096-2492493,Mobile,+8550962492493
Smart-096-2492494,Mobile,+8550962492494
Smart-096-2492495,Mobile,+8550962492495
Smart-096-2492496,Mobile,+8550962492496
Smart-096-2492497,Mobile,+8550962492497
Smart-096-2492498,Mobile,+8550962492498
Smart-096-2492499,Mobile,+8550962492499
Smart-096-2492500,Mobile,+8550962492500
Smart-096-2492501,Mobile,+8550962492501
Smart-096-2492502,Mobile,+8550962492502
Smart-096-2492503,Mobile,+8550962492503
Smart-096-2492504,Mobile,+8550962492504
Smart-096-2492505,Mobile,+8550962492505
Smart-096-2492506,Mobile,+8550962492506
Smart-096-2492507,Mobile,+8550962492507
Smart-096-2492508,Mobile,+8550962492508
Smart-096-2492509,Mobile,+8550962492509
Smart-096-2492510,Mobile,+8550962492510
Smart-096-2492511,Mobile,+8550962492511
Smart-096-2492512,Mobile,+8550962492512
Smart-096-2492513,Mobile,+8550962492513
Smart-096-2492514,Mobile,+8550962492514
Smart-096-2492515,Mobile,+8550962492515
Smart-096-2492516,Mobile,+8550962492516
Smart-096-2492517,Mobile,+8550962492517
Smart-096-2492518,Mobile,+8550962492518
Smart-096-2492519,Mobile,+8550962492519
Smart-096-2492520,Mobile,+8550962492520
Smart-096-2492521,Mobile,+8550962492521
Smart-096-2492522,Mobile,+8550962492522
Smart-096-2492523,Mobile,+8550962492523
Smart-096-2492524,Mobile,+8550962492524
Smart-096-2492525,Mobile,+8550962492525
Smart-096-2492526,Mobile,+8550962492526
Smart-096-2492527,Mobile,+8550962492527
Smart-096-2492528,Mobile,+8550962492528
Smart-096-2492529,Mobile,+8550962492529
Smart-096-2492530,Mobile,+8550962492530
Smart-096-2492531,Mobile,+8550962492531
Smart-096-2492532,Mobile,+8550962492532
Smart-096-2492533,Mobile,+8550962492533
Smart-096-2492534,Mobile,+8550962492534
Smart-096-2492535,Mobile,+8550962492535
Smart-096-2492536,Mobile,+8550962492536
Smart-096-2492537,Mobile,+8550962492537
Smart-096-2492538,Mobile,+8550962492538
Smart-096-2492539,Mobile,+8550962492539
Smart-096-2492540,Mobile,+8550962492540
Smart-096-2492541,Mobile,+8550962492541
Smart-096-2492542,Mobile,+8550962492542
Smart-096-2492543,Mobile,+8550962492543
Smart-096-2492544,Mobile,+8550962492544
Smart-096-2492545,Mobile,+8550962492545
Smart-096-2492546,Mobile,+8550962492546
Smart-096-2492547,Mobile,+8550962492547
Smart-096-2492548,Mobile,+8550962492548
Smart-096-2492549,Mobile,+8550962492549
Smart-096-2492550,Mobile,+8550962492550
Smart-096-2492551,Mobile,+8550962492551
Smart-096-2492552,Mobile,+8550962492552
Smart-096-2492553,Mobile,+8550962492553
Smart-096-2492554,Mobile,+8550962492554
Smart-096-2492555,Mobile,+8550962492555
Smart-096-2492556,Mobile,+8550962492556
Smart-096-2492557,Mobile,+8550962492557
Smart-096-2492558,Mobile,+8550962492558
Smart-096-2492559,Mobile,+8550962492559
Smart-096-2492560,Mobile,+8550962492560
Smart-096-2492561,Mobile,+8550962492561
Smart-096-2492562,Mobile,+8550962492562
Smart-096-2492563,Mobile,+8550962492563
Smart-096-2492564,Mobile,+8550962492564
Smart-096-2492565,Mobile,+8550962492565
Smart-096-2492566,Mobile,+8550962492566
Smart-096-2492567,Mobile,+8550962492567
Smart-096-2492568,Mobile,+8550962492568
Smart-096-2492569,Mobile,+8550962492569
Smart-096-2492570,Mobile,+8550962492570
Smart-096-2492571,Mobile,+8550962492571
Smart-096-2492572,Mobile,+8550962492572
Smart-096-2492573,Mobile,+8550962492573
Smart-096-2492574,Mobile,+8550962492574
Smart-096-2492575,Mobile,+8550962492575
Smart-096-2492576,Mobile,+8550962492576
Smart-096-2492577,Mobile,+8550962492577
Smart-096-2492578,Mobile,+8550962492578
Smart-096-2492579,Mobile,+8550962492579
Smart-096-2492580,Mobile,+8550962492580
Smart-096-2492581,Mobile,+8550962492581
Smart-096-2492582,Mobile,+8550962492582
Smart-096-2492583,Mobile,+8550962492583
Smart-096-2492584,Mobile,+8550962492584
Smart-096-2492585,Mobile,+8550962492585
Smart-096-2492586,Mobile,+8550962492586
Smart-096-2492587,Mobile,+8550962492587
Smart-096-2492588,Mobile,+8550962492588
Smart-096-2492589,Mobile,+8550962492589
Smart-096-2492590,Mobile,+8550962492590
Smart-096-2492591,Mobile,+8550962492591
Smart-096-2492592,Mobile,+8550962492592
Smart-096-2492593,Mobile,+8550962492593
Smart-096-2492594,Mobile,+8550962492594
Smart-096-2492595,Mobile,+8550962492595
Smart-096-2492596,Mobile,+8550962492596
Smart-096-2492597,Mobile,+8550962492597
Smart-096-2492598,Mobile,+8550962492598
Smart-096-2492599,Mobile,+8550962492599
Smart-096-2492600,Mobile,+8550962492600
Smart-096-2492601,Mobile,+8550962492601
Smart-096-2492602,Mobile,+8550962492602
Smart-096-2492603,Mobile,+8550962492603
Smart-096-2492604,Mobile,+8550962492604
Smart-096-2492605,Mobile,+8550962492605
Smart-096-2492606,Mobile,+8550962492606
Smart-096-2492607,Mobile,+8550962492607
Smart-096-2492608,Mobile,+8550962492608
Smart-096-2492609,Mobile,+8550962492609
Smart-096-2492610,Mobile,+8550962492610
Smart-096-2492611,Mobile,+8550962492611
Smart-096-2492612,Mobile,+8550962492612
Smart-096-2492613,Mobile,+8550962492613
Smart-096-2492614,Mobile,+8550962492614
Smart-096-2492615,Mobile,+8550962492615
Smart-096-2492616,Mobile,+8550962492616
Smart-096-2492617,Mobile,+8550962492617
Smart-096-2492618,Mobile,+8550962492618
Smart-096-2492619,Mobile,+8550962492619
Smart-096-2492620,Mobile,+8550962492620
Smart-096-2492621,Mobile,+8550962492621
Smart-096-2492622,Mobile,+8550962492622
Smart-096-2492623,Mobile,+8550962492623
Smart-096-2492624,Mobile,+8550962492624
Smart-096-2492625,Mobile,+8550962492625
Smart-096-2492626,Mobile,+8550962492626
Smart-096-2492627,Mobile,+8550962492627
Smart-096-2492628,Mobile,+8550962492628
Smart-096-2492629,Mobile,+8550962492629
Smart-096-2492630,Mobile,+8550962492630
Smart-096-2492631,Mobile,+8550962492631
Smart-096-2492632,Mobile,+8550962492632
Smart-096-2492633,Mobile,+8550962492633
Smart-096-2492634,Mobile,+8550962492634
Smart-096-2492635,Mobile,+8550962492635
Smart-096-2492636,Mobile,+8550962492636
Smart-096-2492637,Mobile,+8550962492637
Smart-096-2492638,Mobile,+8550962492638
Smart-096-2492639,Mobile,+8550962492639
Smart-096-2492640,Mobile,+8550962492640
Smart-096-2492641,Mobile,+8550962492641
Smart-096-2492642,Mobile,+8550962492642
Smart-096-2492643,Mobile,+8550962492643
Smart-096-2492644,Mobile,+8550962492644
Smart-096-2492645,Mobile,+8550962492645
Smart-096-2492646,Mobile,+8550962492646
Smart-096-2492647,Mobile,+8550962492647
Smart-096-2492648,Mobile,+8550962492648
Smart-096-2492649,Mobile,+8550962492649
Smart-096-2492650,Mobile,+8550962492650
Smart-096-2492651,Mobile,+8550962492651
Smart-096-2492652,Mobile,+8550962492652
Smart-096-2492653,Mobile,+8550962492653
Smart-096-2492654,Mobile,+8550962492654
Smart-096-2492655,Mobile,+8550962492655
Smart-096-2492656,Mobile,+8550962492656
Smart-096-2492657,Mobile,+8550962492657
Smart-096-2492658,Mobile,+8550962492658
Smart-096-2492659,Mobile,+8550962492659
Smart-096-2492660,Mobile,+8550962492660
Smart-096-2492661,Mobile,+8550962492661
Smart-096-2492662,Mobile,+8550962492662
Smart-096-2492663,Mobile,+8550962492663
Smart-096-2492664,Mobile,+8550962492664
Smart-096-2492665,Mobile,+8550962492665
Smart-096-2492666,Mobile,+8550962492666
Smart-096-2492667,Mobile,+8550962492667
Smart-096-2492668,Mobile,+8550962492668
Smart-096-2492669,Mobile,+8550962492669
Smart-096-2492670,Mobile,+8550962492670
Smart-096-2492671,Mobile,+8550962492671
Smart-096-2492672,Mobile,+8550962492672
Smart-096-2492673,Mobile,+8550962492673
Smart-096-2492674,Mobile,+8550962492674
Smart-096-2492675,Mobile,+8550962492675
Smart-096-2492676,Mobile,+8550962492676
Smart-096-2492677,Mobile,+8550962492677
Smart-096-2492678,Mobile,+8550962492678
Smart-096-2492679,Mobile,+8550962492679
Smart-096-2492680,Mobile,+8550962492680
Smart-096-2492681,Mobile,+8550962492681
Smart-096-2492682,Mobile,+8550962492682
Smart-096-2492683,Mobile,+8550962492683
Smart-096-2492684,Mobile,+8550962492684
Smart-096-2492685,Mobile,+8550962492685
Smart-096-2492686,Mobile,+8550962492686
Smart-096-2492687,Mobile,+8550962492687
Smart-096-2492688,Mobile,+8550962492688
Smart-096-2492689,Mobile,+8550962492689
Smart-096-2492690,Mobile,+8550962492690
Smart-096-2492691,Mobile,+8550962492691
Smart-096-2492692,Mobile,+8550962492692
Smart-096-2492693,Mobile,+8550962492693
Smart-096-2492694,Mobile,+8550962492694
Smart-096-2492695,Mobile,+8550962492695
Smart-096-2492696,Mobile,+8550962492696
Smart-096-2492697,Mobile,+8550962492697
Smart-096-2492698,Mobile,+8550962492698
Smart-096-2492699,Mobile,+8550962492699
Smart-096-2492700,Mobile,+8550962492700
Smart-096-2492701,Mobile,+8550962492701
Smart-096-2492702,Mobile,+8550962492702
Smart-096-2492703,Mobile,+8550962492703
Smart-096-2492704,Mobile,+8550962492704
Smart-096-2492705,Mobile,+8550962492705
Smart-096-2492706,Mobile,+8550962492706
Smart-096-2492707,Mobile,+8550962492707
Smart-096-2492708,Mobile,+8550962492708
Smart-096-2492709,Mobile,+8550962492709
Smart-096-2492710,Mobile,+8550962492710
Smart-096-2492711,Mobile,+8550962492711
Smart-096-2492712,Mobile,+8550962492712
Smart-096-2492713,Mobile,+8550962492713
Smart-096-2492714,Mobile,+8550962492714
Smart-096-2492715,Mobile,+8550962492715
Smart-096-2492716,Mobile,+8550962492716
Smart-096-2492717,Mobile,+8550962492717
Smart-096-2492718,Mobile,+8550962492718
Smart-096-2492719,Mobile,+8550962492719
Smart-096-2492720,Mobile,+8550962492720
Smart-096-2492721,Mobile,+8550962492721
Smart-096-2492722,Mobile,+8550962492722
Smart-096-2492723,Mobile,+8550962492723
Smart-096-2492724,Mobile,+8550962492724
Smart-096-2492725,Mobile,+8550962492725
Smart-096-2492726,Mobile,+8550962492726
Smart-096-2492727,Mobile,+8550962492727
Smart-096-2492728,Mobile,+8550962492728
Smart-096-2492729,Mobile,+8550962492729
Smart-096-2492730,Mobile,+8550962492730
Smart-096-2492731,Mobile,+8550962492731
Smart-096-2492732,Mobile,+8550962492732
Smart-096-2492733,Mobile,+8550962492733
Smart-096-2492734,Mobile,+8550962492734
Smart-096-2492735,Mobile,+8550962492735
Smart-096-2492736,Mobile,+8550962492736
Smart-096-2492737,Mobile,+8550962492737
Smart-096-2492738,Mobile,+8550962492738
Smart-096-2492739,Mobile,+8550962492739
Smart-096-2492740,Mobile,+8550962492740
Smart-096-2492741,Mobile,+8550962492741
Smart-096-2492742,Mobile,+8550962492742
Smart-096-2492743,Mobile,+8550962492743
Smart-096-2492744,Mobile,+8550962492744
Smart-096-2492745,Mobile,+8550962492745
Smart-096-2492746,Mobile,+8550962492746
Smart-096-2492747,Mobile,+8550962492747
Smart-096-2492748,Mobile,+8550962492748
Smart-096-2492749,Mobile,+8550962492749
Smart-096-2492750,Mobile,+8550962492750
Smart-096-2492751,Mobile,+8550962492751
Smart-096-2492752,Mobile,+8550962492752
Smart-096-2492753,Mobile,+8550962492753
Smart-096-2492754,Mobile,+8550962492754
Smart-096-2492755,Mobile,+8550962492755
Smart-096-2492756,Mobile,+8550962492756
Smart-096-2492757,Mobile,+8550962492757
Smart-096-2492758,Mobile,+8550962492758
Smart-096-2492759,Mobile,+8550962492759
Smart-096-2492760,Mobile,+8550962492760
Smart-096-2492761,Mobile,+8550962492761
Smart-096-2492762,Mobile,+8550962492762
Smart-096-2492763,Mobile,+8550962492763
Smart-096-2492764,Mobile,+8550962492764
Smart-096-2492765,Mobile,+8550962492765
Smart-096-2492766,Mobile,+8550962492766
Smart-096-2492767,Mobile,+8550962492767
Smart-096-2492768,Mobile,+8550962492768
Smart-096-2492769,Mobile,+8550962492769
Smart-096-2492770,Mobile,+8550962492770
Smart-096-2492771,Mobile,+8550962492771
Smart-096-2492772,Mobile,+8550962492772
Smart-096-2492773,Mobile,+8550962492773
Smart-096-2492774,Mobile,+8550962492774
Smart-096-2492775,Mobile,+8550962492775
Smart-096-2492776,Mobile,+8550962492776
Smart-096-2492777,Mobile,+8550962492777
Smart-096-2492778,Mobile,+8550962492778
Smart-096-2492779,Mobile,+8550962492779
Smart-096-2492780,Mobile,+8550962492780
Smart-096-2492781,Mobile,+8550962492781
Smart-096-2492782,Mobile,+8550962492782
Smart-096-2492783,Mobile,+8550962492783
Smart-096-2492784,Mobile,+8550962492784
Smart-096-2492785,Mobile,+8550962492785
Smart-096-2492786,Mobile,+8550962492786
Smart-096-2492787,Mobile,+8550962492787
Smart-096-2492788,Mobile,+8550962492788
Smart-096-2492789,Mobile,+8550962492789
Smart-096-2492790,Mobile,+8550962492790
Smart-096-2492791,Mobile,+8550962492791
Smart-096-2492792,Mobile,+8550962492792
Smart-096-2492793,Mobile,+8550962492793
Smart-096-2492794,Mobile,+8550962492794
Smart-096-2492795,Mobile,+8550962492795
Smart-096-2492796,Mobile,+8550962492796
Smart-096-2492797,Mobile,+8550962492797
Smart-096-2492798,Mobile,+8550962492798
Smart-096-2492799,Mobile,+8550962492799
Smart-096-2492800,Mobile,+8550962492800
Smart-096-2492801,Mobile,+8550962492801
Smart-096-2492802,Mobile,+8550962492802
Smart-096-2492803,Mobile,+8550962492803
Smart-096-2492804,Mobile,+8550962492804
Smart-096-2492805,Mobile,+8550962492805
Smart-096-2492806,Mobile,+8550962492806
Smart-096-2492807,Mobile,+8550962492807
Smart-096-2492808,Mobile,+8550962492808
Smart-096-2492809,Mobile,+8550962492809
Smart-096-2492810,Mobile,+8550962492810
Smart-096-2492811,Mobile,+8550962492811
Smart-096-2492812,Mobile,+8550962492812
Smart-096-2492813,Mobile,+8550962492813
Smart-096-2492814,Mobile,+8550962492814
Smart-096-2492815,Mobile,+8550962492815
Smart-096-2492816,Mobile,+8550962492816
Smart-096-2492817,Mobile,+8550962492817
Smart-096-2492818,Mobile,+8550962492818
Smart-096-2492819,Mobile,+8550962492819
Smart-096-2492820,Mobile,+8550962492820
Smart-096-2492821,Mobile,+8550962492821
Smart-096-2492822,Mobile,+8550962492822
Smart-096-2492823,Mobile,+8550962492823
Smart-096-2492824,Mobile,+8550962492824
Smart-096-2492825,Mobile,+8550962492825
Smart-096-2492826,Mobile,+8550962492826
Smart-096-2492827,Mobile,+8550962492827
Smart-096-2492828,Mobile,+8550962492828
Smart-096-2492829,Mobile,+8550962492829
Smart-096-2492830,Mobile,+8550962492830
Smart-096-2492831,Mobile,+8550962492831
Smart-096-2492832,Mobile,+8550962492832
Smart-096-2492833,Mobile,+8550962492833
Smart-096-2492834,Mobile,+8550962492834
Smart-096-2492835,Mobile,+8550962492835
Smart-096-2492836,Mobile,+8550962492836
Smart-096-2492837,Mobile,+8550962492837
Smart-096-2492838,Mobile,+8550962492838
Smart-096-2492839,Mobile,+8550962492839
Smart-096-2492840,Mobile,+8550962492840
Smart-096-2492841,Mobile,+8550962492841
Smart-096-2492842,Mobile,+8550962492842
Smart-096-2492843,Mobile,+8550962492843
Smart-096-2492844,Mobile,+8550962492844
Smart-096-2492845,Mobile,+8550962492845
Smart-096-2492846,Mobile,+8550962492846
Smart-096-2492847,Mobile,+8550962492847
Smart-096-2492848,Mobile,+8550962492848
Smart-096-2492849,Mobile,+8550962492849
Smart-096-2492850,Mobile,+8550962492850
Smart-096-2492851,Mobile,+8550962492851
Smart-096-2492852,Mobile,+8550962492852
Smart-096-2492853,Mobile,+8550962492853
Smart-096-2492854,Mobile,+8550962492854
Smart-096-2492855,Mobile,+8550962492855
Smart-096-2492856,Mobile,+8550962492856
Smart-096-2492857,Mobile,+8550962492857
Smart-096-2492858,Mobile,+8550962492858
Smart-096-2492859,Mobile,+8550962492859
Smart-096-2492860,Mobile,+8550962492860
Smart-096-2492861,Mobile,+8550962492861
Smart-096-2492862,Mobile,+8550962492862
Smart-096-2492863,Mobile,+8550962492863
Smart-096-2492864,Mobile,+8550962492864
Smart-096-2492865,Mobile,+8550962492865
Smart-096-2492866,Mobile,+8550962492866
Smart-096-2492867,Mobile,+8550962492867
Smart-096-2492868,Mobile,+8550962492868
Smart-096-2492869,Mobile,+8550962492869
Smart-096-2492870,Mobile,+8550962492870
Smart-096-2492871,Mobile,+8550962492871
Smart-096-2492872,Mobile,+8550962492872
Smart-096-2492873,Mobile,+8550962492873
Smart-096-2492874,Mobile,+8550962492874
Smart-096-2492875,Mobile,+8550962492875
Smart-096-2492876,Mobile,+8550962492876
Smart-096-2492877,Mobile,+8550962492877
Smart-096-2492878,Mobile,+8550962492878
Smart-096-2492879,Mobile,+8550962492879
Smart-096-2492880,Mobile,+8550962492880
Smart-096-2492881,Mobile,+8550962492881
Smart-096-2492882,Mobile,+8550962492882
Smart-096-2492883,Mobile,+8550962492883
Smart-096-2492884,Mobile,+8550962492884
Smart-096-2492885,Mobile,+8550962492885
Smart-096-2492886,Mobile,+8550962492886
Smart-096-2492887,Mobile,+8550962492887
Smart-096-2492888,Mobile,+8550962492888
Smart-096-2492889,Mobile,+8550962492889
Smart-096-2492890,Mobile,+8550962492890
Smart-096-2492891,Mobile,+8550962492891
Smart-096-2492892,Mobile,+8550962492892
Smart-096-2492893,Mobile,+8550962492893
Smart-096-2492894,Mobile,+8550962492894
Smart-096-2492895,Mobile,+8550962492895
Smart-096-2492896,Mobile,+8550962492896
Smart-096-2492897,Mobile,+8550962492897
Smart-096-2492898,Mobile,+8550962492898
Smart-096-2492899,Mobile,+8550962492899
Smart-096-2492900,Mobile,+8550962492900
Smart-096-2492901,Mobile,+8550962492901
Smart-096-2492902,Mobile,+8550962492902
Smart-096-2492903,Mobile,+8550962492903
Smart-096-2492904,Mobile,+8550962492904
Smart-096-2492905,Mobile,+8550962492905
Smart-096-2492906,Mobile,+8550962492906
Smart-096-2492907,Mobile,+8550962492907
Smart-096-2492908,Mobile,+8550962492908
Smart-096-2492909,Mobile,+8550962492909
Smart-096-2492910,Mobile,+8550962492910
Smart-096-2492911,Mobile,+8550962492911
Smart-096-2492912,Mobile,+8550962492912
Smart-096-2492913,Mobile,+8550962492913
Smart-096-2492914,Mobile,+8550962492914
Smart-096-2492915,Mobile,+8550962492915
Smart-096-2492916,Mobile,+8550962492916
Smart-096-2492917,Mobile,+8550962492917
Smart-096-2492918,Mobile,+8550962492918
Smart-096-2492919,Mobile,+8550962492919
Smart-096-2492920,Mobile,+8550962492920
Smart-096-2492921,Mobile,+8550962492921
Smart-096-2492922,Mobile,+8550962492922
Smart-096-2492923,Mobile,+8550962492923
Smart-096-2492924,Mobile,+8550962492924
Smart-096-2492925,Mobile,+8550962492925
Smart-096-2492926,Mobile,+8550962492926
Smart-096-2492927,Mobile,+8550962492927
Smart-096-2492928,Mobile,+8550962492928
Smart-096-2492929,Mobile,+8550962492929
Smart-096-2492930,Mobile,+8550962492930
Smart-096-2492931,Mobile,+8550962492931
Smart-096-2492932,Mobile,+8550962492932
Smart-096-2492933,Mobile,+8550962492933
Smart-096-2492934,Mobile,+8550962492934
Smart-096-2492935,Mobile,+8550962492935
Smart-096-2492936,Mobile,+8550962492936
Smart-096-2492937,Mobile,+8550962492937
Smart-096-2492938,Mobile,+8550962492938
Smart-096-2492939,Mobile,+8550962492939
Smart-096-2492940,Mobile,+8550962492940
Smart-096-2492941,Mobile,+8550962492941
Smart-096-2492942,Mobile,+8550962492942
Smart-096-2492943,Mobile,+8550962492943
Smart-096-2492944,Mobile,+8550962492944
Smart-096-2492945,Mobile,+8550962492945
Smart-096-2492946,Mobile,+8550962492946
Smart-096-2492947,Mobile,+8550962492947
Smart-096-2492948,Mobile,+8550962492948
Smart-096-2492949,Mobile,+8550962492949
Smart-096-2492950,Mobile,+8550962492950
Smart-096-2492951,Mobile,+8550962492951
Smart-096-2492952,Mobile,+8550962492952
Smart-096-2492953,Mobile,+8550962492953
Smart-096-2492954,Mobile,+8550962492954
Smart-096-2492955,Mobile,+8550962492955
Smart-096-2492956,Mobile,+8550962492956
Smart-096-2492957,Mobile,+8550962492957
Smart-096-2492958,Mobile,+8550962492958
Smart-096-2492959,Mobile,+8550962492959
Smart-096-2492960,Mobile,+8550962492960
Smart-096-2492961,Mobile,+8550962492961
Smart-096-2492962,Mobile,+8550962492962
Smart-096-2492963,Mobile,+8550962492963
Smart-096-2492964,Mobile,+8550962492964
Smart-096-2492965,Mobile,+8550962492965
Smart-096-2492966,Mobile,+8550962492966
Smart-096-2492967,Mobile,+8550962492967
Smart-096-2492968,Mobile,+8550962492968
Smart-096-2492969,Mobile,+8550962492969
Smart-096-2492970,Mobile,+8550962492970
Smart-096-2492971,Mobile,+8550962492971
Smart-096-2492972,Mobile,+8550962492972
Smart-096-2492973,Mobile,+8550962492973
Smart-096-2492974,Mobile,+8550962492974
Smart-096-2492975,Mobile,+8550962492975
Smart-096-2492976,Mobile,+8550962492976
Smart-096-2492977,Mobile,+8550962492977
Smart-096-2492978,Mobile,+8550962492978
Smart-096-2492979,Mobile,+8550962492979
Smart-096-2492980,Mobile,+8550962492980
Smart-096-2492981,Mobile,+8550962492981
Smart-096-2492982,Mobile,+8550962492982
Smart-096-2492983,Mobile,+8550962492983
Smart-096-2492984,Mobile,+8550962492984
Smart-096-2492985,Mobile,+8550962492985
Smart-096-2492986,Mobile,+8550962492986
Smart-096-2492987,Mobile,+8550962492987
Smart-096-2492988,Mobile,+8550962492988
Smart-096-2492989,Mobile,+8550962492989
Smart-096-2492990,Mobile,+8550962492990
Smart-096-2492991,Mobile,+8550962492991
Smart-096-2492992,Mobile,+8550962492992
Smart-096-2492993,Mobile,+8550962492993
Smart-096-2492994,Mobile,+8550962492994
Smart-096-2492995,Mobile,+8550962492995
Smart-096-2492996,Mobile,+8550962492996
Smart-096-2492997,Mobile,+8550962492997
Smart-096-2492998,Mobile,+8550962492998
Smart-096-2492999,Mobile,+8550962492999
Smart-096-2493000,Mobile,+8550962493000
Smart-096-2493001,Mobile,+8550962493001
Smart-096-2493002,Mobile,+8550962493002
Smart-096-2493003,Mobile,+8550962493003
Smart-096-2493004,Mobile,+8550962493004
Smart-096-2493005,Mobile,+8550962493005
Smart-096-2493006,Mobile,+8550962493006
Smart-096-2493007,Mobile,+8550962493007
Smart-096-2493008,Mobile,+8550962493008
Smart-096-2493009,Mobile,+8550962493009
Smart-096-2493010,Mobile,+8550962493010
Smart-096-2493011,Mobile,+8550962493011
Smart-096-2493012,Mobile,+8550962493012
Smart-096-2493013,Mobile,+8550962493013
Smart-096-2493014,Mobile,+8550962493014
Smart-096-2493015,Mobile,+8550962493015
Smart-096-2493016,Mobile,+8550962493016
Smart-096-2493017,Mobile,+8550962493017
Smart-096-2493018,Mobile,+8550962493018
Smart-096-2493019,Mobile,+8550962493019
Smart-096-2493020,Mobile,+8550962493020
Smart-096-2493021,Mobile,+8550962493021
Smart-096-2493022,Mobile,+8550962493022
Smart-096-2493023,Mobile,+8550962493023
Smart-096-2493024,Mobile,+8550962493024
Smart-096-2493025,Mobile,+8550962493025
Smart-096-2493026,Mobile,+8550962493026
Smart-096-2493027,Mobile,+8550962493027
Smart-096-2493028,Mobile,+8550962493028
Smart-096-2493029,Mobile,+8550962493029
Smart-096-2493030,Mobile,+8550962493030
Smart-096-2493031,Mobile,+8550962493031
Smart-096-2493032,Mobile,+8550962493032
Smart-096-2493033,Mobile,+8550962493033
Smart-096-2493034,Mobile,+8550962493034
Smart-096-2493035,Mobile,+8550962493035
Smart-096-2493036,Mobile,+8550962493036
Smart-096-2493037,Mobile,+8550962493037
Smart-096-2493038,Mobile,+8550962493038
Smart-096-2493039,Mobile,+8550962493039
Smart-096-2493040,Mobile,+8550962493040
Smart-096-2493041,Mobile,+8550962493041
Smart-096-2493042,Mobile,+8550962493042
Smart-096-2493043,Mobile,+8550962493043
Smart-096-2493044,Mobile,+8550962493044
Smart-096-2493045,Mobile,+8550962493045
Smart-096-2493046,Mobile,+8550962493046
Smart-096-2493047,Mobile,+8550962493047
Smart-096-2493048,Mobile,+8550962493048
Smart-096-2493049,Mobile,+8550962493049
Smart-096-2493050,Mobile,+8550962493050
Smart-096-2493051,Mobile,+8550962493051
Smart-096-2493052,Mobile,+8550962493052
Smart-096-2493053,Mobile,+8550962493053
Smart-096-2493054,Mobile,+8550962493054
Smart-096-2493055,Mobile,+8550962493055
Smart-096-2493056,Mobile,+8550962493056
Smart-096-2493057,Mobile,+8550962493057
Smart-096-2493058,Mobile,+8550962493058
Smart-096-2493059,Mobile,+8550962493059
Smart-096-2493060,Mobile,+8550962493060
Smart-096-2493061,Mobile,+8550962493061
Smart-096-2493062,Mobile,+8550962493062
Smart-096-2493063,Mobile,+8550962493063
Smart-096-2493064,Mobile,+8550962493064
Smart-096-2493065,Mobile,+8550962493065
Smart-096-2493066,Mobile,+8550962493066
Smart-096-2493067,Mobile,+8550962493067
Smart-096-2493068,Mobile,+8550962493068
Smart-096-2493069,Mobile,+8550962493069
Smart-096-2493070,Mobile,+8550962493070
Smart-096-2493071,Mobile,+8550962493071
Smart-096-2493072,Mobile,+8550962493072
Smart-096-2493073,Mobile,+8550962493073
Smart-096-2493074,Mobile,+8550962493074
Smart-096-2493075,Mobile,+8550962493075
Smart-096-2493076,Mobile,+8550962493076
Smart-096-2493077,Mobile,+8550962493077
Smart-096-2493078,Mobile,+8550962493078
Smart-096-2493079,Mobile,+8550962493079
Smart-096-2493080,Mobile,+8550962493080
Smart-096-2493081,Mobile,+8550962493081
Smart-096-2493082,Mobile,+8550962493082
Smart-096-2493083,Mobile,+8550962493083
Smart-096-2493084,Mobile,+8550962493084
Smart-096-2493085,Mobile,+8550962493085
Smart-096-2493086,Mobile,+8550962493086
Smart-096-2493087,Mobile,+8550962493087
Smart-096-2493088,Mobile,+8550962493088
Smart-096-2493089,Mobile,+8550962493089
Smart-096-2493090,Mobile,+8550962493090
Smart-096-2493091,Mobile,+8550962493091
Smart-096-2493092,Mobile,+8550962493092
Smart-096-2493093,Mobile,+8550962493093
Smart-096-2493094,Mobile,+8550962493094
Smart-096-2493095,Mobile,+8550962493095
Smart-096-2493096,Mobile,+8550962493096
Smart-096-2493097,Mobile,+8550962493097
Smart-096-2493098,Mobile,+8550962493098
Smart-096-2493099,Mobile,+8550962493099
Smart-096-2493100,Mobile,+8550962493100
Smart-096-2493101,Mobile,+8550962493101
Smart-096-2493102,Mobile,+8550962493102
Smart-096-2493103,Mobile,+8550962493103
Smart-096-2493104,Mobile,+8550962493104
Smart-096-2493105,Mobile,+8550962493105
Smart-096-2493106,Mobile,+8550962493106
Smart-096-2493107,Mobile,+8550962493107
Smart-096-2493108,Mobile,+8550962493108
Smart-096-2493109,Mobile,+8550962493109
Smart-096-2493110,Mobile,+8550962493110
Smart-096-2493111,Mobile,+8550962493111
Smart-096-2493112,Mobile,+8550962493112
Smart-096-2493113,Mobile,+8550962493113
Smart-096-2493114,Mobile,+8550962493114
Smart-096-2493115,Mobile,+8550962493115
Smart-096-2493116,Mobile,+8550962493116
Smart-096-2493117,Mobile,+8550962493117
Smart-096-2493118,Mobile,+8550962493118
Smart-096-2493119,Mobile,+8550962493119
Smart-096-2493120,Mobile,+8550962493120
Smart-096-2493121,Mobile,+8550962493121
Smart-096-2493122,Mobile,+8550962493122
Smart-096-2493123,Mobile,+8550962493123
Smart-096-2493124,Mobile,+8550962493124
Smart-096-2493125,Mobile,+8550962493125
Smart-096-2493126,Mobile,+8550962493126
Smart-096-2493127,Mobile,+8550962493127
Smart-096-2493128,Mobile,+8550962493128
Smart-096-2493129,Mobile,+8550962493129
Smart-096-2493130,Mobile,+8550962493130
Smart-096-2493131,Mobile,+8550962493131
Smart-096-2493132,Mobile,+8550962493132
Smart-096-2493133,Mobile,+8550962493133
Smart-096-2493134,Mobile,+8550962493134
Smart-096-2493135,Mobile,+8550962493135
Smart-096-2493136,Mobile,+8550962493136
Smart-096-2493137,Mobile,+8550962493137
Smart-096-2493138,Mobile,+8550962493138
Smart-096-2493139,Mobile,+8550962493139
Smart-096-2493140,Mobile,+8550962493140
Smart-096-2493141,Mobile,+8550962493141
Smart-096-2493142,Mobile,+8550962493142
Smart-096-2493143,Mobile,+8550962493143
Smart-096-2493144,Mobile,+8550962493144
Smart-096-2493145,Mobile,+8550962493145
Smart-096-2493146,Mobile,+8550962493146
Smart-096-2493147,Mobile,+8550962493147
Smart-096-2493148,Mobile,+8550962493148
Smart-096-2493149,Mobile,+8550962493149
Smart-096-2493150,Mobile,+8550962493150
Smart-096-2493151,Mobile,+8550962493151
Smart-096-2493152,Mobile,+8550962493152
Smart-096-2493153,Mobile,+8550962493153
Smart-096-2493154,Mobile,+8550962493154
Smart-096-2493155,Mobile,+8550962493155
Smart-096-2493156,Mobile,+8550962493156
Smart-096-2493157,Mobile,+8550962493157
Smart-096-2493158,Mobile,+8550962493158
Smart-096-2493159,Mobile,+8550962493159
Smart-096-2493160,Mobile,+8550962493160
Smart-096-2493161,Mobile,+8550962493161
Smart-096-2493162,Mobile,+8550962493162
Smart-096-2493163,Mobile,+8550962493163
Smart-096-2493164,Mobile,+8550962493164
Smart-096-2493165,Mobile,+8550962493165
Smart-096-2493166,Mobile,+8550962493166
Smart-096-2493167,Mobile,+8550962493167
Smart-096-2493168,Mobile,+8550962493168
Smart-096-2493169,Mobile,+8550962493169
Smart-096-2493170,Mobile,+8550962493170
Smart-096-2493171,Mobile,+8550962493171
Smart-096-2493172,Mobile,+8550962493172
Smart-096-2493173,Mobile,+8550962493173
Smart-096-2493174,Mobile,+8550962493174
Smart-096-2493175,Mobile,+8550962493175
Smart-096-2493176,Mobile,+8550962493176
Smart-096-2493177,Mobile,+8550962493177
Smart-096-2493178,Mobile,+8550962493178
Smart-096-2493179,Mobile,+8550962493179
Smart-096-2493180,Mobile,+8550962493180
Smart-096-2493181,Mobile,+8550962493181
Smart-096-2493182,Mobile,+8550962493182
Smart-096-2493183,Mobile,+8550962493183
Smart-096-2493184,Mobile,+8550962493184
Smart-096-2493185,Mobile,+8550962493185
Smart-096-2493186,Mobile,+8550962493186
Smart-096-2493187,Mobile,+8550962493187
Smart-096-2493188,Mobile,+8550962493188
Smart-096-2493189,Mobile,+8550962493189
Smart-096-2493190,Mobile,+8550962493190
Smart-096-2493191,Mobile,+8550962493191
Smart-096-2493192,Mobile,+8550962493192
Smart-096-2493193,Mobile,+8550962493193
Smart-096-2493194,Mobile,+8550962493194
Smart-096-2493195,Mobile,+8550962493195
Smart-096-2493196,Mobile,+8550962493196
Smart-096-2493197,Mobile,+8550962493197
Smart-096-2493198,Mobile,+8550962493198
Smart-096-2493199,Mobile,+8550962493199
Smart-096-2493200,Mobile,+8550962493200
Smart-096-2493201,Mobile,+8550962493201
Smart-096-2493202,Mobile,+8550962493202
Smart-096-2493203,Mobile,+8550962493203
Smart-096-2493204,Mobile,+8550962493204
Smart-096-2493205,Mobile,+8550962493205
Smart-096-2493206,Mobile,+8550962493206
Smart-096-2493207,Mobile,+8550962493207
Smart-096-2493208,Mobile,+8550962493208
Smart-096-2493209,Mobile,+8550962493209
Smart-096-2493210,Mobile,+8550962493210
Smart-096-2493211,Mobile,+8550962493211
Smart-096-2493212,Mobile,+8550962493212
Smart-096-2493213,Mobile,+8550962493213
Smart-096-2493214,Mobile,+8550962493214
Smart-096-2493215,Mobile,+8550962493215
Smart-096-2493216,Mobile,+8550962493216
Smart-096-2493217,Mobile,+8550962493217
Smart-096-2493218,Mobile,+8550962493218
Smart-096-2493219,Mobile,+8550962493219
Smart-096-2493220,Mobile,+8550962493220
Smart-096-2493221,Mobile,+8550962493221
Smart-096-2493222,Mobile,+8550962493222
Smart-096-2493223,Mobile,+8550962493223
Smart-096-2493224,Mobile,+8550962493224
Smart-096-2493225,Mobile,+8550962493225
Smart-096-2493226,Mobile,+8550962493226
Smart-096-2493227,Mobile,+8550962493227
Smart-096-2493228,Mobile,+8550962493228
Smart-096-2493229,Mobile,+8550962493229
Smart-096-2493230,Mobile,+8550962493230
Smart-096-2493231,Mobile,+8550962493231
Smart-096-2493232,Mobile,+8550962493232
Smart-096-2493233,Mobile,+8550962493233
Smart-096-2493234,Mobile,+8550962493234
Smart-096-2493235,Mobile,+8550962493235
Smart-096-2493236,Mobile,+8550962493236
Smart-096-2493237,Mobile,+8550962493237
Smart-096-2493238,Mobile,+8550962493238
Smart-096-2493239,Mobile,+8550962493239
Smart-096-2493240,Mobile,+8550962493240
Smart-096-2493241,Mobile,+8550962493241
Smart-096-2493242,Mobile,+8550962493242
Smart-096-2493243,Mobile,+8550962493243
Smart-096-2493244,Mobile,+8550962493244
Smart-096-2493245,Mobile,+8550962493245
Smart-096-2493246,Mobile,+8550962493246
Smart-096-2493247,Mobile,+8550962493247
Smart-096-2493248,Mobile,+8550962493248
Smart-096-2493249,Mobile,+8550962493249
Smart-096-2493250,Mobile,+8550962493250
Smart-096-2493251,Mobile,+8550962493251
Smart-096-2493252,Mobile,+8550962493252
Smart-096-2493253,Mobile,+8550962493253
Smart-096-2493254,Mobile,+8550962493254
Smart-096-2493255,Mobile,+8550962493255
Smart-096-2493256,Mobile,+8550962493256
Smart-096-2493257,Mobile,+8550962493257
Smart-096-2493258,Mobile,+8550962493258
Smart-096-2493259,Mobile,+8550962493259
Smart-096-2493260,Mobile,+8550962493260
Smart-096-2493261,Mobile,+8550962493261
Smart-096-2493262,Mobile,+8550962493262
Smart-096-2493263,Mobile,+8550962493263
Smart-096-2493264,Mobile,+8550962493264
Smart-096-2493265,Mobile,+8550962493265
Smart-096-2493266,Mobile,+8550962493266
Smart-096-2493267,Mobile,+8550962493267
Smart-096-2493268,Mobile,+8550962493268
Smart-096-2493269,Mobile,+8550962493269
Smart-096-2493270,Mobile,+8550962493270
Smart-096-2493271,Mobile,+8550962493271
Smart-096-2493272,Mobile,+8550962493272
Smart-096-2493273,Mobile,+8550962493273
Smart-096-2493274,Mobile,+8550962493274
Smart-096-2493275,Mobile,+8550962493275
Smart-096-2493276,Mobile,+8550962493276
Smart-096-2493277,Mobile,+8550962493277
Smart-096-2493278,Mobile,+8550962493278
Smart-096-2493279,Mobile,+8550962493279
Smart-096-2493280,Mobile,+8550962493280
Smart-096-2493281,Mobile,+8550962493281
Smart-096-2493282,Mobile,+8550962493282
Smart-096-2493283,Mobile,+8550962493283
Smart-096-2493284,Mobile,+8550962493284
Smart-096-2493285,Mobile,+8550962493285
Smart-096-2493286,Mobile,+8550962493286
Smart-096-2493287,Mobile,+8550962493287
Smart-096-2493288,Mobile,+8550962493288
Smart-096-2493289,Mobile,+8550962493289
Smart-096-2493290,Mobile,+8550962493290
Smart-096-2493291,Mobile,+8550962493291
Smart-096-2493292,Mobile,+8550962493292
Smart-096-2493293,Mobile,+8550962493293
Smart-096-2493294,Mobile,+8550962493294
Smart-096-2493295,Mobile,+8550962493295
Smart-096-2493296,Mobile,+8550962493296
Smart-096-2493297,Mobile,+8550962493297
Smart-096-2493298,Mobile,+8550962493298
Smart-096-2493299,Mobile,+8550962493299
Smart-096-2493300,Mobile,+8550962493300
Smart-096-2493301,Mobile,+8550962493301
Smart-096-2493302,Mobile,+8550962493302
Smart-096-2493303,Mobile,+8550962493303
Smart-096-2493304,Mobile,+8550962493304
Smart-096-2493305,Mobile,+8550962493305
Smart-096-2493306,Mobile,+8550962493306
Smart-096-2493307,Mobile,+8550962493307
Smart-096-2493308,Mobile,+8550962493308
Smart-096-2493309,Mobile,+8550962493309
Smart-096-2493310,Mobile,+8550962493310
Smart-096-2493311,Mobile,+8550962493311
Smart-096-2493312,Mobile,+8550962493312
Smart-096-2493313,Mobile,+8550962493313
Smart-096-2493314,Mobile,+8550962493314
Smart-096-2493315,Mobile,+8550962493315
Smart-096-2493316,Mobile,+8550962493316
Smart-096-2493317,Mobile,+8550962493317
Smart-096-2493318,Mobile,+8550962493318
Smart-096-2493319,Mobile,+8550962493319
Smart-096-2493320,Mobile,+8550962493320
Smart-096-2493321,Mobile,+8550962493321
Smart-096-2493322,Mobile,+8550962493322
Smart-096-2493323,Mobile,+8550962493323
Smart-096-2493324,Mobile,+8550962493324
Smart-096-2493325,Mobile,+8550962493325
Smart-096-2493326,Mobile,+8550962493326
Smart-096-2493327,Mobile,+8550962493327
Smart-096-2493328,Mobile,+8550962493328
Smart-096-2493329,Mobile,+8550962493329
Smart-096-2493330,Mobile,+8550962493330
Smart-096-2493331,Mobile,+8550962493331
Smart-096-2493332,Mobile,+8550962493332
Smart-096-2493333,Mobile,+8550962493333
Smart-096-2493334,Mobile,+8550962493334
Smart-096-2493335,Mobile,+8550962493335
Smart-096-2493336,Mobile,+8550962493336
Smart-096-2493337,Mobile,+8550962493337
Smart-096-2493338,Mobile,+8550962493338
Smart-096-2493339,Mobile,+8550962493339
Smart-096-2493340,Mobile,+8550962493340
Smart-096-2493341,Mobile,+8550962493341
Smart-096-2493342,Mobile,+8550962493342
Smart-096-2493343,Mobile,+8550962493343
Smart-096-2493344,Mobile,+8550962493344
Smart-096-2493345,Mobile,+8550962493345
Smart-096-2493346,Mobile,+8550962493346
Smart-096-2493347,Mobile,+8550962493347
Smart-096-2493348,Mobile,+8550962493348
Smart-096-2493349,Mobile,+8550962493349
Smart-096-2493350,Mobile,+8550962493350
Smart-096-2493351,Mobile,+8550962493351
Smart-096-2493352,Mobile,+8550962493352
Smart-096-2493353,Mobile,+8550962493353
Smart-096-2493354,Mobile,+8550962493354
Smart-096-2493355,Mobile,+8550962493355
Smart-096-2493356,Mobile,+8550962493356
Smart-096-2493357,Mobile,+8550962493357
Smart-096-2493358,Mobile,+8550962493358
Smart-096-2493359,Mobile,+8550962493359
Smart-096-2493360,Mobile,+8550962493360
Smart-096-2493361,Mobile,+8550962493361
Smart-096-2493362,Mobile,+8550962493362
Smart-096-2493363,Mobile,+8550962493363
Smart-096-2493364,Mobile,+8550962493364
Smart-096-2493365,Mobile,+8550962493365
Smart-096-2493366,Mobile,+8550962493366
Smart-096-2493367,Mobile,+8550962493367
Smart-096-2493368,Mobile,+8550962493368
Smart-096-2493369,Mobile,+8550962493369
Smart-096-2493370,Mobile,+8550962493370
Smart-096-2493371,Mobile,+8550962493371
Smart-096-2493372,Mobile,+8550962493372
Smart-096-2493373,Mobile,+8550962493373
Smart-096-2493374,Mobile,+8550962493374
Smart-096-2493375,Mobile,+8550962493375
Smart-096-2493376,Mobile,+8550962493376
Smart-096-2493377,Mobile,+8550962493377
Smart-096-2493378,Mobile,+8550962493378
Smart-096-2493379,Mobile,+8550962493379
Smart-096-2493380,Mobile,+8550962493380
Smart-096-2493381,Mobile,+8550962493381
Smart-096-2493382,Mobile,+8550962493382
Smart-096-2493383,Mobile,+8550962493383
Smart-096-2493384,Mobile,+8550962493384
Smart-096-2493385,Mobile,+8550962493385
Smart-096-2493386,Mobile,+8550962493386
Smart-096-2493387,Mobile,+8550962493387
Smart-096-2493388,Mobile,+8550962493388
Smart-096-2493389,Mobile,+8550962493389
Smart-096-2493390,Mobile,+8550962493390
Smart-096-2493391,Mobile,+8550962493391
Smart-096-2493392,Mobile,+8550962493392
Smart-096-2493393,Mobile,+8550962493393
Smart-096-2493394,Mobile,+8550962493394
Smart-096-2493395,Mobile,+8550962493395
Smart-096-2493396,Mobile,+8550962493396
Smart-096-2493397,Mobile,+8550962493397
Smart-096-2493398,Mobile,+8550962493398
Smart-096-2493399,Mobile,+8550962493399
Smart-096-2493400,Mobile,+8550962493400
Smart-096-2493401,Mobile,+8550962493401
Smart-096-2493402,Mobile,+8550962493402
Smart-096-2493403,Mobile,+8550962493403
Smart-096-2493404,Mobile,+8550962493404
Smart-096-2493405,Mobile,+8550962493405
Smart-096-2493406,Mobile,+8550962493406
Smart-096-2493407,Mobile,+8550962493407
Smart-096-2493408,Mobile,+8550962493408
Smart-096-2493409,Mobile,+8550962493409
Smart-096-2493410,Mobile,+8550962493410
Smart-096-2493411,Mobile,+8550962493411
Smart-096-2493412,Mobile,+8550962493412
Smart-096-2493413,Mobile,+8550962493413
Smart-096-2493414,Mobile,+8550962493414
Smart-096-2493415,Mobile,+8550962493415
Smart-096-2493416,Mobile,+8550962493416
Smart-096-2493417,Mobile,+8550962493417
Smart-096-2493418,Mobile,+8550962493418
Smart-096-2493419,Mobile,+8550962493419
Smart-096-2493420,Mobile,+8550962493420
Smart-096-2493421,Mobile,+8550962493421
Smart-096-2493422,Mobile,+8550962493422
Smart-096-2493423,Mobile,+8550962493423
Smart-096-2493424,Mobile,+8550962493424
Smart-096-2493425,Mobile,+8550962493425
Smart-096-2493426,Mobile,+8550962493426
Smart-096-2493427,Mobile,+8550962493427
Smart-096-2493428,Mobile,+8550962493428
Smart-096-2493429,Mobile,+8550962493429
Smart-096-2493430,Mobile,+8550962493430
Smart-096-2493431,Mobile,+8550962493431
Smart-096-2493432,Mobile,+8550962493432
Smart-096-2493433,Mobile,+8550962493433
Smart-096-2493434,Mobile,+8550962493434
Smart-096-2493435,Mobile,+8550962493435
Smart-096-2493436,Mobile,+8550962493436
Smart-096-2493437,Mobile,+8550962493437
Smart-096-2493438,Mobile,+8550962493438
Smart-096-2493439,Mobile,+8550962493439
Smart-096-2493440,Mobile,+8550962493440
Smart-096-2493441,Mobile,+8550962493441
Smart-096-2493442,Mobile,+8550962493442
Smart-096-2493443,Mobile,+8550962493443
Smart-096-2493444,Mobile,+8550962493444
Smart-096-2493445,Mobile,+8550962493445
Smart-096-2493446,Mobile,+8550962493446
Smart-096-2493447,Mobile,+8550962493447
Smart-096-2493448,Mobile,+8550962493448
Smart-096-2493449,Mobile,+8550962493449
Smart-096-2493450,Mobile,+8550962493450
Smart-096-2493451,Mobile,+8550962493451
Smart-096-2493452,Mobile,+8550962493452
Smart-096-2493453,Mobile,+8550962493453
Smart-096-2493454,Mobile,+8550962493454
Smart-096-2493455,Mobile,+8550962493455
Smart-096-2493456,Mobile,+8550962493456
Smart-096-2493457,Mobile,+8550962493457
Smart-096-2493458,Mobile,+8550962493458
Smart-096-2493459,Mobile,+8550962493459
Smart-096-2493460,Mobile,+8550962493460
Smart-096-2493461,Mobile,+8550962493461
Smart-096-2493462,Mobile,+8550962493462
Smart-096-2493463,Mobile,+8550962493463
Smart-096-2493464,Mobile,+8550962493464
Smart-096-2493465,Mobile,+8550962493465
Smart-096-2493466,Mobile,+8550962493466
Smart-096-2493467,Mobile,+8550962493467
Smart-096-2493468,Mobile,+8550962493468
Smart-096-2493469,Mobile,+8550962493469
Smart-096-2493470,Mobile,+8550962493470
Smart-096-2493471,Mobile,+8550962493471
Smart-096-2493472,Mobile,+8550962493472
Smart-096-2493473,Mobile,+8550962493473
Smart-096-2493474,Mobile,+8550962493474
Smart-096-2493475,Mobile,+8550962493475
Smart-096-2493476,Mobile,+8550962493476
Smart-096-2493477,Mobile,+8550962493477
Smart-096-2493478,Mobile,+8550962493478
Smart-096-2493479,Mobile,+8550962493479
Smart-096-2493480,Mobile,+8550962493480
Smart-096-2493481,Mobile,+8550962493481
Smart-096-2493482,Mobile,+8550962493482
Smart-096-2493483,Mobile,+8550962493483
Smart-096-2493484,Mobile,+8550962493484
Smart-096-2493485,Mobile,+8550962493485
Smart-096-2493486,Mobile,+8550962493486
Smart-096-2493487,Mobile,+8550962493487
Smart-096-2493488,Mobile,+8550962493488
Smart-096-2493489,Mobile,+8550962493489
Smart-096-2493490,Mobile,+8550962493490
Smart-096-2493491,Mobile,+8550962493491
Smart-096-2493492,Mobile,+8550962493492
Smart-096-2493493,Mobile,+8550962493493
Smart-096-2493494,Mobile,+8550962493494
Smart-096-2493495,Mobile,+8550962493495
Smart-096-2493496,Mobile,+8550962493496
Smart-096-2493497,Mobile,+8550962493497
Smart-096-2493498,Mobile,+8550962493498
Smart-096-2493499,Mobile,+8550962493499
Smart-096-2493500,Mobile,+8550962493500
Smart-096-2493501,Mobile,+8550962493501
Smart-096-2493502,Mobile,+8550962493502
Smart-096-2493503,Mobile,+8550962493503
Smart-096-2493504,Mobile,+8550962493504
Smart-096-2493505,Mobile,+8550962493505
Smart-096-2493506,Mobile,+8550962493506
Smart-096-2493507,Mobile,+8550962493507
Smart-096-2493508,Mobile,+8550962493508
Smart-096-2493509,Mobile,+8550962493509
Smart-096-2493510,Mobile,+8550962493510
Smart-096-2493511,Mobile,+8550962493511
Smart-096-2493512,Mobile,+8550962493512
Smart-096-2493513,Mobile,+8550962493513
Smart-096-2493514,Mobile,+8550962493514
Smart-096-2493515,Mobile,+8550962493515
Smart-096-2493516,Mobile,+8550962493516
Smart-096-2493517,Mobile,+8550962493517
Smart-096-2493518,Mobile,+8550962493518
Smart-096-2493519,Mobile,+8550962493519
Smart-096-2493520,Mobile,+8550962493520
Smart-096-2493521,Mobile,+8550962493521
Smart-096-2493522,Mobile,+8550962493522
Smart-096-2493523,Mobile,+8550962493523
Smart-096-2493524,Mobile,+8550962493524
Smart-096-2493525,Mobile,+8550962493525
Smart-096-2493526,Mobile,+8550962493526
Smart-096-2493527,Mobile,+8550962493527
Smart-096-2493528,Mobile,+8550962493528
Smart-096-2493529,Mobile,+8550962493529
Smart-096-2493530,Mobile,+8550962493530
Smart-096-2493531,Mobile,+8550962493531
Smart-096-2493532,Mobile,+8550962493532
Smart-096-2493533,Mobile,+8550962493533
Smart-096-2493534,Mobile,+8550962493534
Smart-096-2493535,Mobile,+8550962493535
Smart-096-2493536,Mobile,+8550962493536
Smart-096-2493537,Mobile,+8550962493537
Smart-096-2493538,Mobile,+8550962493538
Smart-096-2493539,Mobile,+8550962493539
Smart-096-2493540,Mobile,+8550962493540
Smart-096-2493541,Mobile,+8550962493541
Smart-096-2493542,Mobile,+8550962493542
Smart-096-2493543,Mobile,+8550962493543
Smart-096-2493544,Mobile,+8550962493544
Smart-096-2493545,Mobile,+8550962493545
Smart-096-2493546,Mobile,+8550962493546
Smart-096-2493547,Mobile,+8550962493547
Smart-096-2493548,Mobile,+8550962493548
Smart-096-2493549,Mobile,+8550962493549
Smart-096-2493550,Mobile,+8550962493550
Smart-096-2493551,Mobile,+8550962493551
Smart-096-2493552,Mobile,+8550962493552
Smart-096-2493553,Mobile,+8550962493553
Smart-096-2493554,Mobile,+8550962493554
Smart-096-2493555,Mobile,+8550962493555
Smart-096-2493556,Mobile,+8550962493556
Smart-096-2493557,Mobile,+8550962493557
Smart-096-2493558,Mobile,+8550962493558
Smart-096-2493559,Mobile,+8550962493559
Smart-096-2493560,Mobile,+8550962493560
Smart-096-2493561,Mobile,+8550962493561
Smart-096-2493562,Mobile,+8550962493562
Smart-096-2493563,Mobile,+8550962493563
Smart-096-2493564,Mobile,+8550962493564
Smart-096-2493565,Mobile,+8550962493565
Smart-096-2493566,Mobile,+8550962493566
Smart-096-2493567,Mobile,+8550962493567
Smart-096-2493568,Mobile,+8550962493568
Smart-096-2493569,Mobile,+8550962493569
Smart-096-2493570,Mobile,+8550962493570
Smart-096-2493571,Mobile,+8550962493571
Smart-096-2493572,Mobile,+8550962493572
Smart-096-2493573,Mobile,+8550962493573
Smart-096-2493574,Mobile,+8550962493574
Smart-096-2493575,Mobile,+8550962493575
Smart-096-2493576,Mobile,+8550962493576
Smart-096-2493577,Mobile,+8550962493577
Smart-096-2493578,Mobile,+8550962493578
Smart-096-2493579,Mobile,+8550962493579
Smart-096-2493580,Mobile,+8550962493580
Smart-096-2493581,Mobile,+8550962493581
Smart-096-2493582,Mobile,+8550962493582
Smart-096-2493583,Mobile,+8550962493583
Smart-096-2493584,Mobile,+8550962493584
Smart-096-2493585,Mobile,+8550962493585
Smart-096-2493586,Mobile,+8550962493586
Smart-096-2493587,Mobile,+8550962493587
Smart-096-2493588,Mobile,+8550962493588
Smart-096-2493589,Mobile,+8550962493589
Smart-096-2493590,Mobile,+8550962493590
Smart-096-2493591,Mobile,+8550962493591
Smart-096-2493592,Mobile,+8550962493592
Smart-096-2493593,Mobile,+8550962493593
Smart-096-2493594,Mobile,+8550962493594
Smart-096-2493595,Mobile,+8550962493595
Smart-096-2493596,Mobile,+8550962493596
Smart-096-2493597,Mobile,+8550962493597
Smart-096-2493598,Mobile,+8550962493598
Smart-096-2493599,Mobile,+8550962493599
Smart-096-2493600,Mobile,+8550962493600
Smart-096-2493601,Mobile,+8550962493601
Smart-096-2493602,Mobile,+8550962493602
Smart-096-2493603,Mobile,+8550962493603
Smart-096-2493604,Mobile,+8550962493604
Smart-096-2493605,Mobile,+8550962493605
Smart-096-2493606,Mobile,+8550962493606
Smart-096-2493607,Mobile,+8550962493607
Smart-096-2493608,Mobile,+8550962493608
Smart-096-2493609,Mobile,+8550962493609
Smart-096-2493610,Mobile,+8550962493610
Smart-096-2493611,Mobile,+8550962493611
Smart-096-2493612,Mobile,+8550962493612
Smart-096-2493613,Mobile,+8550962493613
Smart-096-2493614,Mobile,+8550962493614
Smart-096-2493615,Mobile,+8550962493615
Smart-096-2493616,Mobile,+8550962493616
Smart-096-2493617,Mobile,+8550962493617
Smart-096-2493618,Mobile,+8550962493618
Smart-096-2493619,Mobile,+8550962493619
Smart-096-2493620,Mobile,+8550962493620
Smart-096-2493621,Mobile,+8550962493621
Smart-096-2493622,Mobile,+8550962493622
Smart-096-2493623,Mobile,+8550962493623
Smart-096-2493624,Mobile,+8550962493624
Smart-096-2493625,Mobile,+8550962493625
Smart-096-2493626,Mobile,+8550962493626
Smart-096-2493627,Mobile,+8550962493627
Smart-096-2493628,Mobile,+8550962493628
Smart-096-2493629,Mobile,+8550962493629
Smart-096-2493630,Mobile,+8550962493630
Smart-096-2493631,Mobile,+8550962493631
Smart-096-2493632,Mobile,+8550962493632
Smart-096-2493633,Mobile,+8550962493633
Smart-096-2493634,Mobile,+8550962493634
Smart-096-2493635,Mobile,+8550962493635
Smart-096-2493636,Mobile,+8550962493636
Smart-096-2493637,Mobile,+8550962493637
Smart-096-2493638,Mobile,+8550962493638
Smart-096-2493639,Mobile,+8550962493639
Smart-096-2493640,Mobile,+8550962493640
Smart-096-2493641,Mobile,+8550962493641
Smart-096-2493642,Mobile,+8550962493642
Smart-096-2493643,Mobile,+8550962493643
Smart-096-2493644,Mobile,+8550962493644
Smart-096-2493645,Mobile,+8550962493645
Smart-096-2493646,Mobile,+8550962493646
Smart-096-2493647,Mobile,+8550962493647
Smart-096-2493648,Mobile,+8550962493648
Smart-096-2493649,Mobile,+8550962493649
Smart-096-2493650,Mobile,+8550962493650
Smart-096-2493651,Mobile,+8550962493651
Smart-096-2493652,Mobile,+8550962493652
Smart-096-2493653,Mobile,+8550962493653
Smart-096-2493654,Mobile,+8550962493654
Smart-096-2493655,Mobile,+8550962493655
Smart-096-2493656,Mobile,+8550962493656
Smart-096-2493657,Mobile,+8550962493657
Smart-096-2493658,Mobile,+8550962493658
Smart-096-2493659,Mobile,+8550962493659
Smart-096-2493660,Mobile,+8550962493660
Smart-096-2493661,Mobile,+8550962493661
Smart-096-2493662,Mobile,+8550962493662
Smart-096-2493663,Mobile,+8550962493663
Smart-096-2493664,Mobile,+8550962493664
Smart-096-2493665,Mobile,+8550962493665
Smart-096-2493666,Mobile,+8550962493666
Smart-096-2493667,Mobile,+8550962493667
Smart-096-2493668,Mobile,+8550962493668
Smart-096-2493669,Mobile,+8550962493669
Smart-096-2493670,Mobile,+8550962493670
Smart-096-2493671,Mobile,+8550962493671
Smart-096-2493672,Mobile,+8550962493672
Smart-096-2493673,Mobile,+8550962493673
Smart-096-2493674,Mobile,+8550962493674
Smart-096-2493675,Mobile,+8550962493675
Smart-096-2493676,Mobile,+8550962493676
Smart-096-2493677,Mobile,+8550962493677
Smart-096-2493678,Mobile,+8550962493678
Smart-096-2493679,Mobile,+8550962493679
Smart-096-2493680,Mobile,+8550962493680
Smart-096-2493681,Mobile,+8550962493681
Smart-096-2493682,Mobile,+8550962493682
Smart-096-2493683,Mobile,+8550962493683
Smart-096-2493684,Mobile,+8550962493684
Smart-096-2493685,Mobile,+8550962493685
Smart-096-2493686,Mobile,+8550962493686
Smart-096-2493687,Mobile,+8550962493687
Smart-096-2493688,Mobile,+8550962493688
Smart-096-2493689,Mobile,+8550962493689
Smart-096-2493690,Mobile,+8550962493690
Smart-096-2493691,Mobile,+8550962493691
Smart-096-2493692,Mobile,+8550962493692
Smart-096-2493693,Mobile,+8550962493693
Smart-096-2493694,Mobile,+8550962493694
Smart-096-2493695,Mobile,+8550962493695
Smart-096-2493696,Mobile,+8550962493696
Smart-096-2493697,Mobile,+8550962493697
Smart-096-2493698,Mobile,+8550962493698
Smart-096-2493699,Mobile,+8550962493699
Smart-096-2493700,Mobile,+8550962493700
Smart-096-2493701,Mobile,+8550962493701
Smart-096-2493702,Mobile,+8550962493702
Smart-096-2493703,Mobile,+8550962493703
Smart-096-2493704,Mobile,+8550962493704
Smart-096-2493705,Mobile,+8550962493705
Smart-096-2493706,Mobile,+8550962493706
Smart-096-2493707,Mobile,+8550962493707
Smart-096-2493708,Mobile,+8550962493708
Smart-096-2493709,Mobile,+8550962493709
Smart-096-2493710,Mobile,+8550962493710
Smart-096-2493711,Mobile,+8550962493711
Smart-096-2493712,Mobile,+8550962493712
Smart-096-2493713,Mobile,+8550962493713
Smart-096-2493714,Mobile,+8550962493714
Smart-096-2493715,Mobile,+8550962493715
Smart-096-2493716,Mobile,+8550962493716
Smart-096-2493717,Mobile,+8550962493717
Smart-096-2493718,Mobile,+8550962493718
Smart-096-2493719,Mobile,+8550962493719
Smart-096-2493720,Mobile,+8550962493720
Smart-096-2493721,Mobile,+8550962493721
Smart-096-2493722,Mobile,+8550962493722
Smart-096-2493723,Mobile,+8550962493723
Smart-096-2493724,Mobile,+8550962493724
Smart-096-2493725,Mobile,+8550962493725
Smart-096-2493726,Mobile,+8550962493726
Smart-096-2493727,Mobile,+8550962493727
Smart-096-2493728,Mobile,+8550962493728
Smart-096-2493729,Mobile,+8550962493729
Smart-096-2493730,Mobile,+8550962493730
Smart-096-2493731,Mobile,+8550962493731
Smart-096-2493732,Mobile,+8550962493732
Smart-096-2493733,Mobile,+8550962493733
Smart-096-2493734,Mobile,+8550962493734
Smart-096-2493735,Mobile,+8550962493735
Smart-096-2493736,Mobile,+8550962493736
Smart-096-2493737,Mobile,+8550962493737
Smart-096-2493738,Mobile,+8550962493738
Smart-096-2493739,Mobile,+8550962493739
Smart-096-2493740,Mobile,+8550962493740
Smart-096-2493741,Mobile,+8550962493741
Smart-096-2493742,Mobile,+8550962493742
Smart-096-2493743,Mobile,+8550962493743
Smart-096-2493744,Mobile,+8550962493744
Smart-096-2493745,Mobile,+8550962493745
Smart-096-2493746,Mobile,+8550962493746
Smart-096-2493747,Mobile,+8550962493747
Smart-096-2493748,Mobile,+8550962493748
Smart-096-2493749,Mobile,+8550962493749
Smart-096-2493750,Mobile,+8550962493750
Smart-096-2493751,Mobile,+8550962493751
Smart-096-2493752,Mobile,+8550962493752
Smart-096-2493753,Mobile,+8550962493753
Smart-096-2493754,Mobile,+8550962493754
Smart-096-2493755,Mobile,+8550962493755
Smart-096-2493756,Mobile,+8550962493756
Smart-096-2493757,Mobile,+8550962493757
Smart-096-2493758,Mobile,+8550962493758
Smart-096-2493759,Mobile,+8550962493759
Smart-096-2493760,Mobile,+8550962493760
Smart-096-2493761,Mobile,+8550962493761
Smart-096-2493762,Mobile,+8550962493762
Smart-096-2493763,Mobile,+8550962493763
Smart-096-2493764,Mobile,+8550962493764
Smart-096-2493765,Mobile,+8550962493765
Smart-096-2493766,Mobile,+8550962493766
Smart-096-2493767,Mobile,+8550962493767
Smart-096-2493768,Mobile,+8550962493768
Smart-096-2493769,Mobile,+8550962493769
Smart-096-2493770,Mobile,+8550962493770
Smart-096-2493771,Mobile,+8550962493771
Smart-096-2493772,Mobile,+8550962493772
Smart-096-2493773,Mobile,+8550962493773
Smart-096-2493774,Mobile,+8550962493774
Smart-096-2493775,Mobile,+8550962493775
Smart-096-2493776,Mobile,+8550962493776
Smart-096-2493777,Mobile,+8550962493777
Smart-096-2493778,Mobile,+8550962493778
Smart-096-2493779,Mobile,+8550962493779
Smart-096-2493780,Mobile,+8550962493780
Smart-096-2493781,Mobile,+8550962493781
Smart-096-2493782,Mobile,+8550962493782
Smart-096-2493783,Mobile,+8550962493783
Smart-096-2493784,Mobile,+8550962493784
Smart-096-2493785,Mobile,+8550962493785
Smart-096-2493786,Mobile,+8550962493786
Smart-096-2493787,Mobile,+8550962493787
Smart-096-2493788,Mobile,+8550962493788
Smart-096-2493789,Mobile,+8550962493789
Smart-096-2493790,Mobile,+8550962493790
Smart-096-2493791,Mobile,+8550962493791
Smart-096-2493792,Mobile,+8550962493792
Smart-096-2493793,Mobile,+8550962493793
Smart-096-2493794,Mobile,+8550962493794
Smart-096-2493795,Mobile,+8550962493795
Smart-096-2493796,Mobile,+8550962493796
Smart-096-2493797,Mobile,+8550962493797
Smart-096-2493798,Mobile,+8550962493798
Smart-096-2493799,Mobile,+8550962493799
Smart-096-2493800,Mobile,+8550962493800
Smart-096-2493801,Mobile,+8550962493801
Smart-096-2493802,Mobile,+8550962493802
Smart-096-2493803,Mobile,+8550962493803
Smart-096-2493804,Mobile,+8550962493804
Smart-096-2493805,Mobile,+8550962493805
Smart-096-2493806,Mobile,+8550962493806
Smart-096-2493807,Mobile,+8550962493807
Smart-096-2493808,Mobile,+8550962493808
Smart-096-2493809,Mobile,+8550962493809
Smart-096-2493810,Mobile,+8550962493810
Smart-096-2493811,Mobile,+8550962493811
Smart-096-2493812,Mobile,+8550962493812
Smart-096-2493813,Mobile,+8550962493813
Smart-096-2493814,Mobile,+8550962493814
Smart-096-2493815,Mobile,+8550962493815
Smart-096-2493816,Mobile,+8550962493816
Smart-096-2493817,Mobile,+8550962493817
Smart-096-2493818,Mobile,+8550962493818
Smart-096-2493819,Mobile,+8550962493819
Smart-096-2493820,Mobile,+8550962493820
Smart-096-2493821,Mobile,+8550962493821
Smart-096-2493822,Mobile,+8550962493822
Smart-096-2493823,Mobile,+8550962493823
Smart-096-2493824,Mobile,+8550962493824
Smart-096-2493825,Mobile,+8550962493825
Smart-096-2493826,Mobile,+8550962493826
Smart-096-2493827,Mobile,+8550962493827
Smart-096-2493828,Mobile,+8550962493828
Smart-096-2493829,Mobile,+8550962493829
Smart-096-2493830,Mobile,+8550962493830
Smart-096-2493831,Mobile,+8550962493831
Smart-096-2493832,Mobile,+8550962493832
Smart-096-2493833,Mobile,+8550962493833
Smart-096-2493834,Mobile,+8550962493834
Smart-096-2493835,Mobile,+8550962493835
Smart-096-2493836,Mobile,+8550962493836
Smart-096-2493837,Mobile,+8550962493837
Smart-096-2493838,Mobile,+8550962493838
Smart-096-2493839,Mobile,+8550962493839
Smart-096-2493840,Mobile,+8550962493840
Smart-096-2493841,Mobile,+8550962493841
Smart-096-2493842,Mobile,+8550962493842
Smart-096-2493843,Mobile,+8550962493843
Smart-096-2493844,Mobile,+8550962493844
Smart-096-2493845,Mobile,+8550962493845
Smart-096-2493846,Mobile,+8550962493846
Smart-096-2493847,Mobile,+8550962493847
Smart-096-2493848,Mobile,+8550962493848
Smart-096-2493849,Mobile,+8550962493849
Smart-096-2493850,Mobile,+8550962493850
Smart-096-2493851,Mobile,+8550962493851
Smart-096-2493852,Mobile,+8550962493852
Smart-096-2493853,Mobile,+8550962493853
Smart-096-2493854,Mobile,+8550962493854
Smart-096-2493855,Mobile,+8550962493855
Smart-096-2493856,Mobile,+8550962493856
Smart-096-2493857,Mobile,+8550962493857
Smart-096-2493858,Mobile,+8550962493858
Smart-096-2493859,Mobile,+8550962493859
Smart-096-2493860,Mobile,+8550962493860
Smart-096-2493861,Mobile,+8550962493861
Smart-096-2493862,Mobile,+8550962493862
Smart-096-2493863,Mobile,+8550962493863
Smart-096-2493864,Mobile,+8550962493864
Smart-096-2493865,Mobile,+8550962493865
Smart-096-2493866,Mobile,+8550962493866
Smart-096-2493867,Mobile,+8550962493867
Smart-096-2493868,Mobile,+8550962493868
Smart-096-2493869,Mobile,+8550962493869
Smart-096-2493870,Mobile,+8550962493870
Smart-096-2493871,Mobile,+8550962493871
Smart-096-2493872,Mobile,+8550962493872
Smart-096-2493873,Mobile,+8550962493873
Smart-096-2493874,Mobile,+8550962493874
Smart-096-2493875,Mobile,+8550962493875
Smart-096-2493876,Mobile,+8550962493876
Smart-096-2493877,Mobile,+8550962493877
Smart-096-2493878,Mobile,+8550962493878
Smart-096-2493879,Mobile,+8550962493879
Smart-096-2493880,Mobile,+8550962493880
Smart-096-2493881,Mobile,+8550962493881
Smart-096-2493882,Mobile,+8550962493882
Smart-096-2493883,Mobile,+8550962493883
Smart-096-2493884,Mobile,+8550962493884
Smart-096-2493885,Mobile,+8550962493885
Smart-096-2493886,Mobile,+8550962493886
Smart-096-2493887,Mobile,+8550962493887
Smart-096-2493888,Mobile,+8550962493888
Smart-096-2493889,Mobile,+8550962493889
Smart-096-2493890,Mobile,+8550962493890
Smart-096-2493891,Mobile,+8550962493891
Smart-096-2493892,Mobile,+8550962493892
Smart-096-2493893,Mobile,+8550962493893
Smart-096-2493894,Mobile,+8550962493894
Smart-096-2493895,Mobile,+8550962493895
Smart-096-2493896,Mobile,+8550962493896
Smart-096-2493897,Mobile,+8550962493897
Smart-096-2493898,Mobile,+8550962493898
Smart-096-2493899,Mobile,+8550962493899
Smart-096-2493900,Mobile,+8550962493900
Smart-096-2493901,Mobile,+8550962493901
Smart-096-2493902,Mobile,+8550962493902
Smart-096-2493903,Mobile,+8550962493903
Smart-096-2493904,Mobile,+8550962493904
Smart-096-2493905,Mobile,+8550962493905
Smart-096-2493906,Mobile,+8550962493906
Smart-096-2493907,Mobile,+8550962493907
Smart-096-2493908,Mobile,+8550962493908
Smart-096-2493909,Mobile,+8550962493909
Smart-096-2493910,Mobile,+8550962493910
Smart-096-2493911,Mobile,+8550962493911
Smart-096-2493912,Mobile,+8550962493912
Smart-096-2493913,Mobile,+8550962493913
Smart-096-2493914,Mobile,+8550962493914
Smart-096-2493915,Mobile,+8550962493915
Smart-096-2493916,Mobile,+8550962493916
Smart-096-2493917,Mobile,+8550962493917
Smart-096-2493918,Mobile,+8550962493918
Smart-096-2493919,Mobile,+8550962493919
Smart-096-2493920,Mobile,+8550962493920
Smart-096-2493921,Mobile,+8550962493921
Smart-096-2493922,Mobile,+8550962493922
Smart-096-2493923,Mobile,+8550962493923
Smart-096-2493924,Mobile,+8550962493924
Smart-096-2493925,Mobile,+8550962493925
Smart-096-2493926,Mobile,+8550962493926
Smart-096-2493927,Mobile,+8550962493927
Smart-096-2493928,Mobile,+8550962493928
Smart-096-2493929,Mobile,+8550962493929
Smart-096-2493930,Mobile,+8550962493930
Smart-096-2493931,Mobile,+8550962493931
Smart-096-2493932,Mobile,+8550962493932
Smart-096-2493933,Mobile,+8550962493933
Smart-096-2493934,Mobile,+8550962493934
Smart-096-2493935,Mobile,+8550962493935
Smart-096-2493936,Mobile,+8550962493936
Smart-096-2493937,Mobile,+8550962493937
Smart-096-2493938,Mobile,+8550962493938
Smart-096-2493939,Mobile,+8550962493939
Smart-096-2493940,Mobile,+8550962493940
Smart-096-2493941,Mobile,+8550962493941
Smart-096-2493942,Mobile,+8550962493942
Smart-096-2493943,Mobile,+8550962493943
Smart-096-2493944,Mobile,+8550962493944
Smart-096-2493945,Mobile,+8550962493945
Smart-096-2493946,Mobile,+8550962493946
Smart-096-2493947,Mobile,+8550962493947
Smart-096-2493948,Mobile,+8550962493948
Smart-096-2493949,Mobile,+8550962493949
Smart-096-2493950,Mobile,+8550962493950
Smart-096-2493951,Mobile,+8550962493951
Smart-096-2493952,Mobile,+8550962493952
Smart-096-2493953,Mobile,+8550962493953
Smart-096-2493954,Mobile,+8550962493954
Smart-096-2493955,Mobile,+8550962493955
Smart-096-2493956,Mobile,+8550962493956
Smart-096-2493957,Mobile,+8550962493957
Smart-096-2493958,Mobile,+8550962493958
Smart-096-2493959,Mobile,+8550962493959
Smart-096-2493960,Mobile,+8550962493960
Smart-096-2493961,Mobile,+8550962493961
Smart-096-2493962,Mobile,+8550962493962
Smart-096-2493963,Mobile,+8550962493963
Smart-096-2493964,Mobile,+8550962493964
Smart-096-2493965,Mobile,+8550962493965
Smart-096-2493966,Mobile,+8550962493966
Smart-096-2493967,Mobile,+8550962493967
Smart-096-2493968,Mobile,+8550962493968
Smart-096-2493969,Mobile,+8550962493969
Smart-096-2493970,Mobile,+8550962493970
Smart-096-2493971,Mobile,+8550962493971
Smart-096-2493972,Mobile,+8550962493972
Smart-096-2493973,Mobile,+8550962493973
Smart-096-2493974,Mobile,+8550962493974
Smart-096-2493975,Mobile,+8550962493975
Smart-096-2493976,Mobile,+8550962493976
Smart-096-2493977,Mobile,+8550962493977
Smart-096-2493978,Mobile,+8550962493978
Smart-096-2493979,Mobile,+8550962493979
Smart-096-2493980,Mobile,+8550962493980
Smart-096-2493981,Mobile,+8550962493981
Smart-096-2493982,Mobile,+8550962493982
Smart-096-2493983,Mobile,+8550962493983
Smart-096-2493984,Mobile,+8550962493984
Smart-096-2493985,Mobile,+8550962493985
Smart-096-2493986,Mobile,+8550962493986
Smart-096-2493987,Mobile,+8550962493987
Smart-096-2493988,Mobile,+8550962493988
Smart-096-2493989,Mobile,+8550962493989
Smart-096-2493990,Mobile,+8550962493990
Smart-096-2493991,Mobile,+8550962493991
Smart-096-2493992,Mobile,+8550962493992
Smart-096-2493993,Mobile,+8550962493993
Smart-096-2493994,Mobile,+8550962493994
Smart-096-2493995,Mobile,+8550962493995
Smart-096-2493996,Mobile,+8550962493996
Smart-096-2493997,Mobile,+8550962493997
Smart-096-2493998,Mobile,+8550962493998
Smart-096-2493999,Mobile,+8550962493999
Smart-096-2494000,Mobile,+8550962494000
Smart-096-2494001,Mobile,+8550962494001
Smart-096-2494002,Mobile,+8550962494002
Smart-096-2494003,Mobile,+8550962494003
Smart-096-2494004,Mobile,+8550962494004
Smart-096-2494005,Mobile,+8550962494005
Smart-096-2494006,Mobile,+8550962494006
Smart-096-2494007,Mobile,+8550962494007
Smart-096-2494008,Mobile,+8550962494008
Smart-096-2494009,Mobile,+8550962494009
Smart-096-2494010,Mobile,+8550962494010
Smart-096-2494011,Mobile,+8550962494011
Smart-096-2494012,Mobile,+8550962494012
Smart-096-2494013,Mobile,+8550962494013
Smart-096-2494014,Mobile,+8550962494014
Smart-096-2494015,Mobile,+8550962494015
Smart-096-2494016,Mobile,+8550962494016
Smart-096-2494017,Mobile,+8550962494017
Smart-096-2494018,Mobile,+8550962494018
Smart-096-2494019,Mobile,+8550962494019
Smart-096-2494020,Mobile,+8550962494020
Smart-096-2494021,Mobile,+8550962494021
Smart-096-2494022,Mobile,+8550962494022
Smart-096-2494023,Mobile,+8550962494023
Smart-096-2494024,Mobile,+8550962494024
Smart-096-2494025,Mobile,+8550962494025
Smart-096-2494026,Mobile,+8550962494026
Smart-096-2494027,Mobile,+8550962494027
Smart-096-2494028,Mobile,+8550962494028
Smart-096-2494029,Mobile,+8550962494029
Smart-096-2494030,Mobile,+8550962494030
Smart-096-2494031,Mobile,+8550962494031
Smart-096-2494032,Mobile,+8550962494032
Smart-096-2494033,Mobile,+8550962494033
Smart-096-2494034,Mobile,+8550962494034
Smart-096-2494035,Mobile,+8550962494035
Smart-096-2494036,Mobile,+8550962494036
Smart-096-2494037,Mobile,+8550962494037
Smart-096-2494038,Mobile,+8550962494038
Smart-096-2494039,Mobile,+8550962494039
Smart-096-2494040,Mobile,+8550962494040
Smart-096-2494041,Mobile,+8550962494041
Smart-096-2494042,Mobile,+8550962494042
Smart-096-2494043,Mobile,+8550962494043
Smart-096-2494044,Mobile,+8550962494044
Smart-096-2494045,Mobile,+8550962494045
Smart-096-2494046,Mobile,+8550962494046
Smart-096-2494047,Mobile,+8550962494047
Smart-096-2494048,Mobile,+8550962494048
Smart-096-2494049,Mobile,+8550962494049
Smart-096-2494050,Mobile,+8550962494050
Smart-096-2494051,Mobile,+8550962494051
Smart-096-2494052,Mobile,+8550962494052
Smart-096-2494053,Mobile,+8550962494053
Smart-096-2494054,Mobile,+8550962494054
Smart-096-2494055,Mobile,+8550962494055
Smart-096-2494056,Mobile,+8550962494056
Smart-096-2494057,Mobile,+8550962494057
Smart-096-2494058,Mobile,+8550962494058
Smart-096-2494059,Mobile,+8550962494059
Smart-096-2494060,Mobile,+8550962494060
Smart-096-2494061,Mobile,+8550962494061
Smart-096-2494062,Mobile,+8550962494062
Smart-096-2494063,Mobile,+8550962494063
Smart-096-2494064,Mobile,+8550962494064
Smart-096-2494065,Mobile,+8550962494065
Smart-096-2494066,Mobile,+8550962494066
Smart-096-2494067,Mobile,+8550962494067
Smart-096-2494068,Mobile,+8550962494068
Smart-096-2494069,Mobile,+8550962494069
Smart-096-2494070,Mobile,+8550962494070
Smart-096-2494071,Mobile,+8550962494071
Smart-096-2494072,Mobile,+8550962494072
Smart-096-2494073,Mobile,+8550962494073
Smart-096-2494074,Mobile,+8550962494074
Smart-096-2494075,Mobile,+8550962494075
Smart-096-2494076,Mobile,+8550962494076
Smart-096-2494077,Mobile,+8550962494077
Smart-096-2494078,Mobile,+8550962494078
Smart-096-2494079,Mobile,+8550962494079
Smart-096-2494080,Mobile,+8550962494080
Smart-096-2494081,Mobile,+8550962494081
Smart-096-2494082,Mobile,+8550962494082
Smart-096-2494083,Mobile,+8550962494083
Smart-096-2494084,Mobile,+8550962494084
Smart-096-2494085,Mobile,+8550962494085
Smart-096-2494086,Mobile,+8550962494086
Smart-096-2494087,Mobile,+8550962494087
Smart-096-2494088,Mobile,+8550962494088
Smart-096-2494089,Mobile,+8550962494089
Smart-096-2494090,Mobile,+8550962494090
Smart-096-2494091,Mobile,+8550962494091
Smart-096-2494092,Mobile,+8550962494092
Smart-096-2494093,Mobile,+8550962494093
Smart-096-2494094,Mobile,+8550962494094
Smart-096-2494095,Mobile,+8550962494095
Smart-096-2494096,Mobile,+8550962494096
Smart-096-2494097,Mobile,+8550962494097
Smart-096-2494098,Mobile,+8550962494098
Smart-096-2494099,Mobile,+8550962494099
Smart-096-2494100,Mobile,+8550962494100
Smart-096-2494101,Mobile,+8550962494101
Smart-096-2494102,Mobile,+8550962494102
Smart-096-2494103,Mobile,+8550962494103
Smart-096-2494104,Mobile,+8550962494104
Smart-096-2494105,Mobile,+8550962494105
Smart-096-2494106,Mobile,+8550962494106
Smart-096-2494107,Mobile,+8550962494107
Smart-096-2494108,Mobile,+8550962494108
Smart-096-2494109,Mobile,+8550962494109
Smart-096-2494110,Mobile,+8550962494110
Smart-096-2494111,Mobile,+8550962494111
Smart-096-2494112,Mobile,+8550962494112
Smart-096-2494113,Mobile,+8550962494113
Smart-096-2494114,Mobile,+8550962494114
Smart-096-2494115,Mobile,+8550962494115
Smart-096-2494116,Mobile,+8550962494116
Smart-096-2494117,Mobile,+8550962494117
Smart-096-2494118,Mobile,+8550962494118
Smart-096-2494119,Mobile,+8550962494119
Smart-096-2494120,Mobile,+8550962494120
Smart-096-2494121,Mobile,+8550962494121
Smart-096-2494122,Mobile,+8550962494122
Smart-096-2494123,Mobile,+8550962494123
Smart-096-2494124,Mobile,+8550962494124
Smart-096-2494125,Mobile,+8550962494125
Smart-096-2494126,Mobile,+8550962494126
Smart-096-2494127,Mobile,+8550962494127
Smart-096-2494128,Mobile,+8550962494128
Smart-096-2494129,Mobile,+8550962494129
Smart-096-2494130,Mobile,+8550962494130
Smart-096-2494131,Mobile,+8550962494131
Smart-096-2494132,Mobile,+8550962494132
Smart-096-2494133,Mobile,+8550962494133
Smart-096-2494134,Mobile,+8550962494134
Smart-096-2494135,Mobile,+8550962494135
Smart-096-2494136,Mobile,+8550962494136
Smart-096-2494137,Mobile,+8550962494137
Smart-096-2494138,Mobile,+8550962494138
Smart-096-2494139,Mobile,+8550962494139
Smart-096-2494140,Mobile,+8550962494140
Smart-096-2494141,Mobile,+8550962494141
Smart-096-2494142,Mobile,+8550962494142
Smart-096-2494143,Mobile,+8550962494143
Smart-096-2494144,Mobile,+8550962494144
Smart-096-2494145,Mobile,+8550962494145
Smart-096-2494146,Mobile,+8550962494146
Smart-096-2494147,Mobile,+8550962494147
Smart-096-2494148,Mobile,+8550962494148
Smart-096-2494149,Mobile,+8550962494149
Smart-096-2494150,Mobile,+8550962494150
Smart-096-2494151,Mobile,+8550962494151
Smart-096-2494152,Mobile,+8550962494152
Smart-096-2494153,Mobile,+8550962494153
Smart-096-2494154,Mobile,+8550962494154
Smart-096-2494155,Mobile,+8550962494155
Smart-096-2494156,Mobile,+8550962494156
Smart-096-2494157,Mobile,+8550962494157
Smart-096-2494158,Mobile,+8550962494158
Smart-096-2494159,Mobile,+8550962494159
Smart-096-2494160,Mobile,+8550962494160
Smart-096-2494161,Mobile,+8550962494161
Smart-096-2494162,Mobile,+8550962494162
Smart-096-2494163,Mobile,+8550962494163
Smart-096-2494164,Mobile,+8550962494164
Smart-096-2494165,Mobile,+8550962494165
Smart-096-2494166,Mobile,+8550962494166
Smart-096-2494167,Mobile,+8550962494167
Smart-096-2494168,Mobile,+8550962494168
Smart-096-2494169,Mobile,+8550962494169
Smart-096-2494170,Mobile,+8550962494170
Smart-096-2494171,Mobile,+8550962494171
Smart-096-2494172,Mobile,+8550962494172
Smart-096-2494173,Mobile,+8550962494173
Smart-096-2494174,Mobile,+8550962494174
Smart-096-2494175,Mobile,+8550962494175
Smart-096-2494176,Mobile,+8550962494176
Smart-096-2494177,Mobile,+8550962494177
Smart-096-2494178,Mobile,+8550962494178
Smart-096-2494179,Mobile,+8550962494179
Smart-096-2494180,Mobile,+8550962494180
Smart-096-2494181,Mobile,+8550962494181
Smart-096-2494182,Mobile,+8550962494182
Smart-096-2494183,Mobile,+8550962494183
Smart-096-2494184,Mobile,+8550962494184
Smart-096-2494185,Mobile,+8550962494185
Smart-096-2494186,Mobile,+8550962494186
Smart-096-2494187,Mobile,+8550962494187
Smart-096-2494188,Mobile,+8550962494188
Smart-096-2494189,Mobile,+8550962494189
Smart-096-2494190,Mobile,+8550962494190
Smart-096-2494191,Mobile,+8550962494191
Smart-096-2494192,Mobile,+8550962494192
Smart-096-2494193,Mobile,+8550962494193
Smart-096-2494194,Mobile,+8550962494194
Smart-096-2494195,Mobile,+8550962494195
Smart-096-2494196,Mobile,+8550962494196
Smart-096-2494197,Mobile,+8550962494197
Smart-096-2494198,Mobile,+8550962494198
Smart-096-2494199,Mobile,+8550962494199
Smart-096-2494200,Mobile,+8550962494200
Smart-096-2494201,Mobile,+8550962494201
Smart-096-2494202,Mobile,+8550962494202
Smart-096-2494203,Mobile,+8550962494203
Smart-096-2494204,Mobile,+8550962494204
Smart-096-2494205,Mobile,+8550962494205
Smart-096-2494206,Mobile,+8550962494206
Smart-096-2494207,Mobile,+8550962494207
Smart-096-2494208,Mobile,+8550962494208
Smart-096-2494209,Mobile,+8550962494209
Smart-096-2494210,Mobile,+8550962494210
Smart-096-2494211,Mobile,+8550962494211
Smart-096-2494212,Mobile,+8550962494212
Smart-096-2494213,Mobile,+8550962494213
Smart-096-2494214,Mobile,+8550962494214
Smart-096-2494215,Mobile,+8550962494215
Smart-096-2494216,Mobile,+8550962494216
Smart-096-2494217,Mobile,+8550962494217
Smart-096-2494218,Mobile,+8550962494218
Smart-096-2494219,Mobile,+8550962494219
Smart-096-2494220,Mobile,+8550962494220
Smart-096-2494221,Mobile,+8550962494221
Smart-096-2494222,Mobile,+8550962494222
Smart-096-2494223,Mobile,+8550962494223
Smart-096-2494224,Mobile,+8550962494224
Smart-096-2494225,Mobile,+8550962494225
Smart-096-2494226,Mobile,+8550962494226
Smart-096-2494227,Mobile,+8550962494227
Smart-096-2494228,Mobile,+8550962494228
Smart-096-2494229,Mobile,+8550962494229
Smart-096-2494230,Mobile,+8550962494230
Smart-096-2494231,Mobile,+8550962494231
Smart-096-2494232,Mobile,+8550962494232
Smart-096-2494233,Mobile,+8550962494233
Smart-096-2494234,Mobile,+8550962494234
Smart-096-2494235,Mobile,+8550962494235
Smart-096-2494236,Mobile,+8550962494236
Smart-096-2494237,Mobile,+8550962494237
Smart-096-2494238,Mobile,+8550962494238
Smart-096-2494239,Mobile,+8550962494239
Smart-096-2494240,Mobile,+8550962494240
Smart-096-2494241,Mobile,+8550962494241
Smart-096-2494242,Mobile,+8550962494242
Smart-096-2494243,Mobile,+8550962494243
Smart-096-2494244,Mobile,+8550962494244
Smart-096-2494245,Mobile,+8550962494245
Smart-096-2494246,Mobile,+8550962494246
Smart-096-2494247,Mobile,+8550962494247
Smart-096-2494248,Mobile,+8550962494248
Smart-096-2494249,Mobile,+8550962494249
Smart-096-2494250,Mobile,+8550962494250
Smart-096-2494251,Mobile,+8550962494251
Smart-096-2494252,Mobile,+8550962494252
Smart-096-2494253,Mobile,+8550962494253
Smart-096-2494254,Mobile,+8550962494254
Smart-096-2494255,Mobile,+8550962494255
Smart-096-2494256,Mobile,+8550962494256
Smart-096-2494257,Mobile,+8550962494257
Smart-096-2494258,Mobile,+8550962494258
Smart-096-2494259,Mobile,+8550962494259
Smart-096-2494260,Mobile,+8550962494260
Smart-096-2494261,Mobile,+8550962494261
Smart-096-2494262,Mobile,+8550962494262
Smart-096-2494263,Mobile,+8550962494263
Smart-096-2494264,Mobile,+8550962494264
Smart-096-2494265,Mobile,+8550962494265
Smart-096-2494266,Mobile,+8550962494266
Smart-096-2494267,Mobile,+8550962494267
Smart-096-2494268,Mobile,+8550962494268
Smart-096-2494269,Mobile,+8550962494269
Smart-096-2494270,Mobile,+8550962494270
Smart-096-2494271,Mobile,+8550962494271
Smart-096-2494272,Mobile,+8550962494272
Smart-096-2494273,Mobile,+8550962494273
Smart-096-2494274,Mobile,+8550962494274
Smart-096-2494275,Mobile,+8550962494275
Smart-096-2494276,Mobile,+8550962494276
Smart-096-2494277,Mobile,+8550962494277
Smart-096-2494278,Mobile,+8550962494278
Smart-096-2494279,Mobile,+8550962494279
Smart-096-2494280,Mobile,+8550962494280
Smart-096-2494281,Mobile,+8550962494281
Smart-096-2494282,Mobile,+8550962494282
Smart-096-2494283,Mobile,+8550962494283
Smart-096-2494284,Mobile,+8550962494284
Smart-096-2494285,Mobile,+8550962494285
Smart-096-2494286,Mobile,+8550962494286
Smart-096-2494287,Mobile,+8550962494287
Smart-096-2494288,Mobile,+8550962494288
Smart-096-2494289,Mobile,+8550962494289
Smart-096-2494290,Mobile,+8550962494290
Smart-096-2494291,Mobile,+8550962494291
Smart-096-2494292,Mobile,+8550962494292
Smart-096-2494293,Mobile,+8550962494293
Smart-096-2494294,Mobile,+8550962494294
Smart-096-2494295,Mobile,+8550962494295
Smart-096-2494296,Mobile,+8550962494296
Smart-096-2494297,Mobile,+8550962494297
Smart-096-2494298,Mobile,+8550962494298
Smart-096-2494299,Mobile,+8550962494299
Smart-096-2494300,Mobile,+8550962494300
Smart-096-2494301,Mobile,+8550962494301
Smart-096-2494302,Mobile,+8550962494302
Smart-096-2494303,Mobile,+8550962494303
Smart-096-2494304,Mobile,+8550962494304
Smart-096-2494305,Mobile,+8550962494305
Smart-096-2494306,Mobile,+8550962494306
Smart-096-2494307,Mobile,+8550962494307
Smart-096-2494308,Mobile,+8550962494308
Smart-096-2494309,Mobile,+8550962494309
Smart-096-2494310,Mobile,+8550962494310
Smart-096-2494311,Mobile,+8550962494311
Smart-096-2494312,Mobile,+8550962494312
Smart-096-2494313,Mobile,+8550962494313
Smart-096-2494314,Mobile,+8550962494314
Smart-096-2494315,Mobile,+8550962494315
Smart-096-2494316,Mobile,+8550962494316
Smart-096-2494317,Mobile,+8550962494317
Smart-096-2494318,Mobile,+8550962494318
Smart-096-2494319,Mobile,+8550962494319
Smart-096-2494320,Mobile,+8550962494320
Smart-096-2494321,Mobile,+8550962494321
Smart-096-2494322,Mobile,+8550962494322
Smart-096-2494323,Mobile,+8550962494323
Smart-096-2494324,Mobile,+8550962494324
Smart-096-2494325,Mobile,+8550962494325
Smart-096-2494326,Mobile,+8550962494326
Smart-096-2494327,Mobile,+8550962494327
Smart-096-2494328,Mobile,+8550962494328
Smart-096-2494329,Mobile,+8550962494329
Smart-096-2494330,Mobile,+8550962494330
Smart-096-2494331,Mobile,+8550962494331
Smart-096-2494332,Mobile,+8550962494332
Smart-096-2494333,Mobile,+8550962494333
Smart-096-2494334,Mobile,+8550962494334
Smart-096-2494335,Mobile,+8550962494335
Smart-096-2494336,Mobile,+8550962494336
Smart-096-2494337,Mobile,+8550962494337
Smart-096-2494338,Mobile,+8550962494338
Smart-096-2494339,Mobile,+8550962494339
Smart-096-2494340,Mobile,+8550962494340
Smart-096-2494341,Mobile,+8550962494341
Smart-096-2494342,Mobile,+8550962494342
Smart-096-2494343,Mobile,+8550962494343
Smart-096-2494344,Mobile,+8550962494344
Smart-096-2494345,Mobile,+8550962494345
Smart-096-2494346,Mobile,+8550962494346
Smart-096-2494347,Mobile,+8550962494347
Smart-096-2494348,Mobile,+8550962494348
Smart-096-2494349,Mobile,+8550962494349
Smart-096-2494350,Mobile,+8550962494350
Smart-096-2494351,Mobile,+8550962494351
Smart-096-2494352,Mobile,+8550962494352
Smart-096-2494353,Mobile,+8550962494353
Smart-096-2494354,Mobile,+8550962494354
Smart-096-2494355,Mobile,+8550962494355
Smart-096-2494356,Mobile,+8550962494356
Smart-096-2494357,Mobile,+8550962494357
Smart-096-2494358,Mobile,+8550962494358
Smart-096-2494359,Mobile,+8550962494359
Smart-096-2494360,Mobile,+8550962494360
Smart-096-2494361,Mobile,+8550962494361
Smart-096-2494362,Mobile,+8550962494362
Smart-096-2494363,Mobile,+8550962494363
Smart-096-2494364,Mobile,+8550962494364
Smart-096-2494365,Mobile,+8550962494365
Smart-096-2494366,Mobile,+8550962494366
Smart-096-2494367,Mobile,+8550962494367
Smart-096-2494368,Mobile,+8550962494368
Smart-096-2494369,Mobile,+8550962494369
Smart-096-2494370,Mobile,+8550962494370
Smart-096-2494371,Mobile,+8550962494371
Smart-096-2494372,Mobile,+8550962494372
Smart-096-2494373,Mobile,+8550962494373
Smart-096-2494374,Mobile,+8550962494374
Smart-096-2494375,Mobile,+8550962494375
Smart-096-2494376,Mobile,+8550962494376
Smart-096-2494377,Mobile,+8550962494377
Smart-096-2494378,Mobile,+8550962494378
Smart-096-2494379,Mobile,+8550962494379
Smart-096-2494380,Mobile,+8550962494380
Smart-096-2494381,Mobile,+8550962494381
Smart-096-2494382,Mobile,+8550962494382
Smart-096-2494383,Mobile,+8550962494383
Smart-096-2494384,Mobile,+8550962494384
Smart-096-2494385,Mobile,+8550962494385
Smart-096-2494386,Mobile,+8550962494386
Smart-096-2494387,Mobile,+8550962494387
Smart-096-2494388,Mobile,+8550962494388
Smart-096-2494389,Mobile,+8550962494389
Smart-096-2494390,Mobile,+8550962494390
Smart-096-2494391,Mobile,+8550962494391
Smart-096-2494392,Mobile,+8550962494392
Smart-096-2494393,Mobile,+8550962494393
Smart-096-2494394,Mobile,+8550962494394
Smart-096-2494395,Mobile,+8550962494395
Smart-096-2494396,Mobile,+8550962494396
Smart-096-2494397,Mobile,+8550962494397
Smart-096-2494398,Mobile,+8550962494398
Smart-096-2494399,Mobile,+8550962494399
Smart-096-2494400,Mobile,+8550962494400
Smart-096-2494401,Mobile,+8550962494401
Smart-096-2494402,Mobile,+8550962494402
Smart-096-2494403,Mobile,+8550962494403
Smart-096-2494404,Mobile,+8550962494404
Smart-096-2494405,Mobile,+8550962494405
Smart-096-2494406,Mobile,+8550962494406
Smart-096-2494407,Mobile,+8550962494407
Smart-096-2494408,Mobile,+8550962494408
Smart-096-2494409,Mobile,+8550962494409
Smart-096-2494410,Mobile,+8550962494410
Smart-096-2494411,Mobile,+8550962494411
Smart-096-2494412,Mobile,+8550962494412
Smart-096-2494413,Mobile,+8550962494413
Smart-096-2494414,Mobile,+8550962494414
Smart-096-2494415,Mobile,+8550962494415
Smart-096-2494416,Mobile,+8550962494416
Smart-096-2494417,Mobile,+8550962494417
Smart-096-2494418,Mobile,+8550962494418
Smart-096-2494419,Mobile,+8550962494419
Smart-096-2494420,Mobile,+8550962494420
Smart-096-2494421,Mobile,+8550962494421
Smart-096-2494422,Mobile,+8550962494422
Smart-096-2494423,Mobile,+8550962494423
Smart-096-2494424,Mobile,+8550962494424
Smart-096-2494425,Mobile,+8550962494425
Smart-096-2494426,Mobile,+8550962494426
Smart-096-2494427,Mobile,+8550962494427
Smart-096-2494428,Mobile,+8550962494428
Smart-096-2494429,Mobile,+8550962494429
Smart-096-2494430,Mobile,+8550962494430
Smart-096-2494431,Mobile,+8550962494431
Smart-096-2494432,Mobile,+8550962494432
Smart-096-2494433,Mobile,+8550962494433
Smart-096-2494434,Mobile,+8550962494434
Smart-096-2494435,Mobile,+8550962494435
Smart-096-2494436,Mobile,+8550962494436
Smart-096-2494437,Mobile,+8550962494437
Smart-096-2494438,Mobile,+8550962494438
Smart-096-2494439,Mobile,+8550962494439
Smart-096-2494440,Mobile,+8550962494440
Smart-096-2494441,Mobile,+8550962494441
Smart-096-2494442,Mobile,+8550962494442
Smart-096-2494443,Mobile,+8550962494443
Smart-096-2494444,Mobile,+8550962494444
Smart-096-2494445,Mobile,+8550962494445
Smart-096-2494446,Mobile,+8550962494446
Smart-096-2494447,Mobile,+8550962494447
Smart-096-2494448,Mobile,+8550962494448
Smart-096-2494449,Mobile,+8550962494449
Smart-096-2494450,Mobile,+8550962494450
Smart-096-2494451,Mobile,+8550962494451
Smart-096-2494452,Mobile,+8550962494452
Smart-096-2494453,Mobile,+8550962494453
Smart-096-2494454,Mobile,+8550962494454
Smart-096-2494455,Mobile,+8550962494455
Smart-096-2494456,Mobile,+8550962494456
Smart-096-2494457,Mobile,+8550962494457
Smart-096-2494458,Mobile,+8550962494458
Smart-096-2494459,Mobile,+8550962494459
Smart-096-2494460,Mobile,+8550962494460
Smart-096-2494461,Mobile,+8550962494461
Smart-096-2494462,Mobile,+8550962494462
Smart-096-2494463,Mobile,+8550962494463
Smart-096-2494464,Mobile,+8550962494464
Smart-096-2494465,Mobile,+8550962494465
Smart-096-2494466,Mobile,+8550962494466
Smart-096-2494467,Mobile,+8550962494467
Smart-096-2494468,Mobile,+8550962494468
Smart-096-2494469,Mobile,+8550962494469
Smart-096-2494470,Mobile,+8550962494470
Smart-096-2494471,Mobile,+8550962494471
Smart-096-2494472,Mobile,+8550962494472
Smart-096-2494473,Mobile,+8550962494473
Smart-096-2494474,Mobile,+8550962494474
Smart-096-2494475,Mobile,+8550962494475
Smart-096-2494476,Mobile,+8550962494476
Smart-096-2494477,Mobile,+8550962494477
Smart-096-2494478,Mobile,+8550962494478
Smart-096-2494479,Mobile,+8550962494479
Smart-096-2494480,Mobile,+8550962494480
Smart-096-2494481,Mobile,+8550962494481
Smart-096-2494482,Mobile,+8550962494482
Smart-096-2494483,Mobile,+8550962494483
Smart-096-2494484,Mobile,+8550962494484
Smart-096-2494485,Mobile,+8550962494485
Smart-096-2494486,Mobile,+8550962494486
Smart-096-2494487,Mobile,+8550962494487
Smart-096-2494488,Mobile,+8550962494488
Smart-096-2494489,Mobile,+8550962494489
Smart-096-2494490,Mobile,+8550962494490
Smart-096-2494491,Mobile,+8550962494491
Smart-096-2494492,Mobile,+8550962494492
Smart-096-2494493,Mobile,+8550962494493
Smart-096-2494494,Mobile,+8550962494494
Smart-096-2494495,Mobile,+8550962494495
Smart-096-2494496,Mobile,+8550962494496
Smart-096-2494497,Mobile,+8550962494497
Smart-096-2494498,Mobile,+8550962494498
Smart-096-2494499,Mobile,+8550962494499
Smart-096-2494500,Mobile,+8550962494500
Smart-096-2494501,Mobile,+8550962494501
Smart-096-2494502,Mobile,+8550962494502
Smart-096-2494503,Mobile,+8550962494503
Smart-096-2494504,Mobile,+8550962494504
Smart-096-2494505,Mobile,+8550962494505
Smart-096-2494506,Mobile,+8550962494506
Smart-096-2494507,Mobile,+8550962494507
Smart-096-2494508,Mobile,+8550962494508
Smart-096-2494509,Mobile,+8550962494509
Smart-096-2494510,Mobile,+8550962494510
Smart-096-2494511,Mobile,+8550962494511
Smart-096-2494512,Mobile,+8550962494512
Smart-096-2494513,Mobile,+8550962494513
Smart-096-2494514,Mobile,+8550962494514
Smart-096-2494515,Mobile,+8550962494515
Smart-096-2494516,Mobile,+8550962494516
Smart-096-2494517,Mobile,+8550962494517
Smart-096-2494518,Mobile,+8550962494518
Smart-096-2494519,Mobile,+8550962494519
Smart-096-2494520,Mobile,+8550962494520
Smart-096-2494521,Mobile,+8550962494521
Smart-096-2494522,Mobile,+8550962494522
Smart-096-2494523,Mobile,+8550962494523
Smart-096-2494524,Mobile,+8550962494524
Smart-096-2494525,Mobile,+8550962494525
Smart-096-2494526,Mobile,+8550962494526
Smart-096-2494527,Mobile,+8550962494527
Smart-096-2494528,Mobile,+8550962494528
Smart-096-2494529,Mobile,+8550962494529
Smart-096-2494530,Mobile,+8550962494530
Smart-096-2494531,Mobile,+8550962494531
Smart-096-2494532,Mobile,+8550962494532
Smart-096-2494533,Mobile,+8550962494533
Smart-096-2494534,Mobile,+8550962494534
Smart-096-2494535,Mobile,+8550962494535
Smart-096-2494536,Mobile,+8550962494536
Smart-096-2494537,Mobile,+8550962494537
Smart-096-2494538,Mobile,+8550962494538
Smart-096-2494539,Mobile,+8550962494539
Smart-096-2494540,Mobile,+8550962494540
Smart-096-2494541,Mobile,+8550962494541
Smart-096-2494542,Mobile,+8550962494542
Smart-096-2494543,Mobile,+8550962494543
Smart-096-2494544,Mobile,+8550962494544
Smart-096-2494545,Mobile,+8550962494545
Smart-096-2494546,Mobile,+8550962494546
Smart-096-2494547,Mobile,+8550962494547
Smart-096-2494548,Mobile,+8550962494548
Smart-096-2494549,Mobile,+8550962494549
Smart-096-2494550,Mobile,+8550962494550
Smart-096-2494551,Mobile,+8550962494551
Smart-096-2494552,Mobile,+8550962494552
Smart-096-2494553,Mobile,+8550962494553
Smart-096-2494554,Mobile,+8550962494554
Smart-096-2494555,Mobile,+8550962494555
Smart-096-2494556,Mobile,+8550962494556
Smart-096-2494557,Mobile,+8550962494557
Smart-096-2494558,Mobile,+8550962494558
Smart-096-2494559,Mobile,+8550962494559
Smart-096-2494560,Mobile,+8550962494560
Smart-096-2494561,Mobile,+8550962494561
Smart-096-2494562,Mobile,+8550962494562
Smart-096-2494563,Mobile,+8550962494563
Smart-096-2494564,Mobile,+8550962494564
Smart-096-2494565,Mobile,+8550962494565
Smart-096-2494566,Mobile,+8550962494566
Smart-096-2494567,Mobile,+8550962494567
Smart-096-2494568,Mobile,+8550962494568
Smart-096-2494569,Mobile,+8550962494569
Smart-096-2494570,Mobile,+8550962494570
Smart-096-2494571,Mobile,+8550962494571
Smart-096-2494572,Mobile,+8550962494572
Smart-096-2494573,Mobile,+8550962494573
Smart-096-2494574,Mobile,+8550962494574
Smart-096-2494575,Mobile,+8550962494575
Smart-096-2494576,Mobile,+8550962494576
Smart-096-2494577,Mobile,+8550962494577
Smart-096-2494578,Mobile,+8550962494578
Smart-096-2494579,Mobile,+8550962494579
Smart-096-2494580,Mobile,+8550962494580
Smart-096-2494581,Mobile,+8550962494581
Smart-096-2494582,Mobile,+8550962494582
Smart-096-2494583,Mobile,+8550962494583
Smart-096-2494584,Mobile,+8550962494584
Smart-096-2494585,Mobile,+8550962494585
Smart-096-2494586,Mobile,+8550962494586
Smart-096-2494587,Mobile,+8550962494587
Smart-096-2494588,Mobile,+8550962494588
Smart-096-2494589,Mobile,+8550962494589
Smart-096-2494590,Mobile,+8550962494590
Smart-096-2494591,Mobile,+8550962494591
Smart-096-2494592,Mobile,+8550962494592
Smart-096-2494593,Mobile,+8550962494593
Smart-096-2494594,Mobile,+8550962494594
Smart-096-2494595,Mobile,+8550962494595
Smart-096-2494596,Mobile,+8550962494596
Smart-096-2494597,Mobile,+8550962494597
Smart-096-2494598,Mobile,+8550962494598
Smart-096-2494599,Mobile,+8550962494599
Smart-096-2494600,Mobile,+8550962494600
Smart-096-2494601,Mobile,+8550962494601
Smart-096-2494602,Mobile,+8550962494602
Smart-096-2494603,Mobile,+8550962494603
Smart-096-2494604,Mobile,+8550962494604
Smart-096-2494605,Mobile,+8550962494605
Smart-096-2494606,Mobile,+8550962494606
Smart-096-2494607,Mobile,+8550962494607
Smart-096-2494608,Mobile,+8550962494608
Smart-096-2494609,Mobile,+8550962494609
Smart-096-2494610,Mobile,+8550962494610
Smart-096-2494611,Mobile,+8550962494611
Smart-096-2494612,Mobile,+8550962494612
Smart-096-2494613,Mobile,+8550962494613
Smart-096-2494614,Mobile,+8550962494614
Smart-096-2494615,Mobile,+8550962494615
Smart-096-2494616,Mobile,+8550962494616
Smart-096-2494617,Mobile,+8550962494617
Smart-096-2494618,Mobile,+8550962494618
Smart-096-2494619,Mobile,+8550962494619
Smart-096-2494620,Mobile,+8550962494620
Smart-096-2494621,Mobile,+8550962494621
Smart-096-2494622,Mobile,+8550962494622
Smart-096-2494623,Mobile,+8550962494623
Smart-096-2494624,Mobile,+8550962494624
Smart-096-2494625,Mobile,+8550962494625
Smart-096-2494626,Mobile,+8550962494626
Smart-096-2494627,Mobile,+8550962494627
Smart-096-2494628,Mobile,+8550962494628
Smart-096-2494629,Mobile,+8550962494629
Smart-096-2494630,Mobile,+8550962494630
Smart-096-2494631,Mobile,+8550962494631
Smart-096-2494632,Mobile,+8550962494632
Smart-096-2494633,Mobile,+8550962494633
Smart-096-2494634,Mobile,+8550962494634
Smart-096-2494635,Mobile,+8550962494635
Smart-096-2494636,Mobile,+8550962494636
Smart-096-2494637,Mobile,+8550962494637
Smart-096-2494638,Mobile,+8550962494638
Smart-096-2494639,Mobile,+8550962494639
Smart-096-2494640,Mobile,+8550962494640
Smart-096-2494641,Mobile,+8550962494641
Smart-096-2494642,Mobile,+8550962494642
Smart-096-2494643,Mobile,+8550962494643
Smart-096-2494644,Mobile,+8550962494644
Smart-096-2494645,Mobile,+8550962494645
Smart-096-2494646,Mobile,+8550962494646
Smart-096-2494647,Mobile,+8550962494647
Smart-096-2494648,Mobile,+8550962494648
Smart-096-2494649,Mobile,+8550962494649
Smart-096-2494650,Mobile,+8550962494650
Smart-096-2494651,Mobile,+8550962494651
Smart-096-2494652,Mobile,+8550962494652
Smart-096-2494653,Mobile,+8550962494653
Smart-096-2494654,Mobile,+8550962494654
Smart-096-2494655,Mobile,+8550962494655
Smart-096-2494656,Mobile,+8550962494656
Smart-096-2494657,Mobile,+8550962494657
Smart-096-2494658,Mobile,+8550962494658
Smart-096-2494659,Mobile,+8550962494659
Smart-096-2494660,Mobile,+8550962494660
Smart-096-2494661,Mobile,+8550962494661
Smart-096-2494662,Mobile,+8550962494662
Smart-096-2494663,Mobile,+8550962494663
Smart-096-2494664,Mobile,+8550962494664
Smart-096-2494665,Mobile,+8550962494665
Smart-096-2494666,Mobile,+8550962494666
Smart-096-2494667,Mobile,+8550962494667
Smart-096-2494668,Mobile,+8550962494668
Smart-096-2494669,Mobile,+8550962494669
Smart-096-2494670,Mobile,+8550962494670
Smart-096-2494671,Mobile,+8550962494671
Smart-096-2494672,Mobile,+8550962494672
Smart-096-2494673,Mobile,+8550962494673
Smart-096-2494674,Mobile,+8550962494674
Smart-096-2494675,Mobile,+8550962494675
Smart-096-2494676,Mobile,+8550962494676
Smart-096-2494677,Mobile,+8550962494677
Smart-096-2494678,Mobile,+8550962494678
Smart-096-2494679,Mobile,+8550962494679
Smart-096-2494680,Mobile,+8550962494680
Smart-096-2494681,Mobile,+8550962494681
Smart-096-2494682,Mobile,+8550962494682
Smart-096-2494683,Mobile,+8550962494683
Smart-096-2494684,Mobile,+8550962494684
Smart-096-2494685,Mobile,+8550962494685
Smart-096-2494686,Mobile,+8550962494686
Smart-096-2494687,Mobile,+8550962494687
Smart-096-2494688,Mobile,+8550962494688
Smart-096-2494689,Mobile,+8550962494689
Smart-096-2494690,Mobile,+8550962494690
Smart-096-2494691,Mobile,+8550962494691
Smart-096-2494692,Mobile,+8550962494692
Smart-096-2494693,Mobile,+8550962494693
Smart-096-2494694,Mobile,+8550962494694
Smart-096-2494695,Mobile,+8550962494695
Smart-096-2494696,Mobile,+8550962494696
Smart-096-2494697,Mobile,+8550962494697
Smart-096-2494698,Mobile,+8550962494698
Smart-096-2494699,Mobile,+8550962494699
Smart-096-2494700,Mobile,+8550962494700
Smart-096-2494701,Mobile,+8550962494701
Smart-096-2494702,Mobile,+8550962494702
Smart-096-2494703,Mobile,+8550962494703
Smart-096-2494704,Mobile,+8550962494704
Smart-096-2494705,Mobile,+8550962494705
Smart-096-2494706,Mobile,+8550962494706
Smart-096-2494707,Mobile,+8550962494707
Smart-096-2494708,Mobile,+8550962494708
Smart-096-2494709,Mobile,+8550962494709
Smart-096-2494710,Mobile,+8550962494710
Smart-096-2494711,Mobile,+8550962494711
Smart-096-2494712,Mobile,+8550962494712
Smart-096-2494713,Mobile,+8550962494713
Smart-096-2494714,Mobile,+8550962494714
Smart-096-2494715,Mobile,+8550962494715
Smart-096-2494716,Mobile,+8550962494716
Smart-096-2494717,Mobile,+8550962494717
Smart-096-2494718,Mobile,+8550962494718
Smart-096-2494719,Mobile,+8550962494719
Smart-096-2494720,Mobile,+8550962494720
Smart-096-2494721,Mobile,+8550962494721
Smart-096-2494722,Mobile,+8550962494722
Smart-096-2494723,Mobile,+8550962494723
Smart-096-2494724,Mobile,+8550962494724
Smart-096-2494725,Mobile,+8550962494725
Smart-096-2494726,Mobile,+8550962494726
Smart-096-2494727,Mobile,+8550962494727
Smart-096-2494728,Mobile,+8550962494728
Smart-096-2494729,Mobile,+8550962494729
Smart-096-2494730,Mobile,+8550962494730
Smart-096-2494731,Mobile,+8550962494731
Smart-096-2494732,Mobile,+8550962494732
Smart-096-2494733,Mobile,+8550962494733
Smart-096-2494734,Mobile,+8550962494734
Smart-096-2494735,Mobile,+8550962494735
Smart-096-2494736,Mobile,+8550962494736
Smart-096-2494737,Mobile,+8550962494737
Smart-096-2494738,Mobile,+8550962494738
Smart-096-2494739,Mobile,+8550962494739
Smart-096-2494740,Mobile,+8550962494740
Smart-096-2494741,Mobile,+8550962494741
Smart-096-2494742,Mobile,+8550962494742
Smart-096-2494743,Mobile,+8550962494743
Smart-096-2494744,Mobile,+8550962494744
Smart-096-2494745,Mobile,+8550962494745
Smart-096-2494746,Mobile,+8550962494746
Smart-096-2494747,Mobile,+8550962494747
Smart-096-2494748,Mobile,+8550962494748
Smart-096-2494749,Mobile,+8550962494749
Smart-096-2494750,Mobile,+8550962494750
Smart-096-2494751,Mobile,+8550962494751
Smart-096-2494752,Mobile,+8550962494752
Smart-096-2494753,Mobile,+8550962494753
Smart-096-2494754,Mobile,+8550962494754
Smart-096-2494755,Mobile,+8550962494755
Smart-096-2494756,Mobile,+8550962494756
Smart-096-2494757,Mobile,+8550962494757
Smart-096-2494758,Mobile,+8550962494758
Smart-096-2494759,Mobile,+8550962494759
Smart-096-2494760,Mobile,+8550962494760
Smart-096-2494761,Mobile,+8550962494761
Smart-096-2494762,Mobile,+8550962494762
Smart-096-2494763,Mobile,+8550962494763
Smart-096-2494764,Mobile,+8550962494764
Smart-096-2494765,Mobile,+8550962494765
Smart-096-2494766,Mobile,+8550962494766
Smart-096-2494767,Mobile,+8550962494767
Smart-096-2494768,Mobile,+8550962494768
Smart-096-2494769,Mobile,+8550962494769
Smart-096-2494770,Mobile,+8550962494770
Smart-096-2494771,Mobile,+8550962494771
Smart-096-2494772,Mobile,+8550962494772
Smart-096-2494773,Mobile,+8550962494773
Smart-096-2494774,Mobile,+8550962494774
Smart-096-2494775,Mobile,+8550962494775
Smart-096-2494776,Mobile,+8550962494776
Smart-096-2494777,Mobile,+8550962494777
Smart-096-2494778,Mobile,+8550962494778
Smart-096-2494779,Mobile,+8550962494779
Smart-096-2494780,Mobile,+8550962494780
Smart-096-2494781,Mobile,+8550962494781
Smart-096-2494782,Mobile,+8550962494782
Smart-096-2494783,Mobile,+8550962494783
Smart-096-2494784,Mobile,+8550962494784
Smart-096-2494785,Mobile,+8550962494785
Smart-096-2494786,Mobile,+8550962494786
Smart-096-2494787,Mobile,+8550962494787
Smart-096-2494788,Mobile,+8550962494788
Smart-096-2494789,Mobile,+8550962494789
Smart-096-2494790,Mobile,+8550962494790
Smart-096-2494791,Mobile,+8550962494791
Smart-096-2494792,Mobile,+8550962494792
Smart-096-2494793,Mobile,+8550962494793
Smart-096-2494794,Mobile,+8550962494794
Smart-096-2494795,Mobile,+8550962494795
Smart-096-2494796,Mobile,+8550962494796
Smart-096-2494797,Mobile,+8550962494797
Smart-096-2494798,Mobile,+8550962494798
Smart-096-2494799,Mobile,+8550962494799
Smart-096-2494800,Mobile,+8550962494800
Smart-096-2494801,Mobile,+8550962494801
Smart-096-2494802,Mobile,+8550962494802
Smart-096-2494803,Mobile,+8550962494803
Smart-096-2494804,Mobile,+8550962494804
Smart-096-2494805,Mobile,+8550962494805
Smart-096-2494806,Mobile,+8550962494806
Smart-096-2494807,Mobile,+8550962494807
Smart-096-2494808,Mobile,+8550962494808
Smart-096-2494809,Mobile,+8550962494809
Smart-096-2494810,Mobile,+8550962494810
Smart-096-2494811,Mobile,+8550962494811
Smart-096-2494812,Mobile,+8550962494812
Smart-096-2494813,Mobile,+8550962494813
Smart-096-2494814,Mobile,+8550962494814
Smart-096-2494815,Mobile,+8550962494815
Smart-096-2494816,Mobile,+8550962494816
Smart-096-2494817,Mobile,+8550962494817
Smart-096-2494818,Mobile,+8550962494818
Smart-096-2494819,Mobile,+8550962494819
Smart-096-2494820,Mobile,+8550962494820
Smart-096-2494821,Mobile,+8550962494821
Smart-096-2494822,Mobile,+8550962494822
Smart-096-2494823,Mobile,+8550962494823
Smart-096-2494824,Mobile,+8550962494824
Smart-096-2494825,Mobile,+8550962494825
Smart-096-2494826,Mobile,+8550962494826
Smart-096-2494827,Mobile,+8550962494827
Smart-096-2494828,Mobile,+8550962494828
Smart-096-2494829,Mobile,+8550962494829
Smart-096-2494830,Mobile,+8550962494830
Smart-096-2494831,Mobile,+8550962494831
Smart-096-2494832,Mobile,+8550962494832
Smart-096-2494833,Mobile,+8550962494833
Smart-096-2494834,Mobile,+8550962494834
Smart-096-2494835,Mobile,+8550962494835
Smart-096-2494836,Mobile,+8550962494836
Smart-096-2494837,Mobile,+8550962494837
Smart-096-2494838,Mobile,+8550962494838
Smart-096-2494839,Mobile,+8550962494839
Smart-096-2494840,Mobile,+8550962494840
Smart-096-2494841,Mobile,+8550962494841
Smart-096-2494842,Mobile,+8550962494842
Smart-096-2494843,Mobile,+8550962494843
Smart-096-2494844,Mobile,+8550962494844
Smart-096-2494845,Mobile,+8550962494845
Smart-096-2494846,Mobile,+8550962494846
Smart-096-2494847,Mobile,+8550962494847
Smart-096-2494848,Mobile,+8550962494848
Smart-096-2494849,Mobile,+8550962494849
Smart-096-2494850,Mobile,+8550962494850
Smart-096-2494851,Mobile,+8550962494851
Smart-096-2494852,Mobile,+8550962494852
Smart-096-2494853,Mobile,+8550962494853
Smart-096-2494854,Mobile,+8550962494854
Smart-096-2494855,Mobile,+8550962494855
Smart-096-2494856,Mobile,+8550962494856
Smart-096-2494857,Mobile,+8550962494857
Smart-096-2494858,Mobile,+8550962494858
Smart-096-2494859,Mobile,+8550962494859
Smart-096-2494860,Mobile,+8550962494860
Smart-096-2494861,Mobile,+8550962494861
Smart-096-2494862,Mobile,+8550962494862
Smart-096-2494863,Mobile,+8550962494863
Smart-096-2494864,Mobile,+8550962494864
Smart-096-2494865,Mobile,+8550962494865
Smart-096-2494866,Mobile,+8550962494866
Smart-096-2494867,Mobile,+8550962494867
Smart-096-2494868,Mobile,+8550962494868
Smart-096-2494869,Mobile,+8550962494869
Smart-096-2494870,Mobile,+8550962494870
Smart-096-2494871,Mobile,+8550962494871
Smart-096-2494872,Mobile,+8550962494872
Smart-096-2494873,Mobile,+8550962494873
Smart-096-2494874,Mobile,+8550962494874
Smart-096-2494875,Mobile,+8550962494875
Smart-096-2494876,Mobile,+8550962494876
Smart-096-2494877,Mobile,+8550962494877
Smart-096-2494878,Mobile,+8550962494878
Smart-096-2494879,Mobile,+8550962494879
Smart-096-2494880,Mobile,+8550962494880
Smart-096-2494881,Mobile,+8550962494881
Smart-096-2494882,Mobile,+8550962494882
Smart-096-2494883,Mobile,+8550962494883
Smart-096-2494884,Mobile,+8550962494884
Smart-096-2494885,Mobile,+8550962494885
Smart-096-2494886,Mobile,+8550962494886
Smart-096-2494887,Mobile,+8550962494887
Smart-096-2494888,Mobile,+8550962494888
Smart-096-2494889,Mobile,+8550962494889
Smart-096-2494890,Mobile,+8550962494890
Smart-096-2494891,Mobile,+8550962494891
Smart-096-2494892,Mobile,+8550962494892
Smart-096-2494893,Mobile,+8550962494893
Smart-096-2494894,Mobile,+8550962494894
Smart-096-2494895,Mobile,+8550962494895
Smart-096-2494896,Mobile,+8550962494896
Smart-096-2494897,Mobile,+8550962494897
Smart-096-2494898,Mobile,+8550962494898
Smart-096-2494899,Mobile,+8550962494899
Smart-096-2494900,Mobile,+8550962494900
Smart-096-2494901,Mobile,+8550962494901
Smart-096-2494902,Mobile,+8550962494902
Smart-096-2494903,Mobile,+8550962494903
Smart-096-2494904,Mobile,+8550962494904
Smart-096-2494905,Mobile,+8550962494905
Smart-096-2494906,Mobile,+8550962494906
Smart-096-2494907,Mobile,+8550962494907
Smart-096-2494908,Mobile,+8550962494908
Smart-096-2494909,Mobile,+8550962494909
Smart-096-2494910,Mobile,+8550962494910
Smart-096-2494911,Mobile,+8550962494911
Smart-096-2494912,Mobile,+8550962494912
Smart-096-2494913,Mobile,+8550962494913
Smart-096-2494914,Mobile,+8550962494914
Smart-096-2494915,Mobile,+8550962494915
Smart-096-2494916,Mobile,+8550962494916
Smart-096-2494917,Mobile,+8550962494917
Smart-096-2494918,Mobile,+8550962494918
Smart-096-2494919,Mobile,+8550962494919
Smart-096-2494920,Mobile,+8550962494920
Smart-096-2494921,Mobile,+8550962494921
Smart-096-2494922,Mobile,+8550962494922
Smart-096-2494923,Mobile,+8550962494923
Smart-096-2494924,Mobile,+8550962494924
Smart-096-2494925,Mobile,+8550962494925
Smart-096-2494926,Mobile,+8550962494926
Smart-096-2494927,Mobile,+8550962494927
Smart-096-2494928,Mobile,+8550962494928
Smart-096-2494929,Mobile,+8550962494929
Smart-096-2494930,Mobile,+8550962494930
Smart-096-2494931,Mobile,+8550962494931
Smart-096-2494932,Mobile,+8550962494932
Smart-096-2494933,Mobile,+8550962494933
Smart-096-2494934,Mobile,+8550962494934
Smart-096-2494935,Mobile,+8550962494935
Smart-096-2494936,Mobile,+8550962494936
Smart-096-2494937,Mobile,+8550962494937
Smart-096-2494938,Mobile,+8550962494938
Smart-096-2494939,Mobile,+8550962494939
Smart-096-2494940,Mobile,+8550962494940
Smart-096-2494941,Mobile,+8550962494941
Smart-096-2494942,Mobile,+8550962494942
Smart-096-2494943,Mobile,+8550962494943
Smart-096-2494944,Mobile,+8550962494944
Smart-096-2494945,Mobile,+8550962494945
Smart-096-2494946,Mobile,+8550962494946
Smart-096-2494947,Mobile,+8550962494947
Smart-096-2494948,Mobile,+8550962494948
Smart-096-2494949,Mobile,+8550962494949
Smart-096-2494950,Mobile,+8550962494950
Smart-096-2494951,Mobile,+8550962494951
Smart-096-2494952,Mobile,+8550962494952
Smart-096-2494953,Mobile,+8550962494953
Smart-096-2494954,Mobile,+8550962494954
Smart-096-2494955,Mobile,+8550962494955
Smart-096-2494956,Mobile,+8550962494956
Smart-096-2494957,Mobile,+8550962494957
Smart-096-2494958,Mobile,+8550962494958
Smart-096-2494959,Mobile,+8550962494959
Smart-096-2494960,Mobile,+8550962494960
Smart-096-2494961,Mobile,+8550962494961
Smart-096-2494962,Mobile,+8550962494962
Smart-096-2494963,Mobile,+8550962494963
Smart-096-2494964,Mobile,+8550962494964
Smart-096-2494965,Mobile,+8550962494965
Smart-096-2494966,Mobile,+8550962494966
Smart-096-2494967,Mobile,+8550962494967
Smart-096-2494968,Mobile,+8550962494968
Smart-096-2494969,Mobile,+8550962494969
Smart-096-2494970,Mobile,+8550962494970
Smart-096-2494971,Mobile,+8550962494971
Smart-096-2494972,Mobile,+8550962494972
Smart-096-2494973,Mobile,+8550962494973
Smart-096-2494974,Mobile,+8550962494974
Smart-096-2494975,Mobile,+8550962494975
Smart-096-2494976,Mobile,+8550962494976
Smart-096-2494977,Mobile,+8550962494977
Smart-096-2494978,Mobile,+8550962494978
Smart-096-2494979,Mobile,+8550962494979
Smart-096-2494980,Mobile,+8550962494980
Smart-096-2494981,Mobile,+8550962494981
Smart-096-2494982,Mobile,+8550962494982
Smart-096-2494983,Mobile,+8550962494983
Smart-096-2494984,Mobile,+8550962494984
Smart-096-2494985,Mobile,+8550962494985
Smart-096-2494986,Mobile,+8550962494986
Smart-096-2494987,Mobile,+8550962494987
Smart-096-2494988,Mobile,+8550962494988
Smart-096-2494989,Mobile,+8550962494989
Smart-096-2494990,Mobile,+8550962494990
Smart-096-2494991,Mobile,+8550962494991
Smart-096-2494992,Mobile,+8550962494992
Smart-096-2494993,Mobile,+8550962494993
Smart-096-2494994,Mobile,+8550962494994
Smart-096-2494995,Mobile,+8550962494995
Smart-096-2494996,Mobile,+8550962494996
Smart-096-2494997,Mobile,+8550962494997
Smart-096-2494998,Mobile,+8550962494998
Smart-096-2494999,Mobile,+8550962494999
Smart-096-2495000,Mobile,+8550962495000
Smart-096-2495001,Mobile,+8550962495001
Smart-096-2495002,Mobile,+8550962495002
Smart-096-2495003,Mobile,+8550962495003
Smart-096-2495004,Mobile,+8550962495004
Smart-096-2495005,Mobile,+8550962495005
Smart-096-2495006,Mobile,+8550962495006
Smart-096-2495007,Mobile,+8550962495007
Smart-096-2495008,Mobile,+8550962495008
Smart-096-2495009,Mobile,+8550962495009
Smart-096-2495010,Mobile,+8550962495010
Smart-096-2495011,Mobile,+8550962495011
Smart-096-2495012,Mobile,+8550962495012
Smart-096-2495013,Mobile,+8550962495013
Smart-096-2495014,Mobile,+8550962495014
Smart-096-2495015,Mobile,+8550962495015
Smart-096-2495016,Mobile,+8550962495016
Smart-096-2495017,Mobile,+8550962495017
Smart-096-2495018,Mobile,+8550962495018
Smart-096-2495019,Mobile,+8550962495019
Smart-096-2495020,Mobile,+8550962495020
Smart-096-2495021,Mobile,+8550962495021
Smart-096-2495022,Mobile,+8550962495022
Smart-096-2495023,Mobile,+8550962495023
Smart-096-2495024,Mobile,+8550962495024
Smart-096-2495025,Mobile,+8550962495025
Smart-096-2495026,Mobile,+8550962495026
Smart-096-2495027,Mobile,+8550962495027
Smart-096-2495028,Mobile,+8550962495028
Smart-096-2495029,Mobile,+8550962495029
Smart-096-2495030,Mobile,+8550962495030
Smart-096-2495031,Mobile,+8550962495031
Smart-096-2495032,Mobile,+8550962495032
Smart-096-2495033,Mobile,+8550962495033
Smart-096-2495034,Mobile,+8550962495034
Smart-096-2495035,Mobile,+8550962495035
Smart-096-2495036,Mobile,+8550962495036
Smart-096-2495037,Mobile,+8550962495037
Smart-096-2495038,Mobile,+8550962495038
Smart-096-2495039,Mobile,+8550962495039
Smart-096-2495040,Mobile,+8550962495040
Smart-096-2495041,Mobile,+8550962495041
Smart-096-2495042,Mobile,+8550962495042
Smart-096-2495043,Mobile,+8550962495043
Smart-096-2495044,Mobile,+8550962495044
Smart-096-2495045,Mobile,+8550962495045
Smart-096-2495046,Mobile,+8550962495046
Smart-096-2495047,Mobile,+8550962495047
Smart-096-2495048,Mobile,+8550962495048
Smart-096-2495049,Mobile,+8550962495049
Smart-096-2495050,Mobile,+8550962495050
Smart-096-2495051,Mobile,+8550962495051
Smart-096-2495052,Mobile,+8550962495052
Smart-096-2495053,Mobile,+8550962495053
Smart-096-2495054,Mobile,+8550962495054
Smart-096-2495055,Mobile,+8550962495055
Smart-096-2495056,Mobile,+8550962495056
Smart-096-2495057,Mobile,+8550962495057
Smart-096-2495058,Mobile,+8550962495058
Smart-096-2495059,Mobile,+8550962495059
Smart-096-2495060,Mobile,+8550962495060
Smart-096-2495061,Mobile,+8550962495061
Smart-096-2495062,Mobile,+8550962495062
Smart-096-2495063,Mobile,+8550962495063
Smart-096-2495064,Mobile,+8550962495064
Smart-096-2495065,Mobile,+8550962495065
Smart-096-2495066,Mobile,+8550962495066
Smart-096-2495067,Mobile,+8550962495067
Smart-096-2495068,Mobile,+8550962495068
Smart-096-2495069,Mobile,+8550962495069
Smart-096-2495070,Mobile,+8550962495070
Smart-096-2495071,Mobile,+8550962495071
Smart-096-2495072,Mobile,+8550962495072
Smart-096-2495073,Mobile,+8550962495073
Smart-096-2495074,Mobile,+8550962495074
Smart-096-2495075,Mobile,+8550962495075
Smart-096-2495076,Mobile,+8550962495076
Smart-096-2495077,Mobile,+8550962495077
Smart-096-2495078,Mobile,+8550962495078
Smart-096-2495079,Mobile,+8550962495079
Smart-096-2495080,Mobile,+8550962495080
Smart-096-2495081,Mobile,+8550962495081
Smart-096-2495082,Mobile,+8550962495082
Smart-096-2495083,Mobile,+8550962495083
Smart-096-2495084,Mobile,+8550962495084
Smart-096-2495085,Mobile,+8550962495085
Smart-096-2495086,Mobile,+8550962495086
Smart-096-2495087,Mobile,+8550962495087
Smart-096-2495088,Mobile,+8550962495088
Smart-096-2495089,Mobile,+8550962495089
Smart-096-2495090,Mobile,+8550962495090
Smart-096-2495091,Mobile,+8550962495091
Smart-096-2495092,Mobile,+8550962495092
Smart-096-2495093,Mobile,+8550962495093
Smart-096-2495094,Mobile,+8550962495094
Smart-096-2495095,Mobile,+8550962495095
Smart-096-2495096,Mobile,+8550962495096
Smart-096-2495097,Mobile,+8550962495097
Smart-096-2495098,Mobile,+8550962495098
Smart-096-2495099,Mobile,+8550962495099
Smart-096-2495100,Mobile,+8550962495100
Smart-096-2495101,Mobile,+8550962495101
Smart-096-2495102,Mobile,+8550962495102
Smart-096-2495103,Mobile,+8550962495103
Smart-096-2495104,Mobile,+8550962495104
Smart-096-2495105,Mobile,+8550962495105
Smart-096-2495106,Mobile,+8550962495106
Smart-096-2495107,Mobile,+8550962495107
Smart-096-2495108,Mobile,+8550962495108
Smart-096-2495109,Mobile,+8550962495109
Smart-096-2495110,Mobile,+8550962495110
Smart-096-2495111,Mobile,+8550962495111
Smart-096-2495112,Mobile,+8550962495112
Smart-096-2495113,Mobile,+8550962495113
Smart-096-2495114,Mobile,+8550962495114
Smart-096-2495115,Mobile,+8550962495115
Smart-096-2495116,Mobile,+8550962495116
Smart-096-2495117,Mobile,+8550962495117
Smart-096-2495118,Mobile,+8550962495118
Smart-096-2495119,Mobile,+8550962495119
Smart-096-2495120,Mobile,+8550962495120
Smart-096-2495121,Mobile,+8550962495121
Smart-096-2495122,Mobile,+8550962495122
Smart-096-2495123,Mobile,+8550962495123
Smart-096-2495124,Mobile,+8550962495124
Smart-096-2495125,Mobile,+8550962495125
Smart-096-2495126,Mobile,+8550962495126
Smart-096-2495127,Mobile,+8550962495127
Smart-096-2495128,Mobile,+8550962495128
Smart-096-2495129,Mobile,+8550962495129
Smart-096-2495130,Mobile,+8550962495130
Smart-096-2495131,Mobile,+8550962495131
Smart-096-2495132,Mobile,+8550962495132
Smart-096-2495133,Mobile,+8550962495133
Smart-096-2495134,Mobile,+8550962495134
Smart-096-2495135,Mobile,+8550962495135
Smart-096-2495136,Mobile,+8550962495136
Smart-096-2495137,Mobile,+8550962495137
Smart-096-2495138,Mobile,+8550962495138
Smart-096-2495139,Mobile,+8550962495139
Smart-096-2495140,Mobile,+8550962495140
Smart-096-2495141,Mobile,+8550962495141
Smart-096-2495142,Mobile,+8550962495142
Smart-096-2495143,Mobile,+8550962495143
Smart-096-2495144,Mobile,+8550962495144
Smart-096-2495145,Mobile,+8550962495145
Smart-096-2495146,Mobile,+8550962495146
Smart-096-2495147,Mobile,+8550962495147
Smart-096-2495148,Mobile,+8550962495148
Smart-096-2495149,Mobile,+8550962495149
Smart-096-2495150,Mobile,+8550962495150
Smart-096-2495151,Mobile,+8550962495151
Smart-096-2495152,Mobile,+8550962495152
Smart-096-2495153,Mobile,+8550962495153
Smart-096-2495154,Mobile,+8550962495154
Smart-096-2495155,Mobile,+8550962495155
Smart-096-2495156,Mobile,+8550962495156
Smart-096-2495157,Mobile,+8550962495157
Smart-096-2495158,Mobile,+8550962495158
Smart-096-2495159,Mobile,+8550962495159
Smart-096-2495160,Mobile,+8550962495160
Smart-096-2495161,Mobile,+8550962495161
Smart-096-2495162,Mobile,+8550962495162
Smart-096-2495163,Mobile,+8550962495163
Smart-096-2495164,Mobile,+8550962495164
Smart-096-2495165,Mobile,+8550962495165
Smart-096-2495166,Mobile,+8550962495166
Smart-096-2495167,Mobile,+8550962495167
Smart-096-2495168,Mobile,+8550962495168
Smart-096-2495169,Mobile,+8550962495169
Smart-096-2495170,Mobile,+8550962495170
Smart-096-2495171,Mobile,+8550962495171
Smart-096-2495172,Mobile,+8550962495172
Smart-096-2495173,Mobile,+8550962495173
Smart-096-2495174,Mobile,+8550962495174
Smart-096-2495175,Mobile,+8550962495175
Smart-096-2495176,Mobile,+8550962495176
Smart-096-2495177,Mobile,+8550962495177
Smart-096-2495178,Mobile,+8550962495178
Smart-096-2495179,Mobile,+8550962495179
Smart-096-2495180,Mobile,+8550962495180
Smart-096-2495181,Mobile,+8550962495181
Smart-096-2495182,Mobile,+8550962495182
Smart-096-2495183,Mobile,+8550962495183
Smart-096-2495184,Mobile,+8550962495184
Smart-096-2495185,Mobile,+8550962495185
Smart-096-2495186,Mobile,+8550962495186
Smart-096-2495187,Mobile,+8550962495187
Smart-096-2495188,Mobile,+8550962495188
Smart-096-2495189,Mobile,+8550962495189
Smart-096-2495190,Mobile,+8550962495190
Smart-096-2495191,Mobile,+8550962495191
Smart-096-2495192,Mobile,+8550962495192
Smart-096-2495193,Mobile,+8550962495193
Smart-096-2495194,Mobile,+8550962495194
Smart-096-2495195,Mobile,+8550962495195
Smart-096-2495196,Mobile,+8550962495196
Smart-096-2495197,Mobile,+8550962495197
Smart-096-2495198,Mobile,+8550962495198
Smart-096-2495199,Mobile,+8550962495199
Smart-096-2495200,Mobile,+8550962495200
Smart-096-2495201,Mobile,+8550962495201
Smart-096-2495202,Mobile,+8550962495202
Smart-096-2495203,Mobile,+8550962495203
Smart-096-2495204,Mobile,+8550962495204
Smart-096-2495205,Mobile,+8550962495205
Smart-096-2495206,Mobile,+8550962495206
Smart-096-2495207,Mobile,+8550962495207
Smart-096-2495208,Mobile,+8550962495208
Smart-096-2495209,Mobile,+8550962495209
Smart-096-2495210,Mobile,+8550962495210
Smart-096-2495211,Mobile,+8550962495211
Smart-096-2495212,Mobile,+8550962495212
Smart-096-2495213,Mobile,+8550962495213
Smart-096-2495214,Mobile,+8550962495214
Smart-096-2495215,Mobile,+8550962495215
Smart-096-2495216,Mobile,+8550962495216
Smart-096-2495217,Mobile,+8550962495217
Smart-096-2495218,Mobile,+8550962495218
Smart-096-2495219,Mobile,+8550962495219
Smart-096-2495220,Mobile,+8550962495220
Smart-096-2495221,Mobile,+8550962495221
Smart-096-2495222,Mobile,+8550962495222
Smart-096-2495223,Mobile,+8550962495223
Smart-096-2495224,Mobile,+8550962495224
Smart-096-2495225,Mobile,+8550962495225
Smart-096-2495226,Mobile,+8550962495226
Smart-096-2495227,Mobile,+8550962495227
Smart-096-2495228,Mobile,+8550962495228
Smart-096-2495229,Mobile,+8550962495229
Smart-096-2495230,Mobile,+8550962495230
Smart-096-2495231,Mobile,+8550962495231
Smart-096-2495232,Mobile,+8550962495232
Smart-096-2495233,Mobile,+8550962495233
Smart-096-2495234,Mobile,+8550962495234
Smart-096-2495235,Mobile,+8550962495235
Smart-096-2495236,Mobile,+8550962495236
Smart-096-2495237,Mobile,+8550962495237
Smart-096-2495238,Mobile,+8550962495238
Smart-096-2495239,Mobile,+8550962495239
Smart-096-2495240,Mobile,+8550962495240
Smart-096-2495241,Mobile,+8550962495241
Smart-096-2495242,Mobile,+8550962495242
Smart-096-2495243,Mobile,+8550962495243
Smart-096-2495244,Mobile,+8550962495244
Smart-096-2495245,Mobile,+8550962495245
Smart-096-2495246,Mobile,+8550962495246
Smart-096-2495247,Mobile,+8550962495247
Smart-096-2495248,Mobile,+8550962495248
Smart-096-2495249,Mobile,+8550962495249
Smart-096-2495250,Mobile,+8550962495250
Smart-096-2495251,Mobile,+8550962495251
Smart-096-2495252,Mobile,+8550962495252
Smart-096-2495253,Mobile,+8550962495253
Smart-096-2495254,Mobile,+8550962495254
Smart-096-2495255,Mobile,+8550962495255
Smart-096-2495256,Mobile,+8550962495256
Smart-096-2495257,Mobile,+8550962495257
Smart-096-2495258,Mobile,+8550962495258
Smart-096-2495259,Mobile,+8550962495259
Smart-096-2495260,Mobile,+8550962495260
Smart-096-2495261,Mobile,+8550962495261
Smart-096-2495262,Mobile,+8550962495262
Smart-096-2495263,Mobile,+8550962495263
Smart-096-2495264,Mobile,+8550962495264
Smart-096-2495265,Mobile,+8550962495265
Smart-096-2495266,Mobile,+8550962495266
Smart-096-2495267,Mobile,+8550962495267
Smart-096-2495268,Mobile,+8550962495268
Smart-096-2495269,Mobile,+8550962495269
Smart-096-2495270,Mobile,+8550962495270
Smart-096-2495271,Mobile,+8550962495271
Smart-096-2495272,Mobile,+8550962495272
Smart-096-2495273,Mobile,+8550962495273
Smart-096-2495274,Mobile,+8550962495274
Smart-096-2495275,Mobile,+8550962495275
Smart-096-2495276,Mobile,+8550962495276
Smart-096-2495277,Mobile,+8550962495277
Smart-096-2495278,Mobile,+8550962495278
Smart-096-2495279,Mobile,+8550962495279
Smart-096-2495280,Mobile,+8550962495280
Smart-096-2495281,Mobile,+8550962495281
Smart-096-2495282,Mobile,+8550962495282
Smart-096-2495283,Mobile,+8550962495283
Smart-096-2495284,Mobile,+8550962495284
Smart-096-2495285,Mobile,+8550962495285
Smart-096-2495286,Mobile,+8550962495286
Smart-096-2495287,Mobile,+8550962495287
Smart-096-2495288,Mobile,+8550962495288
Smart-096-2495289,Mobile,+8550962495289
Smart-096-2495290,Mobile,+8550962495290
Smart-096-2495291,Mobile,+8550962495291
Smart-096-2495292,Mobile,+8550962495292
Smart-096-2495293,Mobile,+8550962495293
Smart-096-2495294,Mobile,+8550962495294
Smart-096-2495295,Mobile,+8550962495295
Smart-096-2495296,Mobile,+8550962495296
Smart-096-2495297,Mobile,+8550962495297
Smart-096-2495298,Mobile,+8550962495298
Smart-096-2495299,Mobile,+8550962495299
Smart-096-2495300,Mobile,+8550962495300
Smart-096-2495301,Mobile,+8550962495301
Smart-096-2495302,Mobile,+8550962495302
Smart-096-2495303,Mobile,+8550962495303
Smart-096-2495304,Mobile,+8550962495304
Smart-096-2495305,Mobile,+8550962495305
Smart-096-2495306,Mobile,+8550962495306
Smart-096-2495307,Mobile,+8550962495307
Smart-096-2495308,Mobile,+8550962495308
Smart-096-2495309,Mobile,+8550962495309
Smart-096-2495310,Mobile,+8550962495310
Smart-096-2495311,Mobile,+8550962495311
Smart-096-2495312,Mobile,+8550962495312
Smart-096-2495313,Mobile,+8550962495313
Smart-096-2495314,Mobile,+8550962495314
Smart-096-2495315,Mobile,+8550962495315
Smart-096-2495316,Mobile,+8550962495316
Smart-096-2495317,Mobile,+8550962495317
Smart-096-2495318,Mobile,+8550962495318
Smart-096-2495319,Mobile,+8550962495319
Smart-096-2495320,Mobile,+8550962495320
Smart-096-2495321,Mobile,+8550962495321
Smart-096-2495322,Mobile,+8550962495322
Smart-096-2495323,Mobile,+8550962495323
Smart-096-2495324,Mobile,+8550962495324
Smart-096-2495325,Mobile,+8550962495325
Smart-096-2495326,Mobile,+8550962495326
Smart-096-2495327,Mobile,+8550962495327
Smart-096-2495328,Mobile,+8550962495328
Smart-096-2495329,Mobile,+8550962495329
Smart-096-2495330,Mobile,+8550962495330
Smart-096-2495331,Mobile,+8550962495331
Smart-096-2495332,Mobile,+8550962495332
Smart-096-2495333,Mobile,+8550962495333
Smart-096-2495334,Mobile,+8550962495334
Smart-096-2495335,Mobile,+8550962495335
Smart-096-2495336,Mobile,+8550962495336
Smart-096-2495337,Mobile,+8550962495337
Smart-096-2495338,Mobile,+8550962495338
Smart-096-2495339,Mobile,+8550962495339
Smart-096-2495340,Mobile,+8550962495340
Smart-096-2495341,Mobile,+8550962495341
Smart-096-2495342,Mobile,+8550962495342
Smart-096-2495343,Mobile,+8550962495343
Smart-096-2495344,Mobile,+8550962495344
Smart-096-2495345,Mobile,+8550962495345
Smart-096-2495346,Mobile,+8550962495346
Smart-096-2495347,Mobile,+8550962495347
Smart-096-2495348,Mobile,+8550962495348
Smart-096-2495349,Mobile,+8550962495349
Smart-096-2495350,Mobile,+8550962495350
Smart-096-2495351,Mobile,+8550962495351
Smart-096-2495352,Mobile,+8550962495352
Smart-096-2495353,Mobile,+8550962495353
Smart-096-2495354,Mobile,+8550962495354
Smart-096-2495355,Mobile,+8550962495355
Smart-096-2495356,Mobile,+8550962495356
Smart-096-2495357,Mobile,+8550962495357
Smart-096-2495358,Mobile,+8550962495358
Smart-096-2495359,Mobile,+8550962495359
Smart-096-2495360,Mobile,+8550962495360
Smart-096-2495361,Mobile,+8550962495361
Smart-096-2495362,Mobile,+8550962495362
Smart-096-2495363,Mobile,+8550962495363
Smart-096-2495364,Mobile,+8550962495364
Smart-096-2495365,Mobile,+8550962495365
Smart-096-2495366,Mobile,+8550962495366
Smart-096-2495367,Mobile,+8550962495367
Smart-096-2495368,Mobile,+8550962495368
Smart-096-2495369,Mobile,+8550962495369
Smart-096-2495370,Mobile,+8550962495370
Smart-096-2495371,Mobile,+8550962495371
Smart-096-2495372,Mobile,+8550962495372
Smart-096-2495373,Mobile,+8550962495373
Smart-096-2495374,Mobile,+8550962495374
Smart-096-2495375,Mobile,+8550962495375
Smart-096-2495376,Mobile,+8550962495376
Smart-096-2495377,Mobile,+8550962495377
Smart-096-2495378,Mobile,+8550962495378
Smart-096-2495379,Mobile,+8550962495379
Smart-096-2495380,Mobile,+8550962495380
Smart-096-2495381,Mobile,+8550962495381
Smart-096-2495382,Mobile,+8550962495382
Smart-096-2495383,Mobile,+8550962495383
Smart-096-2495384,Mobile,+8550962495384
Smart-096-2495385,Mobile,+8550962495385
Smart-096-2495386,Mobile,+8550962495386
Smart-096-2495387,Mobile,+8550962495387
Smart-096-2495388,Mobile,+8550962495388
Smart-096-2495389,Mobile,+8550962495389
Smart-096-2495390,Mobile,+8550962495390
Smart-096-2495391,Mobile,+8550962495391
Smart-096-2495392,Mobile,+8550962495392
Smart-096-2495393,Mobile,+8550962495393
Smart-096-2495394,Mobile,+8550962495394
Smart-096-2495395,Mobile,+8550962495395
Smart-096-2495396,Mobile,+8550962495396
Smart-096-2495397,Mobile,+8550962495397
Smart-096-2495398,Mobile,+8550962495398
Smart-096-2495399,Mobile,+8550962495399
Smart-096-2495400,Mobile,+8550962495400
Smart-096-2495401,Mobile,+8550962495401
Smart-096-2495402,Mobile,+8550962495402
Smart-096-2495403,Mobile,+8550962495403
Smart-096-2495404,Mobile,+8550962495404
Smart-096-2495405,Mobile,+8550962495405
Smart-096-2495406,Mobile,+8550962495406
Smart-096-2495407,Mobile,+8550962495407
Smart-096-2495408,Mobile,+8550962495408
Smart-096-2495409,Mobile,+8550962495409
Smart-096-2495410,Mobile,+8550962495410
Smart-096-2495411,Mobile,+8550962495411
Smart-096-2495412,Mobile,+8550962495412
Smart-096-2495413,Mobile,+8550962495413
Smart-096-2495414,Mobile,+8550962495414
Smart-096-2495415,Mobile,+8550962495415
Smart-096-2495416,Mobile,+8550962495416
Smart-096-2495417,Mobile,+8550962495417
Smart-096-2495418,Mobile,+8550962495418
Smart-096-2495419,Mobile,+8550962495419
Smart-096-2495420,Mobile,+8550962495420
Smart-096-2495421,Mobile,+8550962495421
Smart-096-2495422,Mobile,+8550962495422
Smart-096-2495423,Mobile,+8550962495423
Smart-096-2495424,Mobile,+8550962495424
Smart-096-2495425,Mobile,+8550962495425
Smart-096-2495426,Mobile,+8550962495426
Smart-096-2495427,Mobile,+8550962495427
Smart-096-2495428,Mobile,+8550962495428
Smart-096-2495429,Mobile,+8550962495429
Smart-096-2495430,Mobile,+8550962495430
Smart-096-2495431,Mobile,+8550962495431
Smart-096-2495432,Mobile,+8550962495432
Smart-096-2495433,Mobile,+8550962495433
Smart-096-2495434,Mobile,+8550962495434
Smart-096-2495435,Mobile,+8550962495435
Smart-096-2495436,Mobile,+8550962495436
Smart-096-2495437,Mobile,+8550962495437
Smart-096-2495438,Mobile,+8550962495438
Smart-096-2495439,Mobile,+8550962495439
Smart-096-2495440,Mobile,+8550962495440
Smart-096-2495441,Mobile,+8550962495441
Smart-096-2495442,Mobile,+8550962495442
Smart-096-2495443,Mobile,+8550962495443
Smart-096-2495444,Mobile,+8550962495444
Smart-096-2495445,Mobile,+8550962495445
Smart-096-2495446,Mobile,+8550962495446
Smart-096-2495447,Mobile,+8550962495447
Smart-096-2495448,Mobile,+8550962495448
Smart-096-2495449,Mobile,+8550962495449
Smart-096-2495450,Mobile,+8550962495450
Smart-096-2495451,Mobile,+8550962495451
Smart-096-2495452,Mobile,+8550962495452
Smart-096-2495453,Mobile,+8550962495453
Smart-096-2495454,Mobile,+8550962495454
Smart-096-2495455,Mobile,+8550962495455
Smart-096-2495456,Mobile,+8550962495456
Smart-096-2495457,Mobile,+8550962495457
Smart-096-2495458,Mobile,+8550962495458
Smart-096-2495459,Mobile,+8550962495459
Smart-096-2495460,Mobile,+8550962495460
Smart-096-2495461,Mobile,+8550962495461
Smart-096-2495462,Mobile,+8550962495462
Smart-096-2495463,Mobile,+8550962495463
Smart-096-2495464,Mobile,+8550962495464
Smart-096-2495465,Mobile,+8550962495465
Smart-096-2495466,Mobile,+8550962495466
Smart-096-2495467,Mobile,+8550962495467
Smart-096-2495468,Mobile,+8550962495468
Smart-096-2495469,Mobile,+8550962495469
Smart-096-2495470,Mobile,+8550962495470
Smart-096-2495471,Mobile,+8550962495471
Smart-096-2495472,Mobile,+8550962495472
Smart-096-2495473,Mobile,+8550962495473
Smart-096-2495474,Mobile,+8550962495474
Smart-096-2495475,Mobile,+8550962495475
Smart-096-2495476,Mobile,+8550962495476
Smart-096-2495477,Mobile,+8550962495477
Smart-096-2495478,Mobile,+8550962495478
Smart-096-2495479,Mobile,+8550962495479
Smart-096-2495480,Mobile,+8550962495480
Smart-096-2495481,Mobile,+8550962495481
Smart-096-2495482,Mobile,+8550962495482
Smart-096-2495483,Mobile,+8550962495483
Smart-096-2495484,Mobile,+8550962495484
Smart-096-2495485,Mobile,+8550962495485
Smart-096-2495486,Mobile,+8550962495486
Smart-096-2495487,Mobile,+8550962495487
Smart-096-2495488,Mobile,+8550962495488
Smart-096-2495489,Mobile,+8550962495489
Smart-096-2495490,Mobile,+8550962495490
Smart-096-2495491,Mobile,+8550962495491
Smart-096-2495492,Mobile,+8550962495492
Smart-096-2495493,Mobile,+8550962495493
Smart-096-2495494,Mobile,+8550962495494
Smart-096-2495495,Mobile,+8550962495495
Smart-096-2495496,Mobile,+8550962495496
Smart-096-2495497,Mobile,+8550962495497
Smart-096-2495498,Mobile,+8550962495498
Smart-096-2495499,Mobile,+8550962495499
Smart-096-2495500,Mobile,+8550962495500
Smart-096-2495501,Mobile,+8550962495501
Smart-096-2495502,Mobile,+8550962495502
Smart-096-2495503,Mobile,+8550962495503
Smart-096-2495504,Mobile,+8550962495504
Smart-096-2495505,Mobile,+8550962495505
Smart-096-2495506,Mobile,+8550962495506
Smart-096-2495507,Mobile,+8550962495507
Smart-096-2495508,Mobile,+8550962495508
Smart-096-2495509,Mobile,+8550962495509
Smart-096-2495510,Mobile,+8550962495510
Smart-096-2495511,Mobile,+8550962495511
Smart-096-2495512,Mobile,+8550962495512
Smart-096-2495513,Mobile,+8550962495513
Smart-096-2495514,Mobile,+8550962495514
Smart-096-2495515,Mobile,+8550962495515
Smart-096-2495516,Mobile,+8550962495516
Smart-096-2495517,Mobile,+8550962495517
Smart-096-2495518,Mobile,+8550962495518
Smart-096-2495519,Mobile,+8550962495519
Smart-096-2495520,Mobile,+8550962495520
Smart-096-2495521,Mobile,+8550962495521
Smart-096-2495522,Mobile,+8550962495522
Smart-096-2495523,Mobile,+8550962495523
Smart-096-2495524,Mobile,+8550962495524
Smart-096-2495525,Mobile,+8550962495525
Smart-096-2495526,Mobile,+8550962495526
Smart-096-2495527,Mobile,+8550962495527
Smart-096-2495528,Mobile,+8550962495528
Smart-096-2495529,Mobile,+8550962495529
Smart-096-2495530,Mobile,+8550962495530
Smart-096-2495531,Mobile,+8550962495531
Smart-096-2495532,Mobile,+8550962495532
Smart-096-2495533,Mobile,+8550962495533
Smart-096-2495534,Mobile,+8550962495534
Smart-096-2495535,Mobile,+8550962495535
Smart-096-2495536,Mobile,+8550962495536
Smart-096-2495537,Mobile,+8550962495537
Smart-096-2495538,Mobile,+8550962495538
Smart-096-2495539,Mobile,+8550962495539
Smart-096-2495540,Mobile,+8550962495540
Smart-096-2495541,Mobile,+8550962495541
Smart-096-2495542,Mobile,+8550962495542
Smart-096-2495543,Mobile,+8550962495543
Smart-096-2495544,Mobile,+8550962495544
Smart-096-2495545,Mobile,+8550962495545
Smart-096-2495546,Mobile,+8550962495546
Smart-096-2495547,Mobile,+8550962495547
Smart-096-2495548,Mobile,+8550962495548
Smart-096-2495549,Mobile,+8550962495549
Smart-096-2495550,Mobile,+8550962495550
Smart-096-2495551,Mobile,+8550962495551
Smart-096-2495552,Mobile,+8550962495552
Smart-096-2495553,Mobile,+8550962495553
Smart-096-2495554,Mobile,+8550962495554
Smart-096-2495555,Mobile,+8550962495555
Smart-096-2495556,Mobile,+8550962495556
Smart-096-2495557,Mobile,+8550962495557
Smart-096-2495558,Mobile,+8550962495558
Smart-096-2495559,Mobile,+8550962495559
Smart-096-2495560,Mobile,+8550962495560
Smart-096-2495561,Mobile,+8550962495561
Smart-096-2495562,Mobile,+8550962495562
Smart-096-2495563,Mobile,+8550962495563
Smart-096-2495564,Mobile,+8550962495564
Smart-096-2495565,Mobile,+8550962495565
Smart-096-2495566,Mobile,+8550962495566
Smart-096-2495567,Mobile,+8550962495567
Smart-096-2495568,Mobile,+8550962495568
Smart-096-2495569,Mobile,+8550962495569
Smart-096-2495570,Mobile,+8550962495570
Smart-096-2495571,Mobile,+8550962495571
Smart-096-2495572,Mobile,+8550962495572
Smart-096-2495573,Mobile,+8550962495573
Smart-096-2495574,Mobile,+8550962495574
Smart-096-2495575,Mobile,+8550962495575
Smart-096-2495576,Mobile,+8550962495576
Smart-096-2495577,Mobile,+8550962495577
Smart-096-2495578,Mobile,+8550962495578
Smart-096-2495579,Mobile,+8550962495579
Smart-096-2495580,Mobile,+8550962495580
Smart-096-2495581,Mobile,+8550962495581
Smart-096-2495582,Mobile,+8550962495582
Smart-096-2495583,Mobile,+8550962495583
Smart-096-2495584,Mobile,+8550962495584
Smart-096-2495585,Mobile,+8550962495585
Smart-096-2495586,Mobile,+8550962495586
Smart-096-2495587,Mobile,+8550962495587
Smart-096-2495588,Mobile,+8550962495588
Smart-096-2495589,Mobile,+8550962495589
Smart-096-2495590,Mobile,+8550962495590
Smart-096-2495591,Mobile,+8550962495591
Smart-096-2495592,Mobile,+8550962495592
Smart-096-2495593,Mobile,+8550962495593
Smart-096-2495594,Mobile,+8550962495594
Smart-096-2495595,Mobile,+8550962495595
Smart-096-2495596,Mobile,+8550962495596
Smart-096-2495597,Mobile,+8550962495597
Smart-096-2495598,Mobile,+8550962495598
Smart-096-2495599,Mobile,+8550962495599
Smart-096-2495600,Mobile,+8550962495600
Smart-096-2495601,Mobile,+8550962495601
Smart-096-2495602,Mobile,+8550962495602
Smart-096-2495603,Mobile,+8550962495603
Smart-096-2495604,Mobile,+8550962495604
Smart-096-2495605,Mobile,+8550962495605
Smart-096-2495606,Mobile,+8550962495606
Smart-096-2495607,Mobile,+8550962495607
Smart-096-2495608,Mobile,+8550962495608
Smart-096-2495609,Mobile,+8550962495609
Smart-096-2495610,Mobile,+8550962495610
Smart-096-2495611,Mobile,+8550962495611
Smart-096-2495612,Mobile,+8550962495612
Smart-096-2495613,Mobile,+8550962495613
Smart-096-2495614,Mobile,+8550962495614
Smart-096-2495615,Mobile,+8550962495615
Smart-096-2495616,Mobile,+8550962495616
Smart-096-2495617,Mobile,+8550962495617
Smart-096-2495618,Mobile,+8550962495618
Smart-096-2495619,Mobile,+8550962495619
Smart-096-2495620,Mobile,+8550962495620
Smart-096-2495621,Mobile,+8550962495621
Smart-096-2495622,Mobile,+8550962495622
Smart-096-2495623,Mobile,+8550962495623
Smart-096-2495624,Mobile,+8550962495624
Smart-096-2495625,Mobile,+8550962495625
Smart-096-2495626,Mobile,+8550962495626
Smart-096-2495627,Mobile,+8550962495627
Smart-096-2495628,Mobile,+8550962495628
Smart-096-2495629,Mobile,+8550962495629
Smart-096-2495630,Mobile,+8550962495630
Smart-096-2495631,Mobile,+8550962495631
Smart-096-2495632,Mobile,+8550962495632
Smart-096-2495633,Mobile,+8550962495633
Smart-096-2495634,Mobile,+8550962495634
Smart-096-2495635,Mobile,+8550962495635
Smart-096-2495636,Mobile,+8550962495636
Smart-096-2495637,Mobile,+8550962495637
Smart-096-2495638,Mobile,+8550962495638
Smart-096-2495639,Mobile,+8550962495639
Smart-096-2495640,Mobile,+8550962495640
Smart-096-2495641,Mobile,+8550962495641
Smart-096-2495642,Mobile,+8550962495642
Smart-096-2495643,Mobile,+8550962495643
Smart-096-2495644,Mobile,+8550962495644
Smart-096-2495645,Mobile,+8550962495645
Smart-096-2495646,Mobile,+8550962495646
Smart-096-2495647,Mobile,+8550962495647
Smart-096-2495648,Mobile,+8550962495648
Smart-096-2495649,Mobile,+8550962495649
Smart-096-2495650,Mobile,+8550962495650
Smart-096-2495651,Mobile,+8550962495651
Smart-096-2495652,Mobile,+8550962495652
Smart-096-2495653,Mobile,+8550962495653
Smart-096-2495654,Mobile,+8550962495654
Smart-096-2495655,Mobile,+8550962495655
Smart-096-2495656,Mobile,+8550962495656
Smart-096-2495657,Mobile,+8550962495657
Smart-096-2495658,Mobile,+8550962495658
Smart-096-2495659,Mobile,+8550962495659
Smart-096-2495660,Mobile,+8550962495660
Smart-096-2495661,Mobile,+8550962495661
Smart-096-2495662,Mobile,+8550962495662
Smart-096-2495663,Mobile,+8550962495663
Smart-096-2495664,Mobile,+8550962495664
Smart-096-2495665,Mobile,+8550962495665
Smart-096-2495666,Mobile,+8550962495666
Smart-096-2495667,Mobile,+8550962495667
Smart-096-2495668,Mobile,+8550962495668
Smart-096-2495669,Mobile,+8550962495669
Smart-096-2495670,Mobile,+8550962495670
Smart-096-2495671,Mobile,+8550962495671
Smart-096-2495672,Mobile,+8550962495672
Smart-096-2495673,Mobile,+8550962495673
Smart-096-2495674,Mobile,+8550962495674
Smart-096-2495675,Mobile,+8550962495675
Smart-096-2495676,Mobile,+8550962495676
Smart-096-2495677,Mobile,+8550962495677
Smart-096-2495678,Mobile,+8550962495678
Smart-096-2495679,Mobile,+8550962495679
Smart-096-2495680,Mobile,+8550962495680
Smart-096-2495681,Mobile,+8550962495681
Smart-096-2495682,Mobile,+8550962495682
Smart-096-2495683,Mobile,+8550962495683
Smart-096-2495684,Mobile,+8550962495684
Smart-096-2495685,Mobile,+8550962495685
Smart-096-2495686,Mobile,+8550962495686
Smart-096-2495687,Mobile,+8550962495687
Smart-096-2495688,Mobile,+8550962495688
Smart-096-2495689,Mobile,+8550962495689
Smart-096-2495690,Mobile,+8550962495690
Smart-096-2495691,Mobile,+8550962495691
Smart-096-2495692,Mobile,+8550962495692
Smart-096-2495693,Mobile,+8550962495693
Smart-096-2495694,Mobile,+8550962495694
Smart-096-2495695,Mobile,+8550962495695
Smart-096-2495696,Mobile,+8550962495696
Smart-096-2495697,Mobile,+8550962495697
Smart-096-2495698,Mobile,+8550962495698
Smart-096-2495699,Mobile,+8550962495699
Smart-096-2495700,Mobile,+8550962495700
Smart-096-2495701,Mobile,+8550962495701
Smart-096-2495702,Mobile,+8550962495702
Smart-096-2495703,Mobile,+8550962495703
Smart-096-2495704,Mobile,+8550962495704
Smart-096-2495705,Mobile,+8550962495705
Smart-096-2495706,Mobile,+8550962495706
Smart-096-2495707,Mobile,+8550962495707
Smart-096-2495708,Mobile,+8550962495708
Smart-096-2495709,Mobile,+8550962495709
Smart-096-2495710,Mobile,+8550962495710
Smart-096-2495711,Mobile,+8550962495711
Smart-096-2495712,Mobile,+8550962495712
Smart-096-2495713,Mobile,+8550962495713
Smart-096-2495714,Mobile,+8550962495714
Smart-096-2495715,Mobile,+8550962495715
Smart-096-2495716,Mobile,+8550962495716
Smart-096-2495717,Mobile,+8550962495717
Smart-096-2495718,Mobile,+8550962495718
Smart-096-2495719,Mobile,+8550962495719
Smart-096-2495720,Mobile,+8550962495720
Smart-096-2495721,Mobile,+8550962495721
Smart-096-2495722,Mobile,+8550962495722
Smart-096-2495723,Mobile,+8550962495723
Smart-096-2495724,Mobile,+8550962495724
Smart-096-2495725,Mobile,+8550962495725
Smart-096-2495726,Mobile,+8550962495726
Smart-096-2495727,Mobile,+8550962495727
Smart-096-2495728,Mobile,+8550962495728
Smart-096-2495729,Mobile,+8550962495729
Smart-096-2495730,Mobile,+8550962495730
Smart-096-2495731,Mobile,+8550962495731
Smart-096-2495732,Mobile,+8550962495732
Smart-096-2495733,Mobile,+8550962495733
Smart-096-2495734,Mobile,+8550962495734
Smart-096-2495735,Mobile,+8550962495735
Smart-096-2495736,Mobile,+8550962495736
Smart-096-2495737,Mobile,+8550962495737
Smart-096-2495738,Mobile,+8550962495738
Smart-096-2495739,Mobile,+8550962495739
Smart-096-2495740,Mobile,+8550962495740
Smart-096-2495741,Mobile,+8550962495741
Smart-096-2495742,Mobile,+8550962495742
Smart-096-2495743,Mobile,+8550962495743
Smart-096-2495744,Mobile,+8550962495744
Smart-096-2495745,Mobile,+8550962495745
Smart-096-2495746,Mobile,+8550962495746
Smart-096-2495747,Mobile,+8550962495747
Smart-096-2495748,Mobile,+8550962495748
Smart-096-2495749,Mobile,+8550962495749
Smart-096-2495750,Mobile,+8550962495750
Smart-096-2495751,Mobile,+8550962495751
Smart-096-2495752,Mobile,+8550962495752
Smart-096-2495753,Mobile,+8550962495753
Smart-096-2495754,Mobile,+8550962495754
Smart-096-2495755,Mobile,+8550962495755
Smart-096-2495756,Mobile,+8550962495756
Smart-096-2495757,Mobile,+8550962495757
Smart-096-2495758,Mobile,+8550962495758
Smart-096-2495759,Mobile,+8550962495759
Smart-096-2495760,Mobile,+8550962495760
Smart-096-2495761,Mobile,+8550962495761
Smart-096-2495762,Mobile,+8550962495762
Smart-096-2495763,Mobile,+8550962495763
Smart-096-2495764,Mobile,+8550962495764
Smart-096-2495765,Mobile,+8550962495765
Smart-096-2495766,Mobile,+8550962495766
Smart-096-2495767,Mobile,+8550962495767
Smart-096-2495768,Mobile,+8550962495768
Smart-096-2495769,Mobile,+8550962495769
Smart-096-2495770,Mobile,+8550962495770
Smart-096-2495771,Mobile,+8550962495771
Smart-096-2495772,Mobile,+8550962495772
Smart-096-2495773,Mobile,+8550962495773
Smart-096-2495774,Mobile,+8550962495774
Smart-096-2495775,Mobile,+8550962495775
Smart-096-2495776,Mobile,+8550962495776
Smart-096-2495777,Mobile,+8550962495777
Smart-096-2495778,Mobile,+8550962495778
Smart-096-2495779,Mobile,+8550962495779
Smart-096-2495780,Mobile,+8550962495780
Smart-096-2495781,Mobile,+8550962495781
Smart-096-2495782,Mobile,+8550962495782
Smart-096-2495783,Mobile,+8550962495783
Smart-096-2495784,Mobile,+8550962495784
Smart-096-2495785,Mobile,+8550962495785
Smart-096-2495786,Mobile,+8550962495786
Smart-096-2495787,Mobile,+8550962495787
Smart-096-2495788,Mobile,+8550962495788
Smart-096-2495789,Mobile,+8550962495789
Smart-096-2495790,Mobile,+8550962495790
Smart-096-2495791,Mobile,+8550962495791
Smart-096-2495792,Mobile,+8550962495792
Smart-096-2495793,Mobile,+8550962495793
Smart-096-2495794,Mobile,+8550962495794
Smart-096-2495795,Mobile,+8550962495795
Smart-096-2495796,Mobile,+8550962495796
Smart-096-2495797,Mobile,+8550962495797
Smart-096-2495798,Mobile,+8550962495798
Smart-096-2495799,Mobile,+8550962495799
Smart-096-2495800,Mobile,+8550962495800
Smart-096-2495801,Mobile,+8550962495801
Smart-096-2495802,Mobile,+8550962495802
Smart-096-2495803,Mobile,+8550962495803
Smart-096-2495804,Mobile,+8550962495804
Smart-096-2495805,Mobile,+8550962495805
Smart-096-2495806,Mobile,+8550962495806
Smart-096-2495807,Mobile,+8550962495807
Smart-096-2495808,Mobile,+8550962495808
Smart-096-2495809,Mobile,+8550962495809
Smart-096-2495810,Mobile,+8550962495810
Smart-096-2495811,Mobile,+8550962495811
Smart-096-2495812,Mobile,+8550962495812
Smart-096-2495813,Mobile,+8550962495813
Smart-096-2495814,Mobile,+8550962495814
Smart-096-2495815,Mobile,+8550962495815
Smart-096-2495816,Mobile,+8550962495816
Smart-096-2495817,Mobile,+8550962495817
Smart-096-2495818,Mobile,+8550962495818
Smart-096-2495819,Mobile,+8550962495819
Smart-096-2495820,Mobile,+8550962495820
Smart-096-2495821,Mobile,+8550962495821
Smart-096-2495822,Mobile,+8550962495822
Smart-096-2495823,Mobile,+8550962495823
Smart-096-2495824,Mobile,+8550962495824
Smart-096-2495825,Mobile,+8550962495825
Smart-096-2495826,Mobile,+8550962495826
Smart-096-2495827,Mobile,+8550962495827
Smart-096-2495828,Mobile,+8550962495828
Smart-096-2495829,Mobile,+8550962495829
Smart-096-2495830,Mobile,+8550962495830
Smart-096-2495831,Mobile,+8550962495831
Smart-096-2495832,Mobile,+8550962495832
Smart-096-2495833,Mobile,+8550962495833
Smart-096-2495834,Mobile,+8550962495834
Smart-096-2495835,Mobile,+8550962495835
Smart-096-2495836,Mobile,+8550962495836
Smart-096-2495837,Mobile,+8550962495837
Smart-096-2495838,Mobile,+8550962495838
Smart-096-2495839,Mobile,+8550962495839
Smart-096-2495840,Mobile,+8550962495840
Smart-096-2495841,Mobile,+8550962495841
Smart-096-2495842,Mobile,+8550962495842
Smart-096-2495843,Mobile,+8550962495843
Smart-096-2495844,Mobile,+8550962495844
Smart-096-2495845,Mobile,+8550962495845
Smart-096-2495846,Mobile,+8550962495846
Smart-096-2495847,Mobile,+8550962495847
Smart-096-2495848,Mobile,+8550962495848
Smart-096-2495849,Mobile,+8550962495849
Smart-096-2495850,Mobile,+8550962495850
Smart-096-2495851,Mobile,+8550962495851
Smart-096-2495852,Mobile,+8550962495852
Smart-096-2495853,Mobile,+8550962495853
Smart-096-2495854,Mobile,+8550962495854
Smart-096-2495855,Mobile,+8550962495855
Smart-096-2495856,Mobile,+8550962495856
Smart-096-2495857,Mobile,+8550962495857
Smart-096-2495858,Mobile,+8550962495858
Smart-096-2495859,Mobile,+8550962495859
Smart-096-2495860,Mobile,+8550962495860
Smart-096-2495861,Mobile,+8550962495861
Smart-096-2495862,Mobile,+8550962495862
Smart-096-2495863,Mobile,+8550962495863
Smart-096-2495864,Mobile,+8550962495864
Smart-096-2495865,Mobile,+8550962495865
Smart-096-2495866,Mobile,+8550962495866
Smart-096-2495867,Mobile,+8550962495867
Smart-096-2495868,Mobile,+8550962495868
Smart-096-2495869,Mobile,+8550962495869
Smart-096-2495870,Mobile,+8550962495870
Smart-096-2495871,Mobile,+8550962495871
Smart-096-2495872,Mobile,+8550962495872
Smart-096-2495873,Mobile,+8550962495873
Smart-096-2495874,Mobile,+8550962495874
Smart-096-2495875,Mobile,+8550962495875
Smart-096-2495876,Mobile,+8550962495876
Smart-096-2495877,Mobile,+8550962495877
Smart-096-2495878,Mobile,+8550962495878
Smart-096-2495879,Mobile,+8550962495879
Smart-096-2495880,Mobile,+8550962495880
Smart-096-2495881,Mobile,+8550962495881
Smart-096-2495882,Mobile,+8550962495882
Smart-096-2495883,Mobile,+8550962495883
Smart-096-2495884,Mobile,+8550962495884
Smart-096-2495885,Mobile,+8550962495885
Smart-096-2495886,Mobile,+8550962495886
Smart-096-2495887,Mobile,+8550962495887
Smart-096-2495888,Mobile,+8550962495888
Smart-096-2495889,Mobile,+8550962495889
Smart-096-2495890,Mobile,+8550962495890
Smart-096-2495891,Mobile,+8550962495891
Smart-096-2495892,Mobile,+8550962495892
Smart-096-2495893,Mobile,+8550962495893
Smart-096-2495894,Mobile,+8550962495894
Smart-096-2495895,Mobile,+8550962495895
Smart-096-2495896,Mobile,+8550962495896
Smart-096-2495897,Mobile,+8550962495897
Smart-096-2495898,Mobile,+8550962495898
Smart-096-2495899,Mobile,+8550962495899
Smart-096-2495900,Mobile,+8550962495900
Smart-096-2495901,Mobile,+8550962495901
Smart-096-2495902,Mobile,+8550962495902
Smart-096-2495903,Mobile,+8550962495903
Smart-096-2495904,Mobile,+8550962495904
Smart-096-2495905,Mobile,+8550962495905
Smart-096-2495906,Mobile,+8550962495906
Smart-096-2495907,Mobile,+8550962495907
Smart-096-2495908,Mobile,+8550962495908
Smart-096-2495909,Mobile,+8550962495909
Smart-096-2495910,Mobile,+8550962495910
Smart-096-2495911,Mobile,+8550962495911
Smart-096-2495912,Mobile,+8550962495912
Smart-096-2495913,Mobile,+8550962495913
Smart-096-2495914,Mobile,+8550962495914
Smart-096-2495915,Mobile,+8550962495915
Smart-096-2495916,Mobile,+8550962495916
Smart-096-2495917,Mobile,+8550962495917
Smart-096-2495918,Mobile,+8550962495918
Smart-096-2495919,Mobile,+8550962495919
Smart-096-2495920,Mobile,+8550962495920
Smart-096-2495921,Mobile,+8550962495921
Smart-096-2495922,Mobile,+8550962495922
Smart-096-2495923,Mobile,+8550962495923
Smart-096-2495924,Mobile,+8550962495924
Smart-096-2495925,Mobile,+8550962495925
Smart-096-2495926,Mobile,+8550962495926
Smart-096-2495927,Mobile,+8550962495927
Smart-096-2495928,Mobile,+8550962495928
Smart-096-2495929,Mobile,+8550962495929
Smart-096-2495930,Mobile,+8550962495930
Smart-096-2495931,Mobile,+8550962495931
Smart-096-2495932,Mobile,+8550962495932
Smart-096-2495933,Mobile,+8550962495933
Smart-096-2495934,Mobile,+8550962495934
Smart-096-2495935,Mobile,+8550962495935
Smart-096-2495936,Mobile,+8550962495936
Smart-096-2495937,Mobile,+8550962495937
Smart-096-2495938,Mobile,+8550962495938
Smart-096-2495939,Mobile,+8550962495939
Smart-096-2495940,Mobile,+8550962495940
Smart-096-2495941,Mobile,+8550962495941
Smart-096-2495942,Mobile,+8550962495942
Smart-096-2495943,Mobile,+8550962495943
Smart-096-2495944,Mobile,+8550962495944
Smart-096-2495945,Mobile,+8550962495945
Smart-096-2495946,Mobile,+8550962495946
Smart-096-2495947,Mobile,+8550962495947
Smart-096-2495948,Mobile,+8550962495948
Smart-096-2495949,Mobile,+8550962495949
Smart-096-2495950,Mobile,+8550962495950
Smart-096-2495951,Mobile,+8550962495951
Smart-096-2495952,Mobile,+8550962495952
Smart-096-2495953,Mobile,+8550962495953
Smart-096-2495954,Mobile,+8550962495954
Smart-096-2495955,Mobile,+8550962495955
Smart-096-2495956,Mobile,+8550962495956
Smart-096-2495957,Mobile,+8550962495957
Smart-096-2495958,Mobile,+8550962495958
Smart-096-2495959,Mobile,+8550962495959
Smart-096-2495960,Mobile,+8550962495960
Smart-096-2495961,Mobile,+8550962495961
Smart-096-2495962,Mobile,+8550962495962
Smart-096-2495963,Mobile,+8550962495963
Smart-096-2495964,Mobile,+8550962495964
Smart-096-2495965,Mobile,+8550962495965
Smart-096-2495966,Mobile,+8550962495966
Smart-096-2495967,Mobile,+8550962495967
Smart-096-2495968,Mobile,+8550962495968
Smart-096-2495969,Mobile,+8550962495969
Smart-096-2495970,Mobile,+8550962495970
Smart-096-2495971,Mobile,+8550962495971
Smart-096-2495972,Mobile,+8550962495972
Smart-096-2495973,Mobile,+8550962495973
Smart-096-2495974,Mobile,+8550962495974
Smart-096-2495975,Mobile,+8550962495975
Smart-096-2495976,Mobile,+8550962495976
Smart-096-2495977,Mobile,+8550962495977
Smart-096-2495978,Mobile,+8550962495978
Smart-096-2495979,Mobile,+8550962495979
Smart-096-2495980,Mobile,+8550962495980
Smart-096-2495981,Mobile,+8550962495981
Smart-096-2495982,Mobile,+8550962495982
Smart-096-2495983,Mobile,+8550962495983
Smart-096-2495984,Mobile,+8550962495984
Smart-096-2495985,Mobile,+8550962495985
Smart-096-2495986,Mobile,+8550962495986
Smart-096-2495987,Mobile,+8550962495987
Smart-096-2495988,Mobile,+8550962495988
Smart-096-2495989,Mobile,+8550962495989
Smart-096-2495990,Mobile,+8550962495990
Smart-096-2495991,Mobile,+8550962495991
Smart-096-2495992,Mobile,+8550962495992
Smart-096-2495993,Mobile,+8550962495993
Smart-096-2495994,Mobile,+8550962495994
Smart-096-2495995,Mobile,+8550962495995
Smart-096-2495996,Mobile,+8550962495996
Smart-096-2495997,Mobile,+8550962495997
Smart-096-2495998,Mobile,+8550962495998
Smart-096-2495999,Mobile,+8550962495999
Smart-096-2496000,Mobile,+8550962496000
Smart-096-2496001,Mobile,+8550962496001
Smart-096-2496002,Mobile,+8550962496002
Smart-096-2496003,Mobile,+8550962496003
Smart-096-2496004,Mobile,+8550962496004
Smart-096-2496005,Mobile,+8550962496005
Smart-096-2496006,Mobile,+8550962496006
Smart-096-2496007,Mobile,+8550962496007
Smart-096-2496008,Mobile,+8550962496008
Smart-096-2496009,Mobile,+8550962496009
Smart-096-2496010,Mobile,+8550962496010
Smart-096-2496011,Mobile,+8550962496011
Smart-096-2496012,Mobile,+8550962496012
Smart-096-2496013,Mobile,+8550962496013
Smart-096-2496014,Mobile,+8550962496014
Smart-096-2496015,Mobile,+8550962496015
Smart-096-2496016,Mobile,+8550962496016
Smart-096-2496017,Mobile,+8550962496017
Smart-096-2496018,Mobile,+8550962496018
Smart-096-2496019,Mobile,+8550962496019
Smart-096-2496020,Mobile,+8550962496020
Smart-096-2496021,Mobile,+8550962496021
Smart-096-2496022,Mobile,+8550962496022
Smart-096-2496023,Mobile,+8550962496023
Smart-096-2496024,Mobile,+8550962496024
Smart-096-2496025,Mobile,+8550962496025
Smart-096-2496026,Mobile,+8550962496026
Smart-096-2496027,Mobile,+8550962496027
Smart-096-2496028,Mobile,+8550962496028
Smart-096-2496029,Mobile,+8550962496029
Smart-096-2496030,Mobile,+8550962496030
Smart-096-2496031,Mobile,+8550962496031
Smart-096-2496032,Mobile,+8550962496032
Smart-096-2496033,Mobile,+8550962496033
Smart-096-2496034,Mobile,+8550962496034
Smart-096-2496035,Mobile,+8550962496035
Smart-096-2496036,Mobile,+8550962496036
Smart-096-2496037,Mobile,+8550962496037
Smart-096-2496038,Mobile,+8550962496038
Smart-096-2496039,Mobile,+8550962496039
Smart-096-2496040,Mobile,+8550962496040
Smart-096-2496041,Mobile,+8550962496041
Smart-096-2496042,Mobile,+8550962496042
Smart-096-2496043,Mobile,+8550962496043
Smart-096-2496044,Mobile,+8550962496044
Smart-096-2496045,Mobile,+8550962496045
Smart-096-2496046,Mobile,+8550962496046
Smart-096-2496047,Mobile,+8550962496047
Smart-096-2496048,Mobile,+8550962496048
Smart-096-2496049,Mobile,+8550962496049
Smart-096-2496050,Mobile,+8550962496050
Smart-096-2496051,Mobile,+8550962496051
Smart-096-2496052,Mobile,+8550962496052
Smart-096-2496053,Mobile,+8550962496053
Smart-096-2496054,Mobile,+8550962496054
Smart-096-2496055,Mobile,+8550962496055
Smart-096-2496056,Mobile,+8550962496056
Smart-096-2496057,Mobile,+8550962496057
Smart-096-2496058,Mobile,+8550962496058
Smart-096-2496059,Mobile,+8550962496059
Smart-096-2496060,Mobile,+8550962496060
Smart-096-2496061,Mobile,+8550962496061
Smart-096-2496062,Mobile,+8550962496062
Smart-096-2496063,Mobile,+8550962496063
Smart-096-2496064,Mobile,+8550962496064
Smart-096-2496065,Mobile,+8550962496065
Smart-096-2496066,Mobile,+8550962496066
Smart-096-2496067,Mobile,+8550962496067
Smart-096-2496068,Mobile,+8550962496068
Smart-096-2496069,Mobile,+8550962496069
Smart-096-2496070,Mobile,+8550962496070
Smart-096-2496071,Mobile,+8550962496071
Smart-096-2496072,Mobile,+8550962496072
Smart-096-2496073,Mobile,+8550962496073
Smart-096-2496074,Mobile,+8550962496074
Smart-096-2496075,Mobile,+8550962496075
Smart-096-2496076,Mobile,+8550962496076
Smart-096-2496077,Mobile,+8550962496077
Smart-096-2496078,Mobile,+8550962496078
Smart-096-2496079,Mobile,+8550962496079
Smart-096-2496080,Mobile,+8550962496080
Smart-096-2496081,Mobile,+8550962496081
Smart-096-2496082,Mobile,+8550962496082
Smart-096-2496083,Mobile,+8550962496083
Smart-096-2496084,Mobile,+8550962496084
Smart-096-2496085,Mobile,+8550962496085
Smart-096-2496086,Mobile,+8550962496086
Smart-096-2496087,Mobile,+8550962496087
Smart-096-2496088,Mobile,+8550962496088
Smart-096-2496089,Mobile,+8550962496089
Smart-096-2496090,Mobile,+8550962496090
Smart-096-2496091,Mobile,+8550962496091
Smart-096-2496092,Mobile,+8550962496092
Smart-096-2496093,Mobile,+8550962496093
Smart-096-2496094,Mobile,+8550962496094
Smart-096-2496095,Mobile,+8550962496095
Smart-096-2496096,Mobile,+8550962496096
Smart-096-2496097,Mobile,+8550962496097
Smart-096-2496098,Mobile,+8550962496098
Smart-096-2496099,Mobile,+8550962496099
Smart-096-2496100,Mobile,+8550962496100
Smart-096-2496101,Mobile,+8550962496101
Smart-096-2496102,Mobile,+8550962496102
Smart-096-2496103,Mobile,+8550962496103
Smart-096-2496104,Mobile,+8550962496104
Smart-096-2496105,Mobile,+8550962496105
Smart-096-2496106,Mobile,+8550962496106
Smart-096-2496107,Mobile,+8550962496107
Smart-096-2496108,Mobile,+8550962496108
Smart-096-2496109,Mobile,+8550962496109
Smart-096-2496110,Mobile,+8550962496110
Smart-096-2496111,Mobile,+8550962496111
Smart-096-2496112,Mobile,+8550962496112
Smart-096-2496113,Mobile,+8550962496113
Smart-096-2496114,Mobile,+8550962496114
Smart-096-2496115,Mobile,+8550962496115
Smart-096-2496116,Mobile,+8550962496116
Smart-096-2496117,Mobile,+8550962496117
Smart-096-2496118,Mobile,+8550962496118
Smart-096-2496119,Mobile,+8550962496119
Smart-096-2496120,Mobile,+8550962496120
Smart-096-2496121,Mobile,+8550962496121
Smart-096-2496122,Mobile,+8550962496122
Smart-096-2496123,Mobile,+8550962496123
Smart-096-2496124,Mobile,+8550962496124
Smart-096-2496125,Mobile,+8550962496125
Smart-096-2496126,Mobile,+8550962496126
Smart-096-2496127,Mobile,+8550962496127
Smart-096-2496128,Mobile,+8550962496128
Smart-096-2496129,Mobile,+8550962496129
Smart-096-2496130,Mobile,+8550962496130
Smart-096-2496131,Mobile,+8550962496131
Smart-096-2496132,Mobile,+8550962496132
Smart-096-2496133,Mobile,+8550962496133
Smart-096-2496134,Mobile,+8550962496134
Smart-096-2496135,Mobile,+8550962496135
Smart-096-2496136,Mobile,+8550962496136
Smart-096-2496137,Mobile,+8550962496137
Smart-096-2496138,Mobile,+8550962496138
Smart-096-2496139,Mobile,+8550962496139
Smart-096-2496140,Mobile,+8550962496140
Smart-096-2496141,Mobile,+8550962496141
Smart-096-2496142,Mobile,+8550962496142
Smart-096-2496143,Mobile,+8550962496143
Smart-096-2496144,Mobile,+8550962496144
Smart-096-2496145,Mobile,+8550962496145
Smart-096-2496146,Mobile,+8550962496146
Smart-096-2496147,Mobile,+8550962496147
Smart-096-2496148,Mobile,+8550962496148
Smart-096-2496149,Mobile,+8550962496149
Smart-096-2496150,Mobile,+8550962496150
Smart-096-2496151,Mobile,+8550962496151
Smart-096-2496152,Mobile,+8550962496152
Smart-096-2496153,Mobile,+8550962496153
Smart-096-2496154,Mobile,+8550962496154
Smart-096-2496155,Mobile,+8550962496155
Smart-096-2496156,Mobile,+8550962496156
Smart-096-2496157,Mobile,+8550962496157
Smart-096-2496158,Mobile,+8550962496158
Smart-096-2496159,Mobile,+8550962496159
Smart-096-2496160,Mobile,+8550962496160
Smart-096-2496161,Mobile,+8550962496161
Smart-096-2496162,Mobile,+8550962496162
Smart-096-2496163,Mobile,+8550962496163
Smart-096-2496164,Mobile,+8550962496164
Smart-096-2496165,Mobile,+8550962496165
Smart-096-2496166,Mobile,+8550962496166
Smart-096-2496167,Mobile,+8550962496167
Smart-096-2496168,Mobile,+8550962496168
Smart-096-2496169,Mobile,+8550962496169
Smart-096-2496170,Mobile,+8550962496170
Smart-096-2496171,Mobile,+8550962496171
Smart-096-2496172,Mobile,+8550962496172
Smart-096-2496173,Mobile,+8550962496173
Smart-096-2496174,Mobile,+8550962496174
Smart-096-2496175,Mobile,+8550962496175
Smart-096-2496176,Mobile,+8550962496176
Smart-096-2496177,Mobile,+8550962496177
Smart-096-2496178,Mobile,+8550962496178
Smart-096-2496179,Mobile,+8550962496179
Smart-096-2496180,Mobile,+8550962496180
Smart-096-2496181,Mobile,+8550962496181
Smart-096-2496182,Mobile,+8550962496182
Smart-096-2496183,Mobile,+8550962496183
Smart-096-2496184,Mobile,+8550962496184
Smart-096-2496185,Mobile,+8550962496185
Smart-096-2496186,Mobile,+8550962496186
Smart-096-2496187,Mobile,+8550962496187
Smart-096-2496188,Mobile,+8550962496188
Smart-096-2496189,Mobile,+8550962496189
Smart-096-2496190,Mobile,+8550962496190
Smart-096-2496191,Mobile,+8550962496191
Smart-096-2496192,Mobile,+8550962496192
Smart-096-2496193,Mobile,+8550962496193
Smart-096-2496194,Mobile,+8550962496194
Smart-096-2496195,Mobile,+8550962496195
Smart-096-2496196,Mobile,+8550962496196
Smart-096-2496197,Mobile,+8550962496197
Smart-096-2496198,Mobile,+8550962496198
Smart-096-2496199,Mobile,+8550962496199
Smart-096-2496200,Mobile,+8550962496200
Smart-096-2496201,Mobile,+8550962496201
Smart-096-2496202,Mobile,+8550962496202
Smart-096-2496203,Mobile,+8550962496203
Smart-096-2496204,Mobile,+8550962496204
Smart-096-2496205,Mobile,+8550962496205
Smart-096-2496206,Mobile,+8550962496206
Smart-096-2496207,Mobile,+8550962496207
Smart-096-2496208,Mobile,+8550962496208
Smart-096-2496209,Mobile,+8550962496209
Smart-096-2496210,Mobile,+8550962496210
Smart-096-2496211,Mobile,+8550962496211
Smart-096-2496212,Mobile,+8550962496212
Smart-096-2496213,Mobile,+8550962496213
Smart-096-2496214,Mobile,+8550962496214
Smart-096-2496215,Mobile,+8550962496215
Smart-096-2496216,Mobile,+8550962496216
Smart-096-2496217,Mobile,+8550962496217
Smart-096-2496218,Mobile,+8550962496218
Smart-096-2496219,Mobile,+8550962496219
Smart-096-2496220,Mobile,+8550962496220
Smart-096-2496221,Mobile,+8550962496221
Smart-096-2496222,Mobile,+8550962496222
Smart-096-2496223,Mobile,+8550962496223
Smart-096-2496224,Mobile,+8550962496224
Smart-096-2496225,Mobile,+8550962496225
Smart-096-2496226,Mobile,+8550962496226
Smart-096-2496227,Mobile,+8550962496227
Smart-096-2496228,Mobile,+8550962496228
Smart-096-2496229,Mobile,+8550962496229
Smart-096-2496230,Mobile,+8550962496230
Smart-096-2496231,Mobile,+8550962496231
Smart-096-2496232,Mobile,+8550962496232
Smart-096-2496233,Mobile,+8550962496233
Smart-096-2496234,Mobile,+8550962496234
Smart-096-2496235,Mobile,+8550962496235
Smart-096-2496236,Mobile,+8550962496236
Smart-096-2496237,Mobile,+8550962496237
Smart-096-2496238,Mobile,+8550962496238
Smart-096-2496239,Mobile,+8550962496239
Smart-096-2496240,Mobile,+8550962496240
Smart-096-2496241,Mobile,+8550962496241
Smart-096-2496242,Mobile,+8550962496242
Smart-096-2496243,Mobile,+8550962496243
Smart-096-2496244,Mobile,+8550962496244
Smart-096-2496245,Mobile,+8550962496245
Smart-096-2496246,Mobile,+8550962496246
Smart-096-2496247,Mobile,+8550962496247
Smart-096-2496248,Mobile,+8550962496248
Smart-096-2496249,Mobile,+8550962496249
Smart-096-2496250,Mobile,+8550962496250
Smart-096-2496251,Mobile,+8550962496251
Smart-096-2496252,Mobile,+8550962496252
Smart-096-2496253,Mobile,+8550962496253
Smart-096-2496254,Mobile,+8550962496254
Smart-096-2496255,Mobile,+8550962496255
Smart-096-2496256,Mobile,+8550962496256
Smart-096-2496257,Mobile,+8550962496257
Smart-096-2496258,Mobile,+8550962496258
Smart-096-2496259,Mobile,+8550962496259
Smart-096-2496260,Mobile,+8550962496260
Smart-096-2496261,Mobile,+8550962496261
Smart-096-2496262,Mobile,+8550962496262
Smart-096-2496263,Mobile,+8550962496263
Smart-096-2496264,Mobile,+8550962496264
Smart-096-2496265,Mobile,+8550962496265
Smart-096-2496266,Mobile,+8550962496266
Smart-096-2496267,Mobile,+8550962496267
Smart-096-2496268,Mobile,+8550962496268
Smart-096-2496269,Mobile,+8550962496269
Smart-096-2496270,Mobile,+8550962496270
Smart-096-2496271,Mobile,+8550962496271
Smart-096-2496272,Mobile,+8550962496272
Smart-096-2496273,Mobile,+8550962496273
Smart-096-2496274,Mobile,+8550962496274
Smart-096-2496275,Mobile,+8550962496275
Smart-096-2496276,Mobile,+8550962496276
Smart-096-2496277,Mobile,+8550962496277
Smart-096-2496278,Mobile,+8550962496278
Smart-096-2496279,Mobile,+8550962496279
Smart-096-2496280,Mobile,+8550962496280
Smart-096-2496281,Mobile,+8550962496281
Smart-096-2496282,Mobile,+8550962496282
Smart-096-2496283,Mobile,+8550962496283
Smart-096-2496284,Mobile,+8550962496284
Smart-096-2496285,Mobile,+8550962496285
Smart-096-2496286,Mobile,+8550962496286
Smart-096-2496287,Mobile,+8550962496287
Smart-096-2496288,Mobile,+8550962496288
Smart-096-2496289,Mobile,+8550962496289
Smart-096-2496290,Mobile,+8550962496290
Smart-096-2496291,Mobile,+8550962496291
Smart-096-2496292,Mobile,+8550962496292
Smart-096-2496293,Mobile,+8550962496293
Smart-096-2496294,Mobile,+8550962496294
Smart-096-2496295,Mobile,+8550962496295
Smart-096-2496296,Mobile,+8550962496296
Smart-096-2496297,Mobile,+8550962496297
Smart-096-2496298,Mobile,+8550962496298
Smart-096-2496299,Mobile,+8550962496299
Smart-096-2496300,Mobile,+8550962496300
Smart-096-2496301,Mobile,+8550962496301
Smart-096-2496302,Mobile,+8550962496302
Smart-096-2496303,Mobile,+8550962496303
Smart-096-2496304,Mobile,+8550962496304
Smart-096-2496305,Mobile,+8550962496305
Smart-096-2496306,Mobile,+8550962496306
Smart-096-2496307,Mobile,+8550962496307
Smart-096-2496308,Mobile,+8550962496308
Smart-096-2496309,Mobile,+8550962496309
Smart-096-2496310,Mobile,+8550962496310
Smart-096-2496311,Mobile,+8550962496311
Smart-096-2496312,Mobile,+8550962496312
Smart-096-2496313,Mobile,+8550962496313
Smart-096-2496314,Mobile,+8550962496314
Smart-096-2496315,Mobile,+8550962496315
Smart-096-2496316,Mobile,+8550962496316
Smart-096-2496317,Mobile,+8550962496317
Smart-096-2496318,Mobile,+8550962496318
Smart-096-2496319,Mobile,+8550962496319
Smart-096-2496320,Mobile,+8550962496320
Smart-096-2496321,Mobile,+8550962496321
Smart-096-2496322,Mobile,+8550962496322
Smart-096-2496323,Mobile,+8550962496323
Smart-096-2496324,Mobile,+8550962496324
Smart-096-2496325,Mobile,+8550962496325
Smart-096-2496326,Mobile,+8550962496326
Smart-096-2496327,Mobile,+8550962496327
Smart-096-2496328,Mobile,+8550962496328
Smart-096-2496329,Mobile,+8550962496329
Smart-096-2496330,Mobile,+8550962496330
Smart-096-2496331,Mobile,+8550962496331
Smart-096-2496332,Mobile,+8550962496332
Smart-096-2496333,Mobile,+8550962496333
Smart-096-2496334,Mobile,+8550962496334
Smart-096-2496335,Mobile,+8550962496335
Smart-096-2496336,Mobile,+8550962496336
Smart-096-2496337,Mobile,+8550962496337
Smart-096-2496338,Mobile,+8550962496338
Smart-096-2496339,Mobile,+8550962496339
Smart-096-2496340,Mobile,+8550962496340
Smart-096-2496341,Mobile,+8550962496341
Smart-096-2496342,Mobile,+8550962496342
Smart-096-2496343,Mobile,+8550962496343
Smart-096-2496344,Mobile,+8550962496344
Smart-096-2496345,Mobile,+8550962496345
Smart-096-2496346,Mobile,+8550962496346
Smart-096-2496347,Mobile,+8550962496347
Smart-096-2496348,Mobile,+8550962496348
Smart-096-2496349,Mobile,+8550962496349
Smart-096-2496350,Mobile,+8550962496350
Smart-096-2496351,Mobile,+8550962496351
Smart-096-2496352,Mobile,+8550962496352
Smart-096-2496353,Mobile,+8550962496353
Smart-096-2496354,Mobile,+8550962496354
Smart-096-2496355,Mobile,+8550962496355
Smart-096-2496356,Mobile,+8550962496356
Smart-096-2496357,Mobile,+8550962496357
Smart-096-2496358,Mobile,+8550962496358
Smart-096-2496359,Mobile,+8550962496359
Smart-096-2496360,Mobile,+8550962496360
Smart-096-2496361,Mobile,+8550962496361
Smart-096-2496362,Mobile,+8550962496362
Smart-096-2496363,Mobile,+8550962496363
Smart-096-2496364,Mobile,+8550962496364
Smart-096-2496365,Mobile,+8550962496365
Smart-096-2496366,Mobile,+8550962496366
Smart-096-2496367,Mobile,+8550962496367
Smart-096-2496368,Mobile,+8550962496368
Smart-096-2496369,Mobile,+8550962496369
Smart-096-2496370,Mobile,+8550962496370
Smart-096-2496371,Mobile,+8550962496371
Smart-096-2496372,Mobile,+8550962496372
Smart-096-2496373,Mobile,+8550962496373
Smart-096-2496374,Mobile,+8550962496374
Smart-096-2496375,Mobile,+8550962496375
Smart-096-2496376,Mobile,+8550962496376
Smart-096-2496377,Mobile,+8550962496377
Smart-096-2496378,Mobile,+8550962496378
Smart-096-2496379,Mobile,+8550962496379
Smart-096-2496380,Mobile,+8550962496380
Smart-096-2496381,Mobile,+8550962496381
Smart-096-2496382,Mobile,+8550962496382
Smart-096-2496383,Mobile,+8550962496383
Smart-096-2496384,Mobile,+8550962496384
Smart-096-2496385,Mobile,+8550962496385
Smart-096-2496386,Mobile,+8550962496386
Smart-096-2496387,Mobile,+8550962496387
Smart-096-2496388,Mobile,+8550962496388
Smart-096-2496389,Mobile,+8550962496389
Smart-096-2496390,Mobile,+8550962496390
Smart-096-2496391,Mobile,+8550962496391
Smart-096-2496392,Mobile,+8550962496392
Smart-096-2496393,Mobile,+8550962496393
Smart-096-2496394,Mobile,+8550962496394
Smart-096-2496395,Mobile,+8550962496395
Smart-096-2496396,Mobile,+8550962496396
Smart-096-2496397,Mobile,+8550962496397
Smart-096-2496398,Mobile,+8550962496398
Smart-096-2496399,Mobile,+8550962496399
Smart-096-2496400,Mobile,+8550962496400
Smart-096-2496401,Mobile,+8550962496401
Smart-096-2496402,Mobile,+8550962496402
Smart-096-2496403,Mobile,+8550962496403
Smart-096-2496404,Mobile,+8550962496404
Smart-096-2496405,Mobile,+8550962496405
Smart-096-2496406,Mobile,+8550962496406
Smart-096-2496407,Mobile,+8550962496407
Smart-096-2496408,Mobile,+8550962496408
Smart-096-2496409,Mobile,+8550962496409
Smart-096-2496410,Mobile,+8550962496410
Smart-096-2496411,Mobile,+8550962496411
Smart-096-2496412,Mobile,+8550962496412
Smart-096-2496413,Mobile,+8550962496413
Smart-096-2496414,Mobile,+8550962496414
Smart-096-2496415,Mobile,+8550962496415
Smart-096-2496416,Mobile,+8550962496416
Smart-096-2496417,Mobile,+8550962496417
Smart-096-2496418,Mobile,+8550962496418
Smart-096-2496419,Mobile,+8550962496419
Smart-096-2496420,Mobile,+8550962496420
Smart-096-2496421,Mobile,+8550962496421
Smart-096-2496422,Mobile,+8550962496422
Smart-096-2496423,Mobile,+8550962496423
Smart-096-2496424,Mobile,+8550962496424
Smart-096-2496425,Mobile,+8550962496425
Smart-096-2496426,Mobile,+8550962496426
Smart-096-2496427,Mobile,+8550962496427
Smart-096-2496428,Mobile,+8550962496428
Smart-096-2496429,Mobile,+8550962496429
Smart-096-2496430,Mobile,+8550962496430
Smart-096-2496431,Mobile,+8550962496431
Smart-096-2496432,Mobile,+8550962496432
Smart-096-2496433,Mobile,+8550962496433
Smart-096-2496434,Mobile,+8550962496434
Smart-096-2496435,Mobile,+8550962496435
Smart-096-2496436,Mobile,+8550962496436
Smart-096-2496437,Mobile,+8550962496437
Smart-096-2496438,Mobile,+8550962496438
Smart-096-2496439,Mobile,+8550962496439
Smart-096-2496440,Mobile,+8550962496440
Smart-096-2496441,Mobile,+8550962496441
Smart-096-2496442,Mobile,+8550962496442
Smart-096-2496443,Mobile,+8550962496443
Smart-096-2496444,Mobile,+8550962496444
Smart-096-2496445,Mobile,+8550962496445
Smart-096-2496446,Mobile,+8550962496446
Smart-096-2496447,Mobile,+8550962496447
Smart-096-2496448,Mobile,+8550962496448
Smart-096-2496449,Mobile,+8550962496449
Smart-096-2496450,Mobile,+8550962496450
Smart-096-2496451,Mobile,+8550962496451
Smart-096-2496452,Mobile,+8550962496452
Smart-096-2496453,Mobile,+8550962496453
Smart-096-2496454,Mobile,+8550962496454
Smart-096-2496455,Mobile,+8550962496455
Smart-096-2496456,Mobile,+8550962496456
Smart-096-2496457,Mobile,+8550962496457
Smart-096-2496458,Mobile,+8550962496458
Smart-096-2496459,Mobile,+8550962496459
Smart-096-2496460,Mobile,+8550962496460
Smart-096-2496461,Mobile,+8550962496461
Smart-096-2496462,Mobile,+8550962496462
Smart-096-2496463,Mobile,+8550962496463
Smart-096-2496464,Mobile,+8550962496464
Smart-096-2496465,Mobile,+8550962496465
Smart-096-2496466,Mobile,+8550962496466
Smart-096-2496467,Mobile,+8550962496467
Smart-096-2496468,Mobile,+8550962496468
Smart-096-2496469,Mobile,+8550962496469
Smart-096-2496470,Mobile,+8550962496470
Smart-096-2496471,Mobile,+8550962496471
Smart-096-2496472,Mobile,+8550962496472
Smart-096-2496473,Mobile,+8550962496473
Smart-096-2496474,Mobile,+8550962496474
Smart-096-2496475,Mobile,+8550962496475
Smart-096-2496476,Mobile,+8550962496476
Smart-096-2496477,Mobile,+8550962496477
Smart-096-2496478,Mobile,+8550962496478
Smart-096-2496479,Mobile,+8550962496479
Smart-096-2496480,Mobile,+8550962496480
Smart-096-2496481,Mobile,+8550962496481
Smart-096-2496482,Mobile,+8550962496482
Smart-096-2496483,Mobile,+8550962496483
Smart-096-2496484,Mobile,+8550962496484
Smart-096-2496485,Mobile,+8550962496485
Smart-096-2496486,Mobile,+8550962496486
Smart-096-2496487,Mobile,+8550962496487
Smart-096-2496488,Mobile,+8550962496488
Smart-096-2496489,Mobile,+8550962496489
Smart-096-2496490,Mobile,+8550962496490
Smart-096-2496491,Mobile,+8550962496491
Smart-096-2496492,Mobile,+8550962496492
Smart-096-2496493,Mobile,+8550962496493
Smart-096-2496494,Mobile,+8550962496494
Smart-096-2496495,Mobile,+8550962496495
Smart-096-2496496,Mobile,+8550962496496
Smart-096-2496497,Mobile,+8550962496497
Smart-096-2496498,Mobile,+8550962496498
Smart-096-2496499,Mobile,+8550962496499
Smart-096-2496500,Mobile,+8550962496500
Smart-096-2496501,Mobile,+8550962496501
Smart-096-2496502,Mobile,+8550962496502
Smart-096-2496503,Mobile,+8550962496503
Smart-096-2496504,Mobile,+8550962496504
Smart-096-2496505,Mobile,+8550962496505
Smart-096-2496506,Mobile,+8550962496506
Smart-096-2496507,Mobile,+8550962496507
Smart-096-2496508,Mobile,+8550962496508
Smart-096-2496509,Mobile,+8550962496509
Smart-096-2496510,Mobile,+8550962496510
Smart-096-2496511,Mobile,+8550962496511
Smart-096-2496512,Mobile,+8550962496512
Smart-096-2496513,Mobile,+8550962496513
Smart-096-2496514,Mobile,+8550962496514
Smart-096-2496515,Mobile,+8550962496515
Smart-096-2496516,Mobile,+8550962496516
Smart-096-2496517,Mobile,+8550962496517
Smart-096-2496518,Mobile,+8550962496518
Smart-096-2496519,Mobile,+8550962496519
Smart-096-2496520,Mobile,+8550962496520
Smart-096-2496521,Mobile,+8550962496521
Smart-096-2496522,Mobile,+8550962496522
Smart-096-2496523,Mobile,+8550962496523
Smart-096-2496524,Mobile,+8550962496524
Smart-096-2496525,Mobile,+8550962496525
Smart-096-2496526,Mobile,+8550962496526
Smart-096-2496527,Mobile,+8550962496527
Smart-096-2496528,Mobile,+8550962496528
Smart-096-2496529,Mobile,+8550962496529
Smart-096-2496530,Mobile,+8550962496530
Smart-096-2496531,Mobile,+8550962496531
Smart-096-2496532,Mobile,+8550962496532
Smart-096-2496533,Mobile,+8550962496533
Smart-096-2496534,Mobile,+8550962496534
Smart-096-2496535,Mobile,+8550962496535
Smart-096-2496536,Mobile,+8550962496536
Smart-096-2496537,Mobile,+8550962496537
Smart-096-2496538,Mobile,+8550962496538
Smart-096-2496539,Mobile,+8550962496539
Smart-096-2496540,Mobile,+8550962496540
Smart-096-2496541,Mobile,+8550962496541
Smart-096-2496542,Mobile,+8550962496542
Smart-096-2496543,Mobile,+8550962496543
Smart-096-2496544,Mobile,+8550962496544
Smart-096-2496545,Mobile,+8550962496545
Smart-096-2496546,Mobile,+8550962496546
Smart-096-2496547,Mobile,+8550962496547
Smart-096-2496548,Mobile,+8550962496548
Smart-096-2496549,Mobile,+8550962496549
Smart-096-2496550,Mobile,+8550962496550
Smart-096-2496551,Mobile,+8550962496551
Smart-096-2496552,Mobile,+8550962496552
Smart-096-2496553,Mobile,+8550962496553
Smart-096-2496554,Mobile,+8550962496554
Smart-096-2496555,Mobile,+8550962496555
Smart-096-2496556,Mobile,+8550962496556
Smart-096-2496557,Mobile,+8550962496557
Smart-096-2496558,Mobile,+8550962496558
Smart-096-2496559,Mobile,+8550962496559
Smart-096-2496560,Mobile,+8550962496560
Smart-096-2496561,Mobile,+8550962496561
Smart-096-2496562,Mobile,+8550962496562
Smart-096-2496563,Mobile,+8550962496563
Smart-096-2496564,Mobile,+8550962496564
Smart-096-2496565,Mobile,+8550962496565
Smart-096-2496566,Mobile,+8550962496566
Smart-096-2496567,Mobile,+8550962496567
Smart-096-2496568,Mobile,+8550962496568
Smart-096-2496569,Mobile,+8550962496569
Smart-096-2496570,Mobile,+8550962496570
Smart-096-2496571,Mobile,+8550962496571
Smart-096-2496572,Mobile,+8550962496572
Smart-096-2496573,Mobile,+8550962496573
Smart-096-2496574,Mobile,+8550962496574
Smart-096-2496575,Mobile,+8550962496575
Smart-096-2496576,Mobile,+8550962496576
Smart-096-2496577,Mobile,+8550962496577
Smart-096-2496578,Mobile,+8550962496578
Smart-096-2496579,Mobile,+8550962496579
Smart-096-2496580,Mobile,+8550962496580
Smart-096-2496581,Mobile,+8550962496581
Smart-096-2496582,Mobile,+8550962496582
Smart-096-2496583,Mobile,+8550962496583
Smart-096-2496584,Mobile,+8550962496584
Smart-096-2496585,Mobile,+8550962496585
Smart-096-2496586,Mobile,+8550962496586
Smart-096-2496587,Mobile,+8550962496587
Smart-096-2496588,Mobile,+8550962496588
Smart-096-2496589,Mobile,+8550962496589
Smart-096-2496590,Mobile,+8550962496590
Smart-096-2496591,Mobile,+8550962496591
Smart-096-2496592,Mobile,+8550962496592
Smart-096-2496593,Mobile,+8550962496593
Smart-096-2496594,Mobile,+8550962496594
Smart-096-2496595,Mobile,+8550962496595
Smart-096-2496596,Mobile,+8550962496596
Smart-096-2496597,Mobile,+8550962496597
Smart-096-2496598,Mobile,+8550962496598
Smart-096-2496599,Mobile,+8550962496599
Smart-096-2496600,Mobile,+8550962496600
Smart-096-2496601,Mobile,+8550962496601
Smart-096-2496602,Mobile,+8550962496602
Smart-096-2496603,Mobile,+8550962496603
Smart-096-2496604,Mobile,+8550962496604
Smart-096-2496605,Mobile,+8550962496605
Smart-096-2496606,Mobile,+8550962496606
Smart-096-2496607,Mobile,+8550962496607
Smart-096-2496608,Mobile,+8550962496608
Smart-096-2496609,Mobile,+8550962496609
Smart-096-2496610,Mobile,+8550962496610
Smart-096-2496611,Mobile,+8550962496611
Smart-096-2496612,Mobile,+8550962496612
Smart-096-2496613,Mobile,+8550962496613
Smart-096-2496614,Mobile,+8550962496614
Smart-096-2496615,Mobile,+8550962496615
Smart-096-2496616,Mobile,+8550962496616
Smart-096-2496617,Mobile,+8550962496617
Smart-096-2496618,Mobile,+8550962496618
Smart-096-2496619,Mobile,+8550962496619
Smart-096-2496620,Mobile,+8550962496620
Smart-096-2496621,Mobile,+8550962496621
Smart-096-2496622,Mobile,+8550962496622
Smart-096-2496623,Mobile,+8550962496623
Smart-096-2496624,Mobile,+8550962496624
Smart-096-2496625,Mobile,+8550962496625
Smart-096-2496626,Mobile,+8550962496626
Smart-096-2496627,Mobile,+8550962496627
Smart-096-2496628,Mobile,+8550962496628
Smart-096-2496629,Mobile,+8550962496629
Smart-096-2496630,Mobile,+8550962496630
Smart-096-2496631,Mobile,+8550962496631
Smart-096-2496632,Mobile,+8550962496632
Smart-096-2496633,Mobile,+8550962496633
Smart-096-2496634,Mobile,+8550962496634
Smart-096-2496635,Mobile,+8550962496635
Smart-096-2496636,Mobile,+8550962496636
Smart-096-2496637,Mobile,+8550962496637
Smart-096-2496638,Mobile,+8550962496638
Smart-096-2496639,Mobile,+8550962496639
Smart-096-2496640,Mobile,+8550962496640
Smart-096-2496641,Mobile,+8550962496641
Smart-096-2496642,Mobile,+8550962496642
Smart-096-2496643,Mobile,+8550962496643
Smart-096-2496644,Mobile,+8550962496644
Smart-096-2496645,Mobile,+8550962496645
Smart-096-2496646,Mobile,+8550962496646
Smart-096-2496647,Mobile,+8550962496647
Smart-096-2496648,Mobile,+8550962496648
Smart-096-2496649,Mobile,+8550962496649
Smart-096-2496650,Mobile,+8550962496650
Smart-096-2496651,Mobile,+8550962496651
Smart-096-2496652,Mobile,+8550962496652
Smart-096-2496653,Mobile,+8550962496653
Smart-096-2496654,Mobile,+8550962496654
Smart-096-2496655,Mobile,+8550962496655
Smart-096-2496656,Mobile,+8550962496656
Smart-096-2496657,Mobile,+8550962496657
Smart-096-2496658,Mobile,+8550962496658
Smart-096-2496659,Mobile,+8550962496659
Smart-096-2496660,Mobile,+8550962496660
Smart-096-2496661,Mobile,+8550962496661
Smart-096-2496662,Mobile,+8550962496662
Smart-096-2496663,Mobile,+8550962496663
Smart-096-2496664,Mobile,+8550962496664
Smart-096-2496665,Mobile,+8550962496665
Smart-096-2496666,Mobile,+8550962496666
Smart-096-2496667,Mobile,+8550962496667
Smart-096-2496668,Mobile,+8550962496668
Smart-096-2496669,Mobile,+8550962496669
Smart-096-2496670,Mobile,+8550962496670
Smart-096-2496671,Mobile,+8550962496671
Smart-096-2496672,Mobile,+8550962496672
Smart-096-2496673,Mobile,+8550962496673
Smart-096-2496674,Mobile,+8550962496674
Smart-096-2496675,Mobile,+8550962496675
Smart-096-2496676,Mobile,+8550962496676
Smart-096-2496677,Mobile,+8550962496677
Smart-096-2496678,Mobile,+8550962496678
Smart-096-2496679,Mobile,+8550962496679
Smart-096-2496680,Mobile,+8550962496680
Smart-096-2496681,Mobile,+8550962496681
Smart-096-2496682,Mobile,+8550962496682
Smart-096-2496683,Mobile,+8550962496683
Smart-096-2496684,Mobile,+8550962496684
Smart-096-2496685,Mobile,+8550962496685
Smart-096-2496686,Mobile,+8550962496686
Smart-096-2496687,Mobile,+8550962496687
Smart-096-2496688,Mobile,+8550962496688
Smart-096-2496689,Mobile,+8550962496689
Smart-096-2496690,Mobile,+8550962496690
Smart-096-2496691,Mobile,+8550962496691
Smart-096-2496692,Mobile,+8550962496692
Smart-096-2496693,Mobile,+8550962496693
Smart-096-2496694,Mobile,+8550962496694
Smart-096-2496695,Mobile,+8550962496695
Smart-096-2496696,Mobile,+8550962496696
Smart-096-2496697,Mobile,+8550962496697
Smart-096-2496698,Mobile,+8550962496698
Smart-096-2496699,Mobile,+8550962496699
Smart-096-2496700,Mobile,+8550962496700
Smart-096-2496701,Mobile,+8550962496701
Smart-096-2496702,Mobile,+8550962496702
Smart-096-2496703,Mobile,+8550962496703
Smart-096-2496704,Mobile,+8550962496704
Smart-096-2496705,Mobile,+8550962496705
Smart-096-2496706,Mobile,+8550962496706
Smart-096-2496707,Mobile,+8550962496707
Smart-096-2496708,Mobile,+8550962496708
Smart-096-2496709,Mobile,+8550962496709
Smart-096-2496710,Mobile,+8550962496710
Smart-096-2496711,Mobile,+8550962496711
Smart-096-2496712,Mobile,+8550962496712
Smart-096-2496713,Mobile,+8550962496713
Smart-096-2496714,Mobile,+8550962496714
Smart-096-2496715,Mobile,+8550962496715
Smart-096-2496716,Mobile,+8550962496716
Smart-096-2496717,Mobile,+8550962496717
Smart-096-2496718,Mobile,+8550962496718
Smart-096-2496719,Mobile,+8550962496719
Smart-096-2496720,Mobile,+8550962496720
Smart-096-2496721,Mobile,+8550962496721
Smart-096-2496722,Mobile,+8550962496722
Smart-096-2496723,Mobile,+8550962496723
Smart-096-2496724,Mobile,+8550962496724
Smart-096-2496725,Mobile,+8550962496725
Smart-096-2496726,Mobile,+8550962496726
Smart-096-2496727,Mobile,+8550962496727
Smart-096-2496728,Mobile,+8550962496728
Smart-096-2496729,Mobile,+8550962496729
Smart-096-2496730,Mobile,+8550962496730
Smart-096-2496731,Mobile,+8550962496731
Smart-096-2496732,Mobile,+8550962496732
Smart-096-2496733,Mobile,+8550962496733
Smart-096-2496734,Mobile,+8550962496734
Smart-096-2496735,Mobile,+8550962496735
Smart-096-2496736,Mobile,+8550962496736
Smart-096-2496737,Mobile,+8550962496737
Smart-096-2496738,Mobile,+8550962496738
Smart-096-2496739,Mobile,+8550962496739
Smart-096-2496740,Mobile,+8550962496740
Smart-096-2496741,Mobile,+8550962496741
Smart-096-2496742,Mobile,+8550962496742
Smart-096-2496743,Mobile,+8550962496743
Smart-096-2496744,Mobile,+8550962496744
Smart-096-2496745,Mobile,+8550962496745
Smart-096-2496746,Mobile,+8550962496746
Smart-096-2496747,Mobile,+8550962496747
Smart-096-2496748,Mobile,+8550962496748
Smart-096-2496749,Mobile,+8550962496749
Smart-096-2496750,Mobile,+8550962496750
Smart-096-2496751,Mobile,+8550962496751
Smart-096-2496752,Mobile,+8550962496752
Smart-096-2496753,Mobile,+8550962496753
Smart-096-2496754,Mobile,+8550962496754
Smart-096-2496755,Mobile,+8550962496755
Smart-096-2496756,Mobile,+8550962496756
Smart-096-2496757,Mobile,+8550962496757
Smart-096-2496758,Mobile,+8550962496758
Smart-096-2496759,Mobile,+8550962496759
Smart-096-2496760,Mobile,+8550962496760
Smart-096-2496761,Mobile,+8550962496761
Smart-096-2496762,Mobile,+8550962496762
Smart-096-2496763,Mobile,+8550962496763
Smart-096-2496764,Mobile,+8550962496764
Smart-096-2496765,Mobile,+8550962496765
Smart-096-2496766,Mobile,+8550962496766
Smart-096-2496767,Mobile,+8550962496767
Smart-096-2496768,Mobile,+8550962496768
Smart-096-2496769,Mobile,+8550962496769
Smart-096-2496770,Mobile,+8550962496770
Smart-096-2496771,Mobile,+8550962496771
Smart-096-2496772,Mobile,+8550962496772
Smart-096-2496773,Mobile,+8550962496773
Smart-096-2496774,Mobile,+8550962496774
Smart-096-2496775,Mobile,+8550962496775
Smart-096-2496776,Mobile,+8550962496776
Smart-096-2496777,Mobile,+8550962496777
Smart-096-2496778,Mobile,+8550962496778
Smart-096-2496779,Mobile,+8550962496779
Smart-096-2496780,Mobile,+8550962496780
Smart-096-2496781,Mobile,+8550962496781
Smart-096-2496782,Mobile,+8550962496782
Smart-096-2496783,Mobile,+8550962496783
Smart-096-2496784,Mobile,+8550962496784
Smart-096-2496785,Mobile,+8550962496785
Smart-096-2496786,Mobile,+8550962496786
Smart-096-2496787,Mobile,+8550962496787
Smart-096-2496788,Mobile,+8550962496788
Smart-096-2496789,Mobile,+8550962496789
Smart-096-2496790,Mobile,+8550962496790
Smart-096-2496791,Mobile,+8550962496791
Smart-096-2496792,Mobile,+8550962496792
Smart-096-2496793,Mobile,+8550962496793
Smart-096-2496794,Mobile,+8550962496794
Smart-096-2496795,Mobile,+8550962496795
Smart-096-2496796,Mobile,+8550962496796
Smart-096-2496797,Mobile,+8550962496797
Smart-096-2496798,Mobile,+8550962496798
Smart-096-2496799,Mobile,+8550962496799
Smart-096-2496800,Mobile,+8550962496800
Smart-096-2496801,Mobile,+8550962496801
Smart-096-2496802,Mobile,+8550962496802
Smart-096-2496803,Mobile,+8550962496803
Smart-096-2496804,Mobile,+8550962496804
Smart-096-2496805,Mobile,+8550962496805
Smart-096-2496806,Mobile,+8550962496806
Smart-096-2496807,Mobile,+8550962496807
Smart-096-2496808,Mobile,+8550962496808
Smart-096-2496809,Mobile,+8550962496809
Smart-096-2496810,Mobile,+8550962496810
Smart-096-2496811,Mobile,+8550962496811
Smart-096-2496812,Mobile,+8550962496812
Smart-096-2496813,Mobile,+8550962496813
Smart-096-2496814,Mobile,+8550962496814
Smart-096-2496815,Mobile,+8550962496815
Smart-096-2496816,Mobile,+8550962496816
Smart-096-2496817,Mobile,+8550962496817
Smart-096-2496818,Mobile,+8550962496818
Smart-096-2496819,Mobile,+8550962496819
Smart-096-2496820,Mobile,+8550962496820
Smart-096-2496821,Mobile,+8550962496821
Smart-096-2496822,Mobile,+8550962496822
Smart-096-2496823,Mobile,+8550962496823
Smart-096-2496824,Mobile,+8550962496824
Smart-096-2496825,Mobile,+8550962496825
Smart-096-2496826,Mobile,+8550962496826
Smart-096-2496827,Mobile,+8550962496827
Smart-096-2496828,Mobile,+8550962496828
Smart-096-2496829,Mobile,+8550962496829
Smart-096-2496830,Mobile,+8550962496830
Smart-096-2496831,Mobile,+8550962496831
Smart-096-2496832,Mobile,+8550962496832
Smart-096-2496833,Mobile,+8550962496833
Smart-096-2496834,Mobile,+8550962496834
Smart-096-2496835,Mobile,+8550962496835
Smart-096-2496836,Mobile,+8550962496836
Smart-096-2496837,Mobile,+8550962496837
Smart-096-2496838,Mobile,+8550962496838
Smart-096-2496839,Mobile,+8550962496839
Smart-096-2496840,Mobile,+8550962496840
Smart-096-2496841,Mobile,+8550962496841
Smart-096-2496842,Mobile,+8550962496842
Smart-096-2496843,Mobile,+8550962496843
Smart-096-2496844,Mobile,+8550962496844
Smart-096-2496845,Mobile,+8550962496845
Smart-096-2496846,Mobile,+8550962496846
Smart-096-2496847,Mobile,+8550962496847
Smart-096-2496848,Mobile,+8550962496848
Smart-096-2496849,Mobile,+8550962496849
Smart-096-2496850,Mobile,+8550962496850
Smart-096-2496851,Mobile,+8550962496851
Smart-096-2496852,Mobile,+8550962496852
Smart-096-2496853,Mobile,+8550962496853
Smart-096-2496854,Mobile,+8550962496854
Smart-096-2496855,Mobile,+8550962496855
Smart-096-2496856,Mobile,+8550962496856
Smart-096-2496857,Mobile,+8550962496857
Smart-096-2496858,Mobile,+8550962496858
Smart-096-2496859,Mobile,+8550962496859
Smart-096-2496860,Mobile,+8550962496860
Smart-096-2496861,Mobile,+8550962496861
Smart-096-2496862,Mobile,+8550962496862
Smart-096-2496863,Mobile,+8550962496863
Smart-096-2496864,Mobile,+8550962496864
Smart-096-2496865,Mobile,+8550962496865
Smart-096-2496866,Mobile,+8550962496866
Smart-096-2496867,Mobile,+8550962496867
Smart-096-2496868,Mobile,+8550962496868
Smart-096-2496869,Mobile,+8550962496869
Smart-096-2496870,Mobile,+8550962496870
Smart-096-2496871,Mobile,+8550962496871
Smart-096-2496872,Mobile,+8550962496872
Smart-096-2496873,Mobile,+8550962496873
Smart-096-2496874,Mobile,+8550962496874
Smart-096-2496875,Mobile,+8550962496875
Smart-096-2496876,Mobile,+8550962496876
Smart-096-2496877,Mobile,+8550962496877
Smart-096-2496878,Mobile,+8550962496878
Smart-096-2496879,Mobile,+8550962496879
Smart-096-2496880,Mobile,+8550962496880
Smart-096-2496881,Mobile,+8550962496881
Smart-096-2496882,Mobile,+8550962496882
Smart-096-2496883,Mobile,+8550962496883
Smart-096-2496884,Mobile,+8550962496884
Smart-096-2496885,Mobile,+8550962496885
Smart-096-2496886,Mobile,+8550962496886
Smart-096-2496887,Mobile,+8550962496887
Smart-096-2496888,Mobile,+8550962496888
Smart-096-2496889,Mobile,+8550962496889
Smart-096-2496890,Mobile,+8550962496890
Smart-096-2496891,Mobile,+8550962496891
Smart-096-2496892,Mobile,+8550962496892
Smart-096-2496893,Mobile,+8550962496893
Smart-096-2496894,Mobile,+8550962496894
Smart-096-2496895,Mobile,+8550962496895
Smart-096-2496896,Mobile,+8550962496896
Smart-096-2496897,Mobile,+8550962496897
Smart-096-2496898,Mobile,+8550962496898
Smart-096-2496899,Mobile,+8550962496899
Smart-096-2496900,Mobile,+8550962496900
Smart-096-2496901,Mobile,+8550962496901
Smart-096-2496902,Mobile,+8550962496902
Smart-096-2496903,Mobile,+8550962496903
Smart-096-2496904,Mobile,+8550962496904
Smart-096-2496905,Mobile,+8550962496905
Smart-096-2496906,Mobile,+8550962496906
Smart-096-2496907,Mobile,+8550962496907
Smart-096-2496908,Mobile,+8550962496908
Smart-096-2496909,Mobile,+8550962496909
Smart-096-2496910,Mobile,+8550962496910
Smart-096-2496911,Mobile,+8550962496911
Smart-096-2496912,Mobile,+8550962496912
Smart-096-2496913,Mobile,+8550962496913
Smart-096-2496914,Mobile,+8550962496914
Smart-096-2496915,Mobile,+8550962496915
Smart-096-2496916,Mobile,+8550962496916
Smart-096-2496917,Mobile,+8550962496917
Smart-096-2496918,Mobile,+8550962496918
Smart-096-2496919,Mobile,+8550962496919
Smart-096-2496920,Mobile,+8550962496920
Smart-096-2496921,Mobile,+8550962496921
Smart-096-2496922,Mobile,+8550962496922
Smart-096-2496923,Mobile,+8550962496923
Smart-096-2496924,Mobile,+8550962496924
Smart-096-2496925,Mobile,+8550962496925
Smart-096-2496926,Mobile,+8550962496926
Smart-096-2496927,Mobile,+8550962496927
Smart-096-2496928,Mobile,+8550962496928
Smart-096-2496929,Mobile,+8550962496929
Smart-096-2496930,Mobile,+8550962496930
Smart-096-2496931,Mobile,+8550962496931
Smart-096-2496932,Mobile,+8550962496932
Smart-096-2496933,Mobile,+8550962496933
Smart-096-2496934,Mobile,+8550962496934
Smart-096-2496935,Mobile,+8550962496935
Smart-096-2496936,Mobile,+8550962496936
Smart-096-2496937,Mobile,+8550962496937
Smart-096-2496938,Mobile,+8550962496938
Smart-096-2496939,Mobile,+8550962496939
Smart-096-2496940,Mobile,+8550962496940
Smart-096-2496941,Mobile,+8550962496941
Smart-096-2496942,Mobile,+8550962496942
Smart-096-2496943,Mobile,+8550962496943
Smart-096-2496944,Mobile,+8550962496944
Smart-096-2496945,Mobile,+8550962496945
Smart-096-2496946,Mobile,+8550962496946
Smart-096-2496947,Mobile,+8550962496947
Smart-096-2496948,Mobile,+8550962496948
Smart-096-2496949,Mobile,+8550962496949
Smart-096-2496950,Mobile,+8550962496950
Smart-096-2496951,Mobile,+8550962496951
Smart-096-2496952,Mobile,+8550962496952
Smart-096-2496953,Mobile,+8550962496953
Smart-096-2496954,Mobile,+8550962496954
Smart-096-2496955,Mobile,+8550962496955
Smart-096-2496956,Mobile,+8550962496956
Smart-096-2496957,Mobile,+8550962496957
Smart-096-2496958,Mobile,+8550962496958
Smart-096-2496959,Mobile,+8550962496959
Smart-096-2496960,Mobile,+8550962496960
Smart-096-2496961,Mobile,+8550962496961
Smart-096-2496962,Mobile,+8550962496962
Smart-096-2496963,Mobile,+8550962496963
Smart-096-2496964,Mobile,+8550962496964
Smart-096-2496965,Mobile,+8550962496965
Smart-096-2496966,Mobile,+8550962496966
Smart-096-2496967,Mobile,+8550962496967
Smart-096-2496968,Mobile,+8550962496968
Smart-096-2496969,Mobile,+8550962496969
Smart-096-2496970,Mobile,+8550962496970
Smart-096-2496971,Mobile,+8550962496971
Smart-096-2496972,Mobile,+8550962496972
Smart-096-2496973,Mobile,+8550962496973
Smart-096-2496974,Mobile,+8550962496974
Smart-096-2496975,Mobile,+8550962496975
Smart-096-2496976,Mobile,+8550962496976
Smart-096-2496977,Mobile,+8550962496977
Smart-096-2496978,Mobile,+8550962496978
Smart-096-2496979,Mobile,+8550962496979
Smart-096-2496980,Mobile,+8550962496980
Smart-096-2496981,Mobile,+8550962496981
Smart-096-2496982,Mobile,+8550962496982
Smart-096-2496983,Mobile,+8550962496983
Smart-096-2496984,Mobile,+8550962496984
Smart-096-2496985,Mobile,+8550962496985
Smart-096-2496986,Mobile,+8550962496986
Smart-096-2496987,Mobile,+8550962496987
Smart-096-2496988,Mobile,+8550962496988
Smart-096-2496989,Mobile,+8550962496989
Smart-096-2496990,Mobile,+8550962496990
Smart-096-2496991,Mobile,+8550962496991
Smart-096-2496992,Mobile,+8550962496992
Smart-096-2496993,Mobile,+8550962496993
Smart-096-2496994,Mobile,+8550962496994
Smart-096-2496995,Mobile,+8550962496995
Smart-096-2496996,Mobile,+8550962496996
Smart-096-2496997,Mobile,+8550962496997
Smart-096-2496998,Mobile,+8550962496998
Smart-096-2496999,Mobile,+8550962496999
Smart-096-2497000,Mobile,+8550962497000
Smart-096-2497001,Mobile,+8550962497001
Smart-096-2497002,Mobile,+8550962497002
Smart-096-2497003,Mobile,+8550962497003
Smart-096-2497004,Mobile,+8550962497004
Smart-096-2497005,Mobile,+8550962497005
Smart-096-2497006,Mobile,+8550962497006
Smart-096-2497007,Mobile,+8550962497007
Smart-096-2497008,Mobile,+8550962497008
Smart-096-2497009,Mobile,+8550962497009
Smart-096-2497010,Mobile,+8550962497010
Smart-096-2497011,Mobile,+8550962497011
Smart-096-2497012,Mobile,+8550962497012
Smart-096-2497013,Mobile,+8550962497013
Smart-096-2497014,Mobile,+8550962497014
Smart-096-2497015,Mobile,+8550962497015
Smart-096-2497016,Mobile,+8550962497016
Smart-096-2497017,Mobile,+8550962497017
Smart-096-2497018,Mobile,+8550962497018
Smart-096-2497019,Mobile,+8550962497019
Smart-096-2497020,Mobile,+8550962497020
Smart-096-2497021,Mobile,+8550962497021
Smart-096-2497022,Mobile,+8550962497022
Smart-096-2497023,Mobile,+8550962497023
Smart-096-2497024,Mobile,+8550962497024
Smart-096-2497025,Mobile,+8550962497025
Smart-096-2497026,Mobile,+8550962497026
Smart-096-2497027,Mobile,+8550962497027
Smart-096-2497028,Mobile,+8550962497028
Smart-096-2497029,Mobile,+8550962497029
Smart-096-2497030,Mobile,+8550962497030
Smart-096-2497031,Mobile,+8550962497031
Smart-096-2497032,Mobile,+8550962497032
Smart-096-2497033,Mobile,+8550962497033
Smart-096-2497034,Mobile,+8550962497034
Smart-096-2497035,Mobile,+8550962497035
Smart-096-2497036,Mobile,+8550962497036
Smart-096-2497037,Mobile,+8550962497037
Smart-096-2497038,Mobile,+8550962497038
Smart-096-2497039,Mobile,+8550962497039
Smart-096-2497040,Mobile,+8550962497040
Smart-096-2497041,Mobile,+8550962497041
Smart-096-2497042,Mobile,+8550962497042
Smart-096-2497043,Mobile,+8550962497043
Smart-096-2497044,Mobile,+8550962497044
Smart-096-2497045,Mobile,+8550962497045
Smart-096-2497046,Mobile,+8550962497046
Smart-096-2497047,Mobile,+8550962497047
Smart-096-2497048,Mobile,+8550962497048
Smart-096-2497049,Mobile,+8550962497049
Smart-096-2497050,Mobile,+8550962497050
Smart-096-2497051,Mobile,+8550962497051
Smart-096-2497052,Mobile,+8550962497052
Smart-096-2497053,Mobile,+8550962497053
Smart-096-2497054,Mobile,+8550962497054
Smart-096-2497055,Mobile,+8550962497055
Smart-096-2497056,Mobile,+8550962497056
Smart-096-2497057,Mobile,+8550962497057
Smart-096-2497058,Mobile,+8550962497058
Smart-096-2497059,Mobile,+8550962497059
Smart-096-2497060,Mobile,+8550962497060
Smart-096-2497061,Mobile,+8550962497061
Smart-096-2497062,Mobile,+8550962497062
Smart-096-2497063,Mobile,+8550962497063
Smart-096-2497064,Mobile,+8550962497064
Smart-096-2497065,Mobile,+8550962497065
Smart-096-2497066,Mobile,+8550962497066
Smart-096-2497067,Mobile,+8550962497067
Smart-096-2497068,Mobile,+8550962497068
Smart-096-2497069,Mobile,+8550962497069
Smart-096-2497070,Mobile,+8550962497070
Smart-096-2497071,Mobile,+8550962497071
Smart-096-2497072,Mobile,+8550962497072
Smart-096-2497073,Mobile,+8550962497073
Smart-096-2497074,Mobile,+8550962497074
Smart-096-2497075,Mobile,+8550962497075
Smart-096-2497076,Mobile,+8550962497076
Smart-096-2497077,Mobile,+8550962497077
Smart-096-2497078,Mobile,+8550962497078
Smart-096-2497079,Mobile,+8550962497079
Smart-096-2497080,Mobile,+8550962497080
Smart-096-2497081,Mobile,+8550962497081
Smart-096-2497082,Mobile,+8550962497082
Smart-096-2497083,Mobile,+8550962497083
Smart-096-2497084,Mobile,+8550962497084
Smart-096-2497085,Mobile,+8550962497085
Smart-096-2497086,Mobile,+8550962497086
Smart-096-2497087,Mobile,+8550962497087
Smart-096-2497088,Mobile,+8550962497088
Smart-096-2497089,Mobile,+8550962497089
Smart-096-2497090,Mobile,+8550962497090
Smart-096-2497091,Mobile,+8550962497091
Smart-096-2497092,Mobile,+8550962497092
Smart-096-2497093,Mobile,+8550962497093
Smart-096-2497094,Mobile,+8550962497094
Smart-096-2497095,Mobile,+8550962497095
Smart-096-2497096,Mobile,+8550962497096
Smart-096-2497097,Mobile,+8550962497097
Smart-096-2497098,Mobile,+8550962497098
Smart-096-2497099,Mobile,+8550962497099
Smart-096-2497100,Mobile,+8550962497100
Smart-096-2497101,Mobile,+8550962497101
Smart-096-2497102,Mobile,+8550962497102
Smart-096-2497103,Mobile,+8550962497103
Smart-096-2497104,Mobile,+8550962497104
Smart-096-2497105,Mobile,+8550962497105
Smart-096-2497106,Mobile,+8550962497106
Smart-096-2497107,Mobile,+8550962497107
Smart-096-2497108,Mobile,+8550962497108
Smart-096-2497109,Mobile,+8550962497109
Smart-096-2497110,Mobile,+8550962497110
Smart-096-2497111,Mobile,+8550962497111
Smart-096-2497112,Mobile,+8550962497112
Smart-096-2497113,Mobile,+8550962497113
Smart-096-2497114,Mobile,+8550962497114
Smart-096-2497115,Mobile,+8550962497115
Smart-096-2497116,Mobile,+8550962497116
Smart-096-2497117,Mobile,+8550962497117
Smart-096-2497118,Mobile,+8550962497118
Smart-096-2497119,Mobile,+8550962497119
Smart-096-2497120,Mobile,+8550962497120
Smart-096-2497121,Mobile,+8550962497121
Smart-096-2497122,Mobile,+8550962497122
Smart-096-2497123,Mobile,+8550962497123
Smart-096-2497124,Mobile,+8550962497124
Smart-096-2497125,Mobile,+8550962497125
Smart-096-2497126,Mobile,+8550962497126
Smart-096-2497127,Mobile,+8550962497127
Smart-096-2497128,Mobile,+8550962497128
Smart-096-2497129,Mobile,+8550962497129
Smart-096-2497130,Mobile,+8550962497130
Smart-096-2497131,Mobile,+8550962497131
Smart-096-2497132,Mobile,+8550962497132
Smart-096-2497133,Mobile,+8550962497133
Smart-096-2497134,Mobile,+8550962497134
Smart-096-2497135,Mobile,+8550962497135
Smart-096-2497136,Mobile,+8550962497136
Smart-096-2497137,Mobile,+8550962497137
Smart-096-2497138,Mobile,+8550962497138
Smart-096-2497139,Mobile,+8550962497139
Smart-096-2497140,Mobile,+8550962497140
Smart-096-2497141,Mobile,+8550962497141
Smart-096-2497142,Mobile,+8550962497142
Smart-096-2497143,Mobile,+8550962497143
Smart-096-2497144,Mobile,+8550962497144
Smart-096-2497145,Mobile,+8550962497145
Smart-096-2497146,Mobile,+8550962497146
Smart-096-2497147,Mobile,+8550962497147
Smart-096-2497148,Mobile,+8550962497148
Smart-096-2497149,Mobile,+8550962497149
Smart-096-2497150,Mobile,+8550962497150
Smart-096-2497151,Mobile,+8550962497151
Smart-096-2497152,Mobile,+8550962497152
Smart-096-2497153,Mobile,+8550962497153
Smart-096-2497154,Mobile,+8550962497154
Smart-096-2497155,Mobile,+8550962497155
Smart-096-2497156,Mobile,+8550962497156
Smart-096-2497157,Mobile,+8550962497157
Smart-096-2497158,Mobile,+8550962497158
Smart-096-2497159,Mobile,+8550962497159
Smart-096-2497160,Mobile,+8550962497160
Smart-096-2497161,Mobile,+8550962497161
Smart-096-2497162,Mobile,+8550962497162
Smart-096-2497163,Mobile,+8550962497163
Smart-096-2497164,Mobile,+8550962497164
Smart-096-2497165,Mobile,+8550962497165
Smart-096-2497166,Mobile,+8550962497166
Smart-096-2497167,Mobile,+8550962497167
Smart-096-2497168,Mobile,+8550962497168
Smart-096-2497169,Mobile,+8550962497169
Smart-096-2497170,Mobile,+8550962497170
Smart-096-2497171,Mobile,+8550962497171
Smart-096-2497172,Mobile,+8550962497172
Smart-096-2497173,Mobile,+8550962497173
Smart-096-2497174,Mobile,+8550962497174
Smart-096-2497175,Mobile,+8550962497175
Smart-096-2497176,Mobile,+8550962497176
Smart-096-2497177,Mobile,+8550962497177
Smart-096-2497178,Mobile,+8550962497178
Smart-096-2497179,Mobile,+8550962497179
Smart-096-2497180,Mobile,+8550962497180
Smart-096-2497181,Mobile,+8550962497181
Smart-096-2497182,Mobile,+8550962497182
Smart-096-2497183,Mobile,+8550962497183
Smart-096-2497184,Mobile,+8550962497184
Smart-096-2497185,Mobile,+8550962497185
Smart-096-2497186,Mobile,+8550962497186
Smart-096-2497187,Mobile,+8550962497187
Smart-096-2497188,Mobile,+8550962497188
Smart-096-2497189,Mobile,+8550962497189
Smart-096-2497190,Mobile,+8550962497190
Smart-096-2497191,Mobile,+8550962497191
Smart-096-2497192,Mobile,+8550962497192
Smart-096-2497193,Mobile,+8550962497193
Smart-096-2497194,Mobile,+8550962497194
Smart-096-2497195,Mobile,+8550962497195
Smart-096-2497196,Mobile,+8550962497196
Smart-096-2497197,Mobile,+8550962497197
Smart-096-2497198,Mobile,+8550962497198
Smart-096-2497199,Mobile,+8550962497199
Smart-096-2497200,Mobile,+8550962497200
Smart-096-2497201,Mobile,+8550962497201
Smart-096-2497202,Mobile,+8550962497202
Smart-096-2497203,Mobile,+8550962497203
Smart-096-2497204,Mobile,+8550962497204
Smart-096-2497205,Mobile,+8550962497205
Smart-096-2497206,Mobile,+8550962497206
Smart-096-2497207,Mobile,+8550962497207
Smart-096-2497208,Mobile,+8550962497208
Smart-096-2497209,Mobile,+8550962497209
Smart-096-2497210,Mobile,+8550962497210
Smart-096-2497211,Mobile,+8550962497211
Smart-096-2497212,Mobile,+8550962497212
Smart-096-2497213,Mobile,+8550962497213
Smart-096-2497214,Mobile,+8550962497214
Smart-096-2497215,Mobile,+8550962497215
Smart-096-2497216,Mobile,+8550962497216
Smart-096-2497217,Mobile,+8550962497217
Smart-096-2497218,Mobile,+8550962497218
Smart-096-2497219,Mobile,+8550962497219
Smart-096-2497220,Mobile,+8550962497220
Smart-096-2497221,Mobile,+8550962497221
Smart-096-2497222,Mobile,+8550962497222
Smart-096-2497223,Mobile,+8550962497223
Smart-096-2497224,Mobile,+8550962497224
Smart-096-2497225,Mobile,+8550962497225
Smart-096-2497226,Mobile,+8550962497226
Smart-096-2497227,Mobile,+8550962497227
Smart-096-2497228,Mobile,+8550962497228
Smart-096-2497229,Mobile,+8550962497229
Smart-096-2497230,Mobile,+8550962497230
Smart-096-2497231,Mobile,+8550962497231
Smart-096-2497232,Mobile,+8550962497232
Smart-096-2497233,Mobile,+8550962497233
Smart-096-2497234,Mobile,+8550962497234
Smart-096-2497235,Mobile,+8550962497235
Smart-096-2497236,Mobile,+8550962497236
Smart-096-2497237,Mobile,+8550962497237
Smart-096-2497238,Mobile,+8550962497238
Smart-096-2497239,Mobile,+8550962497239
Smart-096-2497240,Mobile,+8550962497240
Smart-096-2497241,Mobile,+8550962497241
Smart-096-2497242,Mobile,+8550962497242
Smart-096-2497243,Mobile,+8550962497243
Smart-096-2497244,Mobile,+8550962497244
Smart-096-2497245,Mobile,+8550962497245
Smart-096-2497246,Mobile,+8550962497246
Smart-096-2497247,Mobile,+8550962497247
Smart-096-2497248,Mobile,+8550962497248
Smart-096-2497249,Mobile,+8550962497249
Smart-096-2497250,Mobile,+8550962497250
Smart-096-2497251,Mobile,+8550962497251
Smart-096-2497252,Mobile,+8550962497252
Smart-096-2497253,Mobile,+8550962497253
Smart-096-2497254,Mobile,+8550962497254
Smart-096-2497255,Mobile,+8550962497255
Smart-096-2497256,Mobile,+8550962497256
Smart-096-2497257,Mobile,+8550962497257
Smart-096-2497258,Mobile,+8550962497258
Smart-096-2497259,Mobile,+8550962497259
Smart-096-2497260,Mobile,+8550962497260
Smart-096-2497261,Mobile,+8550962497261
Smart-096-2497262,Mobile,+8550962497262
Smart-096-2497263,Mobile,+8550962497263
Smart-096-2497264,Mobile,+8550962497264
Smart-096-2497265,Mobile,+8550962497265
Smart-096-2497266,Mobile,+8550962497266
Smart-096-2497267,Mobile,+8550962497267
Smart-096-2497268,Mobile,+8550962497268
Smart-096-2497269,Mobile,+8550962497269
Smart-096-2497270,Mobile,+8550962497270
Smart-096-2497271,Mobile,+8550962497271
Smart-096-2497272,Mobile,+8550962497272
Smart-096-2497273,Mobile,+8550962497273
Smart-096-2497274,Mobile,+8550962497274
Smart-096-2497275,Mobile,+8550962497275
Smart-096-2497276,Mobile,+8550962497276
Smart-096-2497277,Mobile,+8550962497277
Smart-096-2497278,Mobile,+8550962497278
Smart-096-2497279,Mobile,+8550962497279
Smart-096-2497280,Mobile,+8550962497280
Smart-096-2497281,Mobile,+8550962497281
Smart-096-2497282,Mobile,+8550962497282
Smart-096-2497283,Mobile,+8550962497283
Smart-096-2497284,Mobile,+8550962497284
Smart-096-2497285,Mobile,+8550962497285
Smart-096-2497286,Mobile,+8550962497286
Smart-096-2497287,Mobile,+8550962497287
Smart-096-2497288,Mobile,+8550962497288
Smart-096-2497289,Mobile,+8550962497289
Smart-096-2497290,Mobile,+8550962497290
Smart-096-2497291,Mobile,+8550962497291
Smart-096-2497292,Mobile,+8550962497292
Smart-096-2497293,Mobile,+8550962497293
Smart-096-2497294,Mobile,+8550962497294
Smart-096-2497295,Mobile,+8550962497295
Smart-096-2497296,Mobile,+8550962497296
Smart-096-2497297,Mobile,+8550962497297
Smart-096-2497298,Mobile,+8550962497298
Smart-096-2497299,Mobile,+8550962497299
Smart-096-2497300,Mobile,+8550962497300
Smart-096-2497301,Mobile,+8550962497301
Smart-096-2497302,Mobile,+8550962497302
Smart-096-2497303,Mobile,+8550962497303
Smart-096-2497304,Mobile,+8550962497304
Smart-096-2497305,Mobile,+8550962497305
Smart-096-2497306,Mobile,+8550962497306
Smart-096-2497307,Mobile,+8550962497307
Smart-096-2497308,Mobile,+8550962497308
Smart-096-2497309,Mobile,+8550962497309
Smart-096-2497310,Mobile,+8550962497310
Smart-096-2497311,Mobile,+8550962497311
Smart-096-2497312,Mobile,+8550962497312
Smart-096-2497313,Mobile,+8550962497313
Smart-096-2497314,Mobile,+8550962497314
Smart-096-2497315,Mobile,+8550962497315
Smart-096-2497316,Mobile,+8550962497316
Smart-096-2497317,Mobile,+8550962497317
Smart-096-2497318,Mobile,+8550962497318
Smart-096-2497319,Mobile,+8550962497319
Smart-096-2497320,Mobile,+8550962497320
Smart-096-2497321,Mobile,+8550962497321
Smart-096-2497322,Mobile,+8550962497322
Smart-096-2497323,Mobile,+8550962497323
Smart-096-2497324,Mobile,+8550962497324
Smart-096-2497325,Mobile,+8550962497325
Smart-096-2497326,Mobile,+8550962497326
Smart-096-2497327,Mobile,+8550962497327
Smart-096-2497328,Mobile,+8550962497328
Smart-096-2497329,Mobile,+8550962497329
Smart-096-2497330,Mobile,+8550962497330
Smart-096-2497331,Mobile,+8550962497331
Smart-096-2497332,Mobile,+8550962497332
Smart-096-2497333,Mobile,+8550962497333
Smart-096-2497334,Mobile,+8550962497334
Smart-096-2497335,Mobile,+8550962497335
Smart-096-2497336,Mobile,+8550962497336
Smart-096-2497337,Mobile,+8550962497337
Smart-096-2497338,Mobile,+8550962497338
Smart-096-2497339,Mobile,+8550962497339
Smart-096-2497340,Mobile,+8550962497340
Smart-096-2497341,Mobile,+8550962497341
Smart-096-2497342,Mobile,+8550962497342
Smart-096-2497343,Mobile,+8550962497343
Smart-096-2497344,Mobile,+8550962497344
Smart-096-2497345,Mobile,+8550962497345
Smart-096-2497346,Mobile,+8550962497346
Smart-096-2497347,Mobile,+8550962497347
Smart-096-2497348,Mobile,+8550962497348
Smart-096-2497349,Mobile,+8550962497349
Smart-096-2497350,Mobile,+8550962497350
Smart-096-2497351,Mobile,+8550962497351
Smart-096-2497352,Mobile,+8550962497352
Smart-096-2497353,Mobile,+8550962497353
Smart-096-2497354,Mobile,+8550962497354
Smart-096-2497355,Mobile,+8550962497355
Smart-096-2497356,Mobile,+8550962497356
Smart-096-2497357,Mobile,+8550962497357
Smart-096-2497358,Mobile,+8550962497358
Smart-096-2497359,Mobile,+8550962497359
Smart-096-2497360,Mobile,+8550962497360
Smart-096-2497361,Mobile,+8550962497361
Smart-096-2497362,Mobile,+8550962497362
Smart-096-2497363,Mobile,+8550962497363
Smart-096-2497364,Mobile,+8550962497364
Smart-096-2497365,Mobile,+8550962497365
Smart-096-2497366,Mobile,+8550962497366
Smart-096-2497367,Mobile,+8550962497367
Smart-096-2497368,Mobile,+8550962497368
Smart-096-2497369,Mobile,+8550962497369
Smart-096-2497370,Mobile,+8550962497370
Smart-096-2497371,Mobile,+8550962497371
Smart-096-2497372,Mobile,+8550962497372
Smart-096-2497373,Mobile,+8550962497373
Smart-096-2497374,Mobile,+8550962497374
Smart-096-2497375,Mobile,+8550962497375
Smart-096-2497376,Mobile,+8550962497376
Smart-096-2497377,Mobile,+8550962497377
Smart-096-2497378,Mobile,+8550962497378
Smart-096-2497379,Mobile,+8550962497379
Smart-096-2497380,Mobile,+8550962497380
Smart-096-2497381,Mobile,+8550962497381
Smart-096-2497382,Mobile,+8550962497382
Smart-096-2497383,Mobile,+8550962497383
Smart-096-2497384,Mobile,+8550962497384
Smart-096-2497385,Mobile,+8550962497385
Smart-096-2497386,Mobile,+8550962497386
Smart-096-2497387,Mobile,+8550962497387
Smart-096-2497388,Mobile,+8550962497388
Smart-096-2497389,Mobile,+8550962497389
Smart-096-2497390,Mobile,+8550962497390
Smart-096-2497391,Mobile,+8550962497391
Smart-096-2497392,Mobile,+8550962497392
Smart-096-2497393,Mobile,+8550962497393
Smart-096-2497394,Mobile,+8550962497394
Smart-096-2497395,Mobile,+8550962497395
Smart-096-2497396,Mobile,+8550962497396
Smart-096-2497397,Mobile,+8550962497397
Smart-096-2497398,Mobile,+8550962497398
Smart-096-2497399,Mobile,+8550962497399
Smart-096-2497400,Mobile,+8550962497400
Smart-096-2497401,Mobile,+8550962497401
Smart-096-2497402,Mobile,+8550962497402
Smart-096-2497403,Mobile,+8550962497403
Smart-096-2497404,Mobile,+8550962497404
Smart-096-2497405,Mobile,+8550962497405
Smart-096-2497406,Mobile,+8550962497406
Smart-096-2497407,Mobile,+8550962497407
Smart-096-2497408,Mobile,+8550962497408
Smart-096-2497409,Mobile,+8550962497409
Smart-096-2497410,Mobile,+8550962497410
Smart-096-2497411,Mobile,+8550962497411
Smart-096-2497412,Mobile,+8550962497412
Smart-096-2497413,Mobile,+8550962497413
Smart-096-2497414,Mobile,+8550962497414
Smart-096-2497415,Mobile,+8550962497415
Smart-096-2497416,Mobile,+8550962497416
Smart-096-2497417,Mobile,+8550962497417
Smart-096-2497418,Mobile,+8550962497418
Smart-096-2497419,Mobile,+8550962497419
Smart-096-2497420,Mobile,+8550962497420
Smart-096-2497421,Mobile,+8550962497421
Smart-096-2497422,Mobile,+8550962497422
Smart-096-2497423,Mobile,+8550962497423
Smart-096-2497424,Mobile,+8550962497424
Smart-096-2497425,Mobile,+8550962497425
Smart-096-2497426,Mobile,+8550962497426
Smart-096-2497427,Mobile,+8550962497427
Smart-096-2497428,Mobile,+8550962497428
Smart-096-2497429,Mobile,+8550962497429
Smart-096-2497430,Mobile,+8550962497430
Smart-096-2497431,Mobile,+8550962497431
Smart-096-2497432,Mobile,+8550962497432
Smart-096-2497433,Mobile,+8550962497433
Smart-096-2497434,Mobile,+8550962497434
Smart-096-2497435,Mobile,+8550962497435
Smart-096-2497436,Mobile,+8550962497436
Smart-096-2497437,Mobile,+8550962497437
Smart-096-2497438,Mobile,+8550962497438
Smart-096-2497439,Mobile,+8550962497439
Smart-096-2497440,Mobile,+8550962497440
Smart-096-2497441,Mobile,+8550962497441
Smart-096-2497442,Mobile,+8550962497442
Smart-096-2497443,Mobile,+8550962497443
Smart-096-2497444,Mobile,+8550962497444
Smart-096-2497445,Mobile,+8550962497445
Smart-096-2497446,Mobile,+8550962497446
Smart-096-2497447,Mobile,+8550962497447
Smart-096-2497448,Mobile,+8550962497448
Smart-096-2497449,Mobile,+8550962497449
Smart-096-2497450,Mobile,+8550962497450
Smart-096-2497451,Mobile,+8550962497451
Smart-096-2497452,Mobile,+8550962497452
Smart-096-2497453,Mobile,+8550962497453
Smart-096-2497454,Mobile,+8550962497454
Smart-096-2497455,Mobile,+8550962497455
Smart-096-2497456,Mobile,+8550962497456
Smart-096-2497457,Mobile,+8550962497457
Smart-096-2497458,Mobile,+8550962497458
Smart-096-2497459,Mobile,+8550962497459
Smart-096-2497460,Mobile,+8550962497460
Smart-096-2497461,Mobile,+8550962497461
Smart-096-2497462,Mobile,+8550962497462
Smart-096-2497463,Mobile,+8550962497463
Smart-096-2497464,Mobile,+8550962497464
Smart-096-2497465,Mobile,+8550962497465
Smart-096-2497466,Mobile,+8550962497466
Smart-096-2497467,Mobile,+8550962497467
Smart-096-2497468,Mobile,+8550962497468
Smart-096-2497469,Mobile,+8550962497469
Smart-096-2497470,Mobile,+8550962497470
Smart-096-2497471,Mobile,+8550962497471
Smart-096-2497472,Mobile,+8550962497472
Smart-096-2497473,Mobile,+8550962497473
Smart-096-2497474,Mobile,+8550962497474
Smart-096-2497475,Mobile,+8550962497475
Smart-096-2497476,Mobile,+8550962497476
Smart-096-2497477,Mobile,+8550962497477
Smart-096-2497478,Mobile,+8550962497478
Smart-096-2497479,Mobile,+8550962497479
Smart-096-2497480,Mobile,+8550962497480
Smart-096-2497481,Mobile,+8550962497481
Smart-096-2497482,Mobile,+8550962497482
Smart-096-2497483,Mobile,+8550962497483
Smart-096-2497484,Mobile,+8550962497484
Smart-096-2497485,Mobile,+8550962497485
Smart-096-2497486,Mobile,+8550962497486
Smart-096-2497487,Mobile,+8550962497487
Smart-096-2497488,Mobile,+8550962497488
Smart-096-2497489,Mobile,+8550962497489
Smart-096-2497490,Mobile,+8550962497490
Smart-096-2497491,Mobile,+8550962497491
Smart-096-2497492,Mobile,+8550962497492
Smart-096-2497493,Mobile,+8550962497493
Smart-096-2497494,Mobile,+8550962497494
Smart-096-2497495,Mobile,+8550962497495
Smart-096-2497496,Mobile,+8550962497496
Smart-096-2497497,Mobile,+8550962497497
Smart-096-2497498,Mobile,+8550962497498
Smart-096-2497499,Mobile,+8550962497499
Smart-096-2497500,Mobile,+8550962497500
Smart-096-2497501,Mobile,+8550962497501
Smart-096-2497502,Mobile,+8550962497502
Smart-096-2497503,Mobile,+8550962497503
Smart-096-2497504,Mobile,+8550962497504
Smart-096-2497505,Mobile,+8550962497505
Smart-096-2497506,Mobile,+8550962497506
Smart-096-2497507,Mobile,+8550962497507
Smart-096-2497508,Mobile,+8550962497508
Smart-096-2497509,Mobile,+8550962497509
Smart-096-2497510,Mobile,+8550962497510
Smart-096-2497511,Mobile,+8550962497511
Smart-096-2497512,Mobile,+8550962497512
Smart-096-2497513,Mobile,+8550962497513
Smart-096-2497514,Mobile,+8550962497514
Smart-096-2497515,Mobile,+8550962497515
Smart-096-2497516,Mobile,+8550962497516
Smart-096-2497517,Mobile,+8550962497517
Smart-096-2497518,Mobile,+8550962497518
Smart-096-2497519,Mobile,+8550962497519
Smart-096-2497520,Mobile,+8550962497520
Smart-096-2497521,Mobile,+8550962497521
Smart-096-2497522,Mobile,+8550962497522
Smart-096-2497523,Mobile,+8550962497523
Smart-096-2497524,Mobile,+8550962497524
Smart-096-2497525,Mobile,+8550962497525
Smart-096-2497526,Mobile,+8550962497526
Smart-096-2497527,Mobile,+8550962497527
Smart-096-2497528,Mobile,+8550962497528
Smart-096-2497529,Mobile,+8550962497529
Smart-096-2497530,Mobile,+8550962497530
Smart-096-2497531,Mobile,+8550962497531
Smart-096-2497532,Mobile,+8550962497532
Smart-096-2497533,Mobile,+8550962497533
Smart-096-2497534,Mobile,+8550962497534
Smart-096-2497535,Mobile,+8550962497535
Smart-096-2497536,Mobile,+8550962497536
Smart-096-2497537,Mobile,+8550962497537
Smart-096-2497538,Mobile,+8550962497538
Smart-096-2497539,Mobile,+8550962497539
Smart-096-2497540,Mobile,+8550962497540
Smart-096-2497541,Mobile,+8550962497541
Smart-096-2497542,Mobile,+8550962497542
Smart-096-2497543,Mobile,+8550962497543
Smart-096-2497544,Mobile,+8550962497544
Smart-096-2497545,Mobile,+8550962497545
Smart-096-2497546,Mobile,+8550962497546
Smart-096-2497547,Mobile,+8550962497547
Smart-096-2497548,Mobile,+8550962497548
Smart-096-2497549,Mobile,+8550962497549
Smart-096-2497550,Mobile,+8550962497550
Smart-096-2497551,Mobile,+8550962497551
Smart-096-2497552,Mobile,+8550962497552
Smart-096-2497553,Mobile,+8550962497553
Smart-096-2497554,Mobile,+8550962497554
Smart-096-2497555,Mobile,+8550962497555
Smart-096-2497556,Mobile,+8550962497556
Smart-096-2497557,Mobile,+8550962497557
Smart-096-2497558,Mobile,+8550962497558
Smart-096-2497559,Mobile,+8550962497559
Smart-096-2497560,Mobile,+8550962497560
Smart-096-2497561,Mobile,+8550962497561
Smart-096-2497562,Mobile,+8550962497562
Smart-096-2497563,Mobile,+8550962497563
Smart-096-2497564,Mobile,+8550962497564
Smart-096-2497565,Mobile,+8550962497565
Smart-096-2497566,Mobile,+8550962497566
Smart-096-2497567,Mobile,+8550962497567
Smart-096-2497568,Mobile,+8550962497568
Smart-096-2497569,Mobile,+8550962497569
Smart-096-2497570,Mobile,+8550962497570
Smart-096-2497571,Mobile,+8550962497571
Smart-096-2497572,Mobile,+8550962497572
Smart-096-2497573,Mobile,+8550962497573
Smart-096-2497574,Mobile,+8550962497574
Smart-096-2497575,Mobile,+8550962497575
Smart-096-2497576,Mobile,+8550962497576
Smart-096-2497577,Mobile,+8550962497577
Smart-096-2497578,Mobile,+8550962497578
Smart-096-2497579,Mobile,+8550962497579
Smart-096-2497580,Mobile,+8550962497580
Smart-096-2497581,Mobile,+8550962497581
Smart-096-2497582,Mobile,+8550962497582
Smart-096-2497583,Mobile,+8550962497583
Smart-096-2497584,Mobile,+8550962497584
Smart-096-2497585,Mobile,+8550962497585
Smart-096-2497586,Mobile,+8550962497586
Smart-096-2497587,Mobile,+8550962497587
Smart-096-2497588,Mobile,+8550962497588
Smart-096-2497589,Mobile,+8550962497589
Smart-096-2497590,Mobile,+8550962497590
Smart-096-2497591,Mobile,+8550962497591
Smart-096-2497592,Mobile,+8550962497592
Smart-096-2497593,Mobile,+8550962497593
Smart-096-2497594,Mobile,+8550962497594
Smart-096-2497595,Mobile,+8550962497595
Smart-096-2497596,Mobile,+8550962497596
Smart-096-2497597,Mobile,+8550962497597
Smart-096-2497598,Mobile,+8550962497598
Smart-096-2497599,Mobile,+8550962497599
Smart-096-2497600,Mobile,+8550962497600
Smart-096-2497601,Mobile,+8550962497601
Smart-096-2497602,Mobile,+8550962497602
Smart-096-2497603,Mobile,+8550962497603
Smart-096-2497604,Mobile,+8550962497604
Smart-096-2497605,Mobile,+8550962497605
Smart-096-2497606,Mobile,+8550962497606
Smart-096-2497607,Mobile,+8550962497607
Smart-096-2497608,Mobile,+8550962497608
Smart-096-2497609,Mobile,+8550962497609
Smart-096-2497610,Mobile,+8550962497610
Smart-096-2497611,Mobile,+8550962497611
Smart-096-2497612,Mobile,+8550962497612
Smart-096-2497613,Mobile,+8550962497613
Smart-096-2497614,Mobile,+8550962497614
Smart-096-2497615,Mobile,+8550962497615
Smart-096-2497616,Mobile,+8550962497616
Smart-096-2497617,Mobile,+8550962497617
Smart-096-2497618,Mobile,+8550962497618
Smart-096-2497619,Mobile,+8550962497619
Smart-096-2497620,Mobile,+8550962497620
Smart-096-2497621,Mobile,+8550962497621
Smart-096-2497622,Mobile,+8550962497622
Smart-096-2497623,Mobile,+8550962497623
Smart-096-2497624,Mobile,+8550962497624
Smart-096-2497625,Mobile,+8550962497625
Smart-096-2497626,Mobile,+8550962497626
Smart-096-2497627,Mobile,+8550962497627
Smart-096-2497628,Mobile,+8550962497628
Smart-096-2497629,Mobile,+8550962497629
Smart-096-2497630,Mobile,+8550962497630
Smart-096-2497631,Mobile,+8550962497631
Smart-096-2497632,Mobile,+8550962497632
Smart-096-2497633,Mobile,+8550962497633
Smart-096-2497634,Mobile,+8550962497634
Smart-096-2497635,Mobile,+8550962497635
Smart-096-2497636,Mobile,+8550962497636
Smart-096-2497637,Mobile,+8550962497637
Smart-096-2497638,Mobile,+8550962497638
Smart-096-2497639,Mobile,+8550962497639
Smart-096-2497640,Mobile,+8550962497640
Smart-096-2497641,Mobile,+8550962497641
Smart-096-2497642,Mobile,+8550962497642
Smart-096-2497643,Mobile,+8550962497643
Smart-096-2497644,Mobile,+8550962497644
Smart-096-2497645,Mobile,+8550962497645
Smart-096-2497646,Mobile,+8550962497646
Smart-096-2497647,Mobile,+8550962497647
Smart-096-2497648,Mobile,+8550962497648
Smart-096-2497649,Mobile,+8550962497649
Smart-096-2497650,Mobile,+8550962497650
Smart-096-2497651,Mobile,+8550962497651
Smart-096-2497652,Mobile,+8550962497652
Smart-096-2497653,Mobile,+8550962497653
Smart-096-2497654,Mobile,+8550962497654
Smart-096-2497655,Mobile,+8550962497655
Smart-096-2497656,Mobile,+8550962497656
Smart-096-2497657,Mobile,+8550962497657
Smart-096-2497658,Mobile,+8550962497658
Smart-096-2497659,Mobile,+8550962497659
Smart-096-2497660,Mobile,+8550962497660
Smart-096-2497661,Mobile,+8550962497661
Smart-096-2497662,Mobile,+8550962497662
Smart-096-2497663,Mobile,+8550962497663
Smart-096-2497664,Mobile,+8550962497664
Smart-096-2497665,Mobile,+8550962497665
Smart-096-2497666,Mobile,+8550962497666
Smart-096-2497667,Mobile,+8550962497667
Smart-096-2497668,Mobile,+8550962497668
Smart-096-2497669,Mobile,+8550962497669
Smart-096-2497670,Mobile,+8550962497670
Smart-096-2497671,Mobile,+8550962497671
Smart-096-2497672,Mobile,+8550962497672
Smart-096-2497673,Mobile,+8550962497673
Smart-096-2497674,Mobile,+8550962497674
Smart-096-2497675,Mobile,+8550962497675
Smart-096-2497676,Mobile,+8550962497676
Smart-096-2497677,Mobile,+8550962497677
Smart-096-2497678,Mobile,+8550962497678
Smart-096-2497679,Mobile,+8550962497679
Smart-096-2497680,Mobile,+8550962497680
Smart-096-2497681,Mobile,+8550962497681
Smart-096-2497682,Mobile,+8550962497682
Smart-096-2497683,Mobile,+8550962497683
Smart-096-2497684,Mobile,+8550962497684
Smart-096-2497685,Mobile,+8550962497685
Smart-096-2497686,Mobile,+8550962497686
Smart-096-2497687,Mobile,+8550962497687
Smart-096-2497688,Mobile,+8550962497688
Smart-096-2497689,Mobile,+8550962497689
Smart-096-2497690,Mobile,+8550962497690
Smart-096-2497691,Mobile,+8550962497691
Smart-096-2497692,Mobile,+8550962497692
Smart-096-2497693,Mobile,+8550962497693
Smart-096-2497694,Mobile,+8550962497694
Smart-096-2497695,Mobile,+8550962497695
Smart-096-2497696,Mobile,+8550962497696
Smart-096-2497697,Mobile,+8550962497697
Smart-096-2497698,Mobile,+8550962497698
Smart-096-2497699,Mobile,+8550962497699
Smart-096-2497700,Mobile,+8550962497700
Smart-096-2497701,Mobile,+8550962497701
Smart-096-2497702,Mobile,+8550962497702
Smart-096-2497703,Mobile,+8550962497703
Smart-096-2497704,Mobile,+8550962497704
Smart-096-2497705,Mobile,+8550962497705
Smart-096-2497706,Mobile,+8550962497706
Smart-096-2497707,Mobile,+8550962497707
Smart-096-2497708,Mobile,+8550962497708
Smart-096-2497709,Mobile,+8550962497709
Smart-096-2497710,Mobile,+8550962497710
Smart-096-2497711,Mobile,+8550962497711
Smart-096-2497712,Mobile,+8550962497712
Smart-096-2497713,Mobile,+8550962497713
Smart-096-2497714,Mobile,+8550962497714
Smart-096-2497715,Mobile,+8550962497715
Smart-096-2497716,Mobile,+8550962497716
Smart-096-2497717,Mobile,+8550962497717
Smart-096-2497718,Mobile,+8550962497718
Smart-096-2497719,Mobile,+8550962497719
Smart-096-2497720,Mobile,+8550962497720
Smart-096-2497721,Mobile,+8550962497721
Smart-096-2497722,Mobile,+8550962497722
Smart-096-2497723,Mobile,+8550962497723
Smart-096-2497724,Mobile,+8550962497724
Smart-096-2497725,Mobile,+8550962497725
Smart-096-2497726,Mobile,+8550962497726
Smart-096-2497727,Mobile,+8550962497727
Smart-096-2497728,Mobile,+8550962497728
Smart-096-2497729,Mobile,+8550962497729
Smart-096-2497730,Mobile,+8550962497730
Smart-096-2497731,Mobile,+8550962497731
Smart-096-2497732,Mobile,+8550962497732
Smart-096-2497733,Mobile,+8550962497733
Smart-096-2497734,Mobile,+8550962497734
Smart-096-2497735,Mobile,+8550962497735
Smart-096-2497736,Mobile,+8550962497736
Smart-096-2497737,Mobile,+8550962497737
Smart-096-2497738,Mobile,+8550962497738
Smart-096-2497739,Mobile,+8550962497739
Smart-096-2497740,Mobile,+8550962497740
Smart-096-2497741,Mobile,+8550962497741
Smart-096-2497742,Mobile,+8550962497742
Smart-096-2497743,Mobile,+8550962497743
Smart-096-2497744,Mobile,+8550962497744
Smart-096-2497745,Mobile,+8550962497745
Smart-096-2497746,Mobile,+8550962497746
Smart-096-2497747,Mobile,+8550962497747
Smart-096-2497748,Mobile,+8550962497748
Smart-096-2497749,Mobile,+8550962497749
Smart-096-2497750,Mobile,+8550962497750
Smart-096-2497751,Mobile,+8550962497751
Smart-096-2497752,Mobile,+8550962497752
Smart-096-2497753,Mobile,+8550962497753
Smart-096-2497754,Mobile,+8550962497754
Smart-096-2497755,Mobile,+8550962497755
Smart-096-2497756,Mobile,+8550962497756
Smart-096-2497757,Mobile,+8550962497757
Smart-096-2497758,Mobile,+8550962497758
Smart-096-2497759,Mobile,+8550962497759
Smart-096-2497760,Mobile,+8550962497760
Smart-096-2497761,Mobile,+8550962497761
Smart-096-2497762,Mobile,+8550962497762
Smart-096-2497763,Mobile,+8550962497763
Smart-096-2497764,Mobile,+8550962497764
Smart-096-2497765,Mobile,+8550962497765
Smart-096-2497766,Mobile,+8550962497766
Smart-096-2497767,Mobile,+8550962497767
Smart-096-2497768,Mobile,+8550962497768
Smart-096-2497769,Mobile,+8550962497769
Smart-096-2497770,Mobile,+8550962497770
Smart-096-2497771,Mobile,+8550962497771
Smart-096-2497772,Mobile,+8550962497772
Smart-096-2497773,Mobile,+8550962497773
Smart-096-2497774,Mobile,+8550962497774
Smart-096-2497775,Mobile,+8550962497775
Smart-096-2497776,Mobile,+8550962497776
Smart-096-2497777,Mobile,+8550962497777
Smart-096-2497778,Mobile,+8550962497778
Smart-096-2497779,Mobile,+8550962497779
Smart-096-2497780,Mobile,+8550962497780
Smart-096-2497781,Mobile,+8550962497781
Smart-096-2497782,Mobile,+8550962497782
Smart-096-2497783,Mobile,+8550962497783
Smart-096-2497784,Mobile,+8550962497784
Smart-096-2497785,Mobile,+8550962497785
Smart-096-2497786,Mobile,+8550962497786
Smart-096-2497787,Mobile,+8550962497787
Smart-096-2497788,Mobile,+8550962497788
Smart-096-2497789,Mobile,+8550962497789
Smart-096-2497790,Mobile,+8550962497790
Smart-096-2497791,Mobile,+8550962497791
Smart-096-2497792,Mobile,+8550962497792
Smart-096-2497793,Mobile,+8550962497793
Smart-096-2497794,Mobile,+8550962497794
Smart-096-2497795,Mobile,+8550962497795
Smart-096-2497796,Mobile,+8550962497796
Smart-096-2497797,Mobile,+8550962497797
Smart-096-2497798,Mobile,+8550962497798
Smart-096-2497799,Mobile,+8550962497799
Smart-096-2497800,Mobile,+8550962497800
Smart-096-2497801,Mobile,+8550962497801
Smart-096-2497802,Mobile,+8550962497802
Smart-096-2497803,Mobile,+8550962497803
Smart-096-2497804,Mobile,+8550962497804
Smart-096-2497805,Mobile,+8550962497805
Smart-096-2497806,Mobile,+8550962497806
Smart-096-2497807,Mobile,+8550962497807
Smart-096-2497808,Mobile,+8550962497808
Smart-096-2497809,Mobile,+8550962497809
Smart-096-2497810,Mobile,+8550962497810
Smart-096-2497811,Mobile,+8550962497811
Smart-096-2497812,Mobile,+8550962497812
Smart-096-2497813,Mobile,+8550962497813
Smart-096-2497814,Mobile,+8550962497814
Smart-096-2497815,Mobile,+8550962497815
Smart-096-2497816,Mobile,+8550962497816
Smart-096-2497817,Mobile,+8550962497817
Smart-096-2497818,Mobile,+8550962497818
Smart-096-2497819,Mobile,+8550962497819
Smart-096-2497820,Mobile,+8550962497820
Smart-096-2497821,Mobile,+8550962497821
Smart-096-2497822,Mobile,+8550962497822
Smart-096-2497823,Mobile,+8550962497823
Smart-096-2497824,Mobile,+8550962497824
Smart-096-2497825,Mobile,+8550962497825
Smart-096-2497826,Mobile,+8550962497826
Smart-096-2497827,Mobile,+8550962497827
Smart-096-2497828,Mobile,+8550962497828
Smart-096-2497829,Mobile,+8550962497829
Smart-096-2497830,Mobile,+8550962497830
Smart-096-2497831,Mobile,+8550962497831
Smart-096-2497832,Mobile,+8550962497832
Smart-096-2497833,Mobile,+8550962497833
Smart-096-2497834,Mobile,+8550962497834
Smart-096-2497835,Mobile,+8550962497835
Smart-096-2497836,Mobile,+8550962497836
Smart-096-2497837,Mobile,+8550962497837
Smart-096-2497838,Mobile,+8550962497838
Smart-096-2497839,Mobile,+8550962497839
Smart-096-2497840,Mobile,+8550962497840
Smart-096-2497841,Mobile,+8550962497841
Smart-096-2497842,Mobile,+8550962497842
Smart-096-2497843,Mobile,+8550962497843
Smart-096-2497844,Mobile,+8550962497844
Smart-096-2497845,Mobile,+8550962497845
Smart-096-2497846,Mobile,+8550962497846
Smart-096-2497847,Mobile,+8550962497847
Smart-096-2497848,Mobile,+8550962497848
Smart-096-2497849,Mobile,+8550962497849
Smart-096-2497850,Mobile,+8550962497850
Smart-096-2497851,Mobile,+8550962497851
Smart-096-2497852,Mobile,+8550962497852
Smart-096-2497853,Mobile,+8550962497853
Smart-096-2497854,Mobile,+8550962497854
Smart-096-2497855,Mobile,+8550962497855
Smart-096-2497856,Mobile,+8550962497856
Smart-096-2497857,Mobile,+8550962497857
Smart-096-2497858,Mobile,+8550962497858
Smart-096-2497859,Mobile,+8550962497859
Smart-096-2497860,Mobile,+8550962497860
Smart-096-2497861,Mobile,+8550962497861
Smart-096-2497862,Mobile,+8550962497862
Smart-096-2497863,Mobile,+8550962497863
Smart-096-2497864,Mobile,+8550962497864
Smart-096-2497865,Mobile,+8550962497865
Smart-096-2497866,Mobile,+8550962497866
Smart-096-2497867,Mobile,+8550962497867
Smart-096-2497868,Mobile,+8550962497868
Smart-096-2497869,Mobile,+8550962497869
Smart-096-2497870,Mobile,+8550962497870
Smart-096-2497871,Mobile,+8550962497871
Smart-096-2497872,Mobile,+8550962497872
Smart-096-2497873,Mobile,+8550962497873
Smart-096-2497874,Mobile,+8550962497874
Smart-096-2497875,Mobile,+8550962497875
Smart-096-2497876,Mobile,+8550962497876
Smart-096-2497877,Mobile,+8550962497877
Smart-096-2497878,Mobile,+8550962497878
Smart-096-2497879,Mobile,+8550962497879
Smart-096-2497880,Mobile,+8550962497880
Smart-096-2497881,Mobile,+8550962497881
Smart-096-2497882,Mobile,+8550962497882
Smart-096-2497883,Mobile,+8550962497883
Smart-096-2497884,Mobile,+8550962497884
Smart-096-2497885,Mobile,+8550962497885
Smart-096-2497886,Mobile,+8550962497886
Smart-096-2497887,Mobile,+8550962497887
Smart-096-2497888,Mobile,+8550962497888
Smart-096-2497889,Mobile,+8550962497889
Smart-096-2497890,Mobile,+8550962497890
Smart-096-2497891,Mobile,+8550962497891
Smart-096-2497892,Mobile,+8550962497892
Smart-096-2497893,Mobile,+8550962497893
Smart-096-2497894,Mobile,+8550962497894
Smart-096-2497895,Mobile,+8550962497895
Smart-096-2497896,Mobile,+8550962497896
Smart-096-2497897,Mobile,+8550962497897
Smart-096-2497898,Mobile,+8550962497898
Smart-096-2497899,Mobile,+8550962497899
Smart-096-2497900,Mobile,+8550962497900
Smart-096-2497901,Mobile,+8550962497901
Smart-096-2497902,Mobile,+8550962497902
Smart-096-2497903,Mobile,+8550962497903
Smart-096-2497904,Mobile,+8550962497904
Smart-096-2497905,Mobile,+8550962497905
Smart-096-2497906,Mobile,+8550962497906
Smart-096-2497907,Mobile,+8550962497907
Smart-096-2497908,Mobile,+8550962497908
Smart-096-2497909,Mobile,+8550962497909
Smart-096-2497910,Mobile,+8550962497910
Smart-096-2497911,Mobile,+8550962497911
Smart-096-2497912,Mobile,+8550962497912
Smart-096-2497913,Mobile,+8550962497913
Smart-096-2497914,Mobile,+8550962497914
Smart-096-2497915,Mobile,+8550962497915
Smart-096-2497916,Mobile,+8550962497916
Smart-096-2497917,Mobile,+8550962497917
Smart-096-2497918,Mobile,+8550962497918
Smart-096-2497919,Mobile,+8550962497919
Smart-096-2497920,Mobile,+8550962497920
Smart-096-2497921,Mobile,+8550962497921
Smart-096-2497922,Mobile,+8550962497922
Smart-096-2497923,Mobile,+8550962497923
Smart-096-2497924,Mobile,+8550962497924
Smart-096-2497925,Mobile,+8550962497925
Smart-096-2497926,Mobile,+8550962497926
Smart-096-2497927,Mobile,+8550962497927
Smart-096-2497928,Mobile,+8550962497928
Smart-096-2497929,Mobile,+8550962497929
Smart-096-2497930,Mobile,+8550962497930
Smart-096-2497931,Mobile,+8550962497931
Smart-096-2497932,Mobile,+8550962497932
Smart-096-2497933,Mobile,+8550962497933
Smart-096-2497934,Mobile,+8550962497934
Smart-096-2497935,Mobile,+8550962497935
Smart-096-2497936,Mobile,+8550962497936
Smart-096-2497937,Mobile,+8550962497937
Smart-096-2497938,Mobile,+8550962497938
Smart-096-2497939,Mobile,+8550962497939
Smart-096-2497940,Mobile,+8550962497940
Smart-096-2497941,Mobile,+8550962497941
Smart-096-2497942,Mobile,+8550962497942
Smart-096-2497943,Mobile,+8550962497943
Smart-096-2497944,Mobile,+8550962497944
Smart-096-2497945,Mobile,+8550962497945
Smart-096-2497946,Mobile,+8550962497946
Smart-096-2497947,Mobile,+8550962497947
Smart-096-2497948,Mobile,+8550962497948
Smart-096-2497949,Mobile,+8550962497949
Smart-096-2497950,Mobile,+8550962497950
Smart-096-2497951,Mobile,+8550962497951
Smart-096-2497952,Mobile,+8550962497952
Smart-096-2497953,Mobile,+8550962497953
Smart-096-2497954,Mobile,+8550962497954
Smart-096-2497955,Mobile,+8550962497955
Smart-096-2497956,Mobile,+8550962497956
Smart-096-2497957,Mobile,+8550962497957
Smart-096-2497958,Mobile,+8550962497958
Smart-096-2497959,Mobile,+8550962497959
Smart-096-2497960,Mobile,+8550962497960
Smart-096-2497961,Mobile,+8550962497961
Smart-096-2497962,Mobile,+8550962497962
Smart-096-2497963,Mobile,+8550962497963
Smart-096-2497964,Mobile,+8550962497964
Smart-096-2497965,Mobile,+8550962497965
Smart-096-2497966,Mobile,+8550962497966
Smart-096-2497967,Mobile,+8550962497967
Smart-096-2497968,Mobile,+8550962497968
Smart-096-2497969,Mobile,+8550962497969
Smart-096-2497970,Mobile,+8550962497970
Smart-096-2497971,Mobile,+8550962497971
Smart-096-2497972,Mobile,+8550962497972
Smart-096-2497973,Mobile,+8550962497973
Smart-096-2497974,Mobile,+8550962497974
Smart-096-2497975,Mobile,+8550962497975
Smart-096-2497976,Mobile,+8550962497976
Smart-096-2497977,Mobile,+8550962497977
Smart-096-2497978,Mobile,+8550962497978
Smart-096-2497979,Mobile,+8550962497979
Smart-096-2497980,Mobile,+8550962497980
Smart-096-2497981,Mobile,+8550962497981
Smart-096-2497982,Mobile,+8550962497982
Smart-096-2497983,Mobile,+8550962497983
Smart-096-2497984,Mobile,+8550962497984
Smart-096-2497985,Mobile,+8550962497985
Smart-096-2497986,Mobile,+8550962497986
Smart-096-2497987,Mobile,+8550962497987
Smart-096-2497988,Mobile,+8550962497988
Smart-096-2497989,Mobile,+8550962497989
Smart-096-2497990,Mobile,+8550962497990
Smart-096-2497991,Mobile,+8550962497991
Smart-096-2497992,Mobile,+8550962497992
Smart-096-2497993,Mobile,+8550962497993
Smart-096-2497994,Mobile,+8550962497994
Smart-096-2497995,Mobile,+8550962497995
Smart-096-2497996,Mobile,+8550962497996
Smart-096-2497997,Mobile,+8550962497997
Smart-096-2497998,Mobile,+8550962497998
Smart-096-2497999,Mobile,+8550962497999
Smart-096-2498000,Mobile,+8550962498000
Smart-096-2498001,Mobile,+8550962498001
Smart-096-2498002,Mobile,+8550962498002
Smart-096-2498003,Mobile,+8550962498003
Smart-096-2498004,Mobile,+8550962498004
Smart-096-2498005,Mobile,+8550962498005
Smart-096-2498006,Mobile,+8550962498006
Smart-096-2498007,Mobile,+8550962498007
Smart-096-2498008,Mobile,+8550962498008
Smart-096-2498009,Mobile,+8550962498009
Smart-096-2498010,Mobile,+8550962498010
Smart-096-2498011,Mobile,+8550962498011
Smart-096-2498012,Mobile,+8550962498012
Smart-096-2498013,Mobile,+8550962498013
Smart-096-2498014,Mobile,+8550962498014
Smart-096-2498015,Mobile,+8550962498015
Smart-096-2498016,Mobile,+8550962498016
Smart-096-2498017,Mobile,+8550962498017
Smart-096-2498018,Mobile,+8550962498018
Smart-096-2498019,Mobile,+8550962498019
Smart-096-2498020,Mobile,+8550962498020
Smart-096-2498021,Mobile,+8550962498021
Smart-096-2498022,Mobile,+8550962498022
Smart-096-2498023,Mobile,+8550962498023
Smart-096-2498024,Mobile,+8550962498024
Smart-096-2498025,Mobile,+8550962498025
Smart-096-2498026,Mobile,+8550962498026
Smart-096-2498027,Mobile,+8550962498027
Smart-096-2498028,Mobile,+8550962498028
Smart-096-2498029,Mobile,+8550962498029
Smart-096-2498030,Mobile,+8550962498030
Smart-096-2498031,Mobile,+8550962498031
Smart-096-2498032,Mobile,+8550962498032
Smart-096-2498033,Mobile,+8550962498033
Smart-096-2498034,Mobile,+8550962498034
Smart-096-2498035,Mobile,+8550962498035
Smart-096-2498036,Mobile,+8550962498036
Smart-096-2498037,Mobile,+8550962498037
Smart-096-2498038,Mobile,+8550962498038
Smart-096-2498039,Mobile,+8550962498039
Smart-096-2498040,Mobile,+8550962498040
Smart-096-2498041,Mobile,+8550962498041
Smart-096-2498042,Mobile,+8550962498042
Smart-096-2498043,Mobile,+8550962498043
Smart-096-2498044,Mobile,+8550962498044
Smart-096-2498045,Mobile,+8550962498045
Smart-096-2498046,Mobile,+8550962498046
Smart-096-2498047,Mobile,+8550962498047
Smart-096-2498048,Mobile,+8550962498048
Smart-096-2498049,Mobile,+8550962498049
Smart-096-2498050,Mobile,+8550962498050
Smart-096-2498051,Mobile,+8550962498051
Smart-096-2498052,Mobile,+8550962498052
Smart-096-2498053,Mobile,+8550962498053
Smart-096-2498054,Mobile,+8550962498054
Smart-096-2498055,Mobile,+8550962498055
Smart-096-2498056,Mobile,+8550962498056
Smart-096-2498057,Mobile,+8550962498057
Smart-096-2498058,Mobile,+8550962498058
Smart-096-2498059,Mobile,+8550962498059
Smart-096-2498060,Mobile,+8550962498060
Smart-096-2498061,Mobile,+8550962498061
Smart-096-2498062,Mobile,+8550962498062
Smart-096-2498063,Mobile,+8550962498063
Smart-096-2498064,Mobile,+8550962498064
Smart-096-2498065,Mobile,+8550962498065
Smart-096-2498066,Mobile,+8550962498066
Smart-096-2498067,Mobile,+8550962498067
Smart-096-2498068,Mobile,+8550962498068
Smart-096-2498069,Mobile,+8550962498069
Smart-096-2498070,Mobile,+8550962498070
Smart-096-2498071,Mobile,+8550962498071
Smart-096-2498072,Mobile,+8550962498072
Smart-096-2498073,Mobile,+8550962498073
Smart-096-2498074,Mobile,+8550962498074
Smart-096-2498075,Mobile,+8550962498075
Smart-096-2498076,Mobile,+8550962498076
Smart-096-2498077,Mobile,+8550962498077
Smart-096-2498078,Mobile,+8550962498078
Smart-096-2498079,Mobile,+8550962498079
Smart-096-2498080,Mobile,+8550962498080
Smart-096-2498081,Mobile,+8550962498081
Smart-096-2498082,Mobile,+8550962498082
Smart-096-2498083,Mobile,+8550962498083
Smart-096-2498084,Mobile,+8550962498084
Smart-096-2498085,Mobile,+8550962498085
Smart-096-2498086,Mobile,+8550962498086
Smart-096-2498087,Mobile,+8550962498087
Smart-096-2498088,Mobile,+8550962498088
Smart-096-2498089,Mobile,+8550962498089
Smart-096-2498090,Mobile,+8550962498090
Smart-096-2498091,Mobile,+8550962498091
Smart-096-2498092,Mobile,+8550962498092
Smart-096-2498093,Mobile,+8550962498093
Smart-096-2498094,Mobile,+8550962498094
Smart-096-2498095,Mobile,+8550962498095
Smart-096-2498096,Mobile,+8550962498096
Smart-096-2498097,Mobile,+8550962498097
Smart-096-2498098,Mobile,+8550962498098
Smart-096-2498099,Mobile,+8550962498099
Smart-096-2498100,Mobile,+8550962498100
Smart-096-2498101,Mobile,+8550962498101
Smart-096-2498102,Mobile,+8550962498102
Smart-096-2498103,Mobile,+8550962498103
Smart-096-2498104,Mobile,+8550962498104
Smart-096-2498105,Mobile,+8550962498105
Smart-096-2498106,Mobile,+8550962498106
Smart-096-2498107,Mobile,+8550962498107
Smart-096-2498108,Mobile,+8550962498108
Smart-096-2498109,Mobile,+8550962498109
Smart-096-2498110,Mobile,+8550962498110
Smart-096-2498111,Mobile,+8550962498111
Smart-096-2498112,Mobile,+8550962498112
Smart-096-2498113,Mobile,+8550962498113
Smart-096-2498114,Mobile,+8550962498114
Smart-096-2498115,Mobile,+8550962498115
Smart-096-2498116,Mobile,+8550962498116
Smart-096-2498117,Mobile,+8550962498117
Smart-096-2498118,Mobile,+8550962498118
Smart-096-2498119,Mobile,+8550962498119
Smart-096-2498120,Mobile,+8550962498120
Smart-096-2498121,Mobile,+8550962498121
Smart-096-2498122,Mobile,+8550962498122
Smart-096-2498123,Mobile,+8550962498123
Smart-096-2498124,Mobile,+8550962498124
Smart-096-2498125,Mobile,+8550962498125
Smart-096-2498126,Mobile,+8550962498126
Smart-096-2498127,Mobile,+8550962498127
Smart-096-2498128,Mobile,+8550962498128
Smart-096-2498129,Mobile,+8550962498129
Smart-096-2498130,Mobile,+8550962498130
Smart-096-2498131,Mobile,+8550962498131
Smart-096-2498132,Mobile,+8550962498132
Smart-096-2498133,Mobile,+8550962498133
Smart-096-2498134,Mobile,+8550962498134
Smart-096-2498135,Mobile,+8550962498135
Smart-096-2498136,Mobile,+8550962498136
Smart-096-2498137,Mobile,+8550962498137
Smart-096-2498138,Mobile,+8550962498138
Smart-096-2498139,Mobile,+8550962498139
Smart-096-2498140,Mobile,+8550962498140
Smart-096-2498141,Mobile,+8550962498141
Smart-096-2498142,Mobile,+8550962498142
Smart-096-2498143,Mobile,+8550962498143
Smart-096-2498144,Mobile,+8550962498144
Smart-096-2498145,Mobile,+8550962498145
Smart-096-2498146,Mobile,+8550962498146
Smart-096-2498147,Mobile,+8550962498147
Smart-096-2498148,Mobile,+8550962498148
Smart-096-2498149,Mobile,+8550962498149
Smart-096-2498150,Mobile,+8550962498150
Smart-096-2498151,Mobile,+8550962498151
Smart-096-2498152,Mobile,+8550962498152
Smart-096-2498153,Mobile,+8550962498153
Smart-096-2498154,Mobile,+8550962498154
Smart-096-2498155,Mobile,+8550962498155
Smart-096-2498156,Mobile,+8550962498156
Smart-096-2498157,Mobile,+8550962498157
Smart-096-2498158,Mobile,+8550962498158
Smart-096-2498159,Mobile,+8550962498159
Smart-096-2498160,Mobile,+8550962498160
Smart-096-2498161,Mobile,+8550962498161
Smart-096-2498162,Mobile,+8550962498162
Smart-096-2498163,Mobile,+8550962498163
Smart-096-2498164,Mobile,+8550962498164
Smart-096-2498165,Mobile,+8550962498165
Smart-096-2498166,Mobile,+8550962498166
Smart-096-2498167,Mobile,+8550962498167
Smart-096-2498168,Mobile,+8550962498168
Smart-096-2498169,Mobile,+8550962498169
Smart-096-2498170,Mobile,+8550962498170
Smart-096-2498171,Mobile,+8550962498171
Smart-096-2498172,Mobile,+8550962498172
Smart-096-2498173,Mobile,+8550962498173
Smart-096-2498174,Mobile,+8550962498174
Smart-096-2498175,Mobile,+8550962498175
Smart-096-2498176,Mobile,+8550962498176
Smart-096-2498177,Mobile,+8550962498177
Smart-096-2498178,Mobile,+8550962498178
Smart-096-2498179,Mobile,+8550962498179
Smart-096-2498180,Mobile,+8550962498180
Smart-096-2498181,Mobile,+8550962498181
Smart-096-2498182,Mobile,+8550962498182
Smart-096-2498183,Mobile,+8550962498183
Smart-096-2498184,Mobile,+8550962498184
Smart-096-2498185,Mobile,+8550962498185
Smart-096-2498186,Mobile,+8550962498186
Smart-096-2498187,Mobile,+8550962498187
Smart-096-2498188,Mobile,+8550962498188
Smart-096-2498189,Mobile,+8550962498189
Smart-096-2498190,Mobile,+8550962498190
Smart-096-2498191,Mobile,+8550962498191
Smart-096-2498192,Mobile,+8550962498192
Smart-096-2498193,Mobile,+8550962498193
Smart-096-2498194,Mobile,+8550962498194
Smart-096-2498195,Mobile,+8550962498195
Smart-096-2498196,Mobile,+8550962498196
Smart-096-2498197,Mobile,+8550962498197
Smart-096-2498198,Mobile,+8550962498198
Smart-096-2498199,Mobile,+8550962498199
Smart-096-2498200,Mobile,+8550962498200
Smart-096-2498201,Mobile,+8550962498201
Smart-096-2498202,Mobile,+8550962498202
Smart-096-2498203,Mobile,+8550962498203
Smart-096-2498204,Mobile,+8550962498204
Smart-096-2498205,Mobile,+8550962498205
Smart-096-2498206,Mobile,+8550962498206
Smart-096-2498207,Mobile,+8550962498207
Smart-096-2498208,Mobile,+8550962498208
Smart-096-2498209,Mobile,+8550962498209
Smart-096-2498210,Mobile,+8550962498210
Smart-096-2498211,Mobile,+8550962498211
Smart-096-2498212,Mobile,+8550962498212
Smart-096-2498213,Mobile,+8550962498213
Smart-096-2498214,Mobile,+8550962498214
Smart-096-2498215,Mobile,+8550962498215
Smart-096-2498216,Mobile,+8550962498216
Smart-096-2498217,Mobile,+8550962498217
Smart-096-2498218,Mobile,+8550962498218
Smart-096-2498219,Mobile,+8550962498219
Smart-096-2498220,Mobile,+8550962498220
Smart-096-2498221,Mobile,+8550962498221
Smart-096-2498222,Mobile,+8550962498222
Smart-096-2498223,Mobile,+8550962498223
Smart-096-2498224,Mobile,+8550962498224
Smart-096-2498225,Mobile,+8550962498225
Smart-096-2498226,Mobile,+8550962498226
Smart-096-2498227,Mobile,+8550962498227
Smart-096-2498228,Mobile,+8550962498228
Smart-096-2498229,Mobile,+8550962498229
Smart-096-2498230,Mobile,+8550962498230
Smart-096-2498231,Mobile,+8550962498231
Smart-096-2498232,Mobile,+8550962498232
Smart-096-2498233,Mobile,+8550962498233
Smart-096-2498234,Mobile,+8550962498234
Smart-096-2498235,Mobile,+8550962498235
Smart-096-2498236,Mobile,+8550962498236
Smart-096-2498237,Mobile,+8550962498237
Smart-096-2498238,Mobile,+8550962498238
Smart-096-2498239,Mobile,+8550962498239
Smart-096-2498240,Mobile,+8550962498240
Smart-096-2498241,Mobile,+8550962498241
Smart-096-2498242,Mobile,+8550962498242
Smart-096-2498243,Mobile,+8550962498243
Smart-096-2498244,Mobile,+8550962498244
Smart-096-2498245,Mobile,+8550962498245
Smart-096-2498246,Mobile,+8550962498246
Smart-096-2498247,Mobile,+8550962498247
Smart-096-2498248,Mobile,+8550962498248
Smart-096-2498249,Mobile,+8550962498249
Smart-096-2498250,Mobile,+8550962498250
Smart-096-2498251,Mobile,+8550962498251
Smart-096-2498252,Mobile,+8550962498252
Smart-096-2498253,Mobile,+8550962498253
Smart-096-2498254,Mobile,+8550962498254
Smart-096-2498255,Mobile,+8550962498255
Smart-096-2498256,Mobile,+8550962498256
Smart-096-2498257,Mobile,+8550962498257
Smart-096-2498258,Mobile,+8550962498258
Smart-096-2498259,Mobile,+8550962498259
Smart-096-2498260,Mobile,+8550962498260
Smart-096-2498261,Mobile,+8550962498261
Smart-096-2498262,Mobile,+8550962498262
Smart-096-2498263,Mobile,+8550962498263
Smart-096-2498264,Mobile,+8550962498264
Smart-096-2498265,Mobile,+8550962498265
Smart-096-2498266,Mobile,+8550962498266
Smart-096-2498267,Mobile,+8550962498267
Smart-096-2498268,Mobile,+8550962498268
Smart-096-2498269,Mobile,+8550962498269
Smart-096-2498270,Mobile,+8550962498270
Smart-096-2498271,Mobile,+8550962498271
Smart-096-2498272,Mobile,+8550962498272
Smart-096-2498273,Mobile,+8550962498273
Smart-096-2498274,Mobile,+8550962498274
Smart-096-2498275,Mobile,+8550962498275
Smart-096-2498276,Mobile,+8550962498276
Smart-096-2498277,Mobile,+8550962498277
Smart-096-2498278,Mobile,+8550962498278
Smart-096-2498279,Mobile,+8550962498279
Smart-096-2498280,Mobile,+8550962498280
Smart-096-2498281,Mobile,+8550962498281
Smart-096-2498282,Mobile,+8550962498282
Smart-096-2498283,Mobile,+8550962498283
Smart-096-2498284,Mobile,+8550962498284
Smart-096-2498285,Mobile,+8550962498285
Smart-096-2498286,Mobile,+8550962498286
Smart-096-2498287,Mobile,+8550962498287
Smart-096-2498288,Mobile,+8550962498288
Smart-096-2498289,Mobile,+8550962498289
Smart-096-2498290,Mobile,+8550962498290
Smart-096-2498291,Mobile,+8550962498291
Smart-096-2498292,Mobile,+8550962498292
Smart-096-2498293,Mobile,+8550962498293
Smart-096-2498294,Mobile,+8550962498294
Smart-096-2498295,Mobile,+8550962498295
Smart-096-2498296,Mobile,+8550962498296
Smart-096-2498297,Mobile,+8550962498297
Smart-096-2498298,Mobile,+8550962498298
Smart-096-2498299,Mobile,+8550962498299
Smart-096-2498300,Mobile,+8550962498300
Smart-096-2498301,Mobile,+8550962498301
Smart-096-2498302,Mobile,+8550962498302
Smart-096-2498303,Mobile,+8550962498303
Smart-096-2498304,Mobile,+8550962498304
Smart-096-2498305,Mobile,+8550962498305
Smart-096-2498306,Mobile,+8550962498306
Smart-096-2498307,Mobile,+8550962498307
Smart-096-2498308,Mobile,+8550962498308
Smart-096-2498309,Mobile,+8550962498309
Smart-096-2498310,Mobile,+8550962498310
Smart-096-2498311,Mobile,+8550962498311
Smart-096-2498312,Mobile,+8550962498312
Smart-096-2498313,Mobile,+8550962498313
Smart-096-2498314,Mobile,+8550962498314
Smart-096-2498315,Mobile,+8550962498315
Smart-096-2498316,Mobile,+8550962498316
Smart-096-2498317,Mobile,+8550962498317
Smart-096-2498318,Mobile,+8550962498318
Smart-096-2498319,Mobile,+8550962498319
Smart-096-2498320,Mobile,+8550962498320
Smart-096-2498321,Mobile,+8550962498321
Smart-096-2498322,Mobile,+8550962498322
Smart-096-2498323,Mobile,+8550962498323
Smart-096-2498324,Mobile,+8550962498324
Smart-096-2498325,Mobile,+8550962498325
Smart-096-2498326,Mobile,+8550962498326
Smart-096-2498327,Mobile,+8550962498327
Smart-096-2498328,Mobile,+8550962498328
Smart-096-2498329,Mobile,+8550962498329
Smart-096-2498330,Mobile,+8550962498330
Smart-096-2498331,Mobile,+8550962498331
Smart-096-2498332,Mobile,+8550962498332
Smart-096-2498333,Mobile,+8550962498333
Smart-096-2498334,Mobile,+8550962498334
Smart-096-2498335,Mobile,+8550962498335
Smart-096-2498336,Mobile,+8550962498336
Smart-096-2498337,Mobile,+8550962498337
Smart-096-2498338,Mobile,+8550962498338
Smart-096-2498339,Mobile,+8550962498339
Smart-096-2498340,Mobile,+8550962498340
Smart-096-2498341,Mobile,+8550962498341
Smart-096-2498342,Mobile,+8550962498342
Smart-096-2498343,Mobile,+8550962498343
Smart-096-2498344,Mobile,+8550962498344
Smart-096-2498345,Mobile,+8550962498345
Smart-096-2498346,Mobile,+8550962498346
Smart-096-2498347,Mobile,+8550962498347
Smart-096-2498348,Mobile,+8550962498348
Smart-096-2498349,Mobile,+8550962498349
Smart-096-2498350,Mobile,+8550962498350
Smart-096-2498351,Mobile,+8550962498351
Smart-096-2498352,Mobile,+8550962498352
Smart-096-2498353,Mobile,+8550962498353
Smart-096-2498354,Mobile,+8550962498354
Smart-096-2498355,Mobile,+8550962498355
Smart-096-2498356,Mobile,+8550962498356
Smart-096-2498357,Mobile,+8550962498357
Smart-096-2498358,Mobile,+8550962498358
Smart-096-2498359,Mobile,+8550962498359
Smart-096-2498360,Mobile,+8550962498360
Smart-096-2498361,Mobile,+8550962498361
Smart-096-2498362,Mobile,+8550962498362
Smart-096-2498363,Mobile,+8550962498363
Smart-096-2498364,Mobile,+8550962498364
Smart-096-2498365,Mobile,+8550962498365
Smart-096-2498366,Mobile,+8550962498366
Smart-096-2498367,Mobile,+8550962498367
Smart-096-2498368,Mobile,+8550962498368
Smart-096-2498369,Mobile,+8550962498369
Smart-096-2498370,Mobile,+8550962498370
Smart-096-2498371,Mobile,+8550962498371
Smart-096-2498372,Mobile,+8550962498372
Smart-096-2498373,Mobile,+8550962498373
Smart-096-2498374,Mobile,+8550962498374
Smart-096-2498375,Mobile,+8550962498375
Smart-096-2498376,Mobile,+8550962498376
Smart-096-2498377,Mobile,+8550962498377
Smart-096-2498378,Mobile,+8550962498378
Smart-096-2498379,Mobile,+8550962498379
Smart-096-2498380,Mobile,+8550962498380
Smart-096-2498381,Mobile,+8550962498381
Smart-096-2498382,Mobile,+8550962498382
Smart-096-2498383,Mobile,+8550962498383
Smart-096-2498384,Mobile,+8550962498384
Smart-096-2498385,Mobile,+8550962498385
Smart-096-2498386,Mobile,+8550962498386
Smart-096-2498387,Mobile,+8550962498387
Smart-096-2498388,Mobile,+8550962498388
Smart-096-2498389,Mobile,+8550962498389
Smart-096-2498390,Mobile,+8550962498390
Smart-096-2498391,Mobile,+8550962498391
Smart-096-2498392,Mobile,+8550962498392
Smart-096-2498393,Mobile,+8550962498393
Smart-096-2498394,Mobile,+8550962498394
Smart-096-2498395,Mobile,+8550962498395
Smart-096-2498396,Mobile,+8550962498396
Smart-096-2498397,Mobile,+8550962498397
Smart-096-2498398,Mobile,+8550962498398
Smart-096-2498399,Mobile,+8550962498399
Smart-096-2498400,Mobile,+8550962498400
Smart-096-2498401,Mobile,+8550962498401
Smart-096-2498402,Mobile,+8550962498402
Smart-096-2498403,Mobile,+8550962498403
Smart-096-2498404,Mobile,+8550962498404
Smart-096-2498405,Mobile,+8550962498405
Smart-096-2498406,Mobile,+8550962498406
Smart-096-2498407,Mobile,+8550962498407
Smart-096-2498408,Mobile,+8550962498408
Smart-096-2498409,Mobile,+8550962498409
Smart-096-2498410,Mobile,+8550962498410
Smart-096-2498411,Mobile,+8550962498411
Smart-096-2498412,Mobile,+8550962498412
Smart-096-2498413,Mobile,+8550962498413
Smart-096-2498414,Mobile,+8550962498414
Smart-096-2498415,Mobile,+8550962498415
Smart-096-2498416,Mobile,+8550962498416
Smart-096-2498417,Mobile,+8550962498417
Smart-096-2498418,Mobile,+8550962498418
Smart-096-2498419,Mobile,+8550962498419
Smart-096-2498420,Mobile,+8550962498420
Smart-096-2498421,Mobile,+8550962498421
Smart-096-2498422,Mobile,+8550962498422
Smart-096-2498423,Mobile,+8550962498423
Smart-096-2498424,Mobile,+8550962498424
Smart-096-2498425,Mobile,+8550962498425
Smart-096-2498426,Mobile,+8550962498426
Smart-096-2498427,Mobile,+8550962498427
Smart-096-2498428,Mobile,+8550962498428
Smart-096-2498429,Mobile,+8550962498429
Smart-096-2498430,Mobile,+8550962498430
Smart-096-2498431,Mobile,+8550962498431
Smart-096-2498432,Mobile,+8550962498432
Smart-096-2498433,Mobile,+8550962498433
Smart-096-2498434,Mobile,+8550962498434
Smart-096-2498435,Mobile,+8550962498435
Smart-096-2498436,Mobile,+8550962498436
Smart-096-2498437,Mobile,+8550962498437
Smart-096-2498438,Mobile,+8550962498438
Smart-096-2498439,Mobile,+8550962498439
Smart-096-2498440,Mobile,+8550962498440
Smart-096-2498441,Mobile,+8550962498441
Smart-096-2498442,Mobile,+8550962498442
Smart-096-2498443,Mobile,+8550962498443
Smart-096-2498444,Mobile,+8550962498444
Smart-096-2498445,Mobile,+8550962498445
Smart-096-2498446,Mobile,+8550962498446
Smart-096-2498447,Mobile,+8550962498447
Smart-096-2498448,Mobile,+8550962498448
Smart-096-2498449,Mobile,+8550962498449
Smart-096-2498450,Mobile,+8550962498450
Smart-096-2498451,Mobile,+8550962498451
Smart-096-2498452,Mobile,+8550962498452
Smart-096-2498453,Mobile,+8550962498453
Smart-096-2498454,Mobile,+8550962498454
Smart-096-2498455,Mobile,+8550962498455
Smart-096-2498456,Mobile,+8550962498456
Smart-096-2498457,Mobile,+8550962498457
Smart-096-2498458,Mobile,+8550962498458
Smart-096-2498459,Mobile,+8550962498459
Smart-096-2498460,Mobile,+8550962498460
Smart-096-2498461,Mobile,+8550962498461
Smart-096-2498462,Mobile,+8550962498462
Smart-096-2498463,Mobile,+8550962498463
Smart-096-2498464,Mobile,+8550962498464
Smart-096-2498465,Mobile,+8550962498465
Smart-096-2498466,Mobile,+8550962498466
Smart-096-2498467,Mobile,+8550962498467
Smart-096-2498468,Mobile,+8550962498468
Smart-096-2498469,Mobile,+8550962498469
Smart-096-2498470,Mobile,+8550962498470
Smart-096-2498471,Mobile,+8550962498471
Smart-096-2498472,Mobile,+8550962498472
Smart-096-2498473,Mobile,+8550962498473
Smart-096-2498474,Mobile,+8550962498474
Smart-096-2498475,Mobile,+8550962498475
Smart-096-2498476,Mobile,+8550962498476
Smart-096-2498477,Mobile,+8550962498477
Smart-096-2498478,Mobile,+8550962498478
Smart-096-2498479,Mobile,+8550962498479
Smart-096-2498480,Mobile,+8550962498480
Smart-096-2498481,Mobile,+8550962498481
Smart-096-2498482,Mobile,+8550962498482
Smart-096-2498483,Mobile,+8550962498483
Smart-096-2498484,Mobile,+8550962498484
Smart-096-2498485,Mobile,+8550962498485
Smart-096-2498486,Mobile,+8550962498486
Smart-096-2498487,Mobile,+8550962498487
Smart-096-2498488,Mobile,+8550962498488
Smart-096-2498489,Mobile,+8550962498489
Smart-096-2498490,Mobile,+8550962498490
Smart-096-2498491,Mobile,+8550962498491
Smart-096-2498492,Mobile,+8550962498492
Smart-096-2498493,Mobile,+8550962498493
Smart-096-2498494,Mobile,+8550962498494
Smart-096-2498495,Mobile,+8550962498495
Smart-096-2498496,Mobile,+8550962498496
Smart-096-2498497,Mobile,+8550962498497
Smart-096-2498498,Mobile,+8550962498498
Smart-096-2498499,Mobile,+8550962498499
Smart-096-2498500,Mobile,+8550962498500
Smart-096-2498501,Mobile,+8550962498501
Smart-096-2498502,Mobile,+8550962498502
Smart-096-2498503,Mobile,+8550962498503
Smart-096-2498504,Mobile,+8550962498504
Smart-096-2498505,Mobile,+8550962498505
Smart-096-2498506,Mobile,+8550962498506
Smart-096-2498507,Mobile,+8550962498507
Smart-096-2498508,Mobile,+8550962498508
Smart-096-2498509,Mobile,+8550962498509
Smart-096-2498510,Mobile,+8550962498510
Smart-096-2498511,Mobile,+8550962498511
Smart-096-2498512,Mobile,+8550962498512
Smart-096-2498513,Mobile,+8550962498513
Smart-096-2498514,Mobile,+8550962498514
Smart-096-2498515,Mobile,+8550962498515
Smart-096-2498516,Mobile,+8550962498516
Smart-096-2498517,Mobile,+8550962498517
Smart-096-2498518,Mobile,+8550962498518
Smart-096-2498519,Mobile,+8550962498519
Smart-096-2498520,Mobile,+8550962498520
Smart-096-2498521,Mobile,+8550962498521
Smart-096-2498522,Mobile,+8550962498522
Smart-096-2498523,Mobile,+8550962498523
Smart-096-2498524,Mobile,+8550962498524
Smart-096-2498525,Mobile,+8550962498525
Smart-096-2498526,Mobile,+8550962498526
Smart-096-2498527,Mobile,+8550962498527
Smart-096-2498528,Mobile,+8550962498528
Smart-096-2498529,Mobile,+8550962498529
Smart-096-2498530,Mobile,+8550962498530
Smart-096-2498531,Mobile,+8550962498531
Smart-096-2498532,Mobile,+8550962498532
Smart-096-2498533,Mobile,+8550962498533
Smart-096-2498534,Mobile,+8550962498534
Smart-096-2498535,Mobile,+8550962498535
Smart-096-2498536,Mobile,+8550962498536
Smart-096-2498537,Mobile,+8550962498537
Smart-096-2498538,Mobile,+8550962498538
Smart-096-2498539,Mobile,+8550962498539
Smart-096-2498540,Mobile,+8550962498540
Smart-096-2498541,Mobile,+8550962498541
Smart-096-2498542,Mobile,+8550962498542
Smart-096-2498543,Mobile,+8550962498543
Smart-096-2498544,Mobile,+8550962498544
Smart-096-2498545,Mobile,+8550962498545
Smart-096-2498546,Mobile,+8550962498546
Smart-096-2498547,Mobile,+8550962498547
Smart-096-2498548,Mobile,+8550962498548
Smart-096-2498549,Mobile,+8550962498549
Smart-096-2498550,Mobile,+8550962498550
Smart-096-2498551,Mobile,+8550962498551
Smart-096-2498552,Mobile,+8550962498552
Smart-096-2498553,Mobile,+8550962498553
Smart-096-2498554,Mobile,+8550962498554
Smart-096-2498555,Mobile,+8550962498555
Smart-096-2498556,Mobile,+8550962498556
Smart-096-2498557,Mobile,+8550962498557
Smart-096-2498558,Mobile,+8550962498558
Smart-096-2498559,Mobile,+8550962498559
Smart-096-2498560,Mobile,+8550962498560
Smart-096-2498561,Mobile,+8550962498561
Smart-096-2498562,Mobile,+8550962498562
Smart-096-2498563,Mobile,+8550962498563
Smart-096-2498564,Mobile,+8550962498564
Smart-096-2498565,Mobile,+8550962498565
Smart-096-2498566,Mobile,+8550962498566
Smart-096-2498567,Mobile,+8550962498567
Smart-096-2498568,Mobile,+8550962498568
Smart-096-2498569,Mobile,+8550962498569
Smart-096-2498570,Mobile,+8550962498570
Smart-096-2498571,Mobile,+8550962498571
Smart-096-2498572,Mobile,+8550962498572
Smart-096-2498573,Mobile,+8550962498573
Smart-096-2498574,Mobile,+8550962498574
Smart-096-2498575,Mobile,+8550962498575
Smart-096-2498576,Mobile,+8550962498576
Smart-096-2498577,Mobile,+8550962498577
Smart-096-2498578,Mobile,+8550962498578
Smart-096-2498579,Mobile,+8550962498579
Smart-096-2498580,Mobile,+8550962498580
Smart-096-2498581,Mobile,+8550962498581
Smart-096-2498582,Mobile,+8550962498582
Smart-096-2498583,Mobile,+8550962498583
Smart-096-2498584,Mobile,+8550962498584
Smart-096-2498585,Mobile,+8550962498585
Smart-096-2498586,Mobile,+8550962498586
Smart-096-2498587,Mobile,+8550962498587
Smart-096-2498588,Mobile,+8550962498588
Smart-096-2498589,Mobile,+8550962498589
Smart-096-2498590,Mobile,+8550962498590
Smart-096-2498591,Mobile,+8550962498591
Smart-096-2498592,Mobile,+8550962498592
Smart-096-2498593,Mobile,+8550962498593
Smart-096-2498594,Mobile,+8550962498594
Smart-096-2498595,Mobile,+8550962498595
Smart-096-2498596,Mobile,+8550962498596
Smart-096-2498597,Mobile,+8550962498597
Smart-096-2498598,Mobile,+8550962498598
Smart-096-2498599,Mobile,+8550962498599
Smart-096-2498600,Mobile,+8550962498600
Smart-096-2498601,Mobile,+8550962498601
Smart-096-2498602,Mobile,+8550962498602
Smart-096-2498603,Mobile,+8550962498603
Smart-096-2498604,Mobile,+8550962498604
Smart-096-2498605,Mobile,+8550962498605
Smart-096-2498606,Mobile,+8550962498606
Smart-096-2498607,Mobile,+8550962498607
Smart-096-2498608,Mobile,+8550962498608
Smart-096-2498609,Mobile,+8550962498609
Smart-096-2498610,Mobile,+8550962498610
Smart-096-2498611,Mobile,+8550962498611
Smart-096-2498612,Mobile,+8550962498612
Smart-096-2498613,Mobile,+8550962498613
Smart-096-2498614,Mobile,+8550962498614
Smart-096-2498615,Mobile,+8550962498615
Smart-096-2498616,Mobile,+8550962498616
Smart-096-2498617,Mobile,+8550962498617
Smart-096-2498618,Mobile,+8550962498618
Smart-096-2498619,Mobile,+8550962498619
Smart-096-2498620,Mobile,+8550962498620
Smart-096-2498621,Mobile,+8550962498621
Smart-096-2498622,Mobile,+8550962498622
Smart-096-2498623,Mobile,+8550962498623
Smart-096-2498624,Mobile,+8550962498624
Smart-096-2498625,Mobile,+8550962498625
Smart-096-2498626,Mobile,+8550962498626
Smart-096-2498627,Mobile,+8550962498627
Smart-096-2498628,Mobile,+8550962498628
Smart-096-2498629,Mobile,+8550962498629
Smart-096-2498630,Mobile,+8550962498630
Smart-096-2498631,Mobile,+8550962498631
Smart-096-2498632,Mobile,+8550962498632
Smart-096-2498633,Mobile,+8550962498633
Smart-096-2498634,Mobile,+8550962498634
Smart-096-2498635,Mobile,+8550962498635
Smart-096-2498636,Mobile,+8550962498636
Smart-096-2498637,Mobile,+8550962498637
Smart-096-2498638,Mobile,+8550962498638
Smart-096-2498639,Mobile,+8550962498639
Smart-096-2498640,Mobile,+8550962498640
Smart-096-2498641,Mobile,+8550962498641
Smart-096-2498642,Mobile,+8550962498642
Smart-096-2498643,Mobile,+8550962498643
Smart-096-2498644,Mobile,+8550962498644
Smart-096-2498645,Mobile,+8550962498645
Smart-096-2498646,Mobile,+8550962498646
Smart-096-2498647,Mobile,+8550962498647
Smart-096-2498648,Mobile,+8550962498648
Smart-096-2498649,Mobile,+8550962498649
Smart-096-2498650,Mobile,+8550962498650
Smart-096-2498651,Mobile,+8550962498651
Smart-096-2498652,Mobile,+8550962498652
Smart-096-2498653,Mobile,+8550962498653
Smart-096-2498654,Mobile,+8550962498654
Smart-096-2498655,Mobile,+8550962498655
Smart-096-2498656,Mobile,+8550962498656
Smart-096-2498657,Mobile,+8550962498657
Smart-096-2498658,Mobile,+8550962498658
Smart-096-2498659,Mobile,+8550962498659
Smart-096-2498660,Mobile,+8550962498660
Smart-096-2498661,Mobile,+8550962498661
Smart-096-2498662,Mobile,+8550962498662
Smart-096-2498663,Mobile,+8550962498663
Smart-096-2498664,Mobile,+8550962498664
Smart-096-2498665,Mobile,+8550962498665
Smart-096-2498666,Mobile,+8550962498666
Smart-096-2498667,Mobile,+8550962498667
Smart-096-2498668,Mobile,+8550962498668
Smart-096-2498669,Mobile,+8550962498669
Smart-096-2498670,Mobile,+8550962498670
Smart-096-2498671,Mobile,+8550962498671
Smart-096-2498672,Mobile,+8550962498672
Smart-096-2498673,Mobile,+8550962498673
Smart-096-2498674,Mobile,+8550962498674
Smart-096-2498675,Mobile,+8550962498675
Smart-096-2498676,Mobile,+8550962498676
Smart-096-2498677,Mobile,+8550962498677
Smart-096-2498678,Mobile,+8550962498678
Smart-096-2498679,Mobile,+8550962498679
Smart-096-2498680,Mobile,+8550962498680
Smart-096-2498681,Mobile,+8550962498681
Smart-096-2498682,Mobile,+8550962498682
Smart-096-2498683,Mobile,+8550962498683
Smart-096-2498684,Mobile,+8550962498684
Smart-096-2498685,Mobile,+8550962498685
Smart-096-2498686,Mobile,+8550962498686
Smart-096-2498687,Mobile,+8550962498687
Smart-096-2498688,Mobile,+8550962498688
Smart-096-2498689,Mobile,+8550962498689
Smart-096-2498690,Mobile,+8550962498690
Smart-096-2498691,Mobile,+8550962498691
Smart-096-2498692,Mobile,+8550962498692
Smart-096-2498693,Mobile,+8550962498693
Smart-096-2498694,Mobile,+8550962498694
Smart-096-2498695,Mobile,+8550962498695
Smart-096-2498696,Mobile,+8550962498696
Smart-096-2498697,Mobile,+8550962498697
Smart-096-2498698,Mobile,+8550962498698
Smart-096-2498699,Mobile,+8550962498699
Smart-096-2498700,Mobile,+8550962498700
Smart-096-2498701,Mobile,+8550962498701
Smart-096-2498702,Mobile,+8550962498702
Smart-096-2498703,Mobile,+8550962498703
Smart-096-2498704,Mobile,+8550962498704
Smart-096-2498705,Mobile,+8550962498705
Smart-096-2498706,Mobile,+8550962498706
Smart-096-2498707,Mobile,+8550962498707
Smart-096-2498708,Mobile,+8550962498708
Smart-096-2498709,Mobile,+8550962498709
Smart-096-2498710,Mobile,+8550962498710
Smart-096-2498711,Mobile,+8550962498711
Smart-096-2498712,Mobile,+8550962498712
Smart-096-2498713,Mobile,+8550962498713
Smart-096-2498714,Mobile,+8550962498714
Smart-096-2498715,Mobile,+8550962498715
Smart-096-2498716,Mobile,+8550962498716
Smart-096-2498717,Mobile,+8550962498717
Smart-096-2498718,Mobile,+8550962498718
Smart-096-2498719,Mobile,+8550962498719
Smart-096-2498720,Mobile,+8550962498720
Smart-096-2498721,Mobile,+8550962498721
Smart-096-2498722,Mobile,+8550962498722
Smart-096-2498723,Mobile,+8550962498723
Smart-096-2498724,Mobile,+8550962498724
Smart-096-2498725,Mobile,+8550962498725
Smart-096-2498726,Mobile,+8550962498726
Smart-096-2498727,Mobile,+8550962498727
Smart-096-2498728,Mobile,+8550962498728
Smart-096-2498729,Mobile,+8550962498729
Smart-096-2498730,Mobile,+8550962498730
Smart-096-2498731,Mobile,+8550962498731
Smart-096-2498732,Mobile,+8550962498732
Smart-096-2498733,Mobile,+8550962498733
Smart-096-2498734,Mobile,+8550962498734
Smart-096-2498735,Mobile,+8550962498735
Smart-096-2498736,Mobile,+8550962498736
Smart-096-2498737,Mobile,+8550962498737
Smart-096-2498738,Mobile,+8550962498738
Smart-096-2498739,Mobile,+8550962498739
Smart-096-2498740,Mobile,+8550962498740
Smart-096-2498741,Mobile,+8550962498741
Smart-096-2498742,Mobile,+8550962498742
Smart-096-2498743,Mobile,+8550962498743
Smart-096-2498744,Mobile,+8550962498744
Smart-096-2498745,Mobile,+8550962498745
Smart-096-2498746,Mobile,+8550962498746
Smart-096-2498747,Mobile,+8550962498747
Smart-096-2498748,Mobile,+8550962498748
Smart-096-2498749,Mobile,+8550962498749
Smart-096-2498750,Mobile,+8550962498750
Smart-096-2498751,Mobile,+8550962498751
Smart-096-2498752,Mobile,+8550962498752
Smart-096-2498753,Mobile,+8550962498753
Smart-096-2498754,Mobile,+8550962498754
Smart-096-2498755,Mobile,+8550962498755
Smart-096-2498756,Mobile,+8550962498756
Smart-096-2498757,Mobile,+8550962498757
Smart-096-2498758,Mobile,+8550962498758
Smart-096-2498759,Mobile,+8550962498759
Smart-096-2498760,Mobile,+8550962498760
Smart-096-2498761,Mobile,+8550962498761
Smart-096-2498762,Mobile,+8550962498762
Smart-096-2498763,Mobile,+8550962498763
Smart-096-2498764,Mobile,+8550962498764
Smart-096-2498765,Mobile,+8550962498765
Smart-096-2498766,Mobile,+8550962498766
Smart-096-2498767,Mobile,+8550962498767
Smart-096-2498768,Mobile,+8550962498768
Smart-096-2498769,Mobile,+8550962498769
Smart-096-2498770,Mobile,+8550962498770
Smart-096-2498771,Mobile,+8550962498771
Smart-096-2498772,Mobile,+8550962498772
Smart-096-2498773,Mobile,+8550962498773
Smart-096-2498774,Mobile,+8550962498774
Smart-096-2498775,Mobile,+8550962498775
Smart-096-2498776,Mobile,+8550962498776
Smart-096-2498777,Mobile,+8550962498777
Smart-096-2498778,Mobile,+8550962498778
Smart-096-2498779,Mobile,+8550962498779
Smart-096-2498780,Mobile,+8550962498780
Smart-096-2498781,Mobile,+8550962498781
Smart-096-2498782,Mobile,+8550962498782
Smart-096-2498783,Mobile,+8550962498783
Smart-096-2498784,Mobile,+8550962498784
Smart-096-2498785,Mobile,+8550962498785
Smart-096-2498786,Mobile,+8550962498786
Smart-096-2498787,Mobile,+8550962498787
Smart-096-2498788,Mobile,+8550962498788
Smart-096-2498789,Mobile,+8550962498789
Smart-096-2498790,Mobile,+8550962498790
Smart-096-2498791,Mobile,+8550962498791
Smart-096-2498792,Mobile,+8550962498792
Smart-096-2498793,Mobile,+8550962498793
Smart-096-2498794,Mobile,+8550962498794
Smart-096-2498795,Mobile,+8550962498795
Smart-096-2498796,Mobile,+8550962498796
Smart-096-2498797,Mobile,+8550962498797
Smart-096-2498798,Mobile,+8550962498798
Smart-096-2498799,Mobile,+8550962498799
Smart-096-2498800,Mobile,+8550962498800
Smart-096-2498801,Mobile,+8550962498801
Smart-096-2498802,Mobile,+8550962498802
Smart-096-2498803,Mobile,+8550962498803
Smart-096-2498804,Mobile,+8550962498804
Smart-096-2498805,Mobile,+8550962498805
Smart-096-2498806,Mobile,+8550962498806
Smart-096-2498807,Mobile,+8550962498807
Smart-096-2498808,Mobile,+8550962498808
Smart-096-2498809,Mobile,+8550962498809
Smart-096-2498810,Mobile,+8550962498810
Smart-096-2498811,Mobile,+8550962498811
Smart-096-2498812,Mobile,+8550962498812
Smart-096-2498813,Mobile,+8550962498813
Smart-096-2498814,Mobile,+8550962498814
Smart-096-2498815,Mobile,+8550962498815
Smart-096-2498816,Mobile,+8550962498816
Smart-096-2498817,Mobile,+8550962498817
Smart-096-2498818,Mobile,+8550962498818
Smart-096-2498819,Mobile,+8550962498819
Smart-096-2498820,Mobile,+8550962498820
Smart-096-2498821,Mobile,+8550962498821
Smart-096-2498822,Mobile,+8550962498822
Smart-096-2498823,Mobile,+8550962498823
Smart-096-2498824,Mobile,+8550962498824
Smart-096-2498825,Mobile,+8550962498825
Smart-096-2498826,Mobile,+8550962498826
Smart-096-2498827,Mobile,+8550962498827
Smart-096-2498828,Mobile,+8550962498828
Smart-096-2498829,Mobile,+8550962498829
Smart-096-2498830,Mobile,+8550962498830
Smart-096-2498831,Mobile,+8550962498831
Smart-096-2498832,Mobile,+8550962498832
Smart-096-2498833,Mobile,+8550962498833
Smart-096-2498834,Mobile,+8550962498834
Smart-096-2498835,Mobile,+8550962498835
Smart-096-2498836,Mobile,+8550962498836
Smart-096-2498837,Mobile,+8550962498837
Smart-096-2498838,Mobile,+8550962498838
Smart-096-2498839,Mobile,+8550962498839
Smart-096-2498840,Mobile,+8550962498840
Smart-096-2498841,Mobile,+8550962498841
Smart-096-2498842,Mobile,+8550962498842
Smart-096-2498843,Mobile,+8550962498843
Smart-096-2498844,Mobile,+8550962498844
Smart-096-2498845,Mobile,+8550962498845
Smart-096-2498846,Mobile,+8550962498846
Smart-096-2498847,Mobile,+8550962498847
Smart-096-2498848,Mobile,+8550962498848
Smart-096-2498849,Mobile,+8550962498849
Smart-096-2498850,Mobile,+8550962498850
Smart-096-2498851,Mobile,+8550962498851
Smart-096-2498852,Mobile,+8550962498852
Smart-096-2498853,Mobile,+8550962498853
Smart-096-2498854,Mobile,+8550962498854
Smart-096-2498855,Mobile,+8550962498855
Smart-096-2498856,Mobile,+8550962498856
Smart-096-2498857,Mobile,+8550962498857
Smart-096-2498858,Mobile,+8550962498858
Smart-096-2498859,Mobile,+8550962498859
Smart-096-2498860,Mobile,+8550962498860
Smart-096-2498861,Mobile,+8550962498861
Smart-096-2498862,Mobile,+8550962498862
Smart-096-2498863,Mobile,+8550962498863
Smart-096-2498864,Mobile,+8550962498864
Smart-096-2498865,Mobile,+8550962498865
Smart-096-2498866,Mobile,+8550962498866
Smart-096-2498867,Mobile,+8550962498867
Smart-096-2498868,Mobile,+8550962498868
Smart-096-2498869,Mobile,+8550962498869
Smart-096-2498870,Mobile,+8550962498870
Smart-096-2498871,Mobile,+8550962498871
Smart-096-2498872,Mobile,+8550962498872
Smart-096-2498873,Mobile,+8550962498873
Smart-096-2498874,Mobile,+8550962498874
Smart-096-2498875,Mobile,+8550962498875
Smart-096-2498876,Mobile,+8550962498876
Smart-096-2498877,Mobile,+8550962498877
Smart-096-2498878,Mobile,+8550962498878
Smart-096-2498879,Mobile,+8550962498879
Smart-096-2498880,Mobile,+8550962498880
Smart-096-2498881,Mobile,+8550962498881
Smart-096-2498882,Mobile,+8550962498882
Smart-096-2498883,Mobile,+8550962498883
Smart-096-2498884,Mobile,+8550962498884
Smart-096-2498885,Mobile,+8550962498885
Smart-096-2498886,Mobile,+8550962498886
Smart-096-2498887,Mobile,+8550962498887
Smart-096-2498888,Mobile,+8550962498888
Smart-096-2498889,Mobile,+8550962498889
Smart-096-2498890,Mobile,+8550962498890
Smart-096-2498891,Mobile,+8550962498891
Smart-096-2498892,Mobile,+8550962498892
Smart-096-2498893,Mobile,+8550962498893
Smart-096-2498894,Mobile,+8550962498894
Smart-096-2498895,Mobile,+8550962498895
Smart-096-2498896,Mobile,+8550962498896
Smart-096-2498897,Mobile,+8550962498897
Smart-096-2498898,Mobile,+8550962498898
Smart-096-2498899,Mobile,+8550962498899
Smart-096-2498900,Mobile,+8550962498900
Smart-096-2498901,Mobile,+8550962498901
Smart-096-2498902,Mobile,+8550962498902
Smart-096-2498903,Mobile,+8550962498903
Smart-096-2498904,Mobile,+8550962498904
Smart-096-2498905,Mobile,+8550962498905
Smart-096-2498906,Mobile,+8550962498906
Smart-096-2498907,Mobile,+8550962498907
Smart-096-2498908,Mobile,+8550962498908
Smart-096-2498909,Mobile,+8550962498909
Smart-096-2498910,Mobile,+8550962498910
Smart-096-2498911,Mobile,+8550962498911
Smart-096-2498912,Mobile,+8550962498912
Smart-096-2498913,Mobile,+8550962498913
Smart-096-2498914,Mobile,+8550962498914
Smart-096-2498915,Mobile,+8550962498915
Smart-096-2498916,Mobile,+8550962498916
Smart-096-2498917,Mobile,+8550962498917
Smart-096-2498918,Mobile,+8550962498918
Smart-096-2498919,Mobile,+8550962498919
Smart-096-2498920,Mobile,+8550962498920
Smart-096-2498921,Mobile,+8550962498921
Smart-096-2498922,Mobile,+8550962498922
Smart-096-2498923,Mobile,+8550962498923
Smart-096-2498924,Mobile,+8550962498924
Smart-096-2498925,Mobile,+8550962498925
Smart-096-2498926,Mobile,+8550962498926
Smart-096-2498927,Mobile,+8550962498927
Smart-096-2498928,Mobile,+8550962498928
Smart-096-2498929,Mobile,+8550962498929
Smart-096-2498930,Mobile,+8550962498930
Smart-096-2498931,Mobile,+8550962498931
Smart-096-2498932,Mobile,+8550962498932
Smart-096-2498933,Mobile,+8550962498933
Smart-096-2498934,Mobile,+8550962498934
Smart-096-2498935,Mobile,+8550962498935
Smart-096-2498936,Mobile,+8550962498936
Smart-096-2498937,Mobile,+8550962498937
Smart-096-2498938,Mobile,+8550962498938
Smart-096-2498939,Mobile,+8550962498939
Smart-096-2498940,Mobile,+8550962498940
Smart-096-2498941,Mobile,+8550962498941
Smart-096-2498942,Mobile,+8550962498942
Smart-096-2498943,Mobile,+8550962498943
Smart-096-2498944,Mobile,+8550962498944
Smart-096-2498945,Mobile,+8550962498945
Smart-096-2498946,Mobile,+8550962498946
Smart-096-2498947,Mobile,+8550962498947
Smart-096-2498948,Mobile,+8550962498948
Smart-096-2498949,Mobile,+8550962498949
Smart-096-2498950,Mobile,+8550962498950
Smart-096-2498951,Mobile,+8550962498951
Smart-096-2498952,Mobile,+8550962498952
Smart-096-2498953,Mobile,+8550962498953
Smart-096-2498954,Mobile,+8550962498954
Smart-096-2498955,Mobile,+8550962498955
Smart-096-2498956,Mobile,+8550962498956
Smart-096-2498957,Mobile,+8550962498957
Smart-096-2498958,Mobile,+8550962498958
Smart-096-2498959,Mobile,+8550962498959
Smart-096-2498960,Mobile,+8550962498960
Smart-096-2498961,Mobile,+8550962498961
Smart-096-2498962,Mobile,+8550962498962
Smart-096-2498963,Mobile,+8550962498963
Smart-096-2498964,Mobile,+8550962498964
Smart-096-2498965,Mobile,+8550962498965
Smart-096-2498966,Mobile,+8550962498966
Smart-096-2498967,Mobile,+8550962498967
Smart-096-2498968,Mobile,+8550962498968
Smart-096-2498969,Mobile,+8550962498969
Smart-096-2498970,Mobile,+8550962498970
Smart-096-2498971,Mobile,+8550962498971
Smart-096-2498972,Mobile,+8550962498972
Smart-096-2498973,Mobile,+8550962498973
Smart-096-2498974,Mobile,+8550962498974
Smart-096-2498975,Mobile,+8550962498975
Smart-096-2498976,Mobile,+8550962498976
Smart-096-2498977,Mobile,+8550962498977
Smart-096-2498978,Mobile,+8550962498978
Smart-096-2498979,Mobile,+8550962498979
Smart-096-2498980,Mobile,+8550962498980
Smart-096-2498981,Mobile,+8550962498981
Smart-096-2498982,Mobile,+8550962498982
Smart-096-2498983,Mobile,+8550962498983
Smart-096-2498984,Mobile,+8550962498984
Smart-096-2498985,Mobile,+8550962498985
Smart-096-2498986,Mobile,+8550962498986
Smart-096-2498987,Mobile,+8550962498987
Smart-096-2498988,Mobile,+8550962498988
Smart-096-2498989,Mobile,+8550962498989
Smart-096-2498990,Mobile,+8550962498990
Smart-096-2498991,Mobile,+8550962498991
Smart-096-2498992,Mobile,+8550962498992
Smart-096-2498993,Mobile,+8550962498993
Smart-096-2498994,Mobile,+8550962498994
Smart-096-2498995,Mobile,+8550962498995
Smart-096-2498996,Mobile,+8550962498996
Smart-096-2498997,Mobile,+8550962498997
Smart-096-2498998,Mobile,+8550962498998
Smart-096-2498999,Mobile,+8550962498999
Smart-096-2499000,Mobile,+8550962499000
Smart-096-2499001,Mobile,+8550962499001
Smart-096-2499002,Mobile,+8550962499002
Smart-096-2499003,Mobile,+8550962499003
Smart-096-2499004,Mobile,+8550962499004
Smart-096-2499005,Mobile,+8550962499005
Smart-096-2499006,Mobile,+8550962499006
Smart-096-2499007,Mobile,+8550962499007
Smart-096-2499008,Mobile,+8550962499008
Smart-096-2499009,Mobile,+8550962499009
Smart-096-2499010,Mobile,+8550962499010
Smart-096-2499011,Mobile,+8550962499011
Smart-096-2499012,Mobile,+8550962499012
Smart-096-2499013,Mobile,+8550962499013
Smart-096-2499014,Mobile,+8550962499014
Smart-096-2499015,Mobile,+8550962499015
Smart-096-2499016,Mobile,+8550962499016
Smart-096-2499017,Mobile,+8550962499017
Smart-096-2499018,Mobile,+8550962499018
Smart-096-2499019,Mobile,+8550962499019
Smart-096-2499020,Mobile,+8550962499020
Smart-096-2499021,Mobile,+8550962499021
Smart-096-2499022,Mobile,+8550962499022
Smart-096-2499023,Mobile,+8550962499023
Smart-096-2499024,Mobile,+8550962499024
Smart-096-2499025,Mobile,+8550962499025
Smart-096-2499026,Mobile,+8550962499026
Smart-096-2499027,Mobile,+8550962499027
Smart-096-2499028,Mobile,+8550962499028
Smart-096-2499029,Mobile,+8550962499029
Smart-096-2499030,Mobile,+8550962499030
Smart-096-2499031,Mobile,+8550962499031
Smart-096-2499032,Mobile,+8550962499032
Smart-096-2499033,Mobile,+8550962499033
Smart-096-2499034,Mobile,+8550962499034
Smart-096-2499035,Mobile,+8550962499035
Smart-096-2499036,Mobile,+8550962499036
Smart-096-2499037,Mobile,+8550962499037
Smart-096-2499038,Mobile,+8550962499038
Smart-096-2499039,Mobile,+8550962499039
Smart-096-2499040,Mobile,+8550962499040
Smart-096-2499041,Mobile,+8550962499041
Smart-096-2499042,Mobile,+8550962499042
Smart-096-2499043,Mobile,+8550962499043
Smart-096-2499044,Mobile,+8550962499044
Smart-096-2499045,Mobile,+8550962499045
Smart-096-2499046,Mobile,+8550962499046
Smart-096-2499047,Mobile,+8550962499047
Smart-096-2499048,Mobile,+8550962499048
Smart-096-2499049,Mobile,+8550962499049
Smart-096-2499050,Mobile,+8550962499050
Smart-096-2499051,Mobile,+8550962499051
Smart-096-2499052,Mobile,+8550962499052
Smart-096-2499053,Mobile,+8550962499053
Smart-096-2499054,Mobile,+8550962499054
Smart-096-2499055,Mobile,+8550962499055
Smart-096-2499056,Mobile,+8550962499056
Smart-096-2499057,Mobile,+8550962499057
Smart-096-2499058,Mobile,+8550962499058
Smart-096-2499059,Mobile,+8550962499059
Smart-096-2499060,Mobile,+8550962499060
Smart-096-2499061,Mobile,+8550962499061
Smart-096-2499062,Mobile,+8550962499062
Smart-096-2499063,Mobile,+8550962499063
Smart-096-2499064,Mobile,+8550962499064
Smart-096-2499065,Mobile,+8550962499065
Smart-096-2499066,Mobile,+8550962499066
Smart-096-2499067,Mobile,+8550962499067
Smart-096-2499068,Mobile,+8550962499068
Smart-096-2499069,Mobile,+8550962499069
Smart-096-2499070,Mobile,+8550962499070
Smart-096-2499071,Mobile,+8550962499071
Smart-096-2499072,Mobile,+8550962499072
Smart-096-2499073,Mobile,+8550962499073
Smart-096-2499074,Mobile,+8550962499074
Smart-096-2499075,Mobile,+8550962499075
Smart-096-2499076,Mobile,+8550962499076
Smart-096-2499077,Mobile,+8550962499077
Smart-096-2499078,Mobile,+8550962499078
Smart-096-2499079,Mobile,+8550962499079
Smart-096-2499080,Mobile,+8550962499080
Smart-096-2499081,Mobile,+8550962499081
Smart-096-2499082,Mobile,+8550962499082
Smart-096-2499083,Mobile,+8550962499083
Smart-096-2499084,Mobile,+8550962499084
Smart-096-2499085,Mobile,+8550962499085
Smart-096-2499086,Mobile,+8550962499086
Smart-096-2499087,Mobile,+8550962499087
Smart-096-2499088,Mobile,+8550962499088
Smart-096-2499089,Mobile,+8550962499089
Smart-096-2499090,Mobile,+8550962499090
Smart-096-2499091,Mobile,+8550962499091
Smart-096-2499092,Mobile,+8550962499092
Smart-096-2499093,Mobile,+8550962499093
Smart-096-2499094,Mobile,+8550962499094
Smart-096-2499095,Mobile,+8550962499095
Smart-096-2499096,Mobile,+8550962499096
Smart-096-2499097,Mobile,+8550962499097
Smart-096-2499098,Mobile,+8550962499098
Smart-096-2499099,Mobile,+8550962499099
Smart-096-2499100,Mobile,+8550962499100
Smart-096-2499101,Mobile,+8550962499101
Smart-096-2499102,Mobile,+8550962499102
Smart-096-2499103,Mobile,+8550962499103
Smart-096-2499104,Mobile,+8550962499104
Smart-096-2499105,Mobile,+8550962499105
Smart-096-2499106,Mobile,+8550962499106
Smart-096-2499107,Mobile,+8550962499107
Smart-096-2499108,Mobile,+8550962499108
Smart-096-2499109,Mobile,+8550962499109
Smart-096-2499110,Mobile,+8550962499110
Smart-096-2499111,Mobile,+8550962499111
Smart-096-2499112,Mobile,+8550962499112
Smart-096-2499113,Mobile,+8550962499113
Smart-096-2499114,Mobile,+8550962499114
Smart-096-2499115,Mobile,+8550962499115
Smart-096-2499116,Mobile,+8550962499116
Smart-096-2499117,Mobile,+8550962499117
Smart-096-2499118,Mobile,+8550962499118
Smart-096-2499119,Mobile,+8550962499119
Smart-096-2499120,Mobile,+8550962499120
Smart-096-2499121,Mobile,+8550962499121
Smart-096-2499122,Mobile,+8550962499122
Smart-096-2499123,Mobile,+8550962499123
Smart-096-2499124,Mobile,+8550962499124
Smart-096-2499125,Mobile,+8550962499125
Smart-096-2499126,Mobile,+8550962499126
Smart-096-2499127,Mobile,+8550962499127
Smart-096-2499128,Mobile,+8550962499128
Smart-096-2499129,Mobile,+8550962499129
Smart-096-2499130,Mobile,+8550962499130
Smart-096-2499131,Mobile,+8550962499131
Smart-096-2499132,Mobile,+8550962499132
Smart-096-2499133,Mobile,+8550962499133
Smart-096-2499134,Mobile,+8550962499134
Smart-096-2499135,Mobile,+8550962499135
Smart-096-2499136,Mobile,+8550962499136
Smart-096-2499137,Mobile,+8550962499137
Smart-096-2499138,Mobile,+8550962499138
Smart-096-2499139,Mobile,+8550962499139
Smart-096-2499140,Mobile,+8550962499140
Smart-096-2499141,Mobile,+8550962499141
Smart-096-2499142,Mobile,+8550962499142
Smart-096-2499143,Mobile,+8550962499143
Smart-096-2499144,Mobile,+8550962499144
Smart-096-2499145,Mobile,+8550962499145
Smart-096-2499146,Mobile,+8550962499146
Smart-096-2499147,Mobile,+8550962499147
Smart-096-2499148,Mobile,+8550962499148
Smart-096-2499149,Mobile,+8550962499149
Smart-096-2499150,Mobile,+8550962499150
Smart-096-2499151,Mobile,+8550962499151
Smart-096-2499152,Mobile,+8550962499152
Smart-096-2499153,Mobile,+8550962499153
Smart-096-2499154,Mobile,+8550962499154
Smart-096-2499155,Mobile,+8550962499155
Smart-096-2499156,Mobile,+8550962499156
Smart-096-2499157,Mobile,+8550962499157
Smart-096-2499158,Mobile,+8550962499158
Smart-096-2499159,Mobile,+8550962499159
Smart-096-2499160,Mobile,+8550962499160
Smart-096-2499161,Mobile,+8550962499161
Smart-096-2499162,Mobile,+8550962499162
Smart-096-2499163,Mobile,+8550962499163
Smart-096-2499164,Mobile,+8550962499164
Smart-096-2499165,Mobile,+8550962499165
Smart-096-2499166,Mobile,+8550962499166
Smart-096-2499167,Mobile,+8550962499167
Smart-096-2499168,Mobile,+8550962499168
Smart-096-2499169,Mobile,+8550962499169
Smart-096-2499170,Mobile,+8550962499170
Smart-096-2499171,Mobile,+8550962499171
Smart-096-2499172,Mobile,+8550962499172
Smart-096-2499173,Mobile,+8550962499173
Smart-096-2499174,Mobile,+8550962499174
Smart-096-2499175,Mobile,+8550962499175
Smart-096-2499176,Mobile,+8550962499176
Smart-096-2499177,Mobile,+8550962499177
Smart-096-2499178,Mobile,+8550962499178
Smart-096-2499179,Mobile,+8550962499179
Smart-096-2499180,Mobile,+8550962499180
Smart-096-2499181,Mobile,+8550962499181
Smart-096-2499182,Mobile,+8550962499182
Smart-096-2499183,Mobile,+8550962499183
Smart-096-2499184,Mobile,+8550962499184
Smart-096-2499185,Mobile,+8550962499185
Smart-096-2499186,Mobile,+8550962499186
Smart-096-2499187,Mobile,+8550962499187
Smart-096-2499188,Mobile,+8550962499188
Smart-096-2499189,Mobile,+8550962499189
Smart-096-2499190,Mobile,+8550962499190
Smart-096-2499191,Mobile,+8550962499191
Smart-096-2499192,Mobile,+8550962499192
Smart-096-2499193,Mobile,+8550962499193
Smart-096-2499194,Mobile,+8550962499194
Smart-096-2499195,Mobile,+8550962499195
Smart-096-2499196,Mobile,+8550962499196
Smart-096-2499197,Mobile,+8550962499197
Smart-096-2499198,Mobile,+8550962499198
Smart-096-2499199,Mobile,+8550962499199
Smart-096-2499200,Mobile,+8550962499200
Smart-096-2499201,Mobile,+8550962499201
Smart-096-2499202,Mobile,+8550962499202
Smart-096-2499203,Mobile,+8550962499203
Smart-096-2499204,Mobile,+8550962499204
Smart-096-2499205,Mobile,+8550962499205
Smart-096-2499206,Mobile,+8550962499206
Smart-096-2499207,Mobile,+8550962499207
Smart-096-2499208,Mobile,+8550962499208
Smart-096-2499209,Mobile,+8550962499209
Smart-096-2499210,Mobile,+8550962499210
Smart-096-2499211,Mobile,+8550962499211
Smart-096-2499212,Mobile,+8550962499212
Smart-096-2499213,Mobile,+8550962499213
Smart-096-2499214,Mobile,+8550962499214
Smart-096-2499215,Mobile,+8550962499215
Smart-096-2499216,Mobile,+8550962499216
Smart-096-2499217,Mobile,+8550962499217
Smart-096-2499218,Mobile,+8550962499218
Smart-096-2499219,Mobile,+8550962499219
Smart-096-2499220,Mobile,+8550962499220
Smart-096-2499221,Mobile,+8550962499221
Smart-096-2499222,Mobile,+8550962499222
Smart-096-2499223,Mobile,+8550962499223
Smart-096-2499224,Mobile,+8550962499224
Smart-096-2499225,Mobile,+8550962499225
Smart-096-2499226,Mobile,+8550962499226
Smart-096-2499227,Mobile,+8550962499227
Smart-096-2499228,Mobile,+8550962499228
Smart-096-2499229,Mobile,+8550962499229
Smart-096-2499230,Mobile,+8550962499230
Smart-096-2499231,Mobile,+8550962499231
Smart-096-2499232,Mobile,+8550962499232
Smart-096-2499233,Mobile,+8550962499233
Smart-096-2499234,Mobile,+8550962499234
Smart-096-2499235,Mobile,+8550962499235
Smart-096-2499236,Mobile,+8550962499236
Smart-096-2499237,Mobile,+8550962499237
Smart-096-2499238,Mobile,+8550962499238
Smart-096-2499239,Mobile,+8550962499239
Smart-096-2499240,Mobile,+8550962499240
Smart-096-2499241,Mobile,+8550962499241
Smart-096-2499242,Mobile,+8550962499242
Smart-096-2499243,Mobile,+8550962499243
Smart-096-2499244,Mobile,+8550962499244
Smart-096-2499245,Mobile,+8550962499245
Smart-096-2499246,Mobile,+8550962499246
Smart-096-2499247,Mobile,+8550962499247
Smart-096-2499248,Mobile,+8550962499248
Smart-096-2499249,Mobile,+8550962499249
Smart-096-2499250,Mobile,+8550962499250
Smart-096-2499251,Mobile,+8550962499251
Smart-096-2499252,Mobile,+8550962499252
Smart-096-2499253,Mobile,+8550962499253
Smart-096-2499254,Mobile,+8550962499254
Smart-096-2499255,Mobile,+8550962499255
Smart-096-2499256,Mobile,+8550962499256
Smart-096-2499257,Mobile,+8550962499257
Smart-096-2499258,Mobile,+8550962499258
Smart-096-2499259,Mobile,+8550962499259
Smart-096-2499260,Mobile,+8550962499260
Smart-096-2499261,Mobile,+8550962499261
Smart-096-2499262,Mobile,+8550962499262
Smart-096-2499263,Mobile,+8550962499263
Smart-096-2499264,Mobile,+8550962499264
Smart-096-2499265,Mobile,+8550962499265
Smart-096-2499266,Mobile,+8550962499266
Smart-096-2499267,Mobile,+8550962499267
Smart-096-2499268,Mobile,+8550962499268
Smart-096-2499269,Mobile,+8550962499269
Smart-096-2499270,Mobile,+8550962499270
Smart-096-2499271,Mobile,+8550962499271
Smart-096-2499272,Mobile,+8550962499272
Smart-096-2499273,Mobile,+8550962499273
Smart-096-2499274,Mobile,+8550962499274
Smart-096-2499275,Mobile,+8550962499275
Smart-096-2499276,Mobile,+8550962499276
Smart-096-2499277,Mobile,+8550962499277
Smart-096-2499278,Mobile,+8550962499278
Smart-096-2499279,Mobile,+8550962499279
Smart-096-2499280,Mobile,+8550962499280
Smart-096-2499281,Mobile,+8550962499281
Smart-096-2499282,Mobile,+8550962499282
Smart-096-2499283,Mobile,+8550962499283
Smart-096-2499284,Mobile,+8550962499284
Smart-096-2499285,Mobile,+8550962499285
Smart-096-2499286,Mobile,+8550962499286
Smart-096-2499287,Mobile,+8550962499287
Smart-096-2499288,Mobile,+8550962499288
Smart-096-2499289,Mobile,+8550962499289
Smart-096-2499290,Mobile,+8550962499290
Smart-096-2499291,Mobile,+8550962499291
Smart-096-2499292,Mobile,+8550962499292
Smart-096-2499293,Mobile,+8550962499293
Smart-096-2499294,Mobile,+8550962499294
Smart-096-2499295,Mobile,+8550962499295
Smart-096-2499296,Mobile,+8550962499296
Smart-096-2499297,Mobile,+8550962499297
Smart-096-2499298,Mobile,+8550962499298
Smart-096-2499299,Mobile,+8550962499299
Smart-096-2499300,Mobile,+8550962499300
Smart-096-2499301,Mobile,+8550962499301
Smart-096-2499302,Mobile,+8550962499302
Smart-096-2499303,Mobile,+8550962499303
Smart-096-2499304,Mobile,+8550962499304
Smart-096-2499305,Mobile,+8550962499305
Smart-096-2499306,Mobile,+8550962499306
Smart-096-2499307,Mobile,+8550962499307
Smart-096-2499308,Mobile,+8550962499308
Smart-096-2499309,Mobile,+8550962499309
Smart-096-2499310,Mobile,+8550962499310
Smart-096-2499311,Mobile,+8550962499311
Smart-096-2499312,Mobile,+8550962499312
Smart-096-2499313,Mobile,+8550962499313
Smart-096-2499314,Mobile,+8550962499314
Smart-096-2499315,Mobile,+8550962499315
Smart-096-2499316,Mobile,+8550962499316
Smart-096-2499317,Mobile,+8550962499317
Smart-096-2499318,Mobile,+8550962499318
Smart-096-2499319,Mobile,+8550962499319
Smart-096-2499320,Mobile,+8550962499320
Smart-096-2499321,Mobile,+8550962499321
Smart-096-2499322,Mobile,+8550962499322
Smart-096-2499323,Mobile,+8550962499323
Smart-096-2499324,Mobile,+8550962499324
Smart-096-2499325,Mobile,+8550962499325
Smart-096-2499326,Mobile,+8550962499326
Smart-096-2499327,Mobile,+8550962499327
Smart-096-2499328,Mobile,+8550962499328
Smart-096-2499329,Mobile,+8550962499329
Smart-096-2499330,Mobile,+8550962499330
Smart-096-2499331,Mobile,+8550962499331
Smart-096-2499332,Mobile,+8550962499332
Smart-096-2499333,Mobile,+8550962499333
Smart-096-2499334,Mobile,+8550962499334
Smart-096-2499335,Mobile,+8550962499335
Smart-096-2499336,Mobile,+8550962499336
Smart-096-2499337,Mobile,+8550962499337
Smart-096-2499338,Mobile,+8550962499338
Smart-096-2499339,Mobile,+8550962499339
Smart-096-2499340,Mobile,+8550962499340
Smart-096-2499341,Mobile,+8550962499341
Smart-096-2499342,Mobile,+8550962499342
Smart-096-2499343,Mobile,+8550962499343
Smart-096-2499344,Mobile,+8550962499344
Smart-096-2499345,Mobile,+8550962499345
Smart-096-2499346,Mobile,+8550962499346
Smart-096-2499347,Mobile,+8550962499347
Smart-096-2499348,Mobile,+8550962499348
Smart-096-2499349,Mobile,+8550962499349
Smart-096-2499350,Mobile,+8550962499350
Smart-096-2499351,Mobile,+8550962499351
Smart-096-2499352,Mobile,+8550962499352
Smart-096-2499353,Mobile,+8550962499353
Smart-096-2499354,Mobile,+8550962499354
Smart-096-2499355,Mobile,+8550962499355
Smart-096-2499356,Mobile,+8550962499356
Smart-096-2499357,Mobile,+8550962499357
Smart-096-2499358,Mobile,+8550962499358
Smart-096-2499359,Mobile,+8550962499359
Smart-096-2499360,Mobile,+8550962499360
Smart-096-2499361,Mobile,+8550962499361
Smart-096-2499362,Mobile,+8550962499362
Smart-096-2499363,Mobile,+8550962499363
Smart-096-2499364,Mobile,+8550962499364
Smart-096-2499365,Mobile,+8550962499365
Smart-096-2499366,Mobile,+8550962499366
Smart-096-2499367,Mobile,+8550962499367
Smart-096-2499368,Mobile,+8550962499368
Smart-096-2499369,Mobile,+8550962499369
Smart-096-2499370,Mobile,+8550962499370
Smart-096-2499371,Mobile,+8550962499371
Smart-096-2499372,Mobile,+8550962499372
Smart-096-2499373,Mobile,+8550962499373
Smart-096-2499374,Mobile,+8550962499374
Smart-096-2499375,Mobile,+8550962499375
Smart-096-2499376,Mobile,+8550962499376
Smart-096-2499377,Mobile,+8550962499377
Smart-096-2499378,Mobile,+8550962499378
Smart-096-2499379,Mobile,+8550962499379
Smart-096-2499380,Mobile,+8550962499380
Smart-096-2499381,Mobile,+8550962499381
Smart-096-2499382,Mobile,+8550962499382
Smart-096-2499383,Mobile,+8550962499383
Smart-096-2499384,Mobile,+8550962499384
Smart-096-2499385,Mobile,+8550962499385
Smart-096-2499386,Mobile,+8550962499386
Smart-096-2499387,Mobile,+8550962499387
Smart-096-2499388,Mobile,+8550962499388
Smart-096-2499389,Mobile,+8550962499389
Smart-096-2499390,Mobile,+8550962499390
Smart-096-2499391,Mobile,+8550962499391
Smart-096-2499392,Mobile,+8550962499392
Smart-096-2499393,Mobile,+8550962499393
Smart-096-2499394,Mobile,+8550962499394
Smart-096-2499395,Mobile,+8550962499395
Smart-096-2499396,Mobile,+8550962499396
Smart-096-2499397,Mobile,+8550962499397
Smart-096-2499398,Mobile,+8550962499398
Smart-096-2499399,Mobile,+8550962499399
Smart-096-2499400,Mobile,+8550962499400
Smart-096-2499401,Mobile,+8550962499401
Smart-096-2499402,Mobile,+8550962499402
Smart-096-2499403,Mobile,+8550962499403
Smart-096-2499404,Mobile,+8550962499404
Smart-096-2499405,Mobile,+8550962499405
Smart-096-2499406,Mobile,+8550962499406
Smart-096-2499407,Mobile,+8550962499407
Smart-096-2499408,Mobile,+8550962499408
Smart-096-2499409,Mobile,+8550962499409
Smart-096-2499410,Mobile,+8550962499410
Smart-096-2499411,Mobile,+8550962499411
Smart-096-2499412,Mobile,+8550962499412
Smart-096-2499413,Mobile,+8550962499413
Smart-096-2499414,Mobile,+8550962499414
Smart-096-2499415,Mobile,+8550962499415
Smart-096-2499416,Mobile,+8550962499416
Smart-096-2499417,Mobile,+8550962499417
Smart-096-2499418,Mobile,+8550962499418
Smart-096-2499419,Mobile,+8550962499419
Smart-096-2499420,Mobile,+8550962499420
Smart-096-2499421,Mobile,+8550962499421
Smart-096-2499422,Mobile,+8550962499422
Smart-096-2499423,Mobile,+8550962499423
Smart-096-2499424,Mobile,+8550962499424
Smart-096-2499425,Mobile,+8550962499425
Smart-096-2499426,Mobile,+8550962499426
Smart-096-2499427,Mobile,+8550962499427
Smart-096-2499428,Mobile,+8550962499428
Smart-096-2499429,Mobile,+8550962499429
Smart-096-2499430,Mobile,+8550962499430
Smart-096-2499431,Mobile,+8550962499431
Smart-096-2499432,Mobile,+8550962499432
Smart-096-2499433,Mobile,+8550962499433
Smart-096-2499434,Mobile,+8550962499434
Smart-096-2499435,Mobile,+8550962499435
Smart-096-2499436,Mobile,+8550962499436
Smart-096-2499437,Mobile,+8550962499437
Smart-096-2499438,Mobile,+8550962499438
Smart-096-2499439,Mobile,+8550962499439
Smart-096-2499440,Mobile,+8550962499440
Smart-096-2499441,Mobile,+8550962499441
Smart-096-2499442,Mobile,+8550962499442
Smart-096-2499443,Mobile,+8550962499443
Smart-096-2499444,Mobile,+8550962499444
Smart-096-2499445,Mobile,+8550962499445
Smart-096-2499446,Mobile,+8550962499446
Smart-096-2499447,Mobile,+8550962499447
Smart-096-2499448,Mobile,+8550962499448
Smart-096-2499449,Mobile,+8550962499449
Smart-096-2499450,Mobile,+8550962499450
Smart-096-2499451,Mobile,+8550962499451
Smart-096-2499452,Mobile,+8550962499452
Smart-096-2499453,Mobile,+8550962499453
Smart-096-2499454,Mobile,+8550962499454
Smart-096-2499455,Mobile,+8550962499455
Smart-096-2499456,Mobile,+8550962499456
Smart-096-2499457,Mobile,+8550962499457
Smart-096-2499458,Mobile,+8550962499458
Smart-096-2499459,Mobile,+8550962499459
Smart-096-2499460,Mobile,+8550962499460
Smart-096-2499461,Mobile,+8550962499461
Smart-096-2499462,Mobile,+8550962499462
Smart-096-2499463,Mobile,+8550962499463
Smart-096-2499464,Mobile,+8550962499464
Smart-096-2499465,Mobile,+8550962499465
Smart-096-2499466,Mobile,+8550962499466
Smart-096-2499467,Mobile,+8550962499467
Smart-096-2499468,Mobile,+8550962499468
Smart-096-2499469,Mobile,+8550962499469
Smart-096-2499470,Mobile,+8550962499470
Smart-096-2499471,Mobile,+8550962499471
Smart-096-2499472,Mobile,+8550962499472
Smart-096-2499473,Mobile,+8550962499473
Smart-096-2499474,Mobile,+8550962499474
Smart-096-2499475,Mobile,+8550962499475
Smart-096-2499476,Mobile,+8550962499476
Smart-096-2499477,Mobile,+8550962499477
Smart-096-2499478,Mobile,+8550962499478
Smart-096-2499479,Mobile,+8550962499479
Smart-096-2499480,Mobile,+8550962499480
Smart-096-2499481,Mobile,+8550962499481
Smart-096-2499482,Mobile,+8550962499482
Smart-096-2499483,Mobile,+8550962499483
Smart-096-2499484,Mobile,+8550962499484
Smart-096-2499485,Mobile,+8550962499485
Smart-096-2499486,Mobile,+8550962499486
Smart-096-2499487,Mobile,+8550962499487
Smart-096-2499488,Mobile,+8550962499488
Smart-096-2499489,Mobile,+8550962499489
Smart-096-2499490,Mobile,+8550962499490
Smart-096-2499491,Mobile,+8550962499491
Smart-096-2499492,Mobile,+8550962499492
Smart-096-2499493,Mobile,+8550962499493
Smart-096-2499494,Mobile,+8550962499494
Smart-096-2499495,Mobile,+8550962499495
Smart-096-2499496,Mobile,+8550962499496
Smart-096-2499497,Mobile,+8550962499497
Smart-096-2499498,Mobile,+8550962499498
Smart-096-2499499,Mobile,+8550962499499
Smart-096-2499500,Mobile,+8550962499500
Smart-096-2499501,Mobile,+8550962499501
Smart-096-2499502,Mobile,+8550962499502
Smart-096-2499503,Mobile,+8550962499503
Smart-096-2499504,Mobile,+8550962499504
Smart-096-2499505,Mobile,+8550962499505
Smart-096-2499506,Mobile,+8550962499506
Smart-096-2499507,Mobile,+8550962499507
Smart-096-2499508,Mobile,+8550962499508
Smart-096-2499509,Mobile,+8550962499509
Smart-096-2499510,Mobile,+8550962499510
Smart-096-2499511,Mobile,+8550962499511
Smart-096-2499512,Mobile,+8550962499512
Smart-096-2499513,Mobile,+8550962499513
Smart-096-2499514,Mobile,+8550962499514
Smart-096-2499515,Mobile,+8550962499515
Smart-096-2499516,Mobile,+8550962499516
Smart-096-2499517,Mobile,+8550962499517
Smart-096-2499518,Mobile,+8550962499518
Smart-096-2499519,Mobile,+8550962499519
Smart-096-2499520,Mobile,+8550962499520
Smart-096-2499521,Mobile,+8550962499521
Smart-096-2499522,Mobile,+8550962499522
Smart-096-2499523,Mobile,+8550962499523
Smart-096-2499524,Mobile,+8550962499524
Smart-096-2499525,Mobile,+8550962499525
Smart-096-2499526,Mobile,+8550962499526
Smart-096-2499527,Mobile,+8550962499527
Smart-096-2499528,Mobile,+8550962499528
Smart-096-2499529,Mobile,+8550962499529
Smart-096-2499530,Mobile,+8550962499530
Smart-096-2499531,Mobile,+8550962499531
Smart-096-2499532,Mobile,+8550962499532
Smart-096-2499533,Mobile,+8550962499533
Smart-096-2499534,Mobile,+8550962499534
Smart-096-2499535,Mobile,+8550962499535
Smart-096-2499536,Mobile,+8550962499536
Smart-096-2499537,Mobile,+8550962499537
Smart-096-2499538,Mobile,+8550962499538
Smart-096-2499539,Mobile,+8550962499539
Smart-096-2499540,Mobile,+8550962499540
Smart-096-2499541,Mobile,+8550962499541
Smart-096-2499542,Mobile,+8550962499542
Smart-096-2499543,Mobile,+8550962499543
Smart-096-2499544,Mobile,+8550962499544
Smart-096-2499545,Mobile,+8550962499545
Smart-096-2499546,Mobile,+8550962499546
Smart-096-2499547,Mobile,+8550962499547
Smart-096-2499548,Mobile,+8550962499548
Smart-096-2499549,Mobile,+8550962499549
Smart-096-2499550,Mobile,+8550962499550
Smart-096-2499551,Mobile,+8550962499551
Smart-096-2499552,Mobile,+8550962499552
Smart-096-2499553,Mobile,+8550962499553
Smart-096-2499554,Mobile,+8550962499554
Smart-096-2499555,Mobile,+8550962499555
Smart-096-2499556,Mobile,+8550962499556
Smart-096-2499557,Mobile,+8550962499557
Smart-096-2499558,Mobile,+8550962499558
Smart-096-2499559,Mobile,+8550962499559
Smart-096-2499560,Mobile,+8550962499560
Smart-096-2499561,Mobile,+8550962499561
Smart-096-2499562,Mobile,+8550962499562
Smart-096-2499563,Mobile,+8550962499563
Smart-096-2499564,Mobile,+8550962499564
Smart-096-2499565,Mobile,+8550962499565
Smart-096-2499566,Mobile,+8550962499566
Smart-096-2499567,Mobile,+8550962499567
Smart-096-2499568,Mobile,+8550962499568
Smart-096-2499569,Mobile,+8550962499569
Smart-096-2499570,Mobile,+8550962499570
Smart-096-2499571,Mobile,+8550962499571
Smart-096-2499572,Mobile,+8550962499572
Smart-096-2499573,Mobile,+8550962499573
Smart-096-2499574,Mobile,+8550962499574
Smart-096-2499575,Mobile,+8550962499575
Smart-096-2499576,Mobile,+8550962499576
Smart-096-2499577,Mobile,+8550962499577
Smart-096-2499578,Mobile,+8550962499578
Smart-096-2499579,Mobile,+8550962499579
Smart-096-2499580,Mobile,+8550962499580
Smart-096-2499581,Mobile,+8550962499581
Smart-096-2499582,Mobile,+8550962499582
Smart-096-2499583,Mobile,+8550962499583
Smart-096-2499584,Mobile,+8550962499584
Smart-096-2499585,Mobile,+8550962499585
Smart-096-2499586,Mobile,+8550962499586
Smart-096-2499587,Mobile,+8550962499587
Smart-096-2499588,Mobile,+8550962499588
Smart-096-2499589,Mobile,+8550962499589
Smart-096-2499590,Mobile,+8550962499590
Smart-096-2499591,Mobile,+8550962499591
Smart-096-2499592,Mobile,+8550962499592
Smart-096-2499593,Mobile,+8550962499593
Smart-096-2499594,Mobile,+8550962499594
Smart-096-2499595,Mobile,+8550962499595
Smart-096-2499596,Mobile,+8550962499596
Smart-096-2499597,Mobile,+8550962499597
Smart-096-2499598,Mobile,+8550962499598
Smart-096-2499599,Mobile,+8550962499599
Smart-096-2499600,Mobile,+8550962499600
Smart-096-2499601,Mobile,+8550962499601
Smart-096-2499602,Mobile,+8550962499602
Smart-096-2499603,Mobile,+8550962499603
Smart-096-2499604,Mobile,+8550962499604
Smart-096-2499605,Mobile,+8550962499605
Smart-096-2499606,Mobile,+8550962499606
Smart-096-2499607,Mobile,+8550962499607
Smart-096-2499608,Mobile,+8550962499608
Smart-096-2499609,Mobile,+8550962499609
Smart-096-2499610,Mobile,+8550962499610
Smart-096-2499611,Mobile,+8550962499611
Smart-096-2499612,Mobile,+8550962499612
Smart-096-2499613,Mobile,+8550962499613
Smart-096-2499614,Mobile,+8550962499614
Smart-096-2499615,Mobile,+8550962499615
Smart-096-2499616,Mobile,+8550962499616
Smart-096-2499617,Mobile,+8550962499617
Smart-096-2499618,Mobile,+8550962499618
Smart-096-2499619,Mobile,+8550962499619
Smart-096-2499620,Mobile,+8550962499620
Smart-096-2499621,Mobile,+8550962499621
Smart-096-2499622,Mobile,+8550962499622
Smart-096-2499623,Mobile,+8550962499623
Smart-096-2499624,Mobile,+8550962499624
Smart-096-2499625,Mobile,+8550962499625
Smart-096-2499626,Mobile,+8550962499626
Smart-096-2499627,Mobile,+8550962499627
Smart-096-2499628,Mobile,+8550962499628
Smart-096-2499629,Mobile,+8550962499629
Smart-096-2499630,Mobile,+8550962499630
Smart-096-2499631,Mobile,+8550962499631
Smart-096-2499632,Mobile,+8550962499632
Smart-096-2499633,Mobile,+8550962499633
Smart-096-2499634,Mobile,+8550962499634
Smart-096-2499635,Mobile,+8550962499635
Smart-096-2499636,Mobile,+8550962499636
Smart-096-2499637,Mobile,+8550962499637
Smart-096-2499638,Mobile,+8550962499638
Smart-096-2499639,Mobile,+8550962499639
Smart-096-2499640,Mobile,+8550962499640
Smart-096-2499641,Mobile,+8550962499641
Smart-096-2499642,Mobile,+8550962499642
Smart-096-2499643,Mobile,+8550962499643
Smart-096-2499644,Mobile,+8550962499644
Smart-096-2499645,Mobile,+8550962499645
Smart-096-2499646,Mobile,+8550962499646
Smart-096-2499647,Mobile,+8550962499647
Smart-096-2499648,Mobile,+8550962499648
Smart-096-2499649,Mobile,+8550962499649
Smart-096-2499650,Mobile,+8550962499650
Smart-096-2499651,Mobile,+8550962499651
Smart-096-2499652,Mobile,+8550962499652
Smart-096-2499653,Mobile,+8550962499653
Smart-096-2499654,Mobile,+8550962499654
Smart-096-2499655,Mobile,+8550962499655
Smart-096-2499656,Mobile,+8550962499656
Smart-096-2499657,Mobile,+8550962499657
Smart-096-2499658,Mobile,+8550962499658
Smart-096-2499659,Mobile,+8550962499659
Smart-096-2499660,Mobile,+8550962499660
Smart-096-2499661,Mobile,+8550962499661
Smart-096-2499662,Mobile,+8550962499662
Smart-096-2499663,Mobile,+8550962499663
Smart-096-2499664,Mobile,+8550962499664
Smart-096-2499665,Mobile,+8550962499665
Smart-096-2499666,Mobile,+8550962499666
Smart-096-2499667,Mobile,+8550962499667
Smart-096-2499668,Mobile,+8550962499668
Smart-096-2499669,Mobile,+8550962499669
Smart-096-2499670,Mobile,+8550962499670
Smart-096-2499671,Mobile,+8550962499671
Smart-096-2499672,Mobile,+8550962499672
Smart-096-2499673,Mobile,+8550962499673
Smart-096-2499674,Mobile,+8550962499674
Smart-096-2499675,Mobile,+8550962499675
Smart-096-2499676,Mobile,+8550962499676
Smart-096-2499677,Mobile,+8550962499677
Smart-096-2499678,Mobile,+8550962499678
Smart-096-2499679,Mobile,+8550962499679
Smart-096-2499680,Mobile,+8550962499680
Smart-096-2499681,Mobile,+8550962499681
Smart-096-2499682,Mobile,+8550962499682
Smart-096-2499683,Mobile,+8550962499683
Smart-096-2499684,Mobile,+8550962499684
Smart-096-2499685,Mobile,+8550962499685
Smart-096-2499686,Mobile,+8550962499686
Smart-096-2499687,Mobile,+8550962499687
Smart-096-2499688,Mobile,+8550962499688
Smart-096-2499689,Mobile,+8550962499689
Smart-096-2499690,Mobile,+8550962499690
Smart-096-2499691,Mobile,+8550962499691
Smart-096-2499692,Mobile,+8550962499692
Smart-096-2499693,Mobile,+8550962499693
Smart-096-2499694,Mobile,+8550962499694
Smart-096-2499695,Mobile,+8550962499695
Smart-096-2499696,Mobile,+8550962499696
Smart-096-2499697,Mobile,+8550962499697
Smart-096-2499698,Mobile,+8550962499698
Smart-096-2499699,Mobile,+8550962499699
Smart-096-2499700,Mobile,+8550962499700
Smart-096-2499701,Mobile,+8550962499701
Smart-096-2499702,Mobile,+8550962499702
Smart-096-2499703,Mobile,+8550962499703
Smart-096-2499704,Mobile,+8550962499704
Smart-096-2499705,Mobile,+8550962499705
Smart-096-2499706,Mobile,+8550962499706
Smart-096-2499707,Mobile,+8550962499707
Smart-096-2499708,Mobile,+8550962499708
Smart-096-2499709,Mobile,+8550962499709
Smart-096-2499710,Mobile,+8550962499710
Smart-096-2499711,Mobile,+8550962499711
Smart-096-2499712,Mobile,+8550962499712
Smart-096-2499713,Mobile,+8550962499713
Smart-096-2499714,Mobile,+8550962499714
Smart-096-2499715,Mobile,+8550962499715
Smart-096-2499716,Mobile,+8550962499716
Smart-096-2499717,Mobile,+8550962499717
Smart-096-2499718,Mobile,+8550962499718
Smart-096-2499719,Mobile,+8550962499719
Smart-096-2499720,Mobile,+8550962499720
Smart-096-2499721,Mobile,+8550962499721
Smart-096-2499722,Mobile,+8550962499722
Smart-096-2499723,Mobile,+8550962499723
Smart-096-2499724,Mobile,+8550962499724
Smart-096-2499725,Mobile,+8550962499725
Smart-096-2499726,Mobile,+8550962499726
Smart-096-2499727,Mobile,+8550962499727
Smart-096-2499728,Mobile,+8550962499728
Smart-096-2499729,Mobile,+8550962499729
Smart-096-2499730,Mobile,+8550962499730
Smart-096-2499731,Mobile,+8550962499731
Smart-096-2499732,Mobile,+8550962499732
Smart-096-2499733,Mobile,+8550962499733
Smart-096-2499734,Mobile,+8550962499734
Smart-096-2499735,Mobile,+8550962499735
Smart-096-2499736,Mobile,+8550962499736
Smart-096-2499737,Mobile,+8550962499737
Smart-096-2499738,Mobile,+8550962499738
Smart-096-2499739,Mobile,+8550962499739
Smart-096-2499740,Mobile,+8550962499740
Smart-096-2499741,Mobile,+8550962499741
Smart-096-2499742,Mobile,+8550962499742
Smart-096-2499743,Mobile,+8550962499743
Smart-096-2499744,Mobile,+8550962499744
Smart-096-2499745,Mobile,+8550962499745
Smart-096-2499746,Mobile,+8550962499746
Smart-096-2499747,Mobile,+8550962499747
Smart-096-2499748,Mobile,+8550962499748
Smart-096-2499749,Mobile,+8550962499749
Smart-096-2499750,Mobile,+8550962499750
Smart-096-2499751,Mobile,+8550962499751
Smart-096-2499752,Mobile,+8550962499752
Smart-096-2499753,Mobile,+8550962499753
Smart-096-2499754,Mobile,+8550962499754
Smart-096-2499755,Mobile,+8550962499755
Smart-096-2499756,Mobile,+8550962499756
Smart-096-2499757,Mobile,+8550962499757
Smart-096-2499758,Mobile,+8550962499758
Smart-096-2499759,Mobile,+8550962499759
Smart-096-2499760,Mobile,+8550962499760
Smart-096-2499761,Mobile,+8550962499761
Smart-096-2499762,Mobile,+8550962499762
Smart-096-2499763,Mobile,+8550962499763
Smart-096-2499764,Mobile,+8550962499764
Smart-096-2499765,Mobile,+8550962499765
Smart-096-2499766,Mobile,+8550962499766
Smart-096-2499767,Mobile,+8550962499767
Smart-096-2499768,Mobile,+8550962499768
Smart-096-2499769,Mobile,+8550962499769
Smart-096-2499770,Mobile,+8550962499770
Smart-096-2499771,Mobile,+8550962499771
Smart-096-2499772,Mobile,+8550962499772
Smart-096-2499773,Mobile,+8550962499773
Smart-096-2499774,Mobile,+8550962499774
Smart-096-2499775,Mobile,+8550962499775
Smart-096-2499776,Mobile,+8550962499776
Smart-096-2499777,Mobile,+8550962499777
Smart-096-2499778,Mobile,+8550962499778
Smart-096-2499779,Mobile,+8550962499779
Smart-096-2499780,Mobile,+8550962499780
Smart-096-2499781,Mobile,+8550962499781
Smart-096-2499782,Mobile,+8550962499782
Smart-096-2499783,Mobile,+8550962499783
Smart-096-2499784,Mobile,+8550962499784
Smart-096-2499785,Mobile,+8550962499785
Smart-096-2499786,Mobile,+8550962499786
Smart-096-2499787,Mobile,+8550962499787
Smart-096-2499788,Mobile,+8550962499788
Smart-096-2499789,Mobile,+8550962499789
Smart-096-2499790,Mobile,+8550962499790
Smart-096-2499791,Mobile,+8550962499791
Smart-096-2499792,Mobile,+8550962499792
Smart-096-2499793,Mobile,+8550962499793
Smart-096-2499794,Mobile,+8550962499794
Smart-096-2499795,Mobile,+8550962499795
Smart-096-2499796,Mobile,+8550962499796
Smart-096-2499797,Mobile,+8550962499797
Smart-096-2499798,Mobile,+8550962499798
Smart-096-2499799,Mobile,+8550962499799
Smart-096-2499800,Mobile,+8550962499800
Smart-096-2499801,Mobile,+8550962499801
Smart-096-2499802,Mobile,+8550962499802
Smart-096-2499803,Mobile,+8550962499803
Smart-096-2499804,Mobile,+8550962499804
Smart-096-2499805,Mobile,+8550962499805
Smart-096-2499806,Mobile,+8550962499806
Smart-096-2499807,Mobile,+8550962499807
Smart-096-2499808,Mobile,+8550962499808
Smart-096-2499809,Mobile,+8550962499809
Smart-096-2499810,Mobile,+8550962499810
Smart-096-2499811,Mobile,+8550962499811
Smart-096-2499812,Mobile,+8550962499812
Smart-096-2499813,Mobile,+8550962499813
Smart-096-2499814,Mobile,+8550962499814
Smart-096-2499815,Mobile,+8550962499815
Smart-096-2499816,Mobile,+8550962499816
Smart-096-2499817,Mobile,+8550962499817
Smart-096-2499818,Mobile,+8550962499818
Smart-096-2499819,Mobile,+8550962499819
Smart-096-2499820,Mobile,+8550962499820
Smart-096-2499821,Mobile,+8550962499821
Smart-096-2499822,Mobile,+8550962499822
Smart-096-2499823,Mobile,+8550962499823
Smart-096-2499824,Mobile,+8550962499824
Smart-096-2499825,Mobile,+8550962499825
Smart-096-2499826,Mobile,+8550962499826
Smart-096-2499827,Mobile,+8550962499827
Smart-096-2499828,Mobile,+8550962499828
Smart-096-2499829,Mobile,+8550962499829
Smart-096-2499830,Mobile,+8550962499830
Smart-096-2499831,Mobile,+8550962499831
Smart-096-2499832,Mobile,+8550962499832
Smart-096-2499833,Mobile,+8550962499833
Smart-096-2499834,Mobile,+8550962499834
Smart-096-2499835,Mobile,+8550962499835
Smart-096-2499836,Mobile,+8550962499836
Smart-096-2499837,Mobile,+8550962499837
Smart-096-2499838,Mobile,+8550962499838
Smart-096-2499839,Mobile,+8550962499839
Smart-096-2499840,Mobile,+8550962499840
Smart-096-2499841,Mobile,+8550962499841
Smart-096-2499842,Mobile,+8550962499842
Smart-096-2499843,Mobile,+8550962499843
Smart-096-2499844,Mobile,+8550962499844
Smart-096-2499845,Mobile,+8550962499845
Smart-096-2499846,Mobile,+8550962499846
Smart-096-2499847,Mobile,+8550962499847
Smart-096-2499848,Mobile,+8550962499848
Smart-096-2499849,Mobile,+8550962499849
Smart-096-2499850,Mobile,+8550962499850
Smart-096-2499851,Mobile,+8550962499851
Smart-096-2499852,Mobile,+8550962499852
Smart-096-2499853,Mobile,+8550962499853
Smart-096-2499854,Mobile,+8550962499854
Smart-096-2499855,Mobile,+8550962499855
Smart-096-2499856,Mobile,+8550962499856
Smart-096-2499857,Mobile,+8550962499857
Smart-096-2499858,Mobile,+8550962499858
Smart-096-2499859,Mobile,+8550962499859
Smart-096-2499860,Mobile,+8550962499860
Smart-096-2499861,Mobile,+8550962499861
Smart-096-2499862,Mobile,+8550962499862
Smart-096-2499863,Mobile,+8550962499863
Smart-096-2499864,Mobile,+8550962499864
Smart-096-2499865,Mobile,+8550962499865
Smart-096-2499866,Mobile,+8550962499866
Smart-096-2499867,Mobile,+8550962499867
Smart-096-2499868,Mobile,+8550962499868
Smart-096-2499869,Mobile,+8550962499869
Smart-096-2499870,Mobile,+8550962499870
Smart-096-2499871,Mobile,+8550962499871
Smart-096-2499872,Mobile,+8550962499872
Smart-096-2499873,Mobile,+8550962499873
Smart-096-2499874,Mobile,+8550962499874
Smart-096-2499875,Mobile,+8550962499875
Smart-096-2499876,Mobile,+8550962499876
Smart-096-2499877,Mobile,+8550962499877
Smart-096-2499878,Mobile,+8550962499878
Smart-096-2499879,Mobile,+8550962499879
Smart-096-2499880,Mobile,+8550962499880
Smart-096-2499881,Mobile,+8550962499881
Smart-096-2499882,Mobile,+8550962499882
Smart-096-2499883,Mobile,+8550962499883
Smart-096-2499884,Mobile,+8550962499884
Smart-096-2499885,Mobile,+8550962499885
Smart-096-2499886,Mobile,+8550962499886
Smart-096-2499887,Mobile,+8550962499887
Smart-096-2499888,Mobile,+8550962499888
Smart-096-2499889,Mobile,+8550962499889
Smart-096-2499890,Mobile,+8550962499890
Smart-096-2499891,Mobile,+8550962499891
Smart-096-2499892,Mobile,+8550962499892
Smart-096-2499893,Mobile,+8550962499893
Smart-096-2499894,Mobile,+8550962499894
Smart-096-2499895,Mobile,+8550962499895
Smart-096-2499896,Mobile,+8550962499896
Smart-096-2499897,Mobile,+8550962499897
Smart-096-2499898,Mobile,+8550962499898
Smart-096-2499899,Mobile,+8550962499899
Smart-096-2499900,Mobile,+8550962499900
Smart-096-2499901,Mobile,+8550962499901
Smart-096-2499902,Mobile,+8550962499902
Smart-096-2499903,Mobile,+8550962499903
Smart-096-2499904,Mobile,+8550962499904
Smart-096-2499905,Mobile,+8550962499905
Smart-096-2499906,Mobile,+8550962499906
Smart-096-2499907,Mobile,+8550962499907
Smart-096-2499908,Mobile,+8550962499908
Smart-096-2499909,Mobile,+8550962499909
Smart-096-2499910,Mobile,+8550962499910
Smart-096-2499911,Mobile,+8550962499911
Smart-096-2499912,Mobile,+8550962499912
Smart-096-2499913,Mobile,+8550962499913
Smart-096-2499914,Mobile,+8550962499914
Smart-096-2499915,Mobile,+8550962499915
Smart-096-2499916,Mobile,+8550962499916
Smart-096-2499917,Mobile,+8550962499917
Smart-096-2499918,Mobile,+8550962499918
Smart-096-2499919,Mobile,+8550962499919
Smart-096-2499920,Mobile,+8550962499920
Smart-096-2499921,Mobile,+8550962499921
Smart-096-2499922,Mobile,+8550962499922
Smart-096-2499923,Mobile,+8550962499923
Smart-096-2499924,Mobile,+8550962499924
Smart-096-2499925,Mobile,+8550962499925
Smart-096-2499926,Mobile,+8550962499926
Smart-096-2499927,Mobile,+8550962499927
Smart-096-2499928,Mobile,+8550962499928
Smart-096-2499929,Mobile,+8550962499929
Smart-096-2499930,Mobile,+8550962499930
Smart-096-2499931,Mobile,+8550962499931
Smart-096-2499932,Mobile,+8550962499932
Smart-096-2499933,Mobile,+8550962499933
Smart-096-2499934,Mobile,+8550962499934
Smart-096-2499935,Mobile,+8550962499935
Smart-096-2499936,Mobile,+8550962499936
Smart-096-2499937,Mobile,+8550962499937
Smart-096-2499938,Mobile,+8550962499938
Smart-096-2499939,Mobile,+8550962499939
Smart-096-2499940,Mobile,+8550962499940
Smart-096-2499941,Mobile,+8550962499941
Smart-096-2499942,Mobile,+8550962499942
Smart-096-2499943,Mobile,+8550962499943
Smart-096-2499944,Mobile,+8550962499944
Smart-096-2499945,Mobile,+8550962499945
Smart-096-2499946,Mobile,+8550962499946
Smart-096-2499947,Mobile,+8550962499947
Smart-096-2499948,Mobile,+8550962499948
Smart-096-2499949,Mobile,+8550962499949
Smart-096-2499950,Mobile,+8550962499950
Smart-096-2499951,Mobile,+8550962499951
Smart-096-2499952,Mobile,+8550962499952
Smart-096-2499953,Mobile,+8550962499953
Smart-096-2499954,Mobile,+8550962499954
Smart-096-2499955,Mobile,+8550962499955
Smart-096-2499956,Mobile,+8550962499956
Smart-096-2499957,Mobile,+8550962499957
Smart-096-2499958,Mobile,+8550962499958
Smart-096-2499959,Mobile,+8550962499959
Smart-096-2499960,Mobile,+8550962499960
Smart-096-2499961,Mobile,+8550962499961
Smart-096-2499962,Mobile,+8550962499962
Smart-096-2499963,Mobile,+8550962499963
Smart-096-2499964,Mobile,+8550962499964
Smart-096-2499965,Mobile,+8550962499965
Smart-096-2499966,Mobile,+8550962499966
Smart-096-2499967,Mobile,+8550962499967
Smart-096-2499968,Mobile,+8550962499968
Smart-096-2499969,Mobile,+8550962499969
Smart-096-2499970,Mobile,+8550962499970
Smart-096-2499971,Mobile,+8550962499971
Smart-096-2499972,Mobile,+8550962499972
Smart-096-2499973,Mobile,+8550962499973
Smart-096-2499974,Mobile,+8550962499974
Smart-096-2499975,Mobile,+8550962499975
Smart-096-2499976,Mobile,+8550962499976
Smart-096-2499977,Mobile,+8550962499977
Smart-096-2499978,Mobile,+8550962499978
Smart-096-2499979,Mobile,+8550962499979
Smart-096-2499980,Mobile,+8550962499980
Smart-096-2499981,Mobile,+8550962499981
Smart-096-2499982,Mobile,+8550962499982
Smart-096-2499983,Mobile,+8550962499983
Smart-096-2499984,Mobile,+8550962499984
Smart-096-2499985,Mobile,+8550962499985
Smart-096-2499986,Mobile,+8550962499986
Smart-096-2499987,Mobile,+8550962499987
Smart-096-2499988,Mobile,+8550962499988
Smart-096-2499989,Mobile,+8550962499989
Smart-096-2499990,Mobile,+8550962499990
Smart-096-2499991,Mobile,+8550962499991
Smart-096-2499992,Mobile,+8550962499992
Smart-096-2499993,Mobile,+8550962499993
Smart-096-2499994,Mobile,+8550962499994
Smart-096-2499995,Mobile,+8550962499995
Smart-096-2499996,Mobile,+8550962499996
Smart-096-2499997,Mobile,+8550962499997
Smart-096-2499998,Mobile,+8550962499998
Smart-096-2499999,Mobile,+8550962499999
Smart-096-2500000,Mobile,+8550962500000
Smart-096-2500001,Mobile,+8550962500001
Smart-096-2500002,Mobile,+8550962500002
Smart-096-2500003,Mobile,+8550962500003
Smart-096-2500004,Mobile,+8550962500004
Smart-096-2500005,Mobile,+8550962500005
Smart-096-2500006,Mobile,+8550962500006
Smart-096-2500007,Mobile,+8550962500007
Smart-096-2500008,Mobile,+8550962500008
Smart-096-2500009,Mobile,+8550962500009
Smart-096-2500010,Mobile,+8550962500010
Smart-096-2500011,Mobile,+8550962500011
Smart-096-2500012,Mobile,+8550962500012
Smart-096-2500013,Mobile,+8550962500013
Smart-096-2500014,Mobile,+8550962500014
Smart-096-2500015,Mobile,+8550962500015
Smart-096-2500016,Mobile,+8550962500016
Smart-096-2500017,Mobile,+8550962500017
Smart-096-2500018,Mobile,+8550962500018
Smart-096-2500019,Mobile,+8550962500019
Smart-096-2500020,Mobile,+8550962500020
Smart-096-2500021,Mobile,+8550962500021
Smart-096-2500022,Mobile,+8550962500022
Smart-096-2500023,Mobile,+8550962500023
Smart-096-2500024,Mobile,+8550962500024
Smart-096-2500025,Mobile,+8550962500025
Smart-096-2500026,Mobile,+8550962500026
Smart-096-2500027,Mobile,+8550962500027
Smart-096-2500028,Mobile,+8550962500028
Smart-096-2500029,Mobile,+8550962500029
Smart-096-2500030,Mobile,+8550962500030
Smart-096-2500031,Mobile,+8550962500031
Smart-096-2500032,Mobile,+8550962500032
Smart-096-2500033,Mobile,+8550962500033
Smart-096-2500034,Mobile,+8550962500034
Smart-096-2500035,Mobile,+8550962500035
Smart-096-2500036,Mobile,+8550962500036
Smart-096-2500037,Mobile,+8550962500037
Smart-096-2500038,Mobile,+8550962500038
Smart-096-2500039,Mobile,+8550962500039
Smart-096-2500040,Mobile,+8550962500040
Smart-096-2500041,Mobile,+8550962500041
Smart-096-2500042,Mobile,+8550962500042
Smart-096-2500043,Mobile,+8550962500043
Smart-096-2500044,Mobile,+8550962500044
Smart-096-2500045,Mobile,+8550962500045
Smart-096-2500046,Mobile,+8550962500046
Smart-096-2500047,Mobile,+8550962500047
Smart-096-2500048,Mobile,+8550962500048
Smart-096-2500049,Mobile,+8550962500049
Smart-096-2500050,Mobile,+8550962500050
Smart-096-2500051,Mobile,+8550962500051
Smart-096-2500052,Mobile,+8550962500052
Smart-096-2500053,Mobile,+8550962500053
Smart-096-2500054,Mobile,+8550962500054
Smart-096-2500055,Mobile,+8550962500055
Smart-096-2500056,Mobile,+8550962500056
Smart-096-2500057,Mobile,+8550962500057
Smart-096-2500058,Mobile,+8550962500058
Smart-096-2500059,Mobile,+8550962500059
Smart-096-2500060,Mobile,+8550962500060
Smart-096-2500061,Mobile,+8550962500061
Smart-096-2500062,Mobile,+8550962500062
Smart-096-2500063,Mobile,+8550962500063
Smart-096-2500064,Mobile,+8550962500064
Smart-096-2500065,Mobile,+8550962500065
Smart-096-2500066,Mobile,+8550962500066
Smart-096-2500067,Mobile,+8550962500067
Smart-096-2500068,Mobile,+8550962500068
Smart-096-2500069,Mobile,+8550962500069
Smart-096-2500070,Mobile,+8550962500070
Smart-096-2500071,Mobile,+8550962500071
Smart-096-2500072,Mobile,+8550962500072
Smart-096-2500073,Mobile,+8550962500073
Smart-096-2500074,Mobile,+8550962500074
Smart-096-2500075,Mobile,+8550962500075
Smart-096-2500076,Mobile,+8550962500076
Smart-096-2500077,Mobile,+8550962500077
Smart-096-2500078,Mobile,+8550962500078
Smart-096-2500079,Mobile,+8550962500079
Smart-096-2500080,Mobile,+8550962500080
Smart-096-2500081,Mobile,+8550962500081
Smart-096-2500082,Mobile,+8550962500082
Smart-096-2500083,Mobile,+8550962500083
Smart-096-2500084,Mobile,+8550962500084
Smart-096-2500085,Mobile,+8550962500085
Smart-096-2500086,Mobile,+8550962500086
Smart-096-2500087,Mobile,+8550962500087
Smart-096-2500088,Mobile,+8550962500088
Smart-096-2500089,Mobile,+8550962500089
Smart-096-2500090,Mobile,+8550962500090
Smart-096-2500091,Mobile,+8550962500091
Smart-096-2500092,Mobile,+8550962500092
Smart-096-2500093,Mobile,+8550962500093
Smart-096-2500094,Mobile,+8550962500094
Smart-096-2500095,Mobile,+8550962500095
Smart-096-2500096,Mobile,+8550962500096
Smart-096-2500097,Mobile,+8550962500097
Smart-096-2500098,Mobile,+8550962500098
Smart-096-2500099,Mobile,+8550962500099
Smart-096-2500100,Mobile,+8550962500100
Smart-096-2500101,Mobile,+8550962500101
Smart-096-2500102,Mobile,+8550962500102
Smart-096-2500103,Mobile,+8550962500103
Smart-096-2500104,Mobile,+8550962500104
Smart-096-2500105,Mobile,+8550962500105
Smart-096-2500106,Mobile,+8550962500106
Smart-096-2500107,Mobile,+8550962500107
Smart-096-2500108,Mobile,+8550962500108
Smart-096-2500109,Mobile,+8550962500109
Smart-096-2500110,Mobile,+8550962500110
Smart-096-2500111,Mobile,+8550962500111
Smart-096-2500112,Mobile,+8550962500112
Smart-096-2500113,Mobile,+8550962500113
Smart-096-2500114,Mobile,+8550962500114
Smart-096-2500115,Mobile,+8550962500115
Smart-096-2500116,Mobile,+8550962500116
Smart-096-2500117,Mobile,+8550962500117
Smart-096-2500118,Mobile,+8550962500118
Smart-096-2500119,Mobile,+8550962500119
Smart-096-2500120,Mobile,+8550962500120
Smart-096-2500121,Mobile,+8550962500121
Smart-096-2500122,Mobile,+8550962500122
Smart-096-2500123,Mobile,+8550962500123
Smart-096-2500124,Mobile,+8550962500124
Smart-096-2500125,Mobile,+8550962500125
Smart-096-2500126,Mobile,+8550962500126
Smart-096-2500127,Mobile,+8550962500127
Smart-096-2500128,Mobile,+8550962500128
Smart-096-2500129,Mobile,+8550962500129
Smart-096-2500130,Mobile,+8550962500130
Smart-096-2500131,Mobile,+8550962500131
Smart-096-2500132,Mobile,+8550962500132
Smart-096-2500133,Mobile,+8550962500133
Smart-096-2500134,Mobile,+8550962500134
Smart-096-2500135,Mobile,+8550962500135
Smart-096-2500136,Mobile,+8550962500136
Smart-096-2500137,Mobile,+8550962500137
Smart-096-2500138,Mobile,+8550962500138
Smart-096-2500139,Mobile,+8550962500139
Smart-096-2500140,Mobile,+8550962500140
Smart-096-2500141,Mobile,+8550962500141
Smart-096-2500142,Mobile,+8550962500142
Smart-096-2500143,Mobile,+8550962500143
Smart-096-2500144,Mobile,+8550962500144
Smart-096-2500145,Mobile,+8550962500145
Smart-096-2500146,Mobile,+8550962500146
Smart-096-2500147,Mobile,+8550962500147
Smart-096-2500148,Mobile,+8550962500148
Smart-096-2500149,Mobile,+8550962500149
Smart-096-2500150,Mobile,+8550962500150
Smart-096-2500151,Mobile,+8550962500151
Smart-096-2500152,Mobile,+8550962500152
Smart-096-2500153,Mobile,+8550962500153
Smart-096-2500154,Mobile,+8550962500154
Smart-096-2500155,Mobile,+8550962500155
Smart-096-2500156,Mobile,+8550962500156
Smart-096-2500157,Mobile,+8550962500157
Smart-096-2500158,Mobile,+8550962500158
Smart-096-2500159,Mobile,+8550962500159
Smart-096-2500160,Mobile,+8550962500160
Smart-096-2500161,Mobile,+8550962500161
Smart-096-2500162,Mobile,+8550962500162
Smart-096-2500163,Mobile,+8550962500163
Smart-096-2500164,Mobile,+8550962500164
Smart-096-2500165,Mobile,+8550962500165
Smart-096-2500166,Mobile,+8550962500166
Smart-096-2500167,Mobile,+8550962500167
Smart-096-2500168,Mobile,+8550962500168
Smart-096-2500169,Mobile,+8550962500169
Smart-096-2500170,Mobile,+8550962500170
Smart-096-2500171,Mobile,+8550962500171
Smart-096-2500172,Mobile,+8550962500172
Smart-096-2500173,Mobile,+8550962500173
Smart-096-2500174,Mobile,+8550962500174
Smart-096-2500175,Mobile,+8550962500175
Smart-096-2500176,Mobile,+8550962500176
Smart-096-2500177,Mobile,+8550962500177
Smart-096-2500178,Mobile,+8550962500178
Smart-096-2500179,Mobile,+8550962500179
Smart-096-2500180,Mobile,+8550962500180
Smart-096-2500181,Mobile,+8550962500181
Smart-096-2500182,Mobile,+8550962500182
Smart-096-2500183,Mobile,+8550962500183
Smart-096-2500184,Mobile,+8550962500184
Smart-096-2500185,Mobile,+8550962500185
Smart-096-2500186,Mobile,+8550962500186
Smart-096-2500187,Mobile,+8550962500187
Smart-096-2500188,Mobile,+8550962500188
Smart-096-2500189,Mobile,+8550962500189
Smart-096-2500190,Mobile,+8550962500190
Smart-096-2500191,Mobile,+8550962500191
Smart-096-2500192,Mobile,+8550962500192
Smart-096-2500193,Mobile,+8550962500193
Smart-096-2500194,Mobile,+8550962500194
Smart-096-2500195,Mobile,+8550962500195
Smart-096-2500196,Mobile,+8550962500196
Smart-096-2500197,Mobile,+8550962500197
Smart-096-2500198,Mobile,+8550962500198
Smart-096-2500199,Mobile,+8550962500199
Smart-096-2500200,Mobile,+8550962500200
Smart-096-2500201,Mobile,+8550962500201
Smart-096-2500202,Mobile,+8550962500202
Smart-096-2500203,Mobile,+8550962500203
Smart-096-2500204,Mobile,+8550962500204
Smart-096-2500205,Mobile,+8550962500205
Smart-096-2500206,Mobile,+8550962500206
Smart-096-2500207,Mobile,+8550962500207
Smart-096-2500208,Mobile,+8550962500208
Smart-096-2500209,Mobile,+8550962500209
Smart-096-2500210,Mobile,+8550962500210
Smart-096-2500211,Mobile,+8550962500211
Smart-096-2500212,Mobile,+8550962500212
Smart-096-2500213,Mobile,+8550962500213
Smart-096-2500214,Mobile,+8550962500214
Smart-096-2500215,Mobile,+8550962500215
Smart-096-2500216,Mobile,+8550962500216
Smart-096-2500217,Mobile,+8550962500217
Smart-096-2500218,Mobile,+8550962500218
Smart-096-2500219,Mobile,+8550962500219
Smart-096-2500220,Mobile,+8550962500220
Smart-096-2500221,Mobile,+8550962500221
Smart-096-2500222,Mobile,+8550962500222
Smart-096-2500223,Mobile,+8550962500223
Smart-096-2500224,Mobile,+8550962500224
Smart-096-2500225,Mobile,+8550962500225
Smart-096-2500226,Mobile,+8550962500226
Smart-096-2500227,Mobile,+8550962500227
Smart-096-2500228,Mobile,+8550962500228
Smart-096-2500229,Mobile,+8550962500229
Smart-096-2500230,Mobile,+8550962500230
Smart-096-2500231,Mobile,+8550962500231
Smart-096-2500232,Mobile,+8550962500232
Smart-096-2500233,Mobile,+8550962500233
Smart-096-2500234,Mobile,+8550962500234
Smart-096-2500235,Mobile,+8550962500235
Smart-096-2500236,Mobile,+8550962500236
Smart-096-2500237,Mobile,+8550962500237
Smart-096-2500238,Mobile,+8550962500238
Smart-096-2500239,Mobile,+8550962500239
Smart-096-2500240,Mobile,+8550962500240
Smart-096-2500241,Mobile,+8550962500241
Smart-096-2500242,Mobile,+8550962500242
Smart-096-2500243,Mobile,+8550962500243
Smart-096-2500244,Mobile,+8550962500244
Smart-096-2500245,Mobile,+8550962500245
Smart-096-2500246,Mobile,+8550962500246
Smart-096-2500247,Mobile,+8550962500247
Smart-096-2500248,Mobile,+8550962500248
Smart-096-2500249,Mobile,+8550962500249
Smart-096-2500250,Mobile,+8550962500250
Smart-096-2500251,Mobile,+8550962500251
Smart-096-2500252,Mobile,+8550962500252
Smart-096-2500253,Mobile,+8550962500253
Smart-096-2500254,Mobile,+8550962500254
Smart-096-2500255,Mobile,+8550962500255
Smart-096-2500256,Mobile,+8550962500256
Smart-096-2500257,Mobile,+8550962500257
Smart-096-2500258,Mobile,+8550962500258
Smart-096-2500259,Mobile,+8550962500259
Smart-096-2500260,Mobile,+8550962500260
Smart-096-2500261,Mobile,+8550962500261
Smart-096-2500262,Mobile,+8550962500262
Smart-096-2500263,Mobile,+8550962500263
Smart-096-2500264,Mobile,+8550962500264
Smart-096-2500265,Mobile,+8550962500265
Smart-096-2500266,Mobile,+8550962500266
Smart-096-2500267,Mobile,+8550962500267
Smart-096-2500268,Mobile,+8550962500268
Smart-096-2500269,Mobile,+8550962500269
Smart-096-2500270,Mobile,+8550962500270
Smart-096-2500271,Mobile,+8550962500271
Smart-096-2500272,Mobile,+8550962500272
Smart-096-2500273,Mobile,+8550962500273
Smart-096-2500274,Mobile,+8550962500274
Smart-096-2500275,Mobile,+8550962500275
Smart-096-2500276,Mobile,+8550962500276
Smart-096-2500277,Mobile,+8550962500277
Smart-096-2500278,Mobile,+8550962500278
Smart-096-2500279,Mobile,+8550962500279
Smart-096-2500280,Mobile,+8550962500280
Smart-096-2500281,Mobile,+8550962500281
Smart-096-2500282,Mobile,+8550962500282
Smart-096-2500283,Mobile,+8550962500283
Smart-096-2500284,Mobile,+8550962500284
Smart-096-2500285,Mobile,+8550962500285
Smart-096-2500286,Mobile,+8550962500286
Smart-096-2500287,Mobile,+8550962500287
Smart-096-2500288,Mobile,+8550962500288
Smart-096-2500289,Mobile,+8550962500289
Smart-096-2500290,Mobile,+8550962500290
Smart-096-2500291,Mobile,+8550962500291
Smart-096-2500292,Mobile,+8550962500292
Smart-096-2500293,Mobile,+8550962500293
Smart-096-2500294,Mobile,+8550962500294
Smart-096-2500295,Mobile,+8550962500295
Smart-096-2500296,Mobile,+8550962500296
Smart-096-2500297,Mobile,+8550962500297
Smart-096-2500298,Mobile,+8550962500298
Smart-096-2500299,Mobile,+8550962500299
Smart-096-2500300,Mobile,+8550962500300
Smart-096-2500301,Mobile,+8550962500301
Smart-096-2500302,Mobile,+8550962500302
Smart-096-2500303,Mobile,+8550962500303
Smart-096-2500304,Mobile,+8550962500304
Smart-096-2500305,Mobile,+8550962500305
Smart-096-2500306,Mobile,+8550962500306
Smart-096-2500307,Mobile,+8550962500307
Smart-096-2500308,Mobile,+8550962500308
Smart-096-2500309,Mobile,+8550962500309
Smart-096-2500310,Mobile,+8550962500310
Smart-096-2500311,Mobile,+8550962500311
Smart-096-2500312,Mobile,+8550962500312
Smart-096-2500313,Mobile,+8550962500313
Smart-096-2500314,Mobile,+8550962500314
Smart-096-2500315,Mobile,+8550962500315
Smart-096-2500316,Mobile,+8550962500316
Smart-096-2500317,Mobile,+8550962500317
Smart-096-2500318,Mobile,+8550962500318
Smart-096-2500319,Mobile,+8550962500319
Smart-096-2500320,Mobile,+8550962500320
Smart-096-2500321,Mobile,+8550962500321
Smart-096-2500322,Mobile,+8550962500322
Smart-096-2500323,Mobile,+8550962500323
Smart-096-2500324,Mobile,+8550962500324
Smart-096-2500325,Mobile,+8550962500325
Smart-096-2500326,Mobile,+8550962500326
Smart-096-2500327,Mobile,+8550962500327
Smart-096-2500328,Mobile,+8550962500328
Smart-096-2500329,Mobile,+8550962500329
Smart-096-2500330,Mobile,+8550962500330
Smart-096-2500331,Mobile,+8550962500331
Smart-096-2500332,Mobile,+8550962500332
Smart-096-2500333,Mobile,+8550962500333
Smart-096-2500334,Mobile,+8550962500334
Smart-096-2500335,Mobile,+8550962500335
Smart-096-2500336,Mobile,+8550962500336
Smart-096-2500337,Mobile,+8550962500337
Smart-096-2500338,Mobile,+8550962500338
Smart-096-2500339,Mobile,+8550962500339
Smart-096-2500340,Mobile,+8550962500340
Smart-096-2500341,Mobile,+8550962500341
Smart-096-2500342,Mobile,+8550962500342
Smart-096-2500343,Mobile,+8550962500343
Smart-096-2500344,Mobile,+8550962500344
Smart-096-2500345,Mobile,+8550962500345
Smart-096-2500346,Mobile,+8550962500346
Smart-096-2500347,Mobile,+8550962500347
Smart-096-2500348,Mobile,+8550962500348
Smart-096-2500349,Mobile,+8550962500349
Smart-096-2500350,Mobile,+8550962500350
Smart-096-2500351,Mobile,+8550962500351
Smart-096-2500352,Mobile,+8550962500352
Smart-096-2500353,Mobile,+8550962500353
Smart-096-2500354,Mobile,+8550962500354
Smart-096-2500355,Mobile,+8550962500355
Smart-096-2500356,Mobile,+8550962500356
Smart-096-2500357,Mobile,+8550962500357
Smart-096-2500358,Mobile,+8550962500358
Smart-096-2500359,Mobile,+8550962500359
Smart-096-2500360,Mobile,+8550962500360
Smart-096-2500361,Mobile,+8550962500361
Smart-096-2500362,Mobile,+8550962500362
Smart-096-2500363,Mobile,+8550962500363
Smart-096-2500364,Mobile,+8550962500364
Smart-096-2500365,Mobile,+8550962500365
Smart-096-2500366,Mobile,+8550962500366
Smart-096-2500367,Mobile,+8550962500367
Smart-096-2500368,Mobile,+8550962500368
Smart-096-2500369,Mobile,+8550962500369
Smart-096-2500370,Mobile,+8550962500370
Smart-096-2500371,Mobile,+8550962500371
Smart-096-2500372,Mobile,+8550962500372
Smart-096-2500373,Mobile,+8550962500373
Smart-096-2500374,Mobile,+8550962500374
Smart-096-2500375,Mobile,+8550962500375
Smart-096-2500376,Mobile,+8550962500376
Smart-096-2500377,Mobile,+8550962500377
Smart-096-2500378,Mobile,+8550962500378
Smart-096-2500379,Mobile,+8550962500379
Smart-096-2500380,Mobile,+8550962500380
Smart-096-2500381,Mobile,+8550962500381
Smart-096-2500382,Mobile,+8550962500382
Smart-096-2500383,Mobile,+8550962500383
Smart-096-2500384,Mobile,+8550962500384
Smart-096-2500385,Mobile,+8550962500385
Smart-096-2500386,Mobile,+8550962500386
Smart-096-2500387,Mobile,+8550962500387
Smart-096-2500388,Mobile,+8550962500388
Smart-096-2500389,Mobile,+8550962500389
Smart-096-2500390,Mobile,+8550962500390
Smart-096-2500391,Mobile,+8550962500391
Smart-096-2500392,Mobile,+8550962500392
Smart-096-2500393,Mobile,+8550962500393
Smart-096-2500394,Mobile,+8550962500394
Smart-096-2500395,Mobile,+8550962500395
Smart-096-2500396,Mobile,+8550962500396
Smart-096-2500397,Mobile,+8550962500397
Smart-096-2500398,Mobile,+8550962500398
Smart-096-2500399,Mobile,+8550962500399
Smart-096-2500400,Mobile,+8550962500400
Smart-096-2500401,Mobile,+8550962500401
Smart-096-2500402,Mobile,+8550962500402
Smart-096-2500403,Mobile,+8550962500403
Smart-096-2500404,Mobile,+8550962500404
Smart-096-2500405,Mobile,+8550962500405
Smart-096-2500406,Mobile,+8550962500406
Smart-096-2500407,Mobile,+8550962500407
Smart-096-2500408,Mobile,+8550962500408
Smart-096-2500409,Mobile,+8550962500409
Smart-096-2500410,Mobile,+8550962500410
Smart-096-2500411,Mobile,+8550962500411
Smart-096-2500412,Mobile,+8550962500412
Smart-096-2500413,Mobile,+8550962500413
Smart-096-2500414,Mobile,+8550962500414
Smart-096-2500415,Mobile,+8550962500415
Smart-096-2500416,Mobile,+8550962500416
Smart-096-2500417,Mobile,+8550962500417
Smart-096-2500418,Mobile,+8550962500418
Smart-096-2500419,Mobile,+8550962500419
Smart-096-2500420,Mobile,+8550962500420
Smart-096-2500421,Mobile,+8550962500421
Smart-096-2500422,Mobile,+8550962500422
Smart-096-2500423,Mobile,+8550962500423
Smart-096-2500424,Mobile,+8550962500424
Smart-096-2500425,Mobile,+8550962500425
Smart-096-2500426,Mobile,+8550962500426
Smart-096-2500427,Mobile,+8550962500427
Smart-096-2500428,Mobile,+8550962500428
Smart-096-2500429,Mobile,+8550962500429
Smart-096-2500430,Mobile,+8550962500430
Smart-096-2500431,Mobile,+8550962500431
Smart-096-2500432,Mobile,+8550962500432
Smart-096-2500433,Mobile,+8550962500433
Smart-096-2500434,Mobile,+8550962500434
Smart-096-2500435,Mobile,+8550962500435
Smart-096-2500436,Mobile,+8550962500436
Smart-096-2500437,Mobile,+8550962500437
Smart-096-2500438,Mobile,+8550962500438
Smart-096-2500439,Mobile,+8550962500439
Smart-096-2500440,Mobile,+8550962500440
Smart-096-2500441,Mobile,+8550962500441
Smart-096-2500442,Mobile,+8550962500442
Smart-096-2500443,Mobile,+8550962500443
Smart-096-2500444,Mobile,+8550962500444
Smart-096-2500445,Mobile,+8550962500445
Smart-096-2500446,Mobile,+8550962500446
Smart-096-2500447,Mobile,+8550962500447
Smart-096-2500448,Mobile,+8550962500448
Smart-096-2500449,Mobile,+8550962500449
Smart-096-2500450,Mobile,+8550962500450
Smart-096-2500451,Mobile,+8550962500451
Smart-096-2500452,Mobile,+8550962500452
Smart-096-2500453,Mobile,+8550962500453
Smart-096-2500454,Mobile,+8550962500454
Smart-096-2500455,Mobile,+8550962500455
Smart-096-2500456,Mobile,+8550962500456
Smart-096-2500457,Mobile,+8550962500457
Smart-096-2500458,Mobile,+8550962500458
Smart-096-2500459,Mobile,+8550962500459
Smart-096-2500460,Mobile,+8550962500460
Smart-096-2500461,Mobile,+8550962500461
Smart-096-2500462,Mobile,+8550962500462
Smart-096-2500463,Mobile,+8550962500463
Smart-096-2500464,Mobile,+8550962500464
Smart-096-2500465,Mobile,+8550962500465
Smart-096-2500466,Mobile,+8550962500466
Smart-096-2500467,Mobile,+8550962500467
Smart-096-2500468,Mobile,+8550962500468
Smart-096-2500469,Mobile,+8550962500469
Smart-096-2500470,Mobile,+8550962500470
Smart-096-2500471,Mobile,+8550962500471
Smart-096-2500472,Mobile,+8550962500472
Smart-096-2500473,Mobile,+8550962500473
Smart-096-2500474,Mobile,+8550962500474
Smart-096-2500475,Mobile,+8550962500475
Smart-096-2500476,Mobile,+8550962500476
Smart-096-2500477,Mobile,+8550962500477
Smart-096-2500478,Mobile,+8550962500478
Smart-096-2500479,Mobile,+8550962500479
Smart-096-2500480,Mobile,+8550962500480
Smart-096-2500481,Mobile,+8550962500481
Smart-096-2500482,Mobile,+8550962500482
Smart-096-2500483,Mobile,+8550962500483
Smart-096-2500484,Mobile,+8550962500484
Smart-096-2500485,Mobile,+8550962500485
Smart-096-2500486,Mobile,+8550962500486
Smart-096-2500487,Mobile,+8550962500487
Smart-096-2500488,Mobile,+8550962500488
Smart-096-2500489,Mobile,+8550962500489
Smart-096-2500490,Mobile,+8550962500490
Smart-096-2500491,Mobile,+8550962500491
Smart-096-2500492,Mobile,+8550962500492
Smart-096-2500493,Mobile,+8550962500493
Smart-096-2500494,Mobile,+8550962500494
Smart-096-2500495,Mobile,+8550962500495
Smart-096-2500496,Mobile,+8550962500496
Smart-096-2500497,Mobile,+8550962500497
Smart-096-2500498,Mobile,+8550962500498
Smart-096-2500499,Mobile,+8550962500499
Smart-096-2500500,Mobile,+8550962500500
Smart-096-2500501,Mobile,+8550962500501
Smart-096-2500502,Mobile,+8550962500502
Smart-096-2500503,Mobile,+8550962500503
Smart-096-2500504,Mobile,+8550962500504
Smart-096-2500505,Mobile,+8550962500505
Smart-096-2500506,Mobile,+8550962500506
Smart-096-2500507,Mobile,+8550962500507
Smart-096-2500508,Mobile,+8550962500508
Smart-096-2500509,Mobile,+8550962500509
Smart-096-2500510,Mobile,+8550962500510
Smart-096-2500511,Mobile,+8550962500511
Smart-096-2500512,Mobile,+8550962500512
Smart-096-2500513,Mobile,+8550962500513
Smart-096-2500514,Mobile,+8550962500514
Smart-096-2500515,Mobile,+8550962500515
Smart-096-2500516,Mobile,+8550962500516
Smart-096-2500517,Mobile,+8550962500517
Smart-096-2500518,Mobile,+8550962500518
Smart-096-2500519,Mobile,+8550962500519
Smart-096-2500520,Mobile,+8550962500520
Smart-096-2500521,Mobile,+8550962500521
Smart-096-2500522,Mobile,+8550962500522
Smart-096-2500523,Mobile,+8550962500523
Smart-096-2500524,Mobile,+8550962500524
Smart-096-2500525,Mobile,+8550962500525
Smart-096-2500526,Mobile,+8550962500526
Smart-096-2500527,Mobile,+8550962500527
Smart-096-2500528,Mobile,+8550962500528
Smart-096-2500529,Mobile,+8550962500529
Smart-096-2500530,Mobile,+8550962500530
Smart-096-2500531,Mobile,+8550962500531
Smart-096-2500532,Mobile,+8550962500532
Smart-096-2500533,Mobile,+8550962500533
Smart-096-2500534,Mobile,+8550962500534
Smart-096-2500535,Mobile,+8550962500535
Smart-096-2500536,Mobile,+8550962500536
Smart-096-2500537,Mobile,+8550962500537
Smart-096-2500538,Mobile,+8550962500538
Smart-096-2500539,Mobile,+8550962500539
Smart-096-2500540,Mobile,+8550962500540
Smart-096-2500541,Mobile,+8550962500541
Smart-096-2500542,Mobile,+8550962500542
Smart-096-2500543,Mobile,+8550962500543
Smart-096-2500544,Mobile,+8550962500544
Smart-096-2500545,Mobile,+8550962500545
Smart-096-2500546,Mobile,+8550962500546
Smart-096-2500547,Mobile,+8550962500547
Smart-096-2500548,Mobile,+8550962500548
Smart-096-2500549,Mobile,+8550962500549
Smart-096-2500550,Mobile,+8550962500550
Smart-096-2500551,Mobile,+8550962500551
Smart-096-2500552,Mobile,+8550962500552
Smart-096-2500553,Mobile,+8550962500553
Smart-096-2500554,Mobile,+8550962500554
Smart-096-2500555,Mobile,+8550962500555
Smart-096-2500556,Mobile,+8550962500556
Smart-096-2500557,Mobile,+8550962500557
Smart-096-2500558,Mobile,+8550962500558
Smart-096-2500559,Mobile,+8550962500559
Smart-096-2500560,Mobile,+8550962500560
Smart-096-2500561,Mobile,+8550962500561
Smart-096-2500562,Mobile,+8550962500562
Smart-096-2500563,Mobile,+8550962500563
Smart-096-2500564,Mobile,+8550962500564
Smart-096-2500565,Mobile,+8550962500565
Smart-096-2500566,Mobile,+8550962500566
Smart-096-2500567,Mobile,+8550962500567
Smart-096-2500568,Mobile,+8550962500568
Smart-096-2500569,Mobile,+8550962500569
Smart-096-2500570,Mobile,+8550962500570
Smart-096-2500571,Mobile,+8550962500571
Smart-096-2500572,Mobile,+8550962500572
Smart-096-2500573,Mobile,+8550962500573
Smart-096-2500574,Mobile,+8550962500574
Smart-096-2500575,Mobile,+8550962500575
Smart-096-2500576,Mobile,+8550962500576
Smart-096-2500577,Mobile,+8550962500577
Smart-096-2500578,Mobile,+8550962500578
Smart-096-2500579,Mobile,+8550962500579
Smart-096-2500580,Mobile,+8550962500580
Smart-096-2500581,Mobile,+8550962500581
Smart-096-2500582,Mobile,+8550962500582
Smart-096-2500583,Mobile,+8550962500583
Smart-096-2500584,Mobile,+8550962500584
Smart-096-2500585,Mobile,+8550962500585
Smart-096-2500586,Mobile,+8550962500586
Smart-096-2500587,Mobile,+8550962500587
Smart-096-2500588,Mobile,+8550962500588
Smart-096-2500589,Mobile,+8550962500589
Smart-096-2500590,Mobile,+8550962500590
Smart-096-2500591,Mobile,+8550962500591
Smart-096-2500592,Mobile,+8550962500592
Smart-096-2500593,Mobile,+8550962500593
Smart-096-2500594,Mobile,+8550962500594
Smart-096-2500595,Mobile,+8550962500595
Smart-096-2500596,Mobile,+8550962500596
Smart-096-2500597,Mobile,+8550962500597
Smart-096-2500598,Mobile,+8550962500598
Smart-096-2500599,Mobile,+8550962500599
Smart-096-2500600,Mobile,+8550962500600
Smart-096-2500601,Mobile,+8550962500601
Smart-096-2500602,Mobile,+8550962500602
Smart-096-2500603,Mobile,+8550962500603
Smart-096-2500604,Mobile,+8550962500604
Smart-096-2500605,Mobile,+8550962500605
Smart-096-2500606,Mobile,+8550962500606
Smart-096-2500607,Mobile,+8550962500607
Smart-096-2500608,Mobile,+8550962500608
Smart-096-2500609,Mobile,+8550962500609
Smart-096-2500610,Mobile,+8550962500610
Smart-096-2500611,Mobile,+8550962500611
Smart-096-2500612,Mobile,+8550962500612
Smart-096-2500613,Mobile,+8550962500613
Smart-096-2500614,Mobile,+8550962500614
Smart-096-2500615,Mobile,+8550962500615
Smart-096-2500616,Mobile,+8550962500616
Smart-096-2500617,Mobile,+8550962500617
Smart-096-2500618,Mobile,+8550962500618
Smart-096-2500619,Mobile,+8550962500619
Smart-096-2500620,Mobile,+8550962500620
Smart-096-2500621,Mobile,+8550962500621
Smart-096-2500622,Mobile,+8550962500622
Smart-096-2500623,Mobile,+8550962500623
Smart-096-2500624,Mobile,+8550962500624
Smart-096-2500625,Mobile,+8550962500625
Smart-096-2500626,Mobile,+8550962500626
Smart-096-2500627,Mobile,+8550962500627
Smart-096-2500628,Mobile,+8550962500628
Smart-096-2500629,Mobile,+8550962500629
Smart-096-2500630,Mobile,+8550962500630
Smart-096-2500631,Mobile,+8550962500631
Smart-096-2500632,Mobile,+8550962500632
Smart-096-2500633,Mobile,+8550962500633
Smart-096-2500634,Mobile,+8550962500634
Smart-096-2500635,Mobile,+8550962500635
Smart-096-2500636,Mobile,+8550962500636
Smart-096-2500637,Mobile,+8550962500637
Smart-096-2500638,Mobile,+8550962500638
Smart-096-2500639,Mobile,+8550962500639
Smart-096-2500640,Mobile,+8550962500640
Smart-096-2500641,Mobile,+8550962500641
Smart-096-2500642,Mobile,+8550962500642
Smart-096-2500643,Mobile,+8550962500643
Smart-096-2500644,Mobile,+8550962500644
Smart-096-2500645,Mobile,+8550962500645
Smart-096-2500646,Mobile,+8550962500646
Smart-096-2500647,Mobile,+8550962500647
Smart-096-2500648,Mobile,+8550962500648
Smart-096-2500649,Mobile,+8550962500649
Smart-096-2500650,Mobile,+8550962500650
Smart-096-2500651,Mobile,+8550962500651
Smart-096-2500652,Mobile,+8550962500652
Smart-096-2500653,Mobile,+8550962500653
Smart-096-2500654,Mobile,+8550962500654
Smart-096-2500655,Mobile,+8550962500655
Smart-096-2500656,Mobile,+8550962500656
Smart-096-2500657,Mobile,+8550962500657
Smart-096-2500658,Mobile,+8550962500658
Smart-096-2500659,Mobile,+8550962500659
Smart-096-2500660,Mobile,+8550962500660
Smart-096-2500661,Mobile,+8550962500661
Smart-096-2500662,Mobile,+8550962500662
Smart-096-2500663,Mobile,+8550962500663
Smart-096-2500664,Mobile,+8550962500664
Smart-096-2500665,Mobile,+8550962500665
Smart-096-2500666,Mobile,+8550962500666
Smart-096-2500667,Mobile,+8550962500667
Smart-096-2500668,Mobile,+8550962500668
Smart-096-2500669,Mobile,+8550962500669
Smart-096-2500670,Mobile,+8550962500670
Smart-096-2500671,Mobile,+8550962500671
Smart-096-2500672,Mobile,+8550962500672
Smart-096-2500673,Mobile,+8550962500673
Smart-096-2500674,Mobile,+8550962500674
Smart-096-2500675,Mobile,+8550962500675
Smart-096-2500676,Mobile,+8550962500676
Smart-096-2500677,Mobile,+8550962500677
Smart-096-2500678,Mobile,+8550962500678
Smart-096-2500679,Mobile,+8550962500679
Smart-096-2500680,Mobile,+8550962500680
Smart-096-2500681,Mobile,+8550962500681
Smart-096-2500682,Mobile,+8550962500682
Smart-096-2500683,Mobile,+8550962500683
Smart-096-2500684,Mobile,+8550962500684
Smart-096-2500685,Mobile,+8550962500685
Smart-096-2500686,Mobile,+8550962500686
Smart-096-2500687,Mobile,+8550962500687
Smart-096-2500688,Mobile,+8550962500688
Smart-096-2500689,Mobile,+8550962500689
Smart-096-2500690,Mobile,+8550962500690
Smart-096-2500691,Mobile,+8550962500691
Smart-096-2500692,Mobile,+8550962500692
Smart-096-2500693,Mobile,+8550962500693
Smart-096-2500694,Mobile,+8550962500694
Smart-096-2500695,Mobile,+8550962500695
Smart-096-2500696,Mobile,+8550962500696
Smart-096-2500697,Mobile,+8550962500697
Smart-096-2500698,Mobile,+8550962500698
Smart-096-2500699,Mobile,+8550962500699
Smart-096-2500700,Mobile,+8550962500700
Smart-096-2500701,Mobile,+8550962500701
Smart-096-2500702,Mobile,+8550962500702
Smart-096-2500703,Mobile,+8550962500703
Smart-096-2500704,Mobile,+8550962500704
Smart-096-2500705,Mobile,+8550962500705
Smart-096-2500706,Mobile,+8550962500706
Smart-096-2500707,Mobile,+8550962500707
Smart-096-2500708,Mobile,+8550962500708
Smart-096-2500709,Mobile,+8550962500709
Smart-096-2500710,Mobile,+8550962500710
Smart-096-2500711,Mobile,+8550962500711
Smart-096-2500712,Mobile,+8550962500712
Smart-096-2500713,Mobile,+8550962500713
Smart-096-2500714,Mobile,+8550962500714
Smart-096-2500715,Mobile,+8550962500715
Smart-096-2500716,Mobile,+8550962500716
Smart-096-2500717,Mobile,+8550962500717
Smart-096-2500718,Mobile,+8550962500718
Smart-096-2500719,Mobile,+8550962500719
Smart-096-2500720,Mobile,+8550962500720
Smart-096-2500721,Mobile,+8550962500721
Smart-096-2500722,Mobile,+8550962500722
Smart-096-2500723,Mobile,+8550962500723
Smart-096-2500724,Mobile,+8550962500724
Smart-096-2500725,Mobile,+8550962500725
Smart-096-2500726,Mobile,+8550962500726
Smart-096-2500727,Mobile,+8550962500727
Smart-096-2500728,Mobile,+8550962500728
Smart-096-2500729,Mobile,+8550962500729
Smart-096-2500730,Mobile,+8550962500730
Smart-096-2500731,Mobile,+8550962500731
Smart-096-2500732,Mobile,+8550962500732
Smart-096-2500733,Mobile,+8550962500733
Smart-096-2500734,Mobile,+8550962500734
Smart-096-2500735,Mobile,+8550962500735
Smart-096-2500736,Mobile,+8550962500736
Smart-096-2500737,Mobile,+8550962500737
Smart-096-2500738,Mobile,+8550962500738
Smart-096-2500739,Mobile,+8550962500739
Smart-096-2500740,Mobile,+8550962500740
Smart-096-2500741,Mobile,+8550962500741
Smart-096-2500742,Mobile,+8550962500742
Smart-096-2500743,Mobile,+8550962500743
Smart-096-2500744,Mobile,+8550962500744
Smart-096-2500745,Mobile,+8550962500745
Smart-096-2500746,Mobile,+8550962500746
Smart-096-2500747,Mobile,+8550962500747
Smart-096-2500748,Mobile,+8550962500748
Smart-096-2500749,Mobile,+8550962500749
Smart-096-2500750,Mobile,+8550962500750
Smart-096-2500751,Mobile,+8550962500751
Smart-096-2500752,Mobile,+8550962500752
Smart-096-2500753,Mobile,+8550962500753
Smart-096-2500754,Mobile,+8550962500754
Smart-096-2500755,Mobile,+8550962500755
Smart-096-2500756,Mobile,+8550962500756
Smart-096-2500757,Mobile,+8550962500757
Smart-096-2500758,Mobile,+8550962500758
Smart-096-2500759,Mobile,+8550962500759
Smart-096-2500760,Mobile,+8550962500760
Smart-096-2500761,Mobile,+8550962500761
Smart-096-2500762,Mobile,+8550962500762
Smart-096-2500763,Mobile,+8550962500763
Smart-096-2500764,Mobile,+8550962500764
Smart-096-2500765,Mobile,+8550962500765
Smart-096-2500766,Mobile,+8550962500766
Smart-096-2500767,Mobile,+8550962500767
Smart-096-2500768,Mobile,+8550962500768
Smart-096-2500769,Mobile,+8550962500769
Smart-096-2500770,Mobile,+8550962500770
Smart-096-2500771,Mobile,+8550962500771
Smart-096-2500772,Mobile,+8550962500772
Smart-096-2500773,Mobile,+8550962500773
Smart-096-2500774,Mobile,+8550962500774
Smart-096-2500775,Mobile,+8550962500775
Smart-096-2500776,Mobile,+8550962500776
Smart-096-2500777,Mobile,+8550962500777
Smart-096-2500778,Mobile,+8550962500778
Smart-096-2500779,Mobile,+8550962500779
Smart-096-2500780,Mobile,+8550962500780
Smart-096-2500781,Mobile,+8550962500781
Smart-096-2500782,Mobile,+8550962500782
Smart-096-2500783,Mobile,+8550962500783
Smart-096-2500784,Mobile,+8550962500784
Smart-096-2500785,Mobile,+8550962500785
Smart-096-2500786,Mobile,+8550962500786
Smart-096-2500787,Mobile,+8550962500787
Smart-096-2500788,Mobile,+8550962500788
Smart-096-2500789,Mobile,+8550962500789
Smart-096-2500790,Mobile,+8550962500790
Smart-096-2500791,Mobile,+8550962500791
Smart-096-2500792,Mobile,+8550962500792
Smart-096-2500793,Mobile,+8550962500793
Smart-096-2500794,Mobile,+8550962500794
Smart-096-2500795,Mobile,+8550962500795
Smart-096-2500796,Mobile,+8550962500796
Smart-096-2500797,Mobile,+8550962500797
Smart-096-2500798,Mobile,+8550962500798
Smart-096-2500799,Mobile,+8550962500799
Smart-096-2500800,Mobile,+8550962500800
Smart-096-2500801,Mobile,+8550962500801
Smart-096-2500802,Mobile,+8550962500802
Smart-096-2500803,Mobile,+8550962500803
Smart-096-2500804,Mobile,+8550962500804
Smart-096-2500805,Mobile,+8550962500805
Smart-096-2500806,Mobile,+8550962500806
Smart-096-2500807,Mobile,+8550962500807
Smart-096-2500808,Mobile,+8550962500808
Smart-096-2500809,Mobile,+8550962500809
Smart-096-2500810,Mobile,+8550962500810
Smart-096-2500811,Mobile,+8550962500811
Smart-096-2500812,Mobile,+8550962500812
Smart-096-2500813,Mobile,+8550962500813
Smart-096-2500814,Mobile,+8550962500814
Smart-096-2500815,Mobile,+8550962500815
Smart-096-2500816,Mobile,+8550962500816
Smart-096-2500817,Mobile,+8550962500817
Smart-096-2500818,Mobile,+8550962500818
Smart-096-2500819,Mobile,+8550962500819
Smart-096-2500820,Mobile,+8550962500820
Smart-096-2500821,Mobile,+8550962500821
Smart-096-2500822,Mobile,+8550962500822
Smart-096-2500823,Mobile,+8550962500823
Smart-096-2500824,Mobile,+8550962500824
Smart-096-2500825,Mobile,+8550962500825
Smart-096-2500826,Mobile,+8550962500826
Smart-096-2500827,Mobile,+8550962500827
Smart-096-2500828,Mobile,+8550962500828
Smart-096-2500829,Mobile,+8550962500829
Smart-096-2500830,Mobile,+8550962500830
Smart-096-2500831,Mobile,+8550962500831
Smart-096-2500832,Mobile,+8550962500832
Smart-096-2500833,Mobile,+8550962500833
Smart-096-2500834,Mobile,+8550962500834
Smart-096-2500835,Mobile,+8550962500835
Smart-096-2500836,Mobile,+8550962500836
Smart-096-2500837,Mobile,+8550962500837
Smart-096-2500838,Mobile,+8550962500838
Smart-096-2500839,Mobile,+8550962500839
Smart-096-2500840,Mobile,+8550962500840
Smart-096-2500841,Mobile,+8550962500841
Smart-096-2500842,Mobile,+8550962500842
Smart-096-2500843,Mobile,+8550962500843
Smart-096-2500844,Mobile,+8550962500844
Smart-096-2500845,Mobile,+8550962500845
Smart-096-2500846,Mobile,+8550962500846
Smart-096-2500847,Mobile,+8550962500847
Smart-096-2500848,Mobile,+8550962500848
Smart-096-2500849,Mobile,+8550962500849
Smart-096-2500850,Mobile,+8550962500850
Smart-096-2500851,Mobile,+8550962500851
Smart-096-2500852,Mobile,+8550962500852
Smart-096-2500853,Mobile,+8550962500853
Smart-096-2500854,Mobile,+8550962500854
Smart-096-2500855,Mobile,+8550962500855
Smart-096-2500856,Mobile,+8550962500856
Smart-096-2500857,Mobile,+8550962500857
Smart-096-2500858,Mobile,+8550962500858
Smart-096-2500859,Mobile,+8550962500859
Smart-096-2500860,Mobile,+8550962500860
Smart-096-2500861,Mobile,+8550962500861
Smart-096-2500862,Mobile,+8550962500862
Smart-096-2500863,Mobile,+8550962500863
Smart-096-2500864,Mobile,+8550962500864
Smart-096-2500865,Mobile,+8550962500865
Smart-096-2500866,Mobile,+8550962500866
Smart-096-2500867,Mobile,+8550962500867
Smart-096-2500868,Mobile,+8550962500868
Smart-096-2500869,Mobile,+8550962500869
Smart-096-2500870,Mobile,+8550962500870
Smart-096-2500871,Mobile,+8550962500871
Smart-096-2500872,Mobile,+8550962500872
Smart-096-2500873,Mobile,+8550962500873
Smart-096-2500874,Mobile,+8550962500874
Smart-096-2500875,Mobile,+8550962500875
Smart-096-2500876,Mobile,+8550962500876
Smart-096-2500877,Mobile,+8550962500877
Smart-096-2500878,Mobile,+8550962500878
Smart-096-2500879,Mobile,+8550962500879
Smart-096-2500880,Mobile,+8550962500880
Smart-096-2500881,Mobile,+8550962500881
Smart-096-2500882,Mobile,+8550962500882
Smart-096-2500883,Mobile,+8550962500883
Smart-096-2500884,Mobile,+8550962500884
Smart-096-2500885,Mobile,+8550962500885
Smart-096-2500886,Mobile,+8550962500886
Smart-096-2500887,Mobile,+8550962500887
Smart-096-2500888,Mobile,+8550962500888
Smart-096-2500889,Mobile,+8550962500889
Smart-096-2500890,Mobile,+8550962500890
Smart-096-2500891,Mobile,+8550962500891
Smart-096-2500892,Mobile,+8550962500892
Smart-096-2500893,Mobile,+8550962500893
Smart-096-2500894,Mobile,+8550962500894
Smart-096-2500895,Mobile,+8550962500895
Smart-096-2500896,Mobile,+8550962500896
Smart-096-2500897,Mobile,+8550962500897
Smart-096-2500898,Mobile,+8550962500898
Smart-096-2500899,Mobile,+8550962500899
Smart-096-2500900,Mobile,+8550962500900
Smart-096-2500901,Mobile,+8550962500901
Smart-096-2500902,Mobile,+8550962500902
Smart-096-2500903,Mobile,+8550962500903
Smart-096-2500904,Mobile,+8550962500904
Smart-096-2500905,Mobile,+8550962500905
Smart-096-2500906,Mobile,+8550962500906
Smart-096-2500907,Mobile,+8550962500907
Smart-096-2500908,Mobile,+8550962500908
Smart-096-2500909,Mobile,+8550962500909
Smart-096-2500910,Mobile,+8550962500910
Smart-096-2500911,Mobile,+8550962500911
Smart-096-2500912,Mobile,+8550962500912
Smart-096-2500913,Mobile,+8550962500913
Smart-096-2500914,Mobile,+8550962500914
Smart-096-2500915,Mobile,+8550962500915
Smart-096-2500916,Mobile,+8550962500916
Smart-096-2500917,Mobile,+8550962500917
Smart-096-2500918,Mobile,+8550962500918
Smart-096-2500919,Mobile,+8550962500919
Smart-096-2500920,Mobile,+8550962500920
Smart-096-2500921,Mobile,+8550962500921
Smart-096-2500922,Mobile,+8550962500922
Smart-096-2500923,Mobile,+8550962500923
Smart-096-2500924,Mobile,+8550962500924
Smart-096-2500925,Mobile,+8550962500925
Smart-096-2500926,Mobile,+8550962500926
Smart-096-2500927,Mobile,+8550962500927
Smart-096-2500928,Mobile,+8550962500928
Smart-096-2500929,Mobile,+8550962500929
Smart-096-2500930,Mobile,+8550962500930
Smart-096-2500931,Mobile,+8550962500931
Smart-096-2500932,Mobile,+8550962500932
Smart-096-2500933,Mobile,+8550962500933
Smart-096-2500934,Mobile,+8550962500934
Smart-096-2500935,Mobile,+8550962500935
Smart-096-2500936,Mobile,+8550962500936
Smart-096-2500937,Mobile,+8550962500937
Smart-096-2500938,Mobile,+8550962500938
Smart-096-2500939,Mobile,+8550962500939
Smart-096-2500940,Mobile,+8550962500940
Smart-096-2500941,Mobile,+8550962500941
Smart-096-2500942,Mobile,+8550962500942
Smart-096-2500943,Mobile,+8550962500943
Smart-096-2500944,Mobile,+8550962500944
Smart-096-2500945,Mobile,+8550962500945
Smart-096-2500946,Mobile,+8550962500946
Smart-096-2500947,Mobile,+8550962500947
Smart-096-2500948,Mobile,+8550962500948
Smart-096-2500949,Mobile,+8550962500949
Smart-096-2500950,Mobile,+8550962500950
Smart-096-2500951,Mobile,+8550962500951
Smart-096-2500952,Mobile,+8550962500952
Smart-096-2500953,Mobile,+8550962500953
Smart-096-2500954,Mobile,+8550962500954
Smart-096-2500955,Mobile,+8550962500955
Smart-096-2500956,Mobile,+8550962500956
Smart-096-2500957,Mobile,+8550962500957
Smart-096-2500958,Mobile,+8550962500958
Smart-096-2500959,Mobile,+8550962500959
Smart-096-2500960,Mobile,+8550962500960
Smart-096-2500961,Mobile,+8550962500961
Smart-096-2500962,Mobile,+8550962500962
Smart-096-2500963,Mobile,+8550962500963
Smart-096-2500964,Mobile,+8550962500964
Smart-096-2500965,Mobile,+8550962500965
Smart-096-2500966,Mobile,+8550962500966
Smart-096-2500967,Mobile,+8550962500967
Smart-096-2500968,Mobile,+8550962500968
Smart-096-2500969,Mobile,+8550962500969
Smart-096-2500970,Mobile,+8550962500970
Smart-096-2500971,Mobile,+8550962500971
Smart-096-2500972,Mobile,+8550962500972
Smart-096-2500973,Mobile,+8550962500973
Smart-096-2500974,Mobile,+8550962500974
Smart-096-2500975,Mobile,+8550962500975
Smart-096-2500976,Mobile,+8550962500976
Smart-096-2500977,Mobile,+8550962500977
Smart-096-2500978,Mobile,+8550962500978
Smart-096-2500979,Mobile,+8550962500979
Smart-096-2500980,Mobile,+8550962500980
Smart-096-2500981,Mobile,+8550962500981
Smart-096-2500982,Mobile,+8550962500982
Smart-096-2500983,Mobile,+8550962500983
Smart-096-2500984,Mobile,+8550962500984
Smart-096-2500985,Mobile,+8550962500985
Smart-096-2500986,Mobile,+8550962500986
Smart-096-2500987,Mobile,+8550962500987
Smart-096-2500988,Mobile,+8550962500988
Smart-096-2500989,Mobile,+8550962500989
Smart-096-2500990,Mobile,+8550962500990
Smart-096-2500991,Mobile,+8550962500991
Smart-096-2500992,Mobile,+8550962500992
Smart-096-2500993,Mobile,+8550962500993
Smart-096-2500994,Mobile,+8550962500994
Smart-096-2500995,Mobile,+8550962500995
Smart-096-2500996,Mobile,+8550962500996
Smart-096-2500997,Mobile,+8550962500997
Smart-096-2500998,Mobile,+8550962500998
Smart-096-2500999,Mobile,+8550962500999
Smart-096-2501000,Mobile,+8550962501000
Smart-096-2501001,Mobile,+8550962501001
Smart-096-2501002,Mobile,+8550962501002
Smart-096-2501003,Mobile,+8550962501003
Smart-096-2501004,Mobile,+8550962501004
Smart-096-2501005,Mobile,+8550962501005
Smart-096-2501006,Mobile,+8550962501006
Smart-096-2501007,Mobile,+8550962501007
Smart-096-2501008,Mobile,+8550962501008
Smart-096-2501009,Mobile,+8550962501009
Smart-096-2501010,Mobile,+8550962501010
Smart-096-2501011,Mobile,+8550962501011
Smart-096-2501012,Mobile,+8550962501012
Smart-096-2501013,Mobile,+8550962501013
Smart-096-2501014,Mobile,+8550962501014
Smart-096-2501015,Mobile,+8550962501015
Smart-096-2501016,Mobile,+8550962501016
Smart-096-2501017,Mobile,+8550962501017
Smart-096-2501018,Mobile,+8550962501018
Smart-096-2501019,Mobile,+8550962501019
Smart-096-2501020,Mobile,+8550962501020
Smart-096-2501021,Mobile,+8550962501021
Smart-096-2501022,Mobile,+8550962501022
Smart-096-2501023,Mobile,+8550962501023
Smart-096-2501024,Mobile,+8550962501024
Smart-096-2501025,Mobile,+8550962501025
Smart-096-2501026,Mobile,+8550962501026
Smart-096-2501027,Mobile,+8550962501027
Smart-096-2501028,Mobile,+8550962501028
Smart-096-2501029,Mobile,+8550962501029
Smart-096-2501030,Mobile,+8550962501030
Smart-096-2501031,Mobile,+8550962501031
Smart-096-2501032,Mobile,+8550962501032
Smart-096-2501033,Mobile,+8550962501033
Smart-096-2501034,Mobile,+8550962501034
Smart-096-2501035,Mobile,+8550962501035
Smart-096-2501036,Mobile,+8550962501036
Smart-096-2501037,Mobile,+8550962501037
Smart-096-2501038,Mobile,+8550962501038
Smart-096-2501039,Mobile,+8550962501039
Smart-096-2501040,Mobile,+8550962501040
Smart-096-2501041,Mobile,+8550962501041
Smart-096-2501042,Mobile,+8550962501042
Smart-096-2501043,Mobile,+8550962501043
Smart-096-2501044,Mobile,+8550962501044
Smart-096-2501045,Mobile,+8550962501045
Smart-096-2501046,Mobile,+8550962501046
Smart-096-2501047,Mobile,+8550962501047
Smart-096-2501048,Mobile,+8550962501048
Smart-096-2501049,Mobile,+8550962501049
Smart-096-2501050,Mobile,+8550962501050
Smart-096-2501051,Mobile,+8550962501051
Smart-096-2501052,Mobile,+8550962501052
Smart-096-2501053,Mobile,+8550962501053
Smart-096-2501054,Mobile,+8550962501054
Smart-096-2501055,Mobile,+8550962501055
Smart-096-2501056,Mobile,+8550962501056
Smart-096-2501057,Mobile,+8550962501057
Smart-096-2501058,Mobile,+8550962501058
Smart-096-2501059,Mobile,+8550962501059
Smart-096-2501060,Mobile,+8550962501060
Smart-096-2501061,Mobile,+8550962501061
Smart-096-2501062,Mobile,+8550962501062
Smart-096-2501063,Mobile,+8550962501063
Smart-096-2501064,Mobile,+8550962501064
Smart-096-2501065,Mobile,+8550962501065
Smart-096-2501066,Mobile,+8550962501066
Smart-096-2501067,Mobile,+8550962501067
Smart-096-2501068,Mobile,+8550962501068
Smart-096-2501069,Mobile,+8550962501069
Smart-096-2501070,Mobile,+8550962501070
Smart-096-2501071,Mobile,+8550962501071
Smart-096-2501072,Mobile,+8550962501072
Smart-096-2501073,Mobile,+8550962501073
Smart-096-2501074,Mobile,+8550962501074
Smart-096-2501075,Mobile,+8550962501075
Smart-096-2501076,Mobile,+8550962501076
Smart-096-2501077,Mobile,+8550962501077
Smart-096-2501078,Mobile,+8550962501078
Smart-096-2501079,Mobile,+8550962501079
Smart-096-2501080,Mobile,+8550962501080
Smart-096-2501081,Mobile,+8550962501081
Smart-096-2501082,Mobile,+8550962501082
Smart-096-2501083,Mobile,+8550962501083
Smart-096-2501084,Mobile,+8550962501084
Smart-096-2501085,Mobile,+8550962501085
Smart-096-2501086,Mobile,+8550962501086
Smart-096-2501087,Mobile,+8550962501087
Smart-096-2501088,Mobile,+8550962501088
Smart-096-2501089,Mobile,+8550962501089
Smart-096-2501090,Mobile,+8550962501090
Smart-096-2501091,Mobile,+8550962501091
Smart-096-2501092,Mobile,+8550962501092
Smart-096-2501093,Mobile,+8550962501093
Smart-096-2501094,Mobile,+8550962501094
Smart-096-2501095,Mobile,+8550962501095
Smart-096-2501096,Mobile,+8550962501096
Smart-096-2501097,Mobile,+8550962501097
Smart-096-2501098,Mobile,+8550962501098
Smart-096-2501099,Mobile,+8550962501099
Smart-096-2501100,Mobile,+8550962501100
Smart-096-2501101,Mobile,+8550962501101
Smart-096-2501102,Mobile,+8550962501102
Smart-096-2501103,Mobile,+8550962501103
Smart-096-2501104,Mobile,+8550962501104
Smart-096-2501105,Mobile,+8550962501105
Smart-096-2501106,Mobile,+8550962501106
Smart-096-2501107,Mobile,+8550962501107
Smart-096-2501108,Mobile,+8550962501108
Smart-096-2501109,Mobile,+8550962501109
Smart-096-2501110,Mobile,+8550962501110
Smart-096-2501111,Mobile,+8550962501111
Smart-096-2501112,Mobile,+8550962501112
Smart-096-2501113,Mobile,+8550962501113
Smart-096-2501114,Mobile,+8550962501114
Smart-096-2501115,Mobile,+8550962501115
Smart-096-2501116,Mobile,+8550962501116
Smart-096-2501117,Mobile,+8550962501117
Smart-096-2501118,Mobile,+8550962501118
Smart-096-2501119,Mobile,+8550962501119
Smart-096-2501120,Mobile,+8550962501120
Smart-096-2501121,Mobile,+8550962501121
Smart-096-2501122,Mobile,+8550962501122
Smart-096-2501123,Mobile,+8550962501123
Smart-096-2501124,Mobile,+8550962501124
Smart-096-2501125,Mobile,+8550962501125
Smart-096-2501126,Mobile,+8550962501126
Smart-096-2501127,Mobile,+8550962501127
Smart-096-2501128,Mobile,+8550962501128
Smart-096-2501129,Mobile,+8550962501129
Smart-096-2501130,Mobile,+8550962501130
Smart-096-2501131,Mobile,+8550962501131
Smart-096-2501132,Mobile,+8550962501132
Smart-096-2501133,Mobile,+8550962501133
Smart-096-2501134,Mobile,+8550962501134
Smart-096-2501135,Mobile,+8550962501135
Smart-096-2501136,Mobile,+8550962501136
Smart-096-2501137,Mobile,+8550962501137
Smart-096-2501138,Mobile,+8550962501138
Smart-096-2501139,Mobile,+8550962501139
Smart-096-2501140,Mobile,+8550962501140
Smart-096-2501141,Mobile,+8550962501141
Smart-096-2501142,Mobile,+8550962501142
Smart-096-2501143,Mobile,+8550962501143
Smart-096-2501144,Mobile,+8550962501144
Smart-096-2501145,Mobile,+8550962501145
Smart-096-2501146,Mobile,+8550962501146
Smart-096-2501147,Mobile,+8550962501147
Smart-096-2501148,Mobile,+8550962501148
Smart-096-2501149,Mobile,+8550962501149
Smart-096-2501150,Mobile,+8550962501150
Smart-096-2501151,Mobile,+8550962501151
Smart-096-2501152,Mobile,+8550962501152
Smart-096-2501153,Mobile,+8550962501153
Smart-096-2501154,Mobile,+8550962501154
Smart-096-2501155,Mobile,+8550962501155
Smart-096-2501156,Mobile,+8550962501156
Smart-096-2501157,Mobile,+8550962501157
Smart-096-2501158,Mobile,+8550962501158
Smart-096-2501159,Mobile,+8550962501159
Smart-096-2501160,Mobile,+8550962501160
Smart-096-2501161,Mobile,+8550962501161
Smart-096-2501162,Mobile,+8550962501162
Smart-096-2501163,Mobile,+8550962501163
Smart-096-2501164,Mobile,+8550962501164
Smart-096-2501165,Mobile,+8550962501165
Smart-096-2501166,Mobile,+8550962501166
Smart-096-2501167,Mobile,+8550962501167
Smart-096-2501168,Mobile,+8550962501168
Smart-096-2501169,Mobile,+8550962501169
Smart-096-2501170,Mobile,+8550962501170
Smart-096-2501171,Mobile,+8550962501171
Smart-096-2501172,Mobile,+8550962501172
Smart-096-2501173,Mobile,+8550962501173
Smart-096-2501174,Mobile,+8550962501174
Smart-096-2501175,Mobile,+8550962501175
Smart-096-2501176,Mobile,+8550962501176
Smart-096-2501177,Mobile,+8550962501177
Smart-096-2501178,Mobile,+8550962501178
Smart-096-2501179,Mobile,+8550962501179
Smart-096-2501180,Mobile,+8550962501180
Smart-096-2501181,Mobile,+8550962501181
Smart-096-2501182,Mobile,+8550962501182
Smart-096-2501183,Mobile,+8550962501183
Smart-096-2501184,Mobile,+8550962501184
Smart-096-2501185,Mobile,+8550962501185
Smart-096-2501186,Mobile,+8550962501186
Smart-096-2501187,Mobile,+8550962501187
Smart-096-2501188,Mobile,+8550962501188
Smart-096-2501189,Mobile,+8550962501189
Smart-096-2501190,Mobile,+8550962501190
Smart-096-2501191,Mobile,+8550962501191
Smart-096-2501192,Mobile,+8550962501192
Smart-096-2501193,Mobile,+8550962501193
Smart-096-2501194,Mobile,+8550962501194
Smart-096-2501195,Mobile,+8550962501195
Smart-096-2501196,Mobile,+8550962501196
Smart-096-2501197,Mobile,+8550962501197
Smart-096-2501198,Mobile,+8550962501198
Smart-096-2501199,Mobile,+8550962501199
Smart-096-2501200,Mobile,+8550962501200
Smart-096-2501201,Mobile,+8550962501201
Smart-096-2501202,Mobile,+8550962501202
Smart-096-2501203,Mobile,+8550962501203
Smart-096-2501204,Mobile,+8550962501204
Smart-096-2501205,Mobile,+8550962501205
Smart-096-2501206,Mobile,+8550962501206
Smart-096-2501207,Mobile,+8550962501207
Smart-096-2501208,Mobile,+8550962501208
Smart-096-2501209,Mobile,+8550962501209
Smart-096-2501210,Mobile,+8550962501210
Smart-096-2501211,Mobile,+8550962501211
Smart-096-2501212,Mobile,+8550962501212
Smart-096-2501213,Mobile,+8550962501213
Smart-096-2501214,Mobile,+8550962501214
Smart-096-2501215,Mobile,+8550962501215
Smart-096-2501216,Mobile,+8550962501216
Smart-096-2501217,Mobile,+8550962501217
Smart-096-2501218,Mobile,+8550962501218
Smart-096-2501219,Mobile,+8550962501219
Smart-096-2501220,Mobile,+8550962501220
Smart-096-2501221,Mobile,+8550962501221
Smart-096-2501222,Mobile,+8550962501222
Smart-096-2501223,Mobile,+8550962501223
Smart-096-2501224,Mobile,+8550962501224
Smart-096-2501225,Mobile,+8550962501225
Smart-096-2501226,Mobile,+8550962501226
Smart-096-2501227,Mobile,+8550962501227
Smart-096-2501228,Mobile,+8550962501228
Smart-096-2501229,Mobile,+8550962501229
Smart-096-2501230,Mobile,+8550962501230
Smart-096-2501231,Mobile,+8550962501231
Smart-096-2501232,Mobile,+8550962501232
Smart-096-2501233,Mobile,+8550962501233
Smart-096-2501234,Mobile,+8550962501234
Smart-096-2501235,Mobile,+8550962501235
Smart-096-2501236,Mobile,+8550962501236
Smart-096-2501237,Mobile,+8550962501237
Smart-096-2501238,Mobile,+8550962501238
Smart-096-2501239,Mobile,+8550962501239
Smart-096-2501240,Mobile,+8550962501240
Smart-096-2501241,Mobile,+8550962501241
Smart-096-2501242,Mobile,+8550962501242
Smart-096-2501243,Mobile,+8550962501243
Smart-096-2501244,Mobile,+8550962501244
Smart-096-2501245,Mobile,+8550962501245
Smart-096-2501246,Mobile,+8550962501246
Smart-096-2501247,Mobile,+8550962501247
Smart-096-2501248,Mobile,+8550962501248
Smart-096-2501249,Mobile,+8550962501249
Smart-096-2501250,Mobile,+8550962501250
Smart-096-2501251,Mobile,+8550962501251
Smart-096-2501252,Mobile,+8550962501252
Smart-096-2501253,Mobile,+8550962501253
Smart-096-2501254,Mobile,+8550962501254
Smart-096-2501255,Mobile,+8550962501255
Smart-096-2501256,Mobile,+8550962501256
Smart-096-2501257,Mobile,+8550962501257
Smart-096-2501258,Mobile,+8550962501258
Smart-096-2501259,Mobile,+8550962501259
Smart-096-2501260,Mobile,+8550962501260
Smart-096-2501261,Mobile,+8550962501261
Smart-096-2501262,Mobile,+8550962501262
Smart-096-2501263,Mobile,+8550962501263
Smart-096-2501264,Mobile,+8550962501264
Smart-096-2501265,Mobile,+8550962501265
Smart-096-2501266,Mobile,+8550962501266
Smart-096-2501267,Mobile,+8550962501267
Smart-096-2501268,Mobile,+8550962501268
Smart-096-2501269,Mobile,+8550962501269
Smart-096-2501270,Mobile,+8550962501270
Smart-096-2501271,Mobile,+8550962501271
Smart-096-2501272,Mobile,+8550962501272
Smart-096-2501273,Mobile,+8550962501273
Smart-096-2501274,Mobile,+8550962501274
Smart-096-2501275,Mobile,+8550962501275
Smart-096-2501276,Mobile,+8550962501276
Smart-096-2501277,Mobile,+8550962501277
Smart-096-2501278,Mobile,+8550962501278
Smart-096-2501279,Mobile,+8550962501279
Smart-096-2501280,Mobile,+8550962501280
Smart-096-2501281,Mobile,+8550962501281
Smart-096-2501282,Mobile,+8550962501282
Smart-096-2501283,Mobile,+8550962501283
Smart-096-2501284,Mobile,+8550962501284
Smart-096-2501285,Mobile,+8550962501285
Smart-096-2501286,Mobile,+8550962501286
Smart-096-2501287,Mobile,+8550962501287
Smart-096-2501288,Mobile,+8550962501288
Smart-096-2501289,Mobile,+8550962501289
Smart-096-2501290,Mobile,+8550962501290
Smart-096-2501291,Mobile,+8550962501291
Smart-096-2501292,Mobile,+8550962501292
Smart-096-2501293,Mobile,+8550962501293
Smart-096-2501294,Mobile,+8550962501294
Smart-096-2501295,Mobile,+8550962501295
Smart-096-2501296,Mobile,+8550962501296
Smart-096-2501297,Mobile,+8550962501297
Smart-096-2501298,Mobile,+8550962501298
Smart-096-2501299,Mobile,+8550962501299
Smart-096-2501300,Mobile,+8550962501300
Smart-096-2501301,Mobile,+8550962501301
Smart-096-2501302,Mobile,+8550962501302
Smart-096-2501303,Mobile,+8550962501303
Smart-096-2501304,Mobile,+8550962501304
Smart-096-2501305,Mobile,+8550962501305
Smart-096-2501306,Mobile,+8550962501306
Smart-096-2501307,Mobile,+8550962501307
Smart-096-2501308,Mobile,+8550962501308
Smart-096-2501309,Mobile,+8550962501309
Smart-096-2501310,Mobile,+8550962501310
Smart-096-2501311,Mobile,+8550962501311
Smart-096-2501312,Mobile,+8550962501312
Smart-096-2501313,Mobile,+8550962501313
Smart-096-2501314,Mobile,+8550962501314
Smart-096-2501315,Mobile,+8550962501315
Smart-096-2501316,Mobile,+8550962501316
Smart-096-2501317,Mobile,+8550962501317
Smart-096-2501318,Mobile,+8550962501318
Smart-096-2501319,Mobile,+8550962501319
Smart-096-2501320,Mobile,+8550962501320
Smart-096-2501321,Mobile,+8550962501321
Smart-096-2501322,Mobile,+8550962501322
Smart-096-2501323,Mobile,+8550962501323
Smart-096-2501324,Mobile,+8550962501324
Smart-096-2501325,Mobile,+8550962501325
Smart-096-2501326,Mobile,+8550962501326
Smart-096-2501327,Mobile,+8550962501327
Smart-096-2501328,Mobile,+8550962501328
Smart-096-2501329,Mobile,+8550962501329
Smart-096-2501330,Mobile,+8550962501330
Smart-096-2501331,Mobile,+8550962501331
Smart-096-2501332,Mobile,+8550962501332
Smart-096-2501333,Mobile,+8550962501333
Smart-096-2501334,Mobile,+8550962501334
Smart-096-2501335,Mobile,+8550962501335
Smart-096-2501336,Mobile,+8550962501336
Smart-096-2501337,Mobile,+8550962501337
Smart-096-2501338,Mobile,+8550962501338
Smart-096-2501339,Mobile,+8550962501339
Smart-096-2501340,Mobile,+8550962501340
Smart-096-2501341,Mobile,+8550962501341
Smart-096-2501342,Mobile,+8550962501342
Smart-096-2501343,Mobile,+8550962501343
Smart-096-2501344,Mobile,+8550962501344
Smart-096-2501345,Mobile,+8550962501345
Smart-096-2501346,Mobile,+8550962501346
Smart-096-2501347,Mobile,+8550962501347
Smart-096-2501348,Mobile,+8550962501348
Smart-096-2501349,Mobile,+8550962501349
Smart-096-2501350,Mobile,+8550962501350
Smart-096-2501351,Mobile,+8550962501351
Smart-096-2501352,Mobile,+8550962501352
Smart-096-2501353,Mobile,+8550962501353
Smart-096-2501354,Mobile,+8550962501354
Smart-096-2501355,Mobile,+8550962501355
Smart-096-2501356,Mobile,+8550962501356
Smart-096-2501357,Mobile,+8550962501357
Smart-096-2501358,Mobile,+8550962501358
Smart-096-2501359,Mobile,+8550962501359
Smart-096-2501360,Mobile,+8550962501360
Smart-096-2501361,Mobile,+8550962501361
Smart-096-2501362,Mobile,+8550962501362
Smart-096-2501363,Mobile,+8550962501363
Smart-096-2501364,Mobile,+8550962501364
Smart-096-2501365,Mobile,+8550962501365
Smart-096-2501366,Mobile,+8550962501366
Smart-096-2501367,Mobile,+8550962501367
Smart-096-2501368,Mobile,+8550962501368
Smart-096-2501369,Mobile,+8550962501369
Smart-096-2501370,Mobile,+8550962501370
Smart-096-2501371,Mobile,+8550962501371
Smart-096-2501372,Mobile,+8550962501372
Smart-096-2501373,Mobile,+8550962501373
Smart-096-2501374,Mobile,+8550962501374
Smart-096-2501375,Mobile,+8550962501375
Smart-096-2501376,Mobile,+8550962501376
Smart-096-2501377,Mobile,+8550962501377
Smart-096-2501378,Mobile,+8550962501378
Smart-096-2501379,Mobile,+8550962501379
Smart-096-2501380,Mobile,+8550962501380
Smart-096-2501381,Mobile,+8550962501381
Smart-096-2501382,Mobile,+8550962501382
Smart-096-2501383,Mobile,+8550962501383
Smart-096-2501384,Mobile,+8550962501384
Smart-096-2501385,Mobile,+8550962501385
Smart-096-2501386,Mobile,+8550962501386
Smart-096-2501387,Mobile,+8550962501387
Smart-096-2501388,Mobile,+8550962501388
Smart-096-2501389,Mobile,+8550962501389
Smart-096-2501390,Mobile,+8550962501390
Smart-096-2501391,Mobile,+8550962501391
Smart-096-2501392,Mobile,+8550962501392
Smart-096-2501393,Mobile,+8550962501393
Smart-096-2501394,Mobile,+8550962501394
Smart-096-2501395,Mobile,+8550962501395
Smart-096-2501396,Mobile,+8550962501396
Smart-096-2501397,Mobile,+8550962501397
Smart-096-2501398,Mobile,+8550962501398
Smart-096-2501399,Mobile,+8550962501399
Smart-096-2501400,Mobile,+8550962501400
Smart-096-2501401,Mobile,+8550962501401
Smart-096-2501402,Mobile,+8550962501402
Smart-096-2501403,Mobile,+8550962501403
Smart-096-2501404,Mobile,+8550962501404
Smart-096-2501405,Mobile,+8550962501405
Smart-096-2501406,Mobile,+8550962501406
Smart-096-2501407,Mobile,+8550962501407
Smart-096-2501408,Mobile,+8550962501408
Smart-096-2501409,Mobile,+8550962501409
Smart-096-2501410,Mobile,+8550962501410
Smart-096-2501411,Mobile,+8550962501411
Smart-096-2501412,Mobile,+8550962501412
Smart-096-2501413,Mobile,+8550962501413
Smart-096-2501414,Mobile,+8550962501414
Smart-096-2501415,Mobile,+8550962501415
Smart-096-2501416,Mobile,+8550962501416
Smart-096-2501417,Mobile,+8550962501417
Smart-096-2501418,Mobile,+8550962501418
Smart-096-2501419,Mobile,+8550962501419
Smart-096-2501420,Mobile,+8550962501420
Smart-096-2501421,Mobile,+8550962501421
Smart-096-2501422,Mobile,+8550962501422
Smart-096-2501423,Mobile,+8550962501423
Smart-096-2501424,Mobile,+8550962501424
Smart-096-2501425,Mobile,+8550962501425
Smart-096-2501426,Mobile,+8550962501426
Smart-096-2501427,Mobile,+8550962501427
Smart-096-2501428,Mobile,+8550962501428
Smart-096-2501429,Mobile,+8550962501429
Smart-096-2501430,Mobile,+8550962501430
Smart-096-2501431,Mobile,+8550962501431
Smart-096-2501432,Mobile,+8550962501432
Smart-096-2501433,Mobile,+8550962501433
Smart-096-2501434,Mobile,+8550962501434
Smart-096-2501435,Mobile,+8550962501435
Smart-096-2501436,Mobile,+8550962501436
Smart-096-2501437,Mobile,+8550962501437
Smart-096-2501438,Mobile,+8550962501438
Smart-096-2501439,Mobile,+8550962501439
Smart-096-2501440,Mobile,+8550962501440
Smart-096-2501441,Mobile,+8550962501441
Smart-096-2501442,Mobile,+8550962501442
Smart-096-2501443,Mobile,+8550962501443
Smart-096-2501444,Mobile,+8550962501444
Smart-096-2501445,Mobile,+8550962501445
Smart-096-2501446,Mobile,+8550962501446
Smart-096-2501447,Mobile,+8550962501447
Smart-096-2501448,Mobile,+8550962501448
Smart-096-2501449,Mobile,+8550962501449
Smart-096-2501450,Mobile,+8550962501450
Smart-096-2501451,Mobile,+8550962501451
Smart-096-2501452,Mobile,+8550962501452
Smart-096-2501453,Mobile,+8550962501453
Smart-096-2501454,Mobile,+8550962501454
Smart-096-2501455,Mobile,+8550962501455
Smart-096-2501456,Mobile,+8550962501456
Smart-096-2501457,Mobile,+8550962501457
Smart-096-2501458,Mobile,+8550962501458
Smart-096-2501459,Mobile,+8550962501459
Smart-096-2501460,Mobile,+8550962501460
Smart-096-2501461,Mobile,+8550962501461
Smart-096-2501462,Mobile,+8550962501462
Smart-096-2501463,Mobile,+8550962501463
Smart-096-2501464,Mobile,+8550962501464
Smart-096-2501465,Mobile,+8550962501465
Smart-096-2501466,Mobile,+8550962501466
Smart-096-2501467,Mobile,+8550962501467
Smart-096-2501468,Mobile,+8550962501468
Smart-096-2501469,Mobile,+8550962501469
Smart-096-2501470,Mobile,+8550962501470
Smart-096-2501471,Mobile,+8550962501471
Smart-096-2501472,Mobile,+8550962501472
Smart-096-2501473,Mobile,+8550962501473
Smart-096-2501474,Mobile,+8550962501474
Smart-096-2501475,Mobile,+8550962501475
Smart-096-2501476,Mobile,+8550962501476
Smart-096-2501477,Mobile,+8550962501477
Smart-096-2501478,Mobile,+8550962501478
Smart-096-2501479,Mobile,+8550962501479
Smart-096-2501480,Mobile,+8550962501480
Smart-096-2501481,Mobile,+8550962501481
Smart-096-2501482,Mobile,+8550962501482
Smart-096-2501483,Mobile,+8550962501483
Smart-096-2501484,Mobile,+8550962501484
Smart-096-2501485,Mobile,+8550962501485
Smart-096-2501486,Mobile,+8550962501486
Smart-096-2501487,Mobile,+8550962501487
Smart-096-2501488,Mobile,+8550962501488
Smart-096-2501489,Mobile,+8550962501489
Smart-096-2501490,Mobile,+8550962501490
Smart-096-2501491,Mobile,+8550962501491
Smart-096-2501492,Mobile,+8550962501492
Smart-096-2501493,Mobile,+8550962501493
Smart-096-2501494,Mobile,+8550962501494
Smart-096-2501495,Mobile,+8550962501495
Smart-096-2501496,Mobile,+8550962501496
Smart-096-2501497,Mobile,+8550962501497
Smart-096-2501498,Mobile,+8550962501498
Smart-096-2501499,Mobile,+8550962501499
Smart-096-2501500,Mobile,+8550962501500
Smart-096-2501501,Mobile,+8550962501501
Smart-096-2501502,Mobile,+8550962501502
Smart-096-2501503,Mobile,+8550962501503
Smart-096-2501504,Mobile,+8550962501504
Smart-096-2501505,Mobile,+8550962501505
Smart-096-2501506,Mobile,+8550962501506
Smart-096-2501507,Mobile,+8550962501507
Smart-096-2501508,Mobile,+8550962501508
Smart-096-2501509,Mobile,+8550962501509
Smart-096-2501510,Mobile,+8550962501510
Smart-096-2501511,Mobile,+8550962501511
Smart-096-2501512,Mobile,+8550962501512
Smart-096-2501513,Mobile,+8550962501513
Smart-096-2501514,Mobile,+8550962501514
Smart-096-2501515,Mobile,+8550962501515
Smart-096-2501516,Mobile,+8550962501516
Smart-096-2501517,Mobile,+8550962501517
Smart-096-2501518,Mobile,+8550962501518
Smart-096-2501519,Mobile,+8550962501519
Smart-096-2501520,Mobile,+8550962501520
Smart-096-2501521,Mobile,+8550962501521
Smart-096-2501522,Mobile,+8550962501522
Smart-096-2501523,Mobile,+8550962501523
Smart-096-2501524,Mobile,+8550962501524
Smart-096-2501525,Mobile,+8550962501525
Smart-096-2501526,Mobile,+8550962501526
Smart-096-2501527,Mobile,+8550962501527
Smart-096-2501528,Mobile,+8550962501528
Smart-096-2501529,Mobile,+8550962501529
Smart-096-2501530,Mobile,+8550962501530
Smart-096-2501531,Mobile,+8550962501531
Smart-096-2501532,Mobile,+8550962501532
Smart-096-2501533,Mobile,+8550962501533
Smart-096-2501534,Mobile,+8550962501534
Smart-096-2501535,Mobile,+8550962501535
Smart-096-2501536,Mobile,+8550962501536
Smart-096-2501537,Mobile,+8550962501537
Smart-096-2501538,Mobile,+8550962501538
Smart-096-2501539,Mobile,+8550962501539
Smart-096-2501540,Mobile,+8550962501540
Smart-096-2501541,Mobile,+8550962501541
Smart-096-2501542,Mobile,+8550962501542
Smart-096-2501543,Mobile,+8550962501543
Smart-096-2501544,Mobile,+8550962501544
Smart-096-2501545,Mobile,+8550962501545
Smart-096-2501546,Mobile,+8550962501546
Smart-096-2501547,Mobile,+8550962501547
Smart-096-2501548,Mobile,+8550962501548
Smart-096-2501549,Mobile,+8550962501549
Smart-096-2501550,Mobile,+8550962501550
Smart-096-2501551,Mobile,+8550962501551
Smart-096-2501552,Mobile,+8550962501552
Smart-096-2501553,Mobile,+8550962501553
Smart-096-2501554,Mobile,+8550962501554
Smart-096-2501555,Mobile,+8550962501555
Smart-096-2501556,Mobile,+8550962501556
Smart-096-2501557,Mobile,+8550962501557
Smart-096-2501558,Mobile,+8550962501558
Smart-096-2501559,Mobile,+8550962501559
Smart-096-2501560,Mobile,+8550962501560
Smart-096-2501561,Mobile,+8550962501561
Smart-096-2501562,Mobile,+8550962501562
Smart-096-2501563,Mobile,+8550962501563
Smart-096-2501564,Mobile,+8550962501564
Smart-096-2501565,Mobile,+8550962501565
Smart-096-2501566,Mobile,+8550962501566
Smart-096-2501567,Mobile,+8550962501567
Smart-096-2501568,Mobile,+8550962501568
Smart-096-2501569,Mobile,+8550962501569
Smart-096-2501570,Mobile,+8550962501570
Smart-096-2501571,Mobile,+8550962501571
Smart-096-2501572,Mobile,+8550962501572
Smart-096-2501573,Mobile,+8550962501573
Smart-096-2501574,Mobile,+8550962501574
Smart-096-2501575,Mobile,+8550962501575
Smart-096-2501576,Mobile,+8550962501576
Smart-096-2501577,Mobile,+8550962501577
Smart-096-2501578,Mobile,+8550962501578
Smart-096-2501579,Mobile,+8550962501579
Smart-096-2501580,Mobile,+8550962501580
Smart-096-2501581,Mobile,+8550962501581
Smart-096-2501582,Mobile,+8550962501582
Smart-096-2501583,Mobile,+8550962501583
Smart-096-2501584,Mobile,+8550962501584
Smart-096-2501585,Mobile,+8550962501585
Smart-096-2501586,Mobile,+8550962501586
Smart-096-2501587,Mobile,+8550962501587
Smart-096-2501588,Mobile,+8550962501588
Smart-096-2501589,Mobile,+8550962501589
Smart-096-2501590,Mobile,+8550962501590
Smart-096-2501591,Mobile,+8550962501591
Smart-096-2501592,Mobile,+8550962501592
Smart-096-2501593,Mobile,+8550962501593
Smart-096-2501594,Mobile,+8550962501594
Smart-096-2501595,Mobile,+8550962501595
Smart-096-2501596,Mobile,+8550962501596
Smart-096-2501597,Mobile,+8550962501597
Smart-096-2501598,Mobile,+8550962501598
Smart-096-2501599,Mobile,+8550962501599
Smart-096-2501600,Mobile,+8550962501600
Smart-096-2501601,Mobile,+8550962501601
Smart-096-2501602,Mobile,+8550962501602
Smart-096-2501603,Mobile,+8550962501603
Smart-096-2501604,Mobile,+8550962501604
Smart-096-2501605,Mobile,+8550962501605
Smart-096-2501606,Mobile,+8550962501606
Smart-096-2501607,Mobile,+8550962501607
Smart-096-2501608,Mobile,+8550962501608
Smart-096-2501609,Mobile,+8550962501609
Smart-096-2501610,Mobile,+8550962501610
Smart-096-2501611,Mobile,+8550962501611
Smart-096-2501612,Mobile,+8550962501612
Smart-096-2501613,Mobile,+8550962501613
Smart-096-2501614,Mobile,+8550962501614
Smart-096-2501615,Mobile,+8550962501615
Smart-096-2501616,Mobile,+8550962501616
Smart-096-2501617,Mobile,+8550962501617
Smart-096-2501618,Mobile,+8550962501618
Smart-096-2501619,Mobile,+8550962501619
Smart-096-2501620,Mobile,+8550962501620
Smart-096-2501621,Mobile,+8550962501621
Smart-096-2501622,Mobile,+8550962501622
Smart-096-2501623,Mobile,+8550962501623
Smart-096-2501624,Mobile,+8550962501624
Smart-096-2501625,Mobile,+8550962501625
Smart-096-2501626,Mobile,+8550962501626
Smart-096-2501627,Mobile,+8550962501627
Smart-096-2501628,Mobile,+8550962501628
Smart-096-2501629,Mobile,+8550962501629
Smart-096-2501630,Mobile,+8550962501630
Smart-096-2501631,Mobile,+8550962501631
Smart-096-2501632,Mobile,+8550962501632
Smart-096-2501633,Mobile,+8550962501633
Smart-096-2501634,Mobile,+8550962501634
Smart-096-2501635,Mobile,+8550962501635
Smart-096-2501636,Mobile,+8550962501636
Smart-096-2501637,Mobile,+8550962501637
Smart-096-2501638,Mobile,+8550962501638
Smart-096-2501639,Mobile,+8550962501639
Smart-096-2501640,Mobile,+8550962501640
Smart-096-2501641,Mobile,+8550962501641
Smart-096-2501642,Mobile,+8550962501642
Smart-096-2501643,Mobile,+8550962501643
Smart-096-2501644,Mobile,+8550962501644
Smart-096-2501645,Mobile,+8550962501645
Smart-096-2501646,Mobile,+8550962501646
Smart-096-2501647,Mobile,+8550962501647
Smart-096-2501648,Mobile,+8550962501648
Smart-096-2501649,Mobile,+8550962501649
Smart-096-2501650,Mobile,+8550962501650
Smart-096-2501651,Mobile,+8550962501651
Smart-096-2501652,Mobile,+8550962501652
Smart-096-2501653,Mobile,+8550962501653
Smart-096-2501654,Mobile,+8550962501654
Smart-096-2501655,Mobile,+8550962501655
Smart-096-2501656,Mobile,+8550962501656
Smart-096-2501657,Mobile,+8550962501657
Smart-096-2501658,Mobile,+8550962501658
Smart-096-2501659,Mobile,+8550962501659
Smart-096-2501660,Mobile,+8550962501660
Smart-096-2501661,Mobile,+8550962501661
Smart-096-2501662,Mobile,+8550962501662
Smart-096-2501663,Mobile,+8550962501663
Smart-096-2501664,Mobile,+8550962501664
Smart-096-2501665,Mobile,+8550962501665
Smart-096-2501666,Mobile,+8550962501666
Smart-096-2501667,Mobile,+8550962501667
Smart-096-2501668,Mobile,+8550962501668
Smart-096-2501669,Mobile,+8550962501669
Smart-096-2501670,Mobile,+8550962501670
Smart-096-2501671,Mobile,+8550962501671
Smart-096-2501672,Mobile,+8550962501672
Smart-096-2501673,Mobile,+8550962501673
Smart-096-2501674,Mobile,+8550962501674
Smart-096-2501675,Mobile,+8550962501675
Smart-096-2501676,Mobile,+8550962501676
Smart-096-2501677,Mobile,+8550962501677
Smart-096-2501678,Mobile,+8550962501678
Smart-096-2501679,Mobile,+8550962501679
Smart-096-2501680,Mobile,+8550962501680
Smart-096-2501681,Mobile,+8550962501681
Smart-096-2501682,Mobile,+8550962501682
Smart-096-2501683,Mobile,+8550962501683
Smart-096-2501684,Mobile,+8550962501684
Smart-096-2501685,Mobile,+8550962501685
Smart-096-2501686,Mobile,+8550962501686
Smart-096-2501687,Mobile,+8550962501687
Smart-096-2501688,Mobile,+8550962501688
Smart-096-2501689,Mobile,+8550962501689
Smart-096-2501690,Mobile,+8550962501690
Smart-096-2501691,Mobile,+8550962501691
Smart-096-2501692,Mobile,+8550962501692
Smart-096-2501693,Mobile,+8550962501693
Smart-096-2501694,Mobile,+8550962501694
Smart-096-2501695,Mobile,+8550962501695
Smart-096-2501696,Mobile,+8550962501696
Smart-096-2501697,Mobile,+8550962501697
Smart-096-2501698,Mobile,+8550962501698
Smart-096-2501699,Mobile,+8550962501699
Smart-096-2501700,Mobile,+8550962501700
Smart-096-2501701,Mobile,+8550962501701
Smart-096-2501702,Mobile,+8550962501702
Smart-096-2501703,Mobile,+8550962501703
Smart-096-2501704,Mobile,+8550962501704
Smart-096-2501705,Mobile,+8550962501705
Smart-096-2501706,Mobile,+8550962501706
Smart-096-2501707,Mobile,+8550962501707
Smart-096-2501708,Mobile,+8550962501708
Smart-096-2501709,Mobile,+8550962501709
Smart-096-2501710,Mobile,+8550962501710
Smart-096-2501711,Mobile,+8550962501711
Smart-096-2501712,Mobile,+8550962501712
Smart-096-2501713,Mobile,+8550962501713
Smart-096-2501714,Mobile,+8550962501714
Smart-096-2501715,Mobile,+8550962501715
Smart-096-2501716,Mobile,+8550962501716
Smart-096-2501717,Mobile,+8550962501717
Smart-096-2501718,Mobile,+8550962501718
Smart-096-2501719,Mobile,+8550962501719
Smart-096-2501720,Mobile,+8550962501720
Smart-096-2501721,Mobile,+8550962501721
Smart-096-2501722,Mobile,+8550962501722
Smart-096-2501723,Mobile,+8550962501723
Smart-096-2501724,Mobile,+8550962501724
Smart-096-2501725,Mobile,+8550962501725
Smart-096-2501726,Mobile,+8550962501726
Smart-096-2501727,Mobile,+8550962501727
Smart-096-2501728,Mobile,+8550962501728
Smart-096-2501729,Mobile,+8550962501729
Smart-096-2501730,Mobile,+8550962501730
Smart-096-2501731,Mobile,+8550962501731
Smart-096-2501732,Mobile,+8550962501732
Smart-096-2501733,Mobile,+8550962501733
Smart-096-2501734,Mobile,+8550962501734
Smart-096-2501735,Mobile,+8550962501735
Smart-096-2501736,Mobile,+8550962501736
Smart-096-2501737,Mobile,+8550962501737
Smart-096-2501738,Mobile,+8550962501738
Smart-096-2501739,Mobile,+8550962501739
Smart-096-2501740,Mobile,+8550962501740
Smart-096-2501741,Mobile,+8550962501741
Smart-096-2501742,Mobile,+8550962501742
Smart-096-2501743,Mobile,+8550962501743
Smart-096-2501744,Mobile,+8550962501744
Smart-096-2501745,Mobile,+8550962501745
Smart-096-2501746,Mobile,+8550962501746
Smart-096-2501747,Mobile,+8550962501747
Smart-096-2501748,Mobile,+8550962501748
Smart-096-2501749,Mobile,+8550962501749
Smart-096-2501750,Mobile,+8550962501750
Smart-096-2501751,Mobile,+8550962501751
Smart-096-2501752,Mobile,+8550962501752
Smart-096-2501753,Mobile,+8550962501753
Smart-096-2501754,Mobile,+8550962501754
Smart-096-2501755,Mobile,+8550962501755
Smart-096-2501756,Mobile,+8550962501756
Smart-096-2501757,Mobile,+8550962501757
Smart-096-2501758,Mobile,+8550962501758
Smart-096-2501759,Mobile,+8550962501759
Smart-096-2501760,Mobile,+8550962501760
Smart-096-2501761,Mobile,+8550962501761
Smart-096-2501762,Mobile,+8550962501762
Smart-096-2501763,Mobile,+8550962501763
Smart-096-2501764,Mobile,+8550962501764
Smart-096-2501765,Mobile,+8550962501765
Smart-096-2501766,Mobile,+8550962501766
Smart-096-2501767,Mobile,+8550962501767
Smart-096-2501768,Mobile,+8550962501768
Smart-096-2501769,Mobile,+8550962501769
Smart-096-2501770,Mobile,+8550962501770
Smart-096-2501771,Mobile,+8550962501771
Smart-096-2501772,Mobile,+8550962501772
Smart-096-2501773,Mobile,+8550962501773
Smart-096-2501774,Mobile,+8550962501774
Smart-096-2501775,Mobile,+8550962501775
Smart-096-2501776,Mobile,+8550962501776
Smart-096-2501777,Mobile,+8550962501777
Smart-096-2501778,Mobile,+8550962501778
Smart-096-2501779,Mobile,+8550962501779
Smart-096-2501780,Mobile,+8550962501780
Smart-096-2501781,Mobile,+8550962501781
Smart-096-2501782,Mobile,+8550962501782
Smart-096-2501783,Mobile,+8550962501783
Smart-096-2501784,Mobile,+8550962501784
Smart-096-2501785,Mobile,+8550962501785
Smart-096-2501786,Mobile,+8550962501786
Smart-096-2501787,Mobile,+8550962501787
Smart-096-2501788,Mobile,+8550962501788
Smart-096-2501789,Mobile,+8550962501789
Smart-096-2501790,Mobile,+8550962501790
Smart-096-2501791,Mobile,+8550962501791
Smart-096-2501792,Mobile,+8550962501792
Smart-096-2501793,Mobile,+8550962501793
Smart-096-2501794,Mobile,+8550962501794
Smart-096-2501795,Mobile,+8550962501795
Smart-096-2501796,Mobile,+8550962501796
Smart-096-2501797,Mobile,+8550962501797
Smart-096-2501798,Mobile,+8550962501798
Smart-096-2501799,Mobile,+8550962501799
Smart-096-2501800,Mobile,+8550962501800
Smart-096-2501801,Mobile,+8550962501801
Smart-096-2501802,Mobile,+8550962501802
Smart-096-2501803,Mobile,+8550962501803
Smart-096-2501804,Mobile,+8550962501804
Smart-096-2501805,Mobile,+8550962501805
Smart-096-2501806,Mobile,+8550962501806
Smart-096-2501807,Mobile,+8550962501807
Smart-096-2501808,Mobile,+8550962501808
Smart-096-2501809,Mobile,+8550962501809
Smart-096-2501810,Mobile,+8550962501810
Smart-096-2501811,Mobile,+8550962501811
Smart-096-2501812,Mobile,+8550962501812
Smart-096-2501813,Mobile,+8550962501813
Smart-096-2501814,Mobile,+8550962501814
Smart-096-2501815,Mobile,+8550962501815
Smart-096-2501816,Mobile,+8550962501816
Smart-096-2501817,Mobile,+8550962501817
Smart-096-2501818,Mobile,+8550962501818
Smart-096-2501819,Mobile,+8550962501819
Smart-096-2501820,Mobile,+8550962501820
Smart-096-2501821,Mobile,+8550962501821
Smart-096-2501822,Mobile,+8550962501822
Smart-096-2501823,Mobile,+8550962501823
Smart-096-2501824,Mobile,+8550962501824
Smart-096-2501825,Mobile,+8550962501825
Smart-096-2501826,Mobile,+8550962501826
Smart-096-2501827,Mobile,+8550962501827
Smart-096-2501828,Mobile,+8550962501828
Smart-096-2501829,Mobile,+8550962501829
Smart-096-2501830,Mobile,+8550962501830
Smart-096-2501831,Mobile,+8550962501831
Smart-096-2501832,Mobile,+8550962501832
Smart-096-2501833,Mobile,+8550962501833
Smart-096-2501834,Mobile,+8550962501834
Smart-096-2501835,Mobile,+8550962501835
Smart-096-2501836,Mobile,+8550962501836
Smart-096-2501837,Mobile,+8550962501837
Smart-096-2501838,Mobile,+8550962501838
Smart-096-2501839,Mobile,+8550962501839
Smart-096-2501840,Mobile,+8550962501840
Smart-096-2501841,Mobile,+8550962501841
Smart-096-2501842,Mobile,+8550962501842
Smart-096-2501843,Mobile,+8550962501843
Smart-096-2501844,Mobile,+8550962501844
Smart-096-2501845,Mobile,+8550962501845
Smart-096-2501846,Mobile,+8550962501846
Smart-096-2501847,Mobile,+8550962501847
Smart-096-2501848,Mobile,+8550962501848
Smart-096-2501849,Mobile,+8550962501849
Smart-096-2501850,Mobile,+8550962501850
Smart-096-2501851,Mobile,+8550962501851
Smart-096-2501852,Mobile,+8550962501852
Smart-096-2501853,Mobile,+8550962501853
Smart-096-2501854,Mobile,+8550962501854
Smart-096-2501855,Mobile,+8550962501855
Smart-096-2501856,Mobile,+8550962501856
Smart-096-2501857,Mobile,+8550962501857
Smart-096-2501858,Mobile,+8550962501858
Smart-096-2501859,Mobile,+8550962501859
Smart-096-2501860,Mobile,+8550962501860
Smart-096-2501861,Mobile,+8550962501861
Smart-096-2501862,Mobile,+8550962501862
Smart-096-2501863,Mobile,+8550962501863
Smart-096-2501864,Mobile,+8550962501864
Smart-096-2501865,Mobile,+8550962501865
Smart-096-2501866,Mobile,+8550962501866
Smart-096-2501867,Mobile,+8550962501867
Smart-096-2501868,Mobile,+8550962501868
Smart-096-2501869,Mobile,+8550962501869
Smart-096-2501870,Mobile,+8550962501870
Smart-096-2501871,Mobile,+8550962501871
Smart-096-2501872,Mobile,+8550962501872
Smart-096-2501873,Mobile,+8550962501873
Smart-096-2501874,Mobile,+8550962501874
Smart-096-2501875,Mobile,+8550962501875
Smart-096-2501876,Mobile,+8550962501876
Smart-096-2501877,Mobile,+8550962501877
Smart-096-2501878,Mobile,+8550962501878
Smart-096-2501879,Mobile,+8550962501879
Smart-096-2501880,Mobile,+8550962501880
Smart-096-2501881,Mobile,+8550962501881
Smart-096-2501882,Mobile,+8550962501882
Smart-096-2501883,Mobile,+8550962501883
Smart-096-2501884,Mobile,+8550962501884
Smart-096-2501885,Mobile,+8550962501885
Smart-096-2501886,Mobile,+8550962501886
Smart-096-2501887,Mobile,+8550962501887
Smart-096-2501888,Mobile,+8550962501888
Smart-096-2501889,Mobile,+8550962501889
Smart-096-2501890,Mobile,+8550962501890
Smart-096-2501891,Mobile,+8550962501891
Smart-096-2501892,Mobile,+8550962501892
Smart-096-2501893,Mobile,+8550962501893
Smart-096-2501894,Mobile,+8550962501894
Smart-096-2501895,Mobile,+8550962501895
Smart-096-2501896,Mobile,+8550962501896
Smart-096-2501897,Mobile,+8550962501897
Smart-096-2501898,Mobile,+8550962501898
Smart-096-2501899,Mobile,+8550962501899
Smart-096-2501900,Mobile,+8550962501900
Smart-096-2501901,Mobile,+8550962501901
Smart-096-2501902,Mobile,+8550962501902
Smart-096-2501903,Mobile,+8550962501903
Smart-096-2501904,Mobile,+8550962501904
Smart-096-2501905,Mobile,+8550962501905
Smart-096-2501906,Mobile,+8550962501906
Smart-096-2501907,Mobile,+8550962501907
Smart-096-2501908,Mobile,+8550962501908
Smart-096-2501909,Mobile,+8550962501909
Smart-096-2501910,Mobile,+8550962501910
Smart-096-2501911,Mobile,+8550962501911
Smart-096-2501912,Mobile,+8550962501912
Smart-096-2501913,Mobile,+8550962501913
Smart-096-2501914,Mobile,+8550962501914
Smart-096-2501915,Mobile,+8550962501915
Smart-096-2501916,Mobile,+8550962501916
Smart-096-2501917,Mobile,+8550962501917
Smart-096-2501918,Mobile,+8550962501918
Smart-096-2501919,Mobile,+8550962501919
Smart-096-2501920,Mobile,+8550962501920
Smart-096-2501921,Mobile,+8550962501921
Smart-096-2501922,Mobile,+8550962501922
Smart-096-2501923,Mobile,+8550962501923
Smart-096-2501924,Mobile,+8550962501924
Smart-096-2501925,Mobile,+8550962501925
Smart-096-2501926,Mobile,+8550962501926
Smart-096-2501927,Mobile,+8550962501927
Smart-096-2501928,Mobile,+8550962501928
Smart-096-2501929,Mobile,+8550962501929
Smart-096-2501930,Mobile,+8550962501930
Smart-096-2501931,Mobile,+8550962501931
Smart-096-2501932,Mobile,+8550962501932
Smart-096-2501933,Mobile,+8550962501933
Smart-096-2501934,Mobile,+8550962501934
Smart-096-2501935,Mobile,+8550962501935
Smart-096-2501936,Mobile,+8550962501936
Smart-096-2501937,Mobile,+8550962501937
Smart-096-2501938,Mobile,+8550962501938
Smart-096-2501939,Mobile,+8550962501939
Smart-096-2501940,Mobile,+8550962501940
Smart-096-2501941,Mobile,+8550962501941
Smart-096-2501942,Mobile,+8550962501942
Smart-096-2501943,Mobile,+8550962501943
Smart-096-2501944,Mobile,+8550962501944
Smart-096-2501945,Mobile,+8550962501945
Smart-096-2501946,Mobile,+8550962501946
Smart-096-2501947,Mobile,+8550962501947
Smart-096-2501948,Mobile,+8550962501948
Smart-096-2501949,Mobile,+8550962501949
Smart-096-2501950,Mobile,+8550962501950
Smart-096-2501951,Mobile,+8550962501951
Smart-096-2501952,Mobile,+8550962501952
Smart-096-2501953,Mobile,+8550962501953
Smart-096-2501954,Mobile,+8550962501954
Smart-096-2501955,Mobile,+8550962501955
Smart-096-2501956,Mobile,+8550962501956
Smart-096-2501957,Mobile,+8550962501957
Smart-096-2501958,Mobile,+8550962501958
Smart-096-2501959,Mobile,+8550962501959
Smart-096-2501960,Mobile,+8550962501960
Smart-096-2501961,Mobile,+8550962501961
Smart-096-2501962,Mobile,+8550962501962
Smart-096-2501963,Mobile,+8550962501963
Smart-096-2501964,Mobile,+8550962501964
Smart-096-2501965,Mobile,+8550962501965
Smart-096-2501966,Mobile,+8550962501966
Smart-096-2501967,Mobile,+8550962501967
Smart-096-2501968,Mobile,+8550962501968
Smart-096-2501969,Mobile,+8550962501969
Smart-096-2501970,Mobile,+8550962501970
Smart-096-2501971,Mobile,+8550962501971
Smart-096-2501972,Mobile,+8550962501972
Smart-096-2501973,Mobile,+8550962501973
Smart-096-2501974,Mobile,+8550962501974
Smart-096-2501975,Mobile,+8550962501975
Smart-096-2501976,Mobile,+8550962501976
Smart-096-2501977,Mobile,+8550962501977
Smart-096-2501978,Mobile,+8550962501978
Smart-096-2501979,Mobile,+8550962501979
Smart-096-2501980,Mobile,+8550962501980
Smart-096-2501981,Mobile,+8550962501981
Smart-096-2501982,Mobile,+8550962501982
Smart-096-2501983,Mobile,+8550962501983
Smart-096-2501984,Mobile,+8550962501984
Smart-096-2501985,Mobile,+8550962501985
Smart-096-2501986,Mobile,+8550962501986
Smart-096-2501987,Mobile,+8550962501987
Smart-096-2501988,Mobile,+8550962501988
Smart-096-2501989,Mobile,+8550962501989
Smart-096-2501990,Mobile,+8550962501990
Smart-096-2501991,Mobile,+8550962501991
Smart-096-2501992,Mobile,+8550962501992
Smart-096-2501993,Mobile,+8550962501993
Smart-096-2501994,Mobile,+8550962501994
Smart-096-2501995,Mobile,+8550962501995
Smart-096-2501996,Mobile,+8550962501996
Smart-096-2501997,Mobile,+8550962501997
Smart-096-2501998,Mobile,+8550962501998
Smart-096-2501999,Mobile,+8550962501999
Smart-096-2502000,Mobile,+8550962502000
Smart-096-2502001,Mobile,+8550962502001
Smart-096-2502002,Mobile,+8550962502002
Smart-096-2502003,Mobile,+8550962502003
Smart-096-2502004,Mobile,+8550962502004
Smart-096-2502005,Mobile,+8550962502005
Smart-096-2502006,Mobile,+8550962502006
Smart-096-2502007,Mobile,+8550962502007
Smart-096-2502008,Mobile,+8550962502008
Smart-096-2502009,Mobile,+8550962502009
Smart-096-2502010,Mobile,+8550962502010
Smart-096-2502011,Mobile,+8550962502011
Smart-096-2502012,Mobile,+8550962502012
Smart-096-2502013,Mobile,+8550962502013
Smart-096-2502014,Mobile,+8550962502014
Smart-096-2502015,Mobile,+8550962502015
Smart-096-2502016,Mobile,+8550962502016
Smart-096-2502017,Mobile,+8550962502017
Smart-096-2502018,Mobile,+8550962502018
Smart-096-2502019,Mobile,+8550962502019
Smart-096-2502020,Mobile,+8550962502020
Smart-096-2502021,Mobile,+8550962502021
Smart-096-2502022,Mobile,+8550962502022
Smart-096-2502023,Mobile,+8550962502023
Smart-096-2502024,Mobile,+8550962502024
Smart-096-2502025,Mobile,+8550962502025
Smart-096-2502026,Mobile,+8550962502026
Smart-096-2502027,Mobile,+8550962502027
Smart-096-2502028,Mobile,+8550962502028
Smart-096-2502029,Mobile,+8550962502029
Smart-096-2502030,Mobile,+8550962502030
Smart-096-2502031,Mobile,+8550962502031
Smart-096-2502032,Mobile,+8550962502032
Smart-096-2502033,Mobile,+8550962502033
Smart-096-2502034,Mobile,+8550962502034
Smart-096-2502035,Mobile,+8550962502035
Smart-096-2502036,Mobile,+8550962502036
Smart-096-2502037,Mobile,+8550962502037
Smart-096-2502038,Mobile,+8550962502038
Smart-096-2502039,Mobile,+8550962502039
Smart-096-2502040,Mobile,+8550962502040
Smart-096-2502041,Mobile,+8550962502041
Smart-096-2502042,Mobile,+8550962502042
Smart-096-2502043,Mobile,+8550962502043
Smart-096-2502044,Mobile,+8550962502044
Smart-096-2502045,Mobile,+8550962502045
Smart-096-2502046,Mobile,+8550962502046
Smart-096-2502047,Mobile,+8550962502047
Smart-096-2502048,Mobile,+8550962502048
Smart-096-2502049,Mobile,+8550962502049
Smart-096-2502050,Mobile,+8550962502050
Smart-096-2502051,Mobile,+8550962502051
Smart-096-2502052,Mobile,+8550962502052
Smart-096-2502053,Mobile,+8550962502053
Smart-096-2502054,Mobile,+8550962502054
Smart-096-2502055,Mobile,+8550962502055
Smart-096-2502056,Mobile,+8550962502056
Smart-096-2502057,Mobile,+8550962502057
Smart-096-2502058,Mobile,+8550962502058
Smart-096-2502059,Mobile,+8550962502059
Smart-096-2502060,Mobile,+8550962502060
Smart-096-2502061,Mobile,+8550962502061
Smart-096-2502062,Mobile,+8550962502062
Smart-096-2502063,Mobile,+8550962502063
Smart-096-2502064,Mobile,+8550962502064
Smart-096-2502065,Mobile,+8550962502065
Smart-096-2502066,Mobile,+8550962502066
Smart-096-2502067,Mobile,+8550962502067
Smart-096-2502068,Mobile,+8550962502068
Smart-096-2502069,Mobile,+8550962502069
Smart-096-2502070,Mobile,+8550962502070
Smart-096-2502071,Mobile,+8550962502071
Smart-096-2502072,Mobile,+8550962502072
Smart-096-2502073,Mobile,+8550962502073
Smart-096-2502074,Mobile,+8550962502074
Smart-096-2502075,Mobile,+8550962502075
Smart-096-2502076,Mobile,+8550962502076
Smart-096-2502077,Mobile,+8550962502077
Smart-096-2502078,Mobile,+8550962502078
Smart-096-2502079,Mobile,+8550962502079
Smart-096-2502080,Mobile,+8550962502080
Smart-096-2502081,Mobile,+8550962502081
Smart-096-2502082,Mobile,+8550962502082
Smart-096-2502083,Mobile,+8550962502083
Smart-096-2502084,Mobile,+8550962502084
Smart-096-2502085,Mobile,+8550962502085
Smart-096-2502086,Mobile,+8550962502086
Smart-096-2502087,Mobile,+8550962502087
Smart-096-2502088,Mobile,+8550962502088
Smart-096-2502089,Mobile,+8550962502089
Smart-096-2502090,Mobile,+8550962502090
Smart-096-2502091,Mobile,+8550962502091
Smart-096-2502092,Mobile,+8550962502092
Smart-096-2502093,Mobile,+8550962502093
Smart-096-2502094,Mobile,+8550962502094
Smart-096-2502095,Mobile,+8550962502095
Smart-096-2502096,Mobile,+8550962502096
Smart-096-2502097,Mobile,+8550962502097
Smart-096-2502098,Mobile,+8550962502098
Smart-096-2502099,Mobile,+8550962502099
Smart-096-2502100,Mobile,+8550962502100
Smart-096-2502101,Mobile,+8550962502101
Smart-096-2502102,Mobile,+8550962502102
Smart-096-2502103,Mobile,+8550962502103
Smart-096-2502104,Mobile,+8550962502104
Smart-096-2502105,Mobile,+8550962502105
Smart-096-2502106,Mobile,+8550962502106
Smart-096-2502107,Mobile,+8550962502107
Smart-096-2502108,Mobile,+8550962502108
Smart-096-2502109,Mobile,+8550962502109
Smart-096-2502110,Mobile,+8550962502110
Smart-096-2502111,Mobile,+8550962502111
Smart-096-2502112,Mobile,+8550962502112
Smart-096-2502113,Mobile,+8550962502113
Smart-096-2502114,Mobile,+8550962502114
Smart-096-2502115,Mobile,+8550962502115
Smart-096-2502116,Mobile,+8550962502116
Smart-096-2502117,Mobile,+8550962502117
Smart-096-2502118,Mobile,+8550962502118
Smart-096-2502119,Mobile,+8550962502119
Smart-096-2502120,Mobile,+8550962502120
Smart-096-2502121,Mobile,+8550962502121
Smart-096-2502122,Mobile,+8550962502122
Smart-096-2502123,Mobile,+8550962502123
Smart-096-2502124,Mobile,+8550962502124
Smart-096-2502125,Mobile,+8550962502125
Smart-096-2502126,Mobile,+8550962502126
Smart-096-2502127,Mobile,+8550962502127
Smart-096-2502128,Mobile,+8550962502128
Smart-096-2502129,Mobile,+8550962502129
Smart-096-2502130,Mobile,+8550962502130
Smart-096-2502131,Mobile,+8550962502131
Smart-096-2502132,Mobile,+8550962502132
Smart-096-2502133,Mobile,+8550962502133
Smart-096-2502134,Mobile,+8550962502134
Smart-096-2502135,Mobile,+8550962502135
Smart-096-2502136,Mobile,+8550962502136
Smart-096-2502137,Mobile,+8550962502137
Smart-096-2502138,Mobile,+8550962502138
Smart-096-2502139,Mobile,+8550962502139
Smart-096-2502140,Mobile,+8550962502140
Smart-096-2502141,Mobile,+8550962502141
Smart-096-2502142,Mobile,+8550962502142
Smart-096-2502143,Mobile,+8550962502143
Smart-096-2502144,Mobile,+8550962502144
Smart-096-2502145,Mobile,+8550962502145
Smart-096-2502146,Mobile,+8550962502146
Smart-096-2502147,Mobile,+8550962502147
Smart-096-2502148,Mobile,+8550962502148
Smart-096-2502149,Mobile,+8550962502149
Smart-096-2502150,Mobile,+8550962502150
Smart-096-2502151,Mobile,+8550962502151
Smart-096-2502152,Mobile,+8550962502152
Smart-096-2502153,Mobile,+8550962502153
Smart-096-2502154,Mobile,+8550962502154
Smart-096-2502155,Mobile,+8550962502155
Smart-096-2502156,Mobile,+8550962502156
Smart-096-2502157,Mobile,+8550962502157
Smart-096-2502158,Mobile,+8550962502158
Smart-096-2502159,Mobile,+8550962502159
Smart-096-2502160,Mobile,+8550962502160
Smart-096-2502161,Mobile,+8550962502161
Smart-096-2502162,Mobile,+8550962502162
Smart-096-2502163,Mobile,+8550962502163
Smart-096-2502164,Mobile,+8550962502164
Smart-096-2502165,Mobile,+8550962502165
Smart-096-2502166,Mobile,+8550962502166
Smart-096-2502167,Mobile,+8550962502167
Smart-096-2502168,Mobile,+8550962502168
Smart-096-2502169,Mobile,+8550962502169
Smart-096-2502170,Mobile,+8550962502170
Smart-096-2502171,Mobile,+8550962502171
Smart-096-2502172,Mobile,+8550962502172
Smart-096-2502173,Mobile,+8550962502173
Smart-096-2502174,Mobile,+8550962502174
Smart-096-2502175,Mobile,+8550962502175
Smart-096-2502176,Mobile,+8550962502176
Smart-096-2502177,Mobile,+8550962502177
Smart-096-2502178,Mobile,+8550962502178
Smart-096-2502179,Mobile,+8550962502179
Smart-096-2502180,Mobile,+8550962502180
Smart-096-2502181,Mobile,+8550962502181
Smart-096-2502182,Mobile,+8550962502182
Smart-096-2502183,Mobile,+8550962502183
Smart-096-2502184,Mobile,+8550962502184
Smart-096-2502185,Mobile,+8550962502185
Smart-096-2502186,Mobile,+8550962502186
Smart-096-2502187,Mobile,+8550962502187
Smart-096-2502188,Mobile,+8550962502188
Smart-096-2502189,Mobile,+8550962502189
Smart-096-2502190,Mobile,+8550962502190
Smart-096-2502191,Mobile,+8550962502191
Smart-096-2502192,Mobile,+8550962502192
Smart-096-2502193,Mobile,+8550962502193
Smart-096-2502194,Mobile,+8550962502194
Smart-096-2502195,Mobile,+8550962502195
Smart-096-2502196,Mobile,+8550962502196
Smart-096-2502197,Mobile,+8550962502197
Smart-096-2502198,Mobile,+8550962502198
Smart-096-2502199,Mobile,+8550962502199
Smart-096-2502200,Mobile,+8550962502200
Smart-096-2502201,Mobile,+8550962502201
Smart-096-2502202,Mobile,+8550962502202
Smart-096-2502203,Mobile,+8550962502203
Smart-096-2502204,Mobile,+8550962502204
Smart-096-2502205,Mobile,+8550962502205
Smart-096-2502206,Mobile,+8550962502206
Smart-096-2502207,Mobile,+8550962502207
Smart-096-2502208,Mobile,+8550962502208
Smart-096-2502209,Mobile,+8550962502209
Smart-096-2502210,Mobile,+8550962502210
Smart-096-2502211,Mobile,+8550962502211
Smart-096-2502212,Mobile,+8550962502212
Smart-096-2502213,Mobile,+8550962502213
Smart-096-2502214,Mobile,+8550962502214
Smart-096-2502215,Mobile,+8550962502215
Smart-096-2502216,Mobile,+8550962502216
Smart-096-2502217,Mobile,+8550962502217
Smart-096-2502218,Mobile,+8550962502218
Smart-096-2502219,Mobile,+8550962502219
Smart-096-2502220,Mobile,+8550962502220
Smart-096-2502221,Mobile,+8550962502221
Smart-096-2502222,Mobile,+8550962502222
Smart-096-2502223,Mobile,+8550962502223
Smart-096-2502224,Mobile,+8550962502224
Smart-096-2502225,Mobile,+8550962502225
Smart-096-2502226,Mobile,+8550962502226
Smart-096-2502227,Mobile,+8550962502227
Smart-096-2502228,Mobile,+8550962502228
Smart-096-2502229,Mobile,+8550962502229
Smart-096-2502230,Mobile,+8550962502230
Smart-096-2502231,Mobile,+8550962502231
Smart-096-2502232,Mobile,+8550962502232
Smart-096-2502233,Mobile,+8550962502233
Smart-096-2502234,Mobile,+8550962502234
Smart-096-2502235,Mobile,+8550962502235
Smart-096-2502236,Mobile,+8550962502236
Smart-096-2502237,Mobile,+8550962502237
Smart-096-2502238,Mobile,+8550962502238
Smart-096-2502239,Mobile,+8550962502239
Smart-096-2502240,Mobile,+8550962502240
Smart-096-2502241,Mobile,+8550962502241
Smart-096-2502242,Mobile,+8550962502242
Smart-096-2502243,Mobile,+8550962502243
Smart-096-2502244,Mobile,+8550962502244
Smart-096-2502245,Mobile,+8550962502245
Smart-096-2502246,Mobile,+8550962502246
Smart-096-2502247,Mobile,+8550962502247
Smart-096-2502248,Mobile,+8550962502248
Smart-096-2502249,Mobile,+8550962502249
Smart-096-2502250,Mobile,+8550962502250
Smart-096-2502251,Mobile,+8550962502251
Smart-096-2502252,Mobile,+8550962502252
Smart-096-2502253,Mobile,+8550962502253
Smart-096-2502254,Mobile,+8550962502254
Smart-096-2502255,Mobile,+8550962502255
Smart-096-2502256,Mobile,+8550962502256
Smart-096-2502257,Mobile,+8550962502257
Smart-096-2502258,Mobile,+8550962502258
Smart-096-2502259,Mobile,+8550962502259
Smart-096-2502260,Mobile,+8550962502260
Smart-096-2502261,Mobile,+8550962502261
Smart-096-2502262,Mobile,+8550962502262
Smart-096-2502263,Mobile,+8550962502263
Smart-096-2502264,Mobile,+8550962502264
Smart-096-2502265,Mobile,+8550962502265
Smart-096-2502266,Mobile,+8550962502266
Smart-096-2502267,Mobile,+8550962502267
Smart-096-2502268,Mobile,+8550962502268
Smart-096-2502269,Mobile,+8550962502269
Smart-096-2502270,Mobile,+8550962502270
Smart-096-2502271,Mobile,+8550962502271
Smart-096-2502272,Mobile,+8550962502272
Smart-096-2502273,Mobile,+8550962502273
Smart-096-2502274,Mobile,+8550962502274
Smart-096-2502275,Mobile,+8550962502275
Smart-096-2502276,Mobile,+8550962502276
Smart-096-2502277,Mobile,+8550962502277
Smart-096-2502278,Mobile,+8550962502278
Smart-096-2502279,Mobile,+8550962502279
Smart-096-2502280,Mobile,+8550962502280
Smart-096-2502281,Mobile,+8550962502281
Smart-096-2502282,Mobile,+8550962502282
Smart-096-2502283,Mobile,+8550962502283
Smart-096-2502284,Mobile,+8550962502284
Smart-096-2502285,Mobile,+8550962502285
Smart-096-2502286,Mobile,+8550962502286
Smart-096-2502287,Mobile,+8550962502287
Smart-096-2502288,Mobile,+8550962502288
Smart-096-2502289,Mobile,+8550962502289
Smart-096-2502290,Mobile,+8550962502290
Smart-096-2502291,Mobile,+8550962502291
Smart-096-2502292,Mobile,+8550962502292
Smart-096-2502293,Mobile,+8550962502293
Smart-096-2502294,Mobile,+8550962502294
Smart-096-2502295,Mobile,+8550962502295
Smart-096-2502296,Mobile,+8550962502296
Smart-096-2502297,Mobile,+8550962502297
Smart-096-2502298,Mobile,+8550962502298
Smart-096-2502299,Mobile,+8550962502299
Smart-096-2502300,Mobile,+8550962502300
Smart-096-2502301,Mobile,+8550962502301
Smart-096-2502302,Mobile,+8550962502302
Smart-096-2502303,Mobile,+8550962502303
Smart-096-2502304,Mobile,+8550962502304
Smart-096-2502305,Mobile,+8550962502305
Smart-096-2502306,Mobile,+8550962502306
Smart-096-2502307,Mobile,+8550962502307
Smart-096-2502308,Mobile,+8550962502308
Smart-096-2502309,Mobile,+8550962502309
Smart-096-2502310,Mobile,+8550962502310
Smart-096-2502311,Mobile,+8550962502311
Smart-096-2502312,Mobile,+8550962502312
Smart-096-2502313,Mobile,+8550962502313
Smart-096-2502314,Mobile,+8550962502314
Smart-096-2502315,Mobile,+8550962502315
Smart-096-2502316,Mobile,+8550962502316
Smart-096-2502317,Mobile,+8550962502317
Smart-096-2502318,Mobile,+8550962502318
Smart-096-2502319,Mobile,+8550962502319
Smart-096-2502320,Mobile,+8550962502320
Smart-096-2502321,Mobile,+8550962502321
Smart-096-2502322,Mobile,+8550962502322
Smart-096-2502323,Mobile,+8550962502323
Smart-096-2502324,Mobile,+8550962502324
Smart-096-2502325,Mobile,+8550962502325
Smart-096-2502326,Mobile,+8550962502326
Smart-096-2502327,Mobile,+8550962502327
Smart-096-2502328,Mobile,+8550962502328
Smart-096-2502329,Mobile,+8550962502329
Smart-096-2502330,Mobile,+8550962502330
Smart-096-2502331,Mobile,+8550962502331
Smart-096-2502332,Mobile,+8550962502332
Smart-096-2502333,Mobile,+8550962502333
Smart-096-2502334,Mobile,+8550962502334
Smart-096-2502335,Mobile,+8550962502335
Smart-096-2502336,Mobile,+8550962502336
Smart-096-2502337,Mobile,+8550962502337
Smart-096-2502338,Mobile,+8550962502338
Smart-096-2502339,Mobile,+8550962502339
Smart-096-2502340,Mobile,+8550962502340
Smart-096-2502341,Mobile,+8550962502341
Smart-096-2502342,Mobile,+8550962502342
Smart-096-2502343,Mobile,+8550962502343
Smart-096-2502344,Mobile,+8550962502344
Smart-096-2502345,Mobile,+8550962502345
Smart-096-2502346,Mobile,+8550962502346
Smart-096-2502347,Mobile,+8550962502347
Smart-096-2502348,Mobile,+8550962502348
Smart-096-2502349,Mobile,+8550962502349
Smart-096-2502350,Mobile,+8550962502350
Smart-096-2502351,Mobile,+8550962502351
Smart-096-2502352,Mobile,+8550962502352
Smart-096-2502353,Mobile,+8550962502353
Smart-096-2502354,Mobile,+8550962502354
Smart-096-2502355,Mobile,+8550962502355
Smart-096-2502356,Mobile,+8550962502356
Smart-096-2502357,Mobile,+8550962502357
Smart-096-2502358,Mobile,+8550962502358
Smart-096-2502359,Mobile,+8550962502359
Smart-096-2502360,Mobile,+8550962502360
Smart-096-2502361,Mobile,+8550962502361
Smart-096-2502362,Mobile,+8550962502362
Smart-096-2502363,Mobile,+8550962502363
Smart-096-2502364,Mobile,+8550962502364
Smart-096-2502365,Mobile,+8550962502365
Smart-096-2502366,Mobile,+8550962502366
Smart-096-2502367,Mobile,+8550962502367
Smart-096-2502368,Mobile,+8550962502368
Smart-096-2502369,Mobile,+8550962502369
Smart-096-2502370,Mobile,+8550962502370
Smart-096-2502371,Mobile,+8550962502371
Smart-096-2502372,Mobile,+8550962502372
Smart-096-2502373,Mobile,+8550962502373
Smart-096-2502374,Mobile,+8550962502374
Smart-096-2502375,Mobile,+8550962502375
Smart-096-2502376,Mobile,+8550962502376
Smart-096-2502377,Mobile,+8550962502377
Smart-096-2502378,Mobile,+8550962502378
Smart-096-2502379,Mobile,+8550962502379
Smart-096-2502380,Mobile,+8550962502380
Smart-096-2502381,Mobile,+8550962502381
Smart-096-2502382,Mobile,+8550962502382
Smart-096-2502383,Mobile,+8550962502383
Smart-096-2502384,Mobile,+8550962502384
Smart-096-2502385,Mobile,+8550962502385
Smart-096-2502386,Mobile,+8550962502386
Smart-096-2502387,Mobile,+8550962502387
Smart-096-2502388,Mobile,+8550962502388
Smart-096-2502389,Mobile,+8550962502389
Smart-096-2502390,Mobile,+8550962502390
Smart-096-2502391,Mobile,+8550962502391
Smart-096-2502392,Mobile,+8550962502392
Smart-096-2502393,Mobile,+8550962502393
Smart-096-2502394,Mobile,+8550962502394
Smart-096-2502395,Mobile,+8550962502395
Smart-096-2502396,Mobile,+8550962502396
Smart-096-2502397,Mobile,+8550962502397
Smart-096-2502398,Mobile,+8550962502398
Smart-096-2502399,Mobile,+8550962502399
Smart-096-2502400,Mobile,+8550962502400
Smart-096-2502401,Mobile,+8550962502401
Smart-096-2502402,Mobile,+8550962502402
Smart-096-2502403,Mobile,+8550962502403
Smart-096-2502404,Mobile,+8550962502404
Smart-096-2502405,Mobile,+8550962502405
Smart-096-2502406,Mobile,+8550962502406
Smart-096-2502407,Mobile,+8550962502407
Smart-096-2502408,Mobile,+8550962502408
Smart-096-2502409,Mobile,+8550962502409
Smart-096-2502410,Mobile,+8550962502410
Smart-096-2502411,Mobile,+8550962502411
Smart-096-2502412,Mobile,+8550962502412
Smart-096-2502413,Mobile,+8550962502413
Smart-096-2502414,Mobile,+8550962502414
Smart-096-2502415,Mobile,+8550962502415
Smart-096-2502416,Mobile,+8550962502416
Smart-096-2502417,Mobile,+8550962502417
Smart-096-2502418,Mobile,+8550962502418
Smart-096-2502419,Mobile,+8550962502419
Smart-096-2502420,Mobile,+8550962502420
Smart-096-2502421,Mobile,+8550962502421
Smart-096-2502422,Mobile,+8550962502422
Smart-096-2502423,Mobile,+8550962502423
Smart-096-2502424,Mobile,+8550962502424
Smart-096-2502425,Mobile,+8550962502425
Smart-096-2502426,Mobile,+8550962502426
Smart-096-2502427,Mobile,+8550962502427
Smart-096-2502428,Mobile,+8550962502428
Smart-096-2502429,Mobile,+8550962502429
Smart-096-2502430,Mobile,+8550962502430
Smart-096-2502431,Mobile,+8550962502431
Smart-096-2502432,Mobile,+8550962502432
Smart-096-2502433,Mobile,+8550962502433
Smart-096-2502434,Mobile,+8550962502434
Smart-096-2502435,Mobile,+8550962502435
Smart-096-2502436,Mobile,+8550962502436
Smart-096-2502437,Mobile,+8550962502437
Smart-096-2502438,Mobile,+8550962502438
Smart-096-2502439,Mobile,+8550962502439
Smart-096-2502440,Mobile,+8550962502440
Smart-096-2502441,Mobile,+8550962502441
Smart-096-2502442,Mobile,+8550962502442
Smart-096-2502443,Mobile,+8550962502443
Smart-096-2502444,Mobile,+8550962502444
Smart-096-2502445,Mobile,+8550962502445
Smart-096-2502446,Mobile,+8550962502446
Smart-096-2502447,Mobile,+8550962502447
Smart-096-2502448,Mobile,+8550962502448
Smart-096-2502449,Mobile,+8550962502449
Smart-096-2502450,Mobile,+8550962502450
Smart-096-2502451,Mobile,+8550962502451
Smart-096-2502452,Mobile,+8550962502452
Smart-096-2502453,Mobile,+8550962502453
Smart-096-2502454,Mobile,+8550962502454
Smart-096-2502455,Mobile,+8550962502455
Smart-096-2502456,Mobile,+8550962502456
Smart-096-2502457,Mobile,+8550962502457
Smart-096-2502458,Mobile,+8550962502458
Smart-096-2502459,Mobile,+8550962502459
Smart-096-2502460,Mobile,+8550962502460
Smart-096-2502461,Mobile,+8550962502461
Smart-096-2502462,Mobile,+8550962502462
Smart-096-2502463,Mobile,+8550962502463
Smart-096-2502464,Mobile,+8550962502464
Smart-096-2502465,Mobile,+8550962502465
Smart-096-2502466,Mobile,+8550962502466
Smart-096-2502467,Mobile,+8550962502467
Smart-096-2502468,Mobile,+8550962502468
Smart-096-2502469,Mobile,+8550962502469
Smart-096-2502470,Mobile,+8550962502470
Smart-096-2502471,Mobile,+8550962502471
Smart-096-2502472,Mobile,+8550962502472
Smart-096-2502473,Mobile,+8550962502473
Smart-096-2502474,Mobile,+8550962502474
Smart-096-2502475,Mobile,+8550962502475
Smart-096-2502476,Mobile,+8550962502476
Smart-096-2502477,Mobile,+8550962502477
Smart-096-2502478,Mobile,+8550962502478
Smart-096-2502479,Mobile,+8550962502479
Smart-096-2502480,Mobile,+8550962502480
Smart-096-2502481,Mobile,+8550962502481
Smart-096-2502482,Mobile,+8550962502482
Smart-096-2502483,Mobile,+8550962502483
Smart-096-2502484,Mobile,+8550962502484
Smart-096-2502485,Mobile,+8550962502485
Smart-096-2502486,Mobile,+8550962502486
Smart-096-2502487,Mobile,+8550962502487
Smart-096-2502488,Mobile,+8550962502488
Smart-096-2502489,Mobile,+8550962502489
Smart-096-2502490,Mobile,+8550962502490
Smart-096-2502491,Mobile,+8550962502491
Smart-096-2502492,Mobile,+8550962502492
Smart-096-2502493,Mobile,+8550962502493
Smart-096-2502494,Mobile,+8550962502494
Smart-096-2502495,Mobile,+8550962502495
Smart-096-2502496,Mobile,+8550962502496
Smart-096-2502497,Mobile,+8550962502497
Smart-096-2502498,Mobile,+8550962502498
Smart-096-2502499,Mobile,+8550962502499
Smart-096-2502500,Mobile,+8550962502500
Smart-096-2502501,Mobile,+8550962502501
Smart-096-2502502,Mobile,+8550962502502
Smart-096-2502503,Mobile,+8550962502503
Smart-096-2502504,Mobile,+8550962502504
Smart-096-2502505,Mobile,+8550962502505
Smart-096-2502506,Mobile,+8550962502506
Smart-096-2502507,Mobile,+8550962502507
Smart-096-2502508,Mobile,+8550962502508
Smart-096-2502509,Mobile,+8550962502509
Smart-096-2502510,Mobile,+8550962502510
Smart-096-2502511,Mobile,+8550962502511
Smart-096-2502512,Mobile,+8550962502512
Smart-096-2502513,Mobile,+8550962502513
Smart-096-2502514,Mobile,+8550962502514
Smart-096-2502515,Mobile,+8550962502515
Smart-096-2502516,Mobile,+8550962502516
Smart-096-2502517,Mobile,+8550962502517
Smart-096-2502518,Mobile,+8550962502518
Smart-096-2502519,Mobile,+8550962502519
Smart-096-2502520,Mobile,+8550962502520
Smart-096-2502521,Mobile,+8550962502521
Smart-096-2502522,Mobile,+8550962502522
Smart-096-2502523,Mobile,+8550962502523
Smart-096-2502524,Mobile,+8550962502524
Smart-096-2502525,Mobile,+8550962502525
Smart-096-2502526,Mobile,+8550962502526
Smart-096-2502527,Mobile,+8550962502527
Smart-096-2502528,Mobile,+8550962502528
Smart-096-2502529,Mobile,+8550962502529
Smart-096-2502530,Mobile,+8550962502530
Smart-096-2502531,Mobile,+8550962502531
Smart-096-2502532,Mobile,+8550962502532
Smart-096-2502533,Mobile,+8550962502533
Smart-096-2502534,Mobile,+8550962502534
Smart-096-2502535,Mobile,+8550962502535
Smart-096-2502536,Mobile,+8550962502536
Smart-096-2502537,Mobile,+8550962502537
Smart-096-2502538,Mobile,+8550962502538
Smart-096-2502539,Mobile,+8550962502539
Smart-096-2502540,Mobile,+8550962502540
Smart-096-2502541,Mobile,+8550962502541
Smart-096-2502542,Mobile,+8550962502542
Smart-096-2502543,Mobile,+8550962502543
Smart-096-2502544,Mobile,+8550962502544
Smart-096-2502545,Mobile,+8550962502545
Smart-096-2502546,Mobile,+8550962502546
Smart-096-2502547,Mobile,+8550962502547
Smart-096-2502548,Mobile,+8550962502548
Smart-096-2502549,Mobile,+8550962502549
Smart-096-2502550,Mobile,+8550962502550
Smart-096-2502551,Mobile,+8550962502551
Smart-096-2502552,Mobile,+8550962502552
Smart-096-2502553,Mobile,+8550962502553
Smart-096-2502554,Mobile,+8550962502554
Smart-096-2502555,Mobile,+8550962502555
Smart-096-2502556,Mobile,+8550962502556
Smart-096-2502557,Mobile,+8550962502557
Smart-096-2502558,Mobile,+8550962502558
Smart-096-2502559,Mobile,+8550962502559
Smart-096-2502560,Mobile,+8550962502560
Smart-096-2502561,Mobile,+8550962502561
Smart-096-2502562,Mobile,+8550962502562
Smart-096-2502563,Mobile,+8550962502563
Smart-096-2502564,Mobile,+8550962502564
Smart-096-2502565,Mobile,+8550962502565
Smart-096-2502566,Mobile,+8550962502566
Smart-096-2502567,Mobile,+8550962502567
Smart-096-2502568,Mobile,+8550962502568
Smart-096-2502569,Mobile,+8550962502569
Smart-096-2502570,Mobile,+8550962502570
Smart-096-2502571,Mobile,+8550962502571
Smart-096-2502572,Mobile,+8550962502572
Smart-096-2502573,Mobile,+8550962502573
Smart-096-2502574,Mobile,+8550962502574
Smart-096-2502575,Mobile,+8550962502575
Smart-096-2502576,Mobile,+8550962502576
Smart-096-2502577,Mobile,+8550962502577
Smart-096-2502578,Mobile,+8550962502578
Smart-096-2502579,Mobile,+8550962502579
Smart-096-2502580,Mobile,+8550962502580
Smart-096-2502581,Mobile,+8550962502581
Smart-096-2502582,Mobile,+8550962502582
Smart-096-2502583,Mobile,+8550962502583
Smart-096-2502584,Mobile,+8550962502584
Smart-096-2502585,Mobile,+8550962502585
Smart-096-2502586,Mobile,+8550962502586
Smart-096-2502587,Mobile,+8550962502587
Smart-096-2502588,Mobile,+8550962502588
Smart-096-2502589,Mobile,+8550962502589
Smart-096-2502590,Mobile,+8550962502590
Smart-096-2502591,Mobile,+8550962502591
Smart-096-2502592,Mobile,+8550962502592
Smart-096-2502593,Mobile,+8550962502593
Smart-096-2502594,Mobile,+8550962502594
Smart-096-2502595,Mobile,+8550962502595
Smart-096-2502596,Mobile,+8550962502596
Smart-096-2502597,Mobile,+8550962502597
Smart-096-2502598,Mobile,+8550962502598
Smart-096-2502599,Mobile,+8550962502599
Smart-096-2502600,Mobile,+8550962502600
Smart-096-2502601,Mobile,+8550962502601
Smart-096-2502602,Mobile,+8550962502602
Smart-096-2502603,Mobile,+8550962502603
Smart-096-2502604,Mobile,+8550962502604
Smart-096-2502605,Mobile,+8550962502605
Smart-096-2502606,Mobile,+8550962502606
Smart-096-2502607,Mobile,+8550962502607
Smart-096-2502608,Mobile,+8550962502608
Smart-096-2502609,Mobile,+8550962502609
Smart-096-2502610,Mobile,+8550962502610
Smart-096-2502611,Mobile,+8550962502611
Smart-096-2502612,Mobile,+8550962502612
Smart-096-2502613,Mobile,+8550962502613
Smart-096-2502614,Mobile,+8550962502614
Smart-096-2502615,Mobile,+8550962502615
Smart-096-2502616,Mobile,+8550962502616
Smart-096-2502617,Mobile,+8550962502617
Smart-096-2502618,Mobile,+8550962502618
Smart-096-2502619,Mobile,+8550962502619
Smart-096-2502620,Mobile,+8550962502620
Smart-096-2502621,Mobile,+8550962502621
Smart-096-2502622,Mobile,+8550962502622
Smart-096-2502623,Mobile,+8550962502623
Smart-096-2502624,Mobile,+8550962502624
Smart-096-2502625,Mobile,+8550962502625
Smart-096-2502626,Mobile,+8550962502626
Smart-096-2502627,Mobile,+8550962502627
Smart-096-2502628,Mobile,+8550962502628
Smart-096-2502629,Mobile,+8550962502629
Smart-096-2502630,Mobile,+8550962502630
Smart-096-2502631,Mobile,+8550962502631
Smart-096-2502632,Mobile,+8550962502632
Smart-096-2502633,Mobile,+8550962502633
Smart-096-2502634,Mobile,+8550962502634
Smart-096-2502635,Mobile,+8550962502635
Smart-096-2502636,Mobile,+8550962502636
Smart-096-2502637,Mobile,+8550962502637
Smart-096-2502638,Mobile,+8550962502638
Smart-096-2502639,Mobile,+8550962502639
Smart-096-2502640,Mobile,+8550962502640
Smart-096-2502641,Mobile,+8550962502641
Smart-096-2502642,Mobile,+8550962502642
Smart-096-2502643,Mobile,+8550962502643
Smart-096-2502644,Mobile,+8550962502644
Smart-096-2502645,Mobile,+8550962502645
Smart-096-2502646,Mobile,+8550962502646
Smart-096-2502647,Mobile,+8550962502647
Smart-096-2502648,Mobile,+8550962502648
Smart-096-2502649,Mobile,+8550962502649
Smart-096-2502650,Mobile,+8550962502650
Smart-096-2502651,Mobile,+8550962502651
Smart-096-2502652,Mobile,+8550962502652
Smart-096-2502653,Mobile,+8550962502653
Smart-096-2502654,Mobile,+8550962502654
Smart-096-2502655,Mobile,+8550962502655
Smart-096-2502656,Mobile,+8550962502656
Smart-096-2502657,Mobile,+8550962502657
Smart-096-2502658,Mobile,+8550962502658
Smart-096-2502659,Mobile,+8550962502659
Smart-096-2502660,Mobile,+8550962502660
Smart-096-2502661,Mobile,+8550962502661
Smart-096-2502662,Mobile,+8550962502662
Smart-096-2502663,Mobile,+8550962502663
Smart-096-2502664,Mobile,+8550962502664
Smart-096-2502665,Mobile,+8550962502665
Smart-096-2502666,Mobile,+8550962502666
Smart-096-2502667,Mobile,+8550962502667
Smart-096-2502668,Mobile,+8550962502668
Smart-096-2502669,Mobile,+8550962502669
Smart-096-2502670,Mobile,+8550962502670
Smart-096-2502671,Mobile,+8550962502671
Smart-096-2502672,Mobile,+8550962502672
Smart-096-2502673,Mobile,+8550962502673
Smart-096-2502674,Mobile,+8550962502674
Smart-096-2502675,Mobile,+8550962502675
Smart-096-2502676,Mobile,+8550962502676
Smart-096-2502677,Mobile,+8550962502677
Smart-096-2502678,Mobile,+8550962502678
Smart-096-2502679,Mobile,+8550962502679
Smart-096-2502680,Mobile,+8550962502680
Smart-096-2502681,Mobile,+8550962502681
Smart-096-2502682,Mobile,+8550962502682
Smart-096-2502683,Mobile,+8550962502683
Smart-096-2502684,Mobile,+8550962502684
Smart-096-2502685,Mobile,+8550962502685
Smart-096-2502686,Mobile,+8550962502686
Smart-096-2502687,Mobile,+8550962502687
Smart-096-2502688,Mobile,+8550962502688
Smart-096-2502689,Mobile,+8550962502689
Smart-096-2502690,Mobile,+8550962502690
Smart-096-2502691,Mobile,+8550962502691
Smart-096-2502692,Mobile,+8550962502692
Smart-096-2502693,Mobile,+8550962502693
Smart-096-2502694,Mobile,+8550962502694
Smart-096-2502695,Mobile,+8550962502695
Smart-096-2502696,Mobile,+8550962502696
Smart-096-2502697,Mobile,+8550962502697
Smart-096-2502698,Mobile,+8550962502698
Smart-096-2502699,Mobile,+8550962502699
Smart-096-2502700,Mobile,+8550962502700
Smart-096-2502701,Mobile,+8550962502701
Smart-096-2502702,Mobile,+8550962502702
Smart-096-2502703,Mobile,+8550962502703
Smart-096-2502704,Mobile,+8550962502704
Smart-096-2502705,Mobile,+8550962502705
Smart-096-2502706,Mobile,+8550962502706
Smart-096-2502707,Mobile,+8550962502707
Smart-096-2502708,Mobile,+8550962502708
Smart-096-2502709,Mobile,+8550962502709
Smart-096-2502710,Mobile,+8550962502710
Smart-096-2502711,Mobile,+8550962502711
Smart-096-2502712,Mobile,+8550962502712
Smart-096-2502713,Mobile,+8550962502713
Smart-096-2502714,Mobile,+8550962502714
Smart-096-2502715,Mobile,+8550962502715
Smart-096-2502716,Mobile,+8550962502716
Smart-096-2502717,Mobile,+8550962502717
Smart-096-2502718,Mobile,+8550962502718
Smart-096-2502719,Mobile,+8550962502719
Smart-096-2502720,Mobile,+8550962502720
Smart-096-2502721,Mobile,+8550962502721
Smart-096-2502722,Mobile,+8550962502722
Smart-096-2502723,Mobile,+8550962502723
Smart-096-2502724,Mobile,+8550962502724
Smart-096-2502725,Mobile,+8550962502725
Smart-096-2502726,Mobile,+8550962502726
Smart-096-2502727,Mobile,+8550962502727
Smart-096-2502728,Mobile,+8550962502728
Smart-096-2502729,Mobile,+8550962502729
Smart-096-2502730,Mobile,+8550962502730
Smart-096-2502731,Mobile,+8550962502731
Smart-096-2502732,Mobile,+8550962502732
Smart-096-2502733,Mobile,+8550962502733
Smart-096-2502734,Mobile,+8550962502734
Smart-096-2502735,Mobile,+8550962502735
Smart-096-2502736,Mobile,+8550962502736
Smart-096-2502737,Mobile,+8550962502737
Smart-096-2502738,Mobile,+8550962502738
Smart-096-2502739,Mobile,+8550962502739
Smart-096-2502740,Mobile,+8550962502740
Smart-096-2502741,Mobile,+8550962502741
Smart-096-2502742,Mobile,+8550962502742
Smart-096-2502743,Mobile,+8550962502743
Smart-096-2502744,Mobile,+8550962502744
Smart-096-2502745,Mobile,+8550962502745
Smart-096-2502746,Mobile,+8550962502746
Smart-096-2502747,Mobile,+8550962502747
Smart-096-2502748,Mobile,+8550962502748
Smart-096-2502749,Mobile,+8550962502749
Smart-096-2502750,Mobile,+8550962502750
Smart-096-2502751,Mobile,+8550962502751
Smart-096-2502752,Mobile,+8550962502752
Smart-096-2502753,Mobile,+8550962502753
Smart-096-2502754,Mobile,+8550962502754
Smart-096-2502755,Mobile,+8550962502755
Smart-096-2502756,Mobile,+8550962502756
Smart-096-2502757,Mobile,+8550962502757
Smart-096-2502758,Mobile,+8550962502758
Smart-096-2502759,Mobile,+8550962502759
Smart-096-2502760,Mobile,+8550962502760
Smart-096-2502761,Mobile,+8550962502761
Smart-096-2502762,Mobile,+8550962502762
Smart-096-2502763,Mobile,+8550962502763
Smart-096-2502764,Mobile,+8550962502764
Smart-096-2502765,Mobile,+8550962502765
Smart-096-2502766,Mobile,+8550962502766
Smart-096-2502767,Mobile,+8550962502767
Smart-096-2502768,Mobile,+8550962502768
Smart-096-2502769,Mobile,+8550962502769
Smart-096-2502770,Mobile,+8550962502770
Smart-096-2502771,Mobile,+8550962502771
Smart-096-2502772,Mobile,+8550962502772
Smart-096-2502773,Mobile,+8550962502773
Smart-096-2502774,Mobile,+8550962502774
Smart-096-2502775,Mobile,+8550962502775
Smart-096-2502776,Mobile,+8550962502776
Smart-096-2502777,Mobile,+8550962502777
Smart-096-2502778,Mobile,+8550962502778
Smart-096-2502779,Mobile,+8550962502779
Smart-096-2502780,Mobile,+8550962502780
Smart-096-2502781,Mobile,+8550962502781
Smart-096-2502782,Mobile,+8550962502782
Smart-096-2502783,Mobile,+8550962502783
Smart-096-2502784,Mobile,+8550962502784
Smart-096-2502785,Mobile,+8550962502785
Smart-096-2502786,Mobile,+8550962502786
Smart-096-2502787,Mobile,+8550962502787
Smart-096-2502788,Mobile,+8550962502788
Smart-096-2502789,Mobile,+8550962502789
Smart-096-2502790,Mobile,+8550962502790
Smart-096-2502791,Mobile,+8550962502791
Smart-096-2502792,Mobile,+8550962502792
Smart-096-2502793,Mobile,+8550962502793
Smart-096-2502794,Mobile,+8550962502794
Smart-096-2502795,Mobile,+8550962502795
Smart-096-2502796,Mobile,+8550962502796
Smart-096-2502797,Mobile,+8550962502797
Smart-096-2502798,Mobile,+8550962502798
Smart-096-2502799,Mobile,+8550962502799
Smart-096-2502800,Mobile,+8550962502800
Smart-096-2502801,Mobile,+8550962502801
Smart-096-2502802,Mobile,+8550962502802
Smart-096-2502803,Mobile,+8550962502803
Smart-096-2502804,Mobile,+8550962502804
Smart-096-2502805,Mobile,+8550962502805
Smart-096-2502806,Mobile,+8550962502806
Smart-096-2502807,Mobile,+8550962502807
Smart-096-2502808,Mobile,+8550962502808
Smart-096-2502809,Mobile,+8550962502809
Smart-096-2502810,Mobile,+8550962502810
Smart-096-2502811,Mobile,+8550962502811
Smart-096-2502812,Mobile,+8550962502812
Smart-096-2502813,Mobile,+8550962502813
Smart-096-2502814,Mobile,+8550962502814
Smart-096-2502815,Mobile,+8550962502815
Smart-096-2502816,Mobile,+8550962502816
Smart-096-2502817,Mobile,+8550962502817
Smart-096-2502818,Mobile,+8550962502818
Smart-096-2502819,Mobile,+8550962502819
Smart-096-2502820,Mobile,+8550962502820
Smart-096-2502821,Mobile,+8550962502821
Smart-096-2502822,Mobile,+8550962502822
Smart-096-2502823,Mobile,+8550962502823
Smart-096-2502824,Mobile,+8550962502824
Smart-096-2502825,Mobile,+8550962502825
Smart-096-2502826,Mobile,+8550962502826
Smart-096-2502827,Mobile,+8550962502827
Smart-096-2502828,Mobile,+8550962502828
Smart-096-2502829,Mobile,+8550962502829
Smart-096-2502830,Mobile,+8550962502830
Smart-096-2502831,Mobile,+8550962502831
Smart-096-2502832,Mobile,+8550962502832
Smart-096-2502833,Mobile,+8550962502833
Smart-096-2502834,Mobile,+8550962502834
Smart-096-2502835,Mobile,+8550962502835
Smart-096-2502836,Mobile,+8550962502836
Smart-096-2502837,Mobile,+8550962502837
Smart-096-2502838,Mobile,+8550962502838
Smart-096-2502839,Mobile,+8550962502839
Smart-096-2502840,Mobile,+8550962502840
Smart-096-2502841,Mobile,+8550962502841
Smart-096-2502842,Mobile,+8550962502842
Smart-096-2502843,Mobile,+8550962502843
Smart-096-2502844,Mobile,+8550962502844
Smart-096-2502845,Mobile,+8550962502845
Smart-096-2502846,Mobile,+8550962502846
Smart-096-2502847,Mobile,+8550962502847
Smart-096-2502848,Mobile,+8550962502848
Smart-096-2502849,Mobile,+8550962502849
Smart-096-2502850,Mobile,+8550962502850
Smart-096-2502851,Mobile,+8550962502851
Smart-096-2502852,Mobile,+8550962502852
Smart-096-2502853,Mobile,+8550962502853
Smart-096-2502854,Mobile,+8550962502854
Smart-096-2502855,Mobile,+8550962502855
Smart-096-2502856,Mobile,+8550962502856
Smart-096-2502857,Mobile,+8550962502857
Smart-096-2502858,Mobile,+8550962502858
Smart-096-2502859,Mobile,+8550962502859
Smart-096-2502860,Mobile,+8550962502860
Smart-096-2502861,Mobile,+8550962502861
Smart-096-2502862,Mobile,+8550962502862
Smart-096-2502863,Mobile,+8550962502863
Smart-096-2502864,Mobile,+8550962502864
Smart-096-2502865,Mobile,+8550962502865
Smart-096-2502866,Mobile,+8550962502866
Smart-096-2502867,Mobile,+8550962502867
Smart-096-2502868,Mobile,+8550962502868
Smart-096-2502869,Mobile,+8550962502869
Smart-096-2502870,Mobile,+8550962502870
Smart-096-2502871,Mobile,+8550962502871
Smart-096-2502872,Mobile,+8550962502872
Smart-096-2502873,Mobile,+8550962502873
Smart-096-2502874,Mobile,+8550962502874
Smart-096-2502875,Mobile,+8550962502875
Smart-096-2502876,Mobile,+8550962502876
Smart-096-2502877,Mobile,+8550962502877
Smart-096-2502878,Mobile,+8550962502878
Smart-096-2502879,Mobile,+8550962502879
Smart-096-2502880,Mobile,+8550962502880
Smart-096-2502881,Mobile,+8550962502881
Smart-096-2502882,Mobile,+8550962502882
Smart-096-2502883,Mobile,+8550962502883
Smart-096-2502884,Mobile,+8550962502884
Smart-096-2502885,Mobile,+8550962502885
Smart-096-2502886,Mobile,+8550962502886
Smart-096-2502887,Mobile,+8550962502887
Smart-096-2502888,Mobile,+8550962502888
Smart-096-2502889,Mobile,+8550962502889
Smart-096-2502890,Mobile,+8550962502890
Smart-096-2502891,Mobile,+8550962502891
Smart-096-2502892,Mobile,+8550962502892
Smart-096-2502893,Mobile,+8550962502893
Smart-096-2502894,Mobile,+8550962502894
Smart-096-2502895,Mobile,+8550962502895
Smart-096-2502896,Mobile,+8550962502896
Smart-096-2502897,Mobile,+8550962502897
Smart-096-2502898,Mobile,+8550962502898
Smart-096-2502899,Mobile,+8550962502899
Smart-096-2502900,Mobile,+8550962502900
Smart-096-2502901,Mobile,+8550962502901
Smart-096-2502902,Mobile,+8550962502902
Smart-096-2502903,Mobile,+8550962502903
Smart-096-2502904,Mobile,+8550962502904
Smart-096-2502905,Mobile,+8550962502905
Smart-096-2502906,Mobile,+8550962502906
Smart-096-2502907,Mobile,+8550962502907
Smart-096-2502908,Mobile,+8550962502908
Smart-096-2502909,Mobile,+8550962502909
Smart-096-2502910,Mobile,+8550962502910
Smart-096-2502911,Mobile,+8550962502911
Smart-096-2502912,Mobile,+8550962502912
Smart-096-2502913,Mobile,+8550962502913
Smart-096-2502914,Mobile,+8550962502914
Smart-096-2502915,Mobile,+8550962502915
Smart-096-2502916,Mobile,+8550962502916
Smart-096-2502917,Mobile,+8550962502917
Smart-096-2502918,Mobile,+8550962502918
Smart-096-2502919,Mobile,+8550962502919
Smart-096-2502920,Mobile,+8550962502920
Smart-096-2502921,Mobile,+8550962502921
Smart-096-2502922,Mobile,+8550962502922
Smart-096-2502923,Mobile,+8550962502923
Smart-096-2502924,Mobile,+8550962502924
Smart-096-2502925,Mobile,+8550962502925
Smart-096-2502926,Mobile,+8550962502926
Smart-096-2502927,Mobile,+8550962502927
Smart-096-2502928,Mobile,+8550962502928
Smart-096-2502929,Mobile,+8550962502929
Smart-096-2502930,Mobile,+8550962502930
Smart-096-2502931,Mobile,+8550962502931
Smart-096-2502932,Mobile,+8550962502932
Smart-096-2502933,Mobile,+8550962502933
Smart-096-2502934,Mobile,+8550962502934
Smart-096-2502935,Mobile,+8550962502935
Smart-096-2502936,Mobile,+8550962502936
Smart-096-2502937,Mobile,+8550962502937
Smart-096-2502938,Mobile,+8550962502938
Smart-096-2502939,Mobile,+8550962502939
Smart-096-2502940,Mobile,+8550962502940
Smart-096-2502941,Mobile,+8550962502941
Smart-096-2502942,Mobile,+8550962502942
Smart-096-2502943,Mobile,+8550962502943
Smart-096-2502944,Mobile,+8550962502944
Smart-096-2502945,Mobile,+8550962502945
Smart-096-2502946,Mobile,+8550962502946
Smart-096-2502947,Mobile,+8550962502947
Smart-096-2502948,Mobile,+8550962502948
Smart-096-2502949,Mobile,+8550962502949
Smart-096-2502950,Mobile,+8550962502950
Smart-096-2502951,Mobile,+8550962502951
Smart-096-2502952,Mobile,+8550962502952
Smart-096-2502953,Mobile,+8550962502953
Smart-096-2502954,Mobile,+8550962502954
Smart-096-2502955,Mobile,+8550962502955
Smart-096-2502956,Mobile,+8550962502956
Smart-096-2502957,Mobile,+8550962502957
Smart-096-2502958,Mobile,+8550962502958
Smart-096-2502959,Mobile,+8550962502959
Smart-096-2502960,Mobile,+8550962502960
Smart-096-2502961,Mobile,+8550962502961
Smart-096-2502962,Mobile,+8550962502962
Smart-096-2502963,Mobile,+8550962502963
Smart-096-2502964,Mobile,+8550962502964
Smart-096-2502965,Mobile,+8550962502965
Smart-096-2502966,Mobile,+8550962502966
Smart-096-2502967,Mobile,+8550962502967
Smart-096-2502968,Mobile,+8550962502968
Smart-096-2502969,Mobile,+8550962502969
Smart-096-2502970,Mobile,+8550962502970
Smart-096-2502971,Mobile,+8550962502971
Smart-096-2502972,Mobile,+8550962502972
Smart-096-2502973,Mobile,+8550962502973
Smart-096-2502974,Mobile,+8550962502974
Smart-096-2502975,Mobile,+8550962502975
Smart-096-2502976,Mobile,+8550962502976
Smart-096-2502977,Mobile,+8550962502977
Smart-096-2502978,Mobile,+8550962502978
Smart-096-2502979,Mobile,+8550962502979
Smart-096-2502980,Mobile,+8550962502980
Smart-096-2502981,Mobile,+8550962502981
Smart-096-2502982,Mobile,+8550962502982
Smart-096-2502983,Mobile,+8550962502983
Smart-096-2502984,Mobile,+8550962502984
Smart-096-2502985,Mobile,+8550962502985
Smart-096-2502986,Mobile,+8550962502986
Smart-096-2502987,Mobile,+8550962502987
Smart-096-2502988,Mobile,+8550962502988
Smart-096-2502989,Mobile,+8550962502989
Smart-096-2502990,Mobile,+8550962502990
Smart-096-2502991,Mobile,+8550962502991
Smart-096-2502992,Mobile,+8550962502992
Smart-096-2502993,Mobile,+8550962502993
Smart-096-2502994,Mobile,+8550962502994
Smart-096-2502995,Mobile,+8550962502995
Smart-096-2502996,Mobile,+8550962502996
Smart-096-2502997,Mobile,+8550962502997
Smart-096-2502998,Mobile,+8550962502998
Smart-096-2502999,Mobile,+8550962502999
Smart-096-2503000,Mobile,+8550962503000
Smart-096-2503001,Mobile,+8550962503001
Smart-096-2503002,Mobile,+8550962503002
Smart-096-2503003,Mobile,+8550962503003
Smart-096-2503004,Mobile,+8550962503004
Smart-096-2503005,Mobile,+8550962503005
Smart-096-2503006,Mobile,+8550962503006
Smart-096-2503007,Mobile,+8550962503007
Smart-096-2503008,Mobile,+8550962503008
Smart-096-2503009,Mobile,+8550962503009
Smart-096-2503010,Mobile,+8550962503010
Smart-096-2503011,Mobile,+8550962503011
Smart-096-2503012,Mobile,+8550962503012
Smart-096-2503013,Mobile,+8550962503013
Smart-096-2503014,Mobile,+8550962503014
Smart-096-2503015,Mobile,+8550962503015
Smart-096-2503016,Mobile,+8550962503016
Smart-096-2503017,Mobile,+8550962503017
Smart-096-2503018,Mobile,+8550962503018
Smart-096-2503019,Mobile,+8550962503019
Smart-096-2503020,Mobile,+8550962503020
Smart-096-2503021,Mobile,+8550962503021
Smart-096-2503022,Mobile,+8550962503022
Smart-096-2503023,Mobile,+8550962503023
Smart-096-2503024,Mobile,+8550962503024
Smart-096-2503025,Mobile,+8550962503025
Smart-096-2503026,Mobile,+8550962503026
Smart-096-2503027,Mobile,+8550962503027
Smart-096-2503028,Mobile,+8550962503028
Smart-096-2503029,Mobile,+8550962503029
Smart-096-2503030,Mobile,+8550962503030
Smart-096-2503031,Mobile,+8550962503031
Smart-096-2503032,Mobile,+8550962503032
Smart-096-2503033,Mobile,+8550962503033
Smart-096-2503034,Mobile,+8550962503034
Smart-096-2503035,Mobile,+8550962503035
Smart-096-2503036,Mobile,+8550962503036
Smart-096-2503037,Mobile,+8550962503037
Smart-096-2503038,Mobile,+8550962503038
Smart-096-2503039,Mobile,+8550962503039
Smart-096-2503040,Mobile,+8550962503040
Smart-096-2503041,Mobile,+8550962503041
Smart-096-2503042,Mobile,+8550962503042
Smart-096-2503043,Mobile,+8550962503043
Smart-096-2503044,Mobile,+8550962503044
Smart-096-2503045,Mobile,+8550962503045
Smart-096-2503046,Mobile,+8550962503046
Smart-096-2503047,Mobile,+8550962503047
Smart-096-2503048,Mobile,+8550962503048
Smart-096-2503049,Mobile,+8550962503049
Smart-096-2503050,Mobile,+8550962503050
Smart-096-2503051,Mobile,+8550962503051
Smart-096-2503052,Mobile,+8550962503052
Smart-096-2503053,Mobile,+8550962503053
Smart-096-2503054,Mobile,+8550962503054
Smart-096-2503055,Mobile,+8550962503055
Smart-096-2503056,Mobile,+8550962503056
Smart-096-2503057,Mobile,+8550962503057
Smart-096-2503058,Mobile,+8550962503058
Smart-096-2503059,Mobile,+8550962503059
Smart-096-2503060,Mobile,+8550962503060
Smart-096-2503061,Mobile,+8550962503061
Smart-096-2503062,Mobile,+8550962503062
Smart-096-2503063,Mobile,+8550962503063
Smart-096-2503064,Mobile,+8550962503064
Smart-096-2503065,Mobile,+8550962503065
Smart-096-2503066,Mobile,+8550962503066
Smart-096-2503067,Mobile,+8550962503067
Smart-096-2503068,Mobile,+8550962503068
Smart-096-2503069,Mobile,+8550962503069
Smart-096-2503070,Mobile,+8550962503070
Smart-096-2503071,Mobile,+8550962503071
Smart-096-2503072,Mobile,+8550962503072
Smart-096-2503073,Mobile,+8550962503073
Smart-096-2503074,Mobile,+8550962503074
Smart-096-2503075,Mobile,+8550962503075
Smart-096-2503076,Mobile,+8550962503076
Smart-096-2503077,Mobile,+8550962503077
Smart-096-2503078,Mobile,+8550962503078
Smart-096-2503079,Mobile,+8550962503079
Smart-096-2503080,Mobile,+8550962503080
Smart-096-2503081,Mobile,+8550962503081
Smart-096-2503082,Mobile,+8550962503082
Smart-096-2503083,Mobile,+8550962503083
Smart-096-2503084,Mobile,+8550962503084
Smart-096-2503085,Mobile,+8550962503085
Smart-096-2503086,Mobile,+8550962503086
Smart-096-2503087,Mobile,+8550962503087
Smart-096-2503088,Mobile,+8550962503088
Smart-096-2503089,Mobile,+8550962503089
Smart-096-2503090,Mobile,+8550962503090
Smart-096-2503091,Mobile,+8550962503091
Smart-096-2503092,Mobile,+8550962503092
Smart-096-2503093,Mobile,+8550962503093
Smart-096-2503094,Mobile,+8550962503094
Smart-096-2503095,Mobile,+8550962503095
Smart-096-2503096,Mobile,+8550962503096
Smart-096-2503097,Mobile,+8550962503097
Smart-096-2503098,Mobile,+8550962503098
Smart-096-2503099,Mobile,+8550962503099
Smart-096-2503100,Mobile,+8550962503100
Smart-096-2503101,Mobile,+8550962503101
Smart-096-2503102,Mobile,+8550962503102
Smart-096-2503103,Mobile,+8550962503103
Smart-096-2503104,Mobile,+8550962503104
Smart-096-2503105,Mobile,+8550962503105
Smart-096-2503106,Mobile,+8550962503106
Smart-096-2503107,Mobile,+8550962503107
Smart-096-2503108,Mobile,+8550962503108
Smart-096-2503109,Mobile,+8550962503109
Smart-096-2503110,Mobile,+8550962503110
Smart-096-2503111,Mobile,+8550962503111
Smart-096-2503112,Mobile,+8550962503112
Smart-096-2503113,Mobile,+8550962503113
Smart-096-2503114,Mobile,+8550962503114
Smart-096-2503115,Mobile,+8550962503115
Smart-096-2503116,Mobile,+8550962503116
Smart-096-2503117,Mobile,+8550962503117
Smart-096-2503118,Mobile,+8550962503118
Smart-096-2503119,Mobile,+8550962503119
Smart-096-2503120,Mobile,+8550962503120
Smart-096-2503121,Mobile,+8550962503121
Smart-096-2503122,Mobile,+8550962503122
Smart-096-2503123,Mobile,+8550962503123
Smart-096-2503124,Mobile,+8550962503124
Smart-096-2503125,Mobile,+8550962503125
Smart-096-2503126,Mobile,+8550962503126
Smart-096-2503127,Mobile,+8550962503127
Smart-096-2503128,Mobile,+8550962503128
Smart-096-2503129,Mobile,+8550962503129
Smart-096-2503130,Mobile,+8550962503130
Smart-096-2503131,Mobile,+8550962503131
Smart-096-2503132,Mobile,+8550962503132
Smart-096-2503133,Mobile,+8550962503133
Smart-096-2503134,Mobile,+8550962503134
Smart-096-2503135,Mobile,+8550962503135
Smart-096-2503136,Mobile,+8550962503136
Smart-096-2503137,Mobile,+8550962503137
Smart-096-2503138,Mobile,+8550962503138
Smart-096-2503139,Mobile,+8550962503139
Smart-096-2503140,Mobile,+8550962503140
Smart-096-2503141,Mobile,+8550962503141
Smart-096-2503142,Mobile,+8550962503142
Smart-096-2503143,Mobile,+8550962503143
Smart-096-2503144,Mobile,+8550962503144
Smart-096-2503145,Mobile,+8550962503145
Smart-096-2503146,Mobile,+8550962503146
Smart-096-2503147,Mobile,+8550962503147
Smart-096-2503148,Mobile,+8550962503148
Smart-096-2503149,Mobile,+8550962503149
Smart-096-2503150,Mobile,+8550962503150
Smart-096-2503151,Mobile,+8550962503151
Smart-096-2503152,Mobile,+8550962503152
Smart-096-2503153,Mobile,+8550962503153
Smart-096-2503154,Mobile,+8550962503154
Smart-096-2503155,Mobile,+8550962503155
Smart-096-2503156,Mobile,+8550962503156
Smart-096-2503157,Mobile,+8550962503157
Smart-096-2503158,Mobile,+8550962503158
Smart-096-2503159,Mobile,+8550962503159
Smart-096-2503160,Mobile,+8550962503160
Smart-096-2503161,Mobile,+8550962503161
Smart-096-2503162,Mobile,+8550962503162
Smart-096-2503163,Mobile,+8550962503163
Smart-096-2503164,Mobile,+8550962503164
Smart-096-2503165,Mobile,+8550962503165
Smart-096-2503166,Mobile,+8550962503166
Smart-096-2503167,Mobile,+8550962503167
Smart-096-2503168,Mobile,+8550962503168
Smart-096-2503169,Mobile,+8550962503169
Smart-096-2503170,Mobile,+8550962503170
Smart-096-2503171,Mobile,+8550962503171
Smart-096-2503172,Mobile,+8550962503172
Smart-096-2503173,Mobile,+8550962503173
Smart-096-2503174,Mobile,+8550962503174
Smart-096-2503175,Mobile,+8550962503175
Smart-096-2503176,Mobile,+8550962503176
Smart-096-2503177,Mobile,+8550962503177
Smart-096-2503178,Mobile,+8550962503178
Smart-096-2503179,Mobile,+8550962503179
Smart-096-2503180,Mobile,+8550962503180
Smart-096-2503181,Mobile,+8550962503181
Smart-096-2503182,Mobile,+8550962503182
Smart-096-2503183,Mobile,+8550962503183
Smart-096-2503184,Mobile,+8550962503184
Smart-096-2503185,Mobile,+8550962503185
Smart-096-2503186,Mobile,+8550962503186
Smart-096-2503187,Mobile,+8550962503187
Smart-096-2503188,Mobile,+8550962503188
Smart-096-2503189,Mobile,+8550962503189
Smart-096-2503190,Mobile,+8550962503190
Smart-096-2503191,Mobile,+8550962503191
Smart-096-2503192,Mobile,+8550962503192
Smart-096-2503193,Mobile,+8550962503193
Smart-096-2503194,Mobile,+8550962503194
Smart-096-2503195,Mobile,+8550962503195
Smart-096-2503196,Mobile,+8550962503196
Smart-096-2503197,Mobile,+8550962503197
Smart-096-2503198,Mobile,+8550962503198
Smart-096-2503199,Mobile,+8550962503199
Smart-096-2503200,Mobile,+8550962503200
Smart-096-2503201,Mobile,+8550962503201
Smart-096-2503202,Mobile,+8550962503202
Smart-096-2503203,Mobile,+8550962503203
Smart-096-2503204,Mobile,+8550962503204
Smart-096-2503205,Mobile,+8550962503205
Smart-096-2503206,Mobile,+8550962503206
Smart-096-2503207,Mobile,+8550962503207
Smart-096-2503208,Mobile,+8550962503208
Smart-096-2503209,Mobile,+8550962503209
Smart-096-2503210,Mobile,+8550962503210
Smart-096-2503211,Mobile,+8550962503211
Smart-096-2503212,Mobile,+8550962503212
Smart-096-2503213,Mobile,+8550962503213
Smart-096-2503214,Mobile,+8550962503214
Smart-096-2503215,Mobile,+8550962503215
Smart-096-2503216,Mobile,+8550962503216
Smart-096-2503217,Mobile,+8550962503217
Smart-096-2503218,Mobile,+8550962503218
Smart-096-2503219,Mobile,+8550962503219
Smart-096-2503220,Mobile,+8550962503220
Smart-096-2503221,Mobile,+8550962503221
Smart-096-2503222,Mobile,+8550962503222
Smart-096-2503223,Mobile,+8550962503223
Smart-096-2503224,Mobile,+8550962503224
Smart-096-2503225,Mobile,+8550962503225
Smart-096-2503226,Mobile,+8550962503226
Smart-096-2503227,Mobile,+8550962503227
Smart-096-2503228,Mobile,+8550962503228
Smart-096-2503229,Mobile,+8550962503229
Smart-096-2503230,Mobile,+8550962503230
Smart-096-2503231,Mobile,+8550962503231
Smart-096-2503232,Mobile,+8550962503232
Smart-096-2503233,Mobile,+8550962503233
Smart-096-2503234,Mobile,+8550962503234
Smart-096-2503235,Mobile,+8550962503235
Smart-096-2503236,Mobile,+8550962503236
Smart-096-2503237,Mobile,+8550962503237
Smart-096-2503238,Mobile,+8550962503238
Smart-096-2503239,Mobile,+8550962503239
Smart-096-2503240,Mobile,+8550962503240
Smart-096-2503241,Mobile,+8550962503241
Smart-096-2503242,Mobile,+8550962503242
Smart-096-2503243,Mobile,+8550962503243
Smart-096-2503244,Mobile,+8550962503244
Smart-096-2503245,Mobile,+8550962503245
Smart-096-2503246,Mobile,+8550962503246
Smart-096-2503247,Mobile,+8550962503247
Smart-096-2503248,Mobile,+8550962503248
Smart-096-2503249,Mobile,+8550962503249
Smart-096-2503250,Mobile,+8550962503250
Smart-096-2503251,Mobile,+8550962503251
Smart-096-2503252,Mobile,+8550962503252
Smart-096-2503253,Mobile,+8550962503253
Smart-096-2503254,Mobile,+8550962503254
Smart-096-2503255,Mobile,+8550962503255
Smart-096-2503256,Mobile,+8550962503256
Smart-096-2503257,Mobile,+8550962503257
Smart-096-2503258,Mobile,+8550962503258
Smart-096-2503259,Mobile,+8550962503259
Smart-096-2503260,Mobile,+8550962503260
Smart-096-2503261,Mobile,+8550962503261
Smart-096-2503262,Mobile,+8550962503262
Smart-096-2503263,Mobile,+8550962503263
Smart-096-2503264,Mobile,+8550962503264
Smart-096-2503265,Mobile,+8550962503265
Smart-096-2503266,Mobile,+8550962503266
Smart-096-2503267,Mobile,+8550962503267
Smart-096-2503268,Mobile,+8550962503268
Smart-096-2503269,Mobile,+8550962503269
Smart-096-2503270,Mobile,+8550962503270
Smart-096-2503271,Mobile,+8550962503271
Smart-096-2503272,Mobile,+8550962503272
Smart-096-2503273,Mobile,+8550962503273
Smart-096-2503274,Mobile,+8550962503274
Smart-096-2503275,Mobile,+8550962503275
Smart-096-2503276,Mobile,+8550962503276
Smart-096-2503277,Mobile,+8550962503277
Smart-096-2503278,Mobile,+8550962503278
Smart-096-2503279,Mobile,+8550962503279
Smart-096-2503280,Mobile,+8550962503280
Smart-096-2503281,Mobile,+8550962503281
Smart-096-2503282,Mobile,+8550962503282
Smart-096-2503283,Mobile,+8550962503283
Smart-096-2503284,Mobile,+8550962503284
Smart-096-2503285,Mobile,+8550962503285
Smart-096-2503286,Mobile,+8550962503286
Smart-096-2503287,Mobile,+8550962503287
Smart-096-2503288,Mobile,+8550962503288
Smart-096-2503289,Mobile,+8550962503289
Smart-096-2503290,Mobile,+8550962503290
Smart-096-2503291,Mobile,+8550962503291
Smart-096-2503292,Mobile,+8550962503292
Smart-096-2503293,Mobile,+8550962503293
Smart-096-2503294,Mobile,+8550962503294
Smart-096-2503295,Mobile,+8550962503295
Smart-096-2503296,Mobile,+8550962503296
Smart-096-2503297,Mobile,+8550962503297
Smart-096-2503298,Mobile,+8550962503298
Smart-096-2503299,Mobile,+8550962503299
Smart-096-2503300,Mobile,+8550962503300
Smart-096-2503301,Mobile,+8550962503301
Smart-096-2503302,Mobile,+8550962503302
Smart-096-2503303,Mobile,+8550962503303
Smart-096-2503304,Mobile,+8550962503304
Smart-096-2503305,Mobile,+8550962503305
Smart-096-2503306,Mobile,+8550962503306
Smart-096-2503307,Mobile,+8550962503307
Smart-096-2503308,Mobile,+8550962503308
Smart-096-2503309,Mobile,+8550962503309
Smart-096-2503310,Mobile,+8550962503310
Smart-096-2503311,Mobile,+8550962503311
Smart-096-2503312,Mobile,+8550962503312
Smart-096-2503313,Mobile,+8550962503313
Smart-096-2503314,Mobile,+8550962503314
Smart-096-2503315,Mobile,+8550962503315
Smart-096-2503316,Mobile,+8550962503316
Smart-096-2503317,Mobile,+8550962503317
Smart-096-2503318,Mobile,+8550962503318
Smart-096-2503319,Mobile,+8550962503319
Smart-096-2503320,Mobile,+8550962503320
Smart-096-2503321,Mobile,+8550962503321
Smart-096-2503322,Mobile,+8550962503322
Smart-096-2503323,Mobile,+8550962503323
Smart-096-2503324,Mobile,+8550962503324
Smart-096-2503325,Mobile,+8550962503325
Smart-096-2503326,Mobile,+8550962503326
Smart-096-2503327,Mobile,+8550962503327
Smart-096-2503328,Mobile,+8550962503328
Smart-096-2503329,Mobile,+8550962503329
Smart-096-2503330,Mobile,+8550962503330
Smart-096-2503331,Mobile,+8550962503331
Smart-096-2503332,Mobile,+8550962503332
Smart-096-2503333,Mobile,+8550962503333
Smart-096-2503334,Mobile,+8550962503334
Smart-096-2503335,Mobile,+8550962503335
Smart-096-2503336,Mobile,+8550962503336
Smart-096-2503337,Mobile,+8550962503337
Smart-096-2503338,Mobile,+8550962503338
Smart-096-2503339,Mobile,+8550962503339
Smart-096-2503340,Mobile,+8550962503340
Smart-096-2503341,Mobile,+8550962503341
Smart-096-2503342,Mobile,+8550962503342
Smart-096-2503343,Mobile,+8550962503343
Smart-096-2503344,Mobile,+8550962503344
Smart-096-2503345,Mobile,+8550962503345
Smart-096-2503346,Mobile,+8550962503346
Smart-096-2503347,Mobile,+8550962503347
Smart-096-2503348,Mobile,+8550962503348
Smart-096-2503349,Mobile,+8550962503349
Smart-096-2503350,Mobile,+8550962503350
Smart-096-2503351,Mobile,+8550962503351
Smart-096-2503352,Mobile,+8550962503352
Smart-096-2503353,Mobile,+8550962503353
Smart-096-2503354,Mobile,+8550962503354
Smart-096-2503355,Mobile,+8550962503355
Smart-096-2503356,Mobile,+8550962503356
Smart-096-2503357,Mobile,+8550962503357
Smart-096-2503358,Mobile,+8550962503358
Smart-096-2503359,Mobile,+8550962503359
Smart-096-2503360,Mobile,+8550962503360
Smart-096-2503361,Mobile,+8550962503361
Smart-096-2503362,Mobile,+8550962503362
Smart-096-2503363,Mobile,+8550962503363
Smart-096-2503364,Mobile,+8550962503364
Smart-096-2503365,Mobile,+8550962503365
Smart-096-2503366,Mobile,+8550962503366
Smart-096-2503367,Mobile,+8550962503367
Smart-096-2503368,Mobile,+8550962503368
Smart-096-2503369,Mobile,+8550962503369
Smart-096-2503370,Mobile,+8550962503370
Smart-096-2503371,Mobile,+8550962503371
Smart-096-2503372,Mobile,+8550962503372
Smart-096-2503373,Mobile,+8550962503373
Smart-096-2503374,Mobile,+8550962503374
Smart-096-2503375,Mobile,+8550962503375
Smart-096-2503376,Mobile,+8550962503376
Smart-096-2503377,Mobile,+8550962503377
Smart-096-2503378,Mobile,+8550962503378
Smart-096-2503379,Mobile,+8550962503379
Smart-096-2503380,Mobile,+8550962503380
Smart-096-2503381,Mobile,+8550962503381
Smart-096-2503382,Mobile,+8550962503382
Smart-096-2503383,Mobile,+8550962503383
Smart-096-2503384,Mobile,+8550962503384
Smart-096-2503385,Mobile,+8550962503385
Smart-096-2503386,Mobile,+8550962503386
Smart-096-2503387,Mobile,+8550962503387
Smart-096-2503388,Mobile,+8550962503388
Smart-096-2503389,Mobile,+8550962503389
Smart-096-2503390,Mobile,+8550962503390
Smart-096-2503391,Mobile,+8550962503391
Smart-096-2503392,Mobile,+8550962503392
Smart-096-2503393,Mobile,+8550962503393
Smart-096-2503394,Mobile,+8550962503394
Smart-096-2503395,Mobile,+8550962503395
Smart-096-2503396,Mobile,+8550962503396
Smart-096-2503397,Mobile,+8550962503397
Smart-096-2503398,Mobile,+8550962503398
Smart-096-2503399,Mobile,+8550962503399
Smart-096-2503400,Mobile,+8550962503400
Smart-096-2503401,Mobile,+8550962503401
Smart-096-2503402,Mobile,+8550962503402
Smart-096-2503403,Mobile,+8550962503403
Smart-096-2503404,Mobile,+8550962503404
Smart-096-2503405,Mobile,+8550962503405
Smart-096-2503406,Mobile,+8550962503406
Smart-096-2503407,Mobile,+8550962503407
Smart-096-2503408,Mobile,+8550962503408
Smart-096-2503409,Mobile,+8550962503409
Smart-096-2503410,Mobile,+8550962503410
Smart-096-2503411,Mobile,+8550962503411
Smart-096-2503412,Mobile,+8550962503412
Smart-096-2503413,Mobile,+8550962503413
Smart-096-2503414,Mobile,+8550962503414
Smart-096-2503415,Mobile,+8550962503415
Smart-096-2503416,Mobile,+8550962503416
Smart-096-2503417,Mobile,+8550962503417
Smart-096-2503418,Mobile,+8550962503418
Smart-096-2503419,Mobile,+8550962503419
Smart-096-2503420,Mobile,+8550962503420
Smart-096-2503421,Mobile,+8550962503421
Smart-096-2503422,Mobile,+8550962503422
Smart-096-2503423,Mobile,+8550962503423
Smart-096-2503424,Mobile,+8550962503424
Smart-096-2503425,Mobile,+8550962503425
Smart-096-2503426,Mobile,+8550962503426
Smart-096-2503427,Mobile,+8550962503427
Smart-096-2503428,Mobile,+8550962503428
Smart-096-2503429,Mobile,+8550962503429
Smart-096-2503430,Mobile,+8550962503430
Smart-096-2503431,Mobile,+8550962503431
Smart-096-2503432,Mobile,+8550962503432
Smart-096-2503433,Mobile,+8550962503433
Smart-096-2503434,Mobile,+8550962503434
Smart-096-2503435,Mobile,+8550962503435
Smart-096-2503436,Mobile,+8550962503436
Smart-096-2503437,Mobile,+8550962503437
Smart-096-2503438,Mobile,+8550962503438
Smart-096-2503439,Mobile,+8550962503439
Smart-096-2503440,Mobile,+8550962503440
Smart-096-2503441,Mobile,+8550962503441
Smart-096-2503442,Mobile,+8550962503442
Smart-096-2503443,Mobile,+8550962503443
Smart-096-2503444,Mobile,+8550962503444
Smart-096-2503445,Mobile,+8550962503445
Smart-096-2503446,Mobile,+8550962503446
Smart-096-2503447,Mobile,+8550962503447
Smart-096-2503448,Mobile,+8550962503448
Smart-096-2503449,Mobile,+8550962503449
Smart-096-2503450,Mobile,+8550962503450
Smart-096-2503451,Mobile,+8550962503451
Smart-096-2503452,Mobile,+8550962503452
Smart-096-2503453,Mobile,+8550962503453
Smart-096-2503454,Mobile,+8550962503454
Smart-096-2503455,Mobile,+8550962503455
Smart-096-2503456,Mobile,+8550962503456
Smart-096-2503457,Mobile,+8550962503457
Smart-096-2503458,Mobile,+8550962503458
Smart-096-2503459,Mobile,+8550962503459
Smart-096-2503460,Mobile,+8550962503460
Smart-096-2503461,Mobile,+8550962503461
Smart-096-2503462,Mobile,+8550962503462
Smart-096-2503463,Mobile,+8550962503463
Smart-096-2503464,Mobile,+8550962503464
Smart-096-2503465,Mobile,+8550962503465
Smart-096-2503466,Mobile,+8550962503466
Smart-096-2503467,Mobile,+8550962503467
Smart-096-2503468,Mobile,+8550962503468
Smart-096-2503469,Mobile,+8550962503469
Smart-096-2503470,Mobile,+8550962503470
Smart-096-2503471,Mobile,+8550962503471
Smart-096-2503472,Mobile,+8550962503472
Smart-096-2503473,Mobile,+8550962503473
Smart-096-2503474,Mobile,+8550962503474
Smart-096-2503475,Mobile,+8550962503475
Smart-096-2503476,Mobile,+8550962503476
Smart-096-2503477,Mobile,+8550962503477
Smart-096-2503478,Mobile,+8550962503478
Smart-096-2503479,Mobile,+8550962503479
Smart-096-2503480,Mobile,+8550962503480
Smart-096-2503481,Mobile,+8550962503481
Smart-096-2503482,Mobile,+8550962503482
Smart-096-2503483,Mobile,+8550962503483
Smart-096-2503484,Mobile,+8550962503484
Smart-096-2503485,Mobile,+8550962503485
Smart-096-2503486,Mobile,+8550962503486
Smart-096-2503487,Mobile,+8550962503487
Smart-096-2503488,Mobile,+8550962503488
Smart-096-2503489,Mobile,+8550962503489
Smart-096-2503490,Mobile,+8550962503490
Smart-096-2503491,Mobile,+8550962503491
Smart-096-2503492,Mobile,+8550962503492
Smart-096-2503493,Mobile,+8550962503493
Smart-096-2503494,Mobile,+8550962503494
Smart-096-2503495,Mobile,+8550962503495
Smart-096-2503496,Mobile,+8550962503496
Smart-096-2503497,Mobile,+8550962503497
Smart-096-2503498,Mobile,+8550962503498
Smart-096-2503499,Mobile,+8550962503499
Smart-096-2503500,Mobile,+8550962503500
Smart-096-2503501,Mobile,+8550962503501
Smart-096-2503502,Mobile,+8550962503502
Smart-096-2503503,Mobile,+8550962503503
Smart-096-2503504,Mobile,+8550962503504
Smart-096-2503505,Mobile,+8550962503505
Smart-096-2503506,Mobile,+8550962503506
Smart-096-2503507,Mobile,+8550962503507
Smart-096-2503508,Mobile,+8550962503508
Smart-096-2503509,Mobile,+8550962503509
Smart-096-2503510,Mobile,+8550962503510
Smart-096-2503511,Mobile,+8550962503511
Smart-096-2503512,Mobile,+8550962503512
Smart-096-2503513,Mobile,+8550962503513
Smart-096-2503514,Mobile,+8550962503514
Smart-096-2503515,Mobile,+8550962503515
Smart-096-2503516,Mobile,+8550962503516
Smart-096-2503517,Mobile,+8550962503517
Smart-096-2503518,Mobile,+8550962503518
Smart-096-2503519,Mobile,+8550962503519
Smart-096-2503520,Mobile,+8550962503520
Smart-096-2503521,Mobile,+8550962503521
Smart-096-2503522,Mobile,+8550962503522
Smart-096-2503523,Mobile,+8550962503523
Smart-096-2503524,Mobile,+8550962503524
Smart-096-2503525,Mobile,+8550962503525
Smart-096-2503526,Mobile,+8550962503526
Smart-096-2503527,Mobile,+8550962503527
Smart-096-2503528,Mobile,+8550962503528
Smart-096-2503529,Mobile,+8550962503529
Smart-096-2503530,Mobile,+8550962503530
Smart-096-2503531,Mobile,+8550962503531
Smart-096-2503532,Mobile,+8550962503532
Smart-096-2503533,Mobile,+8550962503533
Smart-096-2503534,Mobile,+8550962503534
Smart-096-2503535,Mobile,+8550962503535
Smart-096-2503536,Mobile,+8550962503536
Smart-096-2503537,Mobile,+8550962503537
Smart-096-2503538,Mobile,+8550962503538
Smart-096-2503539,Mobile,+8550962503539
Smart-096-2503540,Mobile,+8550962503540
Smart-096-2503541,Mobile,+8550962503541
Smart-096-2503542,Mobile,+8550962503542
Smart-096-2503543,Mobile,+8550962503543
Smart-096-2503544,Mobile,+8550962503544
Smart-096-2503545,Mobile,+8550962503545
Smart-096-2503546,Mobile,+8550962503546
Smart-096-2503547,Mobile,+8550962503547
Smart-096-2503548,Mobile,+8550962503548
Smart-096-2503549,Mobile,+8550962503549
Smart-096-2503550,Mobile,+8550962503550
Smart-096-2503551,Mobile,+8550962503551
Smart-096-2503552,Mobile,+8550962503552
Smart-096-2503553,Mobile,+8550962503553
Smart-096-2503554,Mobile,+8550962503554
Smart-096-2503555,Mobile,+8550962503555
Smart-096-2503556,Mobile,+8550962503556
Smart-096-2503557,Mobile,+8550962503557
Smart-096-2503558,Mobile,+8550962503558
Smart-096-2503559,Mobile,+8550962503559
Smart-096-2503560,Mobile,+8550962503560
Smart-096-2503561,Mobile,+8550962503561
Smart-096-2503562,Mobile,+8550962503562
Smart-096-2503563,Mobile,+8550962503563
Smart-096-2503564,Mobile,+8550962503564
Smart-096-2503565,Mobile,+8550962503565
Smart-096-2503566,Mobile,+8550962503566
Smart-096-2503567,Mobile,+8550962503567
Smart-096-2503568,Mobile,+8550962503568
Smart-096-2503569,Mobile,+8550962503569
Smart-096-2503570,Mobile,+8550962503570
Smart-096-2503571,Mobile,+8550962503571
Smart-096-2503572,Mobile,+8550962503572
Smart-096-2503573,Mobile,+8550962503573
Smart-096-2503574,Mobile,+8550962503574
Smart-096-2503575,Mobile,+8550962503575
Smart-096-2503576,Mobile,+8550962503576
Smart-096-2503577,Mobile,+8550962503577
Smart-096-2503578,Mobile,+8550962503578
Smart-096-2503579,Mobile,+8550962503579
Smart-096-2503580,Mobile,+8550962503580
Smart-096-2503581,Mobile,+8550962503581
Smart-096-2503582,Mobile,+8550962503582
Smart-096-2503583,Mobile,+8550962503583
Smart-096-2503584,Mobile,+8550962503584
Smart-096-2503585,Mobile,+8550962503585
Smart-096-2503586,Mobile,+8550962503586
Smart-096-2503587,Mobile,+8550962503587
Smart-096-2503588,Mobile,+8550962503588
Smart-096-2503589,Mobile,+8550962503589
Smart-096-2503590,Mobile,+8550962503590
Smart-096-2503591,Mobile,+8550962503591
Smart-096-2503592,Mobile,+8550962503592
Smart-096-2503593,Mobile,+8550962503593
Smart-096-2503594,Mobile,+8550962503594
Smart-096-2503595,Mobile,+8550962503595
Smart-096-2503596,Mobile,+8550962503596
Smart-096-2503597,Mobile,+8550962503597
Smart-096-2503598,Mobile,+8550962503598
Smart-096-2503599,Mobile,+8550962503599
Smart-096-2503600,Mobile,+8550962503600
Smart-096-2503601,Mobile,+8550962503601
Smart-096-2503602,Mobile,+8550962503602
Smart-096-2503603,Mobile,+8550962503603
Smart-096-2503604,Mobile,+8550962503604
Smart-096-2503605,Mobile,+8550962503605
Smart-096-2503606,Mobile,+8550962503606
Smart-096-2503607,Mobile,+8550962503607
Smart-096-2503608,Mobile,+8550962503608
Smart-096-2503609,Mobile,+8550962503609
Smart-096-2503610,Mobile,+8550962503610
Smart-096-2503611,Mobile,+8550962503611
Smart-096-2503612,Mobile,+8550962503612
Smart-096-2503613,Mobile,+8550962503613
Smart-096-2503614,Mobile,+8550962503614
Smart-096-2503615,Mobile,+8550962503615
Smart-096-2503616,Mobile,+8550962503616
Smart-096-2503617,Mobile,+8550962503617
Smart-096-2503618,Mobile,+8550962503618
Smart-096-2503619,Mobile,+8550962503619
Smart-096-2503620,Mobile,+8550962503620
Smart-096-2503621,Mobile,+8550962503621
Smart-096-2503622,Mobile,+8550962503622
Smart-096-2503623,Mobile,+8550962503623
Smart-096-2503624,Mobile,+8550962503624
Smart-096-2503625,Mobile,+8550962503625
Smart-096-2503626,Mobile,+8550962503626
Smart-096-2503627,Mobile,+8550962503627
Smart-096-2503628,Mobile,+8550962503628
Smart-096-2503629,Mobile,+8550962503629
Smart-096-2503630,Mobile,+8550962503630
Smart-096-2503631,Mobile,+8550962503631
Smart-096-2503632,Mobile,+8550962503632
Smart-096-2503633,Mobile,+8550962503633
Smart-096-2503634,Mobile,+8550962503634
Smart-096-2503635,Mobile,+8550962503635
Smart-096-2503636,Mobile,+8550962503636
Smart-096-2503637,Mobile,+8550962503637
Smart-096-2503638,Mobile,+8550962503638
Smart-096-2503639,Mobile,+8550962503639
Smart-096-2503640,Mobile,+8550962503640
Smart-096-2503641,Mobile,+8550962503641
Smart-096-2503642,Mobile,+8550962503642
Smart-096-2503643,Mobile,+8550962503643
Smart-096-2503644,Mobile,+8550962503644
Smart-096-2503645,Mobile,+8550962503645
Smart-096-2503646,Mobile,+8550962503646
Smart-096-2503647,Mobile,+8550962503647
Smart-096-2503648,Mobile,+8550962503648
Smart-096-2503649,Mobile,+8550962503649
Smart-096-2503650,Mobile,+8550962503650
Smart-096-2503651,Mobile,+8550962503651
Smart-096-2503652,Mobile,+8550962503652
Smart-096-2503653,Mobile,+8550962503653
Smart-096-2503654,Mobile,+8550962503654
Smart-096-2503655,Mobile,+8550962503655
Smart-096-2503656,Mobile,+8550962503656
Smart-096-2503657,Mobile,+8550962503657
Smart-096-2503658,Mobile,+8550962503658
Smart-096-2503659,Mobile,+8550962503659
Smart-096-2503660,Mobile,+8550962503660
Smart-096-2503661,Mobile,+8550962503661
Smart-096-2503662,Mobile,+8550962503662
Smart-096-2503663,Mobile,+8550962503663
Smart-096-2503664,Mobile,+8550962503664
Smart-096-2503665,Mobile,+8550962503665
Smart-096-2503666,Mobile,+8550962503666
Smart-096-2503667,Mobile,+8550962503667
Smart-096-2503668,Mobile,+8550962503668
Smart-096-2503669,Mobile,+8550962503669
Smart-096-2503670,Mobile,+8550962503670
Smart-096-2503671,Mobile,+8550962503671
Smart-096-2503672,Mobile,+8550962503672
Smart-096-2503673,Mobile,+8550962503673
Smart-096-2503674,Mobile,+8550962503674
Smart-096-2503675,Mobile,+8550962503675
Smart-096-2503676,Mobile,+8550962503676
Smart-096-2503677,Mobile,+8550962503677
Smart-096-2503678,Mobile,+8550962503678
Smart-096-2503679,Mobile,+8550962503679
Smart-096-2503680,Mobile,+8550962503680
Smart-096-2503681,Mobile,+8550962503681
Smart-096-2503682,Mobile,+8550962503682
Smart-096-2503683,Mobile,+8550962503683
Smart-096-2503684,Mobile,+8550962503684
Smart-096-2503685,Mobile,+8550962503685
Smart-096-2503686,Mobile,+8550962503686
Smart-096-2503687,Mobile,+8550962503687
Smart-096-2503688,Mobile,+8550962503688
Smart-096-2503689,Mobile,+8550962503689
Smart-096-2503690,Mobile,+8550962503690
Smart-096-2503691,Mobile,+8550962503691
Smart-096-2503692,Mobile,+8550962503692
Smart-096-2503693,Mobile,+8550962503693
Smart-096-2503694,Mobile,+8550962503694
Smart-096-2503695,Mobile,+8550962503695
Smart-096-2503696,Mobile,+8550962503696
Smart-096-2503697,Mobile,+8550962503697
Smart-096-2503698,Mobile,+8550962503698
Smart-096-2503699,Mobile,+8550962503699
Smart-096-2503700,Mobile,+8550962503700
Smart-096-2503701,Mobile,+8550962503701
Smart-096-2503702,Mobile,+8550962503702
Smart-096-2503703,Mobile,+8550962503703
Smart-096-2503704,Mobile,+8550962503704
Smart-096-2503705,Mobile,+8550962503705
Smart-096-2503706,Mobile,+8550962503706
Smart-096-2503707,Mobile,+8550962503707
Smart-096-2503708,Mobile,+8550962503708
Smart-096-2503709,Mobile,+8550962503709
Smart-096-2503710,Mobile,+8550962503710
Smart-096-2503711,Mobile,+8550962503711
Smart-096-2503712,Mobile,+8550962503712
Smart-096-2503713,Mobile,+8550962503713
Smart-096-2503714,Mobile,+8550962503714
Smart-096-2503715,Mobile,+8550962503715
Smart-096-2503716,Mobile,+8550962503716
Smart-096-2503717,Mobile,+8550962503717
Smart-096-2503718,Mobile,+8550962503718
Smart-096-2503719,Mobile,+8550962503719
Smart-096-2503720,Mobile,+8550962503720
Smart-096-2503721,Mobile,+8550962503721
Smart-096-2503722,Mobile,+8550962503722
Smart-096-2503723,Mobile,+8550962503723
Smart-096-2503724,Mobile,+8550962503724
Smart-096-2503725,Mobile,+8550962503725
Smart-096-2503726,Mobile,+8550962503726
Smart-096-2503727,Mobile,+8550962503727
Smart-096-2503728,Mobile,+8550962503728
Smart-096-2503729,Mobile,+8550962503729
Smart-096-2503730,Mobile,+8550962503730
Smart-096-2503731,Mobile,+8550962503731
Smart-096-2503732,Mobile,+8550962503732
Smart-096-2503733,Mobile,+8550962503733
Smart-096-2503734,Mobile,+8550962503734
Smart-096-2503735,Mobile,+8550962503735
Smart-096-2503736,Mobile,+8550962503736
Smart-096-2503737,Mobile,+8550962503737
Smart-096-2503738,Mobile,+8550962503738
Smart-096-2503739,Mobile,+8550962503739
Smart-096-2503740,Mobile,+8550962503740
Smart-096-2503741,Mobile,+8550962503741
Smart-096-2503742,Mobile,+8550962503742
Smart-096-2503743,Mobile,+8550962503743
Smart-096-2503744,Mobile,+8550962503744
Smart-096-2503745,Mobile,+8550962503745
Smart-096-2503746,Mobile,+8550962503746
Smart-096-2503747,Mobile,+8550962503747
Smart-096-2503748,Mobile,+8550962503748
Smart-096-2503749,Mobile,+8550962503749
Smart-096-2503750,Mobile,+8550962503750
Smart-096-2503751,Mobile,+8550962503751
Smart-096-2503752,Mobile,+8550962503752
Smart-096-2503753,Mobile,+8550962503753
Smart-096-2503754,Mobile,+8550962503754
Smart-096-2503755,Mobile,+8550962503755
Smart-096-2503756,Mobile,+8550962503756
Smart-096-2503757,Mobile,+8550962503757
Smart-096-2503758,Mobile,+8550962503758
Smart-096-2503759,Mobile,+8550962503759
Smart-096-2503760,Mobile,+8550962503760
Smart-096-2503761,Mobile,+8550962503761
Smart-096-2503762,Mobile,+8550962503762
Smart-096-2503763,Mobile,+8550962503763
Smart-096-2503764,Mobile,+8550962503764
Smart-096-2503765,Mobile,+8550962503765
Smart-096-2503766,Mobile,+8550962503766
Smart-096-2503767,Mobile,+8550962503767
Smart-096-2503768,Mobile,+8550962503768
Smart-096-2503769,Mobile,+8550962503769
Smart-096-2503770,Mobile,+8550962503770
Smart-096-2503771,Mobile,+8550962503771
Smart-096-2503772,Mobile,+8550962503772
Smart-096-2503773,Mobile,+8550962503773
Smart-096-2503774,Mobile,+8550962503774
Smart-096-2503775,Mobile,+8550962503775
Smart-096-2503776,Mobile,+8550962503776
Smart-096-2503777,Mobile,+8550962503777
Smart-096-2503778,Mobile,+8550962503778
Smart-096-2503779,Mobile,+8550962503779
Smart-096-2503780,Mobile,+8550962503780
Smart-096-2503781,Mobile,+8550962503781
Smart-096-2503782,Mobile,+8550962503782
Smart-096-2503783,Mobile,+8550962503783
Smart-096-2503784,Mobile,+8550962503784
Smart-096-2503785,Mobile,+8550962503785
Smart-096-2503786,Mobile,+8550962503786
Smart-096-2503787,Mobile,+8550962503787
Smart-096-2503788,Mobile,+8550962503788
Smart-096-2503789,Mobile,+8550962503789
Smart-096-2503790,Mobile,+8550962503790
Smart-096-2503791,Mobile,+8550962503791
Smart-096-2503792,Mobile,+8550962503792
Smart-096-2503793,Mobile,+8550962503793
Smart-096-2503794,Mobile,+8550962503794
Smart-096-2503795,Mobile,+8550962503795
Smart-096-2503796,Mobile,+8550962503796
Smart-096-2503797,Mobile,+8550962503797
Smart-096-2503798,Mobile,+8550962503798
Smart-096-2503799,Mobile,+8550962503799
Smart-096-2503800,Mobile,+8550962503800
Smart-096-2503801,Mobile,+8550962503801
Smart-096-2503802,Mobile,+8550962503802
Smart-096-2503803,Mobile,+8550962503803
Smart-096-2503804,Mobile,+8550962503804
Smart-096-2503805,Mobile,+8550962503805
Smart-096-2503806,Mobile,+8550962503806
Smart-096-2503807,Mobile,+8550962503807
Smart-096-2503808,Mobile,+8550962503808
Smart-096-2503809,Mobile,+8550962503809
Smart-096-2503810,Mobile,+8550962503810
Smart-096-2503811,Mobile,+8550962503811
Smart-096-2503812,Mobile,+8550962503812
Smart-096-2503813,Mobile,+8550962503813
Smart-096-2503814,Mobile,+8550962503814
Smart-096-2503815,Mobile,+8550962503815
Smart-096-2503816,Mobile,+8550962503816
Smart-096-2503817,Mobile,+8550962503817
Smart-096-2503818,Mobile,+8550962503818
Smart-096-2503819,Mobile,+8550962503819
Smart-096-2503820,Mobile,+8550962503820
Smart-096-2503821,Mobile,+8550962503821
Smart-096-2503822,Mobile,+8550962503822
Smart-096-2503823,Mobile,+8550962503823
Smart-096-2503824,Mobile,+8550962503824
Smart-096-2503825,Mobile,+8550962503825
Smart-096-2503826,Mobile,+8550962503826
Smart-096-2503827,Mobile,+8550962503827
Smart-096-2503828,Mobile,+8550962503828
Smart-096-2503829,Mobile,+8550962503829
Smart-096-2503830,Mobile,+8550962503830
Smart-096-2503831,Mobile,+8550962503831
Smart-096-2503832,Mobile,+8550962503832
Smart-096-2503833,Mobile,+8550962503833
Smart-096-2503834,Mobile,+8550962503834
Smart-096-2503835,Mobile,+8550962503835
Smart-096-2503836,Mobile,+8550962503836
Smart-096-2503837,Mobile,+8550962503837
Smart-096-2503838,Mobile,+8550962503838
Smart-096-2503839,Mobile,+8550962503839
Smart-096-2503840,Mobile,+8550962503840
Smart-096-2503841,Mobile,+8550962503841
Smart-096-2503842,Mobile,+8550962503842
Smart-096-2503843,Mobile,+8550962503843
Smart-096-2503844,Mobile,+8550962503844
Smart-096-2503845,Mobile,+8550962503845
Smart-096-2503846,Mobile,+8550962503846
Smart-096-2503847,Mobile,+8550962503847
Smart-096-2503848,Mobile,+8550962503848
Smart-096-2503849,Mobile,+8550962503849
Smart-096-2503850,Mobile,+8550962503850
Smart-096-2503851,Mobile,+8550962503851
Smart-096-2503852,Mobile,+8550962503852
Smart-096-2503853,Mobile,+8550962503853
Smart-096-2503854,Mobile,+8550962503854
Smart-096-2503855,Mobile,+8550962503855
Smart-096-2503856,Mobile,+8550962503856
Smart-096-2503857,Mobile,+8550962503857
Smart-096-2503858,Mobile,+8550962503858
Smart-096-2503859,Mobile,+8550962503859
Smart-096-2503860,Mobile,+8550962503860
Smart-096-2503861,Mobile,+8550962503861
Smart-096-2503862,Mobile,+8550962503862
Smart-096-2503863,Mobile,+8550962503863
Smart-096-2503864,Mobile,+8550962503864
Smart-096-2503865,Mobile,+8550962503865
Smart-096-2503866,Mobile,+8550962503866
Smart-096-2503867,Mobile,+8550962503867
Smart-096-2503868,Mobile,+8550962503868
Smart-096-2503869,Mobile,+8550962503869
Smart-096-2503870,Mobile,+8550962503870
Smart-096-2503871,Mobile,+8550962503871
Smart-096-2503872,Mobile,+8550962503872
Smart-096-2503873,Mobile,+8550962503873
Smart-096-2503874,Mobile,+8550962503874
Smart-096-2503875,Mobile,+8550962503875
Smart-096-2503876,Mobile,+8550962503876
Smart-096-2503877,Mobile,+8550962503877
Smart-096-2503878,Mobile,+8550962503878
Smart-096-2503879,Mobile,+8550962503879
Smart-096-2503880,Mobile,+8550962503880
Smart-096-2503881,Mobile,+8550962503881
Smart-096-2503882,Mobile,+8550962503882
Smart-096-2503883,Mobile,+8550962503883
Smart-096-2503884,Mobile,+8550962503884
Smart-096-2503885,Mobile,+8550962503885
Smart-096-2503886,Mobile,+8550962503886
Smart-096-2503887,Mobile,+8550962503887
Smart-096-2503888,Mobile,+8550962503888
Smart-096-2503889,Mobile,+8550962503889
Smart-096-2503890,Mobile,+8550962503890
Smart-096-2503891,Mobile,+8550962503891
Smart-096-2503892,Mobile,+8550962503892
Smart-096-2503893,Mobile,+8550962503893
Smart-096-2503894,Mobile,+8550962503894
Smart-096-2503895,Mobile,+8550962503895
Smart-096-2503896,Mobile,+8550962503896
Smart-096-2503897,Mobile,+8550962503897
Smart-096-2503898,Mobile,+8550962503898
Smart-096-2503899,Mobile,+8550962503899
Smart-096-2503900,Mobile,+8550962503900
Smart-096-2503901,Mobile,+8550962503901
Smart-096-2503902,Mobile,+8550962503902
Smart-096-2503903,Mobile,+8550962503903
Smart-096-2503904,Mobile,+8550962503904
Smart-096-2503905,Mobile,+8550962503905
Smart-096-2503906,Mobile,+8550962503906
Smart-096-2503907,Mobile,+8550962503907
Smart-096-2503908,Mobile,+8550962503908
Smart-096-2503909,Mobile,+8550962503909
Smart-096-2503910,Mobile,+8550962503910
Smart-096-2503911,Mobile,+8550962503911
Smart-096-2503912,Mobile,+8550962503912
Smart-096-2503913,Mobile,+8550962503913
Smart-096-2503914,Mobile,+8550962503914
Smart-096-2503915,Mobile,+8550962503915
Smart-096-2503916,Mobile,+8550962503916
Smart-096-2503917,Mobile,+8550962503917
Smart-096-2503918,Mobile,+8550962503918
Smart-096-2503919,Mobile,+8550962503919
Smart-096-2503920,Mobile,+8550962503920
Smart-096-2503921,Mobile,+8550962503921
Smart-096-2503922,Mobile,+8550962503922
Smart-096-2503923,Mobile,+8550962503923
Smart-096-2503924,Mobile,+8550962503924
Smart-096-2503925,Mobile,+8550962503925
Smart-096-2503926,Mobile,+8550962503926
Smart-096-2503927,Mobile,+8550962503927
Smart-096-2503928,Mobile,+8550962503928
Smart-096-2503929,Mobile,+8550962503929
Smart-096-2503930,Mobile,+8550962503930
Smart-096-2503931,Mobile,+8550962503931
Smart-096-2503932,Mobile,+8550962503932
Smart-096-2503933,Mobile,+8550962503933
Smart-096-2503934,Mobile,+8550962503934
Smart-096-2503935,Mobile,+8550962503935
Smart-096-2503936,Mobile,+8550962503936
Smart-096-2503937,Mobile,+8550962503937
Smart-096-2503938,Mobile,+8550962503938
Smart-096-2503939,Mobile,+8550962503939
Smart-096-2503940,Mobile,+8550962503940
Smart-096-2503941,Mobile,+8550962503941
Smart-096-2503942,Mobile,+8550962503942
Smart-096-2503943,Mobile,+8550962503943
Smart-096-2503944,Mobile,+8550962503944
Smart-096-2503945,Mobile,+8550962503945
Smart-096-2503946,Mobile,+8550962503946
Smart-096-2503947,Mobile,+8550962503947
Smart-096-2503948,Mobile,+8550962503948
Smart-096-2503949,Mobile,+8550962503949
Smart-096-2503950,Mobile,+8550962503950
Smart-096-2503951,Mobile,+8550962503951
Smart-096-2503952,Mobile,+8550962503952
Smart-096-2503953,Mobile,+8550962503953
Smart-096-2503954,Mobile,+8550962503954
Smart-096-2503955,Mobile,+8550962503955
Smart-096-2503956,Mobile,+8550962503956
Smart-096-2503957,Mobile,+8550962503957
Smart-096-2503958,Mobile,+8550962503958
Smart-096-2503959,Mobile,+8550962503959
Smart-096-2503960,Mobile,+8550962503960
Smart-096-2503961,Mobile,+8550962503961
Smart-096-2503962,Mobile,+8550962503962
Smart-096-2503963,Mobile,+8550962503963
Smart-096-2503964,Mobile,+8550962503964
Smart-096-2503965,Mobile,+8550962503965
Smart-096-2503966,Mobile,+8550962503966
Smart-096-2503967,Mobile,+8550962503967
Smart-096-2503968,Mobile,+8550962503968
Smart-096-2503969,Mobile,+8550962503969
Smart-096-2503970,Mobile,+8550962503970
Smart-096-2503971,Mobile,+8550962503971
Smart-096-2503972,Mobile,+8550962503972
Smart-096-2503973,Mobile,+8550962503973
Smart-096-2503974,Mobile,+8550962503974
Smart-096-2503975,Mobile,+8550962503975
Smart-096-2503976,Mobile,+8550962503976
Smart-096-2503977,Mobile,+8550962503977
Smart-096-2503978,Mobile,+8550962503978
Smart-096-2503979,Mobile,+8550962503979
Smart-096-2503980,Mobile,+8550962503980
Smart-096-2503981,Mobile,+8550962503981
Smart-096-2503982,Mobile,+8550962503982
Smart-096-2503983,Mobile,+8550962503983
Smart-096-2503984,Mobile,+8550962503984
Smart-096-2503985,Mobile,+8550962503985
Smart-096-2503986,Mobile,+8550962503986
Smart-096-2503987,Mobile,+8550962503987
Smart-096-2503988,Mobile,+8550962503988
Smart-096-2503989,Mobile,+8550962503989
Smart-096-2503990,Mobile,+8550962503990
Smart-096-2503991,Mobile,+8550962503991
Smart-096-2503992,Mobile,+8550962503992
Smart-096-2503993,Mobile,+8550962503993
Smart-096-2503994,Mobile,+8550962503994
Smart-096-2503995,Mobile,+8550962503995
Smart-096-2503996,Mobile,+8550962503996
Smart-096-2503997,Mobile,+8550962503997
Smart-096-2503998,Mobile,+8550962503998
Smart-096-2503999,Mobile,+8550962503999
Smart-096-2504000,Mobile,+8550962504000
Smart-096-2504001,Mobile,+8550962504001
Smart-096-2504002,Mobile,+8550962504002
Smart-096-2504003,Mobile,+8550962504003
Smart-096-2504004,Mobile,+8550962504004
Smart-096-2504005,Mobile,+8550962504005
Smart-096-2504006,Mobile,+8550962504006
Smart-096-2504007,Mobile,+8550962504007
Smart-096-2504008,Mobile,+8550962504008
Smart-096-2504009,Mobile,+8550962504009
Smart-096-2504010,Mobile,+8550962504010
Smart-096-2504011,Mobile,+8550962504011
Smart-096-2504012,Mobile,+8550962504012
Smart-096-2504013,Mobile,+8550962504013
Smart-096-2504014,Mobile,+8550962504014
Smart-096-2504015,Mobile,+8550962504015
Smart-096-2504016,Mobile,+8550962504016
Smart-096-2504017,Mobile,+8550962504017
Smart-096-2504018,Mobile,+8550962504018
Smart-096-2504019,Mobile,+8550962504019
Smart-096-2504020,Mobile,+8550962504020
Smart-096-2504021,Mobile,+8550962504021
Smart-096-2504022,Mobile,+8550962504022
Smart-096-2504023,Mobile,+8550962504023
Smart-096-2504024,Mobile,+8550962504024
Smart-096-2504025,Mobile,+8550962504025
Smart-096-2504026,Mobile,+8550962504026
Smart-096-2504027,Mobile,+8550962504027
Smart-096-2504028,Mobile,+8550962504028
Smart-096-2504029,Mobile,+8550962504029
Smart-096-2504030,Mobile,+8550962504030
Smart-096-2504031,Mobile,+8550962504031
Smart-096-2504032,Mobile,+8550962504032
Smart-096-2504033,Mobile,+8550962504033
Smart-096-2504034,Mobile,+8550962504034
Smart-096-2504035,Mobile,+8550962504035
Smart-096-2504036,Mobile,+8550962504036
Smart-096-2504037,Mobile,+8550962504037
Smart-096-2504038,Mobile,+8550962504038
Smart-096-2504039,Mobile,+8550962504039
Smart-096-2504040,Mobile,+8550962504040
Smart-096-2504041,Mobile,+8550962504041
Smart-096-2504042,Mobile,+8550962504042
Smart-096-2504043,Mobile,+8550962504043
Smart-096-2504044,Mobile,+8550962504044
Smart-096-2504045,Mobile,+8550962504045
Smart-096-2504046,Mobile,+8550962504046
Smart-096-2504047,Mobile,+8550962504047
Smart-096-2504048,Mobile,+8550962504048
Smart-096-2504049,Mobile,+8550962504049
Smart-096-2504050,Mobile,+8550962504050
Smart-096-2504051,Mobile,+8550962504051
Smart-096-2504052,Mobile,+8550962504052
Smart-096-2504053,Mobile,+8550962504053
Smart-096-2504054,Mobile,+8550962504054
Smart-096-2504055,Mobile,+8550962504055
Smart-096-2504056,Mobile,+8550962504056
Smart-096-2504057,Mobile,+8550962504057
Smart-096-2504058,Mobile,+8550962504058
Smart-096-2504059,Mobile,+8550962504059
Smart-096-2504060,Mobile,+8550962504060
Smart-096-2504061,Mobile,+8550962504061
Smart-096-2504062,Mobile,+8550962504062
Smart-096-2504063,Mobile,+8550962504063
Smart-096-2504064,Mobile,+8550962504064
Smart-096-2504065,Mobile,+8550962504065
Smart-096-2504066,Mobile,+8550962504066
Smart-096-2504067,Mobile,+8550962504067
Smart-096-2504068,Mobile,+8550962504068
Smart-096-2504069,Mobile,+8550962504069
Smart-096-2504070,Mobile,+8550962504070
Smart-096-2504071,Mobile,+8550962504071
Smart-096-2504072,Mobile,+8550962504072
Smart-096-2504073,Mobile,+8550962504073
Smart-096-2504074,Mobile,+8550962504074
Smart-096-2504075,Mobile,+8550962504075
Smart-096-2504076,Mobile,+8550962504076
Smart-096-2504077,Mobile,+8550962504077
Smart-096-2504078,Mobile,+8550962504078
Smart-096-2504079,Mobile,+8550962504079
Smart-096-2504080,Mobile,+8550962504080
Smart-096-2504081,Mobile,+8550962504081
Smart-096-2504082,Mobile,+8550962504082
Smart-096-2504083,Mobile,+8550962504083
Smart-096-2504084,Mobile,+8550962504084
Smart-096-2504085,Mobile,+8550962504085
Smart-096-2504086,Mobile,+8550962504086
Smart-096-2504087,Mobile,+8550962504087
Smart-096-2504088,Mobile,+8550962504088
Smart-096-2504089,Mobile,+8550962504089
Smart-096-2504090,Mobile,+8550962504090
Smart-096-2504091,Mobile,+8550962504091
Smart-096-2504092,Mobile,+8550962504092
Smart-096-2504093,Mobile,+8550962504093
Smart-096-2504094,Mobile,+8550962504094
Smart-096-2504095,Mobile,+8550962504095
Smart-096-2504096,Mobile,+8550962504096
Smart-096-2504097,Mobile,+8550962504097
Smart-096-2504098,Mobile,+8550962504098
Smart-096-2504099,Mobile,+8550962504099
Smart-096-2504100,Mobile,+8550962504100
Smart-096-2504101,Mobile,+8550962504101
Smart-096-2504102,Mobile,+8550962504102
Smart-096-2504103,Mobile,+8550962504103
Smart-096-2504104,Mobile,+8550962504104
Smart-096-2504105,Mobile,+8550962504105
Smart-096-2504106,Mobile,+8550962504106
Smart-096-2504107,Mobile,+8550962504107
Smart-096-2504108,Mobile,+8550962504108
Smart-096-2504109,Mobile,+8550962504109
Smart-096-2504110,Mobile,+8550962504110
Smart-096-2504111,Mobile,+8550962504111
Smart-096-2504112,Mobile,+8550962504112
Smart-096-2504113,Mobile,+8550962504113
Smart-096-2504114,Mobile,+8550962504114
Smart-096-2504115,Mobile,+8550962504115
Smart-096-2504116,Mobile,+8550962504116
Smart-096-2504117,Mobile,+8550962504117
Smart-096-2504118,Mobile,+8550962504118
Smart-096-2504119,Mobile,+8550962504119
Smart-096-2504120,Mobile,+8550962504120
Smart-096-2504121,Mobile,+8550962504121
Smart-096-2504122,Mobile,+8550962504122
Smart-096-2504123,Mobile,+8550962504123
Smart-096-2504124,Mobile,+8550962504124
Smart-096-2504125,Mobile,+8550962504125
Smart-096-2504126,Mobile,+8550962504126
Smart-096-2504127,Mobile,+8550962504127
Smart-096-2504128,Mobile,+8550962504128
Smart-096-2504129,Mobile,+8550962504129
Smart-096-2504130,Mobile,+8550962504130
Smart-096-2504131,Mobile,+8550962504131
Smart-096-2504132,Mobile,+8550962504132
Smart-096-2504133,Mobile,+8550962504133
Smart-096-2504134,Mobile,+8550962504134
Smart-096-2504135,Mobile,+8550962504135
Smart-096-2504136,Mobile,+8550962504136
Smart-096-2504137,Mobile,+8550962504137
Smart-096-2504138,Mobile,+8550962504138
Smart-096-2504139,Mobile,+8550962504139
Smart-096-2504140,Mobile,+8550962504140
Smart-096-2504141,Mobile,+8550962504141
Smart-096-2504142,Mobile,+8550962504142
Smart-096-2504143,Mobile,+8550962504143
Smart-096-2504144,Mobile,+8550962504144
Smart-096-2504145,Mobile,+8550962504145
Smart-096-2504146,Mobile,+8550962504146
Smart-096-2504147,Mobile,+8550962504147
Smart-096-2504148,Mobile,+8550962504148
Smart-096-2504149,Mobile,+8550962504149
Smart-096-2504150,Mobile,+8550962504150
Smart-096-2504151,Mobile,+8550962504151
Smart-096-2504152,Mobile,+8550962504152
Smart-096-2504153,Mobile,+8550962504153
Smart-096-2504154,Mobile,+8550962504154
Smart-096-2504155,Mobile,+8550962504155
Smart-096-2504156,Mobile,+8550962504156
Smart-096-2504157,Mobile,+8550962504157
Smart-096-2504158,Mobile,+8550962504158
Smart-096-2504159,Mobile,+8550962504159
Smart-096-2504160,Mobile,+8550962504160
Smart-096-2504161,Mobile,+8550962504161
Smart-096-2504162,Mobile,+8550962504162
Smart-096-2504163,Mobile,+8550962504163
Smart-096-2504164,Mobile,+8550962504164
Smart-096-2504165,Mobile,+8550962504165
Smart-096-2504166,Mobile,+8550962504166
Smart-096-2504167,Mobile,+8550962504167
Smart-096-2504168,Mobile,+8550962504168
Smart-096-2504169,Mobile,+8550962504169
Smart-096-2504170,Mobile,+8550962504170
Smart-096-2504171,Mobile,+8550962504171
Smart-096-2504172,Mobile,+8550962504172
Smart-096-2504173,Mobile,+8550962504173
Smart-096-2504174,Mobile,+8550962504174
Smart-096-2504175,Mobile,+8550962504175
Smart-096-2504176,Mobile,+8550962504176
Smart-096-2504177,Mobile,+8550962504177
Smart-096-2504178,Mobile,+8550962504178
Smart-096-2504179,Mobile,+8550962504179
Smart-096-2504180,Mobile,+8550962504180
Smart-096-2504181,Mobile,+8550962504181
Smart-096-2504182,Mobile,+8550962504182
Smart-096-2504183,Mobile,+8550962504183
Smart-096-2504184,Mobile,+8550962504184
Smart-096-2504185,Mobile,+8550962504185
Smart-096-2504186,Mobile,+8550962504186
Smart-096-2504187,Mobile,+8550962504187
Smart-096-2504188,Mobile,+8550962504188
Smart-096-2504189,Mobile,+8550962504189
Smart-096-2504190,Mobile,+8550962504190
Smart-096-2504191,Mobile,+8550962504191
Smart-096-2504192,Mobile,+8550962504192
Smart-096-2504193,Mobile,+8550962504193
Smart-096-2504194,Mobile,+8550962504194
Smart-096-2504195,Mobile,+8550962504195
Smart-096-2504196,Mobile,+8550962504196
Smart-096-2504197,Mobile,+8550962504197
Smart-096-2504198,Mobile,+8550962504198
Smart-096-2504199,Mobile,+8550962504199
Smart-096-2504200,Mobile,+8550962504200
Smart-096-2504201,Mobile,+8550962504201
Smart-096-2504202,Mobile,+8550962504202
Smart-096-2504203,Mobile,+8550962504203
Smart-096-2504204,Mobile,+8550962504204
Smart-096-2504205,Mobile,+8550962504205
Smart-096-2504206,Mobile,+8550962504206
Smart-096-2504207,Mobile,+8550962504207
Smart-096-2504208,Mobile,+8550962504208
Smart-096-2504209,Mobile,+8550962504209
Smart-096-2504210,Mobile,+8550962504210
Smart-096-2504211,Mobile,+8550962504211
Smart-096-2504212,Mobile,+8550962504212
Smart-096-2504213,Mobile,+8550962504213
Smart-096-2504214,Mobile,+8550962504214
Smart-096-2504215,Mobile,+8550962504215
Smart-096-2504216,Mobile,+8550962504216
Smart-096-2504217,Mobile,+8550962504217
Smart-096-2504218,Mobile,+8550962504218
Smart-096-2504219,Mobile,+8550962504219
Smart-096-2504220,Mobile,+8550962504220
Smart-096-2504221,Mobile,+8550962504221
Smart-096-2504222,Mobile,+8550962504222
Smart-096-2504223,Mobile,+8550962504223
Smart-096-2504224,Mobile,+8550962504224
Smart-096-2504225,Mobile,+8550962504225
Smart-096-2504226,Mobile,+8550962504226
Smart-096-2504227,Mobile,+8550962504227
Smart-096-2504228,Mobile,+8550962504228
Smart-096-2504229,Mobile,+8550962504229
Smart-096-2504230,Mobile,+8550962504230
Smart-096-2504231,Mobile,+8550962504231
Smart-096-2504232,Mobile,+8550962504232
Smart-096-2504233,Mobile,+8550962504233
Smart-096-2504234,Mobile,+8550962504234
Smart-096-2504235,Mobile,+8550962504235
Smart-096-2504236,Mobile,+8550962504236
Smart-096-2504237,Mobile,+8550962504237
Smart-096-2504238,Mobile,+8550962504238
Smart-096-2504239,Mobile,+8550962504239
Smart-096-2504240,Mobile,+8550962504240
Smart-096-2504241,Mobile,+8550962504241
Smart-096-2504242,Mobile,+8550962504242
Smart-096-2504243,Mobile,+8550962504243
Smart-096-2504244,Mobile,+8550962504244
Smart-096-2504245,Mobile,+8550962504245
Smart-096-2504246,Mobile,+8550962504246
Smart-096-2504247,Mobile,+8550962504247
Smart-096-2504248,Mobile,+8550962504248
Smart-096-2504249,Mobile,+8550962504249
Smart-096-2504250,Mobile,+8550962504250
Smart-096-2504251,Mobile,+8550962504251
Smart-096-2504252,Mobile,+8550962504252
Smart-096-2504253,Mobile,+8550962504253
Smart-096-2504254,Mobile,+8550962504254
Smart-096-2504255,Mobile,+8550962504255
Smart-096-2504256,Mobile,+8550962504256
Smart-096-2504257,Mobile,+8550962504257
Smart-096-2504258,Mobile,+8550962504258
Smart-096-2504259,Mobile,+8550962504259
Smart-096-2504260,Mobile,+8550962504260
Smart-096-2504261,Mobile,+8550962504261
Smart-096-2504262,Mobile,+8550962504262
Smart-096-2504263,Mobile,+8550962504263
Smart-096-2504264,Mobile,+8550962504264
Smart-096-2504265,Mobile,+8550962504265
Smart-096-2504266,Mobile,+8550962504266
Smart-096-2504267,Mobile,+8550962504267
Smart-096-2504268,Mobile,+8550962504268
Smart-096-2504269,Mobile,+8550962504269
Smart-096-2504270,Mobile,+8550962504270
Smart-096-2504271,Mobile,+8550962504271
Smart-096-2504272,Mobile,+8550962504272
Smart-096-2504273,Mobile,+8550962504273
Smart-096-2504274,Mobile,+8550962504274
Smart-096-2504275,Mobile,+8550962504275
Smart-096-2504276,Mobile,+8550962504276
Smart-096-2504277,Mobile,+8550962504277
Smart-096-2504278,Mobile,+8550962504278
Smart-096-2504279,Mobile,+8550962504279
Smart-096-2504280,Mobile,+8550962504280
Smart-096-2504281,Mobile,+8550962504281
Smart-096-2504282,Mobile,+8550962504282
Smart-096-2504283,Mobile,+8550962504283
Smart-096-2504284,Mobile,+8550962504284
Smart-096-2504285,Mobile,+8550962504285
Smart-096-2504286,Mobile,+8550962504286
Smart-096-2504287,Mobile,+8550962504287
Smart-096-2504288,Mobile,+8550962504288
Smart-096-2504289,Mobile,+8550962504289
Smart-096-2504290,Mobile,+8550962504290
Smart-096-2504291,Mobile,+8550962504291
Smart-096-2504292,Mobile,+8550962504292
Smart-096-2504293,Mobile,+8550962504293
Smart-096-2504294,Mobile,+8550962504294
Smart-096-2504295,Mobile,+8550962504295
Smart-096-2504296,Mobile,+8550962504296
Smart-096-2504297,Mobile,+8550962504297
Smart-096-2504298,Mobile,+8550962504298
Smart-096-2504299,Mobile,+8550962504299
Smart-096-2504300,Mobile,+8550962504300
Smart-096-2504301,Mobile,+8550962504301
Smart-096-2504302,Mobile,+8550962504302
Smart-096-2504303,Mobile,+8550962504303
Smart-096-2504304,Mobile,+8550962504304
Smart-096-2504305,Mobile,+8550962504305
Smart-096-2504306,Mobile,+8550962504306
Smart-096-2504307,Mobile,+8550962504307
Smart-096-2504308,Mobile,+8550962504308
Smart-096-2504309,Mobile,+8550962504309
Smart-096-2504310,Mobile,+8550962504310
Smart-096-2504311,Mobile,+8550962504311
Smart-096-2504312,Mobile,+8550962504312
Smart-096-2504313,Mobile,+8550962504313
Smart-096-2504314,Mobile,+8550962504314
Smart-096-2504315,Mobile,+8550962504315
Smart-096-2504316,Mobile,+8550962504316
Smart-096-2504317,Mobile,+8550962504317
Smart-096-2504318,Mobile,+8550962504318
Smart-096-2504319,Mobile,+8550962504319
Smart-096-2504320,Mobile,+8550962504320
Smart-096-2504321,Mobile,+8550962504321
Smart-096-2504322,Mobile,+8550962504322
Smart-096-2504323,Mobile,+8550962504323
Smart-096-2504324,Mobile,+8550962504324
Smart-096-2504325,Mobile,+8550962504325
Smart-096-2504326,Mobile,+8550962504326
Smart-096-2504327,Mobile,+8550962504327
Smart-096-2504328,Mobile,+8550962504328
Smart-096-2504329,Mobile,+8550962504329
Smart-096-2504330,Mobile,+8550962504330
Smart-096-2504331,Mobile,+8550962504331
Smart-096-2504332,Mobile,+8550962504332
Smart-096-2504333,Mobile,+8550962504333
Smart-096-2504334,Mobile,+8550962504334
Smart-096-2504335,Mobile,+8550962504335
Smart-096-2504336,Mobile,+8550962504336
Smart-096-2504337,Mobile,+8550962504337
Smart-096-2504338,Mobile,+8550962504338
Smart-096-2504339,Mobile,+8550962504339
Smart-096-2504340,Mobile,+8550962504340
Smart-096-2504341,Mobile,+8550962504341
Smart-096-2504342,Mobile,+8550962504342
Smart-096-2504343,Mobile,+8550962504343
Smart-096-2504344,Mobile,+8550962504344
Smart-096-2504345,Mobile,+8550962504345
Smart-096-2504346,Mobile,+8550962504346
Smart-096-2504347,Mobile,+8550962504347
Smart-096-2504348,Mobile,+8550962504348
Smart-096-2504349,Mobile,+8550962504349
Smart-096-2504350,Mobile,+8550962504350
Smart-096-2504351,Mobile,+8550962504351
Smart-096-2504352,Mobile,+8550962504352
Smart-096-2504353,Mobile,+8550962504353
Smart-096-2504354,Mobile,+8550962504354
Smart-096-2504355,Mobile,+8550962504355
Smart-096-2504356,Mobile,+8550962504356
Smart-096-2504357,Mobile,+8550962504357
Smart-096-2504358,Mobile,+8550962504358
Smart-096-2504359,Mobile,+8550962504359
Smart-096-2504360,Mobile,+8550962504360
Smart-096-2504361,Mobile,+8550962504361
Smart-096-2504362,Mobile,+8550962504362
Smart-096-2504363,Mobile,+8550962504363
Smart-096-2504364,Mobile,+8550962504364
Smart-096-2504365,Mobile,+8550962504365
Smart-096-2504366,Mobile,+8550962504366
Smart-096-2504367,Mobile,+8550962504367
Smart-096-2504368,Mobile,+8550962504368
Smart-096-2504369,Mobile,+8550962504369
Smart-096-2504370,Mobile,+8550962504370
Smart-096-2504371,Mobile,+8550962504371
Smart-096-2504372,Mobile,+8550962504372
Smart-096-2504373,Mobile,+8550962504373
Smart-096-2504374,Mobile,+8550962504374
Smart-096-2504375,Mobile,+8550962504375
Smart-096-2504376,Mobile,+8550962504376
Smart-096-2504377,Mobile,+8550962504377
Smart-096-2504378,Mobile,+8550962504378
Smart-096-2504379,Mobile,+8550962504379
Smart-096-2504380,Mobile,+8550962504380
Smart-096-2504381,Mobile,+8550962504381
Smart-096-2504382,Mobile,+8550962504382
Smart-096-2504383,Mobile,+8550962504383
Smart-096-2504384,Mobile,+8550962504384
Smart-096-2504385,Mobile,+8550962504385
Smart-096-2504386,Mobile,+8550962504386
Smart-096-2504387,Mobile,+8550962504387
Smart-096-2504388,Mobile,+8550962504388
Smart-096-2504389,Mobile,+8550962504389
Smart-096-2504390,Mobile,+8550962504390
Smart-096-2504391,Mobile,+8550962504391
Smart-096-2504392,Mobile,+8550962504392
Smart-096-2504393,Mobile,+8550962504393
Smart-096-2504394,Mobile,+8550962504394
Smart-096-2504395,Mobile,+8550962504395
Smart-096-2504396,Mobile,+8550962504396
Smart-096-2504397,Mobile,+8550962504397
Smart-096-2504398,Mobile,+8550962504398
Smart-096-2504399,Mobile,+8550962504399
Smart-096-2504400,Mobile,+8550962504400
Smart-096-2504401,Mobile,+8550962504401
Smart-096-2504402,Mobile,+8550962504402
Smart-096-2504403,Mobile,+8550962504403
Smart-096-2504404,Mobile,+8550962504404
Smart-096-2504405,Mobile,+8550962504405
Smart-096-2504406,Mobile,+8550962504406
Smart-096-2504407,Mobile,+8550962504407
Smart-096-2504408,Mobile,+8550962504408
Smart-096-2504409,Mobile,+8550962504409
Smart-096-2504410,Mobile,+8550962504410
Smart-096-2504411,Mobile,+8550962504411
Smart-096-2504412,Mobile,+8550962504412
Smart-096-2504413,Mobile,+8550962504413
Smart-096-2504414,Mobile,+8550962504414
Smart-096-2504415,Mobile,+8550962504415
Smart-096-2504416,Mobile,+8550962504416
Smart-096-2504417,Mobile,+8550962504417
Smart-096-2504418,Mobile,+8550962504418
Smart-096-2504419,Mobile,+8550962504419
Smart-096-2504420,Mobile,+8550962504420
Smart-096-2504421,Mobile,+8550962504421
Smart-096-2504422,Mobile,+8550962504422
Smart-096-2504423,Mobile,+8550962504423
Smart-096-2504424,Mobile,+8550962504424
Smart-096-2504425,Mobile,+8550962504425
Smart-096-2504426,Mobile,+8550962504426
Smart-096-2504427,Mobile,+8550962504427
Smart-096-2504428,Mobile,+8550962504428
Smart-096-2504429,Mobile,+8550962504429
Smart-096-2504430,Mobile,+8550962504430
Smart-096-2504431,Mobile,+8550962504431
Smart-096-2504432,Mobile,+8550962504432
Smart-096-2504433,Mobile,+8550962504433
Smart-096-2504434,Mobile,+8550962504434
Smart-096-2504435,Mobile,+8550962504435
Smart-096-2504436,Mobile,+8550962504436
Smart-096-2504437,Mobile,+8550962504437
Smart-096-2504438,Mobile,+8550962504438
Smart-096-2504439,Mobile,+8550962504439
Smart-096-2504440,Mobile,+8550962504440
Smart-096-2504441,Mobile,+8550962504441
Smart-096-2504442,Mobile,+8550962504442
Smart-096-2504443,Mobile,+8550962504443
Smart-096-2504444,Mobile,+8550962504444
Smart-096-2504445,Mobile,+8550962504445
Smart-096-2504446,Mobile,+8550962504446
Smart-096-2504447,Mobile,+8550962504447
Smart-096-2504448,Mobile,+8550962504448
Smart-096-2504449,Mobile,+8550962504449
Smart-096-2504450,Mobile,+8550962504450
Smart-096-2504451,Mobile,+8550962504451
Smart-096-2504452,Mobile,+8550962504452
Smart-096-2504453,Mobile,+8550962504453
Smart-096-2504454,Mobile,+8550962504454
Smart-096-2504455,Mobile,+8550962504455
Smart-096-2504456,Mobile,+8550962504456
Smart-096-2504457,Mobile,+8550962504457
Smart-096-2504458,Mobile,+8550962504458
Smart-096-2504459,Mobile,+8550962504459
Smart-096-2504460,Mobile,+8550962504460
Smart-096-2504461,Mobile,+8550962504461
Smart-096-2504462,Mobile,+8550962504462
Smart-096-2504463,Mobile,+8550962504463
Smart-096-2504464,Mobile,+8550962504464
Smart-096-2504465,Mobile,+8550962504465
Smart-096-2504466,Mobile,+8550962504466
Smart-096-2504467,Mobile,+8550962504467
Smart-096-2504468,Mobile,+8550962504468
Smart-096-2504469,Mobile,+8550962504469
Smart-096-2504470,Mobile,+8550962504470
Smart-096-2504471,Mobile,+8550962504471
Smart-096-2504472,Mobile,+8550962504472
Smart-096-2504473,Mobile,+8550962504473
Smart-096-2504474,Mobile,+8550962504474
Smart-096-2504475,Mobile,+8550962504475
Smart-096-2504476,Mobile,+8550962504476
Smart-096-2504477,Mobile,+8550962504477
Smart-096-2504478,Mobile,+8550962504478
Smart-096-2504479,Mobile,+8550962504479
Smart-096-2504480,Mobile,+8550962504480
Smart-096-2504481,Mobile,+8550962504481
Smart-096-2504482,Mobile,+8550962504482
Smart-096-2504483,Mobile,+8550962504483
Smart-096-2504484,Mobile,+8550962504484
Smart-096-2504485,Mobile,+8550962504485
Smart-096-2504486,Mobile,+8550962504486
Smart-096-2504487,Mobile,+8550962504487
Smart-096-2504488,Mobile,+8550962504488
Smart-096-2504489,Mobile,+8550962504489
Smart-096-2504490,Mobile,+8550962504490
Smart-096-2504491,Mobile,+8550962504491
Smart-096-2504492,Mobile,+8550962504492
Smart-096-2504493,Mobile,+8550962504493
Smart-096-2504494,Mobile,+8550962504494
Smart-096-2504495,Mobile,+8550962504495
Smart-096-2504496,Mobile,+8550962504496
Smart-096-2504497,Mobile,+8550962504497
Smart-096-2504498,Mobile,+8550962504498
Smart-096-2504499,Mobile,+8550962504499
Smart-096-2504500,Mobile,+8550962504500
Smart-096-2504501,Mobile,+8550962504501
Smart-096-2504502,Mobile,+8550962504502
Smart-096-2504503,Mobile,+8550962504503
Smart-096-2504504,Mobile,+8550962504504
Smart-096-2504505,Mobile,+8550962504505
Smart-096-2504506,Mobile,+8550962504506
Smart-096-2504507,Mobile,+8550962504507
Smart-096-2504508,Mobile,+8550962504508
Smart-096-2504509,Mobile,+8550962504509
Smart-096-2504510,Mobile,+8550962504510
Smart-096-2504511,Mobile,+8550962504511
Smart-096-2504512,Mobile,+8550962504512
Smart-096-2504513,Mobile,+8550962504513
Smart-096-2504514,Mobile,+8550962504514
Smart-096-2504515,Mobile,+8550962504515
Smart-096-2504516,Mobile,+8550962504516
Smart-096-2504517,Mobile,+8550962504517
Smart-096-2504518,Mobile,+8550962504518
Smart-096-2504519,Mobile,+8550962504519
Smart-096-2504520,Mobile,+8550962504520
Smart-096-2504521,Mobile,+8550962504521
Smart-096-2504522,Mobile,+8550962504522
Smart-096-2504523,Mobile,+8550962504523
Smart-096-2504524,Mobile,+8550962504524
Smart-096-2504525,Mobile,+8550962504525
Smart-096-2504526,Mobile,+8550962504526
Smart-096-2504527,Mobile,+8550962504527
Smart-096-2504528,Mobile,+8550962504528
Smart-096-2504529,Mobile,+8550962504529
Smart-096-2504530,Mobile,+8550962504530
Smart-096-2504531,Mobile,+8550962504531
Smart-096-2504532,Mobile,+8550962504532
Smart-096-2504533,Mobile,+8550962504533
Smart-096-2504534,Mobile,+8550962504534
Smart-096-2504535,Mobile,+8550962504535
Smart-096-2504536,Mobile,+8550962504536
Smart-096-2504537,Mobile,+8550962504537
Smart-096-2504538,Mobile,+8550962504538
Smart-096-2504539,Mobile,+8550962504539
Smart-096-2504540,Mobile,+8550962504540
Smart-096-2504541,Mobile,+8550962504541
Smart-096-2504542,Mobile,+8550962504542
Smart-096-2504543,Mobile,+8550962504543
Smart-096-2504544,Mobile,+8550962504544
Smart-096-2504545,Mobile,+8550962504545
Smart-096-2504546,Mobile,+8550962504546
Smart-096-2504547,Mobile,+8550962504547
Smart-096-2504548,Mobile,+8550962504548
Smart-096-2504549,Mobile,+8550962504549
Smart-096-2504550,Mobile,+8550962504550
Smart-096-2504551,Mobile,+8550962504551
Smart-096-2504552,Mobile,+8550962504552
Smart-096-2504553,Mobile,+8550962504553
Smart-096-2504554,Mobile,+8550962504554
Smart-096-2504555,Mobile,+8550962504555
Smart-096-2504556,Mobile,+8550962504556
Smart-096-2504557,Mobile,+8550962504557
Smart-096-2504558,Mobile,+8550962504558
Smart-096-2504559,Mobile,+8550962504559
Smart-096-2504560,Mobile,+8550962504560
Smart-096-2504561,Mobile,+8550962504561
Smart-096-2504562,Mobile,+8550962504562
Smart-096-2504563,Mobile,+8550962504563
Smart-096-2504564,Mobile,+8550962504564
Smart-096-2504565,Mobile,+8550962504565
Smart-096-2504566,Mobile,+8550962504566
Smart-096-2504567,Mobile,+8550962504567
Smart-096-2504568,Mobile,+8550962504568
Smart-096-2504569,Mobile,+8550962504569
Smart-096-2504570,Mobile,+8550962504570
Smart-096-2504571,Mobile,+8550962504571
Smart-096-2504572,Mobile,+8550962504572
Smart-096-2504573,Mobile,+8550962504573
Smart-096-2504574,Mobile,+8550962504574
Smart-096-2504575,Mobile,+8550962504575
Smart-096-2504576,Mobile,+8550962504576
Smart-096-2504577,Mobile,+8550962504577
Smart-096-2504578,Mobile,+8550962504578
Smart-096-2504579,Mobile,+8550962504579
Smart-096-2504580,Mobile,+8550962504580
Smart-096-2504581,Mobile,+8550962504581
Smart-096-2504582,Mobile,+8550962504582
Smart-096-2504583,Mobile,+8550962504583
Smart-096-2504584,Mobile,+8550962504584
Smart-096-2504585,Mobile,+8550962504585
Smart-096-2504586,Mobile,+8550962504586
Smart-096-2504587,Mobile,+8550962504587
Smart-096-2504588,Mobile,+8550962504588
Smart-096-2504589,Mobile,+8550962504589
Smart-096-2504590,Mobile,+8550962504590
Smart-096-2504591,Mobile,+8550962504591
Smart-096-2504592,Mobile,+8550962504592
Smart-096-2504593,Mobile,+8550962504593
Smart-096-2504594,Mobile,+8550962504594
Smart-096-2504595,Mobile,+8550962504595
Smart-096-2504596,Mobile,+8550962504596
Smart-096-2504597,Mobile,+8550962504597
Smart-096-2504598,Mobile,+8550962504598
Smart-096-2504599,Mobile,+8550962504599
Smart-096-2504600,Mobile,+8550962504600
Smart-096-2504601,Mobile,+8550962504601
Smart-096-2504602,Mobile,+8550962504602
Smart-096-2504603,Mobile,+8550962504603
Smart-096-2504604,Mobile,+8550962504604
Smart-096-2504605,Mobile,+8550962504605
Smart-096-2504606,Mobile,+8550962504606
Smart-096-2504607,Mobile,+8550962504607
Smart-096-2504608,Mobile,+8550962504608
Smart-096-2504609,Mobile,+8550962504609
Smart-096-2504610,Mobile,+8550962504610
Smart-096-2504611,Mobile,+8550962504611
Smart-096-2504612,Mobile,+8550962504612
Smart-096-2504613,Mobile,+8550962504613
Smart-096-2504614,Mobile,+8550962504614
Smart-096-2504615,Mobile,+8550962504615
Smart-096-2504616,Mobile,+8550962504616
Smart-096-2504617,Mobile,+8550962504617
Smart-096-2504618,Mobile,+8550962504618
Smart-096-2504619,Mobile,+8550962504619
Smart-096-2504620,Mobile,+8550962504620
Smart-096-2504621,Mobile,+8550962504621
Smart-096-2504622,Mobile,+8550962504622
Smart-096-2504623,Mobile,+8550962504623
Smart-096-2504624,Mobile,+8550962504624
Smart-096-2504625,Mobile,+8550962504625
Smart-096-2504626,Mobile,+8550962504626
Smart-096-2504627,Mobile,+8550962504627
Smart-096-2504628,Mobile,+8550962504628
Smart-096-2504629,Mobile,+8550962504629
Smart-096-2504630,Mobile,+8550962504630
Smart-096-2504631,Mobile,+8550962504631
Smart-096-2504632,Mobile,+8550962504632
Smart-096-2504633,Mobile,+8550962504633
Smart-096-2504634,Mobile,+8550962504634
Smart-096-2504635,Mobile,+8550962504635
Smart-096-2504636,Mobile,+8550962504636
Smart-096-2504637,Mobile,+8550962504637
Smart-096-2504638,Mobile,+8550962504638
Smart-096-2504639,Mobile,+8550962504639
Smart-096-2504640,Mobile,+8550962504640
Smart-096-2504641,Mobile,+8550962504641
Smart-096-2504642,Mobile,+8550962504642
Smart-096-2504643,Mobile,+8550962504643
Smart-096-2504644,Mobile,+8550962504644
Smart-096-2504645,Mobile,+8550962504645
Smart-096-2504646,Mobile,+8550962504646
Smart-096-2504647,Mobile,+8550962504647
Smart-096-2504648,Mobile,+8550962504648
Smart-096-2504649,Mobile,+8550962504649
Smart-096-2504650,Mobile,+8550962504650
Smart-096-2504651,Mobile,+8550962504651
Smart-096-2504652,Mobile,+8550962504652
Smart-096-2504653,Mobile,+8550962504653
Smart-096-2504654,Mobile,+8550962504654
Smart-096-2504655,Mobile,+8550962504655
Smart-096-2504656,Mobile,+8550962504656
Smart-096-2504657,Mobile,+8550962504657
Smart-096-2504658,Mobile,+8550962504658
Smart-096-2504659,Mobile,+8550962504659
Smart-096-2504660,Mobile,+8550962504660
Smart-096-2504661,Mobile,+8550962504661
Smart-096-2504662,Mobile,+8550962504662
Smart-096-2504663,Mobile,+8550962504663
Smart-096-2504664,Mobile,+8550962504664
Smart-096-2504665,Mobile,+8550962504665
Smart-096-2504666,Mobile,+8550962504666
Smart-096-2504667,Mobile,+8550962504667
Smart-096-2504668,Mobile,+8550962504668
Smart-096-2504669,Mobile,+8550962504669
Smart-096-2504670,Mobile,+8550962504670
Smart-096-2504671,Mobile,+8550962504671
Smart-096-2504672,Mobile,+8550962504672
Smart-096-2504673,Mobile,+8550962504673
Smart-096-2504674,Mobile,+8550962504674
Smart-096-2504675,Mobile,+8550962504675
Smart-096-2504676,Mobile,+8550962504676
Smart-096-2504677,Mobile,+8550962504677
Smart-096-2504678,Mobile,+8550962504678
Smart-096-2504679,Mobile,+8550962504679
Smart-096-2504680,Mobile,+8550962504680
Smart-096-2504681,Mobile,+8550962504681
Smart-096-2504682,Mobile,+8550962504682
Smart-096-2504683,Mobile,+8550962504683
Smart-096-2504684,Mobile,+8550962504684
Smart-096-2504685,Mobile,+8550962504685
Smart-096-2504686,Mobile,+8550962504686
Smart-096-2504687,Mobile,+8550962504687
Smart-096-2504688,Mobile,+8550962504688
Smart-096-2504689,Mobile,+8550962504689
Smart-096-2504690,Mobile,+8550962504690
Smart-096-2504691,Mobile,+8550962504691
Smart-096-2504692,Mobile,+8550962504692
Smart-096-2504693,Mobile,+8550962504693
Smart-096-2504694,Mobile,+8550962504694
Smart-096-2504695,Mobile,+8550962504695
Smart-096-2504696,Mobile,+8550962504696
Smart-096-2504697,Mobile,+8550962504697
Smart-096-2504698,Mobile,+8550962504698
Smart-096-2504699,Mobile,+8550962504699
Smart-096-2504700,Mobile,+8550962504700
Smart-096-2504701,Mobile,+8550962504701
Smart-096-2504702,Mobile,+8550962504702
Smart-096-2504703,Mobile,+8550962504703
Smart-096-2504704,Mobile,+8550962504704
Smart-096-2504705,Mobile,+8550962504705
Smart-096-2504706,Mobile,+8550962504706
Smart-096-2504707,Mobile,+8550962504707
Smart-096-2504708,Mobile,+8550962504708
Smart-096-2504709,Mobile,+8550962504709
Smart-096-2504710,Mobile,+8550962504710
Smart-096-2504711,Mobile,+8550962504711
Smart-096-2504712,Mobile,+8550962504712
Smart-096-2504713,Mobile,+8550962504713
Smart-096-2504714,Mobile,+8550962504714
Smart-096-2504715,Mobile,+8550962504715
Smart-096-2504716,Mobile,+8550962504716
Smart-096-2504717,Mobile,+8550962504717
Smart-096-2504718,Mobile,+8550962504718
Smart-096-2504719,Mobile,+8550962504719
Smart-096-2504720,Mobile,+8550962504720
Smart-096-2504721,Mobile,+8550962504721
Smart-096-2504722,Mobile,+8550962504722
Smart-096-2504723,Mobile,+8550962504723
Smart-096-2504724,Mobile,+8550962504724
Smart-096-2504725,Mobile,+8550962504725
Smart-096-2504726,Mobile,+8550962504726
Smart-096-2504727,Mobile,+8550962504727
Smart-096-2504728,Mobile,+8550962504728
Smart-096-2504729,Mobile,+8550962504729
Smart-096-2504730,Mobile,+8550962504730
Smart-096-2504731,Mobile,+8550962504731
Smart-096-2504732,Mobile,+8550962504732
Smart-096-2504733,Mobile,+8550962504733
Smart-096-2504734,Mobile,+8550962504734
Smart-096-2504735,Mobile,+8550962504735
Smart-096-2504736,Mobile,+8550962504736
Smart-096-2504737,Mobile,+8550962504737
Smart-096-2504738,Mobile,+8550962504738
Smart-096-2504739,Mobile,+8550962504739
Smart-096-2504740,Mobile,+8550962504740
Smart-096-2504741,Mobile,+8550962504741
Smart-096-2504742,Mobile,+8550962504742
Smart-096-2504743,Mobile,+8550962504743
Smart-096-2504744,Mobile,+8550962504744
Smart-096-2504745,Mobile,+8550962504745
Smart-096-2504746,Mobile,+8550962504746
Smart-096-2504747,Mobile,+8550962504747
Smart-096-2504748,Mobile,+8550962504748
Smart-096-2504749,Mobile,+8550962504749
Smart-096-2504750,Mobile,+8550962504750
Smart-096-2504751,Mobile,+8550962504751
Smart-096-2504752,Mobile,+8550962504752
Smart-096-2504753,Mobile,+8550962504753
Smart-096-2504754,Mobile,+8550962504754
Smart-096-2504755,Mobile,+8550962504755
Smart-096-2504756,Mobile,+8550962504756
Smart-096-2504757,Mobile,+8550962504757
Smart-096-2504758,Mobile,+8550962504758
Smart-096-2504759,Mobile,+8550962504759
Smart-096-2504760,Mobile,+8550962504760
Smart-096-2504761,Mobile,+8550962504761
Smart-096-2504762,Mobile,+8550962504762
Smart-096-2504763,Mobile,+8550962504763
Smart-096-2504764,Mobile,+8550962504764
Smart-096-2504765,Mobile,+8550962504765
Smart-096-2504766,Mobile,+8550962504766
Smart-096-2504767,Mobile,+8550962504767
Smart-096-2504768,Mobile,+8550962504768
Smart-096-2504769,Mobile,+8550962504769
Smart-096-2504770,Mobile,+8550962504770
Smart-096-2504771,Mobile,+8550962504771
Smart-096-2504772,Mobile,+8550962504772
Smart-096-2504773,Mobile,+8550962504773
Smart-096-2504774,Mobile,+8550962504774
Smart-096-2504775,Mobile,+8550962504775
Smart-096-2504776,Mobile,+8550962504776
Smart-096-2504777,Mobile,+8550962504777
Smart-096-2504778,Mobile,+8550962504778
Smart-096-2504779,Mobile,+8550962504779
Smart-096-2504780,Mobile,+8550962504780
Smart-096-2504781,Mobile,+8550962504781
Smart-096-2504782,Mobile,+8550962504782
Smart-096-2504783,Mobile,+8550962504783
Smart-096-2504784,Mobile,+8550962504784
Smart-096-2504785,Mobile,+8550962504785
Smart-096-2504786,Mobile,+8550962504786
Smart-096-2504787,Mobile,+8550962504787
Smart-096-2504788,Mobile,+8550962504788
Smart-096-2504789,Mobile,+8550962504789
Smart-096-2504790,Mobile,+8550962504790
Smart-096-2504791,Mobile,+8550962504791
Smart-096-2504792,Mobile,+8550962504792
Smart-096-2504793,Mobile,+8550962504793
Smart-096-2504794,Mobile,+8550962504794
Smart-096-2504795,Mobile,+8550962504795
Smart-096-2504796,Mobile,+8550962504796
Smart-096-2504797,Mobile,+8550962504797
Smart-096-2504798,Mobile,+8550962504798
Smart-096-2504799,Mobile,+8550962504799
Smart-096-2504800,Mobile,+8550962504800
Smart-096-2504801,Mobile,+8550962504801
Smart-096-2504802,Mobile,+8550962504802
Smart-096-2504803,Mobile,+8550962504803
Smart-096-2504804,Mobile,+8550962504804
Smart-096-2504805,Mobile,+8550962504805
Smart-096-2504806,Mobile,+8550962504806
Smart-096-2504807,Mobile,+8550962504807
Smart-096-2504808,Mobile,+8550962504808
Smart-096-2504809,Mobile,+8550962504809
Smart-096-2504810,Mobile,+8550962504810
Smart-096-2504811,Mobile,+8550962504811
Smart-096-2504812,Mobile,+8550962504812
Smart-096-2504813,Mobile,+8550962504813
Smart-096-2504814,Mobile,+8550962504814
Smart-096-2504815,Mobile,+8550962504815
Smart-096-2504816,Mobile,+8550962504816
Smart-096-2504817,Mobile,+8550962504817
Smart-096-2504818,Mobile,+8550962504818
Smart-096-2504819,Mobile,+8550962504819
Smart-096-2504820,Mobile,+8550962504820
Smart-096-2504821,Mobile,+8550962504821
Smart-096-2504822,Mobile,+8550962504822
Smart-096-2504823,Mobile,+8550962504823
Smart-096-2504824,Mobile,+8550962504824
Smart-096-2504825,Mobile,+8550962504825
Smart-096-2504826,Mobile,+8550962504826
Smart-096-2504827,Mobile,+8550962504827
Smart-096-2504828,Mobile,+8550962504828
Smart-096-2504829,Mobile,+8550962504829
Smart-096-2504830,Mobile,+8550962504830
Smart-096-2504831,Mobile,+8550962504831
Smart-096-2504832,Mobile,+8550962504832
Smart-096-2504833,Mobile,+8550962504833
Smart-096-2504834,Mobile,+8550962504834
Smart-096-2504835,Mobile,+8550962504835
Smart-096-2504836,Mobile,+8550962504836
Smart-096-2504837,Mobile,+8550962504837
Smart-096-2504838,Mobile,+8550962504838
Smart-096-2504839,Mobile,+8550962504839
Smart-096-2504840,Mobile,+8550962504840
Smart-096-2504841,Mobile,+8550962504841
Smart-096-2504842,Mobile,+8550962504842
Smart-096-2504843,Mobile,+8550962504843
Smart-096-2504844,Mobile,+8550962504844
Smart-096-2504845,Mobile,+8550962504845
Smart-096-2504846,Mobile,+8550962504846
Smart-096-2504847,Mobile,+8550962504847
Smart-096-2504848,Mobile,+8550962504848
Smart-096-2504849,Mobile,+8550962504849
Smart-096-2504850,Mobile,+8550962504850
Smart-096-2504851,Mobile,+8550962504851
Smart-096-2504852,Mobile,+8550962504852
Smart-096-2504853,Mobile,+8550962504853
Smart-096-2504854,Mobile,+8550962504854
Smart-096-2504855,Mobile,+8550962504855
Smart-096-2504856,Mobile,+8550962504856
Smart-096-2504857,Mobile,+8550962504857
Smart-096-2504858,Mobile,+8550962504858
Smart-096-2504859,Mobile,+8550962504859
Smart-096-2504860,Mobile,+8550962504860
Smart-096-2504861,Mobile,+8550962504861
Smart-096-2504862,Mobile,+8550962504862
Smart-096-2504863,Mobile,+8550962504863
Smart-096-2504864,Mobile,+8550962504864
Smart-096-2504865,Mobile,+8550962504865
Smart-096-2504866,Mobile,+8550962504866
Smart-096-2504867,Mobile,+8550962504867
Smart-096-2504868,Mobile,+8550962504868
Smart-096-2504869,Mobile,+8550962504869
Smart-096-2504870,Mobile,+8550962504870
Smart-096-2504871,Mobile,+8550962504871
Smart-096-2504872,Mobile,+8550962504872
Smart-096-2504873,Mobile,+8550962504873
Smart-096-2504874,Mobile,+8550962504874
Smart-096-2504875,Mobile,+8550962504875
Smart-096-2504876,Mobile,+8550962504876
Smart-096-2504877,Mobile,+8550962504877
Smart-096-2504878,Mobile,+8550962504878
Smart-096-2504879,Mobile,+8550962504879
Smart-096-2504880,Mobile,+8550962504880
Smart-096-2504881,Mobile,+8550962504881
Smart-096-2504882,Mobile,+8550962504882
Smart-096-2504883,Mobile,+8550962504883
Smart-096-2504884,Mobile,+8550962504884
Smart-096-2504885,Mobile,+8550962504885
Smart-096-2504886,Mobile,+8550962504886
Smart-096-2504887,Mobile,+8550962504887
Smart-096-2504888,Mobile,+8550962504888
Smart-096-2504889,Mobile,+8550962504889
Smart-096-2504890,Mobile,+8550962504890
Smart-096-2504891,Mobile,+8550962504891
Smart-096-2504892,Mobile,+8550962504892
Smart-096-2504893,Mobile,+8550962504893
Smart-096-2504894,Mobile,+8550962504894
Smart-096-2504895,Mobile,+8550962504895
Smart-096-2504896,Mobile,+8550962504896
Smart-096-2504897,Mobile,+8550962504897
Smart-096-2504898,Mobile,+8550962504898
Smart-096-2504899,Mobile,+8550962504899
Smart-096-2504900,Mobile,+8550962504900
Smart-096-2504901,Mobile,+8550962504901
Smart-096-2504902,Mobile,+8550962504902
Smart-096-2504903,Mobile,+8550962504903
Smart-096-2504904,Mobile,+8550962504904
Smart-096-2504905,Mobile,+8550962504905
Smart-096-2504906,Mobile,+8550962504906
Smart-096-2504907,Mobile,+8550962504907
Smart-096-2504908,Mobile,+8550962504908
Smart-096-2504909,Mobile,+8550962504909
Smart-096-2504910,Mobile,+8550962504910
Smart-096-2504911,Mobile,+8550962504911
Smart-096-2504912,Mobile,+8550962504912
Smart-096-2504913,Mobile,+8550962504913
Smart-096-2504914,Mobile,+8550962504914
Smart-096-2504915,Mobile,+8550962504915
Smart-096-2504916,Mobile,+8550962504916
Smart-096-2504917,Mobile,+8550962504917
Smart-096-2504918,Mobile,+8550962504918
Smart-096-2504919,Mobile,+8550962504919
Smart-096-2504920,Mobile,+8550962504920
Smart-096-2504921,Mobile,+8550962504921
Smart-096-2504922,Mobile,+8550962504922
Smart-096-2504923,Mobile,+8550962504923
Smart-096-2504924,Mobile,+8550962504924
Smart-096-2504925,Mobile,+8550962504925
Smart-096-2504926,Mobile,+8550962504926
Smart-096-2504927,Mobile,+8550962504927
Smart-096-2504928,Mobile,+8550962504928
Smart-096-2504929,Mobile,+8550962504929
Smart-096-2504930,Mobile,+8550962504930
Smart-096-2504931,Mobile,+8550962504931
Smart-096-2504932,Mobile,+8550962504932
Smart-096-2504933,Mobile,+8550962504933
Smart-096-2504934,Mobile,+8550962504934
Smart-096-2504935,Mobile,+8550962504935
Smart-096-2504936,Mobile,+8550962504936
Smart-096-2504937,Mobile,+8550962504937
Smart-096-2504938,Mobile,+8550962504938
Smart-096-2504939,Mobile,+8550962504939
Smart-096-2504940,Mobile,+8550962504940
Smart-096-2504941,Mobile,+8550962504941
Smart-096-2504942,Mobile,+8550962504942
Smart-096-2504943,Mobile,+8550962504943
Smart-096-2504944,Mobile,+8550962504944
Smart-096-2504945,Mobile,+8550962504945
Smart-096-2504946,Mobile,+8550962504946
Smart-096-2504947,Mobile,+8550962504947
Smart-096-2504948,Mobile,+8550962504948
Smart-096-2504949,Mobile,+8550962504949
Smart-096-2504950,Mobile,+8550962504950
Smart-096-2504951,Mobile,+8550962504951
Smart-096-2504952,Mobile,+8550962504952
Smart-096-2504953,Mobile,+8550962504953
Smart-096-2504954,Mobile,+8550962504954
Smart-096-2504955,Mobile,+8550962504955
Smart-096-2504956,Mobile,+8550962504956
Smart-096-2504957,Mobile,+8550962504957
Smart-096-2504958,Mobile,+8550962504958
Smart-096-2504959,Mobile,+8550962504959
Smart-096-2504960,Mobile,+8550962504960
Smart-096-2504961,Mobile,+8550962504961
Smart-096-2504962,Mobile,+8550962504962
Smart-096-2504963,Mobile,+8550962504963
Smart-096-2504964,Mobile,+8550962504964
Smart-096-2504965,Mobile,+8550962504965
Smart-096-2504966,Mobile,+8550962504966
Smart-096-2504967,Mobile,+8550962504967
Smart-096-2504968,Mobile,+8550962504968
Smart-096-2504969,Mobile,+8550962504969
Smart-096-2504970,Mobile,+8550962504970
Smart-096-2504971,Mobile,+8550962504971
Smart-096-2504972,Mobile,+8550962504972
Smart-096-2504973,Mobile,+8550962504973
Smart-096-2504974,Mobile,+8550962504974
Smart-096-2504975,Mobile,+8550962504975
Smart-096-2504976,Mobile,+8550962504976
Smart-096-2504977,Mobile,+8550962504977
Smart-096-2504978,Mobile,+8550962504978
Smart-096-2504979,Mobile,+8550962504979
Smart-096-2504980,Mobile,+8550962504980
Smart-096-2504981,Mobile,+8550962504981
Smart-096-2504982,Mobile,+8550962504982
Smart-096-2504983,Mobile,+8550962504983
Smart-096-2504984,Mobile,+8550962504984
Smart-096-2504985,Mobile,+8550962504985
Smart-096-2504986,Mobile,+8550962504986
Smart-096-2504987,Mobile,+8550962504987
Smart-096-2504988,Mobile,+8550962504988
Smart-096-2504989,Mobile,+8550962504989
Smart-096-2504990,Mobile,+8550962504990
Smart-096-2504991,Mobile,+8550962504991
Smart-096-2504992,Mobile,+8550962504992
Smart-096-2504993,Mobile,+8550962504993
Smart-096-2504994,Mobile,+8550962504994
Smart-096-2504995,Mobile,+8550962504995
Smart-096-2504996,Mobile,+8550962504996
Smart-096-2504997,Mobile,+8550962504997
Smart-096-2504998,Mobile,+8550962504998
Smart-096-2504999,Mobile,+8550962504999
Smart-096-2505000,Mobile,+8550962505000
Smart-096-2505001,Mobile,+8550962505001
Smart-096-2505002,Mobile,+8550962505002
Smart-096-2505003,Mobile,+8550962505003
Smart-096-2505004,Mobile,+8550962505004
Smart-096-2505005,Mobile,+8550962505005
Smart-096-2505006,Mobile,+8550962505006
Smart-096-2505007,Mobile,+8550962505007
Smart-096-2505008,Mobile,+8550962505008
Smart-096-2505009,Mobile,+8550962505009
Smart-096-2505010,Mobile,+8550962505010
Smart-096-2505011,Mobile,+8550962505011
Smart-096-2505012,Mobile,+8550962505012
Smart-096-2505013,Mobile,+8550962505013
Smart-096-2505014,Mobile,+8550962505014
Smart-096-2505015,Mobile,+8550962505015
Smart-096-2505016,Mobile,+8550962505016
Smart-096-2505017,Mobile,+8550962505017
Smart-096-2505018,Mobile,+8550962505018
Smart-096-2505019,Mobile,+8550962505019
Smart-096-2505020,Mobile,+8550962505020
Smart-096-2505021,Mobile,+8550962505021
Smart-096-2505022,Mobile,+8550962505022
Smart-096-2505023,Mobile,+8550962505023
Smart-096-2505024,Mobile,+8550962505024
Smart-096-2505025,Mobile,+8550962505025
Smart-096-2505026,Mobile,+8550962505026
Smart-096-2505027,Mobile,+8550962505027
Smart-096-2505028,Mobile,+8550962505028
Smart-096-2505029,Mobile,+8550962505029
Smart-096-2505030,Mobile,+8550962505030
Smart-096-2505031,Mobile,+8550962505031
Smart-096-2505032,Mobile,+8550962505032
Smart-096-2505033,Mobile,+8550962505033
Smart-096-2505034,Mobile,+8550962505034
Smart-096-2505035,Mobile,+8550962505035
Smart-096-2505036,Mobile,+8550962505036
Smart-096-2505037,Mobile,+8550962505037
Smart-096-2505038,Mobile,+8550962505038
Smart-096-2505039,Mobile,+8550962505039
Smart-096-2505040,Mobile,+8550962505040
Smart-096-2505041,Mobile,+8550962505041
Smart-096-2505042,Mobile,+8550962505042
Smart-096-2505043,Mobile,+8550962505043
Smart-096-2505044,Mobile,+8550962505044
Smart-096-2505045,Mobile,+8550962505045
Smart-096-2505046,Mobile,+8550962505046
Smart-096-2505047,Mobile,+8550962505047
Smart-096-2505048,Mobile,+8550962505048
Smart-096-2505049,Mobile,+8550962505049
Smart-096-2505050,Mobile,+8550962505050
Smart-096-2505051,Mobile,+8550962505051
Smart-096-2505052,Mobile,+8550962505052
Smart-096-2505053,Mobile,+8550962505053
Smart-096-2505054,Mobile,+8550962505054
Smart-096-2505055,Mobile,+8550962505055
Smart-096-2505056,Mobile,+8550962505056
Smart-096-2505057,Mobile,+8550962505057
Smart-096-2505058,Mobile,+8550962505058
Smart-096-2505059,Mobile,+8550962505059
Smart-096-2505060,Mobile,+8550962505060
Smart-096-2505061,Mobile,+8550962505061
Smart-096-2505062,Mobile,+8550962505062
Smart-096-2505063,Mobile,+8550962505063
Smart-096-2505064,Mobile,+8550962505064
Smart-096-2505065,Mobile,+8550962505065
Smart-096-2505066,Mobile,+8550962505066
Smart-096-2505067,Mobile,+8550962505067
Smart-096-2505068,Mobile,+8550962505068
Smart-096-2505069,Mobile,+8550962505069
Smart-096-2505070,Mobile,+8550962505070
Smart-096-2505071,Mobile,+8550962505071
Smart-096-2505072,Mobile,+8550962505072
Smart-096-2505073,Mobile,+8550962505073
Smart-096-2505074,Mobile,+8550962505074
Smart-096-2505075,Mobile,+8550962505075
Smart-096-2505076,Mobile,+8550962505076
Smart-096-2505077,Mobile,+8550962505077
Smart-096-2505078,Mobile,+8550962505078
Smart-096-2505079,Mobile,+8550962505079
Smart-096-2505080,Mobile,+8550962505080
Smart-096-2505081,Mobile,+8550962505081
Smart-096-2505082,Mobile,+8550962505082
Smart-096-2505083,Mobile,+8550962505083
Smart-096-2505084,Mobile,+8550962505084
Smart-096-2505085,Mobile,+8550962505085
Smart-096-2505086,Mobile,+8550962505086
Smart-096-2505087,Mobile,+8550962505087
Smart-096-2505088,Mobile,+8550962505088
Smart-096-2505089,Mobile,+8550962505089
Smart-096-2505090,Mobile,+8550962505090
Smart-096-2505091,Mobile,+8550962505091
Smart-096-2505092,Mobile,+8550962505092
Smart-096-2505093,Mobile,+8550962505093
Smart-096-2505094,Mobile,+8550962505094
Smart-096-2505095,Mobile,+8550962505095
Smart-096-2505096,Mobile,+8550962505096
Smart-096-2505097,Mobile,+8550962505097
Smart-096-2505098,Mobile,+8550962505098
Smart-096-2505099,Mobile,+8550962505099
Smart-096-2505100,Mobile,+8550962505100
Smart-096-2505101,Mobile,+8550962505101
Smart-096-2505102,Mobile,+8550962505102
Smart-096-2505103,Mobile,+8550962505103
Smart-096-2505104,Mobile,+8550962505104
Smart-096-2505105,Mobile,+8550962505105
Smart-096-2505106,Mobile,+8550962505106
Smart-096-2505107,Mobile,+8550962505107
Smart-096-2505108,Mobile,+8550962505108
Smart-096-2505109,Mobile,+8550962505109
Smart-096-2505110,Mobile,+8550962505110
Smart-096-2505111,Mobile,+8550962505111
Smart-096-2505112,Mobile,+8550962505112
Smart-096-2505113,Mobile,+8550962505113
Smart-096-2505114,Mobile,+8550962505114
Smart-096-2505115,Mobile,+8550962505115
Smart-096-2505116,Mobile,+8550962505116
Smart-096-2505117,Mobile,+8550962505117
Smart-096-2505118,Mobile,+8550962505118
Smart-096-2505119,Mobile,+8550962505119
Smart-096-2505120,Mobile,+8550962505120
Smart-096-2505121,Mobile,+8550962505121
Smart-096-2505122,Mobile,+8550962505122
Smart-096-2505123,Mobile,+8550962505123
Smart-096-2505124,Mobile,+8550962505124
Smart-096-2505125,Mobile,+8550962505125
Smart-096-2505126,Mobile,+8550962505126
Smart-096-2505127,Mobile,+8550962505127
Smart-096-2505128,Mobile,+8550962505128
Smart-096-2505129,Mobile,+8550962505129
Smart-096-2505130,Mobile,+8550962505130
Smart-096-2505131,Mobile,+8550962505131
Smart-096-2505132,Mobile,+8550962505132
Smart-096-2505133,Mobile,+8550962505133
Smart-096-2505134,Mobile,+8550962505134
Smart-096-2505135,Mobile,+8550962505135
Smart-096-2505136,Mobile,+8550962505136
Smart-096-2505137,Mobile,+8550962505137
Smart-096-2505138,Mobile,+8550962505138
Smart-096-2505139,Mobile,+8550962505139
Smart-096-2505140,Mobile,+8550962505140
Smart-096-2505141,Mobile,+8550962505141
Smart-096-2505142,Mobile,+8550962505142
Smart-096-2505143,Mobile,+8550962505143
Smart-096-2505144,Mobile,+8550962505144
Smart-096-2505145,Mobile,+8550962505145
Smart-096-2505146,Mobile,+8550962505146
Smart-096-2505147,Mobile,+8550962505147
Smart-096-2505148,Mobile,+8550962505148
Smart-096-2505149,Mobile,+8550962505149
Smart-096-2505150,Mobile,+8550962505150
Smart-096-2505151,Mobile,+8550962505151
Smart-096-2505152,Mobile,+8550962505152
Smart-096-2505153,Mobile,+8550962505153
Smart-096-2505154,Mobile,+8550962505154
Smart-096-2505155,Mobile,+8550962505155
Smart-096-2505156,Mobile,+8550962505156
Smart-096-2505157,Mobile,+8550962505157
Smart-096-2505158,Mobile,+8550962505158
Smart-096-2505159,Mobile,+8550962505159
Smart-096-2505160,Mobile,+8550962505160
Smart-096-2505161,Mobile,+8550962505161
Smart-096-2505162,Mobile,+8550962505162
Smart-096-2505163,Mobile,+8550962505163
Smart-096-2505164,Mobile,+8550962505164
Smart-096-2505165,Mobile,+8550962505165
Smart-096-2505166,Mobile,+8550962505166
Smart-096-2505167,Mobile,+8550962505167
Smart-096-2505168,Mobile,+8550962505168
Smart-096-2505169,Mobile,+8550962505169
Smart-096-2505170,Mobile,+8550962505170
Smart-096-2505171,Mobile,+8550962505171
Smart-096-2505172,Mobile,+8550962505172
Smart-096-2505173,Mobile,+8550962505173
Smart-096-2505174,Mobile,+8550962505174
Smart-096-2505175,Mobile,+8550962505175
Smart-096-2505176,Mobile,+8550962505176
Smart-096-2505177,Mobile,+8550962505177
Smart-096-2505178,Mobile,+8550962505178
Smart-096-2505179,Mobile,+8550962505179
Smart-096-2505180,Mobile,+8550962505180
Smart-096-2505181,Mobile,+8550962505181
Smart-096-2505182,Mobile,+8550962505182
Smart-096-2505183,Mobile,+8550962505183
Smart-096-2505184,Mobile,+8550962505184
Smart-096-2505185,Mobile,+8550962505185
Smart-096-2505186,Mobile,+8550962505186
Smart-096-2505187,Mobile,+8550962505187
Smart-096-2505188,Mobile,+8550962505188
Smart-096-2505189,Mobile,+8550962505189
Smart-096-2505190,Mobile,+8550962505190
Smart-096-2505191,Mobile,+8550962505191
Smart-096-2505192,Mobile,+8550962505192
Smart-096-2505193,Mobile,+8550962505193
Smart-096-2505194,Mobile,+8550962505194
Smart-096-2505195,Mobile,+8550962505195
Smart-096-2505196,Mobile,+8550962505196
Smart-096-2505197,Mobile,+8550962505197
Smart-096-2505198,Mobile,+8550962505198
Smart-096-2505199,Mobile,+8550962505199
Smart-096-2505200,Mobile,+8550962505200
Smart-096-2505201,Mobile,+8550962505201
Smart-096-2505202,Mobile,+8550962505202
Smart-096-2505203,Mobile,+8550962505203
Smart-096-2505204,Mobile,+8550962505204
Smart-096-2505205,Mobile,+8550962505205
Smart-096-2505206,Mobile,+8550962505206
Smart-096-2505207,Mobile,+8550962505207
Smart-096-2505208,Mobile,+8550962505208
Smart-096-2505209,Mobile,+8550962505209
Smart-096-2505210,Mobile,+8550962505210
Smart-096-2505211,Mobile,+8550962505211
Smart-096-2505212,Mobile,+8550962505212
Smart-096-2505213,Mobile,+8550962505213
Smart-096-2505214,Mobile,+8550962505214
Smart-096-2505215,Mobile,+8550962505215
Smart-096-2505216,Mobile,+8550962505216
Smart-096-2505217,Mobile,+8550962505217
Smart-096-2505218,Mobile,+8550962505218
Smart-096-2505219,Mobile,+8550962505219
Smart-096-2505220,Mobile,+8550962505220
Smart-096-2505221,Mobile,+8550962505221
Smart-096-2505222,Mobile,+8550962505222
Smart-096-2505223,Mobile,+8550962505223
Smart-096-2505224,Mobile,+8550962505224
Smart-096-2505225,Mobile,+8550962505225
Smart-096-2505226,Mobile,+8550962505226
Smart-096-2505227,Mobile,+8550962505227
Smart-096-2505228,Mobile,+8550962505228
Smart-096-2505229,Mobile,+8550962505229
Smart-096-2505230,Mobile,+8550962505230
Smart-096-2505231,Mobile,+8550962505231
Smart-096-2505232,Mobile,+8550962505232
Smart-096-2505233,Mobile,+8550962505233
Smart-096-2505234,Mobile,+8550962505234
Smart-096-2505235,Mobile,+8550962505235
Smart-096-2505236,Mobile,+8550962505236
Smart-096-2505237,Mobile,+8550962505237
Smart-096-2505238,Mobile,+8550962505238
Smart-096-2505239,Mobile,+8550962505239
Smart-096-2505240,Mobile,+8550962505240
Smart-096-2505241,Mobile,+8550962505241
Smart-096-2505242,Mobile,+8550962505242
Smart-096-2505243,Mobile,+8550962505243
Smart-096-2505244,Mobile,+8550962505244
Smart-096-2505245,Mobile,+8550962505245
Smart-096-2505246,Mobile,+8550962505246
Smart-096-2505247,Mobile,+8550962505247
Smart-096-2505248,Mobile,+8550962505248
Smart-096-2505249,Mobile,+8550962505249
Smart-096-2505250,Mobile,+8550962505250
Smart-096-2505251,Mobile,+8550962505251
Smart-096-2505252,Mobile,+8550962505252
Smart-096-2505253,Mobile,+8550962505253
Smart-096-2505254,Mobile,+8550962505254
Smart-096-2505255,Mobile,+8550962505255
Smart-096-2505256,Mobile,+8550962505256
Smart-096-2505257,Mobile,+8550962505257
Smart-096-2505258,Mobile,+8550962505258
Smart-096-2505259,Mobile,+8550962505259
Smart-096-2505260,Mobile,+8550962505260
Smart-096-2505261,Mobile,+8550962505261
Smart-096-2505262,Mobile,+8550962505262
Smart-096-2505263,Mobile,+8550962505263
Smart-096-2505264,Mobile,+8550962505264
Smart-096-2505265,Mobile,+8550962505265
Smart-096-2505266,Mobile,+8550962505266
Smart-096-2505267,Mobile,+8550962505267
Smart-096-2505268,Mobile,+8550962505268
Smart-096-2505269,Mobile,+8550962505269
Smart-096-2505270,Mobile,+8550962505270
Smart-096-2505271,Mobile,+8550962505271
Smart-096-2505272,Mobile,+8550962505272
Smart-096-2505273,Mobile,+8550962505273
Smart-096-2505274,Mobile,+8550962505274
Smart-096-2505275,Mobile,+8550962505275
Smart-096-2505276,Mobile,+8550962505276
Smart-096-2505277,Mobile,+8550962505277
Smart-096-2505278,Mobile,+8550962505278
Smart-096-2505279,Mobile,+8550962505279
Smart-096-2505280,Mobile,+8550962505280
Smart-096-2505281,Mobile,+8550962505281
Smart-096-2505282,Mobile,+8550962505282
Smart-096-2505283,Mobile,+8550962505283
Smart-096-2505284,Mobile,+8550962505284
Smart-096-2505285,Mobile,+8550962505285
Smart-096-2505286,Mobile,+8550962505286
Smart-096-2505287,Mobile,+8550962505287
Smart-096-2505288,Mobile,+8550962505288
Smart-096-2505289,Mobile,+8550962505289
Smart-096-2505290,Mobile,+8550962505290
Smart-096-2505291,Mobile,+8550962505291
Smart-096-2505292,Mobile,+8550962505292
Smart-096-2505293,Mobile,+8550962505293
Smart-096-2505294,Mobile,+8550962505294
Smart-096-2505295,Mobile,+8550962505295
Smart-096-2505296,Mobile,+8550962505296
Smart-096-2505297,Mobile,+8550962505297
Smart-096-2505298,Mobile,+8550962505298
Smart-096-2505299,Mobile,+8550962505299
Smart-096-2505300,Mobile,+8550962505300
Smart-096-2505301,Mobile,+8550962505301
Smart-096-2505302,Mobile,+8550962505302
Smart-096-2505303,Mobile,+8550962505303
Smart-096-2505304,Mobile,+8550962505304
Smart-096-2505305,Mobile,+8550962505305
Smart-096-2505306,Mobile,+8550962505306
Smart-096-2505307,Mobile,+8550962505307
Smart-096-2505308,Mobile,+8550962505308
Smart-096-2505309,Mobile,+8550962505309
Smart-096-2505310,Mobile,+8550962505310
Smart-096-2505311,Mobile,+8550962505311
Smart-096-2505312,Mobile,+8550962505312
Smart-096-2505313,Mobile,+8550962505313
Smart-096-2505314,Mobile,+8550962505314
Smart-096-2505315,Mobile,+8550962505315
Smart-096-2505316,Mobile,+8550962505316
Smart-096-2505317,Mobile,+8550962505317
Smart-096-2505318,Mobile,+8550962505318
Smart-096-2505319,Mobile,+8550962505319
Smart-096-2505320,Mobile,+8550962505320
Smart-096-2505321,Mobile,+8550962505321
Smart-096-2505322,Mobile,+8550962505322
Smart-096-2505323,Mobile,+8550962505323
Smart-096-2505324,Mobile,+8550962505324
Smart-096-2505325,Mobile,+8550962505325
Smart-096-2505326,Mobile,+8550962505326
Smart-096-2505327,Mobile,+8550962505327
Smart-096-2505328,Mobile,+8550962505328
Smart-096-2505329,Mobile,+8550962505329
Smart-096-2505330,Mobile,+8550962505330
Smart-096-2505331,Mobile,+8550962505331
Smart-096-2505332,Mobile,+8550962505332
Smart-096-2505333,Mobile,+8550962505333
Smart-096-2505334,Mobile,+8550962505334
Smart-096-2505335,Mobile,+8550962505335
Smart-096-2505336,Mobile,+8550962505336
Smart-096-2505337,Mobile,+8550962505337
Smart-096-2505338,Mobile,+8550962505338
Smart-096-2505339,Mobile,+8550962505339
Smart-096-2505340,Mobile,+8550962505340
Smart-096-2505341,Mobile,+8550962505341
Smart-096-2505342,Mobile,+8550962505342
Smart-096-2505343,Mobile,+8550962505343
Smart-096-2505344,Mobile,+8550962505344
Smart-096-2505345,Mobile,+8550962505345
Smart-096-2505346,Mobile,+8550962505346
Smart-096-2505347,Mobile,+8550962505347
Smart-096-2505348,Mobile,+8550962505348
Smart-096-2505349,Mobile,+8550962505349
Smart-096-2505350,Mobile,+8550962505350
Smart-096-2505351,Mobile,+8550962505351
Smart-096-2505352,Mobile,+8550962505352
Smart-096-2505353,Mobile,+8550962505353
Smart-096-2505354,Mobile,+8550962505354
Smart-096-2505355,Mobile,+8550962505355
Smart-096-2505356,Mobile,+8550962505356
Smart-096-2505357,Mobile,+8550962505357
Smart-096-2505358,Mobile,+8550962505358
Smart-096-2505359,Mobile,+8550962505359
Smart-096-2505360,Mobile,+8550962505360
Smart-096-2505361,Mobile,+8550962505361
Smart-096-2505362,Mobile,+8550962505362
Smart-096-2505363,Mobile,+8550962505363
Smart-096-2505364,Mobile,+8550962505364
Smart-096-2505365,Mobile,+8550962505365
Smart-096-2505366,Mobile,+8550962505366
Smart-096-2505367,Mobile,+8550962505367
Smart-096-2505368,Mobile,+8550962505368
Smart-096-2505369,Mobile,+8550962505369
Smart-096-2505370,Mobile,+8550962505370
Smart-096-2505371,Mobile,+8550962505371
Smart-096-2505372,Mobile,+8550962505372
Smart-096-2505373,Mobile,+8550962505373
Smart-096-2505374,Mobile,+8550962505374
Smart-096-2505375,Mobile,+8550962505375
Smart-096-2505376,Mobile,+8550962505376
Smart-096-2505377,Mobile,+8550962505377
Smart-096-2505378,Mobile,+8550962505378
Smart-096-2505379,Mobile,+8550962505379
Smart-096-2505380,Mobile,+8550962505380
Smart-096-2505381,Mobile,+8550962505381
Smart-096-2505382,Mobile,+8550962505382
Smart-096-2505383,Mobile,+8550962505383
Smart-096-2505384,Mobile,+8550962505384
Smart-096-2505385,Mobile,+8550962505385
Smart-096-2505386,Mobile,+8550962505386
Smart-096-2505387,Mobile,+8550962505387
Smart-096-2505388,Mobile,+8550962505388
Smart-096-2505389,Mobile,+8550962505389
Smart-096-2505390,Mobile,+8550962505390
Smart-096-2505391,Mobile,+8550962505391
Smart-096-2505392,Mobile,+8550962505392
Smart-096-2505393,Mobile,+8550962505393
Smart-096-2505394,Mobile,+8550962505394
Smart-096-2505395,Mobile,+8550962505395
Smart-096-2505396,Mobile,+8550962505396
Smart-096-2505397,Mobile,+8550962505397
Smart-096-2505398,Mobile,+8550962505398
Smart-096-2505399,Mobile,+8550962505399
Smart-096-2505400,Mobile,+8550962505400
Smart-096-2505401,Mobile,+8550962505401
Smart-096-2505402,Mobile,+8550962505402
Smart-096-2505403,Mobile,+8550962505403
Smart-096-2505404,Mobile,+8550962505404
Smart-096-2505405,Mobile,+8550962505405
Smart-096-2505406,Mobile,+8550962505406
Smart-096-2505407,Mobile,+8550962505407
Smart-096-2505408,Mobile,+8550962505408
Smart-096-2505409,Mobile,+8550962505409
Smart-096-2505410,Mobile,+8550962505410
Smart-096-2505411,Mobile,+8550962505411
Smart-096-2505412,Mobile,+8550962505412
Smart-096-2505413,Mobile,+8550962505413
Smart-096-2505414,Mobile,+8550962505414
Smart-096-2505415,Mobile,+8550962505415
Smart-096-2505416,Mobile,+8550962505416
Smart-096-2505417,Mobile,+8550962505417
Smart-096-2505418,Mobile,+8550962505418
Smart-096-2505419,Mobile,+8550962505419
Smart-096-2505420,Mobile,+8550962505420
Smart-096-2505421,Mobile,+8550962505421
Smart-096-2505422,Mobile,+8550962505422
Smart-096-2505423,Mobile,+8550962505423
Smart-096-2505424,Mobile,+8550962505424
Smart-096-2505425,Mobile,+8550962505425
Smart-096-2505426,Mobile,+8550962505426
Smart-096-2505427,Mobile,+8550962505427
Smart-096-2505428,Mobile,+8550962505428
Smart-096-2505429,Mobile,+8550962505429
Smart-096-2505430,Mobile,+8550962505430
Smart-096-2505431,Mobile,+8550962505431
Smart-096-2505432,Mobile,+8550962505432
Smart-096-2505433,Mobile,+8550962505433
Smart-096-2505434,Mobile,+8550962505434
Smart-096-2505435,Mobile,+8550962505435
Smart-096-2505436,Mobile,+8550962505436
Smart-096-2505437,Mobile,+8550962505437
Smart-096-2505438,Mobile,+8550962505438
Smart-096-2505439,Mobile,+8550962505439
Smart-096-2505440,Mobile,+8550962505440
Smart-096-2505441,Mobile,+8550962505441
Smart-096-2505442,Mobile,+8550962505442
Smart-096-2505443,Mobile,+8550962505443
Smart-096-2505444,Mobile,+8550962505444
Smart-096-2505445,Mobile,+8550962505445
Smart-096-2505446,Mobile,+8550962505446
Smart-096-2505447,Mobile,+8550962505447
Smart-096-2505448,Mobile,+8550962505448
Smart-096-2505449,Mobile,+8550962505449
Smart-096-2505450,Mobile,+8550962505450
Smart-096-2505451,Mobile,+8550962505451
Smart-096-2505452,Mobile,+8550962505452
Smart-096-2505453,Mobile,+8550962505453
Smart-096-2505454,Mobile,+8550962505454
Smart-096-2505455,Mobile,+8550962505455
Smart-096-2505456,Mobile,+8550962505456
Smart-096-2505457,Mobile,+8550962505457
Smart-096-2505458,Mobile,+8550962505458
Smart-096-2505459,Mobile,+8550962505459
Smart-096-2505460,Mobile,+8550962505460
Smart-096-2505461,Mobile,+8550962505461
Smart-096-2505462,Mobile,+8550962505462
Smart-096-2505463,Mobile,+8550962505463
Smart-096-2505464,Mobile,+8550962505464
Smart-096-2505465,Mobile,+8550962505465
Smart-096-2505466,Mobile,+8550962505466
Smart-096-2505467,Mobile,+8550962505467
Smart-096-2505468,Mobile,+8550962505468
Smart-096-2505469,Mobile,+8550962505469
Smart-096-2505470,Mobile,+8550962505470
Smart-096-2505471,Mobile,+8550962505471
Smart-096-2505472,Mobile,+8550962505472
Smart-096-2505473,Mobile,+8550962505473
Smart-096-2505474,Mobile,+8550962505474
Smart-096-2505475,Mobile,+8550962505475
Smart-096-2505476,Mobile,+8550962505476
Smart-096-2505477,Mobile,+8550962505477
Smart-096-2505478,Mobile,+8550962505478
Smart-096-2505479,Mobile,+8550962505479
Smart-096-2505480,Mobile,+8550962505480
Smart-096-2505481,Mobile,+8550962505481
Smart-096-2505482,Mobile,+8550962505482
Smart-096-2505483,Mobile,+8550962505483
Smart-096-2505484,Mobile,+8550962505484
Smart-096-2505485,Mobile,+8550962505485
Smart-096-2505486,Mobile,+8550962505486
Smart-096-2505487,Mobile,+8550962505487
Smart-096-2505488,Mobile,+8550962505488
Smart-096-2505489,Mobile,+8550962505489
Smart-096-2505490,Mobile,+8550962505490
Smart-096-2505491,Mobile,+8550962505491
Smart-096-2505492,Mobile,+8550962505492
Smart-096-2505493,Mobile,+8550962505493
Smart-096-2505494,Mobile,+8550962505494
Smart-096-2505495,Mobile,+8550962505495
Smart-096-2505496,Mobile,+8550962505496
Smart-096-2505497,Mobile,+8550962505497
Smart-096-2505498,Mobile,+8550962505498
Smart-096-2505499,Mobile,+8550962505499
Smart-096-2505500,Mobile,+8550962505500
Smart-096-2505501,Mobile,+8550962505501
Smart-096-2505502,Mobile,+8550962505502
Smart-096-2505503,Mobile,+8550962505503
Smart-096-2505504,Mobile,+8550962505504
Smart-096-2505505,Mobile,+8550962505505
Smart-096-2505506,Mobile,+8550962505506
Smart-096-2505507,Mobile,+8550962505507
Smart-096-2505508,Mobile,+8550962505508
Smart-096-2505509,Mobile,+8550962505509
Smart-096-2505510,Mobile,+8550962505510
Smart-096-2505511,Mobile,+8550962505511
Smart-096-2505512,Mobile,+8550962505512
Smart-096-2505513,Mobile,+8550962505513
Smart-096-2505514,Mobile,+8550962505514
Smart-096-2505515,Mobile,+8550962505515
Smart-096-2505516,Mobile,+8550962505516
Smart-096-2505517,Mobile,+8550962505517
Smart-096-2505518,Mobile,+8550962505518
Smart-096-2505519,Mobile,+8550962505519
Smart-096-2505520,Mobile,+8550962505520
Smart-096-2505521,Mobile,+8550962505521
Smart-096-2505522,Mobile,+8550962505522
Smart-096-2505523,Mobile,+8550962505523
Smart-096-2505524,Mobile,+8550962505524
Smart-096-2505525,Mobile,+8550962505525
Smart-096-2505526,Mobile,+8550962505526
Smart-096-2505527,Mobile,+8550962505527
Smart-096-2505528,Mobile,+8550962505528
Smart-096-2505529,Mobile,+8550962505529
Smart-096-2505530,Mobile,+8550962505530
Smart-096-2505531,Mobile,+8550962505531
Smart-096-2505532,Mobile,+8550962505532
Smart-096-2505533,Mobile,+8550962505533
Smart-096-2505534,Mobile,+8550962505534
Smart-096-2505535,Mobile,+8550962505535
Smart-096-2505536,Mobile,+8550962505536
Smart-096-2505537,Mobile,+8550962505537
Smart-096-2505538,Mobile,+8550962505538
Smart-096-2505539,Mobile,+8550962505539
Smart-096-2505540,Mobile,+8550962505540
Smart-096-2505541,Mobile,+8550962505541
Smart-096-2505542,Mobile,+8550962505542
Smart-096-2505543,Mobile,+8550962505543
Smart-096-2505544,Mobile,+8550962505544
Smart-096-2505545,Mobile,+8550962505545
Smart-096-2505546,Mobile,+8550962505546
Smart-096-2505547,Mobile,+8550962505547
Smart-096-2505548,Mobile,+8550962505548
Smart-096-2505549,Mobile,+8550962505549
Smart-096-2505550,Mobile,+8550962505550
Smart-096-2505551,Mobile,+8550962505551
Smart-096-2505552,Mobile,+8550962505552
Smart-096-2505553,Mobile,+8550962505553
Smart-096-2505554,Mobile,+8550962505554
Smart-096-2505555,Mobile,+8550962505555
Smart-096-2505556,Mobile,+8550962505556
Smart-096-2505557,Mobile,+8550962505557
Smart-096-2505558,Mobile,+8550962505558
Smart-096-2505559,Mobile,+8550962505559
Smart-096-2505560,Mobile,+8550962505560
Smart-096-2505561,Mobile,+8550962505561
Smart-096-2505562,Mobile,+8550962505562
Smart-096-2505563,Mobile,+8550962505563
Smart-096-2505564,Mobile,+8550962505564
Smart-096-2505565,Mobile,+8550962505565
Smart-096-2505566,Mobile,+8550962505566
Smart-096-2505567,Mobile,+8550962505567
Smart-096-2505568,Mobile,+8550962505568
Smart-096-2505569,Mobile,+8550962505569
Smart-096-2505570,Mobile,+8550962505570
Smart-096-2505571,Mobile,+8550962505571
Smart-096-2505572,Mobile,+8550962505572
Smart-096-2505573,Mobile,+8550962505573
Smart-096-2505574,Mobile,+8550962505574
Smart-096-2505575,Mobile,+8550962505575
Smart-096-2505576,Mobile,+8550962505576
Smart-096-2505577,Mobile,+8550962505577
Smart-096-2505578,Mobile,+8550962505578
Smart-096-2505579,Mobile,+8550962505579
Smart-096-2505580,Mobile,+8550962505580
Smart-096-2505581,Mobile,+8550962505581
Smart-096-2505582,Mobile,+8550962505582
Smart-096-2505583,Mobile,+8550962505583
Smart-096-2505584,Mobile,+8550962505584
Smart-096-2505585,Mobile,+8550962505585
Smart-096-2505586,Mobile,+8550962505586
Smart-096-2505587,Mobile,+8550962505587
Smart-096-2505588,Mobile,+8550962505588
Smart-096-2505589,Mobile,+8550962505589
Smart-096-2505590,Mobile,+8550962505590
Smart-096-2505591,Mobile,+8550962505591
Smart-096-2505592,Mobile,+8550962505592
Smart-096-2505593,Mobile,+8550962505593
Smart-096-2505594,Mobile,+8550962505594
Smart-096-2505595,Mobile,+8550962505595
Smart-096-2505596,Mobile,+8550962505596
Smart-096-2505597,Mobile,+8550962505597
Smart-096-2505598,Mobile,+8550962505598
Smart-096-2505599,Mobile,+8550962505599
Smart-096-2505600,Mobile,+8550962505600
Smart-096-2505601,Mobile,+8550962505601
Smart-096-2505602,Mobile,+8550962505602
Smart-096-2505603,Mobile,+8550962505603
Smart-096-2505604,Mobile,+8550962505604
Smart-096-2505605,Mobile,+8550962505605
Smart-096-2505606,Mobile,+8550962505606
Smart-096-2505607,Mobile,+8550962505607
Smart-096-2505608,Mobile,+8550962505608
Smart-096-2505609,Mobile,+8550962505609
Smart-096-2505610,Mobile,+8550962505610
Smart-096-2505611,Mobile,+8550962505611
Smart-096-2505612,Mobile,+8550962505612
Smart-096-2505613,Mobile,+8550962505613
Smart-096-2505614,Mobile,+8550962505614
Smart-096-2505615,Mobile,+8550962505615
Smart-096-2505616,Mobile,+8550962505616
Smart-096-2505617,Mobile,+8550962505617
Smart-096-2505618,Mobile,+8550962505618
Smart-096-2505619,Mobile,+8550962505619
Smart-096-2505620,Mobile,+8550962505620
Smart-096-2505621,Mobile,+8550962505621
Smart-096-2505622,Mobile,+8550962505622
Smart-096-2505623,Mobile,+8550962505623
Smart-096-2505624,Mobile,+8550962505624
Smart-096-2505625,Mobile,+8550962505625
Smart-096-2505626,Mobile,+8550962505626
Smart-096-2505627,Mobile,+8550962505627
Smart-096-2505628,Mobile,+8550962505628
Smart-096-2505629,Mobile,+8550962505629
Smart-096-2505630,Mobile,+8550962505630
Smart-096-2505631,Mobile,+8550962505631
Smart-096-2505632,Mobile,+8550962505632
Smart-096-2505633,Mobile,+8550962505633
Smart-096-2505634,Mobile,+8550962505634
Smart-096-2505635,Mobile,+8550962505635
Smart-096-2505636,Mobile,+8550962505636
Smart-096-2505637,Mobile,+8550962505637
Smart-096-2505638,Mobile,+8550962505638
Smart-096-2505639,Mobile,+8550962505639
Smart-096-2505640,Mobile,+8550962505640
Smart-096-2505641,Mobile,+8550962505641
Smart-096-2505642,Mobile,+8550962505642
Smart-096-2505643,Mobile,+8550962505643
Smart-096-2505644,Mobile,+8550962505644
Smart-096-2505645,Mobile,+8550962505645
Smart-096-2505646,Mobile,+8550962505646
Smart-096-2505647,Mobile,+8550962505647
Smart-096-2505648,Mobile,+8550962505648
Smart-096-2505649,Mobile,+8550962505649
Smart-096-2505650,Mobile,+8550962505650
Smart-096-2505651,Mobile,+8550962505651
Smart-096-2505652,Mobile,+8550962505652
Smart-096-2505653,Mobile,+8550962505653
Smart-096-2505654,Mobile,+8550962505654
Smart-096-2505655,Mobile,+8550962505655
Smart-096-2505656,Mobile,+8550962505656
Smart-096-2505657,Mobile,+8550962505657
Smart-096-2505658,Mobile,+8550962505658
Smart-096-2505659,Mobile,+8550962505659
Smart-096-2505660,Mobile,+8550962505660
Smart-096-2505661,Mobile,+8550962505661
Smart-096-2505662,Mobile,+8550962505662
Smart-096-2505663,Mobile,+8550962505663
Smart-096-2505664,Mobile,+8550962505664
Smart-096-2505665,Mobile,+8550962505665
Smart-096-2505666,Mobile,+8550962505666
Smart-096-2505667,Mobile,+8550962505667
Smart-096-2505668,Mobile,+8550962505668
Smart-096-2505669,Mobile,+8550962505669
Smart-096-2505670,Mobile,+8550962505670
Smart-096-2505671,Mobile,+8550962505671
Smart-096-2505672,Mobile,+8550962505672
Smart-096-2505673,Mobile,+8550962505673
Smart-096-2505674,Mobile,+8550962505674
Smart-096-2505675,Mobile,+8550962505675
Smart-096-2505676,Mobile,+8550962505676
Smart-096-2505677,Mobile,+8550962505677
Smart-096-2505678,Mobile,+8550962505678
Smart-096-2505679,Mobile,+8550962505679
Smart-096-2505680,Mobile,+8550962505680
Smart-096-2505681,Mobile,+8550962505681
Smart-096-2505682,Mobile,+8550962505682
Smart-096-2505683,Mobile,+8550962505683
Smart-096-2505684,Mobile,+8550962505684
Smart-096-2505685,Mobile,+8550962505685
Smart-096-2505686,Mobile,+8550962505686
Smart-096-2505687,Mobile,+8550962505687
Smart-096-2505688,Mobile,+8550962505688
Smart-096-2505689,Mobile,+8550962505689
Smart-096-2505690,Mobile,+8550962505690
Smart-096-2505691,Mobile,+8550962505691
Smart-096-2505692,Mobile,+8550962505692
Smart-096-2505693,Mobile,+8550962505693
Smart-096-2505694,Mobile,+8550962505694
Smart-096-2505695,Mobile,+8550962505695
Smart-096-2505696,Mobile,+8550962505696
Smart-096-2505697,Mobile,+8550962505697
Smart-096-2505698,Mobile,+8550962505698
Smart-096-2505699,Mobile,+8550962505699
Smart-096-2505700,Mobile,+8550962505700
Smart-096-2505701,Mobile,+8550962505701
Smart-096-2505702,Mobile,+8550962505702
Smart-096-2505703,Mobile,+8550962505703
Smart-096-2505704,Mobile,+8550962505704
Smart-096-2505705,Mobile,+8550962505705
Smart-096-2505706,Mobile,+8550962505706
Smart-096-2505707,Mobile,+8550962505707
Smart-096-2505708,Mobile,+8550962505708
Smart-096-2505709,Mobile,+8550962505709
Smart-096-2505710,Mobile,+8550962505710
Smart-096-2505711,Mobile,+8550962505711
Smart-096-2505712,Mobile,+8550962505712
Smart-096-2505713,Mobile,+8550962505713
Smart-096-2505714,Mobile,+8550962505714
Smart-096-2505715,Mobile,+8550962505715
Smart-096-2505716,Mobile,+8550962505716
Smart-096-2505717,Mobile,+8550962505717
Smart-096-2505718,Mobile,+8550962505718
Smart-096-2505719,Mobile,+8550962505719
Smart-096-2505720,Mobile,+8550962505720
Smart-096-2505721,Mobile,+8550962505721
Smart-096-2505722,Mobile,+8550962505722
Smart-096-2505723,Mobile,+8550962505723
Smart-096-2505724,Mobile,+8550962505724
Smart-096-2505725,Mobile,+8550962505725
Smart-096-2505726,Mobile,+8550962505726
Smart-096-2505727,Mobile,+8550962505727
Smart-096-2505728,Mobile,+8550962505728
Smart-096-2505729,Mobile,+8550962505729
Smart-096-2505730,Mobile,+8550962505730
Smart-096-2505731,Mobile,+8550962505731
Smart-096-2505732,Mobile,+8550962505732
Smart-096-2505733,Mobile,+8550962505733
Smart-096-2505734,Mobile,+8550962505734
Smart-096-2505735,Mobile,+8550962505735
Smart-096-2505736,Mobile,+8550962505736
Smart-096-2505737,Mobile,+8550962505737
Smart-096-2505738,Mobile,+8550962505738
Smart-096-2505739,Mobile,+8550962505739
Smart-096-2505740,Mobile,+8550962505740
Smart-096-2505741,Mobile,+8550962505741
Smart-096-2505742,Mobile,+8550962505742
Smart-096-2505743,Mobile,+8550962505743
Smart-096-2505744,Mobile,+8550962505744
Smart-096-2505745,Mobile,+8550962505745
Smart-096-2505746,Mobile,+8550962505746
Smart-096-2505747,Mobile,+8550962505747
Smart-096-2505748,Mobile,+8550962505748
Smart-096-2505749,Mobile,+8550962505749
Smart-096-2505750,Mobile,+8550962505750
Smart-096-2505751,Mobile,+8550962505751
Smart-096-2505752,Mobile,+8550962505752
Smart-096-2505753,Mobile,+8550962505753
Smart-096-2505754,Mobile,+8550962505754
Smart-096-2505755,Mobile,+8550962505755
Smart-096-2505756,Mobile,+8550962505756
Smart-096-2505757,Mobile,+8550962505757
Smart-096-2505758,Mobile,+8550962505758
Smart-096-2505759,Mobile,+8550962505759
Smart-096-2505760,Mobile,+8550962505760
Smart-096-2505761,Mobile,+8550962505761
Smart-096-2505762,Mobile,+8550962505762
Smart-096-2505763,Mobile,+8550962505763
Smart-096-2505764,Mobile,+8550962505764
Smart-096-2505765,Mobile,+8550962505765
Smart-096-2505766,Mobile,+8550962505766
Smart-096-2505767,Mobile,+8550962505767
Smart-096-2505768,Mobile,+8550962505768
Smart-096-2505769,Mobile,+8550962505769
Smart-096-2505770,Mobile,+8550962505770
Smart-096-2505771,Mobile,+8550962505771
Smart-096-2505772,Mobile,+8550962505772
Smart-096-2505773,Mobile,+8550962505773
Smart-096-2505774,Mobile,+8550962505774
Smart-096-2505775,Mobile,+8550962505775
Smart-096-2505776,Mobile,+8550962505776
Smart-096-2505777,Mobile,+8550962505777
Smart-096-2505778,Mobile,+8550962505778
Smart-096-2505779,Mobile,+8550962505779
Smart-096-2505780,Mobile,+8550962505780
Smart-096-2505781,Mobile,+8550962505781
Smart-096-2505782,Mobile,+8550962505782
Smart-096-2505783,Mobile,+8550962505783
Smart-096-2505784,Mobile,+8550962505784
Smart-096-2505785,Mobile,+8550962505785
Smart-096-2505786,Mobile,+8550962505786
Smart-096-2505787,Mobile,+8550962505787
Smart-096-2505788,Mobile,+8550962505788
Smart-096-2505789,Mobile,+8550962505789
Smart-096-2505790,Mobile,+8550962505790
Smart-096-2505791,Mobile,+8550962505791
Smart-096-2505792,Mobile,+8550962505792
Smart-096-2505793,Mobile,+8550962505793
Smart-096-2505794,Mobile,+8550962505794
Smart-096-2505795,Mobile,+8550962505795
Smart-096-2505796,Mobile,+8550962505796
Smart-096-2505797,Mobile,+8550962505797
Smart-096-2505798,Mobile,+8550962505798
Smart-096-2505799,Mobile,+8550962505799
Smart-096-2505800,Mobile,+8550962505800
Smart-096-2505801,Mobile,+8550962505801
Smart-096-2505802,Mobile,+8550962505802
Smart-096-2505803,Mobile,+8550962505803
Smart-096-2505804,Mobile,+8550962505804
Smart-096-2505805,Mobile,+8550962505805
Smart-096-2505806,Mobile,+8550962505806
Smart-096-2505807,Mobile,+8550962505807
Smart-096-2505808,Mobile,+8550962505808
Smart-096-2505809,Mobile,+8550962505809
Smart-096-2505810,Mobile,+8550962505810
Smart-096-2505811,Mobile,+8550962505811
Smart-096-2505812,Mobile,+8550962505812
Smart-096-2505813,Mobile,+8550962505813
Smart-096-2505814,Mobile,+8550962505814
Smart-096-2505815,Mobile,+8550962505815
Smart-096-2505816,Mobile,+8550962505816
Smart-096-2505817,Mobile,+8550962505817
Smart-096-2505818,Mobile,+8550962505818
Smart-096-2505819,Mobile,+8550962505819
Smart-096-2505820,Mobile,+8550962505820
Smart-096-2505821,Mobile,+8550962505821
Smart-096-2505822,Mobile,+8550962505822
Smart-096-2505823,Mobile,+8550962505823
Smart-096-2505824,Mobile,+8550962505824
Smart-096-2505825,Mobile,+8550962505825
Smart-096-2505826,Mobile,+8550962505826
Smart-096-2505827,Mobile,+8550962505827
Smart-096-2505828,Mobile,+8550962505828
Smart-096-2505829,Mobile,+8550962505829
Smart-096-2505830,Mobile,+8550962505830
Smart-096-2505831,Mobile,+8550962505831
Smart-096-2505832,Mobile,+8550962505832
Smart-096-2505833,Mobile,+8550962505833
Smart-096-2505834,Mobile,+8550962505834
Smart-096-2505835,Mobile,+8550962505835
Smart-096-2505836,Mobile,+8550962505836
Smart-096-2505837,Mobile,+8550962505837
Smart-096-2505838,Mobile,+8550962505838
Smart-096-2505839,Mobile,+8550962505839
Smart-096-2505840,Mobile,+8550962505840
Smart-096-2505841,Mobile,+8550962505841
Smart-096-2505842,Mobile,+8550962505842
Smart-096-2505843,Mobile,+8550962505843
Smart-096-2505844,Mobile,+8550962505844
Smart-096-2505845,Mobile,+8550962505845
Smart-096-2505846,Mobile,+8550962505846
Smart-096-2505847,Mobile,+8550962505847
Smart-096-2505848,Mobile,+8550962505848
Smart-096-2505849,Mobile,+8550962505849
Smart-096-2505850,Mobile,+8550962505850
Smart-096-2505851,Mobile,+8550962505851
Smart-096-2505852,Mobile,+8550962505852
Smart-096-2505853,Mobile,+8550962505853
Smart-096-2505854,Mobile,+8550962505854
Smart-096-2505855,Mobile,+8550962505855
Smart-096-2505856,Mobile,+8550962505856
Smart-096-2505857,Mobile,+8550962505857
Smart-096-2505858,Mobile,+8550962505858
Smart-096-2505859,Mobile,+8550962505859
Smart-096-2505860,Mobile,+8550962505860
Smart-096-2505861,Mobile,+8550962505861
Smart-096-2505862,Mobile,+8550962505862
Smart-096-2505863,Mobile,+8550962505863
Smart-096-2505864,Mobile,+8550962505864
Smart-096-2505865,Mobile,+8550962505865
Smart-096-2505866,Mobile,+8550962505866
Smart-096-2505867,Mobile,+8550962505867
Smart-096-2505868,Mobile,+8550962505868
Smart-096-2505869,Mobile,+8550962505869
Smart-096-2505870,Mobile,+8550962505870
Smart-096-2505871,Mobile,+8550962505871
Smart-096-2505872,Mobile,+8550962505872
Smart-096-2505873,Mobile,+8550962505873
Smart-096-2505874,Mobile,+8550962505874
Smart-096-2505875,Mobile,+8550962505875
Smart-096-2505876,Mobile,+8550962505876
Smart-096-2505877,Mobile,+8550962505877
Smart-096-2505878,Mobile,+8550962505878
Smart-096-2505879,Mobile,+8550962505879
Smart-096-2505880,Mobile,+8550962505880
Smart-096-2505881,Mobile,+8550962505881
Smart-096-2505882,Mobile,+8550962505882
Smart-096-2505883,Mobile,+8550962505883
Smart-096-2505884,Mobile,+8550962505884
Smart-096-2505885,Mobile,+8550962505885
Smart-096-2505886,Mobile,+8550962505886
Smart-096-2505887,Mobile,+8550962505887
Smart-096-2505888,Mobile,+8550962505888
Smart-096-2505889,Mobile,+8550962505889
Smart-096-2505890,Mobile,+8550962505890
Smart-096-2505891,Mobile,+8550962505891
Smart-096-2505892,Mobile,+8550962505892
Smart-096-2505893,Mobile,+8550962505893
Smart-096-2505894,Mobile,+8550962505894
Smart-096-2505895,Mobile,+8550962505895
Smart-096-2505896,Mobile,+8550962505896
Smart-096-2505897,Mobile,+8550962505897
Smart-096-2505898,Mobile,+8550962505898
Smart-096-2505899,Mobile,+8550962505899
Smart-096-2505900,Mobile,+8550962505900
Smart-096-2505901,Mobile,+8550962505901
Smart-096-2505902,Mobile,+8550962505902
Smart-096-2505903,Mobile,+8550962505903
Smart-096-2505904,Mobile,+8550962505904
Smart-096-2505905,Mobile,+8550962505905
Smart-096-2505906,Mobile,+8550962505906
Smart-096-2505907,Mobile,+8550962505907
Smart-096-2505908,Mobile,+8550962505908
Smart-096-2505909,Mobile,+8550962505909
Smart-096-2505910,Mobile,+8550962505910
Smart-096-2505911,Mobile,+8550962505911
Smart-096-2505912,Mobile,+8550962505912
Smart-096-2505913,Mobile,+8550962505913
Smart-096-2505914,Mobile,+8550962505914
Smart-096-2505915,Mobile,+8550962505915
Smart-096-2505916,Mobile,+8550962505916
Smart-096-2505917,Mobile,+8550962505917
Smart-096-2505918,Mobile,+8550962505918
Smart-096-2505919,Mobile,+8550962505919
Smart-096-2505920,Mobile,+8550962505920
Smart-096-2505921,Mobile,+8550962505921
Smart-096-2505922,Mobile,+8550962505922
Smart-096-2505923,Mobile,+8550962505923
Smart-096-2505924,Mobile,+8550962505924
Smart-096-2505925,Mobile,+8550962505925
Smart-096-2505926,Mobile,+8550962505926
Smart-096-2505927,Mobile,+8550962505927
Smart-096-2505928,Mobile,+8550962505928
Smart-096-2505929,Mobile,+8550962505929
Smart-096-2505930,Mobile,+8550962505930
Smart-096-2505931,Mobile,+8550962505931
Smart-096-2505932,Mobile,+8550962505932
Smart-096-2505933,Mobile,+8550962505933
Smart-096-2505934,Mobile,+8550962505934
Smart-096-2505935,Mobile,+8550962505935
Smart-096-2505936,Mobile,+8550962505936
Smart-096-2505937,Mobile,+8550962505937
Smart-096-2505938,Mobile,+8550962505938
Smart-096-2505939,Mobile,+8550962505939
Smart-096-2505940,Mobile,+8550962505940
Smart-096-2505941,Mobile,+8550962505941
Smart-096-2505942,Mobile,+8550962505942
Smart-096-2505943,Mobile,+8550962505943
Smart-096-2505944,Mobile,+8550962505944
Smart-096-2505945,Mobile,+8550962505945
Smart-096-2505946,Mobile,+8550962505946
Smart-096-2505947,Mobile,+8550962505947
Smart-096-2505948,Mobile,+8550962505948
Smart-096-2505949,Mobile,+8550962505949
Smart-096-2505950,Mobile,+8550962505950
Smart-096-2505951,Mobile,+8550962505951
Smart-096-2505952,Mobile,+8550962505952
Smart-096-2505953,Mobile,+8550962505953
Smart-096-2505954,Mobile,+8550962505954
Smart-096-2505955,Mobile,+8550962505955
Smart-096-2505956,Mobile,+8550962505956
Smart-096-2505957,Mobile,+8550962505957
Smart-096-2505958,Mobile,+8550962505958
Smart-096-2505959,Mobile,+8550962505959
Smart-096-2505960,Mobile,+8550962505960
Smart-096-2505961,Mobile,+8550962505961
Smart-096-2505962,Mobile,+8550962505962
Smart-096-2505963,Mobile,+8550962505963
Smart-096-2505964,Mobile,+8550962505964
Smart-096-2505965,Mobile,+8550962505965
Smart-096-2505966,Mobile,+8550962505966
Smart-096-2505967,Mobile,+8550962505967
Smart-096-2505968,Mobile,+8550962505968
Smart-096-2505969,Mobile,+8550962505969
Smart-096-2505970,Mobile,+8550962505970
Smart-096-2505971,Mobile,+8550962505971
Smart-096-2505972,Mobile,+8550962505972
Smart-096-2505973,Mobile,+8550962505973
Smart-096-2505974,Mobile,+8550962505974
Smart-096-2505975,Mobile,+8550962505975
Smart-096-2505976,Mobile,+8550962505976
Smart-096-2505977,Mobile,+8550962505977
Smart-096-2505978,Mobile,+8550962505978
Smart-096-2505979,Mobile,+8550962505979
Smart-096-2505980,Mobile,+8550962505980
Smart-096-2505981,Mobile,+8550962505981
Smart-096-2505982,Mobile,+8550962505982
Smart-096-2505983,Mobile,+8550962505983
Smart-096-2505984,Mobile,+8550962505984
Smart-096-2505985,Mobile,+8550962505985
Smart-096-2505986,Mobile,+8550962505986
Smart-096-2505987,Mobile,+8550962505987
Smart-096-2505988,Mobile,+8550962505988
Smart-096-2505989,Mobile,+8550962505989
Smart-096-2505990,Mobile,+8550962505990
Smart-096-2505991,Mobile,+8550962505991
Smart-096-2505992,Mobile,+8550962505992
Smart-096-2505993,Mobile,+8550962505993
Smart-096-2505994,Mobile,+8550962505994
Smart-096-2505995,Mobile,+8550962505995
Smart-096-2505996,Mobile,+8550962505996
Smart-096-2505997,Mobile,+8550962505997
Smart-096-2505998,Mobile,+8550962505998
Smart-096-2505999,Mobile,+8550962505999
Smart-096-2506000,Mobile,+8550962506000
Smart-096-2506001,Mobile,+8550962506001
Smart-096-2506002,Mobile,+8550962506002
Smart-096-2506003,Mobile,+8550962506003
Smart-096-2506004,Mobile,+8550962506004
Smart-096-2506005,Mobile,+8550962506005
Smart-096-2506006,Mobile,+8550962506006
Smart-096-2506007,Mobile,+8550962506007
Smart-096-2506008,Mobile,+8550962506008
Smart-096-2506009,Mobile,+8550962506009
Smart-096-2506010,Mobile,+8550962506010
Smart-096-2506011,Mobile,+8550962506011
Smart-096-2506012,Mobile,+8550962506012
Smart-096-2506013,Mobile,+8550962506013
Smart-096-2506014,Mobile,+8550962506014
Smart-096-2506015,Mobile,+8550962506015
Smart-096-2506016,Mobile,+8550962506016
Smart-096-2506017,Mobile,+8550962506017
Smart-096-2506018,Mobile,+8550962506018
Smart-096-2506019,Mobile,+8550962506019
Smart-096-2506020,Mobile,+8550962506020
Smart-096-2506021,Mobile,+8550962506021
Smart-096-2506022,Mobile,+8550962506022
Smart-096-2506023,Mobile,+8550962506023
Smart-096-2506024,Mobile,+8550962506024
Smart-096-2506025,Mobile,+8550962506025
Smart-096-2506026,Mobile,+8550962506026
Smart-096-2506027,Mobile,+8550962506027
Smart-096-2506028,Mobile,+8550962506028
Smart-096-2506029,Mobile,+8550962506029
Smart-096-2506030,Mobile,+8550962506030
Smart-096-2506031,Mobile,+8550962506031
Smart-096-2506032,Mobile,+8550962506032
Smart-096-2506033,Mobile,+8550962506033
Smart-096-2506034,Mobile,+8550962506034
Smart-096-2506035,Mobile,+8550962506035
Smart-096-2506036,Mobile,+8550962506036
Smart-096-2506037,Mobile,+8550962506037
Smart-096-2506038,Mobile,+8550962506038
Smart-096-2506039,Mobile,+8550962506039
Smart-096-2506040,Mobile,+8550962506040
Smart-096-2506041,Mobile,+8550962506041
Smart-096-2506042,Mobile,+8550962506042
Smart-096-2506043,Mobile,+8550962506043
Smart-096-2506044,Mobile,+8550962506044
Smart-096-2506045,Mobile,+8550962506045
Smart-096-2506046,Mobile,+8550962506046
Smart-096-2506047,Mobile,+8550962506047
Smart-096-2506048,Mobile,+8550962506048
Smart-096-2506049,Mobile,+8550962506049
Smart-096-2506050,Mobile,+8550962506050
Smart-096-2506051,Mobile,+8550962506051
Smart-096-2506052,Mobile,+8550962506052
Smart-096-2506053,Mobile,+8550962506053
Smart-096-2506054,Mobile,+8550962506054
Smart-096-2506055,Mobile,+8550962506055
Smart-096-2506056,Mobile,+8550962506056
Smart-096-2506057,Mobile,+8550962506057
Smart-096-2506058,Mobile,+8550962506058
Smart-096-2506059,Mobile,+8550962506059
Smart-096-2506060,Mobile,+8550962506060
Smart-096-2506061,Mobile,+8550962506061
Smart-096-2506062,Mobile,+8550962506062
Smart-096-2506063,Mobile,+8550962506063
Smart-096-2506064,Mobile,+8550962506064
Smart-096-2506065,Mobile,+8550962506065
Smart-096-2506066,Mobile,+8550962506066
Smart-096-2506067,Mobile,+8550962506067
Smart-096-2506068,Mobile,+8550962506068
Smart-096-2506069,Mobile,+8550962506069
Smart-096-2506070,Mobile,+8550962506070
Smart-096-2506071,Mobile,+8550962506071
Smart-096-2506072,Mobile,+8550962506072
Smart-096-2506073,Mobile,+8550962506073
Smart-096-2506074,Mobile,+8550962506074
Smart-096-2506075,Mobile,+8550962506075
Smart-096-2506076,Mobile,+8550962506076
Smart-096-2506077,Mobile,+8550962506077
Smart-096-2506078,Mobile,+8550962506078
Smart-096-2506079,Mobile,+8550962506079
Smart-096-2506080,Mobile,+8550962506080
Smart-096-2506081,Mobile,+8550962506081
Smart-096-2506082,Mobile,+8550962506082
Smart-096-2506083,Mobile,+8550962506083
Smart-096-2506084,Mobile,+8550962506084
Smart-096-2506085,Mobile,+8550962506085
Smart-096-2506086,Mobile,+8550962506086
Smart-096-2506087,Mobile,+8550962506087
Smart-096-2506088,Mobile,+8550962506088
Smart-096-2506089,Mobile,+8550962506089
Smart-096-2506090,Mobile,+8550962506090
Smart-096-2506091,Mobile,+8550962506091
Smart-096-2506092,Mobile,+8550962506092
Smart-096-2506093,Mobile,+8550962506093
Smart-096-2506094,Mobile,+8550962506094
Smart-096-2506095,Mobile,+8550962506095
Smart-096-2506096,Mobile,+8550962506096
Smart-096-2506097,Mobile,+8550962506097
Smart-096-2506098,Mobile,+8550962506098
Smart-096-2506099,Mobile,+8550962506099
Smart-096-2506100,Mobile,+8550962506100
Smart-096-2506101,Mobile,+8550962506101
Smart-096-2506102,Mobile,+8550962506102
Smart-096-2506103,Mobile,+8550962506103
Smart-096-2506104,Mobile,+8550962506104
Smart-096-2506105,Mobile,+8550962506105
Smart-096-2506106,Mobile,+8550962506106
Smart-096-2506107,Mobile,+8550962506107
Smart-096-2506108,Mobile,+8550962506108
Smart-096-2506109,Mobile,+8550962506109
Smart-096-2506110,Mobile,+8550962506110
Smart-096-2506111,Mobile,+8550962506111
Smart-096-2506112,Mobile,+8550962506112
Smart-096-2506113,Mobile,+8550962506113
Smart-096-2506114,Mobile,+8550962506114
Smart-096-2506115,Mobile,+8550962506115
Smart-096-2506116,Mobile,+8550962506116
Smart-096-2506117,Mobile,+8550962506117
Smart-096-2506118,Mobile,+8550962506118
Smart-096-2506119,Mobile,+8550962506119
Smart-096-2506120,Mobile,+8550962506120
Smart-096-2506121,Mobile,+8550962506121
Smart-096-2506122,Mobile,+8550962506122
Smart-096-2506123,Mobile,+8550962506123
Smart-096-2506124,Mobile,+8550962506124
Smart-096-2506125,Mobile,+8550962506125
Smart-096-2506126,Mobile,+8550962506126
Smart-096-2506127,Mobile,+8550962506127
Smart-096-2506128,Mobile,+8550962506128
Smart-096-2506129,Mobile,+8550962506129
Smart-096-2506130,Mobile,+8550962506130
Smart-096-2506131,Mobile,+8550962506131
Smart-096-2506132,Mobile,+8550962506132
Smart-096-2506133,Mobile,+8550962506133
Smart-096-2506134,Mobile,+8550962506134
Smart-096-2506135,Mobile,+8550962506135
Smart-096-2506136,Mobile,+8550962506136
Smart-096-2506137,Mobile,+8550962506137
Smart-096-2506138,Mobile,+8550962506138
Smart-096-2506139,Mobile,+8550962506139
Smart-096-2506140,Mobile,+8550962506140
Smart-096-2506141,Mobile,+8550962506141
Smart-096-2506142,Mobile,+8550962506142
Smart-096-2506143,Mobile,+8550962506143
Smart-096-2506144,Mobile,+8550962506144
Smart-096-2506145,Mobile,+8550962506145
Smart-096-2506146,Mobile,+8550962506146
Smart-096-2506147,Mobile,+8550962506147
Smart-096-2506148,Mobile,+8550962506148
Smart-096-2506149,Mobile,+8550962506149
Smart-096-2506150,Mobile,+8550962506150
Smart-096-2506151,Mobile,+8550962506151
Smart-096-2506152,Mobile,+8550962506152
Smart-096-2506153,Mobile,+8550962506153
Smart-096-2506154,Mobile,+8550962506154
Smart-096-2506155,Mobile,+8550962506155
Smart-096-2506156,Mobile,+8550962506156
Smart-096-2506157,Mobile,+8550962506157
Smart-096-2506158,Mobile,+8550962506158
Smart-096-2506159,Mobile,+8550962506159
Smart-096-2506160,Mobile,+8550962506160
Smart-096-2506161,Mobile,+8550962506161
Smart-096-2506162,Mobile,+8550962506162
Smart-096-2506163,Mobile,+8550962506163
Smart-096-2506164,Mobile,+8550962506164
Smart-096-2506165,Mobile,+8550962506165
Smart-096-2506166,Mobile,+8550962506166
Smart-096-2506167,Mobile,+8550962506167
Smart-096-2506168,Mobile,+8550962506168
Smart-096-2506169,Mobile,+8550962506169
Smart-096-2506170,Mobile,+8550962506170
Smart-096-2506171,Mobile,+8550962506171
Smart-096-2506172,Mobile,+8550962506172
Smart-096-2506173,Mobile,+8550962506173
Smart-096-2506174,Mobile,+8550962506174
Smart-096-2506175,Mobile,+8550962506175
Smart-096-2506176,Mobile,+8550962506176
Smart-096-2506177,Mobile,+8550962506177
Smart-096-2506178,Mobile,+8550962506178
Smart-096-2506179,Mobile,+8550962506179
Smart-096-2506180,Mobile,+8550962506180
Smart-096-2506181,Mobile,+8550962506181
Smart-096-2506182,Mobile,+8550962506182
Smart-096-2506183,Mobile,+8550962506183
Smart-096-2506184,Mobile,+8550962506184
Smart-096-2506185,Mobile,+8550962506185
Smart-096-2506186,Mobile,+8550962506186
Smart-096-2506187,Mobile,+8550962506187
Smart-096-2506188,Mobile,+8550962506188
Smart-096-2506189,Mobile,+8550962506189
Smart-096-2506190,Mobile,+8550962506190
Smart-096-2506191,Mobile,+8550962506191
Smart-096-2506192,Mobile,+8550962506192
Smart-096-2506193,Mobile,+8550962506193
Smart-096-2506194,Mobile,+8550962506194
Smart-096-2506195,Mobile,+8550962506195
Smart-096-2506196,Mobile,+8550962506196
Smart-096-2506197,Mobile,+8550962506197
Smart-096-2506198,Mobile,+8550962506198
Smart-096-2506199,Mobile,+8550962506199
Smart-096-2506200,Mobile,+8550962506200
Smart-096-2506201,Mobile,+8550962506201
Smart-096-2506202,Mobile,+8550962506202
Smart-096-2506203,Mobile,+8550962506203
Smart-096-2506204,Mobile,+8550962506204
Smart-096-2506205,Mobile,+8550962506205
Smart-096-2506206,Mobile,+8550962506206
Smart-096-2506207,Mobile,+8550962506207
Smart-096-2506208,Mobile,+8550962506208
Smart-096-2506209,Mobile,+8550962506209
Smart-096-2506210,Mobile,+8550962506210
Smart-096-2506211,Mobile,+8550962506211
Smart-096-2506212,Mobile,+8550962506212
Smart-096-2506213,Mobile,+8550962506213
Smart-096-2506214,Mobile,+8550962506214
Smart-096-2506215,Mobile,+8550962506215
Smart-096-2506216,Mobile,+8550962506216
Smart-096-2506217,Mobile,+8550962506217
Smart-096-2506218,Mobile,+8550962506218
Smart-096-2506219,Mobile,+8550962506219
Smart-096-2506220,Mobile,+8550962506220
Smart-096-2506221,Mobile,+8550962506221
Smart-096-2506222,Mobile,+8550962506222
Smart-096-2506223,Mobile,+8550962506223
Smart-096-2506224,Mobile,+8550962506224
Smart-096-2506225,Mobile,+8550962506225
Smart-096-2506226,Mobile,+8550962506226
Smart-096-2506227,Mobile,+8550962506227
Smart-096-2506228,Mobile,+8550962506228
Smart-096-2506229,Mobile,+8550962506229
Smart-096-2506230,Mobile,+8550962506230
Smart-096-2506231,Mobile,+8550962506231
Smart-096-2506232,Mobile,+8550962506232
Smart-096-2506233,Mobile,+8550962506233
Smart-096-2506234,Mobile,+8550962506234
Smart-096-2506235,Mobile,+8550962506235
Smart-096-2506236,Mobile,+8550962506236
Smart-096-2506237,Mobile,+8550962506237
Smart-096-2506238,Mobile,+8550962506238
Smart-096-2506239,Mobile,+8550962506239
Smart-096-2506240,Mobile,+8550962506240
Smart-096-2506241,Mobile,+8550962506241
Smart-096-2506242,Mobile,+8550962506242
Smart-096-2506243,Mobile,+8550962506243
Smart-096-2506244,Mobile,+8550962506244
Smart-096-2506245,Mobile,+8550962506245
Smart-096-2506246,Mobile,+8550962506246
Smart-096-2506247,Mobile,+8550962506247
Smart-096-2506248,Mobile,+8550962506248
Smart-096-2506249,Mobile,+8550962506249
Smart-096-2506250,Mobile,+8550962506250
Smart-096-2506251,Mobile,+8550962506251
Smart-096-2506252,Mobile,+8550962506252
Smart-096-2506253,Mobile,+8550962506253
Smart-096-2506254,Mobile,+8550962506254
Smart-096-2506255,Mobile,+8550962506255
Smart-096-2506256,Mobile,+8550962506256
Smart-096-2506257,Mobile,+8550962506257
Smart-096-2506258,Mobile,+8550962506258
Smart-096-2506259,Mobile,+8550962506259
Smart-096-2506260,Mobile,+8550962506260
Smart-096-2506261,Mobile,+8550962506261
Smart-096-2506262,Mobile,+8550962506262
Smart-096-2506263,Mobile,+8550962506263
Smart-096-2506264,Mobile,+8550962506264
Smart-096-2506265,Mobile,+8550962506265
Smart-096-2506266,Mobile,+8550962506266
Smart-096-2506267,Mobile,+8550962506267
Smart-096-2506268,Mobile,+8550962506268
Smart-096-2506269,Mobile,+8550962506269
Smart-096-2506270,Mobile,+8550962506270
Smart-096-2506271,Mobile,+8550962506271
Smart-096-2506272,Mobile,+8550962506272
Smart-096-2506273,Mobile,+8550962506273
Smart-096-2506274,Mobile,+8550962506274
Smart-096-2506275,Mobile,+8550962506275
Smart-096-2506276,Mobile,+8550962506276
Smart-096-2506277,Mobile,+8550962506277
Smart-096-2506278,Mobile,+8550962506278
Smart-096-2506279,Mobile,+8550962506279
Smart-096-2506280,Mobile,+8550962506280
Smart-096-2506281,Mobile,+8550962506281
Smart-096-2506282,Mobile,+8550962506282
Smart-096-2506283,Mobile,+8550962506283
Smart-096-2506284,Mobile,+8550962506284
Smart-096-2506285,Mobile,+8550962506285
Smart-096-2506286,Mobile,+8550962506286
Smart-096-2506287,Mobile,+8550962506287
Smart-096-2506288,Mobile,+8550962506288
Smart-096-2506289,Mobile,+8550962506289
Smart-096-2506290,Mobile,+8550962506290
Smart-096-2506291,Mobile,+8550962506291
Smart-096-2506292,Mobile,+8550962506292
Smart-096-2506293,Mobile,+8550962506293
Smart-096-2506294,Mobile,+8550962506294
Smart-096-2506295,Mobile,+8550962506295
Smart-096-2506296,Mobile,+8550962506296
Smart-096-2506297,Mobile,+8550962506297
Smart-096-2506298,Mobile,+8550962506298
Smart-096-2506299,Mobile,+8550962506299
Smart-096-2506300,Mobile,+8550962506300
Smart-096-2506301,Mobile,+8550962506301
Smart-096-2506302,Mobile,+8550962506302
Smart-096-2506303,Mobile,+8550962506303
Smart-096-2506304,Mobile,+8550962506304
Smart-096-2506305,Mobile,+8550962506305
Smart-096-2506306,Mobile,+8550962506306
Smart-096-2506307,Mobile,+8550962506307
Smart-096-2506308,Mobile,+8550962506308
Smart-096-2506309,Mobile,+8550962506309
Smart-096-2506310,Mobile,+8550962506310
Smart-096-2506311,Mobile,+8550962506311
Smart-096-2506312,Mobile,+8550962506312
Smart-096-2506313,Mobile,+8550962506313
Smart-096-2506314,Mobile,+8550962506314
Smart-096-2506315,Mobile,+8550962506315
Smart-096-2506316,Mobile,+8550962506316
Smart-096-2506317,Mobile,+8550962506317
Smart-096-2506318,Mobile,+8550962506318
Smart-096-2506319,Mobile,+8550962506319
Smart-096-2506320,Mobile,+8550962506320
Smart-096-2506321,Mobile,+8550962506321
Smart-096-2506322,Mobile,+8550962506322
Smart-096-2506323,Mobile,+8550962506323
Smart-096-2506324,Mobile,+8550962506324
Smart-096-2506325,Mobile,+8550962506325
Smart-096-2506326,Mobile,+8550962506326
Smart-096-2506327,Mobile,+8550962506327
Smart-096-2506328,Mobile,+8550962506328
Smart-096-2506329,Mobile,+8550962506329
Smart-096-2506330,Mobile,+8550962506330
Smart-096-2506331,Mobile,+8550962506331
Smart-096-2506332,Mobile,+8550962506332
Smart-096-2506333,Mobile,+8550962506333
Smart-096-2506334,Mobile,+8550962506334
Smart-096-2506335,Mobile,+8550962506335
Smart-096-2506336,Mobile,+8550962506336
Smart-096-2506337,Mobile,+8550962506337
Smart-096-2506338,Mobile,+8550962506338
Smart-096-2506339,Mobile,+8550962506339
Smart-096-2506340,Mobile,+8550962506340
Smart-096-2506341,Mobile,+8550962506341
Smart-096-2506342,Mobile,+8550962506342
Smart-096-2506343,Mobile,+8550962506343
Smart-096-2506344,Mobile,+8550962506344
Smart-096-2506345,Mobile,+8550962506345
Smart-096-2506346,Mobile,+8550962506346
Smart-096-2506347,Mobile,+8550962506347
Smart-096-2506348,Mobile,+8550962506348
Smart-096-2506349,Mobile,+8550962506349
Smart-096-2506350,Mobile,+8550962506350
Smart-096-2506351,Mobile,+8550962506351
Smart-096-2506352,Mobile,+8550962506352
Smart-096-2506353,Mobile,+8550962506353
Smart-096-2506354,Mobile,+8550962506354
Smart-096-2506355,Mobile,+8550962506355
Smart-096-2506356,Mobile,+8550962506356
Smart-096-2506357,Mobile,+8550962506357
Smart-096-2506358,Mobile,+8550962506358
Smart-096-2506359,Mobile,+8550962506359
Smart-096-2506360,Mobile,+8550962506360
Smart-096-2506361,Mobile,+8550962506361
Smart-096-2506362,Mobile,+8550962506362
Smart-096-2506363,Mobile,+8550962506363
Smart-096-2506364,Mobile,+8550962506364
Smart-096-2506365,Mobile,+8550962506365
Smart-096-2506366,Mobile,+8550962506366
Smart-096-2506367,Mobile,+8550962506367
Smart-096-2506368,Mobile,+8550962506368
Smart-096-2506369,Mobile,+8550962506369
Smart-096-2506370,Mobile,+8550962506370
Smart-096-2506371,Mobile,+8550962506371
Smart-096-2506372,Mobile,+8550962506372
Smart-096-2506373,Mobile,+8550962506373
Smart-096-2506374,Mobile,+8550962506374
Smart-096-2506375,Mobile,+8550962506375
Smart-096-2506376,Mobile,+8550962506376
Smart-096-2506377,Mobile,+8550962506377
Smart-096-2506378,Mobile,+8550962506378
Smart-096-2506379,Mobile,+8550962506379
Smart-096-2506380,Mobile,+8550962506380
Smart-096-2506381,Mobile,+8550962506381
Smart-096-2506382,Mobile,+8550962506382
Smart-096-2506383,Mobile,+8550962506383
Smart-096-2506384,Mobile,+8550962506384
Smart-096-2506385,Mobile,+8550962506385
Smart-096-2506386,Mobile,+8550962506386
Smart-096-2506387,Mobile,+8550962506387
Smart-096-2506388,Mobile,+8550962506388
Smart-096-2506389,Mobile,+8550962506389
Smart-096-2506390,Mobile,+8550962506390
Smart-096-2506391,Mobile,+8550962506391
Smart-096-2506392,Mobile,+8550962506392
Smart-096-2506393,Mobile,+8550962506393
Smart-096-2506394,Mobile,+8550962506394
Smart-096-2506395,Mobile,+8550962506395
Smart-096-2506396,Mobile,+8550962506396
Smart-096-2506397,Mobile,+8550962506397
Smart-096-2506398,Mobile,+8550962506398
Smart-096-2506399,Mobile,+8550962506399
Smart-096-2506400,Mobile,+8550962506400
Smart-096-2506401,Mobile,+8550962506401
Smart-096-2506402,Mobile,+8550962506402
Smart-096-2506403,Mobile,+8550962506403
Smart-096-2506404,Mobile,+8550962506404
Smart-096-2506405,Mobile,+8550962506405
Smart-096-2506406,Mobile,+8550962506406
Smart-096-2506407,Mobile,+8550962506407
Smart-096-2506408,Mobile,+8550962506408
Smart-096-2506409,Mobile,+8550962506409
Smart-096-2506410,Mobile,+8550962506410
Smart-096-2506411,Mobile,+8550962506411
Smart-096-2506412,Mobile,+8550962506412
Smart-096-2506413,Mobile,+8550962506413
Smart-096-2506414,Mobile,+8550962506414
Smart-096-2506415,Mobile,+8550962506415
Smart-096-2506416,Mobile,+8550962506416
Smart-096-2506417,Mobile,+8550962506417
Smart-096-2506418,Mobile,+8550962506418
Smart-096-2506419,Mobile,+8550962506419
Smart-096-2506420,Mobile,+8550962506420
Smart-096-2506421,Mobile,+8550962506421
Smart-096-2506422,Mobile,+8550962506422
Smart-096-2506423,Mobile,+8550962506423
Smart-096-2506424,Mobile,+8550962506424
Smart-096-2506425,Mobile,+8550962506425
Smart-096-2506426,Mobile,+8550962506426
Smart-096-2506427,Mobile,+8550962506427
Smart-096-2506428,Mobile,+8550962506428
Smart-096-2506429,Mobile,+8550962506429
Smart-096-2506430,Mobile,+8550962506430
Smart-096-2506431,Mobile,+8550962506431
Smart-096-2506432,Mobile,+8550962506432
Smart-096-2506433,Mobile,+8550962506433
Smart-096-2506434,Mobile,+8550962506434
Smart-096-2506435,Mobile,+8550962506435
Smart-096-2506436,Mobile,+8550962506436
Smart-096-2506437,Mobile,+8550962506437
Smart-096-2506438,Mobile,+8550962506438
Smart-096-2506439,Mobile,+8550962506439
Smart-096-2506440,Mobile,+8550962506440
Smart-096-2506441,Mobile,+8550962506441
Smart-096-2506442,Mobile,+8550962506442
Smart-096-2506443,Mobile,+8550962506443
Smart-096-2506444,Mobile,+8550962506444
Smart-096-2506445,Mobile,+8550962506445
Smart-096-2506446,Mobile,+8550962506446
Smart-096-2506447,Mobile,+8550962506447
Smart-096-2506448,Mobile,+8550962506448
Smart-096-2506449,Mobile,+8550962506449
Smart-096-2506450,Mobile,+8550962506450
Smart-096-2506451,Mobile,+8550962506451
Smart-096-2506452,Mobile,+8550962506452
Smart-096-2506453,Mobile,+8550962506453
Smart-096-2506454,Mobile,+8550962506454
Smart-096-2506455,Mobile,+8550962506455
Smart-096-2506456,Mobile,+8550962506456
Smart-096-2506457,Mobile,+8550962506457
Smart-096-2506458,Mobile,+8550962506458
Smart-096-2506459,Mobile,+8550962506459
Smart-096-2506460,Mobile,+8550962506460
Smart-096-2506461,Mobile,+8550962506461
Smart-096-2506462,Mobile,+8550962506462
Smart-096-2506463,Mobile,+8550962506463
Smart-096-2506464,Mobile,+8550962506464
Smart-096-2506465,Mobile,+8550962506465
Smart-096-2506466,Mobile,+8550962506466
Smart-096-2506467,Mobile,+8550962506467
Smart-096-2506468,Mobile,+8550962506468
Smart-096-2506469,Mobile,+8550962506469
Smart-096-2506470,Mobile,+8550962506470
Smart-096-2506471,Mobile,+8550962506471
Smart-096-2506472,Mobile,+8550962506472
Smart-096-2506473,Mobile,+8550962506473
Smart-096-2506474,Mobile,+8550962506474
Smart-096-2506475,Mobile,+8550962506475
Smart-096-2506476,Mobile,+8550962506476
Smart-096-2506477,Mobile,+8550962506477
Smart-096-2506478,Mobile,+8550962506478
Smart-096-2506479,Mobile,+8550962506479
Smart-096-2506480,Mobile,+8550962506480
Smart-096-2506481,Mobile,+8550962506481
Smart-096-2506482,Mobile,+8550962506482
Smart-096-2506483,Mobile,+8550962506483
Smart-096-2506484,Mobile,+8550962506484
Smart-096-2506485,Mobile,+8550962506485
Smart-096-2506486,Mobile,+8550962506486
Smart-096-2506487,Mobile,+8550962506487
Smart-096-2506488,Mobile,+8550962506488
Smart-096-2506489,Mobile,+8550962506489
Smart-096-2506490,Mobile,+8550962506490
Smart-096-2506491,Mobile,+8550962506491
Smart-096-2506492,Mobile,+8550962506492
Smart-096-2506493,Mobile,+8550962506493
Smart-096-2506494,Mobile,+8550962506494
Smart-096-2506495,Mobile,+8550962506495
Smart-096-2506496,Mobile,+8550962506496
Smart-096-2506497,Mobile,+8550962506497
Smart-096-2506498,Mobile,+8550962506498
Smart-096-2506499,Mobile,+8550962506499
Smart-096-2506500,Mobile,+8550962506500
Smart-096-2506501,Mobile,+8550962506501
Smart-096-2506502,Mobile,+8550962506502
Smart-096-2506503,Mobile,+8550962506503
Smart-096-2506504,Mobile,+8550962506504
Smart-096-2506505,Mobile,+8550962506505
Smart-096-2506506,Mobile,+8550962506506
Smart-096-2506507,Mobile,+8550962506507
Smart-096-2506508,Mobile,+8550962506508
Smart-096-2506509,Mobile,+8550962506509
Smart-096-2506510,Mobile,+8550962506510
Smart-096-2506511,Mobile,+8550962506511
Smart-096-2506512,Mobile,+8550962506512
Smart-096-2506513,Mobile,+8550962506513
Smart-096-2506514,Mobile,+8550962506514
Smart-096-2506515,Mobile,+8550962506515
Smart-096-2506516,Mobile,+8550962506516
Smart-096-2506517,Mobile,+8550962506517
Smart-096-2506518,Mobile,+8550962506518
Smart-096-2506519,Mobile,+8550962506519
Smart-096-2506520,Mobile,+8550962506520
Smart-096-2506521,Mobile,+8550962506521
Smart-096-2506522,Mobile,+8550962506522
Smart-096-2506523,Mobile,+8550962506523
Smart-096-2506524,Mobile,+8550962506524
Smart-096-2506525,Mobile,+8550962506525
Smart-096-2506526,Mobile,+8550962506526
Smart-096-2506527,Mobile,+8550962506527
Smart-096-2506528,Mobile,+8550962506528
Smart-096-2506529,Mobile,+8550962506529
Smart-096-2506530,Mobile,+8550962506530
Smart-096-2506531,Mobile,+8550962506531
Smart-096-2506532,Mobile,+8550962506532
Smart-096-2506533,Mobile,+8550962506533
Smart-096-2506534,Mobile,+8550962506534
Smart-096-2506535,Mobile,+8550962506535
Smart-096-2506536,Mobile,+8550962506536
Smart-096-2506537,Mobile,+8550962506537
Smart-096-2506538,Mobile,+8550962506538
Smart-096-2506539,Mobile,+8550962506539
Smart-096-2506540,Mobile,+8550962506540
Smart-096-2506541,Mobile,+8550962506541
Smart-096-2506542,Mobile,+8550962506542
Smart-096-2506543,Mobile,+8550962506543
Smart-096-2506544,Mobile,+8550962506544
Smart-096-2506545,Mobile,+8550962506545
Smart-096-2506546,Mobile,+8550962506546
Smart-096-2506547,Mobile,+8550962506547
Smart-096-2506548,Mobile,+8550962506548
Smart-096-2506549,Mobile,+8550962506549
Smart-096-2506550,Mobile,+8550962506550
Smart-096-2506551,Mobile,+8550962506551
Smart-096-2506552,Mobile,+8550962506552
Smart-096-2506553,Mobile,+8550962506553
Smart-096-2506554,Mobile,+8550962506554
Smart-096-2506555,Mobile,+8550962506555
Smart-096-2506556,Mobile,+8550962506556
Smart-096-2506557,Mobile,+8550962506557
Smart-096-2506558,Mobile,+8550962506558
Smart-096-2506559,Mobile,+8550962506559
Smart-096-2506560,Mobile,+8550962506560
Smart-096-2506561,Mobile,+8550962506561
Smart-096-2506562,Mobile,+8550962506562
Smart-096-2506563,Mobile,+8550962506563
Smart-096-2506564,Mobile,+8550962506564
Smart-096-2506565,Mobile,+8550962506565
Smart-096-2506566,Mobile,+8550962506566
Smart-096-2506567,Mobile,+8550962506567
Smart-096-2506568,Mobile,+8550962506568
Smart-096-2506569,Mobile,+8550962506569
Smart-096-2506570,Mobile,+8550962506570
Smart-096-2506571,Mobile,+8550962506571
Smart-096-2506572,Mobile,+8550962506572
Smart-096-2506573,Mobile,+8550962506573
Smart-096-2506574,Mobile,+8550962506574
Smart-096-2506575,Mobile,+8550962506575
Smart-096-2506576,Mobile,+8550962506576
Smart-096-2506577,Mobile,+8550962506577
Smart-096-2506578,Mobile,+8550962506578
Smart-096-2506579,Mobile,+8550962506579
Smart-096-2506580,Mobile,+8550962506580
Smart-096-2506581,Mobile,+8550962506581
Smart-096-2506582,Mobile,+8550962506582
Smart-096-2506583,Mobile,+8550962506583
Smart-096-2506584,Mobile,+8550962506584
Smart-096-2506585,Mobile,+8550962506585
Smart-096-2506586,Mobile,+8550962506586
Smart-096-2506587,Mobile,+8550962506587
Smart-096-2506588,Mobile,+8550962506588
Smart-096-2506589,Mobile,+8550962506589
Smart-096-2506590,Mobile,+8550962506590
Smart-096-2506591,Mobile,+8550962506591
Smart-096-2506592,Mobile,+8550962506592
Smart-096-2506593,Mobile,+8550962506593
Smart-096-2506594,Mobile,+8550962506594
Smart-096-2506595,Mobile,+8550962506595
Smart-096-2506596,Mobile,+8550962506596
Smart-096-2506597,Mobile,+8550962506597
Smart-096-2506598,Mobile,+8550962506598
Smart-096-2506599,Mobile,+8550962506599
Smart-096-2506600,Mobile,+8550962506600
Smart-096-2506601,Mobile,+8550962506601
Smart-096-2506602,Mobile,+8550962506602
Smart-096-2506603,Mobile,+8550962506603
Smart-096-2506604,Mobile,+8550962506604
Smart-096-2506605,Mobile,+8550962506605
Smart-096-2506606,Mobile,+8550962506606
Smart-096-2506607,Mobile,+8550962506607
Smart-096-2506608,Mobile,+8550962506608
Smart-096-2506609,Mobile,+8550962506609
Smart-096-2506610,Mobile,+8550962506610
Smart-096-2506611,Mobile,+8550962506611
Smart-096-2506612,Mobile,+8550962506612
Smart-096-2506613,Mobile,+8550962506613
Smart-096-2506614,Mobile,+8550962506614
Smart-096-2506615,Mobile,+8550962506615
Smart-096-2506616,Mobile,+8550962506616
Smart-096-2506617,Mobile,+8550962506617
Smart-096-2506618,Mobile,+8550962506618
Smart-096-2506619,Mobile,+8550962506619
Smart-096-2506620,Mobile,+8550962506620
Smart-096-2506621,Mobile,+8550962506621
Smart-096-2506622,Mobile,+8550962506622
Smart-096-2506623,Mobile,+8550962506623
Smart-096-2506624,Mobile,+8550962506624
Smart-096-2506625,Mobile,+8550962506625
Smart-096-2506626,Mobile,+8550962506626
Smart-096-2506627,Mobile,+8550962506627
Smart-096-2506628,Mobile,+8550962506628
Smart-096-2506629,Mobile,+8550962506629
Smart-096-2506630,Mobile,+8550962506630
Smart-096-2506631,Mobile,+8550962506631
Smart-096-2506632,Mobile,+8550962506632
Smart-096-2506633,Mobile,+8550962506633
Smart-096-2506634,Mobile,+8550962506634
Smart-096-2506635,Mobile,+8550962506635
Smart-096-2506636,Mobile,+8550962506636
Smart-096-2506637,Mobile,+8550962506637
Smart-096-2506638,Mobile,+8550962506638
Smart-096-2506639,Mobile,+8550962506639
Smart-096-2506640,Mobile,+8550962506640
Smart-096-2506641,Mobile,+8550962506641
Smart-096-2506642,Mobile,+8550962506642
Smart-096-2506643,Mobile,+8550962506643
Smart-096-2506644,Mobile,+8550962506644
Smart-096-2506645,Mobile,+8550962506645
Smart-096-2506646,Mobile,+8550962506646
Smart-096-2506647,Mobile,+8550962506647
Smart-096-2506648,Mobile,+8550962506648
Smart-096-2506649,Mobile,+8550962506649
Smart-096-2506650,Mobile,+8550962506650
Smart-096-2506651,Mobile,+8550962506651
Smart-096-2506652,Mobile,+8550962506652
Smart-096-2506653,Mobile,+8550962506653
Smart-096-2506654,Mobile,+8550962506654
Smart-096-2506655,Mobile,+8550962506655
Smart-096-2506656,Mobile,+8550962506656
Smart-096-2506657,Mobile,+8550962506657
Smart-096-2506658,Mobile,+8550962506658
Smart-096-2506659,Mobile,+8550962506659
Smart-096-2506660,Mobile,+8550962506660
Smart-096-2506661,Mobile,+8550962506661
Smart-096-2506662,Mobile,+8550962506662
Smart-096-2506663,Mobile,+8550962506663
Smart-096-2506664,Mobile,+8550962506664
Smart-096-2506665,Mobile,+8550962506665
Smart-096-2506666,Mobile,+8550962506666
Smart-096-2506667,Mobile,+8550962506667
Smart-096-2506668,Mobile,+8550962506668
Smart-096-2506669,Mobile,+8550962506669
Smart-096-2506670,Mobile,+8550962506670
Smart-096-2506671,Mobile,+8550962506671
Smart-096-2506672,Mobile,+8550962506672
Smart-096-2506673,Mobile,+8550962506673
Smart-096-2506674,Mobile,+8550962506674
Smart-096-2506675,Mobile,+8550962506675
Smart-096-2506676,Mobile,+8550962506676
Smart-096-2506677,Mobile,+8550962506677
Smart-096-2506678,Mobile,+8550962506678
Smart-096-2506679,Mobile,+8550962506679
Smart-096-2506680,Mobile,+8550962506680
Smart-096-2506681,Mobile,+8550962506681
Smart-096-2506682,Mobile,+8550962506682
Smart-096-2506683,Mobile,+8550962506683
Smart-096-2506684,Mobile,+8550962506684
Smart-096-2506685,Mobile,+8550962506685
Smart-096-2506686,Mobile,+8550962506686
Smart-096-2506687,Mobile,+8550962506687
Smart-096-2506688,Mobile,+8550962506688
Smart-096-2506689,Mobile,+8550962506689
Smart-096-2506690,Mobile,+8550962506690
Smart-096-2506691,Mobile,+8550962506691
Smart-096-2506692,Mobile,+8550962506692
Smart-096-2506693,Mobile,+8550962506693
Smart-096-2506694,Mobile,+8550962506694
Smart-096-2506695,Mobile,+8550962506695
Smart-096-2506696,Mobile,+8550962506696
Smart-096-2506697,Mobile,+8550962506697
Smart-096-2506698,Mobile,+8550962506698
Smart-096-2506699,Mobile,+8550962506699
Smart-096-2506700,Mobile,+8550962506700
Smart-096-2506701,Mobile,+8550962506701
Smart-096-2506702,Mobile,+8550962506702
Smart-096-2506703,Mobile,+8550962506703
Smart-096-2506704,Mobile,+8550962506704
Smart-096-2506705,Mobile,+8550962506705
Smart-096-2506706,Mobile,+8550962506706
Smart-096-2506707,Mobile,+8550962506707
Smart-096-2506708,Mobile,+8550962506708
Smart-096-2506709,Mobile,+8550962506709
Smart-096-2506710,Mobile,+8550962506710
Smart-096-2506711,Mobile,+8550962506711
Smart-096-2506712,Mobile,+8550962506712
Smart-096-2506713,Mobile,+8550962506713
Smart-096-2506714,Mobile,+8550962506714
Smart-096-2506715,Mobile,+8550962506715
Smart-096-2506716,Mobile,+8550962506716
Smart-096-2506717,Mobile,+8550962506717
Smart-096-2506718,Mobile,+8550962506718
Smart-096-2506719,Mobile,+8550962506719
Smart-096-2506720,Mobile,+8550962506720
Smart-096-2506721,Mobile,+8550962506721
Smart-096-2506722,Mobile,+8550962506722
Smart-096-2506723,Mobile,+8550962506723
Smart-096-2506724,Mobile,+8550962506724
Smart-096-2506725,Mobile,+8550962506725
Smart-096-2506726,Mobile,+8550962506726
Smart-096-2506727,Mobile,+8550962506727
Smart-096-2506728,Mobile,+8550962506728
Smart-096-2506729,Mobile,+8550962506729
Smart-096-2506730,Mobile,+8550962506730
Smart-096-2506731,Mobile,+8550962506731
Smart-096-2506732,Mobile,+8550962506732
Smart-096-2506733,Mobile,+8550962506733
Smart-096-2506734,Mobile,+8550962506734
Smart-096-2506735,Mobile,+8550962506735
Smart-096-2506736,Mobile,+8550962506736
Smart-096-2506737,Mobile,+8550962506737
Smart-096-2506738,Mobile,+8550962506738
Smart-096-2506739,Mobile,+8550962506739
Smart-096-2506740,Mobile,+8550962506740
Smart-096-2506741,Mobile,+8550962506741
Smart-096-2506742,Mobile,+8550962506742
Smart-096-2506743,Mobile,+8550962506743
Smart-096-2506744,Mobile,+8550962506744
Smart-096-2506745,Mobile,+8550962506745
Smart-096-2506746,Mobile,+8550962506746
Smart-096-2506747,Mobile,+8550962506747
Smart-096-2506748,Mobile,+8550962506748
Smart-096-2506749,Mobile,+8550962506749
Smart-096-2506750,Mobile,+8550962506750
Smart-096-2506751,Mobile,+8550962506751
Smart-096-2506752,Mobile,+8550962506752
Smart-096-2506753,Mobile,+8550962506753
Smart-096-2506754,Mobile,+8550962506754
Smart-096-2506755,Mobile,+8550962506755
Smart-096-2506756,Mobile,+8550962506756
Smart-096-2506757,Mobile,+8550962506757
Smart-096-2506758,Mobile,+8550962506758
Smart-096-2506759,Mobile,+8550962506759
Smart-096-2506760,Mobile,+8550962506760
Smart-096-2506761,Mobile,+8550962506761
Smart-096-2506762,Mobile,+8550962506762
Smart-096-2506763,Mobile,+8550962506763
Smart-096-2506764,Mobile,+8550962506764
Smart-096-2506765,Mobile,+8550962506765
Smart-096-2506766,Mobile,+8550962506766
Smart-096-2506767,Mobile,+8550962506767
Smart-096-2506768,Mobile,+8550962506768
Smart-096-2506769,Mobile,+8550962506769
Smart-096-2506770,Mobile,+8550962506770
Smart-096-2506771,Mobile,+8550962506771
Smart-096-2506772,Mobile,+8550962506772
Smart-096-2506773,Mobile,+8550962506773
Smart-096-2506774,Mobile,+8550962506774
Smart-096-2506775,Mobile,+8550962506775
Smart-096-2506776,Mobile,+8550962506776
Smart-096-2506777,Mobile,+8550962506777
Smart-096-2506778,Mobile,+8550962506778
Smart-096-2506779,Mobile,+8550962506779
Smart-096-2506780,Mobile,+8550962506780
Smart-096-2506781,Mobile,+8550962506781
Smart-096-2506782,Mobile,+8550962506782
Smart-096-2506783,Mobile,+8550962506783
Smart-096-2506784,Mobile,+8550962506784
Smart-096-2506785,Mobile,+8550962506785
Smart-096-2506786,Mobile,+8550962506786
Smart-096-2506787,Mobile,+8550962506787
Smart-096-2506788,Mobile,+8550962506788
Smart-096-2506789,Mobile,+8550962506789
Smart-096-2506790,Mobile,+8550962506790
Smart-096-2506791,Mobile,+8550962506791
Smart-096-2506792,Mobile,+8550962506792
Smart-096-2506793,Mobile,+8550962506793
Smart-096-2506794,Mobile,+8550962506794
Smart-096-2506795,Mobile,+8550962506795
Smart-096-2506796,Mobile,+8550962506796
Smart-096-2506797,Mobile,+8550962506797
Smart-096-2506798,Mobile,+8550962506798
Smart-096-2506799,Mobile,+8550962506799
Smart-096-2506800,Mobile,+8550962506800
Smart-096-2506801,Mobile,+8550962506801
Smart-096-2506802,Mobile,+8550962506802
Smart-096-2506803,Mobile,+8550962506803
Smart-096-2506804,Mobile,+8550962506804
Smart-096-2506805,Mobile,+8550962506805
Smart-096-2506806,Mobile,+8550962506806
Smart-096-2506807,Mobile,+8550962506807
Smart-096-2506808,Mobile,+8550962506808
Smart-096-2506809,Mobile,+8550962506809
Smart-096-2506810,Mobile,+8550962506810
Smart-096-2506811,Mobile,+8550962506811
Smart-096-2506812,Mobile,+8550962506812
Smart-096-2506813,Mobile,+8550962506813
Smart-096-2506814,Mobile,+8550962506814
Smart-096-2506815,Mobile,+8550962506815
Smart-096-2506816,Mobile,+8550962506816
Smart-096-2506817,Mobile,+8550962506817
Smart-096-2506818,Mobile,+8550962506818
Smart-096-2506819,Mobile,+8550962506819
Smart-096-2506820,Mobile,+8550962506820
Smart-096-2506821,Mobile,+8550962506821
Smart-096-2506822,Mobile,+8550962506822
Smart-096-2506823,Mobile,+8550962506823
Smart-096-2506824,Mobile,+8550962506824
Smart-096-2506825,Mobile,+8550962506825
Smart-096-2506826,Mobile,+8550962506826
Smart-096-2506827,Mobile,+8550962506827
Smart-096-2506828,Mobile,+8550962506828
Smart-096-2506829,Mobile,+8550962506829
Smart-096-2506830,Mobile,+8550962506830
Smart-096-2506831,Mobile,+8550962506831
Smart-096-2506832,Mobile,+8550962506832
Smart-096-2506833,Mobile,+8550962506833
Smart-096-2506834,Mobile,+8550962506834
Smart-096-2506835,Mobile,+8550962506835
Smart-096-2506836,Mobile,+8550962506836
Smart-096-2506837,Mobile,+8550962506837
Smart-096-2506838,Mobile,+8550962506838
Smart-096-2506839,Mobile,+8550962506839
Smart-096-2506840,Mobile,+8550962506840
Smart-096-2506841,Mobile,+8550962506841
Smart-096-2506842,Mobile,+8550962506842
Smart-096-2506843,Mobile,+8550962506843
Smart-096-2506844,Mobile,+8550962506844
Smart-096-2506845,Mobile,+8550962506845
Smart-096-2506846,Mobile,+8550962506846
Smart-096-2506847,Mobile,+8550962506847
Smart-096-2506848,Mobile,+8550962506848
Smart-096-2506849,Mobile,+8550962506849
Smart-096-2506850,Mobile,+8550962506850
Smart-096-2506851,Mobile,+8550962506851
Smart-096-2506852,Mobile,+8550962506852
Smart-096-2506853,Mobile,+8550962506853
Smart-096-2506854,Mobile,+8550962506854
Smart-096-2506855,Mobile,+8550962506855
Smart-096-2506856,Mobile,+8550962506856
Smart-096-2506857,Mobile,+8550962506857
Smart-096-2506858,Mobile,+8550962506858
Smart-096-2506859,Mobile,+8550962506859
Smart-096-2506860,Mobile,+8550962506860
Smart-096-2506861,Mobile,+8550962506861
Smart-096-2506862,Mobile,+8550962506862
Smart-096-2506863,Mobile,+8550962506863
Smart-096-2506864,Mobile,+8550962506864
Smart-096-2506865,Mobile,+8550962506865
Smart-096-2506866,Mobile,+8550962506866
Smart-096-2506867,Mobile,+8550962506867
Smart-096-2506868,Mobile,+8550962506868
Smart-096-2506869,Mobile,+8550962506869
Smart-096-2506870,Mobile,+8550962506870
Smart-096-2506871,Mobile,+8550962506871
Smart-096-2506872,Mobile,+8550962506872
Smart-096-2506873,Mobile,+8550962506873
Smart-096-2506874,Mobile,+8550962506874
Smart-096-2506875,Mobile,+8550962506875
Smart-096-2506876,Mobile,+8550962506876
Smart-096-2506877,Mobile,+8550962506877
Smart-096-2506878,Mobile,+8550962506878
Smart-096-2506879,Mobile,+8550962506879
Smart-096-2506880,Mobile,+8550962506880
Smart-096-2506881,Mobile,+8550962506881
Smart-096-2506882,Mobile,+8550962506882
Smart-096-2506883,Mobile,+8550962506883
Smart-096-2506884,Mobile,+8550962506884
Smart-096-2506885,Mobile,+8550962506885
Smart-096-2506886,Mobile,+8550962506886
Smart-096-2506887,Mobile,+8550962506887
Smart-096-2506888,Mobile,+8550962506888
Smart-096-2506889,Mobile,+8550962506889
Smart-096-2506890,Mobile,+8550962506890
Smart-096-2506891,Mobile,+8550962506891
Smart-096-2506892,Mobile,+8550962506892
Smart-096-2506893,Mobile,+8550962506893
Smart-096-2506894,Mobile,+8550962506894
Smart-096-2506895,Mobile,+8550962506895
Smart-096-2506896,Mobile,+8550962506896
Smart-096-2506897,Mobile,+8550962506897
Smart-096-2506898,Mobile,+8550962506898
Smart-096-2506899,Mobile,+8550962506899
Smart-096-2506900,Mobile,+8550962506900
Smart-096-2506901,Mobile,+8550962506901
Smart-096-2506902,Mobile,+8550962506902
Smart-096-2506903,Mobile,+8550962506903
Smart-096-2506904,Mobile,+8550962506904
Smart-096-2506905,Mobile,+8550962506905
Smart-096-2506906,Mobile,+8550962506906
Smart-096-2506907,Mobile,+8550962506907
Smart-096-2506908,Mobile,+8550962506908
Smart-096-2506909,Mobile,+8550962506909
Smart-096-2506910,Mobile,+8550962506910
Smart-096-2506911,Mobile,+8550962506911
Smart-096-2506912,Mobile,+8550962506912
Smart-096-2506913,Mobile,+8550962506913
Smart-096-2506914,Mobile,+8550962506914
Smart-096-2506915,Mobile,+8550962506915
Smart-096-2506916,Mobile,+8550962506916
Smart-096-2506917,Mobile,+8550962506917
Smart-096-2506918,Mobile,+8550962506918
Smart-096-2506919,Mobile,+8550962506919
Smart-096-2506920,Mobile,+8550962506920
Smart-096-2506921,Mobile,+8550962506921
Smart-096-2506922,Mobile,+8550962506922
Smart-096-2506923,Mobile,+8550962506923
Smart-096-2506924,Mobile,+8550962506924
Smart-096-2506925,Mobile,+8550962506925
Smart-096-2506926,Mobile,+8550962506926
Smart-096-2506927,Mobile,+8550962506927
Smart-096-2506928,Mobile,+8550962506928
Smart-096-2506929,Mobile,+8550962506929
Smart-096-2506930,Mobile,+8550962506930
Smart-096-2506931,Mobile,+8550962506931
Smart-096-2506932,Mobile,+8550962506932
Smart-096-2506933,Mobile,+8550962506933
Smart-096-2506934,Mobile,+8550962506934
Smart-096-2506935,Mobile,+8550962506935
Smart-096-2506936,Mobile,+8550962506936
Smart-096-2506937,Mobile,+8550962506937
Smart-096-2506938,Mobile,+8550962506938
Smart-096-2506939,Mobile,+8550962506939
Smart-096-2506940,Mobile,+8550962506940
Smart-096-2506941,Mobile,+8550962506941
Smart-096-2506942,Mobile,+8550962506942
Smart-096-2506943,Mobile,+8550962506943
Smart-096-2506944,Mobile,+8550962506944
Smart-096-2506945,Mobile,+8550962506945
Smart-096-2506946,Mobile,+8550962506946
Smart-096-2506947,Mobile,+8550962506947
Smart-096-2506948,Mobile,+8550962506948
Smart-096-2506949,Mobile,+8550962506949
Smart-096-2506950,Mobile,+8550962506950
Smart-096-2506951,Mobile,+8550962506951
Smart-096-2506952,Mobile,+8550962506952
Smart-096-2506953,Mobile,+8550962506953
Smart-096-2506954,Mobile,+8550962506954
Smart-096-2506955,Mobile,+8550962506955
Smart-096-2506956,Mobile,+8550962506956
Smart-096-2506957,Mobile,+8550962506957
Smart-096-2506958,Mobile,+8550962506958
Smart-096-2506959,Mobile,+8550962506959
Smart-096-2506960,Mobile,+8550962506960
Smart-096-2506961,Mobile,+8550962506961
Smart-096-2506962,Mobile,+8550962506962
Smart-096-2506963,Mobile,+8550962506963
Smart-096-2506964,Mobile,+8550962506964
Smart-096-2506965,Mobile,+8550962506965
Smart-096-2506966,Mobile,+8550962506966
Smart-096-2506967,Mobile,+8550962506967
Smart-096-2506968,Mobile,+8550962506968
Smart-096-2506969,Mobile,+8550962506969
Smart-096-2506970,Mobile,+8550962506970
Smart-096-2506971,Mobile,+8550962506971
Smart-096-2506972,Mobile,+8550962506972
Smart-096-2506973,Mobile,+8550962506973
Smart-096-2506974,Mobile,+8550962506974
Smart-096-2506975,Mobile,+8550962506975
Smart-096-2506976,Mobile,+8550962506976
Smart-096-2506977,Mobile,+8550962506977
Smart-096-2506978,Mobile,+8550962506978
Smart-096-2506979,Mobile,+8550962506979
Smart-096-2506980,Mobile,+8550962506980
Smart-096-2506981,Mobile,+8550962506981
Smart-096-2506982,Mobile,+8550962506982
Smart-096-2506983,Mobile,+8550962506983
Smart-096-2506984,Mobile,+8550962506984
Smart-096-2506985,Mobile,+8550962506985
Smart-096-2506986,Mobile,+8550962506986
Smart-096-2506987,Mobile,+8550962506987
Smart-096-2506988,Mobile,+8550962506988
Smart-096-2506989,Mobile,+8550962506989
Smart-096-2506990,Mobile,+8550962506990
Smart-096-2506991,Mobile,+8550962506991
Smart-096-2506992,Mobile,+8550962506992
Smart-096-2506993,Mobile,+8550962506993
Smart-096-2506994,Mobile,+8550962506994
Smart-096-2506995,Mobile,+8550962506995
Smart-096-2506996,Mobile,+8550962506996
Smart-096-2506997,Mobile,+8550962506997
Smart-096-2506998,Mobile,+8550962506998
Smart-096-2506999,Mobile,+8550962506999
Smart-096-2507000,Mobile,+8550962507000
Smart-096-2507001,Mobile,+8550962507001
Smart-096-2507002,Mobile,+8550962507002
Smart-096-2507003,Mobile,+8550962507003
Smart-096-2507004,Mobile,+8550962507004
Smart-096-2507005,Mobile,+8550962507005
Smart-096-2507006,Mobile,+8550962507006
Smart-096-2507007,Mobile,+8550962507007
Smart-096-2507008,Mobile,+8550962507008
Smart-096-2507009,Mobile,+8550962507009
Smart-096-2507010,Mobile,+8550962507010
Smart-096-2507011,Mobile,+8550962507011
Smart-096-2507012,Mobile,+8550962507012
Smart-096-2507013,Mobile,+8550962507013
Smart-096-2507014,Mobile,+8550962507014
Smart-096-2507015,Mobile,+8550962507015
Smart-096-2507016,Mobile,+8550962507016
Smart-096-2507017,Mobile,+8550962507017
Smart-096-2507018,Mobile,+8550962507018
Smart-096-2507019,Mobile,+8550962507019
Smart-096-2507020,Mobile,+8550962507020
Smart-096-2507021,Mobile,+8550962507021
Smart-096-2507022,Mobile,+8550962507022
Smart-096-2507023,Mobile,+8550962507023
Smart-096-2507024,Mobile,+8550962507024
Smart-096-2507025,Mobile,+8550962507025
Smart-096-2507026,Mobile,+8550962507026
Smart-096-2507027,Mobile,+8550962507027
Smart-096-2507028,Mobile,+8550962507028
Smart-096-2507029,Mobile,+8550962507029
Smart-096-2507030,Mobile,+8550962507030
Smart-096-2507031,Mobile,+8550962507031
Smart-096-2507032,Mobile,+8550962507032
Smart-096-2507033,Mobile,+8550962507033
Smart-096-2507034,Mobile,+8550962507034
Smart-096-2507035,Mobile,+8550962507035
Smart-096-2507036,Mobile,+8550962507036
Smart-096-2507037,Mobile,+8550962507037
Smart-096-2507038,Mobile,+8550962507038
Smart-096-2507039,Mobile,+8550962507039
Smart-096-2507040,Mobile,+8550962507040
Smart-096-2507041,Mobile,+8550962507041
Smart-096-2507042,Mobile,+8550962507042
Smart-096-2507043,Mobile,+8550962507043
Smart-096-2507044,Mobile,+8550962507044
Smart-096-2507045,Mobile,+8550962507045
Smart-096-2507046,Mobile,+8550962507046
Smart-096-2507047,Mobile,+8550962507047
Smart-096-2507048,Mobile,+8550962507048
Smart-096-2507049,Mobile,+8550962507049
Smart-096-2507050,Mobile,+8550962507050
Smart-096-2507051,Mobile,+8550962507051
Smart-096-2507052,Mobile,+8550962507052
Smart-096-2507053,Mobile,+8550962507053
Smart-096-2507054,Mobile,+8550962507054
Smart-096-2507055,Mobile,+8550962507055
Smart-096-2507056,Mobile,+8550962507056
Smart-096-2507057,Mobile,+8550962507057
Smart-096-2507058,Mobile,+8550962507058
Smart-096-2507059,Mobile,+8550962507059
Smart-096-2507060,Mobile,+8550962507060
Smart-096-2507061,Mobile,+8550962507061
Smart-096-2507062,Mobile,+8550962507062
Smart-096-2507063,Mobile,+8550962507063
Smart-096-2507064,Mobile,+8550962507064
Smart-096-2507065,Mobile,+8550962507065
Smart-096-2507066,Mobile,+8550962507066
Smart-096-2507067,Mobile,+8550962507067
Smart-096-2507068,Mobile,+8550962507068
Smart-096-2507069,Mobile,+8550962507069
Smart-096-2507070,Mobile,+8550962507070
Smart-096-2507071,Mobile,+8550962507071
Smart-096-2507072,Mobile,+8550962507072
Smart-096-2507073,Mobile,+8550962507073
Smart-096-2507074,Mobile,+8550962507074
Smart-096-2507075,Mobile,+8550962507075
Smart-096-2507076,Mobile,+8550962507076
Smart-096-2507077,Mobile,+8550962507077
Smart-096-2507078,Mobile,+8550962507078
Smart-096-2507079,Mobile,+8550962507079
Smart-096-2507080,Mobile,+8550962507080
Smart-096-2507081,Mobile,+8550962507081
Smart-096-2507082,Mobile,+8550962507082
Smart-096-2507083,Mobile,+8550962507083
Smart-096-2507084,Mobile,+8550962507084
Smart-096-2507085,Mobile,+8550962507085
Smart-096-2507086,Mobile,+8550962507086
Smart-096-2507087,Mobile,+8550962507087
Smart-096-2507088,Mobile,+8550962507088
Smart-096-2507089,Mobile,+8550962507089
Smart-096-2507090,Mobile,+8550962507090
Smart-096-2507091,Mobile,+8550962507091
Smart-096-2507092,Mobile,+8550962507092
Smart-096-2507093,Mobile,+8550962507093
Smart-096-2507094,Mobile,+8550962507094
Smart-096-2507095,Mobile,+8550962507095
Smart-096-2507096,Mobile,+8550962507096
Smart-096-2507097,Mobile,+8550962507097
Smart-096-2507098,Mobile,+8550962507098
Smart-096-2507099,Mobile,+8550962507099
Smart-096-2507100,Mobile,+8550962507100
Smart-096-2507101,Mobile,+8550962507101
Smart-096-2507102,Mobile,+8550962507102
Smart-096-2507103,Mobile,+8550962507103
Smart-096-2507104,Mobile,+8550962507104
Smart-096-2507105,Mobile,+8550962507105
Smart-096-2507106,Mobile,+8550962507106
Smart-096-2507107,Mobile,+8550962507107
Smart-096-2507108,Mobile,+8550962507108
Smart-096-2507109,Mobile,+8550962507109
Smart-096-2507110,Mobile,+8550962507110
Smart-096-2507111,Mobile,+8550962507111
Smart-096-2507112,Mobile,+8550962507112
Smart-096-2507113,Mobile,+8550962507113
Smart-096-2507114,Mobile,+8550962507114
Smart-096-2507115,Mobile,+8550962507115
Smart-096-2507116,Mobile,+8550962507116
Smart-096-2507117,Mobile,+8550962507117
Smart-096-2507118,Mobile,+8550962507118
Smart-096-2507119,Mobile,+8550962507119
Smart-096-2507120,Mobile,+8550962507120
Smart-096-2507121,Mobile,+8550962507121
Smart-096-2507122,Mobile,+8550962507122
Smart-096-2507123,Mobile,+8550962507123
Smart-096-2507124,Mobile,+8550962507124
Smart-096-2507125,Mobile,+8550962507125
Smart-096-2507126,Mobile,+8550962507126
Smart-096-2507127,Mobile,+8550962507127
Smart-096-2507128,Mobile,+8550962507128
Smart-096-2507129,Mobile,+8550962507129
Smart-096-2507130,Mobile,+8550962507130
Smart-096-2507131,Mobile,+8550962507131
Smart-096-2507132,Mobile,+8550962507132
Smart-096-2507133,Mobile,+8550962507133
Smart-096-2507134,Mobile,+8550962507134
Smart-096-2507135,Mobile,+8550962507135
Smart-096-2507136,Mobile,+8550962507136
Smart-096-2507137,Mobile,+8550962507137
Smart-096-2507138,Mobile,+8550962507138
Smart-096-2507139,Mobile,+8550962507139
Smart-096-2507140,Mobile,+8550962507140
Smart-096-2507141,Mobile,+8550962507141
Smart-096-2507142,Mobile,+8550962507142
Smart-096-2507143,Mobile,+8550962507143
Smart-096-2507144,Mobile,+8550962507144
Smart-096-2507145,Mobile,+8550962507145
Smart-096-2507146,Mobile,+8550962507146
Smart-096-2507147,Mobile,+8550962507147
Smart-096-2507148,Mobile,+8550962507148
Smart-096-2507149,Mobile,+8550962507149
Smart-096-2507150,Mobile,+8550962507150
Smart-096-2507151,Mobile,+8550962507151
Smart-096-2507152,Mobile,+8550962507152
Smart-096-2507153,Mobile,+8550962507153
Smart-096-2507154,Mobile,+8550962507154
Smart-096-2507155,Mobile,+8550962507155
Smart-096-2507156,Mobile,+8550962507156
Smart-096-2507157,Mobile,+8550962507157
Smart-096-2507158,Mobile,+8550962507158
Smart-096-2507159,Mobile,+8550962507159
Smart-096-2507160,Mobile,+8550962507160
Smart-096-2507161,Mobile,+8550962507161
Smart-096-2507162,Mobile,+8550962507162
Smart-096-2507163,Mobile,+8550962507163
Smart-096-2507164,Mobile,+8550962507164
Smart-096-2507165,Mobile,+8550962507165
Smart-096-2507166,Mobile,+8550962507166
Smart-096-2507167,Mobile,+8550962507167
Smart-096-2507168,Mobile,+8550962507168
Smart-096-2507169,Mobile,+8550962507169
Smart-096-2507170,Mobile,+8550962507170
Smart-096-2507171,Mobile,+8550962507171
Smart-096-2507172,Mobile,+8550962507172
Smart-096-2507173,Mobile,+8550962507173
Smart-096-2507174,Mobile,+8550962507174
Smart-096-2507175,Mobile,+8550962507175
Smart-096-2507176,Mobile,+8550962507176
Smart-096-2507177,Mobile,+8550962507177
Smart-096-2507178,Mobile,+8550962507178
Smart-096-2507179,Mobile,+8550962507179
Smart-096-2507180,Mobile,+8550962507180
Smart-096-2507181,Mobile,+8550962507181
Smart-096-2507182,Mobile,+8550962507182
Smart-096-2507183,Mobile,+8550962507183
Smart-096-2507184,Mobile,+8550962507184
Smart-096-2507185,Mobile,+8550962507185
Smart-096-2507186,Mobile,+8550962507186
Smart-096-2507187,Mobile,+8550962507187
Smart-096-2507188,Mobile,+8550962507188
Smart-096-2507189,Mobile,+8550962507189
Smart-096-2507190,Mobile,+8550962507190
Smart-096-2507191,Mobile,+8550962507191
Smart-096-2507192,Mobile,+8550962507192
Smart-096-2507193,Mobile,+8550962507193
Smart-096-2507194,Mobile,+8550962507194
Smart-096-2507195,Mobile,+8550962507195
Smart-096-2507196,Mobile,+8550962507196
Smart-096-2507197,Mobile,+8550962507197
Smart-096-2507198,Mobile,+8550962507198
Smart-096-2507199,Mobile,+8550962507199
Smart-096-2507200,Mobile,+8550962507200
Smart-096-2507201,Mobile,+8550962507201
Smart-096-2507202,Mobile,+8550962507202
Smart-096-2507203,Mobile,+8550962507203
Smart-096-2507204,Mobile,+8550962507204
Smart-096-2507205,Mobile,+8550962507205
Smart-096-2507206,Mobile,+8550962507206
Smart-096-2507207,Mobile,+8550962507207
Smart-096-2507208,Mobile,+8550962507208
Smart-096-2507209,Mobile,+8550962507209
Smart-096-2507210,Mobile,+8550962507210
Smart-096-2507211,Mobile,+8550962507211
Smart-096-2507212,Mobile,+8550962507212
Smart-096-2507213,Mobile,+8550962507213
Smart-096-2507214,Mobile,+8550962507214
Smart-096-2507215,Mobile,+8550962507215
Smart-096-2507216,Mobile,+8550962507216
Smart-096-2507217,Mobile,+8550962507217
Smart-096-2507218,Mobile,+8550962507218
Smart-096-2507219,Mobile,+8550962507219
Smart-096-2507220,Mobile,+8550962507220
Smart-096-2507221,Mobile,+8550962507221
Smart-096-2507222,Mobile,+8550962507222
Smart-096-2507223,Mobile,+8550962507223
Smart-096-2507224,Mobile,+8550962507224
Smart-096-2507225,Mobile,+8550962507225
Smart-096-2507226,Mobile,+8550962507226
Smart-096-2507227,Mobile,+8550962507227
Smart-096-2507228,Mobile,+8550962507228
Smart-096-2507229,Mobile,+8550962507229
Smart-096-2507230,Mobile,+8550962507230
Smart-096-2507231,Mobile,+8550962507231
Smart-096-2507232,Mobile,+8550962507232
Smart-096-2507233,Mobile,+8550962507233
Smart-096-2507234,Mobile,+8550962507234
Smart-096-2507235,Mobile,+8550962507235
Smart-096-2507236,Mobile,+8550962507236
Smart-096-2507237,Mobile,+8550962507237
Smart-096-2507238,Mobile,+8550962507238
Smart-096-2507239,Mobile,+8550962507239
Smart-096-2507240,Mobile,+8550962507240
Smart-096-2507241,Mobile,+8550962507241
Smart-096-2507242,Mobile,+8550962507242
Smart-096-2507243,Mobile,+8550962507243
Smart-096-2507244,Mobile,+8550962507244
Smart-096-2507245,Mobile,+8550962507245
Smart-096-2507246,Mobile,+8550962507246
Smart-096-2507247,Mobile,+8550962507247
Smart-096-2507248,Mobile,+8550962507248
Smart-096-2507249,Mobile,+8550962507249
Smart-096-2507250,Mobile,+8550962507250
Smart-096-2507251,Mobile,+8550962507251
Smart-096-2507252,Mobile,+8550962507252
Smart-096-2507253,Mobile,+8550962507253
Smart-096-2507254,Mobile,+8550962507254
Smart-096-2507255,Mobile,+8550962507255
Smart-096-2507256,Mobile,+8550962507256
Smart-096-2507257,Mobile,+8550962507257
Smart-096-2507258,Mobile,+8550962507258
Smart-096-2507259,Mobile,+8550962507259
Smart-096-2507260,Mobile,+8550962507260
Smart-096-2507261,Mobile,+8550962507261
Smart-096-2507262,Mobile,+8550962507262
Smart-096-2507263,Mobile,+8550962507263
Smart-096-2507264,Mobile,+8550962507264
Smart-096-2507265,Mobile,+8550962507265
Smart-096-2507266,Mobile,+8550962507266
Smart-096-2507267,Mobile,+8550962507267
Smart-096-2507268,Mobile,+8550962507268
Smart-096-2507269,Mobile,+8550962507269
Smart-096-2507270,Mobile,+8550962507270
Smart-096-2507271,Mobile,+8550962507271
Smart-096-2507272,Mobile,+8550962507272
Smart-096-2507273,Mobile,+8550962507273
Smart-096-2507274,Mobile,+8550962507274
Smart-096-2507275,Mobile,+8550962507275
Smart-096-2507276,Mobile,+8550962507276
Smart-096-2507277,Mobile,+8550962507277
Smart-096-2507278,Mobile,+8550962507278
Smart-096-2507279,Mobile,+8550962507279
Smart-096-2507280,Mobile,+8550962507280
Smart-096-2507281,Mobile,+8550962507281
Smart-096-2507282,Mobile,+8550962507282
Smart-096-2507283,Mobile,+8550962507283
Smart-096-2507284,Mobile,+8550962507284
Smart-096-2507285,Mobile,+8550962507285
Smart-096-2507286,Mobile,+8550962507286
Smart-096-2507287,Mobile,+8550962507287
Smart-096-2507288,Mobile,+8550962507288
Smart-096-2507289,Mobile,+8550962507289
Smart-096-2507290,Mobile,+8550962507290
Smart-096-2507291,Mobile,+8550962507291
Smart-096-2507292,Mobile,+8550962507292
Smart-096-2507293,Mobile,+8550962507293
Smart-096-2507294,Mobile,+8550962507294
Smart-096-2507295,Mobile,+8550962507295
Smart-096-2507296,Mobile,+8550962507296
Smart-096-2507297,Mobile,+8550962507297
Smart-096-2507298,Mobile,+8550962507298
Smart-096-2507299,Mobile,+8550962507299
Smart-096-2507300,Mobile,+8550962507300
Smart-096-2507301,Mobile,+8550962507301
Smart-096-2507302,Mobile,+8550962507302
Smart-096-2507303,Mobile,+8550962507303
Smart-096-2507304,Mobile,+8550962507304
Smart-096-2507305,Mobile,+8550962507305
Smart-096-2507306,Mobile,+8550962507306
Smart-096-2507307,Mobile,+8550962507307
Smart-096-2507308,Mobile,+8550962507308
Smart-096-2507309,Mobile,+8550962507309
Smart-096-2507310,Mobile,+8550962507310
Smart-096-2507311,Mobile,+8550962507311
Smart-096-2507312,Mobile,+8550962507312
Smart-096-2507313,Mobile,+8550962507313
Smart-096-2507314,Mobile,+8550962507314
Smart-096-2507315,Mobile,+8550962507315
Smart-096-2507316,Mobile,+8550962507316
Smart-096-2507317,Mobile,+8550962507317
Smart-096-2507318,Mobile,+8550962507318
Smart-096-2507319,Mobile,+8550962507319
Smart-096-2507320,Mobile,+8550962507320
Smart-096-2507321,Mobile,+8550962507321
Smart-096-2507322,Mobile,+8550962507322
Smart-096-2507323,Mobile,+8550962507323
Smart-096-2507324,Mobile,+8550962507324
Smart-096-2507325,Mobile,+8550962507325
Smart-096-2507326,Mobile,+8550962507326
Smart-096-2507327,Mobile,+8550962507327
Smart-096-2507328,Mobile,+8550962507328
Smart-096-2507329,Mobile,+8550962507329
Smart-096-2507330,Mobile,+8550962507330
Smart-096-2507331,Mobile,+8550962507331
Smart-096-2507332,Mobile,+8550962507332
Smart-096-2507333,Mobile,+8550962507333
Smart-096-2507334,Mobile,+8550962507334
Smart-096-2507335,Mobile,+8550962507335
Smart-096-2507336,Mobile,+8550962507336
Smart-096-2507337,Mobile,+8550962507337
Smart-096-2507338,Mobile,+8550962507338
Smart-096-2507339,Mobile,+8550962507339
Smart-096-2507340,Mobile,+8550962507340
Smart-096-2507341,Mobile,+8550962507341
Smart-096-2507342,Mobile,+8550962507342
Smart-096-2507343,Mobile,+8550962507343
Smart-096-2507344,Mobile,+8550962507344
Smart-096-2507345,Mobile,+8550962507345
Smart-096-2507346,Mobile,+8550962507346
Smart-096-2507347,Mobile,+8550962507347
Smart-096-2507348,Mobile,+8550962507348
Smart-096-2507349,Mobile,+8550962507349
Smart-096-2507350,Mobile,+8550962507350
Smart-096-2507351,Mobile,+8550962507351
Smart-096-2507352,Mobile,+8550962507352
Smart-096-2507353,Mobile,+8550962507353
Smart-096-2507354,Mobile,+8550962507354
Smart-096-2507355,Mobile,+8550962507355
Smart-096-2507356,Mobile,+8550962507356
Smart-096-2507357,Mobile,+8550962507357
Smart-096-2507358,Mobile,+8550962507358
Smart-096-2507359,Mobile,+8550962507359
Smart-096-2507360,Mobile,+8550962507360
Smart-096-2507361,Mobile,+8550962507361
Smart-096-2507362,Mobile,+8550962507362
Smart-096-2507363,Mobile,+8550962507363
Smart-096-2507364,Mobile,+8550962507364
Smart-096-2507365,Mobile,+8550962507365
Smart-096-2507366,Mobile,+8550962507366
Smart-096-2507367,Mobile,+8550962507367
Smart-096-2507368,Mobile,+8550962507368
Smart-096-2507369,Mobile,+8550962507369
Smart-096-2507370,Mobile,+8550962507370
Smart-096-2507371,Mobile,+8550962507371
Smart-096-2507372,Mobile,+8550962507372
Smart-096-2507373,Mobile,+8550962507373
Smart-096-2507374,Mobile,+8550962507374
Smart-096-2507375,Mobile,+8550962507375
Smart-096-2507376,Mobile,+8550962507376
Smart-096-2507377,Mobile,+8550962507377
Smart-096-2507378,Mobile,+8550962507378
Smart-096-2507379,Mobile,+8550962507379
Smart-096-2507380,Mobile,+8550962507380
Smart-096-2507381,Mobile,+8550962507381
Smart-096-2507382,Mobile,+8550962507382
Smart-096-2507383,Mobile,+8550962507383
Smart-096-2507384,Mobile,+8550962507384
Smart-096-2507385,Mobile,+8550962507385
Smart-096-2507386,Mobile,+8550962507386
Smart-096-2507387,Mobile,+8550962507387
Smart-096-2507388,Mobile,+8550962507388
Smart-096-2507389,Mobile,+8550962507389
Smart-096-2507390,Mobile,+8550962507390
Smart-096-2507391,Mobile,+8550962507391
Smart-096-2507392,Mobile,+8550962507392
Smart-096-2507393,Mobile,+8550962507393
Smart-096-2507394,Mobile,+8550962507394
Smart-096-2507395,Mobile,+8550962507395
Smart-096-2507396,Mobile,+8550962507396
Smart-096-2507397,Mobile,+8550962507397
Smart-096-2507398,Mobile,+8550962507398
Smart-096-2507399,Mobile,+8550962507399
Smart-096-2507400,Mobile,+8550962507400
Smart-096-2507401,Mobile,+8550962507401
Smart-096-2507402,Mobile,+8550962507402
Smart-096-2507403,Mobile,+8550962507403
Smart-096-2507404,Mobile,+8550962507404
Smart-096-2507405,Mobile,+8550962507405
Smart-096-2507406,Mobile,+8550962507406
Smart-096-2507407,Mobile,+8550962507407
Smart-096-2507408,Mobile,+8550962507408
Smart-096-2507409,Mobile,+8550962507409
Smart-096-2507410,Mobile,+8550962507410
Smart-096-2507411,Mobile,+8550962507411
Smart-096-2507412,Mobile,+8550962507412
Smart-096-2507413,Mobile,+8550962507413
Smart-096-2507414,Mobile,+8550962507414
Smart-096-2507415,Mobile,+8550962507415
Smart-096-2507416,Mobile,+8550962507416
Smart-096-2507417,Mobile,+8550962507417
Smart-096-2507418,Mobile,+8550962507418
Smart-096-2507419,Mobile,+8550962507419
Smart-096-2507420,Mobile,+8550962507420
Smart-096-2507421,Mobile,+8550962507421
Smart-096-2507422,Mobile,+8550962507422
Smart-096-2507423,Mobile,+8550962507423
Smart-096-2507424,Mobile,+8550962507424
Smart-096-2507425,Mobile,+8550962507425
Smart-096-2507426,Mobile,+8550962507426
Smart-096-2507427,Mobile,+8550962507427
Smart-096-2507428,Mobile,+8550962507428
Smart-096-2507429,Mobile,+8550962507429
Smart-096-2507430,Mobile,+8550962507430
Smart-096-2507431,Mobile,+8550962507431
Smart-096-2507432,Mobile,+8550962507432
Smart-096-2507433,Mobile,+8550962507433
Smart-096-2507434,Mobile,+8550962507434
Smart-096-2507435,Mobile,+8550962507435
Smart-096-2507436,Mobile,+8550962507436
Smart-096-2507437,Mobile,+8550962507437
Smart-096-2507438,Mobile,+8550962507438
Smart-096-2507439,Mobile,+8550962507439
Smart-096-2507440,Mobile,+8550962507440
Smart-096-2507441,Mobile,+8550962507441
Smart-096-2507442,Mobile,+8550962507442
Smart-096-2507443,Mobile,+8550962507443
Smart-096-2507444,Mobile,+8550962507444
Smart-096-2507445,Mobile,+8550962507445
Smart-096-2507446,Mobile,+8550962507446
Smart-096-2507447,Mobile,+8550962507447
Smart-096-2507448,Mobile,+8550962507448
Smart-096-2507449,Mobile,+8550962507449
Smart-096-2507450,Mobile,+8550962507450
Smart-096-2507451,Mobile,+8550962507451
Smart-096-2507452,Mobile,+8550962507452
Smart-096-2507453,Mobile,+8550962507453
Smart-096-2507454,Mobile,+8550962507454
Smart-096-2507455,Mobile,+8550962507455
Smart-096-2507456,Mobile,+8550962507456
Smart-096-2507457,Mobile,+8550962507457
Smart-096-2507458,Mobile,+8550962507458
Smart-096-2507459,Mobile,+8550962507459
Smart-096-2507460,Mobile,+8550962507460
Smart-096-2507461,Mobile,+8550962507461
Smart-096-2507462,Mobile,+8550962507462
Smart-096-2507463,Mobile,+8550962507463
Smart-096-2507464,Mobile,+8550962507464
Smart-096-2507465,Mobile,+8550962507465
Smart-096-2507466,Mobile,+8550962507466
Smart-096-2507467,Mobile,+8550962507467
Smart-096-2507468,Mobile,+8550962507468
Smart-096-2507469,Mobile,+8550962507469
Smart-096-2507470,Mobile,+8550962507470
Smart-096-2507471,Mobile,+8550962507471
Smart-096-2507472,Mobile,+8550962507472
Smart-096-2507473,Mobile,+8550962507473
Smart-096-2507474,Mobile,+8550962507474
Smart-096-2507475,Mobile,+8550962507475
Smart-096-2507476,Mobile,+8550962507476
Smart-096-2507477,Mobile,+8550962507477
Smart-096-2507478,Mobile,+8550962507478
Smart-096-2507479,Mobile,+8550962507479
Smart-096-2507480,Mobile,+8550962507480
Smart-096-2507481,Mobile,+8550962507481
Smart-096-2507482,Mobile,+8550962507482
Smart-096-2507483,Mobile,+8550962507483
Smart-096-2507484,Mobile,+8550962507484
Smart-096-2507485,Mobile,+8550962507485
Smart-096-2507486,Mobile,+8550962507486
Smart-096-2507487,Mobile,+8550962507487
Smart-096-2507488,Mobile,+8550962507488
Smart-096-2507489,Mobile,+8550962507489
Smart-096-2507490,Mobile,+8550962507490
Smart-096-2507491,Mobile,+8550962507491
Smart-096-2507492,Mobile,+8550962507492
Smart-096-2507493,Mobile,+8550962507493
Smart-096-2507494,Mobile,+8550962507494
Smart-096-2507495,Mobile,+8550962507495
Smart-096-2507496,Mobile,+8550962507496
Smart-096-2507497,Mobile,+8550962507497
Smart-096-2507498,Mobile,+8550962507498
Smart-096-2507499,Mobile,+8550962507499
Smart-096-2507500,Mobile,+8550962507500
Smart-096-2507501,Mobile,+8550962507501
Smart-096-2507502,Mobile,+8550962507502
Smart-096-2507503,Mobile,+8550962507503
Smart-096-2507504,Mobile,+8550962507504
Smart-096-2507505,Mobile,+8550962507505
Smart-096-2507506,Mobile,+8550962507506
Smart-096-2507507,Mobile,+8550962507507
Smart-096-2507508,Mobile,+8550962507508
Smart-096-2507509,Mobile,+8550962507509
Smart-096-2507510,Mobile,+8550962507510
Smart-096-2507511,Mobile,+8550962507511
Smart-096-2507512,Mobile,+8550962507512
Smart-096-2507513,Mobile,+8550962507513
Smart-096-2507514,Mobile,+8550962507514
Smart-096-2507515,Mobile,+8550962507515
Smart-096-2507516,Mobile,+8550962507516
Smart-096-2507517,Mobile,+8550962507517
Smart-096-2507518,Mobile,+8550962507518
Smart-096-2507519,Mobile,+8550962507519
Smart-096-2507520,Mobile,+8550962507520
Smart-096-2507521,Mobile,+8550962507521
Smart-096-2507522,Mobile,+8550962507522
Smart-096-2507523,Mobile,+8550962507523
Smart-096-2507524,Mobile,+8550962507524
Smart-096-2507525,Mobile,+8550962507525
Smart-096-2507526,Mobile,+8550962507526
Smart-096-2507527,Mobile,+8550962507527
Smart-096-2507528,Mobile,+8550962507528
Smart-096-2507529,Mobile,+8550962507529
Smart-096-2507530,Mobile,+8550962507530
Smart-096-2507531,Mobile,+8550962507531
Smart-096-2507532,Mobile,+8550962507532
Smart-096-2507533,Mobile,+8550962507533
Smart-096-2507534,Mobile,+8550962507534
Smart-096-2507535,Mobile,+8550962507535
Smart-096-2507536,Mobile,+8550962507536
Smart-096-2507537,Mobile,+8550962507537
Smart-096-2507538,Mobile,+8550962507538
Smart-096-2507539,Mobile,+8550962507539
Smart-096-2507540,Mobile,+8550962507540
Smart-096-2507541,Mobile,+8550962507541
Smart-096-2507542,Mobile,+8550962507542
Smart-096-2507543,Mobile,+8550962507543
Smart-096-2507544,Mobile,+8550962507544
Smart-096-2507545,Mobile,+8550962507545
Smart-096-2507546,Mobile,+8550962507546
Smart-096-2507547,Mobile,+8550962507547
Smart-096-2507548,Mobile,+8550962507548
Smart-096-2507549,Mobile,+8550962507549
Smart-096-2507550,Mobile,+8550962507550
Smart-096-2507551,Mobile,+8550962507551
Smart-096-2507552,Mobile,+8550962507552
Smart-096-2507553,Mobile,+8550962507553
Smart-096-2507554,Mobile,+8550962507554
Smart-096-2507555,Mobile,+8550962507555
Smart-096-2507556,Mobile,+8550962507556
Smart-096-2507557,Mobile,+8550962507557
Smart-096-2507558,Mobile,+8550962507558
Smart-096-2507559,Mobile,+8550962507559
Smart-096-2507560,Mobile,+8550962507560
Smart-096-2507561,Mobile,+8550962507561
Smart-096-2507562,Mobile,+8550962507562
Smart-096-2507563,Mobile,+8550962507563
Smart-096-2507564,Mobile,+8550962507564
Smart-096-2507565,Mobile,+8550962507565
Smart-096-2507566,Mobile,+8550962507566
Smart-096-2507567,Mobile,+8550962507567
Smart-096-2507568,Mobile,+8550962507568
Smart-096-2507569,Mobile,+8550962507569
Smart-096-2507570,Mobile,+8550962507570
Smart-096-2507571,Mobile,+8550962507571
Smart-096-2507572,Mobile,+8550962507572
Smart-096-2507573,Mobile,+8550962507573
Smart-096-2507574,Mobile,+8550962507574
Smart-096-2507575,Mobile,+8550962507575
Smart-096-2507576,Mobile,+8550962507576
Smart-096-2507577,Mobile,+8550962507577
Smart-096-2507578,Mobile,+8550962507578
Smart-096-2507579,Mobile,+8550962507579
Smart-096-2507580,Mobile,+8550962507580
Smart-096-2507581,Mobile,+8550962507581
Smart-096-2507582,Mobile,+8550962507582
Smart-096-2507583,Mobile,+8550962507583
Smart-096-2507584,Mobile,+8550962507584
Smart-096-2507585,Mobile,+8550962507585
Smart-096-2507586,Mobile,+8550962507586
Smart-096-2507587,Mobile,+8550962507587
Smart-096-2507588,Mobile,+8550962507588
Smart-096-2507589,Mobile,+8550962507589
Smart-096-2507590,Mobile,+8550962507590
Smart-096-2507591,Mobile,+8550962507591
Smart-096-2507592,Mobile,+8550962507592
Smart-096-2507593,Mobile,+8550962507593
Smart-096-2507594,Mobile,+8550962507594
Smart-096-2507595,Mobile,+8550962507595
Smart-096-2507596,Mobile,+8550962507596
Smart-096-2507597,Mobile,+8550962507597
Smart-096-2507598,Mobile,+8550962507598
Smart-096-2507599,Mobile,+8550962507599
Smart-096-2507600,Mobile,+8550962507600
Smart-096-2507601,Mobile,+8550962507601
Smart-096-2507602,Mobile,+8550962507602
Smart-096-2507603,Mobile,+8550962507603
Smart-096-2507604,Mobile,+8550962507604
Smart-096-2507605,Mobile,+8550962507605
Smart-096-2507606,Mobile,+8550962507606
Smart-096-2507607,Mobile,+8550962507607
Smart-096-2507608,Mobile,+8550962507608
Smart-096-2507609,Mobile,+8550962507609
Smart-096-2507610,Mobile,+8550962507610
Smart-096-2507611,Mobile,+8550962507611
Smart-096-2507612,Mobile,+8550962507612
Smart-096-2507613,Mobile,+8550962507613
Smart-096-2507614,Mobile,+8550962507614
Smart-096-2507615,Mobile,+8550962507615
Smart-096-2507616,Mobile,+8550962507616
Smart-096-2507617,Mobile,+8550962507617
Smart-096-2507618,Mobile,+8550962507618
Smart-096-2507619,Mobile,+8550962507619
Smart-096-2507620,Mobile,+8550962507620
Smart-096-2507621,Mobile,+8550962507621
Smart-096-2507622,Mobile,+8550962507622
Smart-096-2507623,Mobile,+8550962507623
Smart-096-2507624,Mobile,+8550962507624
Smart-096-2507625,Mobile,+8550962507625
Smart-096-2507626,Mobile,+8550962507626
Smart-096-2507627,Mobile,+8550962507627
Smart-096-2507628,Mobile,+8550962507628
Smart-096-2507629,Mobile,+8550962507629
Smart-096-2507630,Mobile,+8550962507630
Smart-096-2507631,Mobile,+8550962507631
Smart-096-2507632,Mobile,+8550962507632
Smart-096-2507633,Mobile,+8550962507633
Smart-096-2507634,Mobile,+8550962507634
Smart-096-2507635,Mobile,+8550962507635
Smart-096-2507636,Mobile,+8550962507636
Smart-096-2507637,Mobile,+8550962507637
Smart-096-2507638,Mobile,+8550962507638
Smart-096-2507639,Mobile,+8550962507639
Smart-096-2507640,Mobile,+8550962507640
Smart-096-2507641,Mobile,+8550962507641
Smart-096-2507642,Mobile,+8550962507642
Smart-096-2507643,Mobile,+8550962507643
Smart-096-2507644,Mobile,+8550962507644
Smart-096-2507645,Mobile,+8550962507645
Smart-096-2507646,Mobile,+8550962507646
Smart-096-2507647,Mobile,+8550962507647
Smart-096-2507648,Mobile,+8550962507648
Smart-096-2507649,Mobile,+8550962507649
Smart-096-2507650,Mobile,+8550962507650
Smart-096-2507651,Mobile,+8550962507651
Smart-096-2507652,Mobile,+8550962507652
Smart-096-2507653,Mobile,+8550962507653
Smart-096-2507654,Mobile,+8550962507654
Smart-096-2507655,Mobile,+8550962507655
Smart-096-2507656,Mobile,+8550962507656
Smart-096-2507657,Mobile,+8550962507657
Smart-096-2507658,Mobile,+8550962507658
Smart-096-2507659,Mobile,+8550962507659
Smart-096-2507660,Mobile,+8550962507660
Smart-096-2507661,Mobile,+8550962507661
Smart-096-2507662,Mobile,+8550962507662
Smart-096-2507663,Mobile,+8550962507663
Smart-096-2507664,Mobile,+8550962507664
Smart-096-2507665,Mobile,+8550962507665
Smart-096-2507666,Mobile,+8550962507666
Smart-096-2507667,Mobile,+8550962507667
Smart-096-2507668,Mobile,+8550962507668
Smart-096-2507669,Mobile,+8550962507669
Smart-096-2507670,Mobile,+8550962507670
Smart-096-2507671,Mobile,+8550962507671
Smart-096-2507672,Mobile,+8550962507672
Smart-096-2507673,Mobile,+8550962507673
Smart-096-2507674,Mobile,+8550962507674
Smart-096-2507675,Mobile,+8550962507675
Smart-096-2507676,Mobile,+8550962507676
Smart-096-2507677,Mobile,+8550962507677
Smart-096-2507678,Mobile,+8550962507678
Smart-096-2507679,Mobile,+8550962507679
Smart-096-2507680,Mobile,+8550962507680
Smart-096-2507681,Mobile,+8550962507681
Smart-096-2507682,Mobile,+8550962507682
Smart-096-2507683,Mobile,+8550962507683
Smart-096-2507684,Mobile,+8550962507684
Smart-096-2507685,Mobile,+8550962507685
Smart-096-2507686,Mobile,+8550962507686
Smart-096-2507687,Mobile,+8550962507687
Smart-096-2507688,Mobile,+8550962507688
Smart-096-2507689,Mobile,+8550962507689
Smart-096-2507690,Mobile,+8550962507690
Smart-096-2507691,Mobile,+8550962507691
Smart-096-2507692,Mobile,+8550962507692
Smart-096-2507693,Mobile,+8550962507693
Smart-096-2507694,Mobile,+8550962507694
Smart-096-2507695,Mobile,+8550962507695
Smart-096-2507696,Mobile,+8550962507696
Smart-096-2507697,Mobile,+8550962507697
Smart-096-2507698,Mobile,+8550962507698
Smart-096-2507699,Mobile,+8550962507699
Smart-096-2507700,Mobile,+8550962507700
Smart-096-2507701,Mobile,+8550962507701
Smart-096-2507702,Mobile,+8550962507702
Smart-096-2507703,Mobile,+8550962507703
Smart-096-2507704,Mobile,+8550962507704
Smart-096-2507705,Mobile,+8550962507705
Smart-096-2507706,Mobile,+8550962507706
Smart-096-2507707,Mobile,+8550962507707
Smart-096-2507708,Mobile,+8550962507708
Smart-096-2507709,Mobile,+8550962507709
Smart-096-2507710,Mobile,+8550962507710
Smart-096-2507711,Mobile,+8550962507711
Smart-096-2507712,Mobile,+8550962507712
Smart-096-2507713,Mobile,+8550962507713
Smart-096-2507714,Mobile,+8550962507714
Smart-096-2507715,Mobile,+8550962507715
Smart-096-2507716,Mobile,+8550962507716
Smart-096-2507717,Mobile,+8550962507717
Smart-096-2507718,Mobile,+8550962507718
Smart-096-2507719,Mobile,+8550962507719
Smart-096-2507720,Mobile,+8550962507720
Smart-096-2507721,Mobile,+8550962507721
Smart-096-2507722,Mobile,+8550962507722
Smart-096-2507723,Mobile,+8550962507723
Smart-096-2507724,Mobile,+8550962507724
Smart-096-2507725,Mobile,+8550962507725
Smart-096-2507726,Mobile,+8550962507726
Smart-096-2507727,Mobile,+8550962507727
Smart-096-2507728,Mobile,+8550962507728
Smart-096-2507729,Mobile,+8550962507729
Smart-096-2507730,Mobile,+8550962507730
Smart-096-2507731,Mobile,+8550962507731
Smart-096-2507732,Mobile,+8550962507732
Smart-096-2507733,Mobile,+8550962507733
Smart-096-2507734,Mobile,+8550962507734
Smart-096-2507735,Mobile,+8550962507735
Smart-096-2507736,Mobile,+8550962507736
Smart-096-2507737,Mobile,+8550962507737
Smart-096-2507738,Mobile,+8550962507738
Smart-096-2507739,Mobile,+8550962507739
Smart-096-2507740,Mobile,+8550962507740
Smart-096-2507741,Mobile,+8550962507741
Smart-096-2507742,Mobile,+8550962507742
Smart-096-2507743,Mobile,+8550962507743
Smart-096-2507744,Mobile,+8550962507744
Smart-096-2507745,Mobile,+8550962507745
Smart-096-2507746,Mobile,+8550962507746
Smart-096-2507747,Mobile,+8550962507747
Smart-096-2507748,Mobile,+8550962507748
Smart-096-2507749,Mobile,+8550962507749
Smart-096-2507750,Mobile,+8550962507750
Smart-096-2507751,Mobile,+8550962507751
Smart-096-2507752,Mobile,+8550962507752
Smart-096-2507753,Mobile,+8550962507753
Smart-096-2507754,Mobile,+8550962507754
Smart-096-2507755,Mobile,+8550962507755
Smart-096-2507756,Mobile,+8550962507756
Smart-096-2507757,Mobile,+8550962507757
Smart-096-2507758,Mobile,+8550962507758
Smart-096-2507759,Mobile,+8550962507759
Smart-096-2507760,Mobile,+8550962507760
Smart-096-2507761,Mobile,+8550962507761
Smart-096-2507762,Mobile,+8550962507762
Smart-096-2507763,Mobile,+8550962507763
Smart-096-2507764,Mobile,+8550962507764
Smart-096-2507765,Mobile,+8550962507765
Smart-096-2507766,Mobile,+8550962507766
Smart-096-2507767,Mobile,+8550962507767
Smart-096-2507768,Mobile,+8550962507768
Smart-096-2507769,Mobile,+8550962507769
Smart-096-2507770,Mobile,+8550962507770
Smart-096-2507771,Mobile,+8550962507771
Smart-096-2507772,Mobile,+8550962507772
Smart-096-2507773,Mobile,+8550962507773
Smart-096-2507774,Mobile,+8550962507774
Smart-096-2507775,Mobile,+8550962507775
Smart-096-2507776,Mobile,+8550962507776
Smart-096-2507777,Mobile,+8550962507777
Smart-096-2507778,Mobile,+8550962507778
Smart-096-2507779,Mobile,+8550962507779
Smart-096-2507780,Mobile,+8550962507780
Smart-096-2507781,Mobile,+8550962507781
Smart-096-2507782,Mobile,+8550962507782
Smart-096-2507783,Mobile,+8550962507783
Smart-096-2507784,Mobile,+8550962507784
Smart-096-2507785,Mobile,+8550962507785
Smart-096-2507786,Mobile,+8550962507786
Smart-096-2507787,Mobile,+8550962507787
Smart-096-2507788,Mobile,+8550962507788
Smart-096-2507789,Mobile,+8550962507789
Smart-096-2507790,Mobile,+8550962507790
Smart-096-2507791,Mobile,+8550962507791
Smart-096-2507792,Mobile,+8550962507792
Smart-096-2507793,Mobile,+8550962507793
Smart-096-2507794,Mobile,+8550962507794
Smart-096-2507795,Mobile,+8550962507795
Smart-096-2507796,Mobile,+8550962507796
Smart-096-2507797,Mobile,+8550962507797
Smart-096-2507798,Mobile,+8550962507798
Smart-096-2507799,Mobile,+8550962507799
Smart-096-2507800,Mobile,+8550962507800
Smart-096-2507801,Mobile,+8550962507801
Smart-096-2507802,Mobile,+8550962507802
Smart-096-2507803,Mobile,+8550962507803
Smart-096-2507804,Mobile,+8550962507804
Smart-096-2507805,Mobile,+8550962507805
Smart-096-2507806,Mobile,+8550962507806
Smart-096-2507807,Mobile,+8550962507807
Smart-096-2507808,Mobile,+8550962507808
Smart-096-2507809,Mobile,+8550962507809
Smart-096-2507810,Mobile,+8550962507810
Smart-096-2507811,Mobile,+8550962507811
Smart-096-2507812,Mobile,+8550962507812
Smart-096-2507813,Mobile,+8550962507813
Smart-096-2507814,Mobile,+8550962507814
Smart-096-2507815,Mobile,+8550962507815
Smart-096-2507816,Mobile,+8550962507816
Smart-096-2507817,Mobile,+8550962507817
Smart-096-2507818,Mobile,+8550962507818
Smart-096-2507819,Mobile,+8550962507819
Smart-096-2507820,Mobile,+8550962507820
Smart-096-2507821,Mobile,+8550962507821
Smart-096-2507822,Mobile,+8550962507822
Smart-096-2507823,Mobile,+8550962507823
Smart-096-2507824,Mobile,+8550962507824
Smart-096-2507825,Mobile,+8550962507825
Smart-096-2507826,Mobile,+8550962507826
Smart-096-2507827,Mobile,+8550962507827
Smart-096-2507828,Mobile,+8550962507828
Smart-096-2507829,Mobile,+8550962507829
Smart-096-2507830,Mobile,+8550962507830
Smart-096-2507831,Mobile,+8550962507831
Smart-096-2507832,Mobile,+8550962507832
Smart-096-2507833,Mobile,+8550962507833
Smart-096-2507834,Mobile,+8550962507834
Smart-096-2507835,Mobile,+8550962507835
Smart-096-2507836,Mobile,+8550962507836
Smart-096-2507837,Mobile,+8550962507837
Smart-096-2507838,Mobile,+8550962507838
Smart-096-2507839,Mobile,+8550962507839
Smart-096-2507840,Mobile,+8550962507840
Smart-096-2507841,Mobile,+8550962507841
Smart-096-2507842,Mobile,+8550962507842
Smart-096-2507843,Mobile,+8550962507843
Smart-096-2507844,Mobile,+8550962507844
Smart-096-2507845,Mobile,+8550962507845
Smart-096-2507846,Mobile,+8550962507846
Smart-096-2507847,Mobile,+8550962507847
Smart-096-2507848,Mobile,+8550962507848
Smart-096-2507849,Mobile,+8550962507849
Smart-096-2507850,Mobile,+8550962507850
Smart-096-2507851,Mobile,+8550962507851
Smart-096-2507852,Mobile,+8550962507852
Smart-096-2507853,Mobile,+8550962507853
Smart-096-2507854,Mobile,+8550962507854
Smart-096-2507855,Mobile,+8550962507855
Smart-096-2507856,Mobile,+8550962507856
Smart-096-2507857,Mobile,+8550962507857
Smart-096-2507858,Mobile,+8550962507858
Smart-096-2507859,Mobile,+8550962507859
Smart-096-2507860,Mobile,+8550962507860
Smart-096-2507861,Mobile,+8550962507861
Smart-096-2507862,Mobile,+8550962507862
Smart-096-2507863,Mobile,+8550962507863
Smart-096-2507864,Mobile,+8550962507864
Smart-096-2507865,Mobile,+8550962507865
Smart-096-2507866,Mobile,+8550962507866
Smart-096-2507867,Mobile,+8550962507867
Smart-096-2507868,Mobile,+8550962507868
Smart-096-2507869,Mobile,+8550962507869
Smart-096-2507870,Mobile,+8550962507870
Smart-096-2507871,Mobile,+8550962507871
Smart-096-2507872,Mobile,+8550962507872
Smart-096-2507873,Mobile,+8550962507873
Smart-096-2507874,Mobile,+8550962507874
Smart-096-2507875,Mobile,+8550962507875
Smart-096-2507876,Mobile,+8550962507876
Smart-096-2507877,Mobile,+8550962507877
Smart-096-2507878,Mobile,+8550962507878
Smart-096-2507879,Mobile,+8550962507879
Smart-096-2507880,Mobile,+8550962507880
Smart-096-2507881,Mobile,+8550962507881
Smart-096-2507882,Mobile,+8550962507882
Smart-096-2507883,Mobile,+8550962507883
Smart-096-2507884,Mobile,+8550962507884
Smart-096-2507885,Mobile,+8550962507885
Smart-096-2507886,Mobile,+8550962507886
Smart-096-2507887,Mobile,+8550962507887
Smart-096-2507888,Mobile,+8550962507888
Smart-096-2507889,Mobile,+8550962507889
Smart-096-2507890,Mobile,+8550962507890
Smart-096-2507891,Mobile,+8550962507891
Smart-096-2507892,Mobile,+8550962507892
Smart-096-2507893,Mobile,+8550962507893
Smart-096-2507894,Mobile,+8550962507894
Smart-096-2507895,Mobile,+8550962507895
Smart-096-2507896,Mobile,+8550962507896
Smart-096-2507897,Mobile,+8550962507897
Smart-096-2507898,Mobile,+8550962507898
Smart-096-2507899,Mobile,+8550962507899
Smart-096-2507900,Mobile,+8550962507900
Smart-096-2507901,Mobile,+8550962507901
Smart-096-2507902,Mobile,+8550962507902
Smart-096-2507903,Mobile,+8550962507903
Smart-096-2507904,Mobile,+8550962507904
Smart-096-2507905,Mobile,+8550962507905
Smart-096-2507906,Mobile,+8550962507906
Smart-096-2507907,Mobile,+8550962507907
Smart-096-2507908,Mobile,+8550962507908
Smart-096-2507909,Mobile,+8550962507909
Smart-096-2507910,Mobile,+8550962507910
Smart-096-2507911,Mobile,+8550962507911
Smart-096-2507912,Mobile,+8550962507912
Smart-096-2507913,Mobile,+8550962507913
Smart-096-2507914,Mobile,+8550962507914
Smart-096-2507915,Mobile,+8550962507915
Smart-096-2507916,Mobile,+8550962507916
Smart-096-2507917,Mobile,+8550962507917
Smart-096-2507918,Mobile,+8550962507918
Smart-096-2507919,Mobile,+8550962507919
Smart-096-2507920,Mobile,+8550962507920
Smart-096-2507921,Mobile,+8550962507921
Smart-096-2507922,Mobile,+8550962507922
Smart-096-2507923,Mobile,+8550962507923
Smart-096-2507924,Mobile,+8550962507924
Smart-096-2507925,Mobile,+8550962507925
Smart-096-2507926,Mobile,+8550962507926
Smart-096-2507927,Mobile,+8550962507927
Smart-096-2507928,Mobile,+8550962507928
Smart-096-2507929,Mobile,+8550962507929
Smart-096-2507930,Mobile,+8550962507930
Smart-096-2507931,Mobile,+8550962507931
Smart-096-2507932,Mobile,+8550962507932
Smart-096-2507933,Mobile,+8550962507933
Smart-096-2507934,Mobile,+8550962507934
Smart-096-2507935,Mobile,+8550962507935
Smart-096-2507936,Mobile,+8550962507936
Smart-096-2507937,Mobile,+8550962507937
Smart-096-2507938,Mobile,+8550962507938
Smart-096-2507939,Mobile,+8550962507939
Smart-096-2507940,Mobile,+8550962507940
Smart-096-2507941,Mobile,+8550962507941
Smart-096-2507942,Mobile,+8550962507942
Smart-096-2507943,Mobile,+8550962507943
Smart-096-2507944,Mobile,+8550962507944
Smart-096-2507945,Mobile,+8550962507945
Smart-096-2507946,Mobile,+8550962507946
Smart-096-2507947,Mobile,+8550962507947
Smart-096-2507948,Mobile,+8550962507948
Smart-096-2507949,Mobile,+8550962507949
Smart-096-2507950,Mobile,+8550962507950
Smart-096-2507951,Mobile,+8550962507951
Smart-096-2507952,Mobile,+8550962507952
Smart-096-2507953,Mobile,+8550962507953
Smart-096-2507954,Mobile,+8550962507954
Smart-096-2507955,Mobile,+8550962507955
Smart-096-2507956,Mobile,+8550962507956
Smart-096-2507957,Mobile,+8550962507957
Smart-096-2507958,Mobile,+8550962507958
Smart-096-2507959,Mobile,+8550962507959
Smart-096-2507960,Mobile,+8550962507960
Smart-096-2507961,Mobile,+8550962507961
Smart-096-2507962,Mobile,+8550962507962
Smart-096-2507963,Mobile,+8550962507963
Smart-096-2507964,Mobile,+8550962507964
Smart-096-2507965,Mobile,+8550962507965
Smart-096-2507966,Mobile,+8550962507966
Smart-096-2507967,Mobile,+8550962507967
Smart-096-2507968,Mobile,+8550962507968
Smart-096-2507969,Mobile,+8550962507969
Smart-096-2507970,Mobile,+8550962507970
Smart-096-2507971,Mobile,+8550962507971
Smart-096-2507972,Mobile,+8550962507972
Smart-096-2507973,Mobile,+8550962507973
Smart-096-2507974,Mobile,+8550962507974
Smart-096-2507975,Mobile,+8550962507975
Smart-096-2507976,Mobile,+8550962507976
Smart-096-2507977,Mobile,+8550962507977
Smart-096-2507978,Mobile,+8550962507978
Smart-096-2507979,Mobile,+8550962507979
Smart-096-2507980,Mobile,+8550962507980
Smart-096-2507981,Mobile,+8550962507981
Smart-096-2507982,Mobile,+8550962507982
Smart-096-2507983,Mobile,+8550962507983
Smart-096-2507984,Mobile,+8550962507984
Smart-096-2507985,Mobile,+8550962507985
Smart-096-2507986,Mobile,+8550962507986
Smart-096-2507987,Mobile,+8550962507987
Smart-096-2507988,Mobile,+8550962507988
Smart-096-2507989,Mobile,+8550962507989
Smart-096-2507990,Mobile,+8550962507990
Smart-096-2507991,Mobile,+8550962507991
Smart-096-2507992,Mobile,+8550962507992
Smart-096-2507993,Mobile,+8550962507993
Smart-096-2507994,Mobile,+8550962507994
Smart-096-2507995,Mobile,+8550962507995
Smart-096-2507996,Mobile,+8550962507996
Smart-096-2507997,Mobile,+8550962507997
Smart-096-2507998,Mobile,+8550962507998
Smart-096-2507999,Mobile,+8550962507999
Smart-096-2508000,Mobile,+8550962508000
Smart-096-2508001,Mobile,+8550962508001
Smart-096-2508002,Mobile,+8550962508002
Smart-096-2508003,Mobile,+8550962508003
Smart-096-2508004,Mobile,+8550962508004
Smart-096-2508005,Mobile,+8550962508005
Smart-096-2508006,Mobile,+8550962508006
Smart-096-2508007,Mobile,+8550962508007
Smart-096-2508008,Mobile,+8550962508008
Smart-096-2508009,Mobile,+8550962508009
Smart-096-2508010,Mobile,+8550962508010
Smart-096-2508011,Mobile,+8550962508011
Smart-096-2508012,Mobile,+8550962508012
Smart-096-2508013,Mobile,+8550962508013
Smart-096-2508014,Mobile,+8550962508014
Smart-096-2508015,Mobile,+8550962508015
Smart-096-2508016,Mobile,+8550962508016
Smart-096-2508017,Mobile,+8550962508017
Smart-096-2508018,Mobile,+8550962508018
Smart-096-2508019,Mobile,+8550962508019
Smart-096-2508020,Mobile,+8550962508020
Smart-096-2508021,Mobile,+8550962508021
Smart-096-2508022,Mobile,+8550962508022
Smart-096-2508023,Mobile,+8550962508023
Smart-096-2508024,Mobile,+8550962508024
Smart-096-2508025,Mobile,+8550962508025
Smart-096-2508026,Mobile,+8550962508026
Smart-096-2508027,Mobile,+8550962508027
Smart-096-2508028,Mobile,+8550962508028
Smart-096-2508029,Mobile,+8550962508029
Smart-096-2508030,Mobile,+8550962508030
Smart-096-2508031,Mobile,+8550962508031
Smart-096-2508032,Mobile,+8550962508032
Smart-096-2508033,Mobile,+8550962508033
Smart-096-2508034,Mobile,+8550962508034
Smart-096-2508035,Mobile,+8550962508035
Smart-096-2508036,Mobile,+8550962508036
Smart-096-2508037,Mobile,+8550962508037
Smart-096-2508038,Mobile,+8550962508038
Smart-096-2508039,Mobile,+8550962508039
Smart-096-2508040,Mobile,+8550962508040
Smart-096-2508041,Mobile,+8550962508041
Smart-096-2508042,Mobile,+8550962508042
Smart-096-2508043,Mobile,+8550962508043
Smart-096-2508044,Mobile,+8550962508044
Smart-096-2508045,Mobile,+8550962508045
Smart-096-2508046,Mobile,+8550962508046
Smart-096-2508047,Mobile,+8550962508047
Smart-096-2508048,Mobile,+8550962508048
Smart-096-2508049,Mobile,+8550962508049
Smart-096-2508050,Mobile,+8550962508050
Smart-096-2508051,Mobile,+8550962508051
Smart-096-2508052,Mobile,+8550962508052
Smart-096-2508053,Mobile,+8550962508053
Smart-096-2508054,Mobile,+8550962508054
Smart-096-2508055,Mobile,+8550962508055
Smart-096-2508056,Mobile,+8550962508056
Smart-096-2508057,Mobile,+8550962508057
Smart-096-2508058,Mobile,+8550962508058
Smart-096-2508059,Mobile,+8550962508059
Smart-096-2508060,Mobile,+8550962508060
Smart-096-2508061,Mobile,+8550962508061
Smart-096-2508062,Mobile,+8550962508062
Smart-096-2508063,Mobile,+8550962508063
Smart-096-2508064,Mobile,+8550962508064
Smart-096-2508065,Mobile,+8550962508065
Smart-096-2508066,Mobile,+8550962508066
Smart-096-2508067,Mobile,+8550962508067
Smart-096-2508068,Mobile,+8550962508068
Smart-096-2508069,Mobile,+8550962508069
Smart-096-2508070,Mobile,+8550962508070
Smart-096-2508071,Mobile,+8550962508071
Smart-096-2508072,Mobile,+8550962508072
Smart-096-2508073,Mobile,+8550962508073
Smart-096-2508074,Mobile,+8550962508074
Smart-096-2508075,Mobile,+8550962508075
Smart-096-2508076,Mobile,+8550962508076
Smart-096-2508077,Mobile,+8550962508077
Smart-096-2508078,Mobile,+8550962508078
Smart-096-2508079,Mobile,+8550962508079
Smart-096-2508080,Mobile,+8550962508080
Smart-096-2508081,Mobile,+8550962508081
Smart-096-2508082,Mobile,+8550962508082
Smart-096-2508083,Mobile,+8550962508083
Smart-096-2508084,Mobile,+8550962508084
Smart-096-2508085,Mobile,+8550962508085
Smart-096-2508086,Mobile,+8550962508086
Smart-096-2508087,Mobile,+8550962508087
Smart-096-2508088,Mobile,+8550962508088
Smart-096-2508089,Mobile,+8550962508089
Smart-096-2508090,Mobile,+8550962508090
Smart-096-2508091,Mobile,+8550962508091
Smart-096-2508092,Mobile,+8550962508092
Smart-096-2508093,Mobile,+8550962508093
Smart-096-2508094,Mobile,+8550962508094
Smart-096-2508095,Mobile,+8550962508095
Smart-096-2508096,Mobile,+8550962508096
Smart-096-2508097,Mobile,+8550962508097
Smart-096-2508098,Mobile,+8550962508098
Smart-096-2508099,Mobile,+8550962508099
Smart-096-2508100,Mobile,+8550962508100
Smart-096-2508101,Mobile,+8550962508101
Smart-096-2508102,Mobile,+8550962508102
Smart-096-2508103,Mobile,+8550962508103
Smart-096-2508104,Mobile,+8550962508104
Smart-096-2508105,Mobile,+8550962508105
Smart-096-2508106,Mobile,+8550962508106
Smart-096-2508107,Mobile,+8550962508107
Smart-096-2508108,Mobile,+8550962508108
Smart-096-2508109,Mobile,+8550962508109
Smart-096-2508110,Mobile,+8550962508110
Smart-096-2508111,Mobile,+8550962508111
Smart-096-2508112,Mobile,+8550962508112
Smart-096-2508113,Mobile,+8550962508113
Smart-096-2508114,Mobile,+8550962508114
Smart-096-2508115,Mobile,+8550962508115
Smart-096-2508116,Mobile,+8550962508116
Smart-096-2508117,Mobile,+8550962508117
Smart-096-2508118,Mobile,+8550962508118
Smart-096-2508119,Mobile,+8550962508119
Smart-096-2508120,Mobile,+8550962508120
Smart-096-2508121,Mobile,+8550962508121
Smart-096-2508122,Mobile,+8550962508122
Smart-096-2508123,Mobile,+8550962508123
Smart-096-2508124,Mobile,+8550962508124
Smart-096-2508125,Mobile,+8550962508125
Smart-096-2508126,Mobile,+8550962508126
Smart-096-2508127,Mobile,+8550962508127
Smart-096-2508128,Mobile,+8550962508128
Smart-096-2508129,Mobile,+8550962508129
Smart-096-2508130,Mobile,+8550962508130
Smart-096-2508131,Mobile,+8550962508131
Smart-096-2508132,Mobile,+8550962508132
Smart-096-2508133,Mobile,+8550962508133
Smart-096-2508134,Mobile,+8550962508134
Smart-096-2508135,Mobile,+8550962508135
Smart-096-2508136,Mobile,+8550962508136
Smart-096-2508137,Mobile,+8550962508137
Smart-096-2508138,Mobile,+8550962508138
Smart-096-2508139,Mobile,+8550962508139
Smart-096-2508140,Mobile,+8550962508140
Smart-096-2508141,Mobile,+8550962508141
Smart-096-2508142,Mobile,+8550962508142
Smart-096-2508143,Mobile,+8550962508143
Smart-096-2508144,Mobile,+8550962508144
Smart-096-2508145,Mobile,+8550962508145
Smart-096-2508146,Mobile,+8550962508146
Smart-096-2508147,Mobile,+8550962508147
Smart-096-2508148,Mobile,+8550962508148
Smart-096-2508149,Mobile,+8550962508149
Smart-096-2508150,Mobile,+8550962508150
Smart-096-2508151,Mobile,+8550962508151
Smart-096-2508152,Mobile,+8550962508152
Smart-096-2508153,Mobile,+8550962508153
Smart-096-2508154,Mobile,+8550962508154
Smart-096-2508155,Mobile,+8550962508155
Smart-096-2508156,Mobile,+8550962508156
Smart-096-2508157,Mobile,+8550962508157
Smart-096-2508158,Mobile,+8550962508158
Smart-096-2508159,Mobile,+8550962508159
Smart-096-2508160,Mobile,+8550962508160
Smart-096-2508161,Mobile,+8550962508161
Smart-096-2508162,Mobile,+8550962508162
Smart-096-2508163,Mobile,+8550962508163
Smart-096-2508164,Mobile,+8550962508164
Smart-096-2508165,Mobile,+8550962508165
Smart-096-2508166,Mobile,+8550962508166
Smart-096-2508167,Mobile,+8550962508167
Smart-096-2508168,Mobile,+8550962508168
Smart-096-2508169,Mobile,+8550962508169
Smart-096-2508170,Mobile,+8550962508170
Smart-096-2508171,Mobile,+8550962508171
Smart-096-2508172,Mobile,+8550962508172
Smart-096-2508173,Mobile,+8550962508173
Smart-096-2508174,Mobile,+8550962508174
Smart-096-2508175,Mobile,+8550962508175
Smart-096-2508176,Mobile,+8550962508176
Smart-096-2508177,Mobile,+8550962508177
Smart-096-2508178,Mobile,+8550962508178
Smart-096-2508179,Mobile,+8550962508179
Smart-096-2508180,Mobile,+8550962508180
Smart-096-2508181,Mobile,+8550962508181
Smart-096-2508182,Mobile,+8550962508182
Smart-096-2508183,Mobile,+8550962508183
Smart-096-2508184,Mobile,+8550962508184
Smart-096-2508185,Mobile,+8550962508185
Smart-096-2508186,Mobile,+8550962508186
Smart-096-2508187,Mobile,+8550962508187
Smart-096-2508188,Mobile,+8550962508188
Smart-096-2508189,Mobile,+8550962508189
Smart-096-2508190,Mobile,+8550962508190
Smart-096-2508191,Mobile,+8550962508191
Smart-096-2508192,Mobile,+8550962508192
Smart-096-2508193,Mobile,+8550962508193
Smart-096-2508194,Mobile,+8550962508194
Smart-096-2508195,Mobile,+8550962508195
Smart-096-2508196,Mobile,+8550962508196
Smart-096-2508197,Mobile,+8550962508197
Smart-096-2508198,Mobile,+8550962508198
Smart-096-2508199,Mobile,+8550962508199
Smart-096-2508200,Mobile,+8550962508200
Smart-096-2508201,Mobile,+8550962508201
Smart-096-2508202,Mobile,+8550962508202
Smart-096-2508203,Mobile,+8550962508203
Smart-096-2508204,Mobile,+8550962508204
Smart-096-2508205,Mobile,+8550962508205
Smart-096-2508206,Mobile,+8550962508206
Smart-096-2508207,Mobile,+8550962508207
Smart-096-2508208,Mobile,+8550962508208
Smart-096-2508209,Mobile,+8550962508209
Smart-096-2508210,Mobile,+8550962508210
Smart-096-2508211,Mobile,+8550962508211
Smart-096-2508212,Mobile,+8550962508212
Smart-096-2508213,Mobile,+8550962508213
Smart-096-2508214,Mobile,+8550962508214
Smart-096-2508215,Mobile,+8550962508215
Smart-096-2508216,Mobile,+8550962508216
Smart-096-2508217,Mobile,+8550962508217
Smart-096-2508218,Mobile,+8550962508218
Smart-096-2508219,Mobile,+8550962508219
Smart-096-2508220,Mobile,+8550962508220
Smart-096-2508221,Mobile,+8550962508221
Smart-096-2508222,Mobile,+8550962508222
Smart-096-2508223,Mobile,+8550962508223
Smart-096-2508224,Mobile,+8550962508224
Smart-096-2508225,Mobile,+8550962508225
Smart-096-2508226,Mobile,+8550962508226
Smart-096-2508227,Mobile,+8550962508227
Smart-096-2508228,Mobile,+8550962508228
Smart-096-2508229,Mobile,+8550962508229
Smart-096-2508230,Mobile,+8550962508230
Smart-096-2508231,Mobile,+8550962508231
Smart-096-2508232,Mobile,+8550962508232
Smart-096-2508233,Mobile,+8550962508233
Smart-096-2508234,Mobile,+8550962508234
Smart-096-2508235,Mobile,+8550962508235
Smart-096-2508236,Mobile,+8550962508236
Smart-096-2508237,Mobile,+8550962508237
Smart-096-2508238,Mobile,+8550962508238
Smart-096-2508239,Mobile,+8550962508239
Smart-096-2508240,Mobile,+8550962508240
Smart-096-2508241,Mobile,+8550962508241
Smart-096-2508242,Mobile,+8550962508242
Smart-096-2508243,Mobile,+8550962508243
Smart-096-2508244,Mobile,+8550962508244
Smart-096-2508245,Mobile,+8550962508245
Smart-096-2508246,Mobile,+8550962508246
Smart-096-2508247,Mobile,+8550962508247
Smart-096-2508248,Mobile,+8550962508248
Smart-096-2508249,Mobile,+8550962508249
Smart-096-2508250,Mobile,+8550962508250
Smart-096-2508251,Mobile,+8550962508251
Smart-096-2508252,Mobile,+8550962508252
Smart-096-2508253,Mobile,+8550962508253
Smart-096-2508254,Mobile,+8550962508254
Smart-096-2508255,Mobile,+8550962508255
Smart-096-2508256,Mobile,+8550962508256
Smart-096-2508257,Mobile,+8550962508257
Smart-096-2508258,Mobile,+8550962508258
Smart-096-2508259,Mobile,+8550962508259
Smart-096-2508260,Mobile,+8550962508260
Smart-096-2508261,Mobile,+8550962508261
Smart-096-2508262,Mobile,+8550962508262
Smart-096-2508263,Mobile,+8550962508263
Smart-096-2508264,Mobile,+8550962508264
Smart-096-2508265,Mobile,+8550962508265
Smart-096-2508266,Mobile,+8550962508266
Smart-096-2508267,Mobile,+8550962508267
Smart-096-2508268,Mobile,+8550962508268
Smart-096-2508269,Mobile,+8550962508269
Smart-096-2508270,Mobile,+8550962508270
Smart-096-2508271,Mobile,+8550962508271
Smart-096-2508272,Mobile,+8550962508272
Smart-096-2508273,Mobile,+8550962508273
Smart-096-2508274,Mobile,+8550962508274
Smart-096-2508275,Mobile,+8550962508275
Smart-096-2508276,Mobile,+8550962508276
Smart-096-2508277,Mobile,+8550962508277
Smart-096-2508278,Mobile,+8550962508278
Smart-096-2508279,Mobile,+8550962508279
Smart-096-2508280,Mobile,+8550962508280
Smart-096-2508281,Mobile,+8550962508281
Smart-096-2508282,Mobile,+8550962508282
Smart-096-2508283,Mobile,+8550962508283
Smart-096-2508284,Mobile,+8550962508284
Smart-096-2508285,Mobile,+8550962508285
Smart-096-2508286,Mobile,+8550962508286
Smart-096-2508287,Mobile,+8550962508287
Smart-096-2508288,Mobile,+8550962508288
Smart-096-2508289,Mobile,+8550962508289
Smart-096-2508290,Mobile,+8550962508290
Smart-096-2508291,Mobile,+8550962508291
Smart-096-2508292,Mobile,+8550962508292
Smart-096-2508293,Mobile,+8550962508293
Smart-096-2508294,Mobile,+8550962508294
Smart-096-2508295,Mobile,+8550962508295
Smart-096-2508296,Mobile,+8550962508296
Smart-096-2508297,Mobile,+8550962508297
Smart-096-2508298,Mobile,+8550962508298
Smart-096-2508299,Mobile,+8550962508299
Smart-096-2508300,Mobile,+8550962508300
Smart-096-2508301,Mobile,+8550962508301
Smart-096-2508302,Mobile,+8550962508302
Smart-096-2508303,Mobile,+8550962508303
Smart-096-2508304,Mobile,+8550962508304
Smart-096-2508305,Mobile,+8550962508305
Smart-096-2508306,Mobile,+8550962508306
Smart-096-2508307,Mobile,+8550962508307
Smart-096-2508308,Mobile,+8550962508308
Smart-096-2508309,Mobile,+8550962508309
Smart-096-2508310,Mobile,+8550962508310
Smart-096-2508311,Mobile,+8550962508311
Smart-096-2508312,Mobile,+8550962508312
Smart-096-2508313,Mobile,+8550962508313
Smart-096-2508314,Mobile,+8550962508314
Smart-096-2508315,Mobile,+8550962508315
Smart-096-2508316,Mobile,+8550962508316
Smart-096-2508317,Mobile,+8550962508317
Smart-096-2508318,Mobile,+8550962508318
Smart-096-2508319,Mobile,+8550962508319
Smart-096-2508320,Mobile,+8550962508320
Smart-096-2508321,Mobile,+8550962508321
Smart-096-2508322,Mobile,+8550962508322
Smart-096-2508323,Mobile,+8550962508323
Smart-096-2508324,Mobile,+8550962508324
Smart-096-2508325,Mobile,+8550962508325
Smart-096-2508326,Mobile,+8550962508326
Smart-096-2508327,Mobile,+8550962508327
Smart-096-2508328,Mobile,+8550962508328
Smart-096-2508329,Mobile,+8550962508329
Smart-096-2508330,Mobile,+8550962508330
Smart-096-2508331,Mobile,+8550962508331
Smart-096-2508332,Mobile,+8550962508332
Smart-096-2508333,Mobile,+8550962508333
Smart-096-2508334,Mobile,+8550962508334
Smart-096-2508335,Mobile,+8550962508335
Smart-096-2508336,Mobile,+8550962508336
Smart-096-2508337,Mobile,+8550962508337
Smart-096-2508338,Mobile,+8550962508338
Smart-096-2508339,Mobile,+8550962508339
Smart-096-2508340,Mobile,+8550962508340
Smart-096-2508341,Mobile,+8550962508341
Smart-096-2508342,Mobile,+8550962508342
Smart-096-2508343,Mobile,+8550962508343
Smart-096-2508344,Mobile,+8550962508344
Smart-096-2508345,Mobile,+8550962508345
Smart-096-2508346,Mobile,+8550962508346
Smart-096-2508347,Mobile,+8550962508347
Smart-096-2508348,Mobile,+8550962508348
Smart-096-2508349,Mobile,+8550962508349
Smart-096-2508350,Mobile,+8550962508350
Smart-096-2508351,Mobile,+8550962508351
Smart-096-2508352,Mobile,+8550962508352
Smart-096-2508353,Mobile,+8550962508353
Smart-096-2508354,Mobile,+8550962508354
Smart-096-2508355,Mobile,+8550962508355
Smart-096-2508356,Mobile,+8550962508356
Smart-096-2508357,Mobile,+8550962508357
Smart-096-2508358,Mobile,+8550962508358
Smart-096-2508359,Mobile,+8550962508359
Smart-096-2508360,Mobile,+8550962508360
Smart-096-2508361,Mobile,+8550962508361
Smart-096-2508362,Mobile,+8550962508362
Smart-096-2508363,Mobile,+8550962508363
Smart-096-2508364,Mobile,+8550962508364
Smart-096-2508365,Mobile,+8550962508365
Smart-096-2508366,Mobile,+8550962508366
Smart-096-2508367,Mobile,+8550962508367
Smart-096-2508368,Mobile,+8550962508368
Smart-096-2508369,Mobile,+8550962508369
Smart-096-2508370,Mobile,+8550962508370
Smart-096-2508371,Mobile,+8550962508371
Smart-096-2508372,Mobile,+8550962508372
Smart-096-2508373,Mobile,+8550962508373
Smart-096-2508374,Mobile,+8550962508374
Smart-096-2508375,Mobile,+8550962508375
Smart-096-2508376,Mobile,+8550962508376
Smart-096-2508377,Mobile,+8550962508377
Smart-096-2508378,Mobile,+8550962508378
Smart-096-2508379,Mobile,+8550962508379
Smart-096-2508380,Mobile,+8550962508380
Smart-096-2508381,Mobile,+8550962508381
Smart-096-2508382,Mobile,+8550962508382
Smart-096-2508383,Mobile,+8550962508383
Smart-096-2508384,Mobile,+8550962508384
Smart-096-2508385,Mobile,+8550962508385
Smart-096-2508386,Mobile,+8550962508386
Smart-096-2508387,Mobile,+8550962508387
Smart-096-2508388,Mobile,+8550962508388
Smart-096-2508389,Mobile,+8550962508389
Smart-096-2508390,Mobile,+8550962508390
Smart-096-2508391,Mobile,+8550962508391
Smart-096-2508392,Mobile,+8550962508392
Smart-096-2508393,Mobile,+8550962508393
Smart-096-2508394,Mobile,+8550962508394
Smart-096-2508395,Mobile,+8550962508395
Smart-096-2508396,Mobile,+8550962508396
Smart-096-2508397,Mobile,+8550962508397
Smart-096-2508398,Mobile,+8550962508398
Smart-096-2508399,Mobile,+8550962508399
Smart-096-2508400,Mobile,+8550962508400
Smart-096-2508401,Mobile,+8550962508401
Smart-096-2508402,Mobile,+8550962508402
Smart-096-2508403,Mobile,+8550962508403
Smart-096-2508404,Mobile,+8550962508404
Smart-096-2508405,Mobile,+8550962508405
Smart-096-2508406,Mobile,+8550962508406
Smart-096-2508407,Mobile,+8550962508407
Smart-096-2508408,Mobile,+8550962508408
Smart-096-2508409,Mobile,+8550962508409
Smart-096-2508410,Mobile,+8550962508410
Smart-096-2508411,Mobile,+8550962508411
Smart-096-2508412,Mobile,+8550962508412
Smart-096-2508413,Mobile,+8550962508413
Smart-096-2508414,Mobile,+8550962508414
Smart-096-2508415,Mobile,+8550962508415
Smart-096-2508416,Mobile,+8550962508416
Smart-096-2508417,Mobile,+8550962508417
Smart-096-2508418,Mobile,+8550962508418
Smart-096-2508419,Mobile,+8550962508419
Smart-096-2508420,Mobile,+8550962508420
Smart-096-2508421,Mobile,+8550962508421
Smart-096-2508422,Mobile,+8550962508422
Smart-096-2508423,Mobile,+8550962508423
Smart-096-2508424,Mobile,+8550962508424
Smart-096-2508425,Mobile,+8550962508425
Smart-096-2508426,Mobile,+8550962508426
Smart-096-2508427,Mobile,+8550962508427
Smart-096-2508428,Mobile,+8550962508428
Smart-096-2508429,Mobile,+8550962508429
Smart-096-2508430,Mobile,+8550962508430
Smart-096-2508431,Mobile,+8550962508431
Smart-096-2508432,Mobile,+8550962508432
Smart-096-2508433,Mobile,+8550962508433
Smart-096-2508434,Mobile,+8550962508434
Smart-096-2508435,Mobile,+8550962508435
Smart-096-2508436,Mobile,+8550962508436
Smart-096-2508437,Mobile,+8550962508437
Smart-096-2508438,Mobile,+8550962508438
Smart-096-2508439,Mobile,+8550962508439
Smart-096-2508440,Mobile,+8550962508440
Smart-096-2508441,Mobile,+8550962508441
Smart-096-2508442,Mobile,+8550962508442
Smart-096-2508443,Mobile,+8550962508443
Smart-096-2508444,Mobile,+8550962508444
Smart-096-2508445,Mobile,+8550962508445
Smart-096-2508446,Mobile,+8550962508446
Smart-096-2508447,Mobile,+8550962508447
Smart-096-2508448,Mobile,+8550962508448
Smart-096-2508449,Mobile,+8550962508449
Smart-096-2508450,Mobile,+8550962508450
Smart-096-2508451,Mobile,+8550962508451
Smart-096-2508452,Mobile,+8550962508452
Smart-096-2508453,Mobile,+8550962508453
Smart-096-2508454,Mobile,+8550962508454
Smart-096-2508455,Mobile,+8550962508455
Smart-096-2508456,Mobile,+8550962508456
Smart-096-2508457,Mobile,+8550962508457
Smart-096-2508458,Mobile,+8550962508458
Smart-096-2508459,Mobile,+8550962508459
Smart-096-2508460,Mobile,+8550962508460
Smart-096-2508461,Mobile,+8550962508461
Smart-096-2508462,Mobile,+8550962508462
Smart-096-2508463,Mobile,+8550962508463
Smart-096-2508464,Mobile,+8550962508464
Smart-096-2508465,Mobile,+8550962508465
Smart-096-2508466,Mobile,+8550962508466
Smart-096-2508467,Mobile,+8550962508467
Smart-096-2508468,Mobile,+8550962508468
Smart-096-2508469,Mobile,+8550962508469
Smart-096-2508470,Mobile,+8550962508470
Smart-096-2508471,Mobile,+8550962508471
Smart-096-2508472,Mobile,+8550962508472
Smart-096-2508473,Mobile,+8550962508473
Smart-096-2508474,Mobile,+8550962508474
Smart-096-2508475,Mobile,+8550962508475
Smart-096-2508476,Mobile,+8550962508476
Smart-096-2508477,Mobile,+8550962508477
Smart-096-2508478,Mobile,+8550962508478
Smart-096-2508479,Mobile,+8550962508479
Smart-096-2508480,Mobile,+8550962508480
Smart-096-2508481,Mobile,+8550962508481
Smart-096-2508482,Mobile,+8550962508482
Smart-096-2508483,Mobile,+8550962508483
Smart-096-2508484,Mobile,+8550962508484
Smart-096-2508485,Mobile,+8550962508485
Smart-096-2508486,Mobile,+8550962508486
Smart-096-2508487,Mobile,+8550962508487
Smart-096-2508488,Mobile,+8550962508488
Smart-096-2508489,Mobile,+8550962508489
Smart-096-2508490,Mobile,+8550962508490
Smart-096-2508491,Mobile,+8550962508491
Smart-096-2508492,Mobile,+8550962508492
Smart-096-2508493,Mobile,+8550962508493
Smart-096-2508494,Mobile,+8550962508494
Smart-096-2508495,Mobile,+8550962508495
Smart-096-2508496,Mobile,+8550962508496
Smart-096-2508497,Mobile,+8550962508497
Smart-096-2508498,Mobile,+8550962508498
Smart-096-2508499,Mobile,+8550962508499
Smart-096-2508500,Mobile,+8550962508500
Smart-096-2508501,Mobile,+8550962508501
Smart-096-2508502,Mobile,+8550962508502
Smart-096-2508503,Mobile,+8550962508503
Smart-096-2508504,Mobile,+8550962508504
Smart-096-2508505,Mobile,+8550962508505
Smart-096-2508506,Mobile,+8550962508506
Smart-096-2508507,Mobile,+8550962508507
Smart-096-2508508,Mobile,+8550962508508
Smart-096-2508509,Mobile,+8550962508509
Smart-096-2508510,Mobile,+8550962508510
Smart-096-2508511,Mobile,+8550962508511
Smart-096-2508512,Mobile,+8550962508512
Smart-096-2508513,Mobile,+8550962508513
Smart-096-2508514,Mobile,+8550962508514
Smart-096-2508515,Mobile,+8550962508515
Smart-096-2508516,Mobile,+8550962508516
Smart-096-2508517,Mobile,+8550962508517
Smart-096-2508518,Mobile,+8550962508518
Smart-096-2508519,Mobile,+8550962508519
Smart-096-2508520,Mobile,+8550962508520
Smart-096-2508521,Mobile,+8550962508521
Smart-096-2508522,Mobile,+8550962508522
Smart-096-2508523,Mobile,+8550962508523
Smart-096-2508524,Mobile,+8550962508524
Smart-096-2508525,Mobile,+8550962508525
Smart-096-2508526,Mobile,+8550962508526
Smart-096-2508527,Mobile,+8550962508527
Smart-096-2508528,Mobile,+8550962508528
Smart-096-2508529,Mobile,+8550962508529
Smart-096-2508530,Mobile,+8550962508530
Smart-096-2508531,Mobile,+8550962508531
Smart-096-2508532,Mobile,+8550962508532
Smart-096-2508533,Mobile,+8550962508533
Smart-096-2508534,Mobile,+8550962508534
Smart-096-2508535,Mobile,+8550962508535
Smart-096-2508536,Mobile,+8550962508536
Smart-096-2508537,Mobile,+8550962508537
Smart-096-2508538,Mobile,+8550962508538
Smart-096-2508539,Mobile,+8550962508539
Smart-096-2508540,Mobile,+8550962508540
Smart-096-2508541,Mobile,+8550962508541
Smart-096-2508542,Mobile,+8550962508542
Smart-096-2508543,Mobile,+8550962508543
Smart-096-2508544,Mobile,+8550962508544
Smart-096-2508545,Mobile,+8550962508545
Smart-096-2508546,Mobile,+8550962508546
Smart-096-2508547,Mobile,+8550962508547
Smart-096-2508548,Mobile,+8550962508548
Smart-096-2508549,Mobile,+8550962508549
Smart-096-2508550,Mobile,+8550962508550
Smart-096-2508551,Mobile,+8550962508551
Smart-096-2508552,Mobile,+8550962508552
Smart-096-2508553,Mobile,+8550962508553
Smart-096-2508554,Mobile,+8550962508554
Smart-096-2508555,Mobile,+8550962508555
Smart-096-2508556,Mobile,+8550962508556
Smart-096-2508557,Mobile,+8550962508557
Smart-096-2508558,Mobile,+8550962508558
Smart-096-2508559,Mobile,+8550962508559
Smart-096-2508560,Mobile,+8550962508560
Smart-096-2508561,Mobile,+8550962508561
Smart-096-2508562,Mobile,+8550962508562
Smart-096-2508563,Mobile,+8550962508563
Smart-096-2508564,Mobile,+8550962508564
Smart-096-2508565,Mobile,+8550962508565
Smart-096-2508566,Mobile,+8550962508566
Smart-096-2508567,Mobile,+8550962508567
Smart-096-2508568,Mobile,+8550962508568
Smart-096-2508569,Mobile,+8550962508569
Smart-096-2508570,Mobile,+8550962508570
Smart-096-2508571,Mobile,+8550962508571
Smart-096-2508572,Mobile,+8550962508572
Smart-096-2508573,Mobile,+8550962508573
Smart-096-2508574,Mobile,+8550962508574
Smart-096-2508575,Mobile,+8550962508575
Smart-096-2508576,Mobile,+8550962508576
Smart-096-2508577,Mobile,+8550962508577
Smart-096-2508578,Mobile,+8550962508578
Smart-096-2508579,Mobile,+8550962508579
Smart-096-2508580,Mobile,+8550962508580
Smart-096-2508581,Mobile,+8550962508581
Smart-096-2508582,Mobile,+8550962508582
Smart-096-2508583,Mobile,+8550962508583
Smart-096-2508584,Mobile,+8550962508584
Smart-096-2508585,Mobile,+8550962508585
Smart-096-2508586,Mobile,+8550962508586
Smart-096-2508587,Mobile,+8550962508587
Smart-096-2508588,Mobile,+8550962508588
Smart-096-2508589,Mobile,+8550962508589
Smart-096-2508590,Mobile,+8550962508590
Smart-096-2508591,Mobile,+8550962508591
Smart-096-2508592,Mobile,+8550962508592
Smart-096-2508593,Mobile,+8550962508593
Smart-096-2508594,Mobile,+8550962508594
Smart-096-2508595,Mobile,+8550962508595
Smart-096-2508596,Mobile,+8550962508596
Smart-096-2508597,Mobile,+8550962508597
Smart-096-2508598,Mobile,+8550962508598
Smart-096-2508599,Mobile,+8550962508599
Smart-096-2508600,Mobile,+8550962508600
Smart-096-2508601,Mobile,+8550962508601
Smart-096-2508602,Mobile,+8550962508602
Smart-096-2508603,Mobile,+8550962508603
Smart-096-2508604,Mobile,+8550962508604
Smart-096-2508605,Mobile,+8550962508605
Smart-096-2508606,Mobile,+8550962508606
Smart-096-2508607,Mobile,+8550962508607
Smart-096-2508608,Mobile,+8550962508608
Smart-096-2508609,Mobile,+8550962508609
Smart-096-2508610,Mobile,+8550962508610
Smart-096-2508611,Mobile,+8550962508611
Smart-096-2508612,Mobile,+8550962508612
Smart-096-2508613,Mobile,+8550962508613
Smart-096-2508614,Mobile,+8550962508614
Smart-096-2508615,Mobile,+8550962508615
Smart-096-2508616,Mobile,+8550962508616
Smart-096-2508617,Mobile,+8550962508617
Smart-096-2508618,Mobile,+8550962508618
Smart-096-2508619,Mobile,+8550962508619
Smart-096-2508620,Mobile,+8550962508620
Smart-096-2508621,Mobile,+8550962508621
Smart-096-2508622,Mobile,+8550962508622
Smart-096-2508623,Mobile,+8550962508623
Smart-096-2508624,Mobile,+8550962508624
Smart-096-2508625,Mobile,+8550962508625
Smart-096-2508626,Mobile,+8550962508626
Smart-096-2508627,Mobile,+8550962508627
Smart-096-2508628,Mobile,+8550962508628
Smart-096-2508629,Mobile,+8550962508629
Smart-096-2508630,Mobile,+8550962508630
Smart-096-2508631,Mobile,+8550962508631
Smart-096-2508632,Mobile,+8550962508632
Smart-096-2508633,Mobile,+8550962508633
Smart-096-2508634,Mobile,+8550962508634
Smart-096-2508635,Mobile,+8550962508635
Smart-096-2508636,Mobile,+8550962508636
Smart-096-2508637,Mobile,+8550962508637
Smart-096-2508638,Mobile,+8550962508638
Smart-096-2508639,Mobile,+8550962508639
Smart-096-2508640,Mobile,+8550962508640
Smart-096-2508641,Mobile,+8550962508641
Smart-096-2508642,Mobile,+8550962508642
Smart-096-2508643,Mobile,+8550962508643
Smart-096-2508644,Mobile,+8550962508644
Smart-096-2508645,Mobile,+8550962508645
Smart-096-2508646,Mobile,+8550962508646
Smart-096-2508647,Mobile,+8550962508647
Smart-096-2508648,Mobile,+8550962508648
Smart-096-2508649,Mobile,+8550962508649
Smart-096-2508650,Mobile,+8550962508650
Smart-096-2508651,Mobile,+8550962508651
Smart-096-2508652,Mobile,+8550962508652
Smart-096-2508653,Mobile,+8550962508653
Smart-096-2508654,Mobile,+8550962508654
Smart-096-2508655,Mobile,+8550962508655
Smart-096-2508656,Mobile,+8550962508656
Smart-096-2508657,Mobile,+8550962508657
Smart-096-2508658,Mobile,+8550962508658
Smart-096-2508659,Mobile,+8550962508659
Smart-096-2508660,Mobile,+8550962508660
Smart-096-2508661,Mobile,+8550962508661
Smart-096-2508662,Mobile,+8550962508662
Smart-096-2508663,Mobile,+8550962508663
Smart-096-2508664,Mobile,+8550962508664
Smart-096-2508665,Mobile,+8550962508665
Smart-096-2508666,Mobile,+8550962508666
Smart-096-2508667,Mobile,+8550962508667
Smart-096-2508668,Mobile,+8550962508668
Smart-096-2508669,Mobile,+8550962508669
Smart-096-2508670,Mobile,+8550962508670
Smart-096-2508671,Mobile,+8550962508671
Smart-096-2508672,Mobile,+8550962508672
Smart-096-2508673,Mobile,+8550962508673
Smart-096-2508674,Mobile,+8550962508674
Smart-096-2508675,Mobile,+8550962508675
Smart-096-2508676,Mobile,+8550962508676
Smart-096-2508677,Mobile,+8550962508677
Smart-096-2508678,Mobile,+8550962508678
Smart-096-2508679,Mobile,+8550962508679
Smart-096-2508680,Mobile,+8550962508680
Smart-096-2508681,Mobile,+8550962508681
Smart-096-2508682,Mobile,+8550962508682
Smart-096-2508683,Mobile,+8550962508683
Smart-096-2508684,Mobile,+8550962508684
Smart-096-2508685,Mobile,+8550962508685
Smart-096-2508686,Mobile,+8550962508686
Smart-096-2508687,Mobile,+8550962508687
Smart-096-2508688,Mobile,+8550962508688
Smart-096-2508689,Mobile,+8550962508689
Smart-096-2508690,Mobile,+8550962508690
Smart-096-2508691,Mobile,+8550962508691
Smart-096-2508692,Mobile,+8550962508692
Smart-096-2508693,Mobile,+8550962508693
Smart-096-2508694,Mobile,+8550962508694
Smart-096-2508695,Mobile,+8550962508695
Smart-096-2508696,Mobile,+8550962508696
Smart-096-2508697,Mobile,+8550962508697
Smart-096-2508698,Mobile,+8550962508698
Smart-096-2508699,Mobile,+8550962508699
Smart-096-2508700,Mobile,+8550962508700
Smart-096-2508701,Mobile,+8550962508701
Smart-096-2508702,Mobile,+8550962508702
Smart-096-2508703,Mobile,+8550962508703
Smart-096-2508704,Mobile,+8550962508704
Smart-096-2508705,Mobile,+8550962508705
Smart-096-2508706,Mobile,+8550962508706
Smart-096-2508707,Mobile,+8550962508707
Smart-096-2508708,Mobile,+8550962508708
Smart-096-2508709,Mobile,+8550962508709
Smart-096-2508710,Mobile,+8550962508710
Smart-096-2508711,Mobile,+8550962508711
Smart-096-2508712,Mobile,+8550962508712
Smart-096-2508713,Mobile,+8550962508713
Smart-096-2508714,Mobile,+8550962508714
Smart-096-2508715,Mobile,+8550962508715
Smart-096-2508716,Mobile,+8550962508716
Smart-096-2508717,Mobile,+8550962508717
Smart-096-2508718,Mobile,+8550962508718
Smart-096-2508719,Mobile,+8550962508719
Smart-096-2508720,Mobile,+8550962508720
Smart-096-2508721,Mobile,+8550962508721
Smart-096-2508722,Mobile,+8550962508722
Smart-096-2508723,Mobile,+8550962508723
Smart-096-2508724,Mobile,+8550962508724
Smart-096-2508725,Mobile,+8550962508725
Smart-096-2508726,Mobile,+8550962508726
Smart-096-2508727,Mobile,+8550962508727
Smart-096-2508728,Mobile,+8550962508728
Smart-096-2508729,Mobile,+8550962508729
Smart-096-2508730,Mobile,+8550962508730
Smart-096-2508731,Mobile,+8550962508731
Smart-096-2508732,Mobile,+8550962508732
Smart-096-2508733,Mobile,+8550962508733
Smart-096-2508734,Mobile,+8550962508734
Smart-096-2508735,Mobile,+8550962508735
Smart-096-2508736,Mobile,+8550962508736
Smart-096-2508737,Mobile,+8550962508737
Smart-096-2508738,Mobile,+8550962508738
Smart-096-2508739,Mobile,+8550962508739
Smart-096-2508740,Mobile,+8550962508740
Smart-096-2508741,Mobile,+8550962508741
Smart-096-2508742,Mobile,+8550962508742
Smart-096-2508743,Mobile,+8550962508743
Smart-096-2508744,Mobile,+8550962508744
Smart-096-2508745,Mobile,+8550962508745
Smart-096-2508746,Mobile,+8550962508746
Smart-096-2508747,Mobile,+8550962508747
Smart-096-2508748,Mobile,+8550962508748
Smart-096-2508749,Mobile,+8550962508749
Smart-096-2508750,Mobile,+8550962508750
Smart-096-2508751,Mobile,+8550962508751
Smart-096-2508752,Mobile,+8550962508752
Smart-096-2508753,Mobile,+8550962508753
Smart-096-2508754,Mobile,+8550962508754
Smart-096-2508755,Mobile,+8550962508755
Smart-096-2508756,Mobile,+8550962508756
Smart-096-2508757,Mobile,+8550962508757
Smart-096-2508758,Mobile,+8550962508758
Smart-096-2508759,Mobile,+8550962508759
Smart-096-2508760,Mobile,+8550962508760
Smart-096-2508761,Mobile,+8550962508761
Smart-096-2508762,Mobile,+8550962508762
Smart-096-2508763,Mobile,+8550962508763
Smart-096-2508764,Mobile,+8550962508764
Smart-096-2508765,Mobile,+8550962508765
Smart-096-2508766,Mobile,+8550962508766
Smart-096-2508767,Mobile,+8550962508767
Smart-096-2508768,Mobile,+8550962508768
Smart-096-2508769,Mobile,+8550962508769
Smart-096-2508770,Mobile,+8550962508770
Smart-096-2508771,Mobile,+8550962508771
Smart-096-2508772,Mobile,+8550962508772
Smart-096-2508773,Mobile,+8550962508773
Smart-096-2508774,Mobile,+8550962508774
Smart-096-2508775,Mobile,+8550962508775
Smart-096-2508776,Mobile,+8550962508776
Smart-096-2508777,Mobile,+8550962508777
Smart-096-2508778,Mobile,+8550962508778
Smart-096-2508779,Mobile,+8550962508779
Smart-096-2508780,Mobile,+8550962508780
Smart-096-2508781,Mobile,+8550962508781
Smart-096-2508782,Mobile,+8550962508782
Smart-096-2508783,Mobile,+8550962508783
Smart-096-2508784,Mobile,+8550962508784
Smart-096-2508785,Mobile,+8550962508785
Smart-096-2508786,Mobile,+8550962508786
Smart-096-2508787,Mobile,+8550962508787
Smart-096-2508788,Mobile,+8550962508788
Smart-096-2508789,Mobile,+8550962508789
Smart-096-2508790,Mobile,+8550962508790
Smart-096-2508791,Mobile,+8550962508791
Smart-096-2508792,Mobile,+8550962508792
Smart-096-2508793,Mobile,+8550962508793
Smart-096-2508794,Mobile,+8550962508794
Smart-096-2508795,Mobile,+8550962508795
Smart-096-2508796,Mobile,+8550962508796
Smart-096-2508797,Mobile,+8550962508797
Smart-096-2508798,Mobile,+8550962508798
Smart-096-2508799,Mobile,+8550962508799
Smart-096-2508800,Mobile,+8550962508800
Smart-096-2508801,Mobile,+8550962508801
Smart-096-2508802,Mobile,+8550962508802
Smart-096-2508803,Mobile,+8550962508803
Smart-096-2508804,Mobile,+8550962508804
Smart-096-2508805,Mobile,+8550962508805
Smart-096-2508806,Mobile,+8550962508806
Smart-096-2508807,Mobile,+8550962508807
Smart-096-2508808,Mobile,+8550962508808
Smart-096-2508809,Mobile,+8550962508809
Smart-096-2508810,Mobile,+8550962508810
Smart-096-2508811,Mobile,+8550962508811
Smart-096-2508812,Mobile,+8550962508812
Smart-096-2508813,Mobile,+8550962508813
Smart-096-2508814,Mobile,+8550962508814
Smart-096-2508815,Mobile,+8550962508815
Smart-096-2508816,Mobile,+8550962508816
Smart-096-2508817,Mobile,+8550962508817
Smart-096-2508818,Mobile,+8550962508818
Smart-096-2508819,Mobile,+8550962508819
Smart-096-2508820,Mobile,+8550962508820
Smart-096-2508821,Mobile,+8550962508821
Smart-096-2508822,Mobile,+8550962508822
Smart-096-2508823,Mobile,+8550962508823
Smart-096-2508824,Mobile,+8550962508824
Smart-096-2508825,Mobile,+8550962508825
Smart-096-2508826,Mobile,+8550962508826
Smart-096-2508827,Mobile,+8550962508827
Smart-096-2508828,Mobile,+8550962508828
Smart-096-2508829,Mobile,+8550962508829
Smart-096-2508830,Mobile,+8550962508830
Smart-096-2508831,Mobile,+8550962508831
Smart-096-2508832,Mobile,+8550962508832
Smart-096-2508833,Mobile,+8550962508833
Smart-096-2508834,Mobile,+8550962508834
Smart-096-2508835,Mobile,+8550962508835
Smart-096-2508836,Mobile,+8550962508836
Smart-096-2508837,Mobile,+8550962508837
Smart-096-2508838,Mobile,+8550962508838
Smart-096-2508839,Mobile,+8550962508839
Smart-096-2508840,Mobile,+8550962508840
Smart-096-2508841,Mobile,+8550962508841
Smart-096-2508842,Mobile,+8550962508842
Smart-096-2508843,Mobile,+8550962508843
Smart-096-2508844,Mobile,+8550962508844
Smart-096-2508845,Mobile,+8550962508845
Smart-096-2508846,Mobile,+8550962508846
Smart-096-2508847,Mobile,+8550962508847
Smart-096-2508848,Mobile,+8550962508848
Smart-096-2508849,Mobile,+8550962508849
Smart-096-2508850,Mobile,+8550962508850
Smart-096-2508851,Mobile,+8550962508851
Smart-096-2508852,Mobile,+8550962508852
Smart-096-2508853,Mobile,+8550962508853
Smart-096-2508854,Mobile,+8550962508854
Smart-096-2508855,Mobile,+8550962508855
Smart-096-2508856,Mobile,+8550962508856
Smart-096-2508857,Mobile,+8550962508857
Smart-096-2508858,Mobile,+8550962508858
Smart-096-2508859,Mobile,+8550962508859
Smart-096-2508860,Mobile,+8550962508860
Smart-096-2508861,Mobile,+8550962508861
Smart-096-2508862,Mobile,+8550962508862
Smart-096-2508863,Mobile,+8550962508863
Smart-096-2508864,Mobile,+8550962508864
Smart-096-2508865,Mobile,+8550962508865
Smart-096-2508866,Mobile,+8550962508866
Smart-096-2508867,Mobile,+8550962508867
Smart-096-2508868,Mobile,+8550962508868
Smart-096-2508869,Mobile,+8550962508869
Smart-096-2508870,Mobile,+8550962508870
Smart-096-2508871,Mobile,+8550962508871
Smart-096-2508872,Mobile,+8550962508872
Smart-096-2508873,Mobile,+8550962508873
Smart-096-2508874,Mobile,+8550962508874
Smart-096-2508875,Mobile,+8550962508875
Smart-096-2508876,Mobile,+8550962508876
Smart-096-2508877,Mobile,+8550962508877
Smart-096-2508878,Mobile,+8550962508878
Smart-096-2508879,Mobile,+8550962508879
Smart-096-2508880,Mobile,+8550962508880
Smart-096-2508881,Mobile,+8550962508881
Smart-096-2508882,Mobile,+8550962508882
Smart-096-2508883,Mobile,+8550962508883
Smart-096-2508884,Mobile,+8550962508884
Smart-096-2508885,Mobile,+8550962508885
Smart-096-2508886,Mobile,+8550962508886
Smart-096-2508887,Mobile,+8550962508887
Smart-096-2508888,Mobile,+8550962508888
Smart-096-2508889,Mobile,+8550962508889
Smart-096-2508890,Mobile,+8550962508890
Smart-096-2508891,Mobile,+8550962508891
Smart-096-2508892,Mobile,+8550962508892
Smart-096-2508893,Mobile,+8550962508893
Smart-096-2508894,Mobile,+8550962508894
Smart-096-2508895,Mobile,+8550962508895
Smart-096-2508896,Mobile,+8550962508896
Smart-096-2508897,Mobile,+8550962508897
Smart-096-2508898,Mobile,+8550962508898
Smart-096-2508899,Mobile,+8550962508899
Smart-096-2508900,Mobile,+8550962508900
Smart-096-2508901,Mobile,+8550962508901
Smart-096-2508902,Mobile,+8550962508902
Smart-096-2508903,Mobile,+8550962508903
Smart-096-2508904,Mobile,+8550962508904
Smart-096-2508905,Mobile,+8550962508905
Smart-096-2508906,Mobile,+8550962508906
Smart-096-2508907,Mobile,+8550962508907
Smart-096-2508908,Mobile,+8550962508908
Smart-096-2508909,Mobile,+8550962508909
Smart-096-2508910,Mobile,+8550962508910
Smart-096-2508911,Mobile,+8550962508911
Smart-096-2508912,Mobile,+8550962508912
Smart-096-2508913,Mobile,+8550962508913
Smart-096-2508914,Mobile,+8550962508914
Smart-096-2508915,Mobile,+8550962508915
Smart-096-2508916,Mobile,+8550962508916
Smart-096-2508917,Mobile,+8550962508917
Smart-096-2508918,Mobile,+8550962508918
Smart-096-2508919,Mobile,+8550962508919
Smart-096-2508920,Mobile,+8550962508920
Smart-096-2508921,Mobile,+8550962508921
Smart-096-2508922,Mobile,+8550962508922
Smart-096-2508923,Mobile,+8550962508923
Smart-096-2508924,Mobile,+8550962508924
Smart-096-2508925,Mobile,+8550962508925
Smart-096-2508926,Mobile,+8550962508926
Smart-096-2508927,Mobile,+8550962508927
Smart-096-2508928,Mobile,+8550962508928
Smart-096-2508929,Mobile,+8550962508929
Smart-096-2508930,Mobile,+8550962508930
Smart-096-2508931,Mobile,+8550962508931
Smart-096-2508932,Mobile,+8550962508932
Smart-096-2508933,Mobile,+8550962508933
Smart-096-2508934,Mobile,+8550962508934
Smart-096-2508935,Mobile,+8550962508935
Smart-096-2508936,Mobile,+8550962508936
Smart-096-2508937,Mobile,+8550962508937
Smart-096-2508938,Mobile,+8550962508938
Smart-096-2508939,Mobile,+8550962508939
Smart-096-2508940,Mobile,+8550962508940
Smart-096-2508941,Mobile,+8550962508941
Smart-096-2508942,Mobile,+8550962508942
Smart-096-2508943,Mobile,+8550962508943
Smart-096-2508944,Mobile,+8550962508944
Smart-096-2508945,Mobile,+8550962508945
Smart-096-2508946,Mobile,+8550962508946
Smart-096-2508947,Mobile,+8550962508947
Smart-096-2508948,Mobile,+8550962508948
Smart-096-2508949,Mobile,+8550962508949
Smart-096-2508950,Mobile,+8550962508950
Smart-096-2508951,Mobile,+8550962508951
Smart-096-2508952,Mobile,+8550962508952
Smart-096-2508953,Mobile,+8550962508953
Smart-096-2508954,Mobile,+8550962508954
Smart-096-2508955,Mobile,+8550962508955
Smart-096-2508956,Mobile,+8550962508956
Smart-096-2508957,Mobile,+8550962508957
Smart-096-2508958,Mobile,+8550962508958
Smart-096-2508959,Mobile,+8550962508959
Smart-096-2508960,Mobile,+8550962508960
Smart-096-2508961,Mobile,+8550962508961
Smart-096-2508962,Mobile,+8550962508962
Smart-096-2508963,Mobile,+8550962508963
Smart-096-2508964,Mobile,+8550962508964
Smart-096-2508965,Mobile,+8550962508965
Smart-096-2508966,Mobile,+8550962508966
Smart-096-2508967,Mobile,+8550962508967
Smart-096-2508968,Mobile,+8550962508968
Smart-096-2508969,Mobile,+8550962508969
Smart-096-2508970,Mobile,+8550962508970
Smart-096-2508971,Mobile,+8550962508971
Smart-096-2508972,Mobile,+8550962508972
Smart-096-2508973,Mobile,+8550962508973
Smart-096-2508974,Mobile,+8550962508974
Smart-096-2508975,Mobile,+8550962508975
Smart-096-2508976,Mobile,+8550962508976
Smart-096-2508977,Mobile,+8550962508977
Smart-096-2508978,Mobile,+8550962508978
Smart-096-2508979,Mobile,+8550962508979
Smart-096-2508980,Mobile,+8550962508980
Smart-096-2508981,Mobile,+8550962508981
Smart-096-2508982,Mobile,+8550962508982
Smart-096-2508983,Mobile,+8550962508983
Smart-096-2508984,Mobile,+8550962508984
Smart-096-2508985,Mobile,+8550962508985
Smart-096-2508986,Mobile,+8550962508986
Smart-096-2508987,Mobile,+8550962508987
Smart-096-2508988,Mobile,+8550962508988
Smart-096-2508989,Mobile,+8550962508989
Smart-096-2508990,Mobile,+8550962508990
Smart-096-2508991,Mobile,+8550962508991
Smart-096-2508992,Mobile,+8550962508992
Smart-096-2508993,Mobile,+8550962508993
Smart-096-2508994,Mobile,+8550962508994
Smart-096-2508995,Mobile,+8550962508995
Smart-096-2508996,Mobile,+8550962508996
Smart-096-2508997,Mobile,+8550962508997
Smart-096-2508998,Mobile,+8550962508998
Smart-096-2508999,Mobile,+8550962508999
Smart-096-2509000,Mobile,+8550962509000
Smart-096-2509001,Mobile,+8550962509001
Smart-096-2509002,Mobile,+8550962509002
Smart-096-2509003,Mobile,+8550962509003
Smart-096-2509004,Mobile,+8550962509004
Smart-096-2509005,Mobile,+8550962509005
Smart-096-2509006,Mobile,+8550962509006
Smart-096-2509007,Mobile,+8550962509007
Smart-096-2509008,Mobile,+8550962509008
Smart-096-2509009,Mobile,+8550962509009
Smart-096-2509010,Mobile,+8550962509010
Smart-096-2509011,Mobile,+8550962509011
Smart-096-2509012,Mobile,+8550962509012
Smart-096-2509013,Mobile,+8550962509013
Smart-096-2509014,Mobile,+8550962509014
Smart-096-2509015,Mobile,+8550962509015
Smart-096-2509016,Mobile,+8550962509016
Smart-096-2509017,Mobile,+8550962509017
Smart-096-2509018,Mobile,+8550962509018
Smart-096-2509019,Mobile,+8550962509019
Smart-096-2509020,Mobile,+8550962509020
Smart-096-2509021,Mobile,+8550962509021
Smart-096-2509022,Mobile,+8550962509022
Smart-096-2509023,Mobile,+8550962509023
Smart-096-2509024,Mobile,+8550962509024
Smart-096-2509025,Mobile,+8550962509025
Smart-096-2509026,Mobile,+8550962509026
Smart-096-2509027,Mobile,+8550962509027
Smart-096-2509028,Mobile,+8550962509028
Smart-096-2509029,Mobile,+8550962509029
Smart-096-2509030,Mobile,+8550962509030
Smart-096-2509031,Mobile,+8550962509031
Smart-096-2509032,Mobile,+8550962509032
Smart-096-2509033,Mobile,+8550962509033
Smart-096-2509034,Mobile,+8550962509034
Smart-096-2509035,Mobile,+8550962509035
Smart-096-2509036,Mobile,+8550962509036
Smart-096-2509037,Mobile,+8550962509037
Smart-096-2509038,Mobile,+8550962509038
Smart-096-2509039,Mobile,+8550962509039
Smart-096-2509040,Mobile,+8550962509040
Smart-096-2509041,Mobile,+8550962509041
Smart-096-2509042,Mobile,+8550962509042
Smart-096-2509043,Mobile,+8550962509043
Smart-096-2509044,Mobile,+8550962509044
Smart-096-2509045,Mobile,+8550962509045
Smart-096-2509046,Mobile,+8550962509046
Smart-096-2509047,Mobile,+8550962509047
Smart-096-2509048,Mobile,+8550962509048
Smart-096-2509049,Mobile,+8550962509049
Smart-096-2509050,Mobile,+8550962509050
Smart-096-2509051,Mobile,+8550962509051
Smart-096-2509052,Mobile,+8550962509052
Smart-096-2509053,Mobile,+8550962509053
Smart-096-2509054,Mobile,+8550962509054
Smart-096-2509055,Mobile,+8550962509055
Smart-096-2509056,Mobile,+8550962509056
Smart-096-2509057,Mobile,+8550962509057
Smart-096-2509058,Mobile,+8550962509058
Smart-096-2509059,Mobile,+8550962509059
Smart-096-2509060,Mobile,+8550962509060
Smart-096-2509061,Mobile,+8550962509061
Smart-096-2509062,Mobile,+8550962509062
Smart-096-2509063,Mobile,+8550962509063
Smart-096-2509064,Mobile,+8550962509064
Smart-096-2509065,Mobile,+8550962509065
Smart-096-2509066,Mobile,+8550962509066
Smart-096-2509067,Mobile,+8550962509067
Smart-096-2509068,Mobile,+8550962509068
Smart-096-2509069,Mobile,+8550962509069
Smart-096-2509070,Mobile,+8550962509070
Smart-096-2509071,Mobile,+8550962509071
Smart-096-2509072,Mobile,+8550962509072
Smart-096-2509073,Mobile,+8550962509073
Smart-096-2509074,Mobile,+8550962509074
Smart-096-2509075,Mobile,+8550962509075
Smart-096-2509076,Mobile,+8550962509076
Smart-096-2509077,Mobile,+8550962509077
Smart-096-2509078,Mobile,+8550962509078
Smart-096-2509079,Mobile,+8550962509079
Smart-096-2509080,Mobile,+8550962509080
Smart-096-2509081,Mobile,+8550962509081
Smart-096-2509082,Mobile,+8550962509082
Smart-096-2509083,Mobile,+8550962509083
Smart-096-2509084,Mobile,+8550962509084
Smart-096-2509085,Mobile,+8550962509085
Smart-096-2509086,Mobile,+8550962509086
Smart-096-2509087,Mobile,+8550962509087
Smart-096-2509088,Mobile,+8550962509088
Smart-096-2509089,Mobile,+8550962509089
Smart-096-2509090,Mobile,+8550962509090
Smart-096-2509091,Mobile,+8550962509091
Smart-096-2509092,Mobile,+8550962509092
Smart-096-2509093,Mobile,+8550962509093
Smart-096-2509094,Mobile,+8550962509094
Smart-096-2509095,Mobile,+8550962509095
Smart-096-2509096,Mobile,+8550962509096
Smart-096-2509097,Mobile,+8550962509097
Smart-096-2509098,Mobile,+8550962509098
Smart-096-2509099,Mobile,+8550962509099
Smart-096-2509100,Mobile,+8550962509100
Smart-096-2509101,Mobile,+8550962509101
Smart-096-2509102,Mobile,+8550962509102
Smart-096-2509103,Mobile,+8550962509103
Smart-096-2509104,Mobile,+8550962509104
Smart-096-2509105,Mobile,+8550962509105
Smart-096-2509106,Mobile,+8550962509106
Smart-096-2509107,Mobile,+8550962509107
Smart-096-2509108,Mobile,+8550962509108
Smart-096-2509109,Mobile,+8550962509109
Smart-096-2509110,Mobile,+8550962509110
Smart-096-2509111,Mobile,+8550962509111
Smart-096-2509112,Mobile,+8550962509112
Smart-096-2509113,Mobile,+8550962509113
Smart-096-2509114,Mobile,+8550962509114
Smart-096-2509115,Mobile,+8550962509115
Smart-096-2509116,Mobile,+8550962509116
Smart-096-2509117,Mobile,+8550962509117
Smart-096-2509118,Mobile,+8550962509118
Smart-096-2509119,Mobile,+8550962509119
Smart-096-2509120,Mobile,+8550962509120
Smart-096-2509121,Mobile,+8550962509121
Smart-096-2509122,Mobile,+8550962509122
Smart-096-2509123,Mobile,+8550962509123
Smart-096-2509124,Mobile,+8550962509124
Smart-096-2509125,Mobile,+8550962509125
Smart-096-2509126,Mobile,+8550962509126
Smart-096-2509127,Mobile,+8550962509127
Smart-096-2509128,Mobile,+8550962509128
Smart-096-2509129,Mobile,+8550962509129
Smart-096-2509130,Mobile,+8550962509130
Smart-096-2509131,Mobile,+8550962509131
Smart-096-2509132,Mobile,+8550962509132
Smart-096-2509133,Mobile,+8550962509133
Smart-096-2509134,Mobile,+8550962509134
Smart-096-2509135,Mobile,+8550962509135
Smart-096-2509136,Mobile,+8550962509136
Smart-096-2509137,Mobile,+8550962509137
Smart-096-2509138,Mobile,+8550962509138
Smart-096-2509139,Mobile,+8550962509139
Smart-096-2509140,Mobile,+8550962509140
Smart-096-2509141,Mobile,+8550962509141
Smart-096-2509142,Mobile,+8550962509142
Smart-096-2509143,Mobile,+8550962509143
Smart-096-2509144,Mobile,+8550962509144
Smart-096-2509145,Mobile,+8550962509145
Smart-096-2509146,Mobile,+8550962509146
Smart-096-2509147,Mobile,+8550962509147
Smart-096-2509148,Mobile,+8550962509148
Smart-096-2509149,Mobile,+8550962509149
Smart-096-2509150,Mobile,+8550962509150
Smart-096-2509151,Mobile,+8550962509151
Smart-096-2509152,Mobile,+8550962509152
Smart-096-2509153,Mobile,+8550962509153
Smart-096-2509154,Mobile,+8550962509154
Smart-096-2509155,Mobile,+8550962509155
Smart-096-2509156,Mobile,+8550962509156
Smart-096-2509157,Mobile,+8550962509157
Smart-096-2509158,Mobile,+8550962509158
Smart-096-2509159,Mobile,+8550962509159
Smart-096-2509160,Mobile,+8550962509160
Smart-096-2509161,Mobile,+8550962509161
Smart-096-2509162,Mobile,+8550962509162
Smart-096-2509163,Mobile,+8550962509163
Smart-096-2509164,Mobile,+8550962509164
Smart-096-2509165,Mobile,+8550962509165
Smart-096-2509166,Mobile,+8550962509166
Smart-096-2509167,Mobile,+8550962509167
Smart-096-2509168,Mobile,+8550962509168
Smart-096-2509169,Mobile,+8550962509169
Smart-096-2509170,Mobile,+8550962509170
Smart-096-2509171,Mobile,+8550962509171
Smart-096-2509172,Mobile,+8550962509172
Smart-096-2509173,Mobile,+8550962509173
Smart-096-2509174,Mobile,+8550962509174
Smart-096-2509175,Mobile,+8550962509175
Smart-096-2509176,Mobile,+8550962509176
Smart-096-2509177,Mobile,+8550962509177
Smart-096-2509178,Mobile,+8550962509178
Smart-096-2509179,Mobile,+8550962509179
Smart-096-2509180,Mobile,+8550962509180
Smart-096-2509181,Mobile,+8550962509181
Smart-096-2509182,Mobile,+8550962509182
Smart-096-2509183,Mobile,+8550962509183
Smart-096-2509184,Mobile,+8550962509184
Smart-096-2509185,Mobile,+8550962509185
Smart-096-2509186,Mobile,+8550962509186
Smart-096-2509187,Mobile,+8550962509187
Smart-096-2509188,Mobile,+8550962509188
Smart-096-2509189,Mobile,+8550962509189
Smart-096-2509190,Mobile,+8550962509190
Smart-096-2509191,Mobile,+8550962509191
Smart-096-2509192,Mobile,+8550962509192
Smart-096-2509193,Mobile,+8550962509193
Smart-096-2509194,Mobile,+8550962509194
Smart-096-2509195,Mobile,+8550962509195
Smart-096-2509196,Mobile,+8550962509196
Smart-096-2509197,Mobile,+8550962509197
Smart-096-2509198,Mobile,+8550962509198
Smart-096-2509199,Mobile,+8550962509199
Smart-096-2509200,Mobile,+8550962509200
Smart-096-2509201,Mobile,+8550962509201
Smart-096-2509202,Mobile,+8550962509202
Smart-096-2509203,Mobile,+8550962509203
Smart-096-2509204,Mobile,+8550962509204
Smart-096-2509205,Mobile,+8550962509205
Smart-096-2509206,Mobile,+8550962509206
Smart-096-2509207,Mobile,+8550962509207
Smart-096-2509208,Mobile,+8550962509208
Smart-096-2509209,Mobile,+8550962509209
Smart-096-2509210,Mobile,+8550962509210
Smart-096-2509211,Mobile,+8550962509211
Smart-096-2509212,Mobile,+8550962509212
Smart-096-2509213,Mobile,+8550962509213
Smart-096-2509214,Mobile,+8550962509214
Smart-096-2509215,Mobile,+8550962509215
Smart-096-2509216,Mobile,+8550962509216
Smart-096-2509217,Mobile,+8550962509217
Smart-096-2509218,Mobile,+8550962509218
Smart-096-2509219,Mobile,+8550962509219
Smart-096-2509220,Mobile,+8550962509220
Smart-096-2509221,Mobile,+8550962509221
Smart-096-2509222,Mobile,+8550962509222
Smart-096-2509223,Mobile,+8550962509223
Smart-096-2509224,Mobile,+8550962509224
Smart-096-2509225,Mobile,+8550962509225
Smart-096-2509226,Mobile,+8550962509226
Smart-096-2509227,Mobile,+8550962509227
Smart-096-2509228,Mobile,+8550962509228
Smart-096-2509229,Mobile,+8550962509229
Smart-096-2509230,Mobile,+8550962509230
Smart-096-2509231,Mobile,+8550962509231
Smart-096-2509232,Mobile,+8550962509232
Smart-096-2509233,Mobile,+8550962509233
Smart-096-2509234,Mobile,+8550962509234
Smart-096-2509235,Mobile,+8550962509235
Smart-096-2509236,Mobile,+8550962509236
Smart-096-2509237,Mobile,+8550962509237
Smart-096-2509238,Mobile,+8550962509238
Smart-096-2509239,Mobile,+8550962509239
Smart-096-2509240,Mobile,+8550962509240
Smart-096-2509241,Mobile,+8550962509241
Smart-096-2509242,Mobile,+8550962509242
Smart-096-2509243,Mobile,+8550962509243
Smart-096-2509244,Mobile,+8550962509244
Smart-096-2509245,Mobile,+8550962509245
Smart-096-2509246,Mobile,+8550962509246
Smart-096-2509247,Mobile,+8550962509247
Smart-096-2509248,Mobile,+8550962509248
Smart-096-2509249,Mobile,+8550962509249
Smart-096-2509250,Mobile,+8550962509250
Smart-096-2509251,Mobile,+8550962509251
Smart-096-2509252,Mobile,+8550962509252
Smart-096-2509253,Mobile,+8550962509253
Smart-096-2509254,Mobile,+8550962509254
Smart-096-2509255,Mobile,+8550962509255
Smart-096-2509256,Mobile,+8550962509256
Smart-096-2509257,Mobile,+8550962509257
Smart-096-2509258,Mobile,+8550962509258
Smart-096-2509259,Mobile,+8550962509259
Smart-096-2509260,Mobile,+8550962509260
Smart-096-2509261,Mobile,+8550962509261
Smart-096-2509262,Mobile,+8550962509262
Smart-096-2509263,Mobile,+8550962509263
Smart-096-2509264,Mobile,+8550962509264
Smart-096-2509265,Mobile,+8550962509265
Smart-096-2509266,Mobile,+8550962509266
Smart-096-2509267,Mobile,+8550962509267
Smart-096-2509268,Mobile,+8550962509268
Smart-096-2509269,Mobile,+8550962509269
Smart-096-2509270,Mobile,+8550962509270
Smart-096-2509271,Mobile,+8550962509271
Smart-096-2509272,Mobile,+8550962509272
Smart-096-2509273,Mobile,+8550962509273
Smart-096-2509274,Mobile,+8550962509274
Smart-096-2509275,Mobile,+8550962509275
Smart-096-2509276,Mobile,+8550962509276
Smart-096-2509277,Mobile,+8550962509277
Smart-096-2509278,Mobile,+8550962509278
Smart-096-2509279,Mobile,+8550962509279
Smart-096-2509280,Mobile,+8550962509280
Smart-096-2509281,Mobile,+8550962509281
Smart-096-2509282,Mobile,+8550962509282
Smart-096-2509283,Mobile,+8550962509283
Smart-096-2509284,Mobile,+8550962509284
Smart-096-2509285,Mobile,+8550962509285
Smart-096-2509286,Mobile,+8550962509286
Smart-096-2509287,Mobile,+8550962509287
Smart-096-2509288,Mobile,+8550962509288
Smart-096-2509289,Mobile,+8550962509289
Smart-096-2509290,Mobile,+8550962509290
Smart-096-2509291,Mobile,+8550962509291
Smart-096-2509292,Mobile,+8550962509292
Smart-096-2509293,Mobile,+8550962509293
Smart-096-2509294,Mobile,+8550962509294
Smart-096-2509295,Mobile,+8550962509295
Smart-096-2509296,Mobile,+8550962509296
Smart-096-2509297,Mobile,+8550962509297
Smart-096-2509298,Mobile,+8550962509298
Smart-096-2509299,Mobile,+8550962509299
Smart-096-2509300,Mobile,+8550962509300
Smart-096-2509301,Mobile,+8550962509301
Smart-096-2509302,Mobile,+8550962509302
Smart-096-2509303,Mobile,+8550962509303
Smart-096-2509304,Mobile,+8550962509304
Smart-096-2509305,Mobile,+8550962509305
Smart-096-2509306,Mobile,+8550962509306
Smart-096-2509307,Mobile,+8550962509307
Smart-096-2509308,Mobile,+8550962509308
Smart-096-2509309,Mobile,+8550962509309
Smart-096-2509310,Mobile,+8550962509310
Smart-096-2509311,Mobile,+8550962509311
Smart-096-2509312,Mobile,+8550962509312
Smart-096-2509313,Mobile,+8550962509313
Smart-096-2509314,Mobile,+8550962509314
Smart-096-2509315,Mobile,+8550962509315
Smart-096-2509316,Mobile,+8550962509316
Smart-096-2509317,Mobile,+8550962509317
Smart-096-2509318,Mobile,+8550962509318
Smart-096-2509319,Mobile,+8550962509319
Smart-096-2509320,Mobile,+8550962509320
Smart-096-2509321,Mobile,+8550962509321
Smart-096-2509322,Mobile,+8550962509322
Smart-096-2509323,Mobile,+8550962509323
Smart-096-2509324,Mobile,+8550962509324
Smart-096-2509325,Mobile,+8550962509325
Smart-096-2509326,Mobile,+8550962509326
Smart-096-2509327,Mobile,+8550962509327
Smart-096-2509328,Mobile,+8550962509328
Smart-096-2509329,Mobile,+8550962509329
Smart-096-2509330,Mobile,+8550962509330
Smart-096-2509331,Mobile,+8550962509331
Smart-096-2509332,Mobile,+8550962509332
Smart-096-2509333,Mobile,+8550962509333
Smart-096-2509334,Mobile,+8550962509334
Smart-096-2509335,Mobile,+8550962509335
Smart-096-2509336,Mobile,+8550962509336
Smart-096-2509337,Mobile,+8550962509337
Smart-096-2509338,Mobile,+8550962509338
Smart-096-2509339,Mobile,+8550962509339
Smart-096-2509340,Mobile,+8550962509340
Smart-096-2509341,Mobile,+8550962509341
Smart-096-2509342,Mobile,+8550962509342
Smart-096-2509343,Mobile,+8550962509343
Smart-096-2509344,Mobile,+8550962509344
Smart-096-2509345,Mobile,+8550962509345
Smart-096-2509346,Mobile,+8550962509346
Smart-096-2509347,Mobile,+8550962509347
Smart-096-2509348,Mobile,+8550962509348
Smart-096-2509349,Mobile,+8550962509349
Smart-096-2509350,Mobile,+8550962509350
Smart-096-2509351,Mobile,+8550962509351
Smart-096-2509352,Mobile,+8550962509352
Smart-096-2509353,Mobile,+8550962509353
Smart-096-2509354,Mobile,+8550962509354
Smart-096-2509355,Mobile,+8550962509355
Smart-096-2509356,Mobile,+8550962509356
Smart-096-2509357,Mobile,+8550962509357
Smart-096-2509358,Mobile,+8550962509358
Smart-096-2509359,Mobile,+8550962509359
Smart-096-2509360,Mobile,+8550962509360
Smart-096-2509361,Mobile,+8550962509361
Smart-096-2509362,Mobile,+8550962509362
Smart-096-2509363,Mobile,+8550962509363
Smart-096-2509364,Mobile,+8550962509364
Smart-096-2509365,Mobile,+8550962509365
Smart-096-2509366,Mobile,+8550962509366
Smart-096-2509367,Mobile,+8550962509367
Smart-096-2509368,Mobile,+8550962509368
Smart-096-2509369,Mobile,+8550962509369
Smart-096-2509370,Mobile,+8550962509370
Smart-096-2509371,Mobile,+8550962509371
Smart-096-2509372,Mobile,+8550962509372
Smart-096-2509373,Mobile,+8550962509373
Smart-096-2509374,Mobile,+8550962509374
Smart-096-2509375,Mobile,+8550962509375
Smart-096-2509376,Mobile,+8550962509376
Smart-096-2509377,Mobile,+8550962509377
Smart-096-2509378,Mobile,+8550962509378
Smart-096-2509379,Mobile,+8550962509379
Smart-096-2509380,Mobile,+8550962509380
Smart-096-2509381,Mobile,+8550962509381
Smart-096-2509382,Mobile,+8550962509382
Smart-096-2509383,Mobile,+8550962509383
Smart-096-2509384,Mobile,+8550962509384
Smart-096-2509385,Mobile,+8550962509385
Smart-096-2509386,Mobile,+8550962509386
Smart-096-2509387,Mobile,+8550962509387
Smart-096-2509388,Mobile,+8550962509388
Smart-096-2509389,Mobile,+8550962509389
Smart-096-2509390,Mobile,+8550962509390
Smart-096-2509391,Mobile,+8550962509391
Smart-096-2509392,Mobile,+8550962509392
Smart-096-2509393,Mobile,+8550962509393
Smart-096-2509394,Mobile,+8550962509394
Smart-096-2509395,Mobile,+8550962509395
Smart-096-2509396,Mobile,+8550962509396
Smart-096-2509397,Mobile,+8550962509397
Smart-096-2509398,Mobile,+8550962509398
Smart-096-2509399,Mobile,+8550962509399
Smart-096-2509400,Mobile,+8550962509400
Smart-096-2509401,Mobile,+8550962509401
Smart-096-2509402,Mobile,+8550962509402
Smart-096-2509403,Mobile,+8550962509403
Smart-096-2509404,Mobile,+8550962509404
Smart-096-2509405,Mobile,+8550962509405
Smart-096-2509406,Mobile,+8550962509406
Smart-096-2509407,Mobile,+8550962509407
Smart-096-2509408,Mobile,+8550962509408
Smart-096-2509409,Mobile,+8550962509409
Smart-096-2509410,Mobile,+8550962509410
Smart-096-2509411,Mobile,+8550962509411
Smart-096-2509412,Mobile,+8550962509412
Smart-096-2509413,Mobile,+8550962509413
Smart-096-2509414,Mobile,+8550962509414
Smart-096-2509415,Mobile,+8550962509415
Smart-096-2509416,Mobile,+8550962509416
Smart-096-2509417,Mobile,+8550962509417
Smart-096-2509418,Mobile,+8550962509418
Smart-096-2509419,Mobile,+8550962509419
Smart-096-2509420,Mobile,+8550962509420
Smart-096-2509421,Mobile,+8550962509421
Smart-096-2509422,Mobile,+8550962509422
Smart-096-2509423,Mobile,+8550962509423
Smart-096-2509424,Mobile,+8550962509424
Smart-096-2509425,Mobile,+8550962509425
Smart-096-2509426,Mobile,+8550962509426
Smart-096-2509427,Mobile,+8550962509427
Smart-096-2509428,Mobile,+8550962509428
Smart-096-2509429,Mobile,+8550962509429
Smart-096-2509430,Mobile,+8550962509430
Smart-096-2509431,Mobile,+8550962509431
Smart-096-2509432,Mobile,+8550962509432
Smart-096-2509433,Mobile,+8550962509433
Smart-096-2509434,Mobile,+8550962509434
Smart-096-2509435,Mobile,+8550962509435
Smart-096-2509436,Mobile,+8550962509436
Smart-096-2509437,Mobile,+8550962509437
Smart-096-2509438,Mobile,+8550962509438
Smart-096-2509439,Mobile,+8550962509439
Smart-096-2509440,Mobile,+8550962509440
Smart-096-2509441,Mobile,+8550962509441
Smart-096-2509442,Mobile,+8550962509442
Smart-096-2509443,Mobile,+8550962509443
Smart-096-2509444,Mobile,+8550962509444
Smart-096-2509445,Mobile,+8550962509445
Smart-096-2509446,Mobile,+8550962509446
Smart-096-2509447,Mobile,+8550962509447
Smart-096-2509448,Mobile,+8550962509448
Smart-096-2509449,Mobile,+8550962509449
Smart-096-2509450,Mobile,+8550962509450
Smart-096-2509451,Mobile,+8550962509451
Smart-096-2509452,Mobile,+8550962509452
Smart-096-2509453,Mobile,+8550962509453
Smart-096-2509454,Mobile,+8550962509454
Smart-096-2509455,Mobile,+8550962509455
Smart-096-2509456,Mobile,+8550962509456
Smart-096-2509457,Mobile,+8550962509457
Smart-096-2509458,Mobile,+8550962509458
Smart-096-2509459,Mobile,+8550962509459
Smart-096-2509460,Mobile,+8550962509460
Smart-096-2509461,Mobile,+8550962509461
Smart-096-2509462,Mobile,+8550962509462
Smart-096-2509463,Mobile,+8550962509463
Smart-096-2509464,Mobile,+8550962509464
Smart-096-2509465,Mobile,+8550962509465
Smart-096-2509466,Mobile,+8550962509466
Smart-096-2509467,Mobile,+8550962509467
Smart-096-2509468,Mobile,+8550962509468
Smart-096-2509469,Mobile,+8550962509469
Smart-096-2509470,Mobile,+8550962509470
Smart-096-2509471,Mobile,+8550962509471
Smart-096-2509472,Mobile,+8550962509472
Smart-096-2509473,Mobile,+8550962509473
Smart-096-2509474,Mobile,+8550962509474
Smart-096-2509475,Mobile,+8550962509475
Smart-096-2509476,Mobile,+8550962509476
Smart-096-2509477,Mobile,+8550962509477
Smart-096-2509478,Mobile,+8550962509478
Smart-096-2509479,Mobile,+8550962509479
Smart-096-2509480,Mobile,+8550962509480
Smart-096-2509481,Mobile,+8550962509481
Smart-096-2509482,Mobile,+8550962509482
Smart-096-2509483,Mobile,+8550962509483
Smart-096-2509484,Mobile,+8550962509484
Smart-096-2509485,Mobile,+8550962509485
Smart-096-2509486,Mobile,+8550962509486
Smart-096-2509487,Mobile,+8550962509487
Smart-096-2509488,Mobile,+8550962509488
Smart-096-2509489,Mobile,+8550962509489
Smart-096-2509490,Mobile,+8550962509490
Smart-096-2509491,Mobile,+8550962509491
Smart-096-2509492,Mobile,+8550962509492
Smart-096-2509493,Mobile,+8550962509493
Smart-096-2509494,Mobile,+8550962509494
Smart-096-2509495,Mobile,+8550962509495
Smart-096-2509496,Mobile,+8550962509496
Smart-096-2509497,Mobile,+8550962509497
Smart-096-2509498,Mobile,+8550962509498
Smart-096-2509499,Mobile,+8550962509499
Smart-096-2509500,Mobile,+8550962509500
Smart-096-2509501,Mobile,+8550962509501
Smart-096-2509502,Mobile,+8550962509502
Smart-096-2509503,Mobile,+8550962509503
Smart-096-2509504,Mobile,+8550962509504
Smart-096-2509505,Mobile,+8550962509505
Smart-096-2509506,Mobile,+8550962509506
Smart-096-2509507,Mobile,+8550962509507
Smart-096-2509508,Mobile,+8550962509508
Smart-096-2509509,Mobile,+8550962509509
Smart-096-2509510,Mobile,+8550962509510
Smart-096-2509511,Mobile,+8550962509511
Smart-096-2509512,Mobile,+8550962509512
Smart-096-2509513,Mobile,+8550962509513
Smart-096-2509514,Mobile,+8550962509514
Smart-096-2509515,Mobile,+8550962509515
Smart-096-2509516,Mobile,+8550962509516
Smart-096-2509517,Mobile,+8550962509517
Smart-096-2509518,Mobile,+8550962509518
Smart-096-2509519,Mobile,+8550962509519
Smart-096-2509520,Mobile,+8550962509520
Smart-096-2509521,Mobile,+8550962509521
Smart-096-2509522,Mobile,+8550962509522
Smart-096-2509523,Mobile,+8550962509523
Smart-096-2509524,Mobile,+8550962509524
Smart-096-2509525,Mobile,+8550962509525
Smart-096-2509526,Mobile,+8550962509526
Smart-096-2509527,Mobile,+8550962509527
Smart-096-2509528,Mobile,+8550962509528
Smart-096-2509529,Mobile,+8550962509529
Smart-096-2509530,Mobile,+8550962509530
Smart-096-2509531,Mobile,+8550962509531
Smart-096-2509532,Mobile,+8550962509532
Smart-096-2509533,Mobile,+8550962509533
Smart-096-2509534,Mobile,+8550962509534
Smart-096-2509535,Mobile,+8550962509535
Smart-096-2509536,Mobile,+8550962509536
Smart-096-2509537,Mobile,+8550962509537
Smart-096-2509538,Mobile,+8550962509538
Smart-096-2509539,Mobile,+8550962509539
Smart-096-2509540,Mobile,+8550962509540
Smart-096-2509541,Mobile,+8550962509541
Smart-096-2509542,Mobile,+8550962509542
Smart-096-2509543,Mobile,+8550962509543
Smart-096-2509544,Mobile,+8550962509544
Smart-096-2509545,Mobile,+8550962509545
Smart-096-2509546,Mobile,+8550962509546
Smart-096-2509547,Mobile,+8550962509547
Smart-096-2509548,Mobile,+8550962509548
Smart-096-2509549,Mobile,+8550962509549
Smart-096-2509550,Mobile,+8550962509550
Smart-096-2509551,Mobile,+8550962509551
Smart-096-2509552,Mobile,+8550962509552
Smart-096-2509553,Mobile,+8550962509553
Smart-096-2509554,Mobile,+8550962509554
Smart-096-2509555,Mobile,+8550962509555
Smart-096-2509556,Mobile,+8550962509556
Smart-096-2509557,Mobile,+8550962509557
Smart-096-2509558,Mobile,+8550962509558
Smart-096-2509559,Mobile,+8550962509559
Smart-096-2509560,Mobile,+8550962509560
Smart-096-2509561,Mobile,+8550962509561
Smart-096-2509562,Mobile,+8550962509562
Smart-096-2509563,Mobile,+8550962509563
Smart-096-2509564,Mobile,+8550962509564
Smart-096-2509565,Mobile,+8550962509565
Smart-096-2509566,Mobile,+8550962509566
Smart-096-2509567,Mobile,+8550962509567
Smart-096-2509568,Mobile,+8550962509568
Smart-096-2509569,Mobile,+8550962509569
Smart-096-2509570,Mobile,+8550962509570
Smart-096-2509571,Mobile,+8550962509571
Smart-096-2509572,Mobile,+8550962509572
Smart-096-2509573,Mobile,+8550962509573
Smart-096-2509574,Mobile,+8550962509574
Smart-096-2509575,Mobile,+8550962509575
Smart-096-2509576,Mobile,+8550962509576
Smart-096-2509577,Mobile,+8550962509577
Smart-096-2509578,Mobile,+8550962509578
Smart-096-2509579,Mobile,+8550962509579
Smart-096-2509580,Mobile,+8550962509580
Smart-096-2509581,Mobile,+8550962509581
Smart-096-2509582,Mobile,+8550962509582
Smart-096-2509583,Mobile,+8550962509583
Smart-096-2509584,Mobile,+8550962509584
Smart-096-2509585,Mobile,+8550962509585
Smart-096-2509586,Mobile,+8550962509586
Smart-096-2509587,Mobile,+8550962509587
Smart-096-2509588,Mobile,+8550962509588
Smart-096-2509589,Mobile,+8550962509589
Smart-096-2509590,Mobile,+8550962509590
Smart-096-2509591,Mobile,+8550962509591
Smart-096-2509592,Mobile,+8550962509592
Smart-096-2509593,Mobile,+8550962509593
Smart-096-2509594,Mobile,+8550962509594
Smart-096-2509595,Mobile,+8550962509595
Smart-096-2509596,Mobile,+8550962509596
Smart-096-2509597,Mobile,+8550962509597
Smart-096-2509598,Mobile,+8550962509598
Smart-096-2509599,Mobile,+8550962509599
Smart-096-2509600,Mobile,+8550962509600
Smart-096-2509601,Mobile,+8550962509601
Smart-096-2509602,Mobile,+8550962509602
Smart-096-2509603,Mobile,+8550962509603
Smart-096-2509604,Mobile,+8550962509604
Smart-096-2509605,Mobile,+8550962509605
Smart-096-2509606,Mobile,+8550962509606
Smart-096-2509607,Mobile,+8550962509607
Smart-096-2509608,Mobile,+8550962509608
Smart-096-2509609,Mobile,+8550962509609
Smart-096-2509610,Mobile,+8550962509610
Smart-096-2509611,Mobile,+8550962509611
Smart-096-2509612,Mobile,+8550962509612
Smart-096-2509613,Mobile,+8550962509613
Smart-096-2509614,Mobile,+8550962509614
Smart-096-2509615,Mobile,+8550962509615
Smart-096-2509616,Mobile,+8550962509616
Smart-096-2509617,Mobile,+8550962509617
Smart-096-2509618,Mobile,+8550962509618
Smart-096-2509619,Mobile,+8550962509619
Smart-096-2509620,Mobile,+8550962509620
Smart-096-2509621,Mobile,+8550962509621
Smart-096-2509622,Mobile,+8550962509622
Smart-096-2509623,Mobile,+8550962509623
Smart-096-2509624,Mobile,+8550962509624
Smart-096-2509625,Mobile,+8550962509625
Smart-096-2509626,Mobile,+8550962509626
Smart-096-2509627,Mobile,+8550962509627
Smart-096-2509628,Mobile,+8550962509628
Smart-096-2509629,Mobile,+8550962509629
Smart-096-2509630,Mobile,+8550962509630
Smart-096-2509631,Mobile,+8550962509631
Smart-096-2509632,Mobile,+8550962509632
Smart-096-2509633,Mobile,+8550962509633
Smart-096-2509634,Mobile,+8550962509634
Smart-096-2509635,Mobile,+8550962509635
Smart-096-2509636,Mobile,+8550962509636
Smart-096-2509637,Mobile,+8550962509637
Smart-096-2509638,Mobile,+8550962509638
Smart-096-2509639,Mobile,+8550962509639
Smart-096-2509640,Mobile,+8550962509640
Smart-096-2509641,Mobile,+8550962509641
Smart-096-2509642,Mobile,+8550962509642
Smart-096-2509643,Mobile,+8550962509643
Smart-096-2509644,Mobile,+8550962509644
Smart-096-2509645,Mobile,+8550962509645
Smart-096-2509646,Mobile,+8550962509646
Smart-096-2509647,Mobile,+8550962509647
Smart-096-2509648,Mobile,+8550962509648
Smart-096-2509649,Mobile,+8550962509649
Smart-096-2509650,Mobile,+8550962509650
Smart-096-2509651,Mobile,+8550962509651
Smart-096-2509652,Mobile,+8550962509652
Smart-096-2509653,Mobile,+8550962509653
Smart-096-2509654,Mobile,+8550962509654
Smart-096-2509655,Mobile,+8550962509655
Smart-096-2509656,Mobile,+8550962509656
Smart-096-2509657,Mobile,+8550962509657
Smart-096-2509658,Mobile,+8550962509658
Smart-096-2509659,Mobile,+8550962509659
Smart-096-2509660,Mobile,+8550962509660
Smart-096-2509661,Mobile,+8550962509661
Smart-096-2509662,Mobile,+8550962509662
Smart-096-2509663,Mobile,+8550962509663
Smart-096-2509664,Mobile,+8550962509664
Smart-096-2509665,Mobile,+8550962509665
Smart-096-2509666,Mobile,+8550962509666
Smart-096-2509667,Mobile,+8550962509667
Smart-096-2509668,Mobile,+8550962509668
Smart-096-2509669,Mobile,+8550962509669
Smart-096-2509670,Mobile,+8550962509670
Smart-096-2509671,Mobile,+8550962509671
Smart-096-2509672,Mobile,+8550962509672
Smart-096-2509673,Mobile,+8550962509673
Smart-096-2509674,Mobile,+8550962509674
Smart-096-2509675,Mobile,+8550962509675
Smart-096-2509676,Mobile,+8550962509676
Smart-096-2509677,Mobile,+8550962509677
Smart-096-2509678,Mobile,+8550962509678
Smart-096-2509679,Mobile,+8550962509679
Smart-096-2509680,Mobile,+8550962509680
Smart-096-2509681,Mobile,+8550962509681
Smart-096-2509682,Mobile,+8550962509682
Smart-096-2509683,Mobile,+8550962509683
Smart-096-2509684,Mobile,+8550962509684
Smart-096-2509685,Mobile,+8550962509685
Smart-096-2509686,Mobile,+8550962509686
Smart-096-2509687,Mobile,+8550962509687
Smart-096-2509688,Mobile,+8550962509688
Smart-096-2509689,Mobile,+8550962509689
Smart-096-2509690,Mobile,+8550962509690
Smart-096-2509691,Mobile,+8550962509691
Smart-096-2509692,Mobile,+8550962509692
Smart-096-2509693,Mobile,+8550962509693
Smart-096-2509694,Mobile,+8550962509694
Smart-096-2509695,Mobile,+8550962509695
Smart-096-2509696,Mobile,+8550962509696
Smart-096-2509697,Mobile,+8550962509697
Smart-096-2509698,Mobile,+8550962509698
Smart-096-2509699,Mobile,+8550962509699
Smart-096-2509700,Mobile,+8550962509700
Smart-096-2509701,Mobile,+8550962509701
Smart-096-2509702,Mobile,+8550962509702
Smart-096-2509703,Mobile,+8550962509703
Smart-096-2509704,Mobile,+8550962509704
Smart-096-2509705,Mobile,+8550962509705
Smart-096-2509706,Mobile,+8550962509706
Smart-096-2509707,Mobile,+8550962509707
Smart-096-2509708,Mobile,+8550962509708
Smart-096-2509709,Mobile,+8550962509709
Smart-096-2509710,Mobile,+8550962509710
Smart-096-2509711,Mobile,+8550962509711
Smart-096-2509712,Mobile,+8550962509712
Smart-096-2509713,Mobile,+8550962509713
Smart-096-2509714,Mobile,+8550962509714
Smart-096-2509715,Mobile,+8550962509715
Smart-096-2509716,Mobile,+8550962509716
Smart-096-2509717,Mobile,+8550962509717
Smart-096-2509718,Mobile,+8550962509718
Smart-096-2509719,Mobile,+8550962509719
Smart-096-2509720,Mobile,+8550962509720
Smart-096-2509721,Mobile,+8550962509721
Smart-096-2509722,Mobile,+8550962509722
Smart-096-2509723,Mobile,+8550962509723
Smart-096-2509724,Mobile,+8550962509724
Smart-096-2509725,Mobile,+8550962509725
Smart-096-2509726,Mobile,+8550962509726
Smart-096-2509727,Mobile,+8550962509727
Smart-096-2509728,Mobile,+8550962509728
Smart-096-2509729,Mobile,+8550962509729
Smart-096-2509730,Mobile,+8550962509730
Smart-096-2509731,Mobile,+8550962509731
Smart-096-2509732,Mobile,+8550962509732
Smart-096-2509733,Mobile,+8550962509733
Smart-096-2509734,Mobile,+8550962509734
Smart-096-2509735,Mobile,+8550962509735
Smart-096-2509736,Mobile,+8550962509736
Smart-096-2509737,Mobile,+8550962509737
Smart-096-2509738,Mobile,+8550962509738
Smart-096-2509739,Mobile,+8550962509739
Smart-096-2509740,Mobile,+8550962509740
Smart-096-2509741,Mobile,+8550962509741
Smart-096-2509742,Mobile,+8550962509742
Smart-096-2509743,Mobile,+8550962509743
Smart-096-2509744,Mobile,+8550962509744
Smart-096-2509745,Mobile,+8550962509745
Smart-096-2509746,Mobile,+8550962509746
Smart-096-2509747,Mobile,+8550962509747
Smart-096-2509748,Mobile,+8550962509748
Smart-096-2509749,Mobile,+8550962509749
Smart-096-2509750,Mobile,+8550962509750
Smart-096-2509751,Mobile,+8550962509751
Smart-096-2509752,Mobile,+8550962509752
Smart-096-2509753,Mobile,+8550962509753
Smart-096-2509754,Mobile,+8550962509754
Smart-096-2509755,Mobile,+8550962509755
Smart-096-2509756,Mobile,+8550962509756
Smart-096-2509757,Mobile,+8550962509757
Smart-096-2509758,Mobile,+8550962509758
Smart-096-2509759,Mobile,+8550962509759
Smart-096-2509760,Mobile,+8550962509760
Smart-096-2509761,Mobile,+8550962509761
Smart-096-2509762,Mobile,+8550962509762
Smart-096-2509763,Mobile,+8550962509763
Smart-096-2509764,Mobile,+8550962509764
Smart-096-2509765,Mobile,+8550962509765
Smart-096-2509766,Mobile,+8550962509766
Smart-096-2509767,Mobile,+8550962509767
Smart-096-2509768,Mobile,+8550962509768
Smart-096-2509769,Mobile,+8550962509769
Smart-096-2509770,Mobile,+8550962509770
Smart-096-2509771,Mobile,+8550962509771
Smart-096-2509772,Mobile,+8550962509772
Smart-096-2509773,Mobile,+8550962509773
Smart-096-2509774,Mobile,+8550962509774
Smart-096-2509775,Mobile,+8550962509775
Smart-096-2509776,Mobile,+8550962509776
Smart-096-2509777,Mobile,+8550962509777
Smart-096-2509778,Mobile,+8550962509778
Smart-096-2509779,Mobile,+8550962509779
Smart-096-2509780,Mobile,+8550962509780
Smart-096-2509781,Mobile,+8550962509781
Smart-096-2509782,Mobile,+8550962509782
Smart-096-2509783,Mobile,+8550962509783
Smart-096-2509784,Mobile,+8550962509784
Smart-096-2509785,Mobile,+8550962509785
Smart-096-2509786,Mobile,+8550962509786
Smart-096-2509787,Mobile,+8550962509787
Smart-096-2509788,Mobile,+8550962509788
Smart-096-2509789,Mobile,+8550962509789
Smart-096-2509790,Mobile,+8550962509790
Smart-096-2509791,Mobile,+8550962509791
Smart-096-2509792,Mobile,+8550962509792
Smart-096-2509793,Mobile,+8550962509793
Smart-096-2509794,Mobile,+8550962509794
Smart-096-2509795,Mobile,+8550962509795
Smart-096-2509796,Mobile,+8550962509796
Smart-096-2509797,Mobile,+8550962509797
Smart-096-2509798,Mobile,+8550962509798
Smart-096-2509799,Mobile,+8550962509799
Smart-096-2509800,Mobile,+8550962509800
Smart-096-2509801,Mobile,+8550962509801
Smart-096-2509802,Mobile,+8550962509802
Smart-096-2509803,Mobile,+8550962509803
Smart-096-2509804,Mobile,+8550962509804
Smart-096-2509805,Mobile,+8550962509805
Smart-096-2509806,Mobile,+8550962509806
Smart-096-2509807,Mobile,+8550962509807
Smart-096-2509808,Mobile,+8550962509808
Smart-096-2509809,Mobile,+8550962509809
Smart-096-2509810,Mobile,+8550962509810
Smart-096-2509811,Mobile,+8550962509811
Smart-096-2509812,Mobile,+8550962509812
Smart-096-2509813,Mobile,+8550962509813
Smart-096-2509814,Mobile,+8550962509814
Smart-096-2509815,Mobile,+8550962509815
Smart-096-2509816,Mobile,+8550962509816
Smart-096-2509817,Mobile,+8550962509817
Smart-096-2509818,Mobile,+8550962509818
Smart-096-2509819,Mobile,+8550962509819
Smart-096-2509820,Mobile,+8550962509820
Smart-096-2509821,Mobile,+8550962509821
Smart-096-2509822,Mobile,+8550962509822
Smart-096-2509823,Mobile,+8550962509823
Smart-096-2509824,Mobile,+8550962509824
Smart-096-2509825,Mobile,+8550962509825
Smart-096-2509826,Mobile,+8550962509826
Smart-096-2509827,Mobile,+8550962509827
Smart-096-2509828,Mobile,+8550962509828
Smart-096-2509829,Mobile,+8550962509829
Smart-096-2509830,Mobile,+8550962509830
Smart-096-2509831,Mobile,+8550962509831
Smart-096-2509832,Mobile,+8550962509832
Smart-096-2509833,Mobile,+8550962509833
Smart-096-2509834,Mobile,+8550962509834
Smart-096-2509835,Mobile,+8550962509835
Smart-096-2509836,Mobile,+8550962509836
Smart-096-2509837,Mobile,+8550962509837
Smart-096-2509838,Mobile,+8550962509838
Smart-096-2509839,Mobile,+8550962509839
Smart-096-2509840,Mobile,+8550962509840
Smart-096-2509841,Mobile,+8550962509841
Smart-096-2509842,Mobile,+8550962509842
Smart-096-2509843,Mobile,+8550962509843
Smart-096-2509844,Mobile,+8550962509844
Smart-096-2509845,Mobile,+8550962509845
Smart-096-2509846,Mobile,+8550962509846
Smart-096-2509847,Mobile,+8550962509847
Smart-096-2509848,Mobile,+8550962509848
Smart-096-2509849,Mobile,+8550962509849
Smart-096-2509850,Mobile,+8550962509850
Smart-096-2509851,Mobile,+8550962509851
Smart-096-2509852,Mobile,+8550962509852
Smart-096-2509853,Mobile,+8550962509853
Smart-096-2509854,Mobile,+8550962509854
Smart-096-2509855,Mobile,+8550962509855
Smart-096-2509856,Mobile,+8550962509856
Smart-096-2509857,Mobile,+8550962509857
Smart-096-2509858,Mobile,+8550962509858
Smart-096-2509859,Mobile,+8550962509859
Smart-096-2509860,Mobile,+8550962509860
Smart-096-2509861,Mobile,+8550962509861
Smart-096-2509862,Mobile,+8550962509862
Smart-096-2509863,Mobile,+8550962509863
Smart-096-2509864,Mobile,+8550962509864
Smart-096-2509865,Mobile,+8550962509865
Smart-096-2509866,Mobile,+8550962509866
Smart-096-2509867,Mobile,+8550962509867
Smart-096-2509868,Mobile,+8550962509868
Smart-096-2509869,Mobile,+8550962509869
Smart-096-2509870,Mobile,+8550962509870
Smart-096-2509871,Mobile,+8550962509871
Smart-096-2509872,Mobile,+8550962509872
Smart-096-2509873,Mobile,+8550962509873
Smart-096-2509874,Mobile,+8550962509874
Smart-096-2509875,Mobile,+8550962509875
Smart-096-2509876,Mobile,+8550962509876
Smart-096-2509877,Mobile,+8550962509877
Smart-096-2509878,Mobile,+8550962509878
Smart-096-2509879,Mobile,+8550962509879
Smart-096-2509880,Mobile,+8550962509880
Smart-096-2509881,Mobile,+8550962509881
Smart-096-2509882,Mobile,+8550962509882
Smart-096-2509883,Mobile,+8550962509883
Smart-096-2509884,Mobile,+8550962509884
Smart-096-2509885,Mobile,+8550962509885
Smart-096-2509886,Mobile,+8550962509886
Smart-096-2509887,Mobile,+8550962509887
Smart-096-2509888,Mobile,+8550962509888
Smart-096-2509889,Mobile,+8550962509889
Smart-096-2509890,Mobile,+8550962509890
Smart-096-2509891,Mobile,+8550962509891
Smart-096-2509892,Mobile,+8550962509892
Smart-096-2509893,Mobile,+8550962509893
Smart-096-2509894,Mobile,+8550962509894
Smart-096-2509895,Mobile,+8550962509895
Smart-096-2509896,Mobile,+8550962509896
Smart-096-2509897,Mobile,+8550962509897
Smart-096-2509898,Mobile,+8550962509898
Smart-096-2509899,Mobile,+8550962509899
Smart-096-2509900,Mobile,+8550962509900
Smart-096-2509901,Mobile,+8550962509901
Smart-096-2509902,Mobile,+8550962509902
Smart-096-2509903,Mobile,+8550962509903
Smart-096-2509904,Mobile,+8550962509904
Smart-096-2509905,Mobile,+8550962509905
Smart-096-2509906,Mobile,+8550962509906
Smart-096-2509907,Mobile,+8550962509907
Smart-096-2509908,Mobile,+8550962509908
Smart-096-2509909,Mobile,+8550962509909
Smart-096-2509910,Mobile,+8550962509910
Smart-096-2509911,Mobile,+8550962509911
Smart-096-2509912,Mobile,+8550962509912
Smart-096-2509913,Mobile,+8550962509913
Smart-096-2509914,Mobile,+8550962509914
Smart-096-2509915,Mobile,+8550962509915
Smart-096-2509916,Mobile,+8550962509916
Smart-096-2509917,Mobile,+8550962509917
Smart-096-2509918,Mobile,+8550962509918
Smart-096-2509919,Mobile,+8550962509919
Smart-096-2509920,Mobile,+8550962509920
Smart-096-2509921,Mobile,+8550962509921
Smart-096-2509922,Mobile,+8550962509922
Smart-096-2509923,Mobile,+8550962509923
Smart-096-2509924,Mobile,+8550962509924
Smart-096-2509925,Mobile,+8550962509925
Smart-096-2509926,Mobile,+8550962509926
Smart-096-2509927,Mobile,+8550962509927
Smart-096-2509928,Mobile,+8550962509928
Smart-096-2509929,Mobile,+8550962509929
Smart-096-2509930,Mobile,+8550962509930
Smart-096-2509931,Mobile,+8550962509931
Smart-096-2509932,Mobile,+8550962509932
Smart-096-2509933,Mobile,+8550962509933
Smart-096-2509934,Mobile,+8550962509934
Smart-096-2509935,Mobile,+8550962509935
Smart-096-2509936,Mobile,+8550962509936
Smart-096-2509937,Mobile,+8550962509937
Smart-096-2509938,Mobile,+8550962509938
Smart-096-2509939,Mobile,+8550962509939
Smart-096-2509940,Mobile,+8550962509940
Smart-096-2509941,Mobile,+8550962509941
Smart-096-2509942,Mobile,+8550962509942
Smart-096-2509943,Mobile,+8550962509943
Smart-096-2509944,Mobile,+8550962509944
Smart-096-2509945,Mobile,+8550962509945
Smart-096-2509946,Mobile,+8550962509946
Smart-096-2509947,Mobile,+8550962509947
Smart-096-2509948,Mobile,+8550962509948
Smart-096-2509949,Mobile,+8550962509949
Smart-096-2509950,Mobile,+8550962509950
Smart-096-2509951,Mobile,+8550962509951
Smart-096-2509952,Mobile,+8550962509952
Smart-096-2509953,Mobile,+8550962509953
Smart-096-2509954,Mobile,+8550962509954
Smart-096-2509955,Mobile,+8550962509955
Smart-096-2509956,Mobile,+8550962509956
Smart-096-2509957,Mobile,+8550962509957
Smart-096-2509958,Mobile,+8550962509958
Smart-096-2509959,Mobile,+8550962509959
Smart-096-2509960,Mobile,+8550962509960
Smart-096-2509961,Mobile,+8550962509961
Smart-096-2509962,Mobile,+8550962509962
Smart-096-2509963,Mobile,+8550962509963
Smart-096-2509964,Mobile,+8550962509964
Smart-096-2509965,Mobile,+8550962509965
Smart-096-2509966,Mobile,+8550962509966
Smart-096-2509967,Mobile,+8550962509967
Smart-096-2509968,Mobile,+8550962509968
Smart-096-2509969,Mobile,+8550962509969
Smart-096-2509970,Mobile,+8550962509970
Smart-096-2509971,Mobile,+8550962509971
Smart-096-2509972,Mobile,+8550962509972
Smart-096-2509973,Mobile,+8550962509973
Smart-096-2509974,Mobile,+8550962509974
Smart-096-2509975,Mobile,+8550962509975
Smart-096-2509976,Mobile,+8550962509976
Smart-096-2509977,Mobile,+8550962509977
Smart-096-2509978,Mobile,+8550962509978
Smart-096-2509979,Mobile,+8550962509979
Smart-096-2509980,Mobile,+8550962509980
Smart-096-2509981,Mobile,+8550962509981
Smart-096-2509982,Mobile,+8550962509982
Smart-096-2509983,Mobile,+8550962509983
Smart-096-2509984,Mobile,+8550962509984
Smart-096-2509985,Mobile,+8550962509985
Smart-096-2509986,Mobile,+8550962509986
Smart-096-2509987,Mobile,+8550962509987
Smart-096-2509988,Mobile,+8550962509988
Smart-096-2509989,Mobile,+8550962509989
Smart-096-2509990,Mobile,+8550962509990
Smart-096-2509991,Mobile,+8550962509991
Smart-096-2509992,Mobile,+8550962509992
Smart-096-2509993,Mobile,+8550962509993
Smart-096-2509994,Mobile,+8550962509994
Smart-096-2509995,Mobile,+8550962509995
Smart-096-2509996,Mobile,+8550962509996
Smart-096-2509997,Mobile,+8550962509997
Smart-096-2509998,Mobile,+8550962509998
Smart-096-2509999,Mobile,+8550962509999
Smart-096-2510000,Mobile,+8550962510000
Smart-096-2510001,Mobile,+8550962510001
Smart-096-2510002,Mobile,+8550962510002
Smart-096-2510003,Mobile,+8550962510003
Smart-096-2510004,Mobile,+8550962510004
Smart-096-2510005,Mobile,+8550962510005
Smart-096-2510006,Mobile,+8550962510006
Smart-096-2510007,Mobile,+8550962510007
Smart-096-2510008,Mobile,+8550962510008
Smart-096-2510009,Mobile,+8550962510009
Smart-096-2510010,Mobile,+8550962510010
Smart-096-2510011,Mobile,+8550962510011
Smart-096-2510012,Mobile,+8550962510012
Smart-096-2510013,Mobile,+8550962510013
Smart-096-2510014,Mobile,+8550962510014
Smart-096-2510015,Mobile,+8550962510015
Smart-096-2510016,Mobile,+8550962510016
Smart-096-2510017,Mobile,+8550962510017
Smart-096-2510018,Mobile,+8550962510018
Smart-096-2510019,Mobile,+8550962510019
Smart-096-2510020,Mobile,+8550962510020
Smart-096-2510021,Mobile,+8550962510021
Smart-096-2510022,Mobile,+8550962510022
Smart-096-2510023,Mobile,+8550962510023
Smart-096-2510024,Mobile,+8550962510024
Smart-096-2510025,Mobile,+8550962510025
Smart-096-2510026,Mobile,+8550962510026
Smart-096-2510027,Mobile,+8550962510027
Smart-096-2510028,Mobile,+8550962510028
Smart-096-2510029,Mobile,+8550962510029
Smart-096-2510030,Mobile,+8550962510030
Smart-096-2510031,Mobile,+8550962510031
Smart-096-2510032,Mobile,+8550962510032
Smart-096-2510033,Mobile,+8550962510033
Smart-096-2510034,Mobile,+8550962510034
Smart-096-2510035,Mobile,+8550962510035
Smart-096-2510036,Mobile,+8550962510036
Smart-096-2510037,Mobile,+8550962510037
Smart-096-2510038,Mobile,+8550962510038
Smart-096-2510039,Mobile,+8550962510039
Smart-096-2510040,Mobile,+8550962510040
Smart-096-2510041,Mobile,+8550962510041
Smart-096-2510042,Mobile,+8550962510042
Smart-096-2510043,Mobile,+8550962510043
Smart-096-2510044,Mobile,+8550962510044
Smart-096-2510045,Mobile,+8550962510045
Smart-096-2510046,Mobile,+8550962510046
Smart-096-2510047,Mobile,+8550962510047
Smart-096-2510048,Mobile,+8550962510048
Smart-096-2510049,Mobile,+8550962510049
Smart-096-2510050,Mobile,+8550962510050
Smart-096-2510051,Mobile,+8550962510051
Smart-096-2510052,Mobile,+8550962510052
Smart-096-2510053,Mobile,+8550962510053
Smart-096-2510054,Mobile,+8550962510054
Smart-096-2510055,Mobile,+8550962510055
Smart-096-2510056,Mobile,+8550962510056
Smart-096-2510057,Mobile,+8550962510057
Smart-096-2510058,Mobile,+8550962510058
Smart-096-2510059,Mobile,+8550962510059
Smart-096-2510060,Mobile,+8550962510060
Smart-096-2510061,Mobile,+8550962510061
Smart-096-2510062,Mobile,+8550962510062
Smart-096-2510063,Mobile,+8550962510063
Smart-096-2510064,Mobile,+8550962510064
Smart-096-2510065,Mobile,+8550962510065
Smart-096-2510066,Mobile,+8550962510066
Smart-096-2510067,Mobile,+8550962510067
Smart-096-2510068,Mobile,+8550962510068
Smart-096-2510069,Mobile,+8550962510069
Smart-096-2510070,Mobile,+8550962510070
Smart-096-2510071,Mobile,+8550962510071
Smart-096-2510072,Mobile,+8550962510072
Smart-096-2510073,Mobile,+8550962510073
Smart-096-2510074,Mobile,+8550962510074
Smart-096-2510075,Mobile,+8550962510075
Smart-096-2510076,Mobile,+8550962510076
Smart-096-2510077,Mobile,+8550962510077
Smart-096-2510078,Mobile,+8550962510078
Smart-096-2510079,Mobile,+8550962510079
Smart-096-2510080,Mobile,+8550962510080
Smart-096-2510081,Mobile,+8550962510081
Smart-096-2510082,Mobile,+8550962510082
Smart-096-2510083,Mobile,+8550962510083
Smart-096-2510084,Mobile,+8550962510084
Smart-096-2510085,Mobile,+8550962510085
Smart-096-2510086,Mobile,+8550962510086
Smart-096-2510087,Mobile,+8550962510087
Smart-096-2510088,Mobile,+8550962510088
Smart-096-2510089,Mobile,+8550962510089
Smart-096-2510090,Mobile,+8550962510090
Smart-096-2510091,Mobile,+8550962510091
Smart-096-2510092,Mobile,+8550962510092
Smart-096-2510093,Mobile,+8550962510093
Smart-096-2510094,Mobile,+8550962510094
Smart-096-2510095,Mobile,+8550962510095
Smart-096-2510096,Mobile,+8550962510096
Smart-096-2510097,Mobile,+8550962510097
Smart-096-2510098,Mobile,+8550962510098
Smart-096-2510099,Mobile,+8550962510099
Smart-096-2510100,Mobile,+8550962510100
Smart-096-2510101,Mobile,+8550962510101
Smart-096-2510102,Mobile,+8550962510102
Smart-096-2510103,Mobile,+8550962510103
Smart-096-2510104,Mobile,+8550962510104
Smart-096-2510105,Mobile,+8550962510105
Smart-096-2510106,Mobile,+8550962510106
Smart-096-2510107,Mobile,+8550962510107
Smart-096-2510108,Mobile,+8550962510108
Smart-096-2510109,Mobile,+8550962510109
Smart-096-2510110,Mobile,+8550962510110
Smart-096-2510111,Mobile,+8550962510111
Smart-096-2510112,Mobile,+8550962510112
Smart-096-2510113,Mobile,+8550962510113
Smart-096-2510114,Mobile,+8550962510114
Smart-096-2510115,Mobile,+8550962510115
Smart-096-2510116,Mobile,+8550962510116
Smart-096-2510117,Mobile,+8550962510117
Smart-096-2510118,Mobile,+8550962510118
Smart-096-2510119,Mobile,+8550962510119
Smart-096-2510120,Mobile,+8550962510120
Smart-096-2510121,Mobile,+8550962510121
Smart-096-2510122,Mobile,+8550962510122
Smart-096-2510123,Mobile,+8550962510123
Smart-096-2510124,Mobile,+8550962510124
Smart-096-2510125,Mobile,+8550962510125
Smart-096-2510126,Mobile,+8550962510126
Smart-096-2510127,Mobile,+8550962510127
Smart-096-2510128,Mobile,+8550962510128
Smart-096-2510129,Mobile,+8550962510129
Smart-096-2510130,Mobile,+8550962510130
Smart-096-2510131,Mobile,+8550962510131
Smart-096-2510132,Mobile,+8550962510132
Smart-096-2510133,Mobile,+8550962510133
Smart-096-2510134,Mobile,+8550962510134
Smart-096-2510135,Mobile,+8550962510135
Smart-096-2510136,Mobile,+8550962510136
Smart-096-2510137,Mobile,+8550962510137
Smart-096-2510138,Mobile,+8550962510138
Smart-096-2510139,Mobile,+8550962510139
Smart-096-2510140,Mobile,+8550962510140
Smart-096-2510141,Mobile,+8550962510141
Smart-096-2510142,Mobile,+8550962510142
Smart-096-2510143,Mobile,+8550962510143
Smart-096-2510144,Mobile,+8550962510144
Smart-096-2510145,Mobile,+8550962510145
Smart-096-2510146,Mobile,+8550962510146
Smart-096-2510147,Mobile,+8550962510147
Smart-096-2510148,Mobile,+8550962510148
Smart-096-2510149,Mobile,+8550962510149
Smart-096-2510150,Mobile,+8550962510150
Smart-096-2510151,Mobile,+8550962510151
Smart-096-2510152,Mobile,+8550962510152
Smart-096-2510153,Mobile,+8550962510153
Smart-096-2510154,Mobile,+8550962510154
Smart-096-2510155,Mobile,+8550962510155
Smart-096-2510156,Mobile,+8550962510156
Smart-096-2510157,Mobile,+8550962510157
Smart-096-2510158,Mobile,+8550962510158
Smart-096-2510159,Mobile,+8550962510159
Smart-096-2510160,Mobile,+8550962510160
Smart-096-2510161,Mobile,+8550962510161
Smart-096-2510162,Mobile,+8550962510162
Smart-096-2510163,Mobile,+8550962510163
Smart-096-2510164,Mobile,+8550962510164
Smart-096-2510165,Mobile,+8550962510165
Smart-096-2510166,Mobile,+8550962510166
Smart-096-2510167,Mobile,+8550962510167
Smart-096-2510168,Mobile,+8550962510168
Smart-096-2510169,Mobile,+8550962510169
Smart-096-2510170,Mobile,+8550962510170
Smart-096-2510171,Mobile,+8550962510171
Smart-096-2510172,Mobile,+8550962510172
Smart-096-2510173,Mobile,+8550962510173
Smart-096-2510174,Mobile,+8550962510174
Smart-096-2510175,Mobile,+8550962510175
Smart-096-2510176,Mobile,+8550962510176
Smart-096-2510177,Mobile,+8550962510177
Smart-096-2510178,Mobile,+8550962510178
Smart-096-2510179,Mobile,+8550962510179
Smart-096-2510180,Mobile,+8550962510180
Smart-096-2510181,Mobile,+8550962510181
Smart-096-2510182,Mobile,+8550962510182
Smart-096-2510183,Mobile,+8550962510183
Smart-096-2510184,Mobile,+8550962510184
Smart-096-2510185,Mobile,+8550962510185
Smart-096-2510186,Mobile,+8550962510186
Smart-096-2510187,Mobile,+8550962510187
Smart-096-2510188,Mobile,+8550962510188
Smart-096-2510189,Mobile,+8550962510189
Smart-096-2510190,Mobile,+8550962510190
Smart-096-2510191,Mobile,+8550962510191
Smart-096-2510192,Mobile,+8550962510192
Smart-096-2510193,Mobile,+8550962510193
Smart-096-2510194,Mobile,+8550962510194
Smart-096-2510195,Mobile,+8550962510195
Smart-096-2510196,Mobile,+8550962510196
Smart-096-2510197,Mobile,+8550962510197
Smart-096-2510198,Mobile,+8550962510198
Smart-096-2510199,Mobile,+8550962510199
Smart-096-2510200,Mobile,+8550962510200
Smart-096-2510201,Mobile,+8550962510201
Smart-096-2510202,Mobile,+8550962510202
Smart-096-2510203,Mobile,+8550962510203
Smart-096-2510204,Mobile,+8550962510204
Smart-096-2510205,Mobile,+8550962510205
Smart-096-2510206,Mobile,+8550962510206
Smart-096-2510207,Mobile,+8550962510207
Smart-096-2510208,Mobile,+8550962510208
Smart-096-2510209,Mobile,+8550962510209
Smart-096-2510210,Mobile,+8550962510210
Smart-096-2510211,Mobile,+8550962510211
Smart-096-2510212,Mobile,+8550962510212
Smart-096-2510213,Mobile,+8550962510213
Smart-096-2510214,Mobile,+8550962510214
Smart-096-2510215,Mobile,+8550962510215
Smart-096-2510216,Mobile,+8550962510216
Smart-096-2510217,Mobile,+8550962510217
Smart-096-2510218,Mobile,+8550962510218
Smart-096-2510219,Mobile,+8550962510219
Smart-096-2510220,Mobile,+8550962510220
Smart-096-2510221,Mobile,+8550962510221
Smart-096-2510222,Mobile,+8550962510222
Smart-096-2510223,Mobile,+8550962510223
Smart-096-2510224,Mobile,+8550962510224
Smart-096-2510225,Mobile,+8550962510225
Smart-096-2510226,Mobile,+8550962510226
Smart-096-2510227,Mobile,+8550962510227
Smart-096-2510228,Mobile,+8550962510228
Smart-096-2510229,Mobile,+8550962510229
Smart-096-2510230,Mobile,+8550962510230
Smart-096-2510231,Mobile,+8550962510231
Smart-096-2510232,Mobile,+8550962510232
Smart-096-2510233,Mobile,+8550962510233
Smart-096-2510234,Mobile,+8550962510234
Smart-096-2510235,Mobile,+8550962510235
Smart-096-2510236,Mobile,+8550962510236
Smart-096-2510237,Mobile,+8550962510237
Smart-096-2510238,Mobile,+8550962510238
Smart-096-2510239,Mobile,+8550962510239
Smart-096-2510240,Mobile,+8550962510240
Smart-096-2510241,Mobile,+8550962510241
Smart-096-2510242,Mobile,+8550962510242
Smart-096-2510243,Mobile,+8550962510243
Smart-096-2510244,Mobile,+8550962510244
Smart-096-2510245,Mobile,+8550962510245
Smart-096-2510246,Mobile,+8550962510246
Smart-096-2510247,Mobile,+8550962510247
Smart-096-2510248,Mobile,+8550962510248
Smart-096-2510249,Mobile,+8550962510249
Smart-096-2510250,Mobile,+8550962510250
Smart-096-2510251,Mobile,+8550962510251
Smart-096-2510252,Mobile,+8550962510252
Smart-096-2510253,Mobile,+8550962510253
Smart-096-2510254,Mobile,+8550962510254
Smart-096-2510255,Mobile,+8550962510255
Smart-096-2510256,Mobile,+8550962510256
Smart-096-2510257,Mobile,+8550962510257
Smart-096-2510258,Mobile,+8550962510258
Smart-096-2510259,Mobile,+8550962510259
Smart-096-2510260,Mobile,+8550962510260
Smart-096-2510261,Mobile,+8550962510261
Smart-096-2510262,Mobile,+8550962510262
Smart-096-2510263,Mobile,+8550962510263
Smart-096-2510264,Mobile,+8550962510264
Smart-096-2510265,Mobile,+8550962510265
Smart-096-2510266,Mobile,+8550962510266
Smart-096-2510267,Mobile,+8550962510267
Smart-096-2510268,Mobile,+8550962510268
Smart-096-2510269,Mobile,+8550962510269
Smart-096-2510270,Mobile,+8550962510270
Smart-096-2510271,Mobile,+8550962510271
Smart-096-2510272,Mobile,+8550962510272
Smart-096-2510273,Mobile,+8550962510273
Smart-096-2510274,Mobile,+8550962510274
Smart-096-2510275,Mobile,+8550962510275
Smart-096-2510276,Mobile,+8550962510276
Smart-096-2510277,Mobile,+8550962510277
Smart-096-2510278,Mobile,+8550962510278
Smart-096-2510279,Mobile,+8550962510279
Smart-096-2510280,Mobile,+8550962510280
Smart-096-2510281,Mobile,+8550962510281
Smart-096-2510282,Mobile,+8550962510282
Smart-096-2510283,Mobile,+8550962510283
Smart-096-2510284,Mobile,+8550962510284
Smart-096-2510285,Mobile,+8550962510285
Smart-096-2510286,Mobile,+8550962510286
Smart-096-2510287,Mobile,+8550962510287
Smart-096-2510288,Mobile,+8550962510288
Smart-096-2510289,Mobile,+8550962510289
Smart-096-2510290,Mobile,+8550962510290
Smart-096-2510291,Mobile,+8550962510291
Smart-096-2510292,Mobile,+8550962510292
Smart-096-2510293,Mobile,+8550962510293
Smart-096-2510294,Mobile,+8550962510294
Smart-096-2510295,Mobile,+8550962510295
Smart-096-2510296,Mobile,+8550962510296
Smart-096-2510297,Mobile,+8550962510297
Smart-096-2510298,Mobile,+8550962510298
Smart-096-2510299,Mobile,+8550962510299
Smart-096-2510300,Mobile,+8550962510300
Smart-096-2510301,Mobile,+8550962510301
Smart-096-2510302,Mobile,+8550962510302
Smart-096-2510303,Mobile,+8550962510303
Smart-096-2510304,Mobile,+8550962510304
Smart-096-2510305,Mobile,+8550962510305
Smart-096-2510306,Mobile,+8550962510306
Smart-096-2510307,Mobile,+8550962510307
Smart-096-2510308,Mobile,+8550962510308
Smart-096-2510309,Mobile,+8550962510309
Smart-096-2510310,Mobile,+8550962510310
Smart-096-2510311,Mobile,+8550962510311
Smart-096-2510312,Mobile,+8550962510312
Smart-096-2510313,Mobile,+8550962510313
Smart-096-2510314,Mobile,+8550962510314
Smart-096-2510315,Mobile,+8550962510315
Smart-096-2510316,Mobile,+8550962510316
Smart-096-2510317,Mobile,+8550962510317
Smart-096-2510318,Mobile,+8550962510318
Smart-096-2510319,Mobile,+8550962510319
Smart-096-2510320,Mobile,+8550962510320
Smart-096-2510321,Mobile,+8550962510321
Smart-096-2510322,Mobile,+8550962510322
Smart-096-2510323,Mobile,+8550962510323
Smart-096-2510324,Mobile,+8550962510324
Smart-096-2510325,Mobile,+8550962510325
Smart-096-2510326,Mobile,+8550962510326
Smart-096-2510327,Mobile,+8550962510327
Smart-096-2510328,Mobile,+8550962510328
Smart-096-2510329,Mobile,+8550962510329
Smart-096-2510330,Mobile,+8550962510330
Smart-096-2510331,Mobile,+8550962510331
Smart-096-2510332,Mobile,+8550962510332
Smart-096-2510333,Mobile,+8550962510333
Smart-096-2510334,Mobile,+8550962510334
Smart-096-2510335,Mobile,+8550962510335
Smart-096-2510336,Mobile,+8550962510336
Smart-096-2510337,Mobile,+8550962510337
Smart-096-2510338,Mobile,+8550962510338
Smart-096-2510339,Mobile,+8550962510339
Smart-096-2510340,Mobile,+8550962510340
Smart-096-2510341,Mobile,+8550962510341
Smart-096-2510342,Mobile,+8550962510342
Smart-096-2510343,Mobile,+8550962510343
Smart-096-2510344,Mobile,+8550962510344
Smart-096-2510345,Mobile,+8550962510345
Smart-096-2510346,Mobile,+8550962510346
Smart-096-2510347,Mobile,+8550962510347
Smart-096-2510348,Mobile,+8550962510348
Smart-096-2510349,Mobile,+8550962510349
Smart-096-2510350,Mobile,+8550962510350
Smart-096-2510351,Mobile,+8550962510351
Smart-096-2510352,Mobile,+8550962510352
Smart-096-2510353,Mobile,+8550962510353
Smart-096-2510354,Mobile,+8550962510354
Smart-096-2510355,Mobile,+8550962510355
Smart-096-2510356,Mobile,+8550962510356
Smart-096-2510357,Mobile,+8550962510357
Smart-096-2510358,Mobile,+8550962510358
Smart-096-2510359,Mobile,+8550962510359
Smart-096-2510360,Mobile,+8550962510360
Smart-096-2510361,Mobile,+8550962510361
Smart-096-2510362,Mobile,+8550962510362
Smart-096-2510363,Mobile,+8550962510363
Smart-096-2510364,Mobile,+8550962510364
Smart-096-2510365,Mobile,+8550962510365
Smart-096-2510366,Mobile,+8550962510366
Smart-096-2510367,Mobile,+8550962510367
Smart-096-2510368,Mobile,+8550962510368
Smart-096-2510369,Mobile,+8550962510369
Smart-096-2510370,Mobile,+8550962510370
Smart-096-2510371,Mobile,+8550962510371
Smart-096-2510372,Mobile,+8550962510372
Smart-096-2510373,Mobile,+8550962510373
Smart-096-2510374,Mobile,+8550962510374
Smart-096-2510375,Mobile,+8550962510375
Smart-096-2510376,Mobile,+8550962510376
Smart-096-2510377,Mobile,+8550962510377
Smart-096-2510378,Mobile,+8550962510378
Smart-096-2510379,Mobile,+8550962510379
Smart-096-2510380,Mobile,+8550962510380
Smart-096-2510381,Mobile,+8550962510381
Smart-096-2510382,Mobile,+8550962510382
Smart-096-2510383,Mobile,+8550962510383
Smart-096-2510384,Mobile,+8550962510384
Smart-096-2510385,Mobile,+8550962510385
Smart-096-2510386,Mobile,+8550962510386
Smart-096-2510387,Mobile,+8550962510387
Smart-096-2510388,Mobile,+8550962510388
Smart-096-2510389,Mobile,+8550962510389
Smart-096-2510390,Mobile,+8550962510390
Smart-096-2510391,Mobile,+8550962510391
Smart-096-2510392,Mobile,+8550962510392
Smart-096-2510393,Mobile,+8550962510393
Smart-096-2510394,Mobile,+8550962510394
Smart-096-2510395,Mobile,+8550962510395
Smart-096-2510396,Mobile,+8550962510396
Smart-096-2510397,Mobile,+8550962510397
Smart-096-2510398,Mobile,+8550962510398
Smart-096-2510399,Mobile,+8550962510399
Smart-096-2510400,Mobile,+8550962510400
Smart-096-2510401,Mobile,+8550962510401
Smart-096-2510402,Mobile,+8550962510402
Smart-096-2510403,Mobile,+8550962510403
Smart-096-2510404,Mobile,+8550962510404
Smart-096-2510405,Mobile,+8550962510405
Smart-096-2510406,Mobile,+8550962510406
Smart-096-2510407,Mobile,+8550962510407
Smart-096-2510408,Mobile,+8550962510408
Smart-096-2510409,Mobile,+8550962510409
Smart-096-2510410,Mobile,+8550962510410
Smart-096-2510411,Mobile,+8550962510411
Smart-096-2510412,Mobile,+8550962510412
Smart-096-2510413,Mobile,+8550962510413
Smart-096-2510414,Mobile,+8550962510414
Smart-096-2510415,Mobile,+8550962510415
Smart-096-2510416,Mobile,+8550962510416
Smart-096-2510417,Mobile,+8550962510417
Smart-096-2510418,Mobile,+8550962510418
Smart-096-2510419,Mobile,+8550962510419
Smart-096-2510420,Mobile,+8550962510420
Smart-096-2510421,Mobile,+8550962510421
Smart-096-2510422,Mobile,+8550962510422
Smart-096-2510423,Mobile,+8550962510423
Smart-096-2510424,Mobile,+8550962510424
Smart-096-2510425,Mobile,+8550962510425
Smart-096-2510426,Mobile,+8550962510426
Smart-096-2510427,Mobile,+8550962510427
Smart-096-2510428,Mobile,+8550962510428
Smart-096-2510429,Mobile,+8550962510429
Smart-096-2510430,Mobile,+8550962510430
Smart-096-2510431,Mobile,+8550962510431
Smart-096-2510432,Mobile,+8550962510432
Smart-096-2510433,Mobile,+8550962510433
Smart-096-2510434,Mobile,+8550962510434
Smart-096-2510435,Mobile,+8550962510435
Smart-096-2510436,Mobile,+8550962510436
Smart-096-2510437,Mobile,+8550962510437
Smart-096-2510438,Mobile,+8550962510438
Smart-096-2510439,Mobile,+8550962510439
Smart-096-2510440,Mobile,+8550962510440
Smart-096-2510441,Mobile,+8550962510441
Smart-096-2510442,Mobile,+8550962510442
Smart-096-2510443,Mobile,+8550962510443
Smart-096-2510444,Mobile,+8550962510444
Smart-096-2510445,Mobile,+8550962510445
Smart-096-2510446,Mobile,+8550962510446
Smart-096-2510447,Mobile,+8550962510447
Smart-096-2510448,Mobile,+8550962510448
Smart-096-2510449,Mobile,+8550962510449
Smart-096-2510450,Mobile,+8550962510450
Smart-096-2510451,Mobile,+8550962510451
Smart-096-2510452,Mobile,+8550962510452
Smart-096-2510453,Mobile,+8550962510453
Smart-096-2510454,Mobile,+8550962510454
Smart-096-2510455,Mobile,+8550962510455
Smart-096-2510456,Mobile,+8550962510456
Smart-096-2510457,Mobile,+8550962510457
Smart-096-2510458,Mobile,+8550962510458
Smart-096-2510459,Mobile,+8550962510459
Smart-096-2510460,Mobile,+8550962510460
Smart-096-2510461,Mobile,+8550962510461
Smart-096-2510462,Mobile,+8550962510462
Smart-096-2510463,Mobile,+8550962510463
Smart-096-2510464,Mobile,+8550962510464
Smart-096-2510465,Mobile,+8550962510465
Smart-096-2510466,Mobile,+8550962510466
Smart-096-2510467,Mobile,+8550962510467
Smart-096-2510468,Mobile,+8550962510468
Smart-096-2510469,Mobile,+8550962510469
Smart-096-2510470,Mobile,+8550962510470
Smart-096-2510471,Mobile,+8550962510471
Smart-096-2510472,Mobile,+8550962510472
Smart-096-2510473,Mobile,+8550962510473
Smart-096-2510474,Mobile,+8550962510474
Smart-096-2510475,Mobile,+8550962510475
Smart-096-2510476,Mobile,+8550962510476
Smart-096-2510477,Mobile,+8550962510477
Smart-096-2510478,Mobile,+8550962510478
Smart-096-2510479,Mobile,+8550962510479
Smart-096-2510480,Mobile,+8550962510480
Smart-096-2510481,Mobile,+8550962510481
Smart-096-2510482,Mobile,+8550962510482
Smart-096-2510483,Mobile,+8550962510483
Smart-096-2510484,Mobile,+8550962510484
Smart-096-2510485,Mobile,+8550962510485
Smart-096-2510486,Mobile,+8550962510486
Smart-096-2510487,Mobile,+8550962510487
Smart-096-2510488,Mobile,+8550962510488
Smart-096-2510489,Mobile,+8550962510489
Smart-096-2510490,Mobile,+8550962510490
Smart-096-2510491,Mobile,+8550962510491
Smart-096-2510492,Mobile,+8550962510492
Smart-096-2510493,Mobile,+8550962510493
Smart-096-2510494,Mobile,+8550962510494
Smart-096-2510495,Mobile,+8550962510495
Smart-096-2510496,Mobile,+8550962510496
Smart-096-2510497,Mobile,+8550962510497
Smart-096-2510498,Mobile,+8550962510498
Smart-096-2510499,Mobile,+8550962510499
Smart-096-2510500,Mobile,+8550962510500
Smart-096-2510501,Mobile,+8550962510501
Smart-096-2510502,Mobile,+8550962510502
Smart-096-2510503,Mobile,+8550962510503
Smart-096-2510504,Mobile,+8550962510504
Smart-096-2510505,Mobile,+8550962510505
Smart-096-2510506,Mobile,+8550962510506
Smart-096-2510507,Mobile,+8550962510507
Smart-096-2510508,Mobile,+8550962510508
Smart-096-2510509,Mobile,+8550962510509
Smart-096-2510510,Mobile,+8550962510510
Smart-096-2510511,Mobile,+8550962510511
Smart-096-2510512,Mobile,+8550962510512
Smart-096-2510513,Mobile,+8550962510513
Smart-096-2510514,Mobile,+8550962510514
Smart-096-2510515,Mobile,+8550962510515
Smart-096-2510516,Mobile,+8550962510516
Smart-096-2510517,Mobile,+8550962510517
Smart-096-2510518,Mobile,+8550962510518
Smart-096-2510519,Mobile,+8550962510519
Smart-096-2510520,Mobile,+8550962510520
Smart-096-2510521,Mobile,+8550962510521
Smart-096-2510522,Mobile,+8550962510522
Smart-096-2510523,Mobile,+8550962510523
Smart-096-2510524,Mobile,+8550962510524
Smart-096-2510525,Mobile,+8550962510525
Smart-096-2510526,Mobile,+8550962510526
Smart-096-2510527,Mobile,+8550962510527
Smart-096-2510528,Mobile,+8550962510528
Smart-096-2510529,Mobile,+8550962510529
Smart-096-2510530,Mobile,+8550962510530
Smart-096-2510531,Mobile,+8550962510531
Smart-096-2510532,Mobile,+8550962510532
Smart-096-2510533,Mobile,+8550962510533
Smart-096-2510534,Mobile,+8550962510534
Smart-096-2510535,Mobile,+8550962510535
Smart-096-2510536,Mobile,+8550962510536
Smart-096-2510537,Mobile,+8550962510537
Smart-096-2510538,Mobile,+8550962510538
Smart-096-2510539,Mobile,+8550962510539
Smart-096-2510540,Mobile,+8550962510540
Smart-096-2510541,Mobile,+8550962510541
Smart-096-2510542,Mobile,+8550962510542
Smart-096-2510543,Mobile,+8550962510543
Smart-096-2510544,Mobile,+8550962510544
Smart-096-2510545,Mobile,+8550962510545
Smart-096-2510546,Mobile,+8550962510546
Smart-096-2510547,Mobile,+8550962510547
Smart-096-2510548,Mobile,+8550962510548
Smart-096-2510549,Mobile,+8550962510549
Smart-096-2510550,Mobile,+8550962510550
Smart-096-2510551,Mobile,+8550962510551
Smart-096-2510552,Mobile,+8550962510552
Smart-096-2510553,Mobile,+8550962510553
Smart-096-2510554,Mobile,+8550962510554
Smart-096-2510555,Mobile,+8550962510555
Smart-096-2510556,Mobile,+8550962510556
Smart-096-2510557,Mobile,+8550962510557
Smart-096-2510558,Mobile,+8550962510558
Smart-096-2510559,Mobile,+8550962510559
Smart-096-2510560,Mobile,+8550962510560
Smart-096-2510561,Mobile,+8550962510561
Smart-096-2510562,Mobile,+8550962510562
Smart-096-2510563,Mobile,+8550962510563
Smart-096-2510564,Mobile,+8550962510564
Smart-096-2510565,Mobile,+8550962510565
Smart-096-2510566,Mobile,+8550962510566
Smart-096-2510567,Mobile,+8550962510567
Smart-096-2510568,Mobile,+8550962510568
Smart-096-2510569,Mobile,+8550962510569
Smart-096-2510570,Mobile,+8550962510570
Smart-096-2510571,Mobile,+8550962510571
Smart-096-2510572,Mobile,+8550962510572
Smart-096-2510573,Mobile,+8550962510573
Smart-096-2510574,Mobile,+8550962510574
Smart-096-2510575,Mobile,+8550962510575
Smart-096-2510576,Mobile,+8550962510576
Smart-096-2510577,Mobile,+8550962510577
Smart-096-2510578,Mobile,+8550962510578
Smart-096-2510579,Mobile,+8550962510579
Smart-096-2510580,Mobile,+8550962510580
Smart-096-2510581,Mobile,+8550962510581
Smart-096-2510582,Mobile,+8550962510582
Smart-096-2510583,Mobile,+8550962510583
Smart-096-2510584,Mobile,+8550962510584
Smart-096-2510585,Mobile,+8550962510585
Smart-096-2510586,Mobile,+8550962510586
Smart-096-2510587,Mobile,+8550962510587
Smart-096-2510588,Mobile,+8550962510588
Smart-096-2510589,Mobile,+8550962510589
Smart-096-2510590,Mobile,+8550962510590
Smart-096-2510591,Mobile,+8550962510591
Smart-096-2510592,Mobile,+8550962510592
Smart-096-2510593,Mobile,+8550962510593
Smart-096-2510594,Mobile,+8550962510594
Smart-096-2510595,Mobile,+8550962510595
Smart-096-2510596,Mobile,+8550962510596
Smart-096-2510597,Mobile,+8550962510597
Smart-096-2510598,Mobile,+8550962510598
Smart-096-2510599,Mobile,+8550962510599
Smart-096-2510600,Mobile,+8550962510600
Smart-096-2510601,Mobile,+8550962510601
Smart-096-2510602,Mobile,+8550962510602
Smart-096-2510603,Mobile,+8550962510603
Smart-096-2510604,Mobile,+8550962510604
Smart-096-2510605,Mobile,+8550962510605
Smart-096-2510606,Mobile,+8550962510606
Smart-096-2510607,Mobile,+8550962510607
Smart-096-2510608,Mobile,+8550962510608
Smart-096-2510609,Mobile,+8550962510609
Smart-096-2510610,Mobile,+8550962510610
Smart-096-2510611,Mobile,+8550962510611
Smart-096-2510612,Mobile,+8550962510612
Smart-096-2510613,Mobile,+8550962510613
Smart-096-2510614,Mobile,+8550962510614
Smart-096-2510615,Mobile,+8550962510615
Smart-096-2510616,Mobile,+8550962510616
Smart-096-2510617,Mobile,+8550962510617
Smart-096-2510618,Mobile,+8550962510618
Smart-096-2510619,Mobile,+8550962510619
Smart-096-2510620,Mobile,+8550962510620
Smart-096-2510621,Mobile,+8550962510621
Smart-096-2510622,Mobile,+8550962510622
Smart-096-2510623,Mobile,+8550962510623
Smart-096-2510624,Mobile,+8550962510624
Smart-096-2510625,Mobile,+8550962510625
Smart-096-2510626,Mobile,+8550962510626
Smart-096-2510627,Mobile,+8550962510627
Smart-096-2510628,Mobile,+8550962510628
Smart-096-2510629,Mobile,+8550962510629
Smart-096-2510630,Mobile,+8550962510630
Smart-096-2510631,Mobile,+8550962510631
Smart-096-2510632,Mobile,+8550962510632
Smart-096-2510633,Mobile,+8550962510633
Smart-096-2510634,Mobile,+8550962510634
Smart-096-2510635,Mobile,+8550962510635
Smart-096-2510636,Mobile,+8550962510636
Smart-096-2510637,Mobile,+8550962510637
Smart-096-2510638,Mobile,+8550962510638
Smart-096-2510639,Mobile,+8550962510639
Smart-096-2510640,Mobile,+8550962510640
Smart-096-2510641,Mobile,+8550962510641
Smart-096-2510642,Mobile,+8550962510642
Smart-096-2510643,Mobile,+8550962510643
Smart-096-2510644,Mobile,+8550962510644
Smart-096-2510645,Mobile,+8550962510645
Smart-096-2510646,Mobile,+8550962510646
Smart-096-2510647,Mobile,+8550962510647
Smart-096-2510648,Mobile,+8550962510648
Smart-096-2510649,Mobile,+8550962510649
Smart-096-2510650,Mobile,+8550962510650
Smart-096-2510651,Mobile,+8550962510651
Smart-096-2510652,Mobile,+8550962510652
Smart-096-2510653,Mobile,+8550962510653
Smart-096-2510654,Mobile,+8550962510654
Smart-096-2510655,Mobile,+8550962510655
Smart-096-2510656,Mobile,+8550962510656
Smart-096-2510657,Mobile,+8550962510657
Smart-096-2510658,Mobile,+8550962510658
Smart-096-2510659,Mobile,+8550962510659
Smart-096-2510660,Mobile,+8550962510660
Smart-096-2510661,Mobile,+8550962510661
Smart-096-2510662,Mobile,+8550962510662
Smart-096-2510663,Mobile,+8550962510663
Smart-096-2510664,Mobile,+8550962510664
Smart-096-2510665,Mobile,+8550962510665
Smart-096-2510666,Mobile,+8550962510666
Smart-096-2510667,Mobile,+8550962510667
Smart-096-2510668,Mobile,+8550962510668
Smart-096-2510669,Mobile,+8550962510669
Smart-096-2510670,Mobile,+8550962510670
Smart-096-2510671,Mobile,+8550962510671
Smart-096-2510672,Mobile,+8550962510672
Smart-096-2510673,Mobile,+8550962510673
Smart-096-2510674,Mobile,+8550962510674
Smart-096-2510675,Mobile,+8550962510675
Smart-096-2510676,Mobile,+8550962510676
Smart-096-2510677,Mobile,+8550962510677
Smart-096-2510678,Mobile,+8550962510678
Smart-096-2510679,Mobile,+8550962510679
Smart-096-2510680,Mobile,+8550962510680
Smart-096-2510681,Mobile,+8550962510681
Smart-096-2510682,Mobile,+8550962510682
Smart-096-2510683,Mobile,+8550962510683
Smart-096-2510684,Mobile,+8550962510684
Smart-096-2510685,Mobile,+8550962510685
Smart-096-2510686,Mobile,+8550962510686
Smart-096-2510687,Mobile,+8550962510687
Smart-096-2510688,Mobile,+8550962510688
Smart-096-2510689,Mobile,+8550962510689
Smart-096-2510690,Mobile,+8550962510690
Smart-096-2510691,Mobile,+8550962510691
Smart-096-2510692,Mobile,+8550962510692
Smart-096-2510693,Mobile,+8550962510693
Smart-096-2510694,Mobile,+8550962510694
Smart-096-2510695,Mobile,+8550962510695
Smart-096-2510696,Mobile,+8550962510696
Smart-096-2510697,Mobile,+8550962510697
Smart-096-2510698,Mobile,+8550962510698
Smart-096-2510699,Mobile,+8550962510699
Smart-096-2510700,Mobile,+8550962510700
Smart-096-2510701,Mobile,+8550962510701
Smart-096-2510702,Mobile,+8550962510702
Smart-096-2510703,Mobile,+8550962510703
Smart-096-2510704,Mobile,+8550962510704
Smart-096-2510705,Mobile,+8550962510705
Smart-096-2510706,Mobile,+8550962510706
Smart-096-2510707,Mobile,+8550962510707
Smart-096-2510708,Mobile,+8550962510708
Smart-096-2510709,Mobile,+8550962510709
Smart-096-2510710,Mobile,+8550962510710
Smart-096-2510711,Mobile,+8550962510711
Smart-096-2510712,Mobile,+8550962510712
Smart-096-2510713,Mobile,+8550962510713
Smart-096-2510714,Mobile,+8550962510714
Smart-096-2510715,Mobile,+8550962510715
Smart-096-2510716,Mobile,+8550962510716
Smart-096-2510717,Mobile,+8550962510717
Smart-096-2510718,Mobile,+8550962510718
Smart-096-2510719,Mobile,+8550962510719
Smart-096-2510720,Mobile,+8550962510720
Smart-096-2510721,Mobile,+8550962510721
Smart-096-2510722,Mobile,+8550962510722
Smart-096-2510723,Mobile,+8550962510723
Smart-096-2510724,Mobile,+8550962510724
Smart-096-2510725,Mobile,+8550962510725
Smart-096-2510726,Mobile,+8550962510726
Smart-096-2510727,Mobile,+8550962510727
Smart-096-2510728,Mobile,+8550962510728
Smart-096-2510729,Mobile,+8550962510729
Smart-096-2510730,Mobile,+8550962510730
Smart-096-2510731,Mobile,+8550962510731
Smart-096-2510732,Mobile,+8550962510732
Smart-096-2510733,Mobile,+8550962510733
Smart-096-2510734,Mobile,+8550962510734
Smart-096-2510735,Mobile,+8550962510735
Smart-096-2510736,Mobile,+8550962510736
Smart-096-2510737,Mobile,+8550962510737
Smart-096-2510738,Mobile,+8550962510738
Smart-096-2510739,Mobile,+8550962510739
Smart-096-2510740,Mobile,+8550962510740
Smart-096-2510741,Mobile,+8550962510741
Smart-096-2510742,Mobile,+8550962510742
Smart-096-2510743,Mobile,+8550962510743
Smart-096-2510744,Mobile,+8550962510744
Smart-096-2510745,Mobile,+8550962510745
Smart-096-2510746,Mobile,+8550962510746
Smart-096-2510747,Mobile,+8550962510747
Smart-096-2510748,Mobile,+8550962510748
Smart-096-2510749,Mobile,+8550962510749
Smart-096-2510750,Mobile,+8550962510750
Smart-096-2510751,Mobile,+8550962510751
Smart-096-2510752,Mobile,+8550962510752
Smart-096-2510753,Mobile,+8550962510753
Smart-096-2510754,Mobile,+8550962510754
Smart-096-2510755,Mobile,+8550962510755
Smart-096-2510756,Mobile,+8550962510756
Smart-096-2510757,Mobile,+8550962510757
Smart-096-2510758,Mobile,+8550962510758
Smart-096-2510759,Mobile,+8550962510759
Smart-096-2510760,Mobile,+8550962510760
Smart-096-2510761,Mobile,+8550962510761
Smart-096-2510762,Mobile,+8550962510762
Smart-096-2510763,Mobile,+8550962510763
Smart-096-2510764,Mobile,+8550962510764
Smart-096-2510765,Mobile,+8550962510765
Smart-096-2510766,Mobile,+8550962510766
Smart-096-2510767,Mobile,+8550962510767
Smart-096-2510768,Mobile,+8550962510768
Smart-096-2510769,Mobile,+8550962510769
Smart-096-2510770,Mobile,+8550962510770
Smart-096-2510771,Mobile,+8550962510771
Smart-096-2510772,Mobile,+8550962510772
Smart-096-2510773,Mobile,+8550962510773
Smart-096-2510774,Mobile,+8550962510774
Smart-096-2510775,Mobile,+8550962510775
Smart-096-2510776,Mobile,+8550962510776
Smart-096-2510777,Mobile,+8550962510777
Smart-096-2510778,Mobile,+8550962510778
Smart-096-2510779,Mobile,+8550962510779
Smart-096-2510780,Mobile,+8550962510780
Smart-096-2510781,Mobile,+8550962510781
Smart-096-2510782,Mobile,+8550962510782
Smart-096-2510783,Mobile,+8550962510783
Smart-096-2510784,Mobile,+8550962510784
Smart-096-2510785,Mobile,+8550962510785
Smart-096-2510786,Mobile,+8550962510786
Smart-096-2510787,Mobile,+8550962510787
Smart-096-2510788,Mobile,+8550962510788
Smart-096-2510789,Mobile,+8550962510789
Smart-096-2510790,Mobile,+8550962510790
Smart-096-2510791,Mobile,+8550962510791
Smart-096-2510792,Mobile,+8550962510792
Smart-096-2510793,Mobile,+8550962510793
Smart-096-2510794,Mobile,+8550962510794
Smart-096-2510795,Mobile,+8550962510795
Smart-096-2510796,Mobile,+8550962510796
Smart-096-2510797,Mobile,+8550962510797
Smart-096-2510798,Mobile,+8550962510798
Smart-096-2510799,Mobile,+8550962510799
Smart-096-2510800,Mobile,+8550962510800
Smart-096-2510801,Mobile,+8550962510801
Smart-096-2510802,Mobile,+8550962510802
Smart-096-2510803,Mobile,+8550962510803
Smart-096-2510804,Mobile,+8550962510804
Smart-096-2510805,Mobile,+8550962510805
Smart-096-2510806,Mobile,+8550962510806
Smart-096-2510807,Mobile,+8550962510807
Smart-096-2510808,Mobile,+8550962510808
Smart-096-2510809,Mobile,+8550962510809
Smart-096-2510810,Mobile,+8550962510810
Smart-096-2510811,Mobile,+8550962510811
Smart-096-2510812,Mobile,+8550962510812
Smart-096-2510813,Mobile,+8550962510813
Smart-096-2510814,Mobile,+8550962510814
Smart-096-2510815,Mobile,+8550962510815
Smart-096-2510816,Mobile,+8550962510816
Smart-096-2510817,Mobile,+8550962510817
Smart-096-2510818,Mobile,+8550962510818
Smart-096-2510819,Mobile,+8550962510819
Smart-096-2510820,Mobile,+8550962510820
Smart-096-2510821,Mobile,+8550962510821
Smart-096-2510822,Mobile,+8550962510822
Smart-096-2510823,Mobile,+8550962510823
Smart-096-2510824,Mobile,+8550962510824
Smart-096-2510825,Mobile,+8550962510825
Smart-096-2510826,Mobile,+8550962510826
Smart-096-2510827,Mobile,+8550962510827
Smart-096-2510828,Mobile,+8550962510828
Smart-096-2510829,Mobile,+8550962510829
Smart-096-2510830,Mobile,+8550962510830
Smart-096-2510831,Mobile,+8550962510831
Smart-096-2510832,Mobile,+8550962510832
Smart-096-2510833,Mobile,+8550962510833
Smart-096-2510834,Mobile,+8550962510834
Smart-096-2510835,Mobile,+8550962510835
Smart-096-2510836,Mobile,+8550962510836
Smart-096-2510837,Mobile,+8550962510837
Smart-096-2510838,Mobile,+8550962510838
Smart-096-2510839,Mobile,+8550962510839
Smart-096-2510840,Mobile,+8550962510840
Smart-096-2510841,Mobile,+8550962510841
Smart-096-2510842,Mobile,+8550962510842
Smart-096-2510843,Mobile,+8550962510843
Smart-096-2510844,Mobile,+8550962510844
Smart-096-2510845,Mobile,+8550962510845
Smart-096-2510846,Mobile,+8550962510846
Smart-096-2510847,Mobile,+8550962510847
Smart-096-2510848,Mobile,+8550962510848
Smart-096-2510849,Mobile,+8550962510849
Smart-096-2510850,Mobile,+8550962510850
Smart-096-2510851,Mobile,+8550962510851
Smart-096-2510852,Mobile,+8550962510852
Smart-096-2510853,Mobile,+8550962510853
Smart-096-2510854,Mobile,+8550962510854
Smart-096-2510855,Mobile,+8550962510855
Smart-096-2510856,Mobile,+8550962510856
Smart-096-2510857,Mobile,+8550962510857
Smart-096-2510858,Mobile,+8550962510858
Smart-096-2510859,Mobile,+8550962510859
Smart-096-2510860,Mobile,+8550962510860
Smart-096-2510861,Mobile,+8550962510861
Smart-096-2510862,Mobile,+8550962510862
Smart-096-2510863,Mobile,+8550962510863
Smart-096-2510864,Mobile,+8550962510864
Smart-096-2510865,Mobile,+8550962510865
Smart-096-2510866,Mobile,+8550962510866
Smart-096-2510867,Mobile,+8550962510867
Smart-096-2510868,Mobile,+8550962510868
Smart-096-2510869,Mobile,+8550962510869
Smart-096-2510870,Mobile,+8550962510870
Smart-096-2510871,Mobile,+8550962510871
Smart-096-2510872,Mobile,+8550962510872
Smart-096-2510873,Mobile,+8550962510873
Smart-096-2510874,Mobile,+8550962510874
Smart-096-2510875,Mobile,+8550962510875
Smart-096-2510876,Mobile,+8550962510876
Smart-096-2510877,Mobile,+8550962510877
Smart-096-2510878,Mobile,+8550962510878
Smart-096-2510879,Mobile,+8550962510879
Smart-096-2510880,Mobile,+8550962510880
Smart-096-2510881,Mobile,+8550962510881
Smart-096-2510882,Mobile,+8550962510882
Smart-096-2510883,Mobile,+8550962510883
Smart-096-2510884,Mobile,+8550962510884
Smart-096-2510885,Mobile,+8550962510885
Smart-096-2510886,Mobile,+8550962510886
Smart-096-2510887,Mobile,+8550962510887
Smart-096-2510888,Mobile,+8550962510888
Smart-096-2510889,Mobile,+8550962510889
Smart-096-2510890,Mobile,+8550962510890
Smart-096-2510891,Mobile,+8550962510891
Smart-096-2510892,Mobile,+8550962510892
Smart-096-2510893,Mobile,+8550962510893
Smart-096-2510894,Mobile,+8550962510894
Smart-096-2510895,Mobile,+8550962510895
Smart-096-2510896,Mobile,+8550962510896
Smart-096-2510897,Mobile,+8550962510897
Smart-096-2510898,Mobile,+8550962510898
Smart-096-2510899,Mobile,+8550962510899
Smart-096-2510900,Mobile,+8550962510900
Smart-096-2510901,Mobile,+8550962510901
Smart-096-2510902,Mobile,+8550962510902
Smart-096-2510903,Mobile,+8550962510903
Smart-096-2510904,Mobile,+8550962510904
Smart-096-2510905,Mobile,+8550962510905
Smart-096-2510906,Mobile,+8550962510906
Smart-096-2510907,Mobile,+8550962510907
Smart-096-2510908,Mobile,+8550962510908
Smart-096-2510909,Mobile,+8550962510909
Smart-096-2510910,Mobile,+8550962510910
Smart-096-2510911,Mobile,+8550962510911
Smart-096-2510912,Mobile,+8550962510912
Smart-096-2510913,Mobile,+8550962510913
Smart-096-2510914,Mobile,+8550962510914
Smart-096-2510915,Mobile,+8550962510915
Smart-096-2510916,Mobile,+8550962510916
Smart-096-2510917,Mobile,+8550962510917
Smart-096-2510918,Mobile,+8550962510918
Smart-096-2510919,Mobile,+8550962510919
Smart-096-2510920,Mobile,+8550962510920
Smart-096-2510921,Mobile,+8550962510921
Smart-096-2510922,Mobile,+8550962510922
Smart-096-2510923,Mobile,+8550962510923
Smart-096-2510924,Mobile,+8550962510924
Smart-096-2510925,Mobile,+8550962510925
Smart-096-2510926,Mobile,+8550962510926
Smart-096-2510927,Mobile,+8550962510927
Smart-096-2510928,Mobile,+8550962510928
Smart-096-2510929,Mobile,+8550962510929
Smart-096-2510930,Mobile,+8550962510930
Smart-096-2510931,Mobile,+8550962510931
Smart-096-2510932,Mobile,+8550962510932
Smart-096-2510933,Mobile,+8550962510933
Smart-096-2510934,Mobile,+8550962510934
Smart-096-2510935,Mobile,+8550962510935
Smart-096-2510936,Mobile,+8550962510936
Smart-096-2510937,Mobile,+8550962510937
Smart-096-2510938,Mobile,+8550962510938
Smart-096-2510939,Mobile,+8550962510939
Smart-096-2510940,Mobile,+8550962510940
Smart-096-2510941,Mobile,+8550962510941
Smart-096-2510942,Mobile,+8550962510942
Smart-096-2510943,Mobile,+8550962510943
Smart-096-2510944,Mobile,+8550962510944
Smart-096-2510945,Mobile,+8550962510945
Smart-096-2510946,Mobile,+8550962510946
Smart-096-2510947,Mobile,+8550962510947
Smart-096-2510948,Mobile,+8550962510948
Smart-096-2510949,Mobile,+8550962510949
Smart-096-2510950,Mobile,+8550962510950
Smart-096-2510951,Mobile,+8550962510951
Smart-096-2510952,Mobile,+8550962510952
Smart-096-2510953,Mobile,+8550962510953
Smart-096-2510954,Mobile,+8550962510954
Smart-096-2510955,Mobile,+8550962510955
Smart-096-2510956,Mobile,+8550962510956
Smart-096-2510957,Mobile,+8550962510957
Smart-096-2510958,Mobile,+8550962510958
Smart-096-2510959,Mobile,+8550962510959
Smart-096-2510960,Mobile,+8550962510960
Smart-096-2510961,Mobile,+8550962510961
Smart-096-2510962,Mobile,+8550962510962
Smart-096-2510963,Mobile,+8550962510963
Smart-096-2510964,Mobile,+8550962510964
Smart-096-2510965,Mobile,+8550962510965
Smart-096-2510966,Mobile,+8550962510966
Smart-096-2510967,Mobile,+8550962510967
Smart-096-2510968,Mobile,+8550962510968
Smart-096-2510969,Mobile,+8550962510969
Smart-096-2510970,Mobile,+8550962510970
Smart-096-2510971,Mobile,+8550962510971
Smart-096-2510972,Mobile,+8550962510972
Smart-096-2510973,Mobile,+8550962510973
Smart-096-2510974,Mobile,+8550962510974
Smart-096-2510975,Mobile,+8550962510975
Smart-096-2510976,Mobile,+8550962510976
Smart-096-2510977,Mobile,+8550962510977
Smart-096-2510978,Mobile,+8550962510978
Smart-096-2510979,Mobile,+8550962510979
Smart-096-2510980,Mobile,+8550962510980
Smart-096-2510981,Mobile,+8550962510981
Smart-096-2510982,Mobile,+8550962510982
Smart-096-2510983,Mobile,+8550962510983
Smart-096-2510984,Mobile,+8550962510984
Smart-096-2510985,Mobile,+8550962510985
Smart-096-2510986,Mobile,+8550962510986
Smart-096-2510987,Mobile,+8550962510987
Smart-096-2510988,Mobile,+8550962510988
Smart-096-2510989,Mobile,+8550962510989
Smart-096-2510990,Mobile,+8550962510990
Smart-096-2510991,Mobile,+8550962510991
Smart-096-2510992,Mobile,+8550962510992
Smart-096-2510993,Mobile,+8550962510993
Smart-096-2510994,Mobile,+8550962510994
Smart-096-2510995,Mobile,+8550962510995
Smart-096-2510996,Mobile,+8550962510996
Smart-096-2510997,Mobile,+8550962510997
Smart-096-2510998,Mobile,+8550962510998
Smart-096-2510999,Mobile,+8550962510999
Smart-096-2511000,Mobile,+8550962511000
Smart-096-2511001,Mobile,+8550962511001
Smart-096-2511002,Mobile,+8550962511002
Smart-096-2511003,Mobile,+8550962511003
Smart-096-2511004,Mobile,+8550962511004
Smart-096-2511005,Mobile,+8550962511005
Smart-096-2511006,Mobile,+8550962511006
Smart-096-2511007,Mobile,+8550962511007
Smart-096-2511008,Mobile,+8550962511008
Smart-096-2511009,Mobile,+8550962511009
Smart-096-2511010,Mobile,+8550962511010
Smart-096-2511011,Mobile,+8550962511011
Smart-096-2511012,Mobile,+8550962511012
Smart-096-2511013,Mobile,+8550962511013
Smart-096-2511014,Mobile,+8550962511014
Smart-096-2511015,Mobile,+8550962511015
Smart-096-2511016,Mobile,+8550962511016
Smart-096-2511017,Mobile,+8550962511017
Smart-096-2511018,Mobile,+8550962511018
Smart-096-2511019,Mobile,+8550962511019
Smart-096-2511020,Mobile,+8550962511020
Smart-096-2511021,Mobile,+8550962511021
Smart-096-2511022,Mobile,+8550962511022
Smart-096-2511023,Mobile,+8550962511023
Smart-096-2511024,Mobile,+8550962511024
Smart-096-2511025,Mobile,+8550962511025
Smart-096-2511026,Mobile,+8550962511026
Smart-096-2511027,Mobile,+8550962511027
Smart-096-2511028,Mobile,+8550962511028
Smart-096-2511029,Mobile,+8550962511029
Smart-096-2511030,Mobile,+8550962511030
Smart-096-2511031,Mobile,+8550962511031
Smart-096-2511032,Mobile,+8550962511032
Smart-096-2511033,Mobile,+8550962511033
Smart-096-2511034,Mobile,+8550962511034
Smart-096-2511035,Mobile,+8550962511035
Smart-096-2511036,Mobile,+8550962511036
Smart-096-2511037,Mobile,+8550962511037
Smart-096-2511038,Mobile,+8550962511038
Smart-096-2511039,Mobile,+8550962511039
Smart-096-2511040,Mobile,+8550962511040
Smart-096-2511041,Mobile,+8550962511041
Smart-096-2511042,Mobile,+8550962511042
Smart-096-2511043,Mobile,+8550962511043
Smart-096-2511044,Mobile,+8550962511044
Smart-096-2511045,Mobile,+8550962511045
Smart-096-2511046,Mobile,+8550962511046
Smart-096-2511047,Mobile,+8550962511047
Smart-096-2511048,Mobile,+8550962511048
Smart-096-2511049,Mobile,+8550962511049
Smart-096-2511050,Mobile,+8550962511050
Smart-096-2511051,Mobile,+8550962511051
Smart-096-2511052,Mobile,+8550962511052
Smart-096-2511053,Mobile,+8550962511053
Smart-096-2511054,Mobile,+8550962511054
Smart-096-2511055,Mobile,+8550962511055
Smart-096-2511056,Mobile,+8550962511056
Smart-096-2511057,Mobile,+8550962511057
Smart-096-2511058,Mobile,+8550962511058
Smart-096-2511059,Mobile,+8550962511059
Smart-096-2511060,Mobile,+8550962511060
Smart-096-2511061,Mobile,+8550962511061
Smart-096-2511062,Mobile,+8550962511062
Smart-096-2511063,Mobile,+8550962511063
Smart-096-2511064,Mobile,+8550962511064
Smart-096-2511065,Mobile,+8550962511065
Smart-096-2511066,Mobile,+8550962511066
Smart-096-2511067,Mobile,+8550962511067
Smart-096-2511068,Mobile,+8550962511068
Smart-096-2511069,Mobile,+8550962511069
Smart-096-2511070,Mobile,+8550962511070
Smart-096-2511071,Mobile,+8550962511071
Smart-096-2511072,Mobile,+8550962511072
Smart-096-2511073,Mobile,+8550962511073
Smart-096-2511074,Mobile,+8550962511074
Smart-096-2511075,Mobile,+8550962511075
Smart-096-2511076,Mobile,+8550962511076
Smart-096-2511077,Mobile,+8550962511077
Smart-096-2511078,Mobile,+8550962511078
Smart-096-2511079,Mobile,+8550962511079
Smart-096-2511080,Mobile,+8550962511080
Smart-096-2511081,Mobile,+8550962511081
Smart-096-2511082,Mobile,+8550962511082
Smart-096-2511083,Mobile,+8550962511083
Smart-096-2511084,Mobile,+8550962511084
Smart-096-2511085,Mobile,+8550962511085
Smart-096-2511086,Mobile,+8550962511086
Smart-096-2511087,Mobile,+8550962511087
Smart-096-2511088,Mobile,+8550962511088
Smart-096-2511089,Mobile,+8550962511089
Smart-096-2511090,Mobile,+8550962511090
Smart-096-2511091,Mobile,+8550962511091
Smart-096-2511092,Mobile,+8550962511092
Smart-096-2511093,Mobile,+8550962511093
Smart-096-2511094,Mobile,+8550962511094
Smart-096-2511095,Mobile,+8550962511095
Smart-096-2511096,Mobile,+8550962511096
Smart-096-2511097,Mobile,+8550962511097
Smart-096-2511098,Mobile,+8550962511098
Smart-096-2511099,Mobile,+8550962511099
Smart-096-2511100,Mobile,+8550962511100
Smart-096-2511101,Mobile,+8550962511101
Smart-096-2511102,Mobile,+8550962511102
Smart-096-2511103,Mobile,+8550962511103
Smart-096-2511104,Mobile,+8550962511104
Smart-096-2511105,Mobile,+8550962511105
Smart-096-2511106,Mobile,+8550962511106
Smart-096-2511107,Mobile,+8550962511107
Smart-096-2511108,Mobile,+8550962511108
Smart-096-2511109,Mobile,+8550962511109
Smart-096-2511110,Mobile,+8550962511110
Smart-096-2511111,Mobile,+8550962511111
Smart-096-2511112,Mobile,+8550962511112
Smart-096-2511113,Mobile,+8550962511113
Smart-096-2511114,Mobile,+8550962511114
Smart-096-2511115,Mobile,+8550962511115
Smart-096-2511116,Mobile,+8550962511116
Smart-096-2511117,Mobile,+8550962511117
Smart-096-2511118,Mobile,+8550962511118
Smart-096-2511119,Mobile,+8550962511119
Smart-096-2511120,Mobile,+8550962511120
Smart-096-2511121,Mobile,+8550962511121
Smart-096-2511122,Mobile,+8550962511122
Smart-096-2511123,Mobile,+8550962511123
Smart-096-2511124,Mobile,+8550962511124
Smart-096-2511125,Mobile,+8550962511125
Smart-096-2511126,Mobile,+8550962511126
Smart-096-2511127,Mobile,+8550962511127
Smart-096-2511128,Mobile,+8550962511128
Smart-096-2511129,Mobile,+8550962511129
Smart-096-2511130,Mobile,+8550962511130
Smart-096-2511131,Mobile,+8550962511131
Smart-096-2511132,Mobile,+8550962511132
Smart-096-2511133,Mobile,+8550962511133
Smart-096-2511134,Mobile,+8550962511134
Smart-096-2511135,Mobile,+8550962511135
Smart-096-2511136,Mobile,+8550962511136
Smart-096-2511137,Mobile,+8550962511137
Smart-096-2511138,Mobile,+8550962511138
Smart-096-2511139,Mobile,+8550962511139
Smart-096-2511140,Mobile,+8550962511140
Smart-096-2511141,Mobile,+8550962511141
Smart-096-2511142,Mobile,+8550962511142
Smart-096-2511143,Mobile,+8550962511143
Smart-096-2511144,Mobile,+8550962511144
Smart-096-2511145,Mobile,+8550962511145
Smart-096-2511146,Mobile,+8550962511146
Smart-096-2511147,Mobile,+8550962511147
Smart-096-2511148,Mobile,+8550962511148
Smart-096-2511149,Mobile,+8550962511149
Smart-096-2511150,Mobile,+8550962511150
Smart-096-2511151,Mobile,+8550962511151
Smart-096-2511152,Mobile,+8550962511152
Smart-096-2511153,Mobile,+8550962511153
Smart-096-2511154,Mobile,+8550962511154
Smart-096-2511155,Mobile,+8550962511155
Smart-096-2511156,Mobile,+8550962511156
Smart-096-2511157,Mobile,+8550962511157
Smart-096-2511158,Mobile,+8550962511158
Smart-096-2511159,Mobile,+8550962511159
Smart-096-2511160,Mobile,+8550962511160
Smart-096-2511161,Mobile,+8550962511161
Smart-096-2511162,Mobile,+8550962511162
Smart-096-2511163,Mobile,+8550962511163
Smart-096-2511164,Mobile,+8550962511164
Smart-096-2511165,Mobile,+8550962511165
Smart-096-2511166,Mobile,+8550962511166
Smart-096-2511167,Mobile,+8550962511167
Smart-096-2511168,Mobile,+8550962511168
Smart-096-2511169,Mobile,+8550962511169
Smart-096-2511170,Mobile,+8550962511170
Smart-096-2511171,Mobile,+8550962511171
Smart-096-2511172,Mobile,+8550962511172
Smart-096-2511173,Mobile,+8550962511173
Smart-096-2511174,Mobile,+8550962511174
Smart-096-2511175,Mobile,+8550962511175
Smart-096-2511176,Mobile,+8550962511176
Smart-096-2511177,Mobile,+8550962511177
Smart-096-2511178,Mobile,+8550962511178
Smart-096-2511179,Mobile,+8550962511179
Smart-096-2511180,Mobile,+8550962511180
Smart-096-2511181,Mobile,+8550962511181
Smart-096-2511182,Mobile,+8550962511182
Smart-096-2511183,Mobile,+8550962511183
Smart-096-2511184,Mobile,+8550962511184
Smart-096-2511185,Mobile,+8550962511185
Smart-096-2511186,Mobile,+8550962511186
Smart-096-2511187,Mobile,+8550962511187
Smart-096-2511188,Mobile,+8550962511188
Smart-096-2511189,Mobile,+8550962511189
Smart-096-2511190,Mobile,+8550962511190
Smart-096-2511191,Mobile,+8550962511191
Smart-096-2511192,Mobile,+8550962511192
Smart-096-2511193,Mobile,+8550962511193
Smart-096-2511194,Mobile,+8550962511194
Smart-096-2511195,Mobile,+8550962511195
Smart-096-2511196,Mobile,+8550962511196
Smart-096-2511197,Mobile,+8550962511197
Smart-096-2511198,Mobile,+8550962511198
Smart-096-2511199,Mobile,+8550962511199
Smart-096-2511200,Mobile,+8550962511200
Smart-096-2511201,Mobile,+8550962511201
Smart-096-2511202,Mobile,+8550962511202
Smart-096-2511203,Mobile,+8550962511203
Smart-096-2511204,Mobile,+8550962511204
Smart-096-2511205,Mobile,+8550962511205
Smart-096-2511206,Mobile,+8550962511206
Smart-096-2511207,Mobile,+8550962511207
Smart-096-2511208,Mobile,+8550962511208
Smart-096-2511209,Mobile,+8550962511209
Smart-096-2511210,Mobile,+8550962511210
Smart-096-2511211,Mobile,+8550962511211
Smart-096-2511212,Mobile,+8550962511212
Smart-096-2511213,Mobile,+8550962511213
Smart-096-2511214,Mobile,+8550962511214
Smart-096-2511215,Mobile,+8550962511215
Smart-096-2511216,Mobile,+8550962511216
Smart-096-2511217,Mobile,+8550962511217
Smart-096-2511218,Mobile,+8550962511218
Smart-096-2511219,Mobile,+8550962511219
Smart-096-2511220,Mobile,+8550962511220
Smart-096-2511221,Mobile,+8550962511221
Smart-096-2511222,Mobile,+8550962511222
Smart-096-2511223,Mobile,+8550962511223
Smart-096-2511224,Mobile,+8550962511224
Smart-096-2511225,Mobile,+8550962511225
Smart-096-2511226,Mobile,+8550962511226
Smart-096-2511227,Mobile,+8550962511227
Smart-096-2511228,Mobile,+8550962511228
Smart-096-2511229,Mobile,+8550962511229
Smart-096-2511230,Mobile,+8550962511230
Smart-096-2511231,Mobile,+8550962511231
Smart-096-2511232,Mobile,+8550962511232
Smart-096-2511233,Mobile,+8550962511233
Smart-096-2511234,Mobile,+8550962511234
Smart-096-2511235,Mobile,+8550962511235
Smart-096-2511236,Mobile,+8550962511236
Smart-096-2511237,Mobile,+8550962511237
Smart-096-2511238,Mobile,+8550962511238
Smart-096-2511239,Mobile,+8550962511239
Smart-096-2511240,Mobile,+8550962511240
Smart-096-2511241,Mobile,+8550962511241
Smart-096-2511242,Mobile,+8550962511242
Smart-096-2511243,Mobile,+8550962511243
Smart-096-2511244,Mobile,+8550962511244
Smart-096-2511245,Mobile,+8550962511245
Smart-096-2511246,Mobile,+8550962511246
Smart-096-2511247,Mobile,+8550962511247
Smart-096-2511248,Mobile,+8550962511248
Smart-096-2511249,Mobile,+8550962511249
Smart-096-2511250,Mobile,+8550962511250
Smart-096-2511251,Mobile,+8550962511251
Smart-096-2511252,Mobile,+8550962511252
Smart-096-2511253,Mobile,+8550962511253
Smart-096-2511254,Mobile,+8550962511254
Smart-096-2511255,Mobile,+8550962511255
Smart-096-2511256,Mobile,+8550962511256
Smart-096-2511257,Mobile,+8550962511257
Smart-096-2511258,Mobile,+8550962511258
Smart-096-2511259,Mobile,+8550962511259
Smart-096-2511260,Mobile,+8550962511260
Smart-096-2511261,Mobile,+8550962511261
Smart-096-2511262,Mobile,+8550962511262
Smart-096-2511263,Mobile,+8550962511263
Smart-096-2511264,Mobile,+8550962511264
Smart-096-2511265,Mobile,+8550962511265
Smart-096-2511266,Mobile,+8550962511266
Smart-096-2511267,Mobile,+8550962511267
Smart-096-2511268,Mobile,+8550962511268
Smart-096-2511269,Mobile,+8550962511269
Smart-096-2511270,Mobile,+8550962511270
Smart-096-2511271,Mobile,+8550962511271
Smart-096-2511272,Mobile,+8550962511272
Smart-096-2511273,Mobile,+8550962511273
Smart-096-2511274,Mobile,+8550962511274
Smart-096-2511275,Mobile,+8550962511275
Smart-096-2511276,Mobile,+8550962511276
Smart-096-2511277,Mobile,+8550962511277
Smart-096-2511278,Mobile,+8550962511278
Smart-096-2511279,Mobile,+8550962511279
Smart-096-2511280,Mobile,+8550962511280
Smart-096-2511281,Mobile,+8550962511281
Smart-096-2511282,Mobile,+8550962511282
Smart-096-2511283,Mobile,+8550962511283
Smart-096-2511284,Mobile,+8550962511284
Smart-096-2511285,Mobile,+8550962511285
Smart-096-2511286,Mobile,+8550962511286
Smart-096-2511287,Mobile,+8550962511287
Smart-096-2511288,Mobile,+8550962511288
Smart-096-2511289,Mobile,+8550962511289
Smart-096-2511290,Mobile,+8550962511290
Smart-096-2511291,Mobile,+8550962511291
Smart-096-2511292,Mobile,+8550962511292
Smart-096-2511293,Mobile,+8550962511293
Smart-096-2511294,Mobile,+8550962511294
Smart-096-2511295,Mobile,+8550962511295
Smart-096-2511296,Mobile,+8550962511296
Smart-096-2511297,Mobile,+8550962511297
Smart-096-2511298,Mobile,+8550962511298
Smart-096-2511299,Mobile,+8550962511299
Smart-096-2511300,Mobile,+8550962511300
Smart-096-2511301,Mobile,+8550962511301
Smart-096-2511302,Mobile,+8550962511302
Smart-096-2511303,Mobile,+8550962511303
Smart-096-2511304,Mobile,+8550962511304
Smart-096-2511305,Mobile,+8550962511305
Smart-096-2511306,Mobile,+8550962511306
Smart-096-2511307,Mobile,+8550962511307
Smart-096-2511308,Mobile,+8550962511308
Smart-096-2511309,Mobile,+8550962511309
Smart-096-2511310,Mobile,+8550962511310
Smart-096-2511311,Mobile,+8550962511311
Smart-096-2511312,Mobile,+8550962511312
Smart-096-2511313,Mobile,+8550962511313
Smart-096-2511314,Mobile,+8550962511314
Smart-096-2511315,Mobile,+8550962511315
Smart-096-2511316,Mobile,+8550962511316
Smart-096-2511317,Mobile,+8550962511317
Smart-096-2511318,Mobile,+8550962511318
Smart-096-2511319,Mobile,+8550962511319
Smart-096-2511320,Mobile,+8550962511320
Smart-096-2511321,Mobile,+8550962511321
Smart-096-2511322,Mobile,+8550962511322
Smart-096-2511323,Mobile,+8550962511323
Smart-096-2511324,Mobile,+8550962511324
Smart-096-2511325,Mobile,+8550962511325
Smart-096-2511326,Mobile,+8550962511326
Smart-096-2511327,Mobile,+8550962511327
Smart-096-2511328,Mobile,+8550962511328
Smart-096-2511329,Mobile,+8550962511329
Smart-096-2511330,Mobile,+8550962511330
Smart-096-2511331,Mobile,+8550962511331
Smart-096-2511332,Mobile,+8550962511332
Smart-096-2511333,Mobile,+8550962511333
Smart-096-2511334,Mobile,+8550962511334
Smart-096-2511335,Mobile,+8550962511335
Smart-096-2511336,Mobile,+8550962511336
Smart-096-2511337,Mobile,+8550962511337
Smart-096-2511338,Mobile,+8550962511338
Smart-096-2511339,Mobile,+8550962511339
Smart-096-2511340,Mobile,+8550962511340
Smart-096-2511341,Mobile,+8550962511341
Smart-096-2511342,Mobile,+8550962511342
Smart-096-2511343,Mobile,+8550962511343
Smart-096-2511344,Mobile,+8550962511344
Smart-096-2511345,Mobile,+8550962511345
Smart-096-2511346,Mobile,+8550962511346
Smart-096-2511347,Mobile,+8550962511347
Smart-096-2511348,Mobile,+8550962511348
Smart-096-2511349,Mobile,+8550962511349
Smart-096-2511350,Mobile,+8550962511350
Smart-096-2511351,Mobile,+8550962511351
Smart-096-2511352,Mobile,+8550962511352
Smart-096-2511353,Mobile,+8550962511353
Smart-096-2511354,Mobile,+8550962511354
Smart-096-2511355,Mobile,+8550962511355
Smart-096-2511356,Mobile,+8550962511356
Smart-096-2511357,Mobile,+8550962511357
Smart-096-2511358,Mobile,+8550962511358
Smart-096-2511359,Mobile,+8550962511359
Smart-096-2511360,Mobile,+8550962511360
Smart-096-2511361,Mobile,+8550962511361
Smart-096-2511362,Mobile,+8550962511362
Smart-096-2511363,Mobile,+8550962511363
Smart-096-2511364,Mobile,+8550962511364
Smart-096-2511365,Mobile,+8550962511365
Smart-096-2511366,Mobile,+8550962511366
Smart-096-2511367,Mobile,+8550962511367
Smart-096-2511368,Mobile,+8550962511368
Smart-096-2511369,Mobile,+8550962511369
Smart-096-2511370,Mobile,+8550962511370
Smart-096-2511371,Mobile,+8550962511371
Smart-096-2511372,Mobile,+8550962511372
Smart-096-2511373,Mobile,+8550962511373
Smart-096-2511374,Mobile,+8550962511374
Smart-096-2511375,Mobile,+8550962511375
Smart-096-2511376,Mobile,+8550962511376
Smart-096-2511377,Mobile,+8550962511377
Smart-096-2511378,Mobile,+8550962511378
Smart-096-2511379,Mobile,+8550962511379
Smart-096-2511380,Mobile,+8550962511380
Smart-096-2511381,Mobile,+8550962511381
Smart-096-2511382,Mobile,+8550962511382
Smart-096-2511383,Mobile,+8550962511383
Smart-096-2511384,Mobile,+8550962511384
Smart-096-2511385,Mobile,+8550962511385
Smart-096-2511386,Mobile,+8550962511386
Smart-096-2511387,Mobile,+8550962511387
Smart-096-2511388,Mobile,+8550962511388
Smart-096-2511389,Mobile,+8550962511389
Smart-096-2511390,Mobile,+8550962511390
Smart-096-2511391,Mobile,+8550962511391
Smart-096-2511392,Mobile,+8550962511392
Smart-096-2511393,Mobile,+8550962511393
Smart-096-2511394,Mobile,+8550962511394
Smart-096-2511395,Mobile,+8550962511395
Smart-096-2511396,Mobile,+8550962511396
Smart-096-2511397,Mobile,+8550962511397
Smart-096-2511398,Mobile,+8550962511398
Smart-096-2511399,Mobile,+8550962511399
Smart-096-2511400,Mobile,+8550962511400
Smart-096-2511401,Mobile,+8550962511401
Smart-096-2511402,Mobile,+8550962511402
Smart-096-2511403,Mobile,+8550962511403
Smart-096-2511404,Mobile,+8550962511404
Smart-096-2511405,Mobile,+8550962511405
Smart-096-2511406,Mobile,+8550962511406
Smart-096-2511407,Mobile,+8550962511407
Smart-096-2511408,Mobile,+8550962511408
Smart-096-2511409,Mobile,+8550962511409
Smart-096-2511410,Mobile,+8550962511410
Smart-096-2511411,Mobile,+8550962511411
Smart-096-2511412,Mobile,+8550962511412
Smart-096-2511413,Mobile,+8550962511413
Smart-096-2511414,Mobile,+8550962511414
Smart-096-2511415,Mobile,+8550962511415
Smart-096-2511416,Mobile,+8550962511416
Smart-096-2511417,Mobile,+8550962511417
Smart-096-2511418,Mobile,+8550962511418
Smart-096-2511419,Mobile,+8550962511419
Smart-096-2511420,Mobile,+8550962511420
Smart-096-2511421,Mobile,+8550962511421
Smart-096-2511422,Mobile,+8550962511422
Smart-096-2511423,Mobile,+8550962511423
Smart-096-2511424,Mobile,+8550962511424
Smart-096-2511425,Mobile,+8550962511425
Smart-096-2511426,Mobile,+8550962511426
Smart-096-2511427,Mobile,+8550962511427
Smart-096-2511428,Mobile,+8550962511428
Smart-096-2511429,Mobile,+8550962511429
Smart-096-2511430,Mobile,+8550962511430
Smart-096-2511431,Mobile,+8550962511431
Smart-096-2511432,Mobile,+8550962511432
Smart-096-2511433,Mobile,+8550962511433
Smart-096-2511434,Mobile,+8550962511434
Smart-096-2511435,Mobile,+8550962511435
Smart-096-2511436,Mobile,+8550962511436
Smart-096-2511437,Mobile,+8550962511437
Smart-096-2511438,Mobile,+8550962511438
Smart-096-2511439,Mobile,+8550962511439
Smart-096-2511440,Mobile,+8550962511440
Smart-096-2511441,Mobile,+8550962511441
Smart-096-2511442,Mobile,+8550962511442
Smart-096-2511443,Mobile,+8550962511443
Smart-096-2511444,Mobile,+8550962511444
Smart-096-2511445,Mobile,+8550962511445
Smart-096-2511446,Mobile,+8550962511446
Smart-096-2511447,Mobile,+8550962511447
Smart-096-2511448,Mobile,+8550962511448
Smart-096-2511449,Mobile,+8550962511449
Smart-096-2511450,Mobile,+8550962511450
Smart-096-2511451,Mobile,+8550962511451
Smart-096-2511452,Mobile,+8550962511452
Smart-096-2511453,Mobile,+8550962511453
Smart-096-2511454,Mobile,+8550962511454
Smart-096-2511455,Mobile,+8550962511455
Smart-096-2511456,Mobile,+8550962511456
Smart-096-2511457,Mobile,+8550962511457
Smart-096-2511458,Mobile,+8550962511458
Smart-096-2511459,Mobile,+8550962511459
Smart-096-2511460,Mobile,+8550962511460
Smart-096-2511461,Mobile,+8550962511461
Smart-096-2511462,Mobile,+8550962511462
Smart-096-2511463,Mobile,+8550962511463
Smart-096-2511464,Mobile,+8550962511464
Smart-096-2511465,Mobile,+8550962511465
Smart-096-2511466,Mobile,+8550962511466
Smart-096-2511467,Mobile,+8550962511467
Smart-096-2511468,Mobile,+8550962511468
Smart-096-2511469,Mobile,+8550962511469
Smart-096-2511470,Mobile,+8550962511470
Smart-096-2511471,Mobile,+8550962511471
Smart-096-2511472,Mobile,+8550962511472
Smart-096-2511473,Mobile,+8550962511473
Smart-096-2511474,Mobile,+8550962511474
Smart-096-2511475,Mobile,+8550962511475
Smart-096-2511476,Mobile,+8550962511476
Smart-096-2511477,Mobile,+8550962511477
Smart-096-2511478,Mobile,+8550962511478
Smart-096-2511479,Mobile,+8550962511479
Smart-096-2511480,Mobile,+8550962511480
Smart-096-2511481,Mobile,+8550962511481
Smart-096-2511482,Mobile,+8550962511482
Smart-096-2511483,Mobile,+8550962511483
Smart-096-2511484,Mobile,+8550962511484
Smart-096-2511485,Mobile,+8550962511485
Smart-096-2511486,Mobile,+8550962511486
Smart-096-2511487,Mobile,+8550962511487
Smart-096-2511488,Mobile,+8550962511488
Smart-096-2511489,Mobile,+8550962511489
Smart-096-2511490,Mobile,+8550962511490
Smart-096-2511491,Mobile,+8550962511491
Smart-096-2511492,Mobile,+8550962511492
Smart-096-2511493,Mobile,+8550962511493
Smart-096-2511494,Mobile,+8550962511494
Smart-096-2511495,Mobile,+8550962511495
Smart-096-2511496,Mobile,+8550962511496
Smart-096-2511497,Mobile,+8550962511497
Smart-096-2511498,Mobile,+8550962511498
Smart-096-2511499,Mobile,+8550962511499
Smart-096-2511500,Mobile,+8550962511500
Smart-096-2511501,Mobile,+8550962511501
Smart-096-2511502,Mobile,+8550962511502
Smart-096-2511503,Mobile,+8550962511503
Smart-096-2511504,Mobile,+8550962511504
Smart-096-2511505,Mobile,+8550962511505
Smart-096-2511506,Mobile,+8550962511506
Smart-096-2511507,Mobile,+8550962511507
Smart-096-2511508,Mobile,+8550962511508
Smart-096-2511509,Mobile,+8550962511509
Smart-096-2511510,Mobile,+8550962511510
Smart-096-2511511,Mobile,+8550962511511
Smart-096-2511512,Mobile,+8550962511512
Smart-096-2511513,Mobile,+8550962511513
Smart-096-2511514,Mobile,+8550962511514
Smart-096-2511515,Mobile,+8550962511515
Smart-096-2511516,Mobile,+8550962511516
Smart-096-2511517,Mobile,+8550962511517
Smart-096-2511518,Mobile,+8550962511518
Smart-096-2511519,Mobile,+8550962511519
Smart-096-2511520,Mobile,+8550962511520
Smart-096-2511521,Mobile,+8550962511521
Smart-096-2511522,Mobile,+8550962511522
Smart-096-2511523,Mobile,+8550962511523
Smart-096-2511524,Mobile,+8550962511524
Smart-096-2511525,Mobile,+8550962511525
Smart-096-2511526,Mobile,+8550962511526
Smart-096-2511527,Mobile,+8550962511527
Smart-096-2511528,Mobile,+8550962511528
Smart-096-2511529,Mobile,+8550962511529
Smart-096-2511530,Mobile,+8550962511530
Smart-096-2511531,Mobile,+8550962511531
Smart-096-2511532,Mobile,+8550962511532
Smart-096-2511533,Mobile,+8550962511533
Smart-096-2511534,Mobile,+8550962511534
Smart-096-2511535,Mobile,+8550962511535
Smart-096-2511536,Mobile,+8550962511536
Smart-096-2511537,Mobile,+8550962511537
Smart-096-2511538,Mobile,+8550962511538
Smart-096-2511539,Mobile,+8550962511539
Smart-096-2511540,Mobile,+8550962511540
Smart-096-2511541,Mobile,+8550962511541
Smart-096-2511542,Mobile,+8550962511542
Smart-096-2511543,Mobile,+8550962511543
Smart-096-2511544,Mobile,+8550962511544
Smart-096-2511545,Mobile,+8550962511545
Smart-096-2511546,Mobile,+8550962511546
Smart-096-2511547,Mobile,+8550962511547
Smart-096-2511548,Mobile,+8550962511548
Smart-096-2511549,Mobile,+8550962511549
Smart-096-2511550,Mobile,+8550962511550
Smart-096-2511551,Mobile,+8550962511551
Smart-096-2511552,Mobile,+8550962511552
Smart-096-2511553,Mobile,+8550962511553
Smart-096-2511554,Mobile,+8550962511554
Smart-096-2511555,Mobile,+8550962511555
Smart-096-2511556,Mobile,+8550962511556
Smart-096-2511557,Mobile,+8550962511557
Smart-096-2511558,Mobile,+8550962511558
Smart-096-2511559,Mobile,+8550962511559
Smart-096-2511560,Mobile,+8550962511560
Smart-096-2511561,Mobile,+8550962511561
Smart-096-2511562,Mobile,+8550962511562
Smart-096-2511563,Mobile,+8550962511563
Smart-096-2511564,Mobile,+8550962511564
Smart-096-2511565,Mobile,+8550962511565
Smart-096-2511566,Mobile,+8550962511566
Smart-096-2511567,Mobile,+8550962511567
Smart-096-2511568,Mobile,+8550962511568
Smart-096-2511569,Mobile,+8550962511569
Smart-096-2511570,Mobile,+8550962511570
Smart-096-2511571,Mobile,+8550962511571
Smart-096-2511572,Mobile,+8550962511572
Smart-096-2511573,Mobile,+8550962511573
Smart-096-2511574,Mobile,+8550962511574
Smart-096-2511575,Mobile,+8550962511575
Smart-096-2511576,Mobile,+8550962511576
Smart-096-2511577,Mobile,+8550962511577
Smart-096-2511578,Mobile,+8550962511578
Smart-096-2511579,Mobile,+8550962511579
Smart-096-2511580,Mobile,+8550962511580
Smart-096-2511581,Mobile,+8550962511581
Smart-096-2511582,Mobile,+8550962511582
Smart-096-2511583,Mobile,+8550962511583
Smart-096-2511584,Mobile,+8550962511584
Smart-096-2511585,Mobile,+8550962511585
Smart-096-2511586,Mobile,+8550962511586
Smart-096-2511587,Mobile,+8550962511587
Smart-096-2511588,Mobile,+8550962511588
Smart-096-2511589,Mobile,+8550962511589
Smart-096-2511590,Mobile,+8550962511590
Smart-096-2511591,Mobile,+8550962511591
Smart-096-2511592,Mobile,+8550962511592
Smart-096-2511593,Mobile,+8550962511593
Smart-096-2511594,Mobile,+8550962511594
Smart-096-2511595,Mobile,+8550962511595
Smart-096-2511596,Mobile,+8550962511596
Smart-096-2511597,Mobile,+8550962511597
Smart-096-2511598,Mobile,+8550962511598
Smart-096-2511599,Mobile,+8550962511599
Smart-096-2511600,Mobile,+8550962511600
Smart-096-2511601,Mobile,+8550962511601
Smart-096-2511602,Mobile,+8550962511602
Smart-096-2511603,Mobile,+8550962511603
Smart-096-2511604,Mobile,+8550962511604
Smart-096-2511605,Mobile,+8550962511605
Smart-096-2511606,Mobile,+8550962511606
Smart-096-2511607,Mobile,+8550962511607
Smart-096-2511608,Mobile,+8550962511608
Smart-096-2511609,Mobile,+8550962511609
Smart-096-2511610,Mobile,+8550962511610
Smart-096-2511611,Mobile,+8550962511611
Smart-096-2511612,Mobile,+8550962511612
Smart-096-2511613,Mobile,+8550962511613
Smart-096-2511614,Mobile,+8550962511614
Smart-096-2511615,Mobile,+8550962511615
Smart-096-2511616,Mobile,+8550962511616
Smart-096-2511617,Mobile,+8550962511617
Smart-096-2511618,Mobile,+8550962511618
Smart-096-2511619,Mobile,+8550962511619
Smart-096-2511620,Mobile,+8550962511620
Smart-096-2511621,Mobile,+8550962511621
Smart-096-2511622,Mobile,+8550962511622
Smart-096-2511623,Mobile,+8550962511623
Smart-096-2511624,Mobile,+8550962511624
Smart-096-2511625,Mobile,+8550962511625
Smart-096-2511626,Mobile,+8550962511626
Smart-096-2511627,Mobile,+8550962511627
Smart-096-2511628,Mobile,+8550962511628
Smart-096-2511629,Mobile,+8550962511629
Smart-096-2511630,Mobile,+8550962511630
Smart-096-2511631,Mobile,+8550962511631
Smart-096-2511632,Mobile,+8550962511632
Smart-096-2511633,Mobile,+8550962511633
Smart-096-2511634,Mobile,+8550962511634
Smart-096-2511635,Mobile,+8550962511635
Smart-096-2511636,Mobile,+8550962511636
Smart-096-2511637,Mobile,+8550962511637
Smart-096-2511638,Mobile,+8550962511638
Smart-096-2511639,Mobile,+8550962511639
Smart-096-2511640,Mobile,+8550962511640
Smart-096-2511641,Mobile,+8550962511641
Smart-096-2511642,Mobile,+8550962511642
Smart-096-2511643,Mobile,+8550962511643
Smart-096-2511644,Mobile,+8550962511644
Smart-096-2511645,Mobile,+8550962511645
Smart-096-2511646,Mobile,+8550962511646
Smart-096-2511647,Mobile,+8550962511647
Smart-096-2511648,Mobile,+8550962511648
Smart-096-2511649,Mobile,+8550962511649
Smart-096-2511650,Mobile,+8550962511650
Smart-096-2511651,Mobile,+8550962511651
Smart-096-2511652,Mobile,+8550962511652
Smart-096-2511653,Mobile,+8550962511653
Smart-096-2511654,Mobile,+8550962511654
Smart-096-2511655,Mobile,+8550962511655
Smart-096-2511656,Mobile,+8550962511656
Smart-096-2511657,Mobile,+8550962511657
Smart-096-2511658,Mobile,+8550962511658
Smart-096-2511659,Mobile,+8550962511659
Smart-096-2511660,Mobile,+8550962511660
Smart-096-2511661,Mobile,+8550962511661
Smart-096-2511662,Mobile,+8550962511662
Smart-096-2511663,Mobile,+8550962511663
Smart-096-2511664,Mobile,+8550962511664
Smart-096-2511665,Mobile,+8550962511665
Smart-096-2511666,Mobile,+8550962511666
Smart-096-2511667,Mobile,+8550962511667
Smart-096-2511668,Mobile,+8550962511668
Smart-096-2511669,Mobile,+8550962511669
Smart-096-2511670,Mobile,+8550962511670
Smart-096-2511671,Mobile,+8550962511671
Smart-096-2511672,Mobile,+8550962511672
Smart-096-2511673,Mobile,+8550962511673
Smart-096-2511674,Mobile,+8550962511674
Smart-096-2511675,Mobile,+8550962511675
Smart-096-2511676,Mobile,+8550962511676
Smart-096-2511677,Mobile,+8550962511677
Smart-096-2511678,Mobile,+8550962511678
Smart-096-2511679,Mobile,+8550962511679
Smart-096-2511680,Mobile,+8550962511680
Smart-096-2511681,Mobile,+8550962511681
Smart-096-2511682,Mobile,+8550962511682
Smart-096-2511683,Mobile,+8550962511683
Smart-096-2511684,Mobile,+8550962511684
Smart-096-2511685,Mobile,+8550962511685
Smart-096-2511686,Mobile,+8550962511686
Smart-096-2511687,Mobile,+8550962511687
Smart-096-2511688,Mobile,+8550962511688
Smart-096-2511689,Mobile,+8550962511689
Smart-096-2511690,Mobile,+8550962511690
Smart-096-2511691,Mobile,+8550962511691
Smart-096-2511692,Mobile,+8550962511692
Smart-096-2511693,Mobile,+8550962511693
Smart-096-2511694,Mobile,+8550962511694
Smart-096-2511695,Mobile,+8550962511695
Smart-096-2511696,Mobile,+8550962511696
Smart-096-2511697,Mobile,+8550962511697
Smart-096-2511698,Mobile,+8550962511698
Smart-096-2511699,Mobile,+8550962511699
Smart-096-2511700,Mobile,+8550962511700
Smart-096-2511701,Mobile,+8550962511701
Smart-096-2511702,Mobile,+8550962511702
Smart-096-2511703,Mobile,+8550962511703
Smart-096-2511704,Mobile,+8550962511704
Smart-096-2511705,Mobile,+8550962511705
Smart-096-2511706,Mobile,+8550962511706
Smart-096-2511707,Mobile,+8550962511707
Smart-096-2511708,Mobile,+8550962511708
Smart-096-2511709,Mobile,+8550962511709
Smart-096-2511710,Mobile,+8550962511710
Smart-096-2511711,Mobile,+8550962511711
Smart-096-2511712,Mobile,+8550962511712
Smart-096-2511713,Mobile,+8550962511713
Smart-096-2511714,Mobile,+8550962511714
Smart-096-2511715,Mobile,+8550962511715
Smart-096-2511716,Mobile,+8550962511716
Smart-096-2511717,Mobile,+8550962511717
Smart-096-2511718,Mobile,+8550962511718
Smart-096-2511719,Mobile,+8550962511719
Smart-096-2511720,Mobile,+8550962511720
Smart-096-2511721,Mobile,+8550962511721
Smart-096-2511722,Mobile,+8550962511722
Smart-096-2511723,Mobile,+8550962511723
Smart-096-2511724,Mobile,+8550962511724
Smart-096-2511725,Mobile,+8550962511725
Smart-096-2511726,Mobile,+8550962511726
Smart-096-2511727,Mobile,+8550962511727
Smart-096-2511728,Mobile,+8550962511728
Smart-096-2511729,Mobile,+8550962511729
Smart-096-2511730,Mobile,+8550962511730
Smart-096-2511731,Mobile,+8550962511731
Smart-096-2511732,Mobile,+8550962511732
Smart-096-2511733,Mobile,+8550962511733
Smart-096-2511734,Mobile,+8550962511734
Smart-096-2511735,Mobile,+8550962511735
Smart-096-2511736,Mobile,+8550962511736
Smart-096-2511737,Mobile,+8550962511737
Smart-096-2511738,Mobile,+8550962511738
Smart-096-2511739,Mobile,+8550962511739
Smart-096-2511740,Mobile,+8550962511740
Smart-096-2511741,Mobile,+8550962511741
Smart-096-2511742,Mobile,+8550962511742
Smart-096-2511743,Mobile,+8550962511743
Smart-096-2511744,Mobile,+8550962511744
Smart-096-2511745,Mobile,+8550962511745
Smart-096-2511746,Mobile,+8550962511746
Smart-096-2511747,Mobile,+8550962511747
Smart-096-2511748,Mobile,+8550962511748
Smart-096-2511749,Mobile,+8550962511749
Smart-096-2511750,Mobile,+8550962511750
Smart-096-2511751,Mobile,+8550962511751
Smart-096-2511752,Mobile,+8550962511752
Smart-096-2511753,Mobile,+8550962511753
Smart-096-2511754,Mobile,+8550962511754
Smart-096-2511755,Mobile,+8550962511755
Smart-096-2511756,Mobile,+8550962511756
Smart-096-2511757,Mobile,+8550962511757
Smart-096-2511758,Mobile,+8550962511758
Smart-096-2511759,Mobile,+8550962511759
Smart-096-2511760,Mobile,+8550962511760
Smart-096-2511761,Mobile,+8550962511761
Smart-096-2511762,Mobile,+8550962511762
Smart-096-2511763,Mobile,+8550962511763
Smart-096-2511764,Mobile,+8550962511764
Smart-096-2511765,Mobile,+8550962511765
Smart-096-2511766,Mobile,+8550962511766
Smart-096-2511767,Mobile,+8550962511767
Smart-096-2511768,Mobile,+8550962511768
Smart-096-2511769,Mobile,+8550962511769
Smart-096-2511770,Mobile,+8550962511770
Smart-096-2511771,Mobile,+8550962511771
Smart-096-2511772,Mobile,+8550962511772
Smart-096-2511773,Mobile,+8550962511773
Smart-096-2511774,Mobile,+8550962511774
Smart-096-2511775,Mobile,+8550962511775
Smart-096-2511776,Mobile,+8550962511776
Smart-096-2511777,Mobile,+8550962511777
Smart-096-2511778,Mobile,+8550962511778
Smart-096-2511779,Mobile,+8550962511779
Smart-096-2511780,Mobile,+8550962511780
Smart-096-2511781,Mobile,+8550962511781
Smart-096-2511782,Mobile,+8550962511782
Smart-096-2511783,Mobile,+8550962511783
Smart-096-2511784,Mobile,+8550962511784
Smart-096-2511785,Mobile,+8550962511785
Smart-096-2511786,Mobile,+8550962511786
Smart-096-2511787,Mobile,+8550962511787
Smart-096-2511788,Mobile,+8550962511788
Smart-096-2511789,Mobile,+8550962511789
Smart-096-2511790,Mobile,+8550962511790
Smart-096-2511791,Mobile,+8550962511791
Smart-096-2511792,Mobile,+8550962511792
Smart-096-2511793,Mobile,+8550962511793
Smart-096-2511794,Mobile,+8550962511794
Smart-096-2511795,Mobile,+8550962511795
Smart-096-2511796,Mobile,+8550962511796
Smart-096-2511797,Mobile,+8550962511797
Smart-096-2511798,Mobile,+8550962511798
Smart-096-2511799,Mobile,+8550962511799
Smart-096-2511800,Mobile,+8550962511800
Smart-096-2511801,Mobile,+8550962511801
Smart-096-2511802,Mobile,+8550962511802
Smart-096-2511803,Mobile,+8550962511803
Smart-096-2511804,Mobile,+8550962511804
Smart-096-2511805,Mobile,+8550962511805
Smart-096-2511806,Mobile,+8550962511806
Smart-096-2511807,Mobile,+8550962511807
Smart-096-2511808,Mobile,+8550962511808
Smart-096-2511809,Mobile,+8550962511809
Smart-096-2511810,Mobile,+8550962511810
Smart-096-2511811,Mobile,+8550962511811
Smart-096-2511812,Mobile,+8550962511812
Smart-096-2511813,Mobile,+8550962511813
Smart-096-2511814,Mobile,+8550962511814
Smart-096-2511815,Mobile,+8550962511815
Smart-096-2511816,Mobile,+8550962511816
Smart-096-2511817,Mobile,+8550962511817
Smart-096-2511818,Mobile,+8550962511818
Smart-096-2511819,Mobile,+8550962511819
Smart-096-2511820,Mobile,+8550962511820
Smart-096-2511821,Mobile,+8550962511821
Smart-096-2511822,Mobile,+8550962511822
Smart-096-2511823,Mobile,+8550962511823
Smart-096-2511824,Mobile,+8550962511824
Smart-096-2511825,Mobile,+8550962511825
Smart-096-2511826,Mobile,+8550962511826
Smart-096-2511827,Mobile,+8550962511827
Smart-096-2511828,Mobile,+8550962511828
Smart-096-2511829,Mobile,+8550962511829
Smart-096-2511830,Mobile,+8550962511830
Smart-096-2511831,Mobile,+8550962511831
Smart-096-2511832,Mobile,+8550962511832
Smart-096-2511833,Mobile,+8550962511833
Smart-096-2511834,Mobile,+8550962511834
Smart-096-2511835,Mobile,+8550962511835
Smart-096-2511836,Mobile,+8550962511836
Smart-096-2511837,Mobile,+8550962511837
Smart-096-2511838,Mobile,+8550962511838
Smart-096-2511839,Mobile,+8550962511839
Smart-096-2511840,Mobile,+8550962511840
Smart-096-2511841,Mobile,+8550962511841
Smart-096-2511842,Mobile,+8550962511842
Smart-096-2511843,Mobile,+8550962511843
Smart-096-2511844,Mobile,+8550962511844
Smart-096-2511845,Mobile,+8550962511845
Smart-096-2511846,Mobile,+8550962511846
Smart-096-2511847,Mobile,+8550962511847
Smart-096-2511848,Mobile,+8550962511848
Smart-096-2511849,Mobile,+8550962511849
Smart-096-2511850,Mobile,+8550962511850
Smart-096-2511851,Mobile,+8550962511851
Smart-096-2511852,Mobile,+8550962511852
Smart-096-2511853,Mobile,+8550962511853
Smart-096-2511854,Mobile,+8550962511854
Smart-096-2511855,Mobile,+8550962511855
Smart-096-2511856,Mobile,+8550962511856
Smart-096-2511857,Mobile,+8550962511857
Smart-096-2511858,Mobile,+8550962511858
Smart-096-2511859,Mobile,+8550962511859
Smart-096-2511860,Mobile,+8550962511860
Smart-096-2511861,Mobile,+8550962511861
Smart-096-2511862,Mobile,+8550962511862
Smart-096-2511863,Mobile,+8550962511863
Smart-096-2511864,Mobile,+8550962511864
Smart-096-2511865,Mobile,+8550962511865
Smart-096-2511866,Mobile,+8550962511866
Smart-096-2511867,Mobile,+8550962511867
Smart-096-2511868,Mobile,+8550962511868
Smart-096-2511869,Mobile,+8550962511869
Smart-096-2511870,Mobile,+8550962511870
Smart-096-2511871,Mobile,+8550962511871
Smart-096-2511872,Mobile,+8550962511872
Smart-096-2511873,Mobile,+8550962511873
Smart-096-2511874,Mobile,+8550962511874
Smart-096-2511875,Mobile,+8550962511875
Smart-096-2511876,Mobile,+8550962511876
Smart-096-2511877,Mobile,+8550962511877
Smart-096-2511878,Mobile,+8550962511878
Smart-096-2511879,Mobile,+8550962511879
Smart-096-2511880,Mobile,+8550962511880
Smart-096-2511881,Mobile,+8550962511881
Smart-096-2511882,Mobile,+8550962511882
Smart-096-2511883,Mobile,+8550962511883
Smart-096-2511884,Mobile,+8550962511884
Smart-096-2511885,Mobile,+8550962511885
Smart-096-2511886,Mobile,+8550962511886
Smart-096-2511887,Mobile,+8550962511887
Smart-096-2511888,Mobile,+8550962511888
Smart-096-2511889,Mobile,+8550962511889
Smart-096-2511890,Mobile,+8550962511890
Smart-096-2511891,Mobile,+8550962511891
Smart-096-2511892,Mobile,+8550962511892
Smart-096-2511893,Mobile,+8550962511893
Smart-096-2511894,Mobile,+8550962511894
Smart-096-2511895,Mobile,+8550962511895
Smart-096-2511896,Mobile,+8550962511896
Smart-096-2511897,Mobile,+8550962511897
Smart-096-2511898,Mobile,+8550962511898
Smart-096-2511899,Mobile,+8550962511899
Smart-096-2511900,Mobile,+8550962511900
Smart-096-2511901,Mobile,+8550962511901
Smart-096-2511902,Mobile,+8550962511902
Smart-096-2511903,Mobile,+8550962511903
Smart-096-2511904,Mobile,+8550962511904
Smart-096-2511905,Mobile,+8550962511905
Smart-096-2511906,Mobile,+8550962511906
Smart-096-2511907,Mobile,+8550962511907
Smart-096-2511908,Mobile,+8550962511908
Smart-096-2511909,Mobile,+8550962511909
Smart-096-2511910,Mobile,+8550962511910
Smart-096-2511911,Mobile,+8550962511911
Smart-096-2511912,Mobile,+8550962511912
Smart-096-2511913,Mobile,+8550962511913
Smart-096-2511914,Mobile,+8550962511914
Smart-096-2511915,Mobile,+8550962511915
Smart-096-2511916,Mobile,+8550962511916
Smart-096-2511917,Mobile,+8550962511917
Smart-096-2511918,Mobile,+8550962511918
Smart-096-2511919,Mobile,+8550962511919
Smart-096-2511920,Mobile,+8550962511920
Smart-096-2511921,Mobile,+8550962511921
Smart-096-2511922,Mobile,+8550962511922
Smart-096-2511923,Mobile,+8550962511923
Smart-096-2511924,Mobile,+8550962511924
Smart-096-2511925,Mobile,+8550962511925
Smart-096-2511926,Mobile,+8550962511926
Smart-096-2511927,Mobile,+8550962511927
Smart-096-2511928,Mobile,+8550962511928
Smart-096-2511929,Mobile,+8550962511929
Smart-096-2511930,Mobile,+8550962511930
Smart-096-2511931,Mobile,+8550962511931
Smart-096-2511932,Mobile,+8550962511932
Smart-096-2511933,Mobile,+8550962511933
Smart-096-2511934,Mobile,+8550962511934
Smart-096-2511935,Mobile,+8550962511935
Smart-096-2511936,Mobile,+8550962511936
Smart-096-2511937,Mobile,+8550962511937
Smart-096-2511938,Mobile,+8550962511938
Smart-096-2511939,Mobile,+8550962511939
Smart-096-2511940,Mobile,+8550962511940
Smart-096-2511941,Mobile,+8550962511941
Smart-096-2511942,Mobile,+8550962511942
Smart-096-2511943,Mobile,+8550962511943
Smart-096-2511944,Mobile,+8550962511944
Smart-096-2511945,Mobile,+8550962511945
Smart-096-2511946,Mobile,+8550962511946
Smart-096-2511947,Mobile,+8550962511947
Smart-096-2511948,Mobile,+8550962511948
Smart-096-2511949,Mobile,+8550962511949
Smart-096-2511950,Mobile,+8550962511950
Smart-096-2511951,Mobile,+8550962511951
Smart-096-2511952,Mobile,+8550962511952
Smart-096-2511953,Mobile,+8550962511953
Smart-096-2511954,Mobile,+8550962511954
Smart-096-2511955,Mobile,+8550962511955
Smart-096-2511956,Mobile,+8550962511956
Smart-096-2511957,Mobile,+8550962511957
Smart-096-2511958,Mobile,+8550962511958
Smart-096-2511959,Mobile,+8550962511959
Smart-096-2511960,Mobile,+8550962511960
Smart-096-2511961,Mobile,+8550962511961
Smart-096-2511962,Mobile,+8550962511962
Smart-096-2511963,Mobile,+8550962511963
Smart-096-2511964,Mobile,+8550962511964
Smart-096-2511965,Mobile,+8550962511965
Smart-096-2511966,Mobile,+8550962511966
Smart-096-2511967,Mobile,+8550962511967
Smart-096-2511968,Mobile,+8550962511968
Smart-096-2511969,Mobile,+8550962511969
Smart-096-2511970,Mobile,+8550962511970
Smart-096-2511971,Mobile,+8550962511971
Smart-096-2511972,Mobile,+8550962511972
Smart-096-2511973,Mobile,+8550962511973
Smart-096-2511974,Mobile,+8550962511974
Smart-096-2511975,Mobile,+8550962511975
Smart-096-2511976,Mobile,+8550962511976
Smart-096-2511977,Mobile,+8550962511977
Smart-096-2511978,Mobile,+8550962511978
Smart-096-2511979,Mobile,+8550962511979
Smart-096-2511980,Mobile,+8550962511980
Smart-096-2511981,Mobile,+8550962511981
Smart-096-2511982,Mobile,+8550962511982
Smart-096-2511983,Mobile,+8550962511983
Smart-096-2511984,Mobile,+8550962511984
Smart-096-2511985,Mobile,+8550962511985
Smart-096-2511986,Mobile,+8550962511986
Smart-096-2511987,Mobile,+8550962511987
Smart-096-2511988,Mobile,+8550962511988
Smart-096-2511989,Mobile,+8550962511989
Smart-096-2511990,Mobile,+8550962511990
Smart-096-2511991,Mobile,+8550962511991
Smart-096-2511992,Mobile,+8550962511992
Smart-096-2511993,Mobile,+8550962511993
Smart-096-2511994,Mobile,+8550962511994
Smart-096-2511995,Mobile,+8550962511995
Smart-096-2511996,Mobile,+8550962511996
Smart-096-2511997,Mobile,+8550962511997
Smart-096-2511998,Mobile,+8550962511998
Smart-096-2511999,Mobile,+8550962511999
Smart-096-2512000,Mobile,+8550962512000
Smart-096-2512001,Mobile,+8550962512001
Smart-096-2512002,Mobile,+8550962512002
Smart-096-2512003,Mobile,+8550962512003
Smart-096-2512004,Mobile,+8550962512004
Smart-096-2512005,Mobile,+8550962512005
Smart-096-2512006,Mobile,+8550962512006
Smart-096-2512007,Mobile,+8550962512007
Smart-096-2512008,Mobile,+8550962512008
Smart-096-2512009,Mobile,+8550962512009
Smart-096-2512010,Mobile,+8550962512010
Smart-096-2512011,Mobile,+8550962512011
Smart-096-2512012,Mobile,+8550962512012
Smart-096-2512013,Mobile,+8550962512013
Smart-096-2512014,Mobile,+8550962512014
Smart-096-2512015,Mobile,+8550962512015
Smart-096-2512016,Mobile,+8550962512016
Smart-096-2512017,Mobile,+8550962512017
Smart-096-2512018,Mobile,+8550962512018
Smart-096-2512019,Mobile,+8550962512019
Smart-096-2512020,Mobile,+8550962512020
Smart-096-2512021,Mobile,+8550962512021
Smart-096-2512022,Mobile,+8550962512022
Smart-096-2512023,Mobile,+8550962512023
Smart-096-2512024,Mobile,+8550962512024
Smart-096-2512025,Mobile,+8550962512025
Smart-096-2512026,Mobile,+8550962512026
Smart-096-2512027,Mobile,+8550962512027
Smart-096-2512028,Mobile,+8550962512028
Smart-096-2512029,Mobile,+8550962512029
Smart-096-2512030,Mobile,+8550962512030
Smart-096-2512031,Mobile,+8550962512031
Smart-096-2512032,Mobile,+8550962512032
Smart-096-2512033,Mobile,+8550962512033
Smart-096-2512034,Mobile,+8550962512034
Smart-096-2512035,Mobile,+8550962512035
Smart-096-2512036,Mobile,+8550962512036
Smart-096-2512037,Mobile,+8550962512037
Smart-096-2512038,Mobile,+8550962512038
Smart-096-2512039,Mobile,+8550962512039
Smart-096-2512040,Mobile,+8550962512040
Smart-096-2512041,Mobile,+8550962512041
Smart-096-2512042,Mobile,+8550962512042
Smart-096-2512043,Mobile,+8550962512043
Smart-096-2512044,Mobile,+8550962512044
Smart-096-2512045,Mobile,+8550962512045
Smart-096-2512046,Mobile,+8550962512046
Smart-096-2512047,Mobile,+8550962512047
Smart-096-2512048,Mobile,+8550962512048
Smart-096-2512049,Mobile,+8550962512049
Smart-096-2512050,Mobile,+8550962512050
Smart-096-2512051,Mobile,+8550962512051
Smart-096-2512052,Mobile,+8550962512052
Smart-096-2512053,Mobile,+8550962512053
Smart-096-2512054,Mobile,+8550962512054
Smart-096-2512055,Mobile,+8550962512055
Smart-096-2512056,Mobile,+8550962512056
Smart-096-2512057,Mobile,+8550962512057
Smart-096-2512058,Mobile,+8550962512058
Smart-096-2512059,Mobile,+8550962512059
Smart-096-2512060,Mobile,+8550962512060
Smart-096-2512061,Mobile,+8550962512061
Smart-096-2512062,Mobile,+8550962512062
Smart-096-2512063,Mobile,+8550962512063
Smart-096-2512064,Mobile,+8550962512064
Smart-096-2512065,Mobile,+8550962512065
Smart-096-2512066,Mobile,+8550962512066
Smart-096-2512067,Mobile,+8550962512067
Smart-096-2512068,Mobile,+8550962512068
Smart-096-2512069,Mobile,+8550962512069
Smart-096-2512070,Mobile,+8550962512070
Smart-096-2512071,Mobile,+8550962512071
Smart-096-2512072,Mobile,+8550962512072
Smart-096-2512073,Mobile,+8550962512073
Smart-096-2512074,Mobile,+8550962512074
Smart-096-2512075,Mobile,+8550962512075
Smart-096-2512076,Mobile,+8550962512076
Smart-096-2512077,Mobile,+8550962512077
Smart-096-2512078,Mobile,+8550962512078
Smart-096-2512079,Mobile,+8550962512079
Smart-096-2512080,Mobile,+8550962512080
Smart-096-2512081,Mobile,+8550962512081
Smart-096-2512082,Mobile,+8550962512082
Smart-096-2512083,Mobile,+8550962512083
Smart-096-2512084,Mobile,+8550962512084
Smart-096-2512085,Mobile,+8550962512085
Smart-096-2512086,Mobile,+8550962512086
Smart-096-2512087,Mobile,+8550962512087
Smart-096-2512088,Mobile,+8550962512088
Smart-096-2512089,Mobile,+8550962512089
Smart-096-2512090,Mobile,+8550962512090
Smart-096-2512091,Mobile,+8550962512091
Smart-096-2512092,Mobile,+8550962512092
Smart-096-2512093,Mobile,+8550962512093
Smart-096-2512094,Mobile,+8550962512094
Smart-096-2512095,Mobile,+8550962512095
Smart-096-2512096,Mobile,+8550962512096
Smart-096-2512097,Mobile,+8550962512097
Smart-096-2512098,Mobile,+8550962512098
Smart-096-2512099,Mobile,+8550962512099
Smart-096-2512100,Mobile,+8550962512100
Smart-096-2512101,Mobile,+8550962512101
Smart-096-2512102,Mobile,+8550962512102
Smart-096-2512103,Mobile,+8550962512103
Smart-096-2512104,Mobile,+8550962512104
Smart-096-2512105,Mobile,+8550962512105
Smart-096-2512106,Mobile,+8550962512106
Smart-096-2512107,Mobile,+8550962512107
Smart-096-2512108,Mobile,+8550962512108
Smart-096-2512109,Mobile,+8550962512109
Smart-096-2512110,Mobile,+8550962512110
Smart-096-2512111,Mobile,+8550962512111
Smart-096-2512112,Mobile,+8550962512112
Smart-096-2512113,Mobile,+8550962512113
Smart-096-2512114,Mobile,+8550962512114
Smart-096-2512115,Mobile,+8550962512115
Smart-096-2512116,Mobile,+8550962512116
Smart-096-2512117,Mobile,+8550962512117
Smart-096-2512118,Mobile,+8550962512118
Smart-096-2512119,Mobile,+8550962512119
Smart-096-2512120,Mobile,+8550962512120
Smart-096-2512121,Mobile,+8550962512121
Smart-096-2512122,Mobile,+8550962512122
Smart-096-2512123,Mobile,+8550962512123
Smart-096-2512124,Mobile,+8550962512124
Smart-096-2512125,Mobile,+8550962512125
Smart-096-2512126,Mobile,+8550962512126
Smart-096-2512127,Mobile,+8550962512127
Smart-096-2512128,Mobile,+8550962512128
Smart-096-2512129,Mobile,+8550962512129
Smart-096-2512130,Mobile,+8550962512130
Smart-096-2512131,Mobile,+8550962512131
Smart-096-2512132,Mobile,+8550962512132
Smart-096-2512133,Mobile,+8550962512133
Smart-096-2512134,Mobile,+8550962512134
Smart-096-2512135,Mobile,+8550962512135
Smart-096-2512136,Mobile,+8550962512136
Smart-096-2512137,Mobile,+8550962512137
Smart-096-2512138,Mobile,+8550962512138
Smart-096-2512139,Mobile,+8550962512139
Smart-096-2512140,Mobile,+8550962512140
Smart-096-2512141,Mobile,+8550962512141
Smart-096-2512142,Mobile,+8550962512142
Smart-096-2512143,Mobile,+8550962512143
Smart-096-2512144,Mobile,+8550962512144
Smart-096-2512145,Mobile,+8550962512145
Smart-096-2512146,Mobile,+8550962512146
Smart-096-2512147,Mobile,+8550962512147
Smart-096-2512148,Mobile,+8550962512148
Smart-096-2512149,Mobile,+8550962512149
Smart-096-2512150,Mobile,+8550962512150
Smart-096-2512151,Mobile,+8550962512151
Smart-096-2512152,Mobile,+8550962512152
Smart-096-2512153,Mobile,+8550962512153
Smart-096-2512154,Mobile,+8550962512154
Smart-096-2512155,Mobile,+8550962512155
Smart-096-2512156,Mobile,+8550962512156
Smart-096-2512157,Mobile,+8550962512157
Smart-096-2512158,Mobile,+8550962512158
Smart-096-2512159,Mobile,+8550962512159
Smart-096-2512160,Mobile,+8550962512160
Smart-096-2512161,Mobile,+8550962512161
Smart-096-2512162,Mobile,+8550962512162
Smart-096-2512163,Mobile,+8550962512163
Smart-096-2512164,Mobile,+8550962512164
Smart-096-2512165,Mobile,+8550962512165
Smart-096-2512166,Mobile,+8550962512166
Smart-096-2512167,Mobile,+8550962512167
Smart-096-2512168,Mobile,+8550962512168
Smart-096-2512169,Mobile,+8550962512169
Smart-096-2512170,Mobile,+8550962512170
Smart-096-2512171,Mobile,+8550962512171
Smart-096-2512172,Mobile,+8550962512172
Smart-096-2512173,Mobile,+8550962512173
Smart-096-2512174,Mobile,+8550962512174
Smart-096-2512175,Mobile,+8550962512175
Smart-096-2512176,Mobile,+8550962512176
Smart-096-2512177,Mobile,+8550962512177
Smart-096-2512178,Mobile,+8550962512178
Smart-096-2512179,Mobile,+8550962512179
Smart-096-2512180,Mobile,+8550962512180
Smart-096-2512181,Mobile,+8550962512181
Smart-096-2512182,Mobile,+8550962512182
Smart-096-2512183,Mobile,+8550962512183
Smart-096-2512184,Mobile,+8550962512184
Smart-096-2512185,Mobile,+8550962512185
Smart-096-2512186,Mobile,+8550962512186
Smart-096-2512187,Mobile,+8550962512187
Smart-096-2512188,Mobile,+8550962512188
Smart-096-2512189,Mobile,+8550962512189
Smart-096-2512190,Mobile,+8550962512190
Smart-096-2512191,Mobile,+8550962512191
Smart-096-2512192,Mobile,+8550962512192
Smart-096-2512193,Mobile,+8550962512193
Smart-096-2512194,Mobile,+8550962512194
Smart-096-2512195,Mobile,+8550962512195
Smart-096-2512196,Mobile,+8550962512196
Smart-096-2512197,Mobile,+8550962512197
Smart-096-2512198,Mobile,+8550962512198
Smart-096-2512199,Mobile,+8550962512199
Smart-096-2512200,Mobile,+8550962512200
Smart-096-2512201,Mobile,+8550962512201
Smart-096-2512202,Mobile,+8550962512202
Smart-096-2512203,Mobile,+8550962512203
Smart-096-2512204,Mobile,+8550962512204
Smart-096-2512205,Mobile,+8550962512205
Smart-096-2512206,Mobile,+8550962512206
Smart-096-2512207,Mobile,+8550962512207
Smart-096-2512208,Mobile,+8550962512208
Smart-096-2512209,Mobile,+8550962512209
Smart-096-2512210,Mobile,+8550962512210
Smart-096-2512211,Mobile,+8550962512211
Smart-096-2512212,Mobile,+8550962512212
Smart-096-2512213,Mobile,+8550962512213
Smart-096-2512214,Mobile,+8550962512214
Smart-096-2512215,Mobile,+8550962512215
Smart-096-2512216,Mobile,+8550962512216
Smart-096-2512217,Mobile,+8550962512217
Smart-096-2512218,Mobile,+8550962512218
Smart-096-2512219,Mobile,+8550962512219
Smart-096-2512220,Mobile,+8550962512220
Smart-096-2512221,Mobile,+8550962512221
Smart-096-2512222,Mobile,+8550962512222
Smart-096-2512223,Mobile,+8550962512223
Smart-096-2512224,Mobile,+8550962512224
Smart-096-2512225,Mobile,+8550962512225
Smart-096-2512226,Mobile,+8550962512226
Smart-096-2512227,Mobile,+8550962512227
Smart-096-2512228,Mobile,+8550962512228
Smart-096-2512229,Mobile,+8550962512229
Smart-096-2512230,Mobile,+8550962512230
Smart-096-2512231,Mobile,+8550962512231
Smart-096-2512232,Mobile,+8550962512232
Smart-096-2512233,Mobile,+8550962512233
Smart-096-2512234,Mobile,+8550962512234
Smart-096-2512235,Mobile,+8550962512235
Smart-096-2512236,Mobile,+8550962512236
Smart-096-2512237,Mobile,+8550962512237
Smart-096-2512238,Mobile,+8550962512238
Smart-096-2512239,Mobile,+8550962512239
Smart-096-2512240,Mobile,+8550962512240
Smart-096-2512241,Mobile,+8550962512241
Smart-096-2512242,Mobile,+8550962512242
Smart-096-2512243,Mobile,+8550962512243
Smart-096-2512244,Mobile,+8550962512244
Smart-096-2512245,Mobile,+8550962512245
Smart-096-2512246,Mobile,+8550962512246
Smart-096-2512247,Mobile,+8550962512247
Smart-096-2512248,Mobile,+8550962512248
Smart-096-2512249,Mobile,+8550962512249
Smart-096-2512250,Mobile,+8550962512250
Smart-096-2512251,Mobile,+8550962512251
Smart-096-2512252,Mobile,+8550962512252
Smart-096-2512253,Mobile,+8550962512253
Smart-096-2512254,Mobile,+8550962512254
Smart-096-2512255,Mobile,+8550962512255
Smart-096-2512256,Mobile,+8550962512256
Smart-096-2512257,Mobile,+8550962512257
Smart-096-2512258,Mobile,+8550962512258
Smart-096-2512259,Mobile,+8550962512259
Smart-096-2512260,Mobile,+8550962512260
Smart-096-2512261,Mobile,+8550962512261
Smart-096-2512262,Mobile,+8550962512262
Smart-096-2512263,Mobile,+8550962512263
Smart-096-2512264,Mobile,+8550962512264
Smart-096-2512265,Mobile,+8550962512265
Smart-096-2512266,Mobile,+8550962512266
Smart-096-2512267,Mobile,+8550962512267
Smart-096-2512268,Mobile,+8550962512268
Smart-096-2512269,Mobile,+8550962512269
Smart-096-2512270,Mobile,+8550962512270
Smart-096-2512271,Mobile,+8550962512271
Smart-096-2512272,Mobile,+8550962512272
Smart-096-2512273,Mobile,+8550962512273
Smart-096-2512274,Mobile,+8550962512274
Smart-096-2512275,Mobile,+8550962512275
Smart-096-2512276,Mobile,+8550962512276
Smart-096-2512277,Mobile,+8550962512277
Smart-096-2512278,Mobile,+8550962512278
Smart-096-2512279,Mobile,+8550962512279
Smart-096-2512280,Mobile,+8550962512280
Smart-096-2512281,Mobile,+8550962512281
Smart-096-2512282,Mobile,+8550962512282
Smart-096-2512283,Mobile,+8550962512283
Smart-096-2512284,Mobile,+8550962512284
Smart-096-2512285,Mobile,+8550962512285
Smart-096-2512286,Mobile,+8550962512286
Smart-096-2512287,Mobile,+8550962512287
Smart-096-2512288,Mobile,+8550962512288
Smart-096-2512289,Mobile,+8550962512289
Smart-096-2512290,Mobile,+8550962512290
Smart-096-2512291,Mobile,+8550962512291
Smart-096-2512292,Mobile,+8550962512292
Smart-096-2512293,Mobile,+8550962512293
Smart-096-2512294,Mobile,+8550962512294
Smart-096-2512295,Mobile,+8550962512295
Smart-096-2512296,Mobile,+8550962512296
Smart-096-2512297,Mobile,+8550962512297
Smart-096-2512298,Mobile,+8550962512298
Smart-096-2512299,Mobile,+8550962512299
Smart-096-2512300,Mobile,+8550962512300
Smart-096-2512301,Mobile,+8550962512301
Smart-096-2512302,Mobile,+8550962512302
Smart-096-2512303,Mobile,+8550962512303
Smart-096-2512304,Mobile,+8550962512304
Smart-096-2512305,Mobile,+8550962512305
Smart-096-2512306,Mobile,+8550962512306
Smart-096-2512307,Mobile,+8550962512307
Smart-096-2512308,Mobile,+8550962512308
Smart-096-2512309,Mobile,+8550962512309
Smart-096-2512310,Mobile,+8550962512310
Smart-096-2512311,Mobile,+8550962512311
Smart-096-2512312,Mobile,+8550962512312
Smart-096-2512313,Mobile,+8550962512313
Smart-096-2512314,Mobile,+8550962512314
Smart-096-2512315,Mobile,+8550962512315
Smart-096-2512316,Mobile,+8550962512316
Smart-096-2512317,Mobile,+8550962512317
Smart-096-2512318,Mobile,+8550962512318
Smart-096-2512319,Mobile,+8550962512319
Smart-096-2512320,Mobile,+8550962512320
Smart-096-2512321,Mobile,+8550962512321
Smart-096-2512322,Mobile,+8550962512322
Smart-096-2512323,Mobile,+8550962512323
Smart-096-2512324,Mobile,+8550962512324
Smart-096-2512325,Mobile,+8550962512325
Smart-096-2512326,Mobile,+8550962512326
Smart-096-2512327,Mobile,+8550962512327
Smart-096-2512328,Mobile,+8550962512328
Smart-096-2512329,Mobile,+8550962512329
Smart-096-2512330,Mobile,+8550962512330
Smart-096-2512331,Mobile,+8550962512331
Smart-096-2512332,Mobile,+8550962512332
Smart-096-2512333,Mobile,+8550962512333
Smart-096-2512334,Mobile,+8550962512334
Smart-096-2512335,Mobile,+8550962512335
Smart-096-2512336,Mobile,+8550962512336
Smart-096-2512337,Mobile,+8550962512337
Smart-096-2512338,Mobile,+8550962512338
Smart-096-2512339,Mobile,+8550962512339
Smart-096-2512340,Mobile,+8550962512340
Smart-096-2512341,Mobile,+8550962512341
Smart-096-2512342,Mobile,+8550962512342
Smart-096-2512343,Mobile,+8550962512343
Smart-096-2512344,Mobile,+8550962512344
Smart-096-2512345,Mobile,+8550962512345
Smart-096-2512346,Mobile,+8550962512346
Smart-096-2512347,Mobile,+8550962512347
Smart-096-2512348,Mobile,+8550962512348
Smart-096-2512349,Mobile,+8550962512349
Smart-096-2512350,Mobile,+8550962512350
Smart-096-2512351,Mobile,+8550962512351
Smart-096-2512352,Mobile,+8550962512352
Smart-096-2512353,Mobile,+8550962512353
Smart-096-2512354,Mobile,+8550962512354
Smart-096-2512355,Mobile,+8550962512355
Smart-096-2512356,Mobile,+8550962512356
Smart-096-2512357,Mobile,+8550962512357
Smart-096-2512358,Mobile,+8550962512358
Smart-096-2512359,Mobile,+8550962512359
Smart-096-2512360,Mobile,+8550962512360
Smart-096-2512361,Mobile,+8550962512361
Smart-096-2512362,Mobile,+8550962512362
Smart-096-2512363,Mobile,+8550962512363
Smart-096-2512364,Mobile,+8550962512364
Smart-096-2512365,Mobile,+8550962512365
Smart-096-2512366,Mobile,+8550962512366
Smart-096-2512367,Mobile,+8550962512367
Smart-096-2512368,Mobile,+8550962512368
Smart-096-2512369,Mobile,+8550962512369
Smart-096-2512370,Mobile,+8550962512370
Smart-096-2512371,Mobile,+8550962512371
Smart-096-2512372,Mobile,+8550962512372
Smart-096-2512373,Mobile,+8550962512373
Smart-096-2512374,Mobile,+8550962512374
Smart-096-2512375,Mobile,+8550962512375
Smart-096-2512376,Mobile,+8550962512376
Smart-096-2512377,Mobile,+8550962512377
Smart-096-2512378,Mobile,+8550962512378
Smart-096-2512379,Mobile,+8550962512379
Smart-096-2512380,Mobile,+8550962512380
Smart-096-2512381,Mobile,+8550962512381
Smart-096-2512382,Mobile,+8550962512382
Smart-096-2512383,Mobile,+8550962512383
Smart-096-2512384,Mobile,+8550962512384
Smart-096-2512385,Mobile,+8550962512385
Smart-096-2512386,Mobile,+8550962512386
Smart-096-2512387,Mobile,+8550962512387
Smart-096-2512388,Mobile,+8550962512388
Smart-096-2512389,Mobile,+8550962512389
Smart-096-2512390,Mobile,+8550962512390
Smart-096-2512391,Mobile,+8550962512391
Smart-096-2512392,Mobile,+8550962512392
Smart-096-2512393,Mobile,+8550962512393
Smart-096-2512394,Mobile,+8550962512394
Smart-096-2512395,Mobile,+8550962512395
Smart-096-2512396,Mobile,+8550962512396
Smart-096-2512397,Mobile,+8550962512397
Smart-096-2512398,Mobile,+8550962512398
Smart-096-2512399,Mobile,+8550962512399
Smart-096-2512400,Mobile,+8550962512400
Smart-096-2512401,Mobile,+8550962512401
Smart-096-2512402,Mobile,+8550962512402
Smart-096-2512403,Mobile,+8550962512403
Smart-096-2512404,Mobile,+8550962512404
Smart-096-2512405,Mobile,+8550962512405
Smart-096-2512406,Mobile,+8550962512406
Smart-096-2512407,Mobile,+8550962512407
Smart-096-2512408,Mobile,+8550962512408
Smart-096-2512409,Mobile,+8550962512409
Smart-096-2512410,Mobile,+8550962512410
Smart-096-2512411,Mobile,+8550962512411
Smart-096-2512412,Mobile,+8550962512412
Smart-096-2512413,Mobile,+8550962512413
Smart-096-2512414,Mobile,+8550962512414
Smart-096-2512415,Mobile,+8550962512415
Smart-096-2512416,Mobile,+8550962512416
Smart-096-2512417,Mobile,+8550962512417
Smart-096-2512418,Mobile,+8550962512418
Smart-096-2512419,Mobile,+8550962512419
Smart-096-2512420,Mobile,+8550962512420
Smart-096-2512421,Mobile,+8550962512421
Smart-096-2512422,Mobile,+8550962512422
Smart-096-2512423,Mobile,+8550962512423
Smart-096-2512424,Mobile,+8550962512424
Smart-096-2512425,Mobile,+8550962512425
Smart-096-2512426,Mobile,+8550962512426
Smart-096-2512427,Mobile,+8550962512427
Smart-096-2512428,Mobile,+8550962512428
Smart-096-2512429,Mobile,+8550962512429
Smart-096-2512430,Mobile,+8550962512430
Smart-096-2512431,Mobile,+8550962512431
Smart-096-2512432,Mobile,+8550962512432
Smart-096-2512433,Mobile,+8550962512433
Smart-096-2512434,Mobile,+8550962512434
Smart-096-2512435,Mobile,+8550962512435
Smart-096-2512436,Mobile,+8550962512436
Smart-096-2512437,Mobile,+8550962512437
Smart-096-2512438,Mobile,+8550962512438
Smart-096-2512439,Mobile,+8550962512439
Smart-096-2512440,Mobile,+8550962512440
Smart-096-2512441,Mobile,+8550962512441
Smart-096-2512442,Mobile,+8550962512442
Smart-096-2512443,Mobile,+8550962512443
Smart-096-2512444,Mobile,+8550962512444
Smart-096-2512445,Mobile,+8550962512445
Smart-096-2512446,Mobile,+8550962512446
Smart-096-2512447,Mobile,+8550962512447
Smart-096-2512448,Mobile,+8550962512448
Smart-096-2512449,Mobile,+8550962512449
Smart-096-2512450,Mobile,+8550962512450
Smart-096-2512451,Mobile,+8550962512451
Smart-096-2512452,Mobile,+8550962512452
Smart-096-2512453,Mobile,+8550962512453
Smart-096-2512454,Mobile,+8550962512454
Smart-096-2512455,Mobile,+8550962512455
Smart-096-2512456,Mobile,+8550962512456
Smart-096-2512457,Mobile,+8550962512457
Smart-096-2512458,Mobile,+8550962512458
Smart-096-2512459,Mobile,+8550962512459
Smart-096-2512460,Mobile,+8550962512460
Smart-096-2512461,Mobile,+8550962512461
Smart-096-2512462,Mobile,+8550962512462
Smart-096-2512463,Mobile,+8550962512463
Smart-096-2512464,Mobile,+8550962512464
Smart-096-2512465,Mobile,+8550962512465
Smart-096-2512466,Mobile,+8550962512466
Smart-096-2512467,Mobile,+8550962512467
Smart-096-2512468,Mobile,+8550962512468
Smart-096-2512469,Mobile,+8550962512469
Smart-096-2512470,Mobile,+8550962512470
Smart-096-2512471,Mobile,+8550962512471
Smart-096-2512472,Mobile,+8550962512472
Smart-096-2512473,Mobile,+8550962512473
Smart-096-2512474,Mobile,+8550962512474
Smart-096-2512475,Mobile,+8550962512475
Smart-096-2512476,Mobile,+8550962512476
Smart-096-2512477,Mobile,+8550962512477
Smart-096-2512478,Mobile,+8550962512478
Smart-096-2512479,Mobile,+8550962512479
Smart-096-2512480,Mobile,+8550962512480
Smart-096-2512481,Mobile,+8550962512481
Smart-096-2512482,Mobile,+8550962512482
Smart-096-2512483,Mobile,+8550962512483
Smart-096-2512484,Mobile,+8550962512484
Smart-096-2512485,Mobile,+8550962512485
Smart-096-2512486,Mobile,+8550962512486
Smart-096-2512487,Mobile,+8550962512487
Smart-096-2512488,Mobile,+8550962512488
Smart-096-2512489,Mobile,+8550962512489
Smart-096-2512490,Mobile,+8550962512490
Smart-096-2512491,Mobile,+8550962512491
Smart-096-2512492,Mobile,+8550962512492
Smart-096-2512493,Mobile,+8550962512493
Smart-096-2512494,Mobile,+8550962512494
Smart-096-2512495,Mobile,+8550962512495
Smart-096-2512496,Mobile,+8550962512496
Smart-096-2512497,Mobile,+8550962512497
Smart-096-2512498,Mobile,+8550962512498
Smart-096-2512499,Mobile,+8550962512499
Smart-096-2512500,Mobile,+8550962512500
Smart-096-2512501,Mobile,+8550962512501
Smart-096-2512502,Mobile,+8550962512502
Smart-096-2512503,Mobile,+8550962512503
Smart-096-2512504,Mobile,+8550962512504
Smart-096-2512505,Mobile,+8550962512505
Smart-096-2512506,Mobile,+8550962512506
Smart-096-2512507,Mobile,+8550962512507
Smart-096-2512508,Mobile,+8550962512508
Smart-096-2512509,Mobile,+8550962512509
Smart-096-2512510,Mobile,+8550962512510
Smart-096-2512511,Mobile,+8550962512511
Smart-096-2512512,Mobile,+8550962512512
Smart-096-2512513,Mobile,+8550962512513
Smart-096-2512514,Mobile,+8550962512514
Smart-096-2512515,Mobile,+8550962512515
Smart-096-2512516,Mobile,+8550962512516
Smart-096-2512517,Mobile,+8550962512517
Smart-096-2512518,Mobile,+8550962512518
Smart-096-2512519,Mobile,+8550962512519
Smart-096-2512520,Mobile,+8550962512520
Smart-096-2512521,Mobile,+8550962512521
Smart-096-2512522,Mobile,+8550962512522
Smart-096-2512523,Mobile,+8550962512523
Smart-096-2512524,Mobile,+8550962512524
Smart-096-2512525,Mobile,+8550962512525
Smart-096-2512526,Mobile,+8550962512526
Smart-096-2512527,Mobile,+8550962512527
Smart-096-2512528,Mobile,+8550962512528
Smart-096-2512529,Mobile,+8550962512529
Smart-096-2512530,Mobile,+8550962512530
Smart-096-2512531,Mobile,+8550962512531
Smart-096-2512532,Mobile,+8550962512532
Smart-096-2512533,Mobile,+8550962512533
Smart-096-2512534,Mobile,+8550962512534
Smart-096-2512535,Mobile,+8550962512535
Smart-096-2512536,Mobile,+8550962512536
Smart-096-2512537,Mobile,+8550962512537
Smart-096-2512538,Mobile,+8550962512538
Smart-096-2512539,Mobile,+8550962512539
Smart-096-2512540,Mobile,+8550962512540
Smart-096-2512541,Mobile,+8550962512541
Smart-096-2512542,Mobile,+8550962512542
Smart-096-2512543,Mobile,+8550962512543
Smart-096-2512544,Mobile,+8550962512544
Smart-096-2512545,Mobile,+8550962512545
Smart-096-2512546,Mobile,+8550962512546
Smart-096-2512547,Mobile,+8550962512547
Smart-096-2512548,Mobile,+8550962512548
Smart-096-2512549,Mobile,+8550962512549
Smart-096-2512550,Mobile,+8550962512550
Smart-096-2512551,Mobile,+8550962512551
Smart-096-2512552,Mobile,+8550962512552
Smart-096-2512553,Mobile,+8550962512553
Smart-096-2512554,Mobile,+8550962512554
Smart-096-2512555,Mobile,+8550962512555
Smart-096-2512556,Mobile,+8550962512556
Smart-096-2512557,Mobile,+8550962512557
Smart-096-2512558,Mobile,+8550962512558
Smart-096-2512559,Mobile,+8550962512559
Smart-096-2512560,Mobile,+8550962512560
Smart-096-2512561,Mobile,+8550962512561
Smart-096-2512562,Mobile,+8550962512562
Smart-096-2512563,Mobile,+8550962512563
Smart-096-2512564,Mobile,+8550962512564
Smart-096-2512565,Mobile,+8550962512565
Smart-096-2512566,Mobile,+8550962512566
Smart-096-2512567,Mobile,+8550962512567
Smart-096-2512568,Mobile,+8550962512568
Smart-096-2512569,Mobile,+8550962512569
Smart-096-2512570,Mobile,+8550962512570
Smart-096-2512571,Mobile,+8550962512571
Smart-096-2512572,Mobile,+8550962512572
Smart-096-2512573,Mobile,+8550962512573
Smart-096-2512574,Mobile,+8550962512574
Smart-096-2512575,Mobile,+8550962512575
Smart-096-2512576,Mobile,+8550962512576
Smart-096-2512577,Mobile,+8550962512577
Smart-096-2512578,Mobile,+8550962512578
Smart-096-2512579,Mobile,+8550962512579
Smart-096-2512580,Mobile,+8550962512580
Smart-096-2512581,Mobile,+8550962512581
Smart-096-2512582,Mobile,+8550962512582
Smart-096-2512583,Mobile,+8550962512583
Smart-096-2512584,Mobile,+8550962512584
Smart-096-2512585,Mobile,+8550962512585
Smart-096-2512586,Mobile,+8550962512586
Smart-096-2512587,Mobile,+8550962512587
Smart-096-2512588,Mobile,+8550962512588
Smart-096-2512589,Mobile,+8550962512589
Smart-096-2512590,Mobile,+8550962512590
Smart-096-2512591,Mobile,+8550962512591
Smart-096-2512592,Mobile,+8550962512592
Smart-096-2512593,Mobile,+8550962512593
Smart-096-2512594,Mobile,+8550962512594
Smart-096-2512595,Mobile,+8550962512595
Smart-096-2512596,Mobile,+8550962512596
Smart-096-2512597,Mobile,+8550962512597
Smart-096-2512598,Mobile,+8550962512598
Smart-096-2512599,Mobile,+8550962512599
Smart-096-2512600,Mobile,+8550962512600
Smart-096-2512601,Mobile,+8550962512601
Smart-096-2512602,Mobile,+8550962512602
Smart-096-2512603,Mobile,+8550962512603
Smart-096-2512604,Mobile,+8550962512604
Smart-096-2512605,Mobile,+8550962512605
Smart-096-2512606,Mobile,+8550962512606
Smart-096-2512607,Mobile,+8550962512607
Smart-096-2512608,Mobile,+8550962512608
Smart-096-2512609,Mobile,+8550962512609
Smart-096-2512610,Mobile,+8550962512610
Smart-096-2512611,Mobile,+8550962512611
Smart-096-2512612,Mobile,+8550962512612
Smart-096-2512613,Mobile,+8550962512613
Smart-096-2512614,Mobile,+8550962512614
Smart-096-2512615,Mobile,+8550962512615
Smart-096-2512616,Mobile,+8550962512616
Smart-096-2512617,Mobile,+8550962512617
Smart-096-2512618,Mobile,+8550962512618
Smart-096-2512619,Mobile,+8550962512619
Smart-096-2512620,Mobile,+8550962512620
Smart-096-2512621,Mobile,+8550962512621
Smart-096-2512622,Mobile,+8550962512622
Smart-096-2512623,Mobile,+8550962512623
Smart-096-2512624,Mobile,+8550962512624
Smart-096-2512625,Mobile,+8550962512625
Smart-096-2512626,Mobile,+8550962512626
Smart-096-2512627,Mobile,+8550962512627
Smart-096-2512628,Mobile,+8550962512628
Smart-096-2512629,Mobile,+8550962512629
Smart-096-2512630,Mobile,+8550962512630
Smart-096-2512631,Mobile,+8550962512631
Smart-096-2512632,Mobile,+8550962512632
Smart-096-2512633,Mobile,+8550962512633
Smart-096-2512634,Mobile,+8550962512634
Smart-096-2512635,Mobile,+8550962512635
Smart-096-2512636,Mobile,+8550962512636
Smart-096-2512637,Mobile,+8550962512637
Smart-096-2512638,Mobile,+8550962512638
Smart-096-2512639,Mobile,+8550962512639
Smart-096-2512640,Mobile,+8550962512640
Smart-096-2512641,Mobile,+8550962512641
Smart-096-2512642,Mobile,+8550962512642
Smart-096-2512643,Mobile,+8550962512643
Smart-096-2512644,Mobile,+8550962512644
Smart-096-2512645,Mobile,+8550962512645
Smart-096-2512646,Mobile,+8550962512646
Smart-096-2512647,Mobile,+8550962512647
Smart-096-2512648,Mobile,+8550962512648
Smart-096-2512649,Mobile,+8550962512649
Smart-096-2512650,Mobile,+8550962512650
Smart-096-2512651,Mobile,+8550962512651
Smart-096-2512652,Mobile,+8550962512652
Smart-096-2512653,Mobile,+8550962512653
Smart-096-2512654,Mobile,+8550962512654
Smart-096-2512655,Mobile,+8550962512655
Smart-096-2512656,Mobile,+8550962512656
Smart-096-2512657,Mobile,+8550962512657
Smart-096-2512658,Mobile,+8550962512658
Smart-096-2512659,Mobile,+8550962512659
Smart-096-2512660,Mobile,+8550962512660
Smart-096-2512661,Mobile,+8550962512661
Smart-096-2512662,Mobile,+8550962512662
Smart-096-2512663,Mobile,+8550962512663
Smart-096-2512664,Mobile,+8550962512664
Smart-096-2512665,Mobile,+8550962512665
Smart-096-2512666,Mobile,+8550962512666
Smart-096-2512667,Mobile,+8550962512667
Smart-096-2512668,Mobile,+8550962512668
Smart-096-2512669,Mobile,+8550962512669
Smart-096-2512670,Mobile,+8550962512670
Smart-096-2512671,Mobile,+8550962512671
Smart-096-2512672,Mobile,+8550962512672
Smart-096-2512673,Mobile,+8550962512673
Smart-096-2512674,Mobile,+8550962512674
Smart-096-2512675,Mobile,+8550962512675
Smart-096-2512676,Mobile,+8550962512676
Smart-096-2512677,Mobile,+8550962512677
Smart-096-2512678,Mobile,+8550962512678
Smart-096-2512679,Mobile,+8550962512679
Smart-096-2512680,Mobile,+8550962512680
Smart-096-2512681,Mobile,+8550962512681
Smart-096-2512682,Mobile,+8550962512682
Smart-096-2512683,Mobile,+8550962512683
Smart-096-2512684,Mobile,+8550962512684
Smart-096-2512685,Mobile,+8550962512685
Smart-096-2512686,Mobile,+8550962512686
Smart-096-2512687,Mobile,+8550962512687
Smart-096-2512688,Mobile,+8550962512688
Smart-096-2512689,Mobile,+8550962512689
Smart-096-2512690,Mobile,+8550962512690
Smart-096-2512691,Mobile,+8550962512691
Smart-096-2512692,Mobile,+8550962512692
Smart-096-2512693,Mobile,+8550962512693
Smart-096-2512694,Mobile,+8550962512694
Smart-096-2512695,Mobile,+8550962512695
Smart-096-2512696,Mobile,+8550962512696
Smart-096-2512697,Mobile,+8550962512697
Smart-096-2512698,Mobile,+8550962512698
Smart-096-2512699,Mobile,+8550962512699
Smart-096-2512700,Mobile,+8550962512700
Smart-096-2512701,Mobile,+8550962512701
Smart-096-2512702,Mobile,+8550962512702
Smart-096-2512703,Mobile,+8550962512703
Smart-096-2512704,Mobile,+8550962512704
Smart-096-2512705,Mobile,+8550962512705
Smart-096-2512706,Mobile,+8550962512706
Smart-096-2512707,Mobile,+8550962512707
Smart-096-2512708,Mobile,+8550962512708
Smart-096-2512709,Mobile,+8550962512709
Smart-096-2512710,Mobile,+8550962512710
Smart-096-2512711,Mobile,+8550962512711
Smart-096-2512712,Mobile,+8550962512712
Smart-096-2512713,Mobile,+8550962512713
Smart-096-2512714,Mobile,+8550962512714
Smart-096-2512715,Mobile,+8550962512715
Smart-096-2512716,Mobile,+8550962512716
Smart-096-2512717,Mobile,+8550962512717
Smart-096-2512718,Mobile,+8550962512718
Smart-096-2512719,Mobile,+8550962512719
Smart-096-2512720,Mobile,+8550962512720
Smart-096-2512721,Mobile,+8550962512721
Smart-096-2512722,Mobile,+8550962512722
Smart-096-2512723,Mobile,+8550962512723
Smart-096-2512724,Mobile,+8550962512724
Smart-096-2512725,Mobile,+8550962512725
Smart-096-2512726,Mobile,+8550962512726
Smart-096-2512727,Mobile,+8550962512727
Smart-096-2512728,Mobile,+8550962512728
Smart-096-2512729,Mobile,+8550962512729
Smart-096-2512730,Mobile,+8550962512730
Smart-096-2512731,Mobile,+8550962512731
Smart-096-2512732,Mobile,+8550962512732
Smart-096-2512733,Mobile,+8550962512733
Smart-096-2512734,Mobile,+8550962512734
Smart-096-2512735,Mobile,+8550962512735
Smart-096-2512736,Mobile,+8550962512736
Smart-096-2512737,Mobile,+8550962512737
Smart-096-2512738,Mobile,+8550962512738
Smart-096-2512739,Mobile,+8550962512739
Smart-096-2512740,Mobile,+8550962512740
Smart-096-2512741,Mobile,+8550962512741
Smart-096-2512742,Mobile,+8550962512742
Smart-096-2512743,Mobile,+8550962512743
Smart-096-2512744,Mobile,+8550962512744
Smart-096-2512745,Mobile,+8550962512745
Smart-096-2512746,Mobile,+8550962512746
Smart-096-2512747,Mobile,+8550962512747
Smart-096-2512748,Mobile,+8550962512748
Smart-096-2512749,Mobile,+8550962512749
Smart-096-2512750,Mobile,+8550962512750
Smart-096-2512751,Mobile,+8550962512751
Smart-096-2512752,Mobile,+8550962512752
Smart-096-2512753,Mobile,+8550962512753
Smart-096-2512754,Mobile,+8550962512754
Smart-096-2512755,Mobile,+8550962512755
Smart-096-2512756,Mobile,+8550962512756
Smart-096-2512757,Mobile,+8550962512757
Smart-096-2512758,Mobile,+8550962512758
Smart-096-2512759,Mobile,+8550962512759
Smart-096-2512760,Mobile,+8550962512760
Smart-096-2512761,Mobile,+8550962512761
Smart-096-2512762,Mobile,+8550962512762
Smart-096-2512763,Mobile,+8550962512763
Smart-096-2512764,Mobile,+8550962512764
Smart-096-2512765,Mobile,+8550962512765
Smart-096-2512766,Mobile,+8550962512766
Smart-096-2512767,Mobile,+8550962512767
Smart-096-2512768,Mobile,+8550962512768
Smart-096-2512769,Mobile,+8550962512769
Smart-096-2512770,Mobile,+8550962512770
Smart-096-2512771,Mobile,+8550962512771
Smart-096-2512772,Mobile,+8550962512772
Smart-096-2512773,Mobile,+8550962512773
Smart-096-2512774,Mobile,+8550962512774
Smart-096-2512775,Mobile,+8550962512775
Smart-096-2512776,Mobile,+8550962512776
Smart-096-2512777,Mobile,+8550962512777
Smart-096-2512778,Mobile,+8550962512778
Smart-096-2512779,Mobile,+8550962512779
Smart-096-2512780,Mobile,+8550962512780
Smart-096-2512781,Mobile,+8550962512781
Smart-096-2512782,Mobile,+8550962512782
Smart-096-2512783,Mobile,+8550962512783
Smart-096-2512784,Mobile,+8550962512784
Smart-096-2512785,Mobile,+8550962512785
Smart-096-2512786,Mobile,+8550962512786
Smart-096-2512787,Mobile,+8550962512787
Smart-096-2512788,Mobile,+8550962512788
Smart-096-2512789,Mobile,+8550962512789
Smart-096-2512790,Mobile,+8550962512790
Smart-096-2512791,Mobile,+8550962512791
Smart-096-2512792,Mobile,+8550962512792
Smart-096-2512793,Mobile,+8550962512793
Smart-096-2512794,Mobile,+8550962512794
Smart-096-2512795,Mobile,+8550962512795
Smart-096-2512796,Mobile,+8550962512796
Smart-096-2512797,Mobile,+8550962512797
Smart-096-2512798,Mobile,+8550962512798
Smart-096-2512799,Mobile,+8550962512799
Smart-096-2512800,Mobile,+8550962512800
Smart-096-2512801,Mobile,+8550962512801
Smart-096-2512802,Mobile,+8550962512802
Smart-096-2512803,Mobile,+8550962512803
Smart-096-2512804,Mobile,+8550962512804
Smart-096-2512805,Mobile,+8550962512805
Smart-096-2512806,Mobile,+8550962512806
Smart-096-2512807,Mobile,+8550962512807
Smart-096-2512808,Mobile,+8550962512808
Smart-096-2512809,Mobile,+8550962512809
Smart-096-2512810,Mobile,+8550962512810
Smart-096-2512811,Mobile,+8550962512811
Smart-096-2512812,Mobile,+8550962512812
Smart-096-2512813,Mobile,+8550962512813
Smart-096-2512814,Mobile,+8550962512814
Smart-096-2512815,Mobile,+8550962512815
Smart-096-2512816,Mobile,+8550962512816
Smart-096-2512817,Mobile,+8550962512817
Smart-096-2512818,Mobile,+8550962512818
Smart-096-2512819,Mobile,+8550962512819
Smart-096-2512820,Mobile,+8550962512820
Smart-096-2512821,Mobile,+8550962512821
Smart-096-2512822,Mobile,+8550962512822
Smart-096-2512823,Mobile,+8550962512823
Smart-096-2512824,Mobile,+8550962512824
Smart-096-2512825,Mobile,+8550962512825
Smart-096-2512826,Mobile,+8550962512826
Smart-096-2512827,Mobile,+8550962512827
Smart-096-2512828,Mobile,+8550962512828
Smart-096-2512829,Mobile,+8550962512829
Smart-096-2512830,Mobile,+8550962512830
Smart-096-2512831,Mobile,+8550962512831
Smart-096-2512832,Mobile,+8550962512832
Smart-096-2512833,Mobile,+8550962512833
Smart-096-2512834,Mobile,+8550962512834
Smart-096-2512835,Mobile,+8550962512835
Smart-096-2512836,Mobile,+8550962512836
Smart-096-2512837,Mobile,+8550962512837
Smart-096-2512838,Mobile,+8550962512838
Smart-096-2512839,Mobile,+8550962512839
Smart-096-2512840,Mobile,+8550962512840
Smart-096-2512841,Mobile,+8550962512841
Smart-096-2512842,Mobile,+8550962512842
Smart-096-2512843,Mobile,+8550962512843
Smart-096-2512844,Mobile,+8550962512844
Smart-096-2512845,Mobile,+8550962512845
Smart-096-2512846,Mobile,+8550962512846
Smart-096-2512847,Mobile,+8550962512847
Smart-096-2512848,Mobile,+8550962512848
Smart-096-2512849,Mobile,+8550962512849
Smart-096-2512850,Mobile,+8550962512850
Smart-096-2512851,Mobile,+8550962512851
Smart-096-2512852,Mobile,+8550962512852
Smart-096-2512853,Mobile,+8550962512853
Smart-096-2512854,Mobile,+8550962512854
Smart-096-2512855,Mobile,+8550962512855
Smart-096-2512856,Mobile,+8550962512856
Smart-096-2512857,Mobile,+8550962512857
Smart-096-2512858,Mobile,+8550962512858
Smart-096-2512859,Mobile,+8550962512859
Smart-096-2512860,Mobile,+8550962512860
Smart-096-2512861,Mobile,+8550962512861
Smart-096-2512862,Mobile,+8550962512862
Smart-096-2512863,Mobile,+8550962512863
Smart-096-2512864,Mobile,+8550962512864
Smart-096-2512865,Mobile,+8550962512865
Smart-096-2512866,Mobile,+8550962512866
Smart-096-2512867,Mobile,+8550962512867
Smart-096-2512868,Mobile,+8550962512868
Smart-096-2512869,Mobile,+8550962512869
Smart-096-2512870,Mobile,+8550962512870
Smart-096-2512871,Mobile,+8550962512871
Smart-096-2512872,Mobile,+8550962512872
Smart-096-2512873,Mobile,+8550962512873
Smart-096-2512874,Mobile,+8550962512874
Smart-096-2512875,Mobile,+8550962512875
Smart-096-2512876,Mobile,+8550962512876
Smart-096-2512877,Mobile,+8550962512877
Smart-096-2512878,Mobile,+8550962512878
Smart-096-2512879,Mobile,+8550962512879
Smart-096-2512880,Mobile,+8550962512880
Smart-096-2512881,Mobile,+8550962512881
Smart-096-2512882,Mobile,+8550962512882
Smart-096-2512883,Mobile,+8550962512883
Smart-096-2512884,Mobile,+8550962512884
Smart-096-2512885,Mobile,+8550962512885
Smart-096-2512886,Mobile,+8550962512886
Smart-096-2512887,Mobile,+8550962512887
Smart-096-2512888,Mobile,+8550962512888
Smart-096-2512889,Mobile,+8550962512889
Smart-096-2512890,Mobile,+8550962512890
Smart-096-2512891,Mobile,+8550962512891
Smart-096-2512892,Mobile,+8550962512892
Smart-096-2512893,Mobile,+8550962512893
Smart-096-2512894,Mobile,+8550962512894
Smart-096-2512895,Mobile,+8550962512895
Smart-096-2512896,Mobile,+8550962512896
Smart-096-2512897,Mobile,+8550962512897
Smart-096-2512898,Mobile,+8550962512898
Smart-096-2512899,Mobile,+8550962512899
Smart-096-2512900,Mobile,+8550962512900
Smart-096-2512901,Mobile,+8550962512901
Smart-096-2512902,Mobile,+8550962512902
Smart-096-2512903,Mobile,+8550962512903
Smart-096-2512904,Mobile,+8550962512904
Smart-096-2512905,Mobile,+8550962512905
Smart-096-2512906,Mobile,+8550962512906
Smart-096-2512907,Mobile,+8550962512907
Smart-096-2512908,Mobile,+8550962512908
Smart-096-2512909,Mobile,+8550962512909
Smart-096-2512910,Mobile,+8550962512910
Smart-096-2512911,Mobile,+8550962512911
Smart-096-2512912,Mobile,+8550962512912
Smart-096-2512913,Mobile,+8550962512913
Smart-096-2512914,Mobile,+8550962512914
Smart-096-2512915,Mobile,+8550962512915
Smart-096-2512916,Mobile,+8550962512916
Smart-096-2512917,Mobile,+8550962512917
Smart-096-2512918,Mobile,+8550962512918
Smart-096-2512919,Mobile,+8550962512919
Smart-096-2512920,Mobile,+8550962512920
Smart-096-2512921,Mobile,+8550962512921
Smart-096-2512922,Mobile,+8550962512922
Smart-096-2512923,Mobile,+8550962512923
Smart-096-2512924,Mobile,+8550962512924
Smart-096-2512925,Mobile,+8550962512925
Smart-096-2512926,Mobile,+8550962512926
Smart-096-2512927,Mobile,+8550962512927
Smart-096-2512928,Mobile,+8550962512928
Smart-096-2512929,Mobile,+8550962512929
Smart-096-2512930,Mobile,+8550962512930
Smart-096-2512931,Mobile,+8550962512931
Smart-096-2512932,Mobile,+8550962512932
Smart-096-2512933,Mobile,+8550962512933
Smart-096-2512934,Mobile,+8550962512934
Smart-096-2512935,Mobile,+8550962512935
Smart-096-2512936,Mobile,+8550962512936
Smart-096-2512937,Mobile,+8550962512937
Smart-096-2512938,Mobile,+8550962512938
Smart-096-2512939,Mobile,+8550962512939
Smart-096-2512940,Mobile,+8550962512940
Smart-096-2512941,Mobile,+8550962512941
Smart-096-2512942,Mobile,+8550962512942
Smart-096-2512943,Mobile,+8550962512943
Smart-096-2512944,Mobile,+8550962512944
Smart-096-2512945,Mobile,+8550962512945
Smart-096-2512946,Mobile,+8550962512946
Smart-096-2512947,Mobile,+8550962512947
Smart-096-2512948,Mobile,+8550962512948
Smart-096-2512949,Mobile,+8550962512949
Smart-096-2512950,Mobile,+8550962512950
Smart-096-2512951,Mobile,+8550962512951
Smart-096-2512952,Mobile,+8550962512952
Smart-096-2512953,Mobile,+8550962512953
Smart-096-2512954,Mobile,+8550962512954
Smart-096-2512955,Mobile,+8550962512955
Smart-096-2512956,Mobile,+8550962512956
Smart-096-2512957,Mobile,+8550962512957
Smart-096-2512958,Mobile,+8550962512958
Smart-096-2512959,Mobile,+8550962512959
Smart-096-2512960,Mobile,+8550962512960
Smart-096-2512961,Mobile,+8550962512961
Smart-096-2512962,Mobile,+8550962512962
Smart-096-2512963,Mobile,+8550962512963
Smart-096-2512964,Mobile,+8550962512964
Smart-096-2512965,Mobile,+8550962512965
Smart-096-2512966,Mobile,+8550962512966
Smart-096-2512967,Mobile,+8550962512967
Smart-096-2512968,Mobile,+8550962512968
Smart-096-2512969,Mobile,+8550962512969
Smart-096-2512970,Mobile,+8550962512970
Smart-096-2512971,Mobile,+8550962512971
Smart-096-2512972,Mobile,+8550962512972
Smart-096-2512973,Mobile,+8550962512973
Smart-096-2512974,Mobile,+8550962512974
Smart-096-2512975,Mobile,+8550962512975
Smart-096-2512976,Mobile,+8550962512976
Smart-096-2512977,Mobile,+8550962512977
Smart-096-2512978,Mobile,+8550962512978
Smart-096-2512979,Mobile,+8550962512979
Smart-096-2512980,Mobile,+8550962512980
Smart-096-2512981,Mobile,+8550962512981
Smart-096-2512982,Mobile,+8550962512982
Smart-096-2512983,Mobile,+8550962512983
Smart-096-2512984,Mobile,+8550962512984
Smart-096-2512985,Mobile,+8550962512985
Smart-096-2512986,Mobile,+8550962512986
Smart-096-2512987,Mobile,+8550962512987
Smart-096-2512988,Mobile,+8550962512988
Smart-096-2512989,Mobile,+8550962512989
Smart-096-2512990,Mobile,+8550962512990
Smart-096-2512991,Mobile,+8550962512991
Smart-096-2512992,Mobile,+8550962512992
Smart-096-2512993,Mobile,+8550962512993
Smart-096-2512994,Mobile,+8550962512994
Smart-096-2512995,Mobile,+8550962512995
Smart-096-2512996,Mobile,+8550962512996
Smart-096-2512997,Mobile,+8550962512997
Smart-096-2512998,Mobile,+8550962512998
Smart-096-2512999,Mobile,+8550962512999
Smart-096-2513000,Mobile,+8550962513000
Smart-096-2513001,Mobile,+8550962513001
Smart-096-2513002,Mobile,+8550962513002
Smart-096-2513003,Mobile,+8550962513003
Smart-096-2513004,Mobile,+8550962513004
Smart-096-2513005,Mobile,+8550962513005
Smart-096-2513006,Mobile,+8550962513006
Smart-096-2513007,Mobile,+8550962513007
Smart-096-2513008,Mobile,+8550962513008
Smart-096-2513009,Mobile,+8550962513009
Smart-096-2513010,Mobile,+8550962513010
Smart-096-2513011,Mobile,+8550962513011
Smart-096-2513012,Mobile,+8550962513012
Smart-096-2513013,Mobile,+8550962513013
Smart-096-2513014,Mobile,+8550962513014
Smart-096-2513015,Mobile,+8550962513015
Smart-096-2513016,Mobile,+8550962513016
Smart-096-2513017,Mobile,+8550962513017
Smart-096-2513018,Mobile,+8550962513018
Smart-096-2513019,Mobile,+8550962513019
Smart-096-2513020,Mobile,+8550962513020
Smart-096-2513021,Mobile,+8550962513021
Smart-096-2513022,Mobile,+8550962513022
Smart-096-2513023,Mobile,+8550962513023
Smart-096-2513024,Mobile,+8550962513024
Smart-096-2513025,Mobile,+8550962513025
Smart-096-2513026,Mobile,+8550962513026
Smart-096-2513027,Mobile,+8550962513027
Smart-096-2513028,Mobile,+8550962513028
Smart-096-2513029,Mobile,+8550962513029
Smart-096-2513030,Mobile,+8550962513030
Smart-096-2513031,Mobile,+8550962513031
Smart-096-2513032,Mobile,+8550962513032
Smart-096-2513033,Mobile,+8550962513033
Smart-096-2513034,Mobile,+8550962513034
Smart-096-2513035,Mobile,+8550962513035
Smart-096-2513036,Mobile,+8550962513036
Smart-096-2513037,Mobile,+8550962513037
Smart-096-2513038,Mobile,+8550962513038
Smart-096-2513039,Mobile,+8550962513039
Smart-096-2513040,Mobile,+8550962513040
Smart-096-2513041,Mobile,+8550962513041
Smart-096-2513042,Mobile,+8550962513042
Smart-096-2513043,Mobile,+8550962513043
Smart-096-2513044,Mobile,+8550962513044
Smart-096-2513045,Mobile,+8550962513045
Smart-096-2513046,Mobile,+8550962513046
Smart-096-2513047,Mobile,+8550962513047
Smart-096-2513048,Mobile,+8550962513048
Smart-096-2513049,Mobile,+8550962513049
Smart-096-2513050,Mobile,+8550962513050
Smart-096-2513051,Mobile,+8550962513051
Smart-096-2513052,Mobile,+8550962513052
Smart-096-2513053,Mobile,+8550962513053
Smart-096-2513054,Mobile,+8550962513054
Smart-096-2513055,Mobile,+8550962513055
Smart-096-2513056,Mobile,+8550962513056
Smart-096-2513057,Mobile,+8550962513057
Smart-096-2513058,Mobile,+8550962513058
Smart-096-2513059,Mobile,+8550962513059
Smart-096-2513060,Mobile,+8550962513060
Smart-096-2513061,Mobile,+8550962513061
Smart-096-2513062,Mobile,+8550962513062
Smart-096-2513063,Mobile,+8550962513063
Smart-096-2513064,Mobile,+8550962513064
Smart-096-2513065,Mobile,+8550962513065
Smart-096-2513066,Mobile,+8550962513066
Smart-096-2513067,Mobile,+8550962513067
Smart-096-2513068,Mobile,+8550962513068
Smart-096-2513069,Mobile,+8550962513069
Smart-096-2513070,Mobile,+8550962513070
Smart-096-2513071,Mobile,+8550962513071
Smart-096-2513072,Mobile,+8550962513072
Smart-096-2513073,Mobile,+8550962513073
Smart-096-2513074,Mobile,+8550962513074
Smart-096-2513075,Mobile,+8550962513075
Smart-096-2513076,Mobile,+8550962513076
Smart-096-2513077,Mobile,+8550962513077
Smart-096-2513078,Mobile,+8550962513078
Smart-096-2513079,Mobile,+8550962513079
Smart-096-2513080,Mobile,+8550962513080
Smart-096-2513081,Mobile,+8550962513081
Smart-096-2513082,Mobile,+8550962513082
Smart-096-2513083,Mobile,+8550962513083
Smart-096-2513084,Mobile,+8550962513084
Smart-096-2513085,Mobile,+8550962513085
Smart-096-2513086,Mobile,+8550962513086
Smart-096-2513087,Mobile,+8550962513087
Smart-096-2513088,Mobile,+8550962513088
Smart-096-2513089,Mobile,+8550962513089
Smart-096-2513090,Mobile,+8550962513090
Smart-096-2513091,Mobile,+8550962513091
Smart-096-2513092,Mobile,+8550962513092
Smart-096-2513093,Mobile,+8550962513093
Smart-096-2513094,Mobile,+8550962513094
Smart-096-2513095,Mobile,+8550962513095
Smart-096-2513096,Mobile,+8550962513096
Smart-096-2513097,Mobile,+8550962513097
Smart-096-2513098,Mobile,+8550962513098
Smart-096-2513099,Mobile,+8550962513099
Smart-096-2513100,Mobile,+8550962513100
Smart-096-2513101,Mobile,+8550962513101
Smart-096-2513102,Mobile,+8550962513102
Smart-096-2513103,Mobile,+8550962513103
Smart-096-2513104,Mobile,+8550962513104
Smart-096-2513105,Mobile,+8550962513105
Smart-096-2513106,Mobile,+8550962513106
Smart-096-2513107,Mobile,+8550962513107
Smart-096-2513108,Mobile,+8550962513108
Smart-096-2513109,Mobile,+8550962513109
Smart-096-2513110,Mobile,+8550962513110
Smart-096-2513111,Mobile,+8550962513111
Smart-096-2513112,Mobile,+8550962513112
Smart-096-2513113,Mobile,+8550962513113
Smart-096-2513114,Mobile,+8550962513114
Smart-096-2513115,Mobile,+8550962513115
Smart-096-2513116,Mobile,+8550962513116
Smart-096-2513117,Mobile,+8550962513117
Smart-096-2513118,Mobile,+8550962513118
Smart-096-2513119,Mobile,+8550962513119
Smart-096-2513120,Mobile,+8550962513120
Smart-096-2513121,Mobile,+8550962513121
Smart-096-2513122,Mobile,+8550962513122
Smart-096-2513123,Mobile,+8550962513123
Smart-096-2513124,Mobile,+8550962513124
Smart-096-2513125,Mobile,+8550962513125
Smart-096-2513126,Mobile,+8550962513126
Smart-096-2513127,Mobile,+8550962513127
Smart-096-2513128,Mobile,+8550962513128
Smart-096-2513129,Mobile,+8550962513129
Smart-096-2513130,Mobile,+8550962513130
Smart-096-2513131,Mobile,+8550962513131
Smart-096-2513132,Mobile,+8550962513132
Smart-096-2513133,Mobile,+8550962513133
Smart-096-2513134,Mobile,+8550962513134
Smart-096-2513135,Mobile,+8550962513135
Smart-096-2513136,Mobile,+8550962513136
Smart-096-2513137,Mobile,+8550962513137
Smart-096-2513138,Mobile,+8550962513138
Smart-096-2513139,Mobile,+8550962513139
Smart-096-2513140,Mobile,+8550962513140
Smart-096-2513141,Mobile,+8550962513141
Smart-096-2513142,Mobile,+8550962513142
Smart-096-2513143,Mobile,+8550962513143
Smart-096-2513144,Mobile,+8550962513144
Smart-096-2513145,Mobile,+8550962513145
Smart-096-2513146,Mobile,+8550962513146
Smart-096-2513147,Mobile,+8550962513147
Smart-096-2513148,Mobile,+8550962513148
Smart-096-2513149,Mobile,+8550962513149
Smart-096-2513150,Mobile,+8550962513150
Smart-096-2513151,Mobile,+8550962513151
Smart-096-2513152,Mobile,+8550962513152
Smart-096-2513153,Mobile,+8550962513153
Smart-096-2513154,Mobile,+8550962513154
Smart-096-2513155,Mobile,+8550962513155
Smart-096-2513156,Mobile,+8550962513156
Smart-096-2513157,Mobile,+8550962513157
Smart-096-2513158,Mobile,+8550962513158
Smart-096-2513159,Mobile,+8550962513159
Smart-096-2513160,Mobile,+8550962513160
Smart-096-2513161,Mobile,+8550962513161
Smart-096-2513162,Mobile,+8550962513162
Smart-096-2513163,Mobile,+8550962513163
Smart-096-2513164,Mobile,+8550962513164
Smart-096-2513165,Mobile,+8550962513165
Smart-096-2513166,Mobile,+8550962513166
Smart-096-2513167,Mobile,+8550962513167
Smart-096-2513168,Mobile,+8550962513168
Smart-096-2513169,Mobile,+8550962513169
Smart-096-2513170,Mobile,+8550962513170
Smart-096-2513171,Mobile,+8550962513171
Smart-096-2513172,Mobile,+8550962513172
Smart-096-2513173,Mobile,+8550962513173
Smart-096-2513174,Mobile,+8550962513174
Smart-096-2513175,Mobile,+8550962513175
Smart-096-2513176,Mobile,+8550962513176
Smart-096-2513177,Mobile,+8550962513177
Smart-096-2513178,Mobile,+8550962513178
Smart-096-2513179,Mobile,+8550962513179
Smart-096-2513180,Mobile,+8550962513180
Smart-096-2513181,Mobile,+8550962513181
Smart-096-2513182,Mobile,+8550962513182
Smart-096-2513183,Mobile,+8550962513183
Smart-096-2513184,Mobile,+8550962513184
Smart-096-2513185,Mobile,+8550962513185
Smart-096-2513186,Mobile,+8550962513186
Smart-096-2513187,Mobile,+8550962513187
Smart-096-2513188,Mobile,+8550962513188
Smart-096-2513189,Mobile,+8550962513189
Smart-096-2513190,Mobile,+8550962513190
Smart-096-2513191,Mobile,+8550962513191
Smart-096-2513192,Mobile,+8550962513192
Smart-096-2513193,Mobile,+8550962513193
Smart-096-2513194,Mobile,+8550962513194
Smart-096-2513195,Mobile,+8550962513195
Smart-096-2513196,Mobile,+8550962513196
Smart-096-2513197,Mobile,+8550962513197
Smart-096-2513198,Mobile,+8550962513198
Smart-096-2513199,Mobile,+8550962513199
Smart-096-2513200,Mobile,+8550962513200
Smart-096-2513201,Mobile,+8550962513201
Smart-096-2513202,Mobile,+8550962513202
Smart-096-2513203,Mobile,+8550962513203
Smart-096-2513204,Mobile,+8550962513204
Smart-096-2513205,Mobile,+8550962513205
Smart-096-2513206,Mobile,+8550962513206
Smart-096-2513207,Mobile,+8550962513207
Smart-096-2513208,Mobile,+8550962513208
Smart-096-2513209,Mobile,+8550962513209
Smart-096-2513210,Mobile,+8550962513210
Smart-096-2513211,Mobile,+8550962513211
Smart-096-2513212,Mobile,+8550962513212
Smart-096-2513213,Mobile,+8550962513213
Smart-096-2513214,Mobile,+8550962513214
Smart-096-2513215,Mobile,+8550962513215
Smart-096-2513216,Mobile,+8550962513216
Smart-096-2513217,Mobile,+8550962513217
Smart-096-2513218,Mobile,+8550962513218
Smart-096-2513219,Mobile,+8550962513219
Smart-096-2513220,Mobile,+8550962513220
Smart-096-2513221,Mobile,+8550962513221
Smart-096-2513222,Mobile,+8550962513222
Smart-096-2513223,Mobile,+8550962513223
Smart-096-2513224,Mobile,+8550962513224
Smart-096-2513225,Mobile,+8550962513225
Smart-096-2513226,Mobile,+8550962513226
Smart-096-2513227,Mobile,+8550962513227
Smart-096-2513228,Mobile,+8550962513228
Smart-096-2513229,Mobile,+8550962513229
Smart-096-2513230,Mobile,+8550962513230
Smart-096-2513231,Mobile,+8550962513231
Smart-096-2513232,Mobile,+8550962513232
Smart-096-2513233,Mobile,+8550962513233
Smart-096-2513234,Mobile,+8550962513234
Smart-096-2513235,Mobile,+8550962513235
Smart-096-2513236,Mobile,+8550962513236
Smart-096-2513237,Mobile,+8550962513237
Smart-096-2513238,Mobile,+8550962513238
Smart-096-2513239,Mobile,+8550962513239
Smart-096-2513240,Mobile,+8550962513240
Smart-096-2513241,Mobile,+8550962513241
Smart-096-2513242,Mobile,+8550962513242
Smart-096-2513243,Mobile,+8550962513243
Smart-096-2513244,Mobile,+8550962513244
Smart-096-2513245,Mobile,+8550962513245
Smart-096-2513246,Mobile,+8550962513246
Smart-096-2513247,Mobile,+8550962513247
Smart-096-2513248,Mobile,+8550962513248
Smart-096-2513249,Mobile,+8550962513249
Smart-096-2513250,Mobile,+8550962513250
Smart-096-2513251,Mobile,+8550962513251
Smart-096-2513252,Mobile,+8550962513252
Smart-096-2513253,Mobile,+8550962513253
Smart-096-2513254,Mobile,+8550962513254
Smart-096-2513255,Mobile,+8550962513255
Smart-096-2513256,Mobile,+8550962513256
Smart-096-2513257,Mobile,+8550962513257
Smart-096-2513258,Mobile,+8550962513258
Smart-096-2513259,Mobile,+8550962513259
Smart-096-2513260,Mobile,+8550962513260
Smart-096-2513261,Mobile,+8550962513261
Smart-096-2513262,Mobile,+8550962513262
Smart-096-2513263,Mobile,+8550962513263
Smart-096-2513264,Mobile,+8550962513264
Smart-096-2513265,Mobile,+8550962513265
Smart-096-2513266,Mobile,+8550962513266
Smart-096-2513267,Mobile,+8550962513267
Smart-096-2513268,Mobile,+8550962513268
Smart-096-2513269,Mobile,+8550962513269
Smart-096-2513270,Mobile,+8550962513270
Smart-096-2513271,Mobile,+8550962513271
Smart-096-2513272,Mobile,+8550962513272
Smart-096-2513273,Mobile,+8550962513273
Smart-096-2513274,Mobile,+8550962513274
Smart-096-2513275,Mobile,+8550962513275
Smart-096-2513276,Mobile,+8550962513276
Smart-096-2513277,Mobile,+8550962513277
Smart-096-2513278,Mobile,+8550962513278
Smart-096-2513279,Mobile,+8550962513279
Smart-096-2513280,Mobile,+8550962513280
Smart-096-2513281,Mobile,+8550962513281
Smart-096-2513282,Mobile,+8550962513282
Smart-096-2513283,Mobile,+8550962513283
Smart-096-2513284,Mobile,+8550962513284
Smart-096-2513285,Mobile,+8550962513285
Smart-096-2513286,Mobile,+8550962513286
Smart-096-2513287,Mobile,+8550962513287
Smart-096-2513288,Mobile,+8550962513288
Smart-096-2513289,Mobile,+8550962513289
Smart-096-2513290,Mobile,+8550962513290
Smart-096-2513291,Mobile,+8550962513291
Smart-096-2513292,Mobile,+8550962513292
Smart-096-2513293,Mobile,+8550962513293
Smart-096-2513294,Mobile,+8550962513294
Smart-096-2513295,Mobile,+8550962513295
Smart-096-2513296,Mobile,+8550962513296
Smart-096-2513297,Mobile,+8550962513297
Smart-096-2513298,Mobile,+8550962513298
Smart-096-2513299,Mobile,+8550962513299
Smart-096-2513300,Mobile,+8550962513300
Smart-096-2513301,Mobile,+8550962513301
Smart-096-2513302,Mobile,+8550962513302
Smart-096-2513303,Mobile,+8550962513303
Smart-096-2513304,Mobile,+8550962513304
Smart-096-2513305,Mobile,+8550962513305
Smart-096-2513306,Mobile,+8550962513306
Smart-096-2513307,Mobile,+8550962513307
Smart-096-2513308,Mobile,+8550962513308
Smart-096-2513309,Mobile,+8550962513309
Smart-096-2513310,Mobile,+8550962513310
Smart-096-2513311,Mobile,+8550962513311
Smart-096-2513312,Mobile,+8550962513312
Smart-096-2513313,Mobile,+8550962513313
Smart-096-2513314,Mobile,+8550962513314
Smart-096-2513315,Mobile,+8550962513315
Smart-096-2513316,Mobile,+8550962513316
Smart-096-2513317,Mobile,+8550962513317
Smart-096-2513318,Mobile,+8550962513318
Smart-096-2513319,Mobile,+8550962513319
Smart-096-2513320,Mobile,+8550962513320
Smart-096-2513321,Mobile,+8550962513321
Smart-096-2513322,Mobile,+8550962513322
Smart-096-2513323,Mobile,+8550962513323
Smart-096-2513324,Mobile,+8550962513324
Smart-096-2513325,Mobile,+8550962513325
Smart-096-2513326,Mobile,+8550962513326
Smart-096-2513327,Mobile,+8550962513327
Smart-096-2513328,Mobile,+8550962513328
Smart-096-2513329,Mobile,+8550962513329
Smart-096-2513330,Mobile,+8550962513330
Smart-096-2513331,Mobile,+8550962513331
Smart-096-2513332,Mobile,+8550962513332
Smart-096-2513333,Mobile,+8550962513333
Smart-096-2513334,Mobile,+8550962513334
Smart-096-2513335,Mobile,+8550962513335
Smart-096-2513336,Mobile,+8550962513336
Smart-096-2513337,Mobile,+8550962513337
Smart-096-2513338,Mobile,+8550962513338
Smart-096-2513339,Mobile,+8550962513339
Smart-096-2513340,Mobile,+8550962513340
Smart-096-2513341,Mobile,+8550962513341
Smart-096-2513342,Mobile,+8550962513342
Smart-096-2513343,Mobile,+8550962513343
Smart-096-2513344,Mobile,+8550962513344
Smart-096-2513345,Mobile,+8550962513345
Smart-096-2513346,Mobile,+8550962513346
Smart-096-2513347,Mobile,+8550962513347
Smart-096-2513348,Mobile,+8550962513348
Smart-096-2513349,Mobile,+8550962513349
Smart-096-2513350,Mobile,+8550962513350
Smart-096-2513351,Mobile,+8550962513351
Smart-096-2513352,Mobile,+8550962513352
Smart-096-2513353,Mobile,+8550962513353
Smart-096-2513354,Mobile,+8550962513354
Smart-096-2513355,Mobile,+8550962513355
Smart-096-2513356,Mobile,+8550962513356
Smart-096-2513357,Mobile,+8550962513357
Smart-096-2513358,Mobile,+8550962513358
Smart-096-2513359,Mobile,+8550962513359
Smart-096-2513360,Mobile,+8550962513360
Smart-096-2513361,Mobile,+8550962513361
Smart-096-2513362,Mobile,+8550962513362
Smart-096-2513363,Mobile,+8550962513363
Smart-096-2513364,Mobile,+8550962513364
Smart-096-2513365,Mobile,+8550962513365
Smart-096-2513366,Mobile,+8550962513366
Smart-096-2513367,Mobile,+8550962513367
Smart-096-2513368,Mobile,+8550962513368
Smart-096-2513369,Mobile,+8550962513369
Smart-096-2513370,Mobile,+8550962513370
Smart-096-2513371,Mobile,+8550962513371
Smart-096-2513372,Mobile,+8550962513372
Smart-096-2513373,Mobile,+8550962513373
Smart-096-2513374,Mobile,+8550962513374
Smart-096-2513375,Mobile,+8550962513375
Smart-096-2513376,Mobile,+8550962513376
Smart-096-2513377,Mobile,+8550962513377
Smart-096-2513378,Mobile,+8550962513378
Smart-096-2513379,Mobile,+8550962513379
Smart-096-2513380,Mobile,+8550962513380
Smart-096-2513381,Mobile,+8550962513381
Smart-096-2513382,Mobile,+8550962513382
Smart-096-2513383,Mobile,+8550962513383
Smart-096-2513384,Mobile,+8550962513384
Smart-096-2513385,Mobile,+8550962513385
Smart-096-2513386,Mobile,+8550962513386
Smart-096-2513387,Mobile,+8550962513387
Smart-096-2513388,Mobile,+8550962513388
Smart-096-2513389,Mobile,+8550962513389
Smart-096-2513390,Mobile,+8550962513390
Smart-096-2513391,Mobile,+8550962513391
Smart-096-2513392,Mobile,+8550962513392
Smart-096-2513393,Mobile,+8550962513393
Smart-096-2513394,Mobile,+8550962513394
Smart-096-2513395,Mobile,+8550962513395
Smart-096-2513396,Mobile,+8550962513396
Smart-096-2513397,Mobile,+8550962513397
Smart-096-2513398,Mobile,+8550962513398
Smart-096-2513399,Mobile,+8550962513399
Smart-096-2513400,Mobile,+8550962513400
Smart-096-2513401,Mobile,+8550962513401
Smart-096-2513402,Mobile,+8550962513402
Smart-096-2513403,Mobile,+8550962513403
Smart-096-2513404,Mobile,+8550962513404
Smart-096-2513405,Mobile,+8550962513405
Smart-096-2513406,Mobile,+8550962513406
Smart-096-2513407,Mobile,+8550962513407
Smart-096-2513408,Mobile,+8550962513408
Smart-096-2513409,Mobile,+8550962513409
Smart-096-2513410,Mobile,+8550962513410
Smart-096-2513411,Mobile,+8550962513411
Smart-096-2513412,Mobile,+8550962513412
Smart-096-2513413,Mobile,+8550962513413
Smart-096-2513414,Mobile,+8550962513414
Smart-096-2513415,Mobile,+8550962513415
Smart-096-2513416,Mobile,+8550962513416
Smart-096-2513417,Mobile,+8550962513417
Smart-096-2513418,Mobile,+8550962513418
Smart-096-2513419,Mobile,+8550962513419
Smart-096-2513420,Mobile,+8550962513420
Smart-096-2513421,Mobile,+8550962513421
Smart-096-2513422,Mobile,+8550962513422
Smart-096-2513423,Mobile,+8550962513423
Smart-096-2513424,Mobile,+8550962513424
Smart-096-2513425,Mobile,+8550962513425
Smart-096-2513426,Mobile,+8550962513426
Smart-096-2513427,Mobile,+8550962513427
Smart-096-2513428,Mobile,+8550962513428
Smart-096-2513429,Mobile,+8550962513429
Smart-096-2513430,Mobile,+8550962513430
Smart-096-2513431,Mobile,+8550962513431
Smart-096-2513432,Mobile,+8550962513432
Smart-096-2513433,Mobile,+8550962513433
Smart-096-2513434,Mobile,+8550962513434
Smart-096-2513435,Mobile,+8550962513435
Smart-096-2513436,Mobile,+8550962513436
Smart-096-2513437,Mobile,+8550962513437
Smart-096-2513438,Mobile,+8550962513438
Smart-096-2513439,Mobile,+8550962513439
Smart-096-2513440,Mobile,+8550962513440
Smart-096-2513441,Mobile,+8550962513441
Smart-096-2513442,Mobile,+8550962513442
Smart-096-2513443,Mobile,+8550962513443
Smart-096-2513444,Mobile,+8550962513444
Smart-096-2513445,Mobile,+8550962513445
Smart-096-2513446,Mobile,+8550962513446
Smart-096-2513447,Mobile,+8550962513447
Smart-096-2513448,Mobile,+8550962513448
Smart-096-2513449,Mobile,+8550962513449
Smart-096-2513450,Mobile,+8550962513450
Smart-096-2513451,Mobile,+8550962513451
Smart-096-2513452,Mobile,+8550962513452
Smart-096-2513453,Mobile,+8550962513453
Smart-096-2513454,Mobile,+8550962513454
Smart-096-2513455,Mobile,+8550962513455
Smart-096-2513456,Mobile,+8550962513456
Smart-096-2513457,Mobile,+8550962513457
Smart-096-2513458,Mobile,+8550962513458
Smart-096-2513459,Mobile,+8550962513459
Smart-096-2513460,Mobile,+8550962513460
Smart-096-2513461,Mobile,+8550962513461
Smart-096-2513462,Mobile,+8550962513462
Smart-096-2513463,Mobile,+8550962513463
Smart-096-2513464,Mobile,+8550962513464
Smart-096-2513465,Mobile,+8550962513465
Smart-096-2513466,Mobile,+8550962513466
Smart-096-2513467,Mobile,+8550962513467
Smart-096-2513468,Mobile,+8550962513468
Smart-096-2513469,Mobile,+8550962513469
Smart-096-2513470,Mobile,+8550962513470
Smart-096-2513471,Mobile,+8550962513471
Smart-096-2513472,Mobile,+8550962513472
Smart-096-2513473,Mobile,+8550962513473
Smart-096-2513474,Mobile,+8550962513474
Smart-096-2513475,Mobile,+8550962513475
Smart-096-2513476,Mobile,+8550962513476
Smart-096-2513477,Mobile,+8550962513477
Smart-096-2513478,Mobile,+8550962513478
Smart-096-2513479,Mobile,+8550962513479
Smart-096-2513480,Mobile,+8550962513480
Smart-096-2513481,Mobile,+8550962513481
Smart-096-2513482,Mobile,+8550962513482
Smart-096-2513483,Mobile,+8550962513483
Smart-096-2513484,Mobile,+8550962513484
Smart-096-2513485,Mobile,+8550962513485
Smart-096-2513486,Mobile,+8550962513486
Smart-096-2513487,Mobile,+8550962513487
Smart-096-2513488,Mobile,+8550962513488
Smart-096-2513489,Mobile,+8550962513489
Smart-096-2513490,Mobile,+8550962513490
Smart-096-2513491,Mobile,+8550962513491
Smart-096-2513492,Mobile,+8550962513492
Smart-096-2513493,Mobile,+8550962513493
Smart-096-2513494,Mobile,+8550962513494
Smart-096-2513495,Mobile,+8550962513495
Smart-096-2513496,Mobile,+8550962513496
Smart-096-2513497,Mobile,+8550962513497
Smart-096-2513498,Mobile,+8550962513498
Smart-096-2513499,Mobile,+8550962513499
Smart-096-2513500,Mobile,+8550962513500
Smart-096-2513501,Mobile,+8550962513501
Smart-096-2513502,Mobile,+8550962513502
Smart-096-2513503,Mobile,+8550962513503
Smart-096-2513504,Mobile,+8550962513504
Smart-096-2513505,Mobile,+8550962513505
Smart-096-2513506,Mobile,+8550962513506
Smart-096-2513507,Mobile,+8550962513507
Smart-096-2513508,Mobile,+8550962513508
Smart-096-2513509,Mobile,+8550962513509
Smart-096-2513510,Mobile,+8550962513510
Smart-096-2513511,Mobile,+8550962513511
Smart-096-2513512,Mobile,+8550962513512
Smart-096-2513513,Mobile,+8550962513513
Smart-096-2513514,Mobile,+8550962513514
Smart-096-2513515,Mobile,+8550962513515
Smart-096-2513516,Mobile,+8550962513516
Smart-096-2513517,Mobile,+8550962513517
Smart-096-2513518,Mobile,+8550962513518
Smart-096-2513519,Mobile,+8550962513519
Smart-096-2513520,Mobile,+8550962513520
Smart-096-2513521,Mobile,+8550962513521
Smart-096-2513522,Mobile,+8550962513522
Smart-096-2513523,Mobile,+8550962513523
Smart-096-2513524,Mobile,+8550962513524
Smart-096-2513525,Mobile,+8550962513525
Smart-096-2513526,Mobile,+8550962513526
Smart-096-2513527,Mobile,+8550962513527
Smart-096-2513528,Mobile,+8550962513528
Smart-096-2513529,Mobile,+8550962513529
Smart-096-2513530,Mobile,+8550962513530
Smart-096-2513531,Mobile,+8550962513531
Smart-096-2513532,Mobile,+8550962513532
Smart-096-2513533,Mobile,+8550962513533
Smart-096-2513534,Mobile,+8550962513534
Smart-096-2513535,Mobile,+8550962513535
Smart-096-2513536,Mobile,+8550962513536
Smart-096-2513537,Mobile,+8550962513537
Smart-096-2513538,Mobile,+8550962513538
Smart-096-2513539,Mobile,+8550962513539
Smart-096-2513540,Mobile,+8550962513540
Smart-096-2513541,Mobile,+8550962513541
Smart-096-2513542,Mobile,+8550962513542
Smart-096-2513543,Mobile,+8550962513543
Smart-096-2513544,Mobile,+8550962513544
Smart-096-2513545,Mobile,+8550962513545
Smart-096-2513546,Mobile,+8550962513546
Smart-096-2513547,Mobile,+8550962513547
Smart-096-2513548,Mobile,+8550962513548
Smart-096-2513549,Mobile,+8550962513549
Smart-096-2513550,Mobile,+8550962513550
Smart-096-2513551,Mobile,+8550962513551
Smart-096-2513552,Mobile,+8550962513552
Smart-096-2513553,Mobile,+8550962513553
Smart-096-2513554,Mobile,+8550962513554
Smart-096-2513555,Mobile,+8550962513555
Smart-096-2513556,Mobile,+8550962513556
Smart-096-2513557,Mobile,+8550962513557
Smart-096-2513558,Mobile,+8550962513558
Smart-096-2513559,Mobile,+8550962513559
Smart-096-2513560,Mobile,+8550962513560
Smart-096-2513561,Mobile,+8550962513561
Smart-096-2513562,Mobile,+8550962513562
Smart-096-2513563,Mobile,+8550962513563
Smart-096-2513564,Mobile,+8550962513564
Smart-096-2513565,Mobile,+8550962513565
Smart-096-2513566,Mobile,+8550962513566
Smart-096-2513567,Mobile,+8550962513567
Smart-096-2513568,Mobile,+8550962513568
Smart-096-2513569,Mobile,+8550962513569
Smart-096-2513570,Mobile,+8550962513570
Smart-096-2513571,Mobile,+8550962513571
Smart-096-2513572,Mobile,+8550962513572
Smart-096-2513573,Mobile,+8550962513573
Smart-096-2513574,Mobile,+8550962513574
Smart-096-2513575,Mobile,+8550962513575
Smart-096-2513576,Mobile,+8550962513576
Smart-096-2513577,Mobile,+8550962513577
Smart-096-2513578,Mobile,+8550962513578
Smart-096-2513579,Mobile,+8550962513579
Smart-096-2513580,Mobile,+8550962513580
Smart-096-2513581,Mobile,+8550962513581
Smart-096-2513582,Mobile,+8550962513582
Smart-096-2513583,Mobile,+8550962513583
Smart-096-2513584,Mobile,+8550962513584
Smart-096-2513585,Mobile,+8550962513585
Smart-096-2513586,Mobile,+8550962513586
Smart-096-2513587,Mobile,+8550962513587
Smart-096-2513588,Mobile,+8550962513588
Smart-096-2513589,Mobile,+8550962513589
Smart-096-2513590,Mobile,+8550962513590
Smart-096-2513591,Mobile,+8550962513591
Smart-096-2513592,Mobile,+8550962513592
Smart-096-2513593,Mobile,+8550962513593
Smart-096-2513594,Mobile,+8550962513594
Smart-096-2513595,Mobile,+8550962513595
Smart-096-2513596,Mobile,+8550962513596
Smart-096-2513597,Mobile,+8550962513597
Smart-096-2513598,Mobile,+8550962513598
Smart-096-2513599,Mobile,+8550962513599
Smart-096-2513600,Mobile,+8550962513600
Smart-096-2513601,Mobile,+8550962513601
Smart-096-2513602,Mobile,+8550962513602
Smart-096-2513603,Mobile,+8550962513603
Smart-096-2513604,Mobile,+8550962513604
Smart-096-2513605,Mobile,+8550962513605
Smart-096-2513606,Mobile,+8550962513606
Smart-096-2513607,Mobile,+8550962513607
Smart-096-2513608,Mobile,+8550962513608
Smart-096-2513609,Mobile,+8550962513609
Smart-096-2513610,Mobile,+8550962513610
Smart-096-2513611,Mobile,+8550962513611
Smart-096-2513612,Mobile,+8550962513612
Smart-096-2513613,Mobile,+8550962513613
Smart-096-2513614,Mobile,+8550962513614
Smart-096-2513615,Mobile,+8550962513615
Smart-096-2513616,Mobile,+8550962513616
Smart-096-2513617,Mobile,+8550962513617
Smart-096-2513618,Mobile,+8550962513618
Smart-096-2513619,Mobile,+8550962513619
Smart-096-2513620,Mobile,+8550962513620
Smart-096-2513621,Mobile,+8550962513621
Smart-096-2513622,Mobile,+8550962513622
Smart-096-2513623,Mobile,+8550962513623
Smart-096-2513624,Mobile,+8550962513624
Smart-096-2513625,Mobile,+8550962513625
Smart-096-2513626,Mobile,+8550962513626
Smart-096-2513627,Mobile,+8550962513627
Smart-096-2513628,Mobile,+8550962513628
Smart-096-2513629,Mobile,+8550962513629
Smart-096-2513630,Mobile,+8550962513630
Smart-096-2513631,Mobile,+8550962513631
Smart-096-2513632,Mobile,+8550962513632
Smart-096-2513633,Mobile,+8550962513633
Smart-096-2513634,Mobile,+8550962513634
Smart-096-2513635,Mobile,+8550962513635
Smart-096-2513636,Mobile,+8550962513636
Smart-096-2513637,Mobile,+8550962513637
Smart-096-2513638,Mobile,+8550962513638
Smart-096-2513639,Mobile,+8550962513639
Smart-096-2513640,Mobile,+8550962513640
Smart-096-2513641,Mobile,+8550962513641
Smart-096-2513642,Mobile,+8550962513642
Smart-096-2513643,Mobile,+8550962513643
Smart-096-2513644,Mobile,+8550962513644
Smart-096-2513645,Mobile,+8550962513645
Smart-096-2513646,Mobile,+8550962513646
Smart-096-2513647,Mobile,+8550962513647
Smart-096-2513648,Mobile,+8550962513648
Smart-096-2513649,Mobile,+8550962513649
Smart-096-2513650,Mobile,+8550962513650
Smart-096-2513651,Mobile,+8550962513651
Smart-096-2513652,Mobile,+8550962513652
Smart-096-2513653,Mobile,+8550962513653
Smart-096-2513654,Mobile,+8550962513654
Smart-096-2513655,Mobile,+8550962513655
Smart-096-2513656,Mobile,+8550962513656
Smart-096-2513657,Mobile,+8550962513657
Smart-096-2513658,Mobile,+8550962513658
Smart-096-2513659,Mobile,+8550962513659
Smart-096-2513660,Mobile,+8550962513660
Smart-096-2513661,Mobile,+8550962513661
Smart-096-2513662,Mobile,+8550962513662
Smart-096-2513663,Mobile,+8550962513663
Smart-096-2513664,Mobile,+8550962513664
Smart-096-2513665,Mobile,+8550962513665
Smart-096-2513666,Mobile,+8550962513666
Smart-096-2513667,Mobile,+8550962513667
Smart-096-2513668,Mobile,+8550962513668
Smart-096-2513669,Mobile,+8550962513669
Smart-096-2513670,Mobile,+8550962513670
Smart-096-2513671,Mobile,+8550962513671
Smart-096-2513672,Mobile,+8550962513672
Smart-096-2513673,Mobile,+8550962513673
Smart-096-2513674,Mobile,+8550962513674
Smart-096-2513675,Mobile,+8550962513675
Smart-096-2513676,Mobile,+8550962513676
Smart-096-2513677,Mobile,+8550962513677
Smart-096-2513678,Mobile,+8550962513678
Smart-096-2513679,Mobile,+8550962513679
Smart-096-2513680,Mobile,+8550962513680
Smart-096-2513681,Mobile,+8550962513681
Smart-096-2513682,Mobile,+8550962513682
Smart-096-2513683,Mobile,+8550962513683
Smart-096-2513684,Mobile,+8550962513684
Smart-096-2513685,Mobile,+8550962513685
Smart-096-2513686,Mobile,+8550962513686
Smart-096-2513687,Mobile,+8550962513687
Smart-096-2513688,Mobile,+8550962513688
Smart-096-2513689,Mobile,+8550962513689
Smart-096-2513690,Mobile,+8550962513690
Smart-096-2513691,Mobile,+8550962513691
Smart-096-2513692,Mobile,+8550962513692
Smart-096-2513693,Mobile,+8550962513693
Smart-096-2513694,Mobile,+8550962513694
Smart-096-2513695,Mobile,+8550962513695
Smart-096-2513696,Mobile,+8550962513696
Smart-096-2513697,Mobile,+8550962513697
Smart-096-2513698,Mobile,+8550962513698
Smart-096-2513699,Mobile,+8550962513699
Smart-096-2513700,Mobile,+8550962513700
Smart-096-2513701,Mobile,+8550962513701
Smart-096-2513702,Mobile,+8550962513702
Smart-096-2513703,Mobile,+8550962513703
Smart-096-2513704,Mobile,+8550962513704
Smart-096-2513705,Mobile,+8550962513705
Smart-096-2513706,Mobile,+8550962513706
Smart-096-2513707,Mobile,+8550962513707
Smart-096-2513708,Mobile,+8550962513708
Smart-096-2513709,Mobile,+8550962513709
Smart-096-2513710,Mobile,+8550962513710
Smart-096-2513711,Mobile,+8550962513711
Smart-096-2513712,Mobile,+8550962513712
Smart-096-2513713,Mobile,+8550962513713
Smart-096-2513714,Mobile,+8550962513714
Smart-096-2513715,Mobile,+8550962513715
Smart-096-2513716,Mobile,+8550962513716
Smart-096-2513717,Mobile,+8550962513717
Smart-096-2513718,Mobile,+8550962513718
Smart-096-2513719,Mobile,+8550962513719
Smart-096-2513720,Mobile,+8550962513720
Smart-096-2513721,Mobile,+8550962513721
Smart-096-2513722,Mobile,+8550962513722
Smart-096-2513723,Mobile,+8550962513723
Smart-096-2513724,Mobile,+8550962513724
Smart-096-2513725,Mobile,+8550962513725
Smart-096-2513726,Mobile,+8550962513726
Smart-096-2513727,Mobile,+8550962513727
Smart-096-2513728,Mobile,+8550962513728
Smart-096-2513729,Mobile,+8550962513729
Smart-096-2513730,Mobile,+8550962513730
Smart-096-2513731,Mobile,+8550962513731
Smart-096-2513732,Mobile,+8550962513732
Smart-096-2513733,Mobile,+8550962513733
Smart-096-2513734,Mobile,+8550962513734
Smart-096-2513735,Mobile,+8550962513735
Smart-096-2513736,Mobile,+8550962513736
Smart-096-2513737,Mobile,+8550962513737
Smart-096-2513738,Mobile,+8550962513738
Smart-096-2513739,Mobile,+8550962513739
Smart-096-2513740,Mobile,+8550962513740
Smart-096-2513741,Mobile,+8550962513741
Smart-096-2513742,Mobile,+8550962513742
Smart-096-2513743,Mobile,+8550962513743
Smart-096-2513744,Mobile,+8550962513744
Smart-096-2513745,Mobile,+8550962513745
Smart-096-2513746,Mobile,+8550962513746
Smart-096-2513747,Mobile,+8550962513747
Smart-096-2513748,Mobile,+8550962513748
Smart-096-2513749,Mobile,+8550962513749
Smart-096-2513750,Mobile,+8550962513750
Smart-096-2513751,Mobile,+8550962513751
Smart-096-2513752,Mobile,+8550962513752
Smart-096-2513753,Mobile,+8550962513753
Smart-096-2513754,Mobile,+8550962513754
Smart-096-2513755,Mobile,+8550962513755
Smart-096-2513756,Mobile,+8550962513756
Smart-096-2513757,Mobile,+8550962513757
Smart-096-2513758,Mobile,+8550962513758
Smart-096-2513759,Mobile,+8550962513759
Smart-096-2513760,Mobile,+8550962513760
Smart-096-2513761,Mobile,+8550962513761
Smart-096-2513762,Mobile,+8550962513762
Smart-096-2513763,Mobile,+8550962513763
Smart-096-2513764,Mobile,+8550962513764
Smart-096-2513765,Mobile,+8550962513765
Smart-096-2513766,Mobile,+8550962513766
Smart-096-2513767,Mobile,+8550962513767
Smart-096-2513768,Mobile,+8550962513768
Smart-096-2513769,Mobile,+8550962513769
Smart-096-2513770,Mobile,+8550962513770
Smart-096-2513771,Mobile,+8550962513771
Smart-096-2513772,Mobile,+8550962513772
Smart-096-2513773,Mobile,+8550962513773
Smart-096-2513774,Mobile,+8550962513774
Smart-096-2513775,Mobile,+8550962513775
Smart-096-2513776,Mobile,+8550962513776
Smart-096-2513777,Mobile,+8550962513777
Smart-096-2513778,Mobile,+8550962513778
Smart-096-2513779,Mobile,+8550962513779
Smart-096-2513780,Mobile,+8550962513780
Smart-096-2513781,Mobile,+8550962513781
Smart-096-2513782,Mobile,+8550962513782
Smart-096-2513783,Mobile,+8550962513783
Smart-096-2513784,Mobile,+8550962513784
Smart-096-2513785,Mobile,+8550962513785
Smart-096-2513786,Mobile,+8550962513786
Smart-096-2513787,Mobile,+8550962513787
Smart-096-2513788,Mobile,+8550962513788
Smart-096-2513789,Mobile,+8550962513789
Smart-096-2513790,Mobile,+8550962513790
Smart-096-2513791,Mobile,+8550962513791
Smart-096-2513792,Mobile,+8550962513792
Smart-096-2513793,Mobile,+8550962513793
Smart-096-2513794,Mobile,+8550962513794
Smart-096-2513795,Mobile,+8550962513795
Smart-096-2513796,Mobile,+8550962513796
Smart-096-2513797,Mobile,+8550962513797
Smart-096-2513798,Mobile,+8550962513798
Smart-096-2513799,Mobile,+8550962513799
Smart-096-2513800,Mobile,+8550962513800
Smart-096-2513801,Mobile,+8550962513801
Smart-096-2513802,Mobile,+8550962513802
Smart-096-2513803,Mobile,+8550962513803
Smart-096-2513804,Mobile,+8550962513804
Smart-096-2513805,Mobile,+8550962513805
Smart-096-2513806,Mobile,+8550962513806
Smart-096-2513807,Mobile,+8550962513807
Smart-096-2513808,Mobile,+8550962513808
Smart-096-2513809,Mobile,+8550962513809
Smart-096-2513810,Mobile,+8550962513810
Smart-096-2513811,Mobile,+8550962513811
Smart-096-2513812,Mobile,+8550962513812
Smart-096-2513813,Mobile,+8550962513813
Smart-096-2513814,Mobile,+8550962513814
Smart-096-2513815,Mobile,+8550962513815
Smart-096-2513816,Mobile,+8550962513816
Smart-096-2513817,Mobile,+8550962513817
Smart-096-2513818,Mobile,+8550962513818
Smart-096-2513819,Mobile,+8550962513819
Smart-096-2513820,Mobile,+8550962513820
Smart-096-2513821,Mobile,+8550962513821
Smart-096-2513822,Mobile,+8550962513822
Smart-096-2513823,Mobile,+8550962513823
Smart-096-2513824,Mobile,+8550962513824
Smart-096-2513825,Mobile,+8550962513825
Smart-096-2513826,Mobile,+8550962513826
Smart-096-2513827,Mobile,+8550962513827
Smart-096-2513828,Mobile,+8550962513828
Smart-096-2513829,Mobile,+8550962513829
Smart-096-2513830,Mobile,+8550962513830
Smart-096-2513831,Mobile,+8550962513831
Smart-096-2513832,Mobile,+8550962513832
Smart-096-2513833,Mobile,+8550962513833
Smart-096-2513834,Mobile,+8550962513834
Smart-096-2513835,Mobile,+8550962513835
Smart-096-2513836,Mobile,+8550962513836
Smart-096-2513837,Mobile,+8550962513837
Smart-096-2513838,Mobile,+8550962513838
Smart-096-2513839,Mobile,+8550962513839
Smart-096-2513840,Mobile,+8550962513840
Smart-096-2513841,Mobile,+8550962513841
Smart-096-2513842,Mobile,+8550962513842
Smart-096-2513843,Mobile,+8550962513843
Smart-096-2513844,Mobile,+8550962513844
Smart-096-2513845,Mobile,+8550962513845
Smart-096-2513846,Mobile,+8550962513846
Smart-096-2513847,Mobile,+8550962513847
Smart-096-2513848,Mobile,+8550962513848
Smart-096-2513849,Mobile,+8550962513849
Smart-096-2513850,Mobile,+8550962513850
Smart-096-2513851,Mobile,+8550962513851
Smart-096-2513852,Mobile,+8550962513852
Smart-096-2513853,Mobile,+8550962513853
Smart-096-2513854,Mobile,+8550962513854
Smart-096-2513855,Mobile,+8550962513855
Smart-096-2513856,Mobile,+8550962513856
Smart-096-2513857,Mobile,+8550962513857
Smart-096-2513858,Mobile,+8550962513858
Smart-096-2513859,Mobile,+8550962513859
Smart-096-2513860,Mobile,+8550962513860
Smart-096-2513861,Mobile,+8550962513861
Smart-096-2513862,Mobile,+8550962513862
Smart-096-2513863,Mobile,+8550962513863
Smart-096-2513864,Mobile,+8550962513864
Smart-096-2513865,Mobile,+8550962513865
Smart-096-2513866,Mobile,+8550962513866
Smart-096-2513867,Mobile,+8550962513867
Smart-096-2513868,Mobile,+8550962513868
Smart-096-2513869,Mobile,+8550962513869
Smart-096-2513870,Mobile,+8550962513870
Smart-096-2513871,Mobile,+8550962513871
Smart-096-2513872,Mobile,+8550962513872
Smart-096-2513873,Mobile,+8550962513873
Smart-096-2513874,Mobile,+8550962513874
Smart-096-2513875,Mobile,+8550962513875
Smart-096-2513876,Mobile,+8550962513876
Smart-096-2513877,Mobile,+8550962513877
Smart-096-2513878,Mobile,+8550962513878
Smart-096-2513879,Mobile,+8550962513879
Smart-096-2513880,Mobile,+8550962513880
Smart-096-2513881,Mobile,+8550962513881
Smart-096-2513882,Mobile,+8550962513882
Smart-096-2513883,Mobile,+8550962513883
Smart-096-2513884,Mobile,+8550962513884
Smart-096-2513885,Mobile,+8550962513885
Smart-096-2513886,Mobile,+8550962513886
Smart-096-2513887,Mobile,+8550962513887
Smart-096-2513888,Mobile,+8550962513888
Smart-096-2513889,Mobile,+8550962513889
Smart-096-2513890,Mobile,+8550962513890
Smart-096-2513891,Mobile,+8550962513891
Smart-096-2513892,Mobile,+8550962513892
Smart-096-2513893,Mobile,+8550962513893
Smart-096-2513894,Mobile,+8550962513894
Smart-096-2513895,Mobile,+8550962513895
Smart-096-2513896,Mobile,+8550962513896
Smart-096-2513897,Mobile,+8550962513897
Smart-096-2513898,Mobile,+8550962513898
Smart-096-2513899,Mobile,+8550962513899
Smart-096-2513900,Mobile,+8550962513900
Smart-096-2513901,Mobile,+8550962513901
Smart-096-2513902,Mobile,+8550962513902
Smart-096-2513903,Mobile,+8550962513903
Smart-096-2513904,Mobile,+8550962513904
Smart-096-2513905,Mobile,+8550962513905
Smart-096-2513906,Mobile,+8550962513906
Smart-096-2513907,Mobile,+8550962513907
Smart-096-2513908,Mobile,+8550962513908
Smart-096-2513909,Mobile,+8550962513909
Smart-096-2513910,Mobile,+8550962513910
Smart-096-2513911,Mobile,+8550962513911
Smart-096-2513912,Mobile,+8550962513912
Smart-096-2513913,Mobile,+8550962513913
Smart-096-2513914,Mobile,+8550962513914
Smart-096-2513915,Mobile,+8550962513915
Smart-096-2513916,Mobile,+8550962513916
Smart-096-2513917,Mobile,+8550962513917
Smart-096-2513918,Mobile,+8550962513918
Smart-096-2513919,Mobile,+8550962513919
Smart-096-2513920,Mobile,+8550962513920
Smart-096-2513921,Mobile,+8550962513921
Smart-096-2513922,Mobile,+8550962513922
Smart-096-2513923,Mobile,+8550962513923
Smart-096-2513924,Mobile,+8550962513924
Smart-096-2513925,Mobile,+8550962513925
Smart-096-2513926,Mobile,+8550962513926
Smart-096-2513927,Mobile,+8550962513927
Smart-096-2513928,Mobile,+8550962513928
Smart-096-2513929,Mobile,+8550962513929
Smart-096-2513930,Mobile,+8550962513930
Smart-096-2513931,Mobile,+8550962513931
Smart-096-2513932,Mobile,+8550962513932
Smart-096-2513933,Mobile,+8550962513933
Smart-096-2513934,Mobile,+8550962513934
Smart-096-2513935,Mobile,+8550962513935
Smart-096-2513936,Mobile,+8550962513936
Smart-096-2513937,Mobile,+8550962513937
Smart-096-2513938,Mobile,+8550962513938
Smart-096-2513939,Mobile,+8550962513939
Smart-096-2513940,Mobile,+8550962513940
Smart-096-2513941,Mobile,+8550962513941
Smart-096-2513942,Mobile,+8550962513942
Smart-096-2513943,Mobile,+8550962513943
Smart-096-2513944,Mobile,+8550962513944
Smart-096-2513945,Mobile,+8550962513945
Smart-096-2513946,Mobile,+8550962513946
Smart-096-2513947,Mobile,+8550962513947
Smart-096-2513948,Mobile,+8550962513948
Smart-096-2513949,Mobile,+8550962513949
Smart-096-2513950,Mobile,+8550962513950
Smart-096-2513951,Mobile,+8550962513951
Smart-096-2513952,Mobile,+8550962513952
Smart-096-2513953,Mobile,+8550962513953
Smart-096-2513954,Mobile,+8550962513954
Smart-096-2513955,Mobile,+8550962513955
Smart-096-2513956,Mobile,+8550962513956
Smart-096-2513957,Mobile,+8550962513957
Smart-096-2513958,Mobile,+8550962513958
Smart-096-2513959,Mobile,+8550962513959
Smart-096-2513960,Mobile,+8550962513960
Smart-096-2513961,Mobile,+8550962513961
Smart-096-2513962,Mobile,+8550962513962
Smart-096-2513963,Mobile,+8550962513963
Smart-096-2513964,Mobile,+8550962513964
Smart-096-2513965,Mobile,+8550962513965
Smart-096-2513966,Mobile,+8550962513966
Smart-096-2513967,Mobile,+8550962513967
Smart-096-2513968,Mobile,+8550962513968
Smart-096-2513969,Mobile,+8550962513969
Smart-096-2513970,Mobile,+8550962513970
Smart-096-2513971,Mobile,+8550962513971
Smart-096-2513972,Mobile,+8550962513972
Smart-096-2513973,Mobile,+8550962513973
Smart-096-2513974,Mobile,+8550962513974
Smart-096-2513975,Mobile,+8550962513975
Smart-096-2513976,Mobile,+8550962513976
Smart-096-2513977,Mobile,+8550962513977
Smart-096-2513978,Mobile,+8550962513978
Smart-096-2513979,Mobile,+8550962513979
Smart-096-2513980,Mobile,+8550962513980
Smart-096-2513981,Mobile,+8550962513981
Smart-096-2513982,Mobile,+8550962513982
Smart-096-2513983,Mobile,+8550962513983
Smart-096-2513984,Mobile,+8550962513984
Smart-096-2513985,Mobile,+8550962513985
Smart-096-2513986,Mobile,+8550962513986
Smart-096-2513987,Mobile,+8550962513987
Smart-096-2513988,Mobile,+8550962513988
Smart-096-2513989,Mobile,+8550962513989
Smart-096-2513990,Mobile,+8550962513990
Smart-096-2513991,Mobile,+8550962513991
Smart-096-2513992,Mobile,+8550962513992
Smart-096-2513993,Mobile,+8550962513993
Smart-096-2513994,Mobile,+8550962513994
Smart-096-2513995,Mobile,+8550962513995
Smart-096-2513996,Mobile,+8550962513996
Smart-096-2513997,Mobile,+8550962513997
Smart-096-2513998,Mobile,+8550962513998
Smart-096-2513999,Mobile,+8550962513999
Smart-096-2514000,Mobile,+8550962514000
Smart-096-2514001,Mobile,+8550962514001
Smart-096-2514002,Mobile,+8550962514002
Smart-096-2514003,Mobile,+8550962514003
Smart-096-2514004,Mobile,+8550962514004
Smart-096-2514005,Mobile,+8550962514005
Smart-096-2514006,Mobile,+8550962514006
Smart-096-2514007,Mobile,+8550962514007
Smart-096-2514008,Mobile,+8550962514008
Smart-096-2514009,Mobile,+8550962514009
Smart-096-2514010,Mobile,+8550962514010
Smart-096-2514011,Mobile,+8550962514011
Smart-096-2514012,Mobile,+8550962514012
Smart-096-2514013,Mobile,+8550962514013
Smart-096-2514014,Mobile,+8550962514014
Smart-096-2514015,Mobile,+8550962514015
Smart-096-2514016,Mobile,+8550962514016
Smart-096-2514017,Mobile,+8550962514017
Smart-096-2514018,Mobile,+8550962514018
Smart-096-2514019,Mobile,+8550962514019
Smart-096-2514020,Mobile,+8550962514020
Smart-096-2514021,Mobile,+8550962514021
Smart-096-2514022,Mobile,+8550962514022
Smart-096-2514023,Mobile,+8550962514023
Smart-096-2514024,Mobile,+8550962514024
Smart-096-2514025,Mobile,+8550962514025
Smart-096-2514026,Mobile,+8550962514026
Smart-096-2514027,Mobile,+8550962514027
Smart-096-2514028,Mobile,+8550962514028
Smart-096-2514029,Mobile,+8550962514029
Smart-096-2514030,Mobile,+8550962514030
Smart-096-2514031,Mobile,+8550962514031
Smart-096-2514032,Mobile,+8550962514032
Smart-096-2514033,Mobile,+8550962514033
Smart-096-2514034,Mobile,+8550962514034
Smart-096-2514035,Mobile,+8550962514035
Smart-096-2514036,Mobile,+8550962514036
Smart-096-2514037,Mobile,+8550962514037
Smart-096-2514038,Mobile,+8550962514038
Smart-096-2514039,Mobile,+8550962514039
Smart-096-2514040,Mobile,+8550962514040
Smart-096-2514041,Mobile,+8550962514041
Smart-096-2514042,Mobile,+8550962514042
Smart-096-2514043,Mobile,+8550962514043
Smart-096-2514044,Mobile,+8550962514044
Smart-096-2514045,Mobile,+8550962514045
Smart-096-2514046,Mobile,+8550962514046
Smart-096-2514047,Mobile,+8550962514047
Smart-096-2514048,Mobile,+8550962514048
Smart-096-2514049,Mobile,+8550962514049
Smart-096-2514050,Mobile,+8550962514050
Smart-096-2514051,Mobile,+8550962514051
Smart-096-2514052,Mobile,+8550962514052
Smart-096-2514053,Mobile,+8550962514053
Smart-096-2514054,Mobile,+8550962514054
Smart-096-2514055,Mobile,+8550962514055
Smart-096-2514056,Mobile,+8550962514056
Smart-096-2514057,Mobile,+8550962514057
Smart-096-2514058,Mobile,+8550962514058
Smart-096-2514059,Mobile,+8550962514059
Smart-096-2514060,Mobile,+8550962514060
Smart-096-2514061,Mobile,+8550962514061
Smart-096-2514062,Mobile,+8550962514062
Smart-096-2514063,Mobile,+8550962514063
Smart-096-2514064,Mobile,+8550962514064
Smart-096-2514065,Mobile,+8550962514065
Smart-096-2514066,Mobile,+8550962514066
Smart-096-2514067,Mobile,+8550962514067
Smart-096-2514068,Mobile,+8550962514068
Smart-096-2514069,Mobile,+8550962514069
Smart-096-2514070,Mobile,+8550962514070
Smart-096-2514071,Mobile,+8550962514071
Smart-096-2514072,Mobile,+8550962514072
Smart-096-2514073,Mobile,+8550962514073
Smart-096-2514074,Mobile,+8550962514074
Smart-096-2514075,Mobile,+8550962514075
Smart-096-2514076,Mobile,+8550962514076
Smart-096-2514077,Mobile,+8550962514077
Smart-096-2514078,Mobile,+8550962514078
Smart-096-2514079,Mobile,+8550962514079
Smart-096-2514080,Mobile,+8550962514080
Smart-096-2514081,Mobile,+8550962514081
Smart-096-2514082,Mobile,+8550962514082
Smart-096-2514083,Mobile,+8550962514083
Smart-096-2514084,Mobile,+8550962514084
Smart-096-2514085,Mobile,+8550962514085
Smart-096-2514086,Mobile,+8550962514086
Smart-096-2514087,Mobile,+8550962514087
Smart-096-2514088,Mobile,+8550962514088
Smart-096-2514089,Mobile,+8550962514089
Smart-096-2514090,Mobile,+8550962514090
Smart-096-2514091,Mobile,+8550962514091
Smart-096-2514092,Mobile,+8550962514092
Smart-096-2514093,Mobile,+8550962514093
Smart-096-2514094,Mobile,+8550962514094
Smart-096-2514095,Mobile,+8550962514095
Smart-096-2514096,Mobile,+8550962514096
Smart-096-2514097,Mobile,+8550962514097
Smart-096-2514098,Mobile,+8550962514098
Smart-096-2514099,Mobile,+8550962514099
Smart-096-2514100,Mobile,+8550962514100
Smart-096-2514101,Mobile,+8550962514101
Smart-096-2514102,Mobile,+8550962514102
Smart-096-2514103,Mobile,+8550962514103
Smart-096-2514104,Mobile,+8550962514104
Smart-096-2514105,Mobile,+8550962514105
Smart-096-2514106,Mobile,+8550962514106
Smart-096-2514107,Mobile,+8550962514107
Smart-096-2514108,Mobile,+8550962514108
Smart-096-2514109,Mobile,+8550962514109
Smart-096-2514110,Mobile,+8550962514110
Smart-096-2514111,Mobile,+8550962514111
Smart-096-2514112,Mobile,+8550962514112
Smart-096-2514113,Mobile,+8550962514113
Smart-096-2514114,Mobile,+8550962514114
Smart-096-2514115,Mobile,+8550962514115
Smart-096-2514116,Mobile,+8550962514116
Smart-096-2514117,Mobile,+8550962514117
Smart-096-2514118,Mobile,+8550962514118
Smart-096-2514119,Mobile,+8550962514119
Smart-096-2514120,Mobile,+8550962514120
Smart-096-2514121,Mobile,+8550962514121
Smart-096-2514122,Mobile,+8550962514122
Smart-096-2514123,Mobile,+8550962514123
Smart-096-2514124,Mobile,+8550962514124
Smart-096-2514125,Mobile,+8550962514125
Smart-096-2514126,Mobile,+8550962514126
Smart-096-2514127,Mobile,+8550962514127
Smart-096-2514128,Mobile,+8550962514128
Smart-096-2514129,Mobile,+8550962514129
Smart-096-2514130,Mobile,+8550962514130
Smart-096-2514131,Mobile,+8550962514131
Smart-096-2514132,Mobile,+8550962514132
Smart-096-2514133,Mobile,+8550962514133
Smart-096-2514134,Mobile,+8550962514134
Smart-096-2514135,Mobile,+8550962514135
Smart-096-2514136,Mobile,+8550962514136
Smart-096-2514137,Mobile,+8550962514137
Smart-096-2514138,Mobile,+8550962514138
Smart-096-2514139,Mobile,+8550962514139
Smart-096-2514140,Mobile,+8550962514140
Smart-096-2514141,Mobile,+8550962514141
Smart-096-2514142,Mobile,+8550962514142
Smart-096-2514143,Mobile,+8550962514143
Smart-096-2514144,Mobile,+8550962514144
Smart-096-2514145,Mobile,+8550962514145
Smart-096-2514146,Mobile,+8550962514146
Smart-096-2514147,Mobile,+8550962514147
Smart-096-2514148,Mobile,+8550962514148
Smart-096-2514149,Mobile,+8550962514149
Smart-096-2514150,Mobile,+8550962514150
Smart-096-2514151,Mobile,+8550962514151
Smart-096-2514152,Mobile,+8550962514152
Smart-096-2514153,Mobile,+8550962514153
Smart-096-2514154,Mobile,+8550962514154
Smart-096-2514155,Mobile,+8550962514155
Smart-096-2514156,Mobile,+8550962514156
Smart-096-2514157,Mobile,+8550962514157
Smart-096-2514158,Mobile,+8550962514158
Smart-096-2514159,Mobile,+8550962514159
Smart-096-2514160,Mobile,+8550962514160
Smart-096-2514161,Mobile,+8550962514161
Smart-096-2514162,Mobile,+8550962514162
Smart-096-2514163,Mobile,+8550962514163
Smart-096-2514164,Mobile,+8550962514164
Smart-096-2514165,Mobile,+8550962514165
Smart-096-2514166,Mobile,+8550962514166
Smart-096-2514167,Mobile,+8550962514167
Smart-096-2514168,Mobile,+8550962514168
Smart-096-2514169,Mobile,+8550962514169
Smart-096-2514170,Mobile,+8550962514170
Smart-096-2514171,Mobile,+8550962514171
Smart-096-2514172,Mobile,+8550962514172
Smart-096-2514173,Mobile,+8550962514173
Smart-096-2514174,Mobile,+8550962514174
Smart-096-2514175,Mobile,+8550962514175
Smart-096-2514176,Mobile,+8550962514176
Smart-096-2514177,Mobile,+8550962514177
Smart-096-2514178,Mobile,+8550962514178
Smart-096-2514179,Mobile,+8550962514179
Smart-096-2514180,Mobile,+8550962514180
Smart-096-2514181,Mobile,+8550962514181
Smart-096-2514182,Mobile,+8550962514182
Smart-096-2514183,Mobile,+8550962514183
Smart-096-2514184,Mobile,+8550962514184
Smart-096-2514185,Mobile,+8550962514185
Smart-096-2514186,Mobile,+8550962514186
Smart-096-2514187,Mobile,+8550962514187
Smart-096-2514188,Mobile,+8550962514188
Smart-096-2514189,Mobile,+8550962514189
Smart-096-2514190,Mobile,+8550962514190
Smart-096-2514191,Mobile,+8550962514191
Smart-096-2514192,Mobile,+8550962514192
Smart-096-2514193,Mobile,+8550962514193
Smart-096-2514194,Mobile,+8550962514194
Smart-096-2514195,Mobile,+8550962514195
Smart-096-2514196,Mobile,+8550962514196
Smart-096-2514197,Mobile,+8550962514197
Smart-096-2514198,Mobile,+8550962514198
Smart-096-2514199,Mobile,+8550962514199
Smart-096-2514200,Mobile,+8550962514200
Smart-096-2514201,Mobile,+8550962514201
Smart-096-2514202,Mobile,+8550962514202
Smart-096-2514203,Mobile,+8550962514203
Smart-096-2514204,Mobile,+8550962514204
Smart-096-2514205,Mobile,+8550962514205
Smart-096-2514206,Mobile,+8550962514206
Smart-096-2514207,Mobile,+8550962514207
Smart-096-2514208,Mobile,+8550962514208
Smart-096-2514209,Mobile,+8550962514209
Smart-096-2514210,Mobile,+8550962514210
Smart-096-2514211,Mobile,+8550962514211
Smart-096-2514212,Mobile,+8550962514212
Smart-096-2514213,Mobile,+8550962514213
Smart-096-2514214,Mobile,+8550962514214
Smart-096-2514215,Mobile,+8550962514215
Smart-096-2514216,Mobile,+8550962514216
Smart-096-2514217,Mobile,+8550962514217
Smart-096-2514218,Mobile,+8550962514218
Smart-096-2514219,Mobile,+8550962514219
Smart-096-2514220,Mobile,+8550962514220
Smart-096-2514221,Mobile,+8550962514221
Smart-096-2514222,Mobile,+8550962514222
Smart-096-2514223,Mobile,+8550962514223
Smart-096-2514224,Mobile,+8550962514224
Smart-096-2514225,Mobile,+8550962514225
Smart-096-2514226,Mobile,+8550962514226
Smart-096-2514227,Mobile,+8550962514227
Smart-096-2514228,Mobile,+8550962514228
Smart-096-2514229,Mobile,+8550962514229
Smart-096-2514230,Mobile,+8550962514230
Smart-096-2514231,Mobile,+8550962514231
Smart-096-2514232,Mobile,+8550962514232
Smart-096-2514233,Mobile,+8550962514233
Smart-096-2514234,Mobile,+8550962514234
Smart-096-2514235,Mobile,+8550962514235
Smart-096-2514236,Mobile,+8550962514236
Smart-096-2514237,Mobile,+8550962514237
Smart-096-2514238,Mobile,+8550962514238
Smart-096-2514239,Mobile,+8550962514239
Smart-096-2514240,Mobile,+8550962514240
Smart-096-2514241,Mobile,+8550962514241
Smart-096-2514242,Mobile,+8550962514242
Smart-096-2514243,Mobile,+8550962514243
Smart-096-2514244,Mobile,+8550962514244
Smart-096-2514245,Mobile,+8550962514245
Smart-096-2514246,Mobile,+8550962514246
Smart-096-2514247,Mobile,+8550962514247
Smart-096-2514248,Mobile,+8550962514248
Smart-096-2514249,Mobile,+8550962514249
Smart-096-2514250,Mobile,+8550962514250
Smart-096-2514251,Mobile,+8550962514251
Smart-096-2514252,Mobile,+8550962514252
Smart-096-2514253,Mobile,+8550962514253
Smart-096-2514254,Mobile,+8550962514254
Smart-096-2514255,Mobile,+8550962514255
Smart-096-2514256,Mobile,+8550962514256
Smart-096-2514257,Mobile,+8550962514257
Smart-096-2514258,Mobile,+8550962514258
Smart-096-2514259,Mobile,+8550962514259
Smart-096-2514260,Mobile,+8550962514260
Smart-096-2514261,Mobile,+8550962514261
Smart-096-2514262,Mobile,+8550962514262
Smart-096-2514263,Mobile,+8550962514263
Smart-096-2514264,Mobile,+8550962514264
Smart-096-2514265,Mobile,+8550962514265
Smart-096-2514266,Mobile,+8550962514266
Smart-096-2514267,Mobile,+8550962514267
Smart-096-2514268,Mobile,+8550962514268
Smart-096-2514269,Mobile,+8550962514269
Smart-096-2514270,Mobile,+8550962514270
Smart-096-2514271,Mobile,+8550962514271
Smart-096-2514272,Mobile,+8550962514272
Smart-096-2514273,Mobile,+8550962514273
Smart-096-2514274,Mobile,+8550962514274
Smart-096-2514275,Mobile,+8550962514275
Smart-096-2514276,Mobile,+8550962514276
Smart-096-2514277,Mobile,+8550962514277
Smart-096-2514278,Mobile,+8550962514278
Smart-096-2514279,Mobile,+8550962514279
Smart-096-2514280,Mobile,+8550962514280
Smart-096-2514281,Mobile,+8550962514281
Smart-096-2514282,Mobile,+8550962514282
Smart-096-2514283,Mobile,+8550962514283
Smart-096-2514284,Mobile,+8550962514284
Smart-096-2514285,Mobile,+8550962514285
Smart-096-2514286,Mobile,+8550962514286
Smart-096-2514287,Mobile,+8550962514287
Smart-096-2514288,Mobile,+8550962514288
Smart-096-2514289,Mobile,+8550962514289
Smart-096-2514290,Mobile,+8550962514290
Smart-096-2514291,Mobile,+8550962514291
Smart-096-2514292,Mobile,+8550962514292
Smart-096-2514293,Mobile,+8550962514293
Smart-096-2514294,Mobile,+8550962514294
Smart-096-2514295,Mobile,+8550962514295
Smart-096-2514296,Mobile,+8550962514296
Smart-096-2514297,Mobile,+8550962514297
Smart-096-2514298,Mobile,+8550962514298
Smart-096-2514299,Mobile,+8550962514299
Smart-096-2514300,Mobile,+8550962514300
Smart-096-2514301,Mobile,+8550962514301
Smart-096-2514302,Mobile,+8550962514302
Smart-096-2514303,Mobile,+8550962514303
Smart-096-2514304,Mobile,+8550962514304
Smart-096-2514305,Mobile,+8550962514305
Smart-096-2514306,Mobile,+8550962514306
Smart-096-2514307,Mobile,+8550962514307
Smart-096-2514308,Mobile,+8550962514308
Smart-096-2514309,Mobile,+8550962514309
Smart-096-2514310,Mobile,+8550962514310
Smart-096-2514311,Mobile,+8550962514311
Smart-096-2514312,Mobile,+8550962514312
Smart-096-2514313,Mobile,+8550962514313
Smart-096-2514314,Mobile,+8550962514314
Smart-096-2514315,Mobile,+8550962514315
Smart-096-2514316,Mobile,+8550962514316
Smart-096-2514317,Mobile,+8550962514317
Smart-096-2514318,Mobile,+8550962514318
Smart-096-2514319,Mobile,+8550962514319
Smart-096-2514320,Mobile,+8550962514320
Smart-096-2514321,Mobile,+8550962514321
Smart-096-2514322,Mobile,+8550962514322
Smart-096-2514323,Mobile,+8550962514323
Smart-096-2514324,Mobile,+8550962514324
Smart-096-2514325,Mobile,+8550962514325
Smart-096-2514326,Mobile,+8550962514326
Smart-096-2514327,Mobile,+8550962514327
Smart-096-2514328,Mobile,+8550962514328
Smart-096-2514329,Mobile,+8550962514329
Smart-096-2514330,Mobile,+8550962514330
Smart-096-2514331,Mobile,+8550962514331
Smart-096-2514332,Mobile,+8550962514332
Smart-096-2514333,Mobile,+8550962514333
Smart-096-2514334,Mobile,+8550962514334
Smart-096-2514335,Mobile,+8550962514335
Smart-096-2514336,Mobile,+8550962514336
Smart-096-2514337,Mobile,+8550962514337
Smart-096-2514338,Mobile,+8550962514338
Smart-096-2514339,Mobile,+8550962514339
Smart-096-2514340,Mobile,+8550962514340
Smart-096-2514341,Mobile,+8550962514341
Smart-096-2514342,Mobile,+8550962514342
Smart-096-2514343,Mobile,+8550962514343
Smart-096-2514344,Mobile,+8550962514344
Smart-096-2514345,Mobile,+8550962514345
Smart-096-2514346,Mobile,+8550962514346
Smart-096-2514347,Mobile,+8550962514347
Smart-096-2514348,Mobile,+8550962514348
Smart-096-2514349,Mobile,+8550962514349
Smart-096-2514350,Mobile,+8550962514350
Smart-096-2514351,Mobile,+8550962514351
Smart-096-2514352,Mobile,+8550962514352
Smart-096-2514353,Mobile,+8550962514353
Smart-096-2514354,Mobile,+8550962514354
Smart-096-2514355,Mobile,+8550962514355
Smart-096-2514356,Mobile,+8550962514356
Smart-096-2514357,Mobile,+8550962514357
Smart-096-2514358,Mobile,+8550962514358
Smart-096-2514359,Mobile,+8550962514359
Smart-096-2514360,Mobile,+8550962514360
Smart-096-2514361,Mobile,+8550962514361
Smart-096-2514362,Mobile,+8550962514362
Smart-096-2514363,Mobile,+8550962514363
Smart-096-2514364,Mobile,+8550962514364
Smart-096-2514365,Mobile,+8550962514365
Smart-096-2514366,Mobile,+8550962514366
Smart-096-2514367,Mobile,+8550962514367
Smart-096-2514368,Mobile,+8550962514368
Smart-096-2514369,Mobile,+8550962514369
Smart-096-2514370,Mobile,+8550962514370
Smart-096-2514371,Mobile,+8550962514371
Smart-096-2514372,Mobile,+8550962514372
Smart-096-2514373,Mobile,+8550962514373
Smart-096-2514374,Mobile,+8550962514374
Smart-096-2514375,Mobile,+8550962514375
Smart-096-2514376,Mobile,+8550962514376
Smart-096-2514377,Mobile,+8550962514377
Smart-096-2514378,Mobile,+8550962514378
Smart-096-2514379,Mobile,+8550962514379
Smart-096-2514380,Mobile,+8550962514380
Smart-096-2514381,Mobile,+8550962514381
Smart-096-2514382,Mobile,+8550962514382
Smart-096-2514383,Mobile,+8550962514383
Smart-096-2514384,Mobile,+8550962514384
Smart-096-2514385,Mobile,+8550962514385
Smart-096-2514386,Mobile,+8550962514386
Smart-096-2514387,Mobile,+8550962514387
Smart-096-2514388,Mobile,+8550962514388
Smart-096-2514389,Mobile,+8550962514389
Smart-096-2514390,Mobile,+8550962514390
Smart-096-2514391,Mobile,+8550962514391
Smart-096-2514392,Mobile,+8550962514392
Smart-096-2514393,Mobile,+8550962514393
Smart-096-2514394,Mobile,+8550962514394
Smart-096-2514395,Mobile,+8550962514395
Smart-096-2514396,Mobile,+8550962514396
Smart-096-2514397,Mobile,+8550962514397
Smart-096-2514398,Mobile,+8550962514398
Smart-096-2514399,Mobile,+8550962514399
Smart-096-2514400,Mobile,+8550962514400
Smart-096-2514401,Mobile,+8550962514401
Smart-096-2514402,Mobile,+8550962514402
Smart-096-2514403,Mobile,+8550962514403
Smart-096-2514404,Mobile,+8550962514404
Smart-096-2514405,Mobile,+8550962514405
Smart-096-2514406,Mobile,+8550962514406
Smart-096-2514407,Mobile,+8550962514407
Smart-096-2514408,Mobile,+8550962514408
Smart-096-2514409,Mobile,+8550962514409
Smart-096-2514410,Mobile,+8550962514410
Smart-096-2514411,Mobile,+8550962514411
Smart-096-2514412,Mobile,+8550962514412
Smart-096-2514413,Mobile,+8550962514413
Smart-096-2514414,Mobile,+8550962514414
Smart-096-2514415,Mobile,+8550962514415
Smart-096-2514416,Mobile,+8550962514416
Smart-096-2514417,Mobile,+8550962514417
Smart-096-2514418,Mobile,+8550962514418
Smart-096-2514419,Mobile,+8550962514419
Smart-096-2514420,Mobile,+8550962514420
Smart-096-2514421,Mobile,+8550962514421
Smart-096-2514422,Mobile,+8550962514422
Smart-096-2514423,Mobile,+8550962514423
Smart-096-2514424,Mobile,+8550962514424
Smart-096-2514425,Mobile,+8550962514425
Smart-096-2514426,Mobile,+8550962514426
Smart-096-2514427,Mobile,+8550962514427
Smart-096-2514428,Mobile,+8550962514428
Smart-096-2514429,Mobile,+8550962514429
Smart-096-2514430,Mobile,+8550962514430
Smart-096-2514431,Mobile,+8550962514431
Smart-096-2514432,Mobile,+8550962514432
Smart-096-2514433,Mobile,+8550962514433
Smart-096-2514434,Mobile,+8550962514434
Smart-096-2514435,Mobile,+8550962514435
Smart-096-2514436,Mobile,+8550962514436
Smart-096-2514437,Mobile,+8550962514437
Smart-096-2514438,Mobile,+8550962514438
Smart-096-2514439,Mobile,+8550962514439
Smart-096-2514440,Mobile,+8550962514440
Smart-096-2514441,Mobile,+8550962514441
Smart-096-2514442,Mobile,+8550962514442
Smart-096-2514443,Mobile,+8550962514443
Smart-096-2514444,Mobile,+8550962514444
Smart-096-2514445,Mobile,+8550962514445
Smart-096-2514446,Mobile,+8550962514446
Smart-096-2514447,Mobile,+8550962514447
Smart-096-2514448,Mobile,+8550962514448
Smart-096-2514449,Mobile,+8550962514449
Smart-096-2514450,Mobile,+8550962514450
Smart-096-2514451,Mobile,+8550962514451
Smart-096-2514452,Mobile,+8550962514452
Smart-096-2514453,Mobile,+8550962514453
Smart-096-2514454,Mobile,+8550962514454
Smart-096-2514455,Mobile,+8550962514455
Smart-096-2514456,Mobile,+8550962514456
Smart-096-2514457,Mobile,+8550962514457
Smart-096-2514458,Mobile,+8550962514458
Smart-096-2514459,Mobile,+8550962514459
Smart-096-2514460,Mobile,+8550962514460
Smart-096-2514461,Mobile,+8550962514461
Smart-096-2514462,Mobile,+8550962514462
Smart-096-2514463,Mobile,+8550962514463
Smart-096-2514464,Mobile,+8550962514464
Smart-096-2514465,Mobile,+8550962514465
Smart-096-2514466,Mobile,+8550962514466
Smart-096-2514467,Mobile,+8550962514467
Smart-096-2514468,Mobile,+8550962514468
Smart-096-2514469,Mobile,+8550962514469
Smart-096-2514470,Mobile,+8550962514470
Smart-096-2514471,Mobile,+8550962514471
Smart-096-2514472,Mobile,+8550962514472
Smart-096-2514473,Mobile,+8550962514473
Smart-096-2514474,Mobile,+8550962514474
Smart-096-2514475,Mobile,+8550962514475
Smart-096-2514476,Mobile,+8550962514476
Smart-096-2514477,Mobile,+8550962514477
Smart-096-2514478,Mobile,+8550962514478
Smart-096-2514479,Mobile,+8550962514479
Smart-096-2514480,Mobile,+8550962514480
Smart-096-2514481,Mobile,+8550962514481
Smart-096-2514482,Mobile,+8550962514482
Smart-096-2514483,Mobile,+8550962514483
Smart-096-2514484,Mobile,+8550962514484
Smart-096-2514485,Mobile,+8550962514485
Smart-096-2514486,Mobile,+8550962514486
Smart-096-2514487,Mobile,+8550962514487
Smart-096-2514488,Mobile,+8550962514488
Smart-096-2514489,Mobile,+8550962514489
Smart-096-2514490,Mobile,+8550962514490
Smart-096-2514491,Mobile,+8550962514491
Smart-096-2514492,Mobile,+8550962514492
Smart-096-2514493,Mobile,+8550962514493
Smart-096-2514494,Mobile,+8550962514494
Smart-096-2514495,Mobile,+8550962514495
Smart-096-2514496,Mobile,+8550962514496
Smart-096-2514497,Mobile,+8550962514497
Smart-096-2514498,Mobile,+8550962514498
Smart-096-2514499,Mobile,+8550962514499
Smart-096-2514500,Mobile,+8550962514500
Smart-096-2514501,Mobile,+8550962514501
Smart-096-2514502,Mobile,+8550962514502
Smart-096-2514503,Mobile,+8550962514503
Smart-096-2514504,Mobile,+8550962514504
Smart-096-2514505,Mobile,+8550962514505
Smart-096-2514506,Mobile,+8550962514506
Smart-096-2514507,Mobile,+8550962514507
Smart-096-2514508,Mobile,+8550962514508
Smart-096-2514509,Mobile,+8550962514509
Smart-096-2514510,Mobile,+8550962514510
Smart-096-2514511,Mobile,+8550962514511
Smart-096-2514512,Mobile,+8550962514512
Smart-096-2514513,Mobile,+8550962514513
Smart-096-2514514,Mobile,+8550962514514
Smart-096-2514515,Mobile,+8550962514515
Smart-096-2514516,Mobile,+8550962514516
Smart-096-2514517,Mobile,+8550962514517
Smart-096-2514518,Mobile,+8550962514518
Smart-096-2514519,Mobile,+8550962514519
Smart-096-2514520,Mobile,+8550962514520
Smart-096-2514521,Mobile,+8550962514521
Smart-096-2514522,Mobile,+8550962514522
Smart-096-2514523,Mobile,+8550962514523
Smart-096-2514524,Mobile,+8550962514524
Smart-096-2514525,Mobile,+8550962514525
Smart-096-2514526,Mobile,+8550962514526
Smart-096-2514527,Mobile,+8550962514527
Smart-096-2514528,Mobile,+8550962514528
Smart-096-2514529,Mobile,+8550962514529
Smart-096-2514530,Mobile,+8550962514530
Smart-096-2514531,Mobile,+8550962514531
Smart-096-2514532,Mobile,+8550962514532
Smart-096-2514533,Mobile,+8550962514533
Smart-096-2514534,Mobile,+8550962514534
Smart-096-2514535,Mobile,+8550962514535
Smart-096-2514536,Mobile,+8550962514536
Smart-096-2514537,Mobile,+8550962514537
Smart-096-2514538,Mobile,+8550962514538
Smart-096-2514539,Mobile,+8550962514539
Smart-096-2514540,Mobile,+8550962514540
Smart-096-2514541,Mobile,+8550962514541
Smart-096-2514542,Mobile,+8550962514542
Smart-096-2514543,Mobile,+8550962514543
Smart-096-2514544,Mobile,+8550962514544
Smart-096-2514545,Mobile,+8550962514545
Smart-096-2514546,Mobile,+8550962514546
Smart-096-2514547,Mobile,+8550962514547
Smart-096-2514548,Mobile,+8550962514548
Smart-096-2514549,Mobile,+8550962514549
Smart-096-2514550,Mobile,+8550962514550
Smart-096-2514551,Mobile,+8550962514551
Smart-096-2514552,Mobile,+8550962514552
Smart-096-2514553,Mobile,+8550962514553
Smart-096-2514554,Mobile,+8550962514554
Smart-096-2514555,Mobile,+8550962514555
Smart-096-2514556,Mobile,+8550962514556
Smart-096-2514557,Mobile,+8550962514557
Smart-096-2514558,Mobile,+8550962514558
Smart-096-2514559,Mobile,+8550962514559
Smart-096-2514560,Mobile,+8550962514560
Smart-096-2514561,Mobile,+8550962514561
Smart-096-2514562,Mobile,+8550962514562
Smart-096-2514563,Mobile,+8550962514563
Smart-096-2514564,Mobile,+8550962514564
Smart-096-2514565,Mobile,+8550962514565
Smart-096-2514566,Mobile,+8550962514566
Smart-096-2514567,Mobile,+8550962514567
Smart-096-2514568,Mobile,+8550962514568
Smart-096-2514569,Mobile,+8550962514569
Smart-096-2514570,Mobile,+8550962514570
Smart-096-2514571,Mobile,+8550962514571
Smart-096-2514572,Mobile,+8550962514572
Smart-096-2514573,Mobile,+8550962514573
Smart-096-2514574,Mobile,+8550962514574
Smart-096-2514575,Mobile,+8550962514575
Smart-096-2514576,Mobile,+8550962514576
Smart-096-2514577,Mobile,+8550962514577
Smart-096-2514578,Mobile,+8550962514578
Smart-096-2514579,Mobile,+8550962514579
Smart-096-2514580,Mobile,+8550962514580
Smart-096-2514581,Mobile,+8550962514581
Smart-096-2514582,Mobile,+8550962514582
Smart-096-2514583,Mobile,+8550962514583
Smart-096-2514584,Mobile,+8550962514584
Smart-096-2514585,Mobile,+8550962514585
Smart-096-2514586,Mobile,+8550962514586
Smart-096-2514587,Mobile,+8550962514587
Smart-096-2514588,Mobile,+8550962514588
Smart-096-2514589,Mobile,+8550962514589
Smart-096-2514590,Mobile,+8550962514590
Smart-096-2514591,Mobile,+8550962514591
Smart-096-2514592,Mobile,+8550962514592
Smart-096-2514593,Mobile,+8550962514593
Smart-096-2514594,Mobile,+8550962514594
Smart-096-2514595,Mobile,+8550962514595
Smart-096-2514596,Mobile,+8550962514596
Smart-096-2514597,Mobile,+8550962514597
Smart-096-2514598,Mobile,+8550962514598
Smart-096-2514599,Mobile,+8550962514599
Smart-096-2514600,Mobile,+8550962514600
Smart-096-2514601,Mobile,+8550962514601
Smart-096-2514602,Mobile,+8550962514602
Smart-096-2514603,Mobile,+8550962514603
Smart-096-2514604,Mobile,+8550962514604
Smart-096-2514605,Mobile,+8550962514605
Smart-096-2514606,Mobile,+8550962514606
Smart-096-2514607,Mobile,+8550962514607
Smart-096-2514608,Mobile,+8550962514608
Smart-096-2514609,Mobile,+8550962514609
Smart-096-2514610,Mobile,+8550962514610
Smart-096-2514611,Mobile,+8550962514611
Smart-096-2514612,Mobile,+8550962514612
Smart-096-2514613,Mobile,+8550962514613
Smart-096-2514614,Mobile,+8550962514614
Smart-096-2514615,Mobile,+8550962514615
Smart-096-2514616,Mobile,+8550962514616
Smart-096-2514617,Mobile,+8550962514617
Smart-096-2514618,Mobile,+8550962514618
Smart-096-2514619,Mobile,+8550962514619
Smart-096-2514620,Mobile,+8550962514620
Smart-096-2514621,Mobile,+8550962514621
Smart-096-2514622,Mobile,+8550962514622
Smart-096-2514623,Mobile,+8550962514623
Smart-096-2514624,Mobile,+8550962514624
Smart-096-2514625,Mobile,+8550962514625
Smart-096-2514626,Mobile,+8550962514626
Smart-096-2514627,Mobile,+8550962514627
Smart-096-2514628,Mobile,+8550962514628
Smart-096-2514629,Mobile,+8550962514629
Smart-096-2514630,Mobile,+8550962514630
Smart-096-2514631,Mobile,+8550962514631
Smart-096-2514632,Mobile,+8550962514632
Smart-096-2514633,Mobile,+8550962514633
Smart-096-2514634,Mobile,+8550962514634
Smart-096-2514635,Mobile,+8550962514635
Smart-096-2514636,Mobile,+8550962514636
Smart-096-2514637,Mobile,+8550962514637
Smart-096-2514638,Mobile,+8550962514638
Smart-096-2514639,Mobile,+8550962514639
Smart-096-2514640,Mobile,+8550962514640
Smart-096-2514641,Mobile,+8550962514641
Smart-096-2514642,Mobile,+8550962514642
Smart-096-2514643,Mobile,+8550962514643
Smart-096-2514644,Mobile,+8550962514644
Smart-096-2514645,Mobile,+8550962514645
Smart-096-2514646,Mobile,+8550962514646
Smart-096-2514647,Mobile,+8550962514647
Smart-096-2514648,Mobile,+8550962514648
Smart-096-2514649,Mobile,+8550962514649
Smart-096-2514650,Mobile,+8550962514650
Smart-096-2514651,Mobile,+8550962514651
Smart-096-2514652,Mobile,+8550962514652
Smart-096-2514653,Mobile,+8550962514653
Smart-096-2514654,Mobile,+8550962514654
Smart-096-2514655,Mobile,+8550962514655
Smart-096-2514656,Mobile,+8550962514656
Smart-096-2514657,Mobile,+8550962514657
Smart-096-2514658,Mobile,+8550962514658
Smart-096-2514659,Mobile,+8550962514659
Smart-096-2514660,Mobile,+8550962514660
Smart-096-2514661,Mobile,+8550962514661
Smart-096-2514662,Mobile,+8550962514662
Smart-096-2514663,Mobile,+8550962514663
Smart-096-2514664,Mobile,+8550962514664
Smart-096-2514665,Mobile,+8550962514665
Smart-096-2514666,Mobile,+8550962514666
Smart-096-2514667,Mobile,+8550962514667
Smart-096-2514668,Mobile,+8550962514668
Smart-096-2514669,Mobile,+8550962514669
Smart-096-2514670,Mobile,+8550962514670
Smart-096-2514671,Mobile,+8550962514671
Smart-096-2514672,Mobile,+8550962514672
Smart-096-2514673,Mobile,+8550962514673
Smart-096-2514674,Mobile,+8550962514674
Smart-096-2514675,Mobile,+8550962514675
Smart-096-2514676,Mobile,+8550962514676
Smart-096-2514677,Mobile,+8550962514677
Smart-096-2514678,Mobile,+8550962514678
Smart-096-2514679,Mobile,+8550962514679
Smart-096-2514680,Mobile,+8550962514680
Smart-096-2514681,Mobile,+8550962514681
Smart-096-2514682,Mobile,+8550962514682
Smart-096-2514683,Mobile,+8550962514683
Smart-096-2514684,Mobile,+8550962514684
Smart-096-2514685,Mobile,+8550962514685
Smart-096-2514686,Mobile,+8550962514686
Smart-096-2514687,Mobile,+8550962514687
Smart-096-2514688,Mobile,+8550962514688
Smart-096-2514689,Mobile,+8550962514689
Smart-096-2514690,Mobile,+8550962514690
Smart-096-2514691,Mobile,+8550962514691
Smart-096-2514692,Mobile,+8550962514692
Smart-096-2514693,Mobile,+8550962514693
Smart-096-2514694,Mobile,+8550962514694
Smart-096-2514695,Mobile,+8550962514695
Smart-096-2514696,Mobile,+8550962514696
Smart-096-2514697,Mobile,+8550962514697
Smart-096-2514698,Mobile,+8550962514698
Smart-096-2514699,Mobile,+8550962514699
Smart-096-2514700,Mobile,+8550962514700
Smart-096-2514701,Mobile,+8550962514701
Smart-096-2514702,Mobile,+8550962514702
Smart-096-2514703,Mobile,+8550962514703
Smart-096-2514704,Mobile,+8550962514704
Smart-096-2514705,Mobile,+8550962514705
Smart-096-2514706,Mobile,+8550962514706
Smart-096-2514707,Mobile,+8550962514707
Smart-096-2514708,Mobile,+8550962514708
Smart-096-2514709,Mobile,+8550962514709
Smart-096-2514710,Mobile,+8550962514710
Smart-096-2514711,Mobile,+8550962514711
Smart-096-2514712,Mobile,+8550962514712
Smart-096-2514713,Mobile,+8550962514713
Smart-096-2514714,Mobile,+8550962514714
Smart-096-2514715,Mobile,+8550962514715
Smart-096-2514716,Mobile,+8550962514716
Smart-096-2514717,Mobile,+8550962514717
Smart-096-2514718,Mobile,+8550962514718
Smart-096-2514719,Mobile,+8550962514719
Smart-096-2514720,Mobile,+8550962514720
Smart-096-2514721,Mobile,+8550962514721
Smart-096-2514722,Mobile,+8550962514722
Smart-096-2514723,Mobile,+8550962514723
Smart-096-2514724,Mobile,+8550962514724
Smart-096-2514725,Mobile,+8550962514725
Smart-096-2514726,Mobile,+8550962514726
Smart-096-2514727,Mobile,+8550962514727
Smart-096-2514728,Mobile,+8550962514728
Smart-096-2514729,Mobile,+8550962514729
Smart-096-2514730,Mobile,+8550962514730
Smart-096-2514731,Mobile,+8550962514731
Smart-096-2514732,Mobile,+8550962514732
Smart-096-2514733,Mobile,+8550962514733
Smart-096-2514734,Mobile,+8550962514734
Smart-096-2514735,Mobile,+8550962514735
Smart-096-2514736,Mobile,+8550962514736
Smart-096-2514737,Mobile,+8550962514737
Smart-096-2514738,Mobile,+8550962514738
Smart-096-2514739,Mobile,+8550962514739
Smart-096-2514740,Mobile,+8550962514740
Smart-096-2514741,Mobile,+8550962514741
Smart-096-2514742,Mobile,+8550962514742
Smart-096-2514743,Mobile,+8550962514743
Smart-096-2514744,Mobile,+8550962514744
Smart-096-2514745,Mobile,+8550962514745
Smart-096-2514746,Mobile,+8550962514746
Smart-096-2514747,Mobile,+8550962514747
Smart-096-2514748,Mobile,+8550962514748
Smart-096-2514749,Mobile,+8550962514749
Smart-096-2514750,Mobile,+8550962514750
Smart-096-2514751,Mobile,+8550962514751
Smart-096-2514752,Mobile,+8550962514752
Smart-096-2514753,Mobile,+8550962514753
Smart-096-2514754,Mobile,+8550962514754
Smart-096-2514755,Mobile,+8550962514755
Smart-096-2514756,Mobile,+8550962514756
Smart-096-2514757,Mobile,+8550962514757
Smart-096-2514758,Mobile,+8550962514758
Smart-096-2514759,Mobile,+8550962514759
Smart-096-2514760,Mobile,+8550962514760
Smart-096-2514761,Mobile,+8550962514761
Smart-096-2514762,Mobile,+8550962514762
Smart-096-2514763,Mobile,+8550962514763
Smart-096-2514764,Mobile,+8550962514764
Smart-096-2514765,Mobile,+8550962514765
Smart-096-2514766,Mobile,+8550962514766
Smart-096-2514767,Mobile,+8550962514767
Smart-096-2514768,Mobile,+8550962514768
Smart-096-2514769,Mobile,+8550962514769
Smart-096-2514770,Mobile,+8550962514770
Smart-096-2514771,Mobile,+8550962514771
Smart-096-2514772,Mobile,+8550962514772
Smart-096-2514773,Mobile,+8550962514773
Smart-096-2514774,Mobile,+8550962514774
Smart-096-2514775,Mobile,+8550962514775
Smart-096-2514776,Mobile,+8550962514776
Smart-096-2514777,Mobile,+8550962514777
Smart-096-2514778,Mobile,+8550962514778
Smart-096-2514779,Mobile,+8550962514779
Smart-096-2514780,Mobile,+8550962514780
Smart-096-2514781,Mobile,+8550962514781
Smart-096-2514782,Mobile,+8550962514782
Smart-096-2514783,Mobile,+8550962514783
Smart-096-2514784,Mobile,+8550962514784
Smart-096-2514785,Mobile,+8550962514785
Smart-096-2514786,Mobile,+8550962514786
Smart-096-2514787,Mobile,+8550962514787
Smart-096-2514788,Mobile,+8550962514788
Smart-096-2514789,Mobile,+8550962514789
Smart-096-2514790,Mobile,+8550962514790
Smart-096-2514791,Mobile,+8550962514791
Smart-096-2514792,Mobile,+8550962514792
Smart-096-2514793,Mobile,+8550962514793
Smart-096-2514794,Mobile,+8550962514794
Smart-096-2514795,Mobile,+8550962514795
Smart-096-2514796,Mobile,+8550962514796
Smart-096-2514797,Mobile,+8550962514797
Smart-096-2514798,Mobile,+8550962514798
Smart-096-2514799,Mobile,+8550962514799
Smart-096-2514800,Mobile,+8550962514800
Smart-096-2514801,Mobile,+8550962514801
Smart-096-2514802,Mobile,+8550962514802
Smart-096-2514803,Mobile,+8550962514803
Smart-096-2514804,Mobile,+8550962514804
Smart-096-2514805,Mobile,+8550962514805
Smart-096-2514806,Mobile,+8550962514806
Smart-096-2514807,Mobile,+8550962514807
Smart-096-2514808,Mobile,+8550962514808
Smart-096-2514809,Mobile,+8550962514809
Smart-096-2514810,Mobile,+8550962514810
Smart-096-2514811,Mobile,+8550962514811
Smart-096-2514812,Mobile,+8550962514812
Smart-096-2514813,Mobile,+8550962514813
Smart-096-2514814,Mobile,+8550962514814
Smart-096-2514815,Mobile,+8550962514815
Smart-096-2514816,Mobile,+8550962514816
Smart-096-2514817,Mobile,+8550962514817
Smart-096-2514818,Mobile,+8550962514818
Smart-096-2514819,Mobile,+8550962514819
Smart-096-2514820,Mobile,+8550962514820
Smart-096-2514821,Mobile,+8550962514821
Smart-096-2514822,Mobile,+8550962514822
Smart-096-2514823,Mobile,+8550962514823
Smart-096-2514824,Mobile,+8550962514824
Smart-096-2514825,Mobile,+8550962514825
Smart-096-2514826,Mobile,+8550962514826
Smart-096-2514827,Mobile,+8550962514827
Smart-096-2514828,Mobile,+8550962514828
Smart-096-2514829,Mobile,+8550962514829
Smart-096-2514830,Mobile,+8550962514830
Smart-096-2514831,Mobile,+8550962514831
Smart-096-2514832,Mobile,+8550962514832
Smart-096-2514833,Mobile,+8550962514833
Smart-096-2514834,Mobile,+8550962514834
Smart-096-2514835,Mobile,+8550962514835
Smart-096-2514836,Mobile,+8550962514836
Smart-096-2514837,Mobile,+8550962514837
Smart-096-2514838,Mobile,+8550962514838
Smart-096-2514839,Mobile,+8550962514839
Smart-096-2514840,Mobile,+8550962514840
Smart-096-2514841,Mobile,+8550962514841
Smart-096-2514842,Mobile,+8550962514842
Smart-096-2514843,Mobile,+8550962514843
Smart-096-2514844,Mobile,+8550962514844
Smart-096-2514845,Mobile,+8550962514845
Smart-096-2514846,Mobile,+8550962514846
Smart-096-2514847,Mobile,+8550962514847
Smart-096-2514848,Mobile,+8550962514848
Smart-096-2514849,Mobile,+8550962514849
Smart-096-2514850,Mobile,+8550962514850
Smart-096-2514851,Mobile,+8550962514851
Smart-096-2514852,Mobile,+8550962514852
Smart-096-2514853,Mobile,+8550962514853
Smart-096-2514854,Mobile,+8550962514854
Smart-096-2514855,Mobile,+8550962514855
Smart-096-2514856,Mobile,+8550962514856
Smart-096-2514857,Mobile,+8550962514857
Smart-096-2514858,Mobile,+8550962514858
Smart-096-2514859,Mobile,+8550962514859
Smart-096-2514860,Mobile,+8550962514860
Smart-096-2514861,Mobile,+8550962514861
Smart-096-2514862,Mobile,+8550962514862
Smart-096-2514863,Mobile,+8550962514863
Smart-096-2514864,Mobile,+8550962514864
Smart-096-2514865,Mobile,+8550962514865
Smart-096-2514866,Mobile,+8550962514866
Smart-096-2514867,Mobile,+8550962514867
Smart-096-2514868,Mobile,+8550962514868
Smart-096-2514869,Mobile,+8550962514869
Smart-096-2514870,Mobile,+8550962514870
Smart-096-2514871,Mobile,+8550962514871
Smart-096-2514872,Mobile,+8550962514872
Smart-096-2514873,Mobile,+8550962514873
Smart-096-2514874,Mobile,+8550962514874
Smart-096-2514875,Mobile,+8550962514875
Smart-096-2514876,Mobile,+8550962514876
Smart-096-2514877,Mobile,+8550962514877
Smart-096-2514878,Mobile,+8550962514878
Smart-096-2514879,Mobile,+8550962514879
Smart-096-2514880,Mobile,+8550962514880
Smart-096-2514881,Mobile,+8550962514881
Smart-096-2514882,Mobile,+8550962514882
Smart-096-2514883,Mobile,+8550962514883
Smart-096-2514884,Mobile,+8550962514884
Smart-096-2514885,Mobile,+8550962514885
Smart-096-2514886,Mobile,+8550962514886
Smart-096-2514887,Mobile,+8550962514887
Smart-096-2514888,Mobile,+8550962514888
Smart-096-2514889,Mobile,+8550962514889
Smart-096-2514890,Mobile,+8550962514890
Smart-096-2514891,Mobile,+8550962514891
Smart-096-2514892,Mobile,+8550962514892
Smart-096-2514893,Mobile,+8550962514893
Smart-096-2514894,Mobile,+8550962514894
Smart-096-2514895,Mobile,+8550962514895
Smart-096-2514896,Mobile,+8550962514896
Smart-096-2514897,Mobile,+8550962514897
Smart-096-2514898,Mobile,+8550962514898
Smart-096-2514899,Mobile,+8550962514899
Smart-096-2514900,Mobile,+8550962514900
Smart-096-2514901,Mobile,+8550962514901
Smart-096-2514902,Mobile,+8550962514902
Smart-096-2514903,Mobile,+8550962514903
Smart-096-2514904,Mobile,+8550962514904
Smart-096-2514905,Mobile,+8550962514905
Smart-096-2514906,Mobile,+8550962514906
Smart-096-2514907,Mobile,+8550962514907
Smart-096-2514908,Mobile,+8550962514908
Smart-096-2514909,Mobile,+8550962514909
Smart-096-2514910,Mobile,+8550962514910
Smart-096-2514911,Mobile,+8550962514911
Smart-096-2514912,Mobile,+8550962514912
Smart-096-2514913,Mobile,+8550962514913
Smart-096-2514914,Mobile,+8550962514914
Smart-096-2514915,Mobile,+8550962514915
Smart-096-2514916,Mobile,+8550962514916
Smart-096-2514917,Mobile,+8550962514917
Smart-096-2514918,Mobile,+8550962514918
Smart-096-2514919,Mobile,+8550962514919
Smart-096-2514920,Mobile,+8550962514920
Smart-096-2514921,Mobile,+8550962514921
Smart-096-2514922,Mobile,+8550962514922
Smart-096-2514923,Mobile,+8550962514923
Smart-096-2514924,Mobile,+8550962514924
Smart-096-2514925,Mobile,+8550962514925
Smart-096-2514926,Mobile,+8550962514926
Smart-096-2514927,Mobile,+8550962514927
Smart-096-2514928,Mobile,+8550962514928
Smart-096-2514929,Mobile,+8550962514929
Smart-096-2514930,Mobile,+8550962514930
Smart-096-2514931,Mobile,+8550962514931
Smart-096-2514932,Mobile,+8550962514932
Smart-096-2514933,Mobile,+8550962514933
Smart-096-2514934,Mobile,+8550962514934
Smart-096-2514935,Mobile,+8550962514935
Smart-096-2514936,Mobile,+8550962514936
Smart-096-2514937,Mobile,+8550962514937
Smart-096-2514938,Mobile,+8550962514938
Smart-096-2514939,Mobile,+8550962514939
Smart-096-2514940,Mobile,+8550962514940
Smart-096-2514941,Mobile,+8550962514941
Smart-096-2514942,Mobile,+8550962514942
Smart-096-2514943,Mobile,+8550962514943
Smart-096-2514944,Mobile,+8550962514944
Smart-096-2514945,Mobile,+8550962514945
Smart-096-2514946,Mobile,+8550962514946
Smart-096-2514947,Mobile,+8550962514947
Smart-096-2514948,Mobile,+8550962514948
Smart-096-2514949,Mobile,+8550962514949
Smart-096-2514950,Mobile,+8550962514950
Smart-096-2514951,Mobile,+8550962514951
Smart-096-2514952,Mobile,+8550962514952
Smart-096-2514953,Mobile,+8550962514953
Smart-096-2514954,Mobile,+8550962514954
Smart-096-2514955,Mobile,+8550962514955
Smart-096-2514956,Mobile,+8550962514956
Smart-096-2514957,Mobile,+8550962514957
Smart-096-2514958,Mobile,+8550962514958
Smart-096-2514959,Mobile,+8550962514959
Smart-096-2514960,Mobile,+8550962514960
Smart-096-2514961,Mobile,+8550962514961
Smart-096-2514962,Mobile,+8550962514962
Smart-096-2514963,Mobile,+8550962514963
Smart-096-2514964,Mobile,+8550962514964
Smart-096-2514965,Mobile,+8550962514965
Smart-096-2514966,Mobile,+8550962514966
Smart-096-2514967,Mobile,+8550962514967
Smart-096-2514968,Mobile,+8550962514968
Smart-096-2514969,Mobile,+8550962514969
Smart-096-2514970,Mobile,+8550962514970
Smart-096-2514971,Mobile,+8550962514971
Smart-096-2514972,Mobile,+8550962514972
Smart-096-2514973,Mobile,+8550962514973
Smart-096-2514974,Mobile,+8550962514974
Smart-096-2514975,Mobile,+8550962514975
Smart-096-2514976,Mobile,+8550962514976
Smart-096-2514977,Mobile,+8550962514977
Smart-096-2514978,Mobile,+8550962514978
Smart-096-2514979,Mobile,+8550962514979
Smart-096-2514980,Mobile,+8550962514980
Smart-096-2514981,Mobile,+8550962514981
Smart-096-2514982,Mobile,+8550962514982
Smart-096-2514983,Mobile,+8550962514983
Smart-096-2514984,Mobile,+8550962514984
Smart-096-2514985,Mobile,+8550962514985
Smart-096-2514986,Mobile,+8550962514986
Smart-096-2514987,Mobile,+8550962514987
Smart-096-2514988,Mobile,+8550962514988
Smart-096-2514989,Mobile,+8550962514989
Smart-096-2514990,Mobile,+8550962514990
Smart-096-2514991,Mobile,+8550962514991
Smart-096-2514992,Mobile,+8550962514992
Smart-096-2514993,Mobile,+8550962514993
Smart-096-2514994,Mobile,+8550962514994
Smart-096-2514995,Mobile,+8550962514995
Smart-096-2514996,Mobile,+8550962514996
Smart-096-2514997,Mobile,+8550962514997
Smart-096-2514998,Mobile,+8550962514998
Smart-096-2514999,Mobile,+8550962514999
Smart-096-2515000,Mobile,+8550962515000
Smart-096-2515001,Mobile,+8550962515001
Smart-096-2515002,Mobile,+8550962515002
Smart-096-2515003,Mobile,+8550962515003
Smart-096-2515004,Mobile,+8550962515004
Smart-096-2515005,Mobile,+8550962515005
Smart-096-2515006,Mobile,+8550962515006
Smart-096-2515007,Mobile,+8550962515007
Smart-096-2515008,Mobile,+8550962515008
Smart-096-2515009,Mobile,+8550962515009
Smart-096-2515010,Mobile,+8550962515010
Smart-096-2515011,Mobile,+8550962515011
Smart-096-2515012,Mobile,+8550962515012
Smart-096-2515013,Mobile,+8550962515013
Smart-096-2515014,Mobile,+8550962515014
Smart-096-2515015,Mobile,+8550962515015
Smart-096-2515016,Mobile,+8550962515016
Smart-096-2515017,Mobile,+8550962515017
Smart-096-2515018,Mobile,+8550962515018
Smart-096-2515019,Mobile,+8550962515019
Smart-096-2515020,Mobile,+8550962515020
Smart-096-2515021,Mobile,+8550962515021
Smart-096-2515022,Mobile,+8550962515022
Smart-096-2515023,Mobile,+8550962515023
Smart-096-2515024,Mobile,+8550962515024
Smart-096-2515025,Mobile,+8550962515025
Smart-096-2515026,Mobile,+8550962515026
Smart-096-2515027,Mobile,+8550962515027
Smart-096-2515028,Mobile,+8550962515028
Smart-096-2515029,Mobile,+8550962515029
Smart-096-2515030,Mobile,+8550962515030
Smart-096-2515031,Mobile,+8550962515031
Smart-096-2515032,Mobile,+8550962515032
Smart-096-2515033,Mobile,+8550962515033
Smart-096-2515034,Mobile,+8550962515034
Smart-096-2515035,Mobile,+8550962515035
Smart-096-2515036,Mobile,+8550962515036
Smart-096-2515037,Mobile,+8550962515037
Smart-096-2515038,Mobile,+8550962515038
Smart-096-2515039,Mobile,+8550962515039
Smart-096-2515040,Mobile,+8550962515040
Smart-096-2515041,Mobile,+8550962515041
Smart-096-2515042,Mobile,+8550962515042
Smart-096-2515043,Mobile,+8550962515043
Smart-096-2515044,Mobile,+8550962515044
Smart-096-2515045,Mobile,+8550962515045
Smart-096-2515046,Mobile,+8550962515046
Smart-096-2515047,Mobile,+8550962515047
Smart-096-2515048,Mobile,+8550962515048
Smart-096-2515049,Mobile,+8550962515049
Smart-096-2515050,Mobile,+8550962515050
Smart-096-2515051,Mobile,+8550962515051
Smart-096-2515052,Mobile,+8550962515052
Smart-096-2515053,Mobile,+8550962515053
Smart-096-2515054,Mobile,+8550962515054
Smart-096-2515055,Mobile,+8550962515055
Smart-096-2515056,Mobile,+8550962515056
Smart-096-2515057,Mobile,+8550962515057
Smart-096-2515058,Mobile,+8550962515058
Smart-096-2515059,Mobile,+8550962515059
Smart-096-2515060,Mobile,+8550962515060
Smart-096-2515061,Mobile,+8550962515061
Smart-096-2515062,Mobile,+8550962515062
Smart-096-2515063,Mobile,+8550962515063
Smart-096-2515064,Mobile,+8550962515064
Smart-096-2515065,Mobile,+8550962515065
Smart-096-2515066,Mobile,+8550962515066
Smart-096-2515067,Mobile,+8550962515067
Smart-096-2515068,Mobile,+8550962515068
Smart-096-2515069,Mobile,+8550962515069
Smart-096-2515070,Mobile,+8550962515070
Smart-096-2515071,Mobile,+8550962515071
Smart-096-2515072,Mobile,+8550962515072
Smart-096-2515073,Mobile,+8550962515073
Smart-096-2515074,Mobile,+8550962515074
Smart-096-2515075,Mobile,+8550962515075
Smart-096-2515076,Mobile,+8550962515076
Smart-096-2515077,Mobile,+8550962515077
Smart-096-2515078,Mobile,+8550962515078
Smart-096-2515079,Mobile,+8550962515079
Smart-096-2515080,Mobile,+8550962515080
Smart-096-2515081,Mobile,+8550962515081
Smart-096-2515082,Mobile,+8550962515082
Smart-096-2515083,Mobile,+8550962515083
Smart-096-2515084,Mobile,+8550962515084
Smart-096-2515085,Mobile,+8550962515085
Smart-096-2515086,Mobile,+8550962515086
Smart-096-2515087,Mobile,+8550962515087
Smart-096-2515088,Mobile,+8550962515088
Smart-096-2515089,Mobile,+8550962515089
Smart-096-2515090,Mobile,+8550962515090
Smart-096-2515091,Mobile,+8550962515091
Smart-096-2515092,Mobile,+8550962515092
Smart-096-2515093,Mobile,+8550962515093
Smart-096-2515094,Mobile,+8550962515094
Smart-096-2515095,Mobile,+8550962515095
Smart-096-2515096,Mobile,+8550962515096
Smart-096-2515097,Mobile,+8550962515097
Smart-096-2515098,Mobile,+8550962515098
Smart-096-2515099,Mobile,+8550962515099
Smart-096-2515100,Mobile,+8550962515100
Smart-096-2515101,Mobile,+8550962515101
Smart-096-2515102,Mobile,+8550962515102
Smart-096-2515103,Mobile,+8550962515103
Smart-096-2515104,Mobile,+8550962515104
Smart-096-2515105,Mobile,+8550962515105
Smart-096-2515106,Mobile,+8550962515106
Smart-096-2515107,Mobile,+8550962515107
Smart-096-2515108,Mobile,+8550962515108
Smart-096-2515109,Mobile,+8550962515109
Smart-096-2515110,Mobile,+8550962515110
Smart-096-2515111,Mobile,+8550962515111
Smart-096-2515112,Mobile,+8550962515112
Smart-096-2515113,Mobile,+8550962515113
Smart-096-2515114,Mobile,+8550962515114
Smart-096-2515115,Mobile,+8550962515115
Smart-096-2515116,Mobile,+8550962515116
Smart-096-2515117,Mobile,+8550962515117
Smart-096-2515118,Mobile,+8550962515118
Smart-096-2515119,Mobile,+8550962515119
Smart-096-2515120,Mobile,+8550962515120
Smart-096-2515121,Mobile,+8550962515121
Smart-096-2515122,Mobile,+8550962515122
Smart-096-2515123,Mobile,+8550962515123
Smart-096-2515124,Mobile,+8550962515124
Smart-096-2515125,Mobile,+8550962515125
Smart-096-2515126,Mobile,+8550962515126
Smart-096-2515127,Mobile,+8550962515127
Smart-096-2515128,Mobile,+8550962515128
Smart-096-2515129,Mobile,+8550962515129
Smart-096-2515130,Mobile,+8550962515130
Smart-096-2515131,Mobile,+8550962515131
Smart-096-2515132,Mobile,+8550962515132
Smart-096-2515133,Mobile,+8550962515133
Smart-096-2515134,Mobile,+8550962515134
Smart-096-2515135,Mobile,+8550962515135
Smart-096-2515136,Mobile,+8550962515136
Smart-096-2515137,Mobile,+8550962515137
Smart-096-2515138,Mobile,+8550962515138
Smart-096-2515139,Mobile,+8550962515139
Smart-096-2515140,Mobile,+8550962515140
Smart-096-2515141,Mobile,+8550962515141
Smart-096-2515142,Mobile,+8550962515142
Smart-096-2515143,Mobile,+8550962515143
Smart-096-2515144,Mobile,+8550962515144
Smart-096-2515145,Mobile,+8550962515145
Smart-096-2515146,Mobile,+8550962515146
Smart-096-2515147,Mobile,+8550962515147
Smart-096-2515148,Mobile,+8550962515148
Smart-096-2515149,Mobile,+8550962515149
Smart-096-2515150,Mobile,+8550962515150
Smart-096-2515151,Mobile,+8550962515151
Smart-096-2515152,Mobile,+8550962515152
Smart-096-2515153,Mobile,+8550962515153
Smart-096-2515154,Mobile,+8550962515154
Smart-096-2515155,Mobile,+8550962515155
Smart-096-2515156,Mobile,+8550962515156
Smart-096-2515157,Mobile,+8550962515157
Smart-096-2515158,Mobile,+8550962515158
Smart-096-2515159,Mobile,+8550962515159
Smart-096-2515160,Mobile,+8550962515160
Smart-096-2515161,Mobile,+8550962515161
Smart-096-2515162,Mobile,+8550962515162
Smart-096-2515163,Mobile,+8550962515163
Smart-096-2515164,Mobile,+8550962515164
Smart-096-2515165,Mobile,+8550962515165
Smart-096-2515166,Mobile,+8550962515166
Smart-096-2515167,Mobile,+8550962515167
Smart-096-2515168,Mobile,+8550962515168
Smart-096-2515169,Mobile,+8550962515169
Smart-096-2515170,Mobile,+8550962515170
Smart-096-2515171,Mobile,+8550962515171
Smart-096-2515172,Mobile,+8550962515172
Smart-096-2515173,Mobile,+8550962515173
Smart-096-2515174,Mobile,+8550962515174
Smart-096-2515175,Mobile,+8550962515175
Smart-096-2515176,Mobile,+8550962515176
Smart-096-2515177,Mobile,+8550962515177
Smart-096-2515178,Mobile,+8550962515178
Smart-096-2515179,Mobile,+8550962515179
Smart-096-2515180,Mobile,+8550962515180
Smart-096-2515181,Mobile,+8550962515181
Smart-096-2515182,Mobile,+8550962515182
Smart-096-2515183,Mobile,+8550962515183
Smart-096-2515184,Mobile,+8550962515184
Smart-096-2515185,Mobile,+8550962515185
Smart-096-2515186,Mobile,+8550962515186
Smart-096-2515187,Mobile,+8550962515187
Smart-096-2515188,Mobile,+8550962515188
Smart-096-2515189,Mobile,+8550962515189
Smart-096-2515190,Mobile,+8550962515190
Smart-096-2515191,Mobile,+8550962515191
Smart-096-2515192,Mobile,+8550962515192
Smart-096-2515193,Mobile,+8550962515193
Smart-096-2515194,Mobile,+8550962515194
Smart-096-2515195,Mobile,+8550962515195
Smart-096-2515196,Mobile,+8550962515196
Smart-096-2515197,Mobile,+8550962515197
Smart-096-2515198,Mobile,+8550962515198
Smart-096-2515199,Mobile,+8550962515199
Smart-096-2515200,Mobile,+8550962515200
Smart-096-2515201,Mobile,+8550962515201
Smart-096-2515202,Mobile,+8550962515202
Smart-096-2515203,Mobile,+8550962515203
Smart-096-2515204,Mobile,+8550962515204
Smart-096-2515205,Mobile,+8550962515205
Smart-096-2515206,Mobile,+8550962515206
Smart-096-2515207,Mobile,+8550962515207
Smart-096-2515208,Mobile,+8550962515208
Smart-096-2515209,Mobile,+8550962515209
Smart-096-2515210,Mobile,+8550962515210
Smart-096-2515211,Mobile,+8550962515211
Smart-096-2515212,Mobile,+8550962515212
Smart-096-2515213,Mobile,+8550962515213
Smart-096-2515214,Mobile,+8550962515214
Smart-096-2515215,Mobile,+8550962515215
Smart-096-2515216,Mobile,+8550962515216
Smart-096-2515217,Mobile,+8550962515217
Smart-096-2515218,Mobile,+8550962515218
Smart-096-2515219,Mobile,+8550962515219
Smart-096-2515220,Mobile,+8550962515220
Smart-096-2515221,Mobile,+8550962515221
Smart-096-2515222,Mobile,+8550962515222
Smart-096-2515223,Mobile,+8550962515223
Smart-096-2515224,Mobile,+8550962515224
Smart-096-2515225,Mobile,+8550962515225
Smart-096-2515226,Mobile,+8550962515226
Smart-096-2515227,Mobile,+8550962515227
Smart-096-2515228,Mobile,+8550962515228
Smart-096-2515229,Mobile,+8550962515229
Smart-096-2515230,Mobile,+8550962515230
Smart-096-2515231,Mobile,+8550962515231
Smart-096-2515232,Mobile,+8550962515232
Smart-096-2515233,Mobile,+8550962515233
Smart-096-2515234,Mobile,+8550962515234
Smart-096-2515235,Mobile,+8550962515235
Smart-096-2515236,Mobile,+8550962515236
Smart-096-2515237,Mobile,+8550962515237
Smart-096-2515238,Mobile,+8550962515238
Smart-096-2515239,Mobile,+8550962515239
Smart-096-2515240,Mobile,+8550962515240
Smart-096-2515241,Mobile,+8550962515241
Smart-096-2515242,Mobile,+8550962515242
Smart-096-2515243,Mobile,+8550962515243
Smart-096-2515244,Mobile,+8550962515244
Smart-096-2515245,Mobile,+8550962515245
Smart-096-2515246,Mobile,+8550962515246
Smart-096-2515247,Mobile,+8550962515247
Smart-096-2515248,Mobile,+8550962515248
Smart-096-2515249,Mobile,+8550962515249
Smart-096-2515250,Mobile,+8550962515250
Smart-096-2515251,Mobile,+8550962515251
Smart-096-2515252,Mobile,+8550962515252
Smart-096-2515253,Mobile,+8550962515253
Smart-096-2515254,Mobile,+8550962515254
Smart-096-2515255,Mobile,+8550962515255
Smart-096-2515256,Mobile,+8550962515256
Smart-096-2515257,Mobile,+8550962515257
Smart-096-2515258,Mobile,+8550962515258
Smart-096-2515259,Mobile,+8550962515259
Smart-096-2515260,Mobile,+8550962515260
Smart-096-2515261,Mobile,+8550962515261
Smart-096-2515262,Mobile,+8550962515262
Smart-096-2515263,Mobile,+8550962515263
Smart-096-2515264,Mobile,+8550962515264
Smart-096-2515265,Mobile,+8550962515265
Smart-096-2515266,Mobile,+8550962515266
Smart-096-2515267,Mobile,+8550962515267
Smart-096-2515268,Mobile,+8550962515268
Smart-096-2515269,Mobile,+8550962515269
Smart-096-2515270,Mobile,+8550962515270
Smart-096-2515271,Mobile,+8550962515271
Smart-096-2515272,Mobile,+8550962515272
Smart-096-2515273,Mobile,+8550962515273
Smart-096-2515274,Mobile,+8550962515274
Smart-096-2515275,Mobile,+8550962515275
Smart-096-2515276,Mobile,+8550962515276
Smart-096-2515277,Mobile,+8550962515277
Smart-096-2515278,Mobile,+8550962515278
Smart-096-2515279,Mobile,+8550962515279
Smart-096-2515280,Mobile,+8550962515280
Smart-096-2515281,Mobile,+8550962515281
Smart-096-2515282,Mobile,+8550962515282
Smart-096-2515283,Mobile,+8550962515283
Smart-096-2515284,Mobile,+8550962515284
Smart-096-2515285,Mobile,+8550962515285
Smart-096-2515286,Mobile,+8550962515286
Smart-096-2515287,Mobile,+8550962515287
Smart-096-2515288,Mobile,+8550962515288
Smart-096-2515289,Mobile,+8550962515289
Smart-096-2515290,Mobile,+8550962515290
Smart-096-2515291,Mobile,+8550962515291
Smart-096-2515292,Mobile,+8550962515292
Smart-096-2515293,Mobile,+8550962515293
Smart-096-2515294,Mobile,+8550962515294
Smart-096-2515295,Mobile,+8550962515295
Smart-096-2515296,Mobile,+8550962515296
Smart-096-2515297,Mobile,+8550962515297
Smart-096-2515298,Mobile,+8550962515298
Smart-096-2515299,Mobile,+8550962515299
Smart-096-2515300,Mobile,+8550962515300
Smart-096-2515301,Mobile,+8550962515301
Smart-096-2515302,Mobile,+8550962515302
Smart-096-2515303,Mobile,+8550962515303
Smart-096-2515304,Mobile,+8550962515304
Smart-096-2515305,Mobile,+8550962515305
Smart-096-2515306,Mobile,+8550962515306
Smart-096-2515307,Mobile,+8550962515307
Smart-096-2515308,Mobile,+8550962515308
Smart-096-2515309,Mobile,+8550962515309
Smart-096-2515310,Mobile,+8550962515310
Smart-096-2515311,Mobile,+8550962515311
Smart-096-2515312,Mobile,+8550962515312
Smart-096-2515313,Mobile,+8550962515313
Smart-096-2515314,Mobile,+8550962515314
Smart-096-2515315,Mobile,+8550962515315
Smart-096-2515316,Mobile,+8550962515316
Smart-096-2515317,Mobile,+8550962515317
Smart-096-2515318,Mobile,+8550962515318
Smart-096-2515319,Mobile,+8550962515319
Smart-096-2515320,Mobile,+8550962515320
Smart-096-2515321,Mobile,+8550962515321
Smart-096-2515322,Mobile,+8550962515322
Smart-096-2515323,Mobile,+8550962515323
Smart-096-2515324,Mobile,+8550962515324
Smart-096-2515325,Mobile,+8550962515325
Smart-096-2515326,Mobile,+8550962515326
Smart-096-2515327,Mobile,+8550962515327
Smart-096-2515328,Mobile,+8550962515328
Smart-096-2515329,Mobile,+8550962515329
Smart-096-2515330,Mobile,+8550962515330
Smart-096-2515331,Mobile,+8550962515331
Smart-096-2515332,Mobile,+8550962515332
Smart-096-2515333,Mobile,+8550962515333
Smart-096-2515334,Mobile,+8550962515334
Smart-096-2515335,Mobile,+8550962515335
Smart-096-2515336,Mobile,+8550962515336
Smart-096-2515337,Mobile,+8550962515337
Smart-096-2515338,Mobile,+8550962515338
Smart-096-2515339,Mobile,+8550962515339
Smart-096-2515340,Mobile,+8550962515340
Smart-096-2515341,Mobile,+8550962515341
Smart-096-2515342,Mobile,+8550962515342
Smart-096-2515343,Mobile,+8550962515343
Smart-096-2515344,Mobile,+8550962515344
Smart-096-2515345,Mobile,+8550962515345
Smart-096-2515346,Mobile,+8550962515346
Smart-096-2515347,Mobile,+8550962515347
Smart-096-2515348,Mobile,+8550962515348
Smart-096-2515349,Mobile,+8550962515349
Smart-096-2515350,Mobile,+8550962515350
Smart-096-2515351,Mobile,+8550962515351
Smart-096-2515352,Mobile,+8550962515352
Smart-096-2515353,Mobile,+8550962515353
Smart-096-2515354,Mobile,+8550962515354
Smart-096-2515355,Mobile,+8550962515355
Smart-096-2515356,Mobile,+8550962515356
Smart-096-2515357,Mobile,+8550962515357
Smart-096-2515358,Mobile,+8550962515358
Smart-096-2515359,Mobile,+8550962515359
Smart-096-2515360,Mobile,+8550962515360
Smart-096-2515361,Mobile,+8550962515361
Smart-096-2515362,Mobile,+8550962515362
Smart-096-2515363,Mobile,+8550962515363
Smart-096-2515364,Mobile,+8550962515364
Smart-096-2515365,Mobile,+8550962515365
Smart-096-2515366,Mobile,+8550962515366
Smart-096-2515367,Mobile,+8550962515367
Smart-096-2515368,Mobile,+8550962515368
Smart-096-2515369,Mobile,+8550962515369
Smart-096-2515370,Mobile,+8550962515370
Smart-096-2515371,Mobile,+8550962515371
Smart-096-2515372,Mobile,+8550962515372
Smart-096-2515373,Mobile,+8550962515373
Smart-096-2515374,Mobile,+8550962515374
Smart-096-2515375,Mobile,+8550962515375
Smart-096-2515376,Mobile,+8550962515376
Smart-096-2515377,Mobile,+8550962515377
Smart-096-2515378,Mobile,+8550962515378
Smart-096-2515379,Mobile,+8550962515379
Smart-096-2515380,Mobile,+8550962515380
Smart-096-2515381,Mobile,+8550962515381
Smart-096-2515382,Mobile,+8550962515382
Smart-096-2515383,Mobile,+8550962515383
Smart-096-2515384,Mobile,+8550962515384
Smart-096-2515385,Mobile,+8550962515385
Smart-096-2515386,Mobile,+8550962515386
Smart-096-2515387,Mobile,+8550962515387
Smart-096-2515388,Mobile,+8550962515388
Smart-096-2515389,Mobile,+8550962515389
Smart-096-2515390,Mobile,+8550962515390
Smart-096-2515391,Mobile,+8550962515391
Smart-096-2515392,Mobile,+8550962515392
Smart-096-2515393,Mobile,+8550962515393
Smart-096-2515394,Mobile,+8550962515394
Smart-096-2515395,Mobile,+8550962515395
Smart-096-2515396,Mobile,+8550962515396
Smart-096-2515397,Mobile,+8550962515397
Smart-096-2515398,Mobile,+8550962515398
Smart-096-2515399,Mobile,+8550962515399
Smart-096-2515400,Mobile,+8550962515400
Smart-096-2515401,Mobile,+8550962515401
Smart-096-2515402,Mobile,+8550962515402
Smart-096-2515403,Mobile,+8550962515403
Smart-096-2515404,Mobile,+8550962515404
Smart-096-2515405,Mobile,+8550962515405
Smart-096-2515406,Mobile,+8550962515406
Smart-096-2515407,Mobile,+8550962515407
Smart-096-2515408,Mobile,+8550962515408
Smart-096-2515409,Mobile,+8550962515409
Smart-096-2515410,Mobile,+8550962515410
Smart-096-2515411,Mobile,+8550962515411
Smart-096-2515412,Mobile,+8550962515412
Smart-096-2515413,Mobile,+8550962515413
Smart-096-2515414,Mobile,+8550962515414
Smart-096-2515415,Mobile,+8550962515415
Smart-096-2515416,Mobile,+8550962515416
Smart-096-2515417,Mobile,+8550962515417
Smart-096-2515418,Mobile,+8550962515418
Smart-096-2515419,Mobile,+8550962515419
Smart-096-2515420,Mobile,+8550962515420
Smart-096-2515421,Mobile,+8550962515421
Smart-096-2515422,Mobile,+8550962515422
Smart-096-2515423,Mobile,+8550962515423
Smart-096-2515424,Mobile,+8550962515424
Smart-096-2515425,Mobile,+8550962515425
Smart-096-2515426,Mobile,+8550962515426
Smart-096-2515427,Mobile,+8550962515427
Smart-096-2515428,Mobile,+8550962515428
Smart-096-2515429,Mobile,+8550962515429
Smart-096-2515430,Mobile,+8550962515430
Smart-096-2515431,Mobile,+8550962515431
Smart-096-2515432,Mobile,+8550962515432
Smart-096-2515433,Mobile,+8550962515433
Smart-096-2515434,Mobile,+8550962515434
Smart-096-2515435,Mobile,+8550962515435
Smart-096-2515436,Mobile,+8550962515436
Smart-096-2515437,Mobile,+8550962515437
Smart-096-2515438,Mobile,+8550962515438
Smart-096-2515439,Mobile,+8550962515439
Smart-096-2515440,Mobile,+8550962515440
Smart-096-2515441,Mobile,+8550962515441
Smart-096-2515442,Mobile,+8550962515442
Smart-096-2515443,Mobile,+8550962515443
Smart-096-2515444,Mobile,+8550962515444
Smart-096-2515445,Mobile,+8550962515445
Smart-096-2515446,Mobile,+8550962515446
Smart-096-2515447,Mobile,+8550962515447
Smart-096-2515448,Mobile,+8550962515448
Smart-096-2515449,Mobile,+8550962515449
Smart-096-2515450,Mobile,+8550962515450
Smart-096-2515451,Mobile,+8550962515451
Smart-096-2515452,Mobile,+8550962515452
Smart-096-2515453,Mobile,+8550962515453
Smart-096-2515454,Mobile,+8550962515454
Smart-096-2515455,Mobile,+8550962515455
Smart-096-2515456,Mobile,+8550962515456
Smart-096-2515457,Mobile,+8550962515457
Smart-096-2515458,Mobile,+8550962515458
Smart-096-2515459,Mobile,+8550962515459
Smart-096-2515460,Mobile,+8550962515460
Smart-096-2515461,Mobile,+8550962515461
Smart-096-2515462,Mobile,+8550962515462
Smart-096-2515463,Mobile,+8550962515463
Smart-096-2515464,Mobile,+8550962515464
Smart-096-2515465,Mobile,+8550962515465
Smart-096-2515466,Mobile,+8550962515466
Smart-096-2515467,Mobile,+8550962515467
Smart-096-2515468,Mobile,+8550962515468
Smart-096-2515469,Mobile,+8550962515469
Smart-096-2515470,Mobile,+8550962515470
Smart-096-2515471,Mobile,+8550962515471
Smart-096-2515472,Mobile,+8550962515472
Smart-096-2515473,Mobile,+8550962515473
Smart-096-2515474,Mobile,+8550962515474
Smart-096-2515475,Mobile,+8550962515475
Smart-096-2515476,Mobile,+8550962515476
Smart-096-2515477,Mobile,+8550962515477
Smart-096-2515478,Mobile,+8550962515478
Smart-096-2515479,Mobile,+8550962515479
Smart-096-2515480,Mobile,+8550962515480
Smart-096-2515481,Mobile,+8550962515481
Smart-096-2515482,Mobile,+8550962515482
Smart-096-2515483,Mobile,+8550962515483
Smart-096-2515484,Mobile,+8550962515484
Smart-096-2515485,Mobile,+8550962515485
Smart-096-2515486,Mobile,+8550962515486
Smart-096-2515487,Mobile,+8550962515487
Smart-096-2515488,Mobile,+8550962515488
Smart-096-2515489,Mobile,+8550962515489
Smart-096-2515490,Mobile,+8550962515490
Smart-096-2515491,Mobile,+8550962515491
Smart-096-2515492,Mobile,+8550962515492
Smart-096-2515493,Mobile,+8550962515493
Smart-096-2515494,Mobile,+8550962515494
Smart-096-2515495,Mobile,+8550962515495
Smart-096-2515496,Mobile,+8550962515496
Smart-096-2515497,Mobile,+8550962515497
Smart-096-2515498,Mobile,+8550962515498
Smart-096-2515499,Mobile,+8550962515499
Smart-096-2515500,Mobile,+8550962515500
Smart-096-2515501,Mobile,+8550962515501
Smart-096-2515502,Mobile,+8550962515502
Smart-096-2515503,Mobile,+8550962515503
Smart-096-2515504,Mobile,+8550962515504
Smart-096-2515505,Mobile,+8550962515505
Smart-096-2515506,Mobile,+8550962515506
Smart-096-2515507,Mobile,+8550962515507
Smart-096-2515508,Mobile,+8550962515508
Smart-096-2515509,Mobile,+8550962515509
Smart-096-2515510,Mobile,+8550962515510
Smart-096-2515511,Mobile,+8550962515511
Smart-096-2515512,Mobile,+8550962515512
Smart-096-2515513,Mobile,+8550962515513
Smart-096-2515514,Mobile,+8550962515514
Smart-096-2515515,Mobile,+8550962515515
Smart-096-2515516,Mobile,+8550962515516
Smart-096-2515517,Mobile,+8550962515517
Smart-096-2515518,Mobile,+8550962515518
Smart-096-2515519,Mobile,+8550962515519
Smart-096-2515520,Mobile,+8550962515520
Smart-096-2515521,Mobile,+8550962515521
Smart-096-2515522,Mobile,+8550962515522
Smart-096-2515523,Mobile,+8550962515523
Smart-096-2515524,Mobile,+8550962515524
Smart-096-2515525,Mobile,+8550962515525
Smart-096-2515526,Mobile,+8550962515526
Smart-096-2515527,Mobile,+8550962515527
Smart-096-2515528,Mobile,+8550962515528
Smart-096-2515529,Mobile,+8550962515529
Smart-096-2515530,Mobile,+8550962515530
Smart-096-2515531,Mobile,+8550962515531
Smart-096-2515532,Mobile,+8550962515532
Smart-096-2515533,Mobile,+8550962515533
Smart-096-2515534,Mobile,+8550962515534
Smart-096-2515535,Mobile,+8550962515535
Smart-096-2515536,Mobile,+8550962515536
Smart-096-2515537,Mobile,+8550962515537
Smart-096-2515538,Mobile,+8550962515538
Smart-096-2515539,Mobile,+8550962515539
Smart-096-2515540,Mobile,+8550962515540
Smart-096-2515541,Mobile,+8550962515541
Smart-096-2515542,Mobile,+8550962515542
Smart-096-2515543,Mobile,+8550962515543
Smart-096-2515544,Mobile,+8550962515544
Smart-096-2515545,Mobile,+8550962515545
Smart-096-2515546,Mobile,+8550962515546
Smart-096-2515547,Mobile,+8550962515547
Smart-096-2515548,Mobile,+8550962515548
Smart-096-2515549,Mobile,+8550962515549
Smart-096-2515550,Mobile,+8550962515550
Smart-096-2515551,Mobile,+8550962515551
Smart-096-2515552,Mobile,+8550962515552
Smart-096-2515553,Mobile,+8550962515553
Smart-096-2515554,Mobile,+8550962515554
Smart-096-2515555,Mobile,+8550962515555
Smart-096-2515556,Mobile,+8550962515556
Smart-096-2515557,Mobile,+8550962515557
Smart-096-2515558,Mobile,+8550962515558
Smart-096-2515559,Mobile,+8550962515559
Smart-096-2515560,Mobile,+8550962515560
Smart-096-2515561,Mobile,+8550962515561
Smart-096-2515562,Mobile,+8550962515562
Smart-096-2515563,Mobile,+8550962515563
Smart-096-2515564,Mobile,+8550962515564
Smart-096-2515565,Mobile,+8550962515565
Smart-096-2515566,Mobile,+8550962515566
Smart-096-2515567,Mobile,+8550962515567
Smart-096-2515568,Mobile,+8550962515568
Smart-096-2515569,Mobile,+8550962515569
Smart-096-2515570,Mobile,+8550962515570
Smart-096-2515571,Mobile,+8550962515571
Smart-096-2515572,Mobile,+8550962515572
Smart-096-2515573,Mobile,+8550962515573
Smart-096-2515574,Mobile,+8550962515574
Smart-096-2515575,Mobile,+8550962515575
Smart-096-2515576,Mobile,+8550962515576
Smart-096-2515577,Mobile,+8550962515577
Smart-096-2515578,Mobile,+8550962515578
Smart-096-2515579,Mobile,+8550962515579
Smart-096-2515580,Mobile,+8550962515580
Smart-096-2515581,Mobile,+8550962515581
Smart-096-2515582,Mobile,+8550962515582
Smart-096-2515583,Mobile,+8550962515583
Smart-096-2515584,Mobile,+8550962515584
Smart-096-2515585,Mobile,+8550962515585
Smart-096-2515586,Mobile,+8550962515586
Smart-096-2515587,Mobile,+8550962515587
Smart-096-2515588,Mobile,+8550962515588
Smart-096-2515589,Mobile,+8550962515589
Smart-096-2515590,Mobile,+8550962515590
Smart-096-2515591,Mobile,+8550962515591
Smart-096-2515592,Mobile,+8550962515592
Smart-096-2515593,Mobile,+8550962515593
Smart-096-2515594,Mobile,+8550962515594
Smart-096-2515595,Mobile,+8550962515595
Smart-096-2515596,Mobile,+8550962515596
Smart-096-2515597,Mobile,+8550962515597
Smart-096-2515598,Mobile,+8550962515598
Smart-096-2515599,Mobile,+8550962515599
Smart-096-2515600,Mobile,+8550962515600
Smart-096-2515601,Mobile,+8550962515601
Smart-096-2515602,Mobile,+8550962515602
Smart-096-2515603,Mobile,+8550962515603
Smart-096-2515604,Mobile,+8550962515604
Smart-096-2515605,Mobile,+8550962515605
Smart-096-2515606,Mobile,+8550962515606
Smart-096-2515607,Mobile,+8550962515607
Smart-096-2515608,Mobile,+8550962515608
Smart-096-2515609,Mobile,+8550962515609
Smart-096-2515610,Mobile,+8550962515610
Smart-096-2515611,Mobile,+8550962515611
Smart-096-2515612,Mobile,+8550962515612
Smart-096-2515613,Mobile,+8550962515613
Smart-096-2515614,Mobile,+8550962515614
Smart-096-2515615,Mobile,+8550962515615
Smart-096-2515616,Mobile,+8550962515616
Smart-096-2515617,Mobile,+8550962515617
Smart-096-2515618,Mobile,+8550962515618
Smart-096-2515619,Mobile,+8550962515619
Smart-096-2515620,Mobile,+8550962515620
Smart-096-2515621,Mobile,+8550962515621
Smart-096-2515622,Mobile,+8550962515622
Smart-096-2515623,Mobile,+8550962515623
Smart-096-2515624,Mobile,+8550962515624
Smart-096-2515625,Mobile,+8550962515625
Smart-096-2515626,Mobile,+8550962515626
Smart-096-2515627,Mobile,+8550962515627
Smart-096-2515628,Mobile,+8550962515628
Smart-096-2515629,Mobile,+8550962515629
Smart-096-2515630,Mobile,+8550962515630
Smart-096-2515631,Mobile,+8550962515631
Smart-096-2515632,Mobile,+8550962515632
Smart-096-2515633,Mobile,+8550962515633
Smart-096-2515634,Mobile,+8550962515634
Smart-096-2515635,Mobile,+8550962515635
Smart-096-2515636,Mobile,+8550962515636
Smart-096-2515637,Mobile,+8550962515637
Smart-096-2515638,Mobile,+8550962515638
Smart-096-2515639,Mobile,+8550962515639
Smart-096-2515640,Mobile,+8550962515640
Smart-096-2515641,Mobile,+8550962515641
Smart-096-2515642,Mobile,+8550962515642
Smart-096-2515643,Mobile,+8550962515643
Smart-096-2515644,Mobile,+8550962515644
Smart-096-2515645,Mobile,+8550962515645
Smart-096-2515646,Mobile,+8550962515646
Smart-096-2515647,Mobile,+8550962515647
Smart-096-2515648,Mobile,+8550962515648
Smart-096-2515649,Mobile,+8550962515649
Smart-096-2515650,Mobile,+8550962515650
Smart-096-2515651,Mobile,+8550962515651
Smart-096-2515652,Mobile,+8550962515652
Smart-096-2515653,Mobile,+8550962515653
Smart-096-2515654,Mobile,+8550962515654
Smart-096-2515655,Mobile,+8550962515655
Smart-096-2515656,Mobile,+8550962515656
Smart-096-2515657,Mobile,+8550962515657
Smart-096-2515658,Mobile,+8550962515658
Smart-096-2515659,Mobile,+8550962515659
Smart-096-2515660,Mobile,+8550962515660
Smart-096-2515661,Mobile,+8550962515661
Smart-096-2515662,Mobile,+8550962515662
Smart-096-2515663,Mobile,+8550962515663
Smart-096-2515664,Mobile,+8550962515664
Smart-096-2515665,Mobile,+8550962515665
Smart-096-2515666,Mobile,+8550962515666
Smart-096-2515667,Mobile,+8550962515667
Smart-096-2515668,Mobile,+8550962515668
Smart-096-2515669,Mobile,+8550962515669
Smart-096-2515670,Mobile,+8550962515670
Smart-096-2515671,Mobile,+8550962515671
Smart-096-2515672,Mobile,+8550962515672
Smart-096-2515673,Mobile,+8550962515673
Smart-096-2515674,Mobile,+8550962515674
Smart-096-2515675,Mobile,+8550962515675
Smart-096-2515676,Mobile,+8550962515676
Smart-096-2515677,Mobile,+8550962515677
Smart-096-2515678,Mobile,+8550962515678
Smart-096-2515679,Mobile,+8550962515679
Smart-096-2515680,Mobile,+8550962515680
Smart-096-2515681,Mobile,+8550962515681
Smart-096-2515682,Mobile,+8550962515682
Smart-096-2515683,Mobile,+8550962515683
Smart-096-2515684,Mobile,+8550962515684
Smart-096-2515685,Mobile,+8550962515685
Smart-096-2515686,Mobile,+8550962515686
Smart-096-2515687,Mobile,+8550962515687
Smart-096-2515688,Mobile,+8550962515688
Smart-096-2515689,Mobile,+8550962515689
Smart-096-2515690,Mobile,+8550962515690
Smart-096-2515691,Mobile,+8550962515691
Smart-096-2515692,Mobile,+8550962515692
Smart-096-2515693,Mobile,+8550962515693
Smart-096-2515694,Mobile,+8550962515694
Smart-096-2515695,Mobile,+8550962515695
Smart-096-2515696,Mobile,+8550962515696
Smart-096-2515697,Mobile,+8550962515697
Smart-096-2515698,Mobile,+8550962515698
Smart-096-2515699,Mobile,+8550962515699
Smart-096-2515700,Mobile,+8550962515700
Smart-096-2515701,Mobile,+8550962515701
Smart-096-2515702,Mobile,+8550962515702
Smart-096-2515703,Mobile,+8550962515703
Smart-096-2515704,Mobile,+8550962515704
Smart-096-2515705,Mobile,+8550962515705
Smart-096-2515706,Mobile,+8550962515706
Smart-096-2515707,Mobile,+8550962515707
Smart-096-2515708,Mobile,+8550962515708
Smart-096-2515709,Mobile,+8550962515709
Smart-096-2515710,Mobile,+8550962515710
Smart-096-2515711,Mobile,+8550962515711
Smart-096-2515712,Mobile,+8550962515712
Smart-096-2515713,Mobile,+8550962515713
Smart-096-2515714,Mobile,+8550962515714
Smart-096-2515715,Mobile,+8550962515715
Smart-096-2515716,Mobile,+8550962515716
Smart-096-2515717,Mobile,+8550962515717
Smart-096-2515718,Mobile,+8550962515718
Smart-096-2515719,Mobile,+8550962515719
Smart-096-2515720,Mobile,+8550962515720
Smart-096-2515721,Mobile,+8550962515721
Smart-096-2515722,Mobile,+8550962515722
Smart-096-2515723,Mobile,+8550962515723
Smart-096-2515724,Mobile,+8550962515724
Smart-096-2515725,Mobile,+8550962515725
Smart-096-2515726,Mobile,+8550962515726
Smart-096-2515727,Mobile,+8550962515727
Smart-096-2515728,Mobile,+8550962515728
Smart-096-2515729,Mobile,+8550962515729
Smart-096-2515730,Mobile,+8550962515730
Smart-096-2515731,Mobile,+8550962515731
Smart-096-2515732,Mobile,+8550962515732
Smart-096-2515733,Mobile,+8550962515733
Smart-096-2515734,Mobile,+8550962515734
Smart-096-2515735,Mobile,+8550962515735
Smart-096-2515736,Mobile,+8550962515736
Smart-096-2515737,Mobile,+8550962515737
Smart-096-2515738,Mobile,+8550962515738
Smart-096-2515739,Mobile,+8550962515739
Smart-096-2515740,Mobile,+8550962515740
Smart-096-2515741,Mobile,+8550962515741
Smart-096-2515742,Mobile,+8550962515742
Smart-096-2515743,Mobile,+8550962515743
Smart-096-2515744,Mobile,+8550962515744
Smart-096-2515745,Mobile,+8550962515745
Smart-096-2515746,Mobile,+8550962515746
Smart-096-2515747,Mobile,+8550962515747
Smart-096-2515748,Mobile,+8550962515748
Smart-096-2515749,Mobile,+8550962515749
Smart-096-2515750,Mobile,+8550962515750
Smart-096-2515751,Mobile,+8550962515751
Smart-096-2515752,Mobile,+8550962515752
Smart-096-2515753,Mobile,+8550962515753
Smart-096-2515754,Mobile,+8550962515754
Smart-096-2515755,Mobile,+8550962515755
Smart-096-2515756,Mobile,+8550962515756
Smart-096-2515757,Mobile,+8550962515757
Smart-096-2515758,Mobile,+8550962515758
Smart-096-2515759,Mobile,+8550962515759
Smart-096-2515760,Mobile,+8550962515760
Smart-096-2515761,Mobile,+8550962515761
Smart-096-2515762,Mobile,+8550962515762
Smart-096-2515763,Mobile,+8550962515763
Smart-096-2515764,Mobile,+8550962515764
Smart-096-2515765,Mobile,+8550962515765
Smart-096-2515766,Mobile,+8550962515766
Smart-096-2515767,Mobile,+8550962515767
Smart-096-2515768,Mobile,+8550962515768
Smart-096-2515769,Mobile,+8550962515769
Smart-096-2515770,Mobile,+8550962515770
Smart-096-2515771,Mobile,+8550962515771
Smart-096-2515772,Mobile,+8550962515772
Smart-096-2515773,Mobile,+8550962515773
Smart-096-2515774,Mobile,+8550962515774
Smart-096-2515775,Mobile,+8550962515775
Smart-096-2515776,Mobile,+8550962515776
Smart-096-2515777,Mobile,+8550962515777
Smart-096-2515778,Mobile,+8550962515778
Smart-096-2515779,Mobile,+8550962515779
Smart-096-2515780,Mobile,+8550962515780
Smart-096-2515781,Mobile,+8550962515781
Smart-096-2515782,Mobile,+8550962515782
Smart-096-2515783,Mobile,+8550962515783
Smart-096-2515784,Mobile,+8550962515784
Smart-096-2515785,Mobile,+8550962515785
Smart-096-2515786,Mobile,+8550962515786
Smart-096-2515787,Mobile,+8550962515787
Smart-096-2515788,Mobile,+8550962515788
Smart-096-2515789,Mobile,+8550962515789
Smart-096-2515790,Mobile,+8550962515790
Smart-096-2515791,Mobile,+8550962515791
Smart-096-2515792,Mobile,+8550962515792
Smart-096-2515793,Mobile,+8550962515793
Smart-096-2515794,Mobile,+8550962515794
Smart-096-2515795,Mobile,+8550962515795
Smart-096-2515796,Mobile,+8550962515796
Smart-096-2515797,Mobile,+8550962515797
Smart-096-2515798,Mobile,+8550962515798
Smart-096-2515799,Mobile,+8550962515799
Smart-096-2515800,Mobile,+8550962515800
Smart-096-2515801,Mobile,+8550962515801
Smart-096-2515802,Mobile,+8550962515802
Smart-096-2515803,Mobile,+8550962515803
Smart-096-2515804,Mobile,+8550962515804
Smart-096-2515805,Mobile,+8550962515805
Smart-096-2515806,Mobile,+8550962515806
Smart-096-2515807,Mobile,+8550962515807
Smart-096-2515808,Mobile,+8550962515808
Smart-096-2515809,Mobile,+8550962515809
Smart-096-2515810,Mobile,+8550962515810
Smart-096-2515811,Mobile,+8550962515811
Smart-096-2515812,Mobile,+8550962515812
Smart-096-2515813,Mobile,+8550962515813
Smart-096-2515814,Mobile,+8550962515814
Smart-096-2515815,Mobile,+8550962515815
Smart-096-2515816,Mobile,+8550962515816
Smart-096-2515817,Mobile,+8550962515817
Smart-096-2515818,Mobile,+8550962515818
Smart-096-2515819,Mobile,+8550962515819
Smart-096-2515820,Mobile,+8550962515820
Smart-096-2515821,Mobile,+8550962515821
Smart-096-2515822,Mobile,+8550962515822
Smart-096-2515823,Mobile,+8550962515823
Smart-096-2515824,Mobile,+8550962515824
Smart-096-2515825,Mobile,+8550962515825
Smart-096-2515826,Mobile,+8550962515826
Smart-096-2515827,Mobile,+8550962515827
Smart-096-2515828,Mobile,+8550962515828
Smart-096-2515829,Mobile,+8550962515829
Smart-096-2515830,Mobile,+8550962515830
Smart-096-2515831,Mobile,+8550962515831
Smart-096-2515832,Mobile,+8550962515832
Smart-096-2515833,Mobile,+8550962515833
Smart-096-2515834,Mobile,+8550962515834
Smart-096-2515835,Mobile,+8550962515835
Smart-096-2515836,Mobile,+8550962515836
Smart-096-2515837,Mobile,+8550962515837
Smart-096-2515838,Mobile,+8550962515838
Smart-096-2515839,Mobile,+8550962515839
Smart-096-2515840,Mobile,+8550962515840
Smart-096-2515841,Mobile,+8550962515841
Smart-096-2515842,Mobile,+8550962515842
Smart-096-2515843,Mobile,+8550962515843
Smart-096-2515844,Mobile,+8550962515844
Smart-096-2515845,Mobile,+8550962515845
Smart-096-2515846,Mobile,+8550962515846
Smart-096-2515847,Mobile,+8550962515847
Smart-096-2515848,Mobile,+8550962515848
Smart-096-2515849,Mobile,+8550962515849
Smart-096-2515850,Mobile,+8550962515850
Smart-096-2515851,Mobile,+8550962515851
Smart-096-2515852,Mobile,+8550962515852
Smart-096-2515853,Mobile,+8550962515853
Smart-096-2515854,Mobile,+8550962515854
Smart-096-2515855,Mobile,+8550962515855
Smart-096-2515856,Mobile,+8550962515856
Smart-096-2515857,Mobile,+8550962515857
Smart-096-2515858,Mobile,+8550962515858
Smart-096-2515859,Mobile,+8550962515859
Smart-096-2515860,Mobile,+8550962515860
Smart-096-2515861,Mobile,+8550962515861
Smart-096-2515862,Mobile,+8550962515862
Smart-096-2515863,Mobile,+8550962515863
Smart-096-2515864,Mobile,+8550962515864
Smart-096-2515865,Mobile,+8550962515865
Smart-096-2515866,Mobile,+8550962515866
Smart-096-2515867,Mobile,+8550962515867
Smart-096-2515868,Mobile,+8550962515868
Smart-096-2515869,Mobile,+8550962515869
Smart-096-2515870,Mobile,+8550962515870
Smart-096-2515871,Mobile,+8550962515871
Smart-096-2515872,Mobile,+8550962515872
Smart-096-2515873,Mobile,+8550962515873
Smart-096-2515874,Mobile,+8550962515874
Smart-096-2515875,Mobile,+8550962515875
Smart-096-2515876,Mobile,+8550962515876
Smart-096-2515877,Mobile,+8550962515877
Smart-096-2515878,Mobile,+8550962515878
Smart-096-2515879,Mobile,+8550962515879
Smart-096-2515880,Mobile,+8550962515880
Smart-096-2515881,Mobile,+8550962515881
Smart-096-2515882,Mobile,+8550962515882
Smart-096-2515883,Mobile,+8550962515883
Smart-096-2515884,Mobile,+8550962515884
Smart-096-2515885,Mobile,+8550962515885
Smart-096-2515886,Mobile,+8550962515886
Smart-096-2515887,Mobile,+8550962515887
Smart-096-2515888,Mobile,+8550962515888
Smart-096-2515889,Mobile,+8550962515889
Smart-096-2515890,Mobile,+8550962515890
Smart-096-2515891,Mobile,+8550962515891
Smart-096-2515892,Mobile,+8550962515892
Smart-096-2515893,Mobile,+8550962515893
Smart-096-2515894,Mobile,+8550962515894
Smart-096-2515895,Mobile,+8550962515895
Smart-096-2515896,Mobile,+8550962515896
Smart-096-2515897,Mobile,+8550962515897
Smart-096-2515898,Mobile,+8550962515898
Smart-096-2515899,Mobile,+8550962515899
Smart-096-2515900,Mobile,+8550962515900
Smart-096-2515901,Mobile,+8550962515901
Smart-096-2515902,Mobile,+8550962515902
Smart-096-2515903,Mobile,+8550962515903
Smart-096-2515904,Mobile,+8550962515904
Smart-096-2515905,Mobile,+8550962515905
Smart-096-2515906,Mobile,+8550962515906
Smart-096-2515907,Mobile,+8550962515907
Smart-096-2515908,Mobile,+8550962515908
Smart-096-2515909,Mobile,+8550962515909
Smart-096-2515910,Mobile,+8550962515910
Smart-096-2515911,Mobile,+8550962515911
Smart-096-2515912,Mobile,+8550962515912
Smart-096-2515913,Mobile,+8550962515913
Smart-096-2515914,Mobile,+8550962515914
Smart-096-2515915,Mobile,+8550962515915
Smart-096-2515916,Mobile,+8550962515916
Smart-096-2515917,Mobile,+8550962515917
Smart-096-2515918,Mobile,+8550962515918
Smart-096-2515919,Mobile,+8550962515919
Smart-096-2515920,Mobile,+8550962515920
Smart-096-2515921,Mobile,+8550962515921
Smart-096-2515922,Mobile,+8550962515922
Smart-096-2515923,Mobile,+8550962515923
Smart-096-2515924,Mobile,+8550962515924
Smart-096-2515925,Mobile,+8550962515925
Smart-096-2515926,Mobile,+8550962515926
Smart-096-2515927,Mobile,+8550962515927
Smart-096-2515928,Mobile,+8550962515928
Smart-096-2515929,Mobile,+8550962515929
Smart-096-2515930,Mobile,+8550962515930
Smart-096-2515931,Mobile,+8550962515931
Smart-096-2515932,Mobile,+8550962515932
Smart-096-2515933,Mobile,+8550962515933
Smart-096-2515934,Mobile,+8550962515934
Smart-096-2515935,Mobile,+8550962515935
Smart-096-2515936,Mobile,+8550962515936
Smart-096-2515937,Mobile,+8550962515937
Smart-096-2515938,Mobile,+8550962515938
Smart-096-2515939,Mobile,+8550962515939
Smart-096-2515940,Mobile,+8550962515940
Smart-096-2515941,Mobile,+8550962515941
Smart-096-2515942,Mobile,+8550962515942
Smart-096-2515943,Mobile,+8550962515943
Smart-096-2515944,Mobile,+8550962515944
Smart-096-2515945,Mobile,+8550962515945
Smart-096-2515946,Mobile,+8550962515946
Smart-096-2515947,Mobile,+8550962515947
Smart-096-2515948,Mobile,+8550962515948
Smart-096-2515949,Mobile,+8550962515949
Smart-096-2515950,Mobile,+8550962515950
Smart-096-2515951,Mobile,+8550962515951
Smart-096-2515952,Mobile,+8550962515952
Smart-096-2515953,Mobile,+8550962515953
Smart-096-2515954,Mobile,+8550962515954
Smart-096-2515955,Mobile,+8550962515955
Smart-096-2515956,Mobile,+8550962515956
Smart-096-2515957,Mobile,+8550962515957
Smart-096-2515958,Mobile,+8550962515958
Smart-096-2515959,Mobile,+8550962515959
Smart-096-2515960,Mobile,+8550962515960
Smart-096-2515961,Mobile,+8550962515961
Smart-096-2515962,Mobile,+8550962515962
Smart-096-2515963,Mobile,+8550962515963
Smart-096-2515964,Mobile,+8550962515964
Smart-096-2515965,Mobile,+8550962515965
Smart-096-2515966,Mobile,+8550962515966
Smart-096-2515967,Mobile,+8550962515967
Smart-096-2515968,Mobile,+8550962515968
Smart-096-2515969,Mobile,+8550962515969
Smart-096-2515970,Mobile,+8550962515970
Smart-096-2515971,Mobile,+8550962515971
Smart-096-2515972,Mobile,+8550962515972
Smart-096-2515973,Mobile,+8550962515973
Smart-096-2515974,Mobile,+8550962515974
Smart-096-2515975,Mobile,+8550962515975
Smart-096-2515976,Mobile,+8550962515976
Smart-096-2515977,Mobile,+8550962515977
Smart-096-2515978,Mobile,+8550962515978
Smart-096-2515979,Mobile,+8550962515979
Smart-096-2515980,Mobile,+8550962515980
Smart-096-2515981,Mobile,+8550962515981
Smart-096-2515982,Mobile,+8550962515982
Smart-096-2515983,Mobile,+8550962515983
Smart-096-2515984,Mobile,+8550962515984
Smart-096-2515985,Mobile,+8550962515985
Smart-096-2515986,Mobile,+8550962515986
Smart-096-2515987,Mobile,+8550962515987
Smart-096-2515988,Mobile,+8550962515988
Smart-096-2515989,Mobile,+8550962515989
Smart-096-2515990,Mobile,+8550962515990
Smart-096-2515991,Mobile,+8550962515991
Smart-096-2515992,Mobile,+8550962515992
Smart-096-2515993,Mobile,+8550962515993
Smart-096-2515994,Mobile,+8550962515994
Smart-096-2515995,Mobile,+8550962515995
Smart-096-2515996,Mobile,+8550962515996
Smart-096-2515997,Mobile,+8550962515997
Smart-096-2515998,Mobile,+8550962515998
Smart-096-2515999,Mobile,+8550962515999
Smart-096-2516000,Mobile,+8550962516000
Smart-096-2516001,Mobile,+8550962516001
Smart-096-2516002,Mobile,+8550962516002
Smart-096-2516003,Mobile,+8550962516003
Smart-096-2516004,Mobile,+8550962516004
Smart-096-2516005,Mobile,+8550962516005
Smart-096-2516006,Mobile,+8550962516006
Smart-096-2516007,Mobile,+8550962516007
Smart-096-2516008,Mobile,+8550962516008
Smart-096-2516009,Mobile,+8550962516009
Smart-096-2516010,Mobile,+8550962516010
Smart-096-2516011,Mobile,+8550962516011
Smart-096-2516012,Mobile,+8550962516012
Smart-096-2516013,Mobile,+8550962516013
Smart-096-2516014,Mobile,+8550962516014
Smart-096-2516015,Mobile,+8550962516015
Smart-096-2516016,Mobile,+8550962516016
Smart-096-2516017,Mobile,+8550962516017
Smart-096-2516018,Mobile,+8550962516018
Smart-096-2516019,Mobile,+8550962516019
Smart-096-2516020,Mobile,+8550962516020
Smart-096-2516021,Mobile,+8550962516021
Smart-096-2516022,Mobile,+8550962516022
Smart-096-2516023,Mobile,+8550962516023
Smart-096-2516024,Mobile,+8550962516024
Smart-096-2516025,Mobile,+8550962516025
Smart-096-2516026,Mobile,+8550962516026
Smart-096-2516027,Mobile,+8550962516027
Smart-096-2516028,Mobile,+8550962516028
Smart-096-2516029,Mobile,+8550962516029
Smart-096-2516030,Mobile,+8550962516030
Smart-096-2516031,Mobile,+8550962516031
Smart-096-2516032,Mobile,+8550962516032
Smart-096-2516033,Mobile,+8550962516033
Smart-096-2516034,Mobile,+8550962516034
Smart-096-2516035,Mobile,+8550962516035
Smart-096-2516036,Mobile,+8550962516036
Smart-096-2516037,Mobile,+8550962516037
Smart-096-2516038,Mobile,+8550962516038
Smart-096-2516039,Mobile,+8550962516039
Smart-096-2516040,Mobile,+8550962516040
Smart-096-2516041,Mobile,+8550962516041
Smart-096-2516042,Mobile,+8550962516042
Smart-096-2516043,Mobile,+8550962516043
Smart-096-2516044,Mobile,+8550962516044
Smart-096-2516045,Mobile,+8550962516045
Smart-096-2516046,Mobile,+8550962516046
Smart-096-2516047,Mobile,+8550962516047
Smart-096-2516048,Mobile,+8550962516048
Smart-096-2516049,Mobile,+8550962516049
Smart-096-2516050,Mobile,+8550962516050
Smart-096-2516051,Mobile,+8550962516051
Smart-096-2516052,Mobile,+8550962516052
Smart-096-2516053,Mobile,+8550962516053
Smart-096-2516054,Mobile,+8550962516054
Smart-096-2516055,Mobile,+8550962516055
Smart-096-2516056,Mobile,+8550962516056
Smart-096-2516057,Mobile,+8550962516057
Smart-096-2516058,Mobile,+8550962516058
Smart-096-2516059,Mobile,+8550962516059
Smart-096-2516060,Mobile,+8550962516060
Smart-096-2516061,Mobile,+8550962516061
Smart-096-2516062,Mobile,+8550962516062
Smart-096-2516063,Mobile,+8550962516063
Smart-096-2516064,Mobile,+8550962516064
Smart-096-2516065,Mobile,+8550962516065
Smart-096-2516066,Mobile,+8550962516066
Smart-096-2516067,Mobile,+8550962516067
Smart-096-2516068,Mobile,+8550962516068
Smart-096-2516069,Mobile,+8550962516069
Smart-096-2516070,Mobile,+8550962516070
Smart-096-2516071,Mobile,+8550962516071
Smart-096-2516072,Mobile,+8550962516072
Smart-096-2516073,Mobile,+8550962516073
Smart-096-2516074,Mobile,+8550962516074
Smart-096-2516075,Mobile,+8550962516075
Smart-096-2516076,Mobile,+8550962516076
Smart-096-2516077,Mobile,+8550962516077
Smart-096-2516078,Mobile,+8550962516078
Smart-096-2516079,Mobile,+8550962516079
Smart-096-2516080,Mobile,+8550962516080
Smart-096-2516081,Mobile,+8550962516081
Smart-096-2516082,Mobile,+8550962516082
Smart-096-2516083,Mobile,+8550962516083
Smart-096-2516084,Mobile,+8550962516084
Smart-096-2516085,Mobile,+8550962516085
Smart-096-2516086,Mobile,+8550962516086
Smart-096-2516087,Mobile,+8550962516087
Smart-096-2516088,Mobile,+8550962516088
Smart-096-2516089,Mobile,+8550962516089
Smart-096-2516090,Mobile,+8550962516090
Smart-096-2516091,Mobile,+8550962516091
Smart-096-2516092,Mobile,+8550962516092
Smart-096-2516093,Mobile,+8550962516093
Smart-096-2516094,Mobile,+8550962516094
Smart-096-2516095,Mobile,+8550962516095
Smart-096-2516096,Mobile,+8550962516096
Smart-096-2516097,Mobile,+8550962516097
Smart-096-2516098,Mobile,+8550962516098
Smart-096-2516099,Mobile,+8550962516099
Smart-096-2516100,Mobile,+8550962516100
Smart-096-2516101,Mobile,+8550962516101
Smart-096-2516102,Mobile,+8550962516102
Smart-096-2516103,Mobile,+8550962516103
Smart-096-2516104,Mobile,+8550962516104
Smart-096-2516105,Mobile,+8550962516105
Smart-096-2516106,Mobile,+8550962516106
Smart-096-2516107,Mobile,+8550962516107
Smart-096-2516108,Mobile,+8550962516108
Smart-096-2516109,Mobile,+8550962516109
Smart-096-2516110,Mobile,+8550962516110
Smart-096-2516111,Mobile,+8550962516111
Smart-096-2516112,Mobile,+8550962516112
Smart-096-2516113,Mobile,+8550962516113
Smart-096-2516114,Mobile,+8550962516114
Smart-096-2516115,Mobile,+8550962516115
Smart-096-2516116,Mobile,+8550962516116
Smart-096-2516117,Mobile,+8550962516117
Smart-096-2516118,Mobile,+8550962516118
Smart-096-2516119,Mobile,+8550962516119
Smart-096-2516120,Mobile,+8550962516120
Smart-096-2516121,Mobile,+8550962516121
Smart-096-2516122,Mobile,+8550962516122
Smart-096-2516123,Mobile,+8550962516123
Smart-096-2516124,Mobile,+8550962516124
Smart-096-2516125,Mobile,+8550962516125
Smart-096-2516126,Mobile,+8550962516126
Smart-096-2516127,Mobile,+8550962516127
Smart-096-2516128,Mobile,+8550962516128
Smart-096-2516129,Mobile,+8550962516129
Smart-096-2516130,Mobile,+8550962516130
Smart-096-2516131,Mobile,+8550962516131
Smart-096-2516132,Mobile,+8550962516132
Smart-096-2516133,Mobile,+8550962516133
Smart-096-2516134,Mobile,+8550962516134
Smart-096-2516135,Mobile,+8550962516135
Smart-096-2516136,Mobile,+8550962516136
Smart-096-2516137,Mobile,+8550962516137
Smart-096-2516138,Mobile,+8550962516138
Smart-096-2516139,Mobile,+8550962516139
Smart-096-2516140,Mobile,+8550962516140
Smart-096-2516141,Mobile,+8550962516141
Smart-096-2516142,Mobile,+8550962516142
Smart-096-2516143,Mobile,+8550962516143
Smart-096-2516144,Mobile,+8550962516144
Smart-096-2516145,Mobile,+8550962516145
Smart-096-2516146,Mobile,+8550962516146
Smart-096-2516147,Mobile,+8550962516147
Smart-096-2516148,Mobile,+8550962516148
Smart-096-2516149,Mobile,+8550962516149
Smart-096-2516150,Mobile,+8550962516150
Smart-096-2516151,Mobile,+8550962516151
Smart-096-2516152,Mobile,+8550962516152
Smart-096-2516153,Mobile,+8550962516153
Smart-096-2516154,Mobile,+8550962516154
Smart-096-2516155,Mobile,+8550962516155
Smart-096-2516156,Mobile,+8550962516156
Smart-096-2516157,Mobile,+8550962516157
Smart-096-2516158,Mobile,+8550962516158
Smart-096-2516159,Mobile,+8550962516159
Smart-096-2516160,Mobile,+8550962516160
Smart-096-2516161,Mobile,+8550962516161
Smart-096-2516162,Mobile,+8550962516162
Smart-096-2516163,Mobile,+8550962516163
Smart-096-2516164,Mobile,+8550962516164
Smart-096-2516165,Mobile,+8550962516165
Smart-096-2516166,Mobile,+8550962516166
Smart-096-2516167,Mobile,+8550962516167
Smart-096-2516168,Mobile,+8550962516168
Smart-096-2516169,Mobile,+8550962516169
Smart-096-2516170,Mobile,+8550962516170
Smart-096-2516171,Mobile,+8550962516171
Smart-096-2516172,Mobile,+8550962516172
Smart-096-2516173,Mobile,+8550962516173
Smart-096-2516174,Mobile,+8550962516174
Smart-096-2516175,Mobile,+8550962516175
Smart-096-2516176,Mobile,+8550962516176
Smart-096-2516177,Mobile,+8550962516177
Smart-096-2516178,Mobile,+8550962516178
Smart-096-2516179,Mobile,+8550962516179
